         [38;2;0;0;0m[48;2;66;65;66m▀[0m[38;2;0;0;0m[48;2;255;255;255m▀[0m[38;2;0;0;0m▄[38;2;0;0;0m[48;2;255;255;255m▀[0m[38;2;0;0;0m▄           [38;2;0;0;0m▄[38;2;0;0;0m▄           
       [38;2;0;0;0m▄[38;2;0;0;0m[48;2;255;251;255m▀[0m[38;2;85;83;85m[48;2;255;251;255m▀[0m[38;2;255;255;255m[48;2;255;255;255m▀[0m[38;2;255;255;255m[48;2;255;255;255m▀[0m[38;2;255;255;255m[48;2;255;255;255m▀[0m[38;2;255;255;255m[48;2;255;255;255m▀[0m[38;2;0;0;0m[48;2;0;0;0m▀[0m  [38;2;0;0;0m▄[38;2;0;0;0m▄[38;2;0;0;0m▄[38;2;0;0;0m▄  [38;2;0;0;0m▄[38;2;0;0;0m[48;2;255;255;255m▀[0m[38;2;255;255;255m[48;2;255;255;255m▀[0m[38;2;0;0;0m[48;2;255;255;255m▀[0m[38;2;0;0;0m▄[38;2;0;0;0m▄[38;2;0;0;0m▄        
        [38;2;0;0;0m▀[38;2;255;255;255m[48;2;0;0;0m▀[0m[38;2;255;255;255m[48;2;255;255;255m▀[0m[38;2;255;255;255m[48;2;255;255;255m▀[0m[38;2;255;255;255m[48;2;255;255;255m▀[0m[38;2;255;255;255m[48;2;255;255;255m▀[0m[38;2;255;255;247m[48;2;255;255;247m▀[0m[38;2;0;0;0m[48;2;127;127;123m▀[0m[38;2;0;0;0m[48;2;255;255;255m▀[0m[38;2;255;255;255m[48;2;255;255;255m▀[0m[38;2;255;255;255m[48;2;255;255;255m▀[0m[38;2;255;255;255m[48;2;255;255;255m▀[0m[38;2;255;255;247m[48;2;255;255;247m▀[0m[38;2;0;0;0m[48;2;127;127;123m▀[0m[38;2;0;0;0m[48;2;127;127;123m▀[0m[38;2;255;255;247m[48;2;255;255;247m▀[0m[38;2;255;255;255m[48;2;255;255;255m▀[0m[38;2;255;255;255m[48;2;255;255;255m▀[0m[38;2;255;255;255m[48;2;255;255;255m▀[0m[38;2;255;255;255m[48;2;255;255;255m▀[0m[38;2;255;255;255m[48;2;0;0;0m▀[0m[38;2;0;0;0m▀        
         [38;2;0;0;0m▀[38;2;255;255;255m[48;2;0;0;0m▀[0m[38;2;255;255;255m[48;2;255;255;255m▀[0m[38;2;255;255;255m[48;2;255;255;255m▀[0m[38;2;255;255;255m[48;2;132;130;107m▀[0m[38;2;255;255;255m[48;2;255;255;255m▀[0m[38;2;132;130;107m[48;2;255;255;255m▀[0m[38;2;255;255;255m[48;2;132;130;107m▀[0m[38;2;255;255;255m[48;2;255;255;255m▀[0m[38;2;255;255;255m[48;2;132;130;107m▀[0m[38;2;132;130;107m[48;2;255;255;255m▀[0m[38;2;132;130;107m[48;2;255;255;255m▀[0m[38;2;255;255;255m[48;2;255;255;255m▀[0m[38;2;255;255;255m[48;2;255;255;255m▀[0m[38;2;255;255;255m[48;2;255;255;255m▀[0m[38;2;255;255;255m[48;2;255;255;255m▀[0m[38;2;255;255;255m[48;2;255;255;255m▀[0m[38;2;255;255;255m[48;2;255;255;255m▀[0m[38;2;66;65;66m[48;2;255;255;255m▀[0m[38;2;85;83;85m[48;2;255;251;255m▀[0m[38;2;0;0;0m[48;2;255;251;255m▀[0m[38;2;0;0;0m▄       
           [38;2;0;0;0m[48;2;0;0;0m▀[0m[38;2;255;255;255m[48;2;255;255;255m▀[0m[38;2;210;149;214m[48;2;210;149;214m▀[0m[38;2;194;179;194m[48;2;74;52;74m▀[0m[38;2;255;243;255m[48;2;255;243;255m▀[0m[38;2;255;255;255m[48;2;255;255;255m▀[0m[38;2;255;255;255m[48;2;255;255;255m▀[0m[38;2;255;247;255m[48;2;134;114;117m▀[0m[38;2;255;247;255m[48;2;194;180;186m▀[0m[38;2;131;131;107m[48;2;206;150;214m▀[0m[38;2;131;131;107m[48;2;206;150;214m▀[0m[38;2;255;255;255m[48;2;255;255;255m▀[0m[38;2;255;255;255m[48;2;255;255;255m▀[0m[38;2;255;255;255m[48;2;255;255;255m▀[0m[38;2;255;255;255m[48;2;255;255;255m▀[0m[38;2;255;255;255m[48;2;255;255;255m▀[0m[38;2;255;255;255m[48;2;0;0;0m▀[0m[38;2;0;0;0m▀[38;2;0;0;0m▀        
          [38;2;0;0;0m[48;2;0;0;0m▀[0m[38;2;255;255;255m[48;2;255;255;255m▀[0m[38;2;66;65;66m[48;2;255;255;255m▀[0m[38;2;255;255;255m[48;2;255;255;255m▀[0m[38;2;210;149;214m[48;2;255;255;255m▀[0m[38;2;255;255;255m[48;2;255;255;255m▀[0m[38;2;255;255;255m[48;2;255;255;255m▀[0m[38;2;255;255;255m[48;2;255;255;255m▀[0m[38;2;194;168;194m[48;2;255;227;255m▀[0m[38;2;74;52;74m[48;2;194;168;194m▀[0m[38;2;210;149;214m[48;2;210;149;214m▀[0m[38;2;210;149;214m[48;2;255;255;255m▀[0m[38;2;255;255;255m[48;2;255;255;255m▀[0m[38;2;255;255;255m[48;2;82;81;66m▀[0m[38;2;255;255;255m[48;2;82;77;66m▀[0m[38;2;82;77;66m[48;2;197;195;192m▀[0m[38;2;0;0;0m[48;2;198;195;189m▀[0m[38;2;0;0;0m▄          
        [38;2;0;0;0m▄[38;2;0;0;0m[48;2;82;79;70m▀[0m[38;2;255;255;255m[48;2;255;255;255m▀[0m[38;2;255;255;255m[48;2;255;255;255m▀[0m[38;2;255;255;255m[48;2;132;130;107m▀[0m[38;2;255;255;255m[48;2;255;255;255m▀[0m[38;2;255;255;255m[48;2;255;255;255m▀[0m[38;2;255;255;255m[48;2;132;130;107m▀[0m[38;2;255;255;255m[48;2;255;255;255m▀[0m[38;2;255;255;255m[48;2;255;255;255m▀[0m[38;2;255;255;255m[48;2;255;255;255m▀[0m[38;2;255;255;255m[48;2;132;130;107m▀[0m[38;2;255;255;255m[48;2;255;255;255m▀[0m[38;2;255;255;255m[48;2;255;255;255m▀[0m[38;2;255;255;255m[48;2;132;130;107m▀[0m[38;2;255;255;255m[48;2;255;255;255m▀[0m[38;2;255;255;255m[48;2;255;255;255m▀[0m[38;2;194;193;181m[48;2;134;131;107m▀[0m[38;2;198;195;189m[48;2;198;195;189m▀[0m[38;2;0;0;0m[48;2;198;195;189m▀[0m[38;2;0;0;0m▄         
     [38;2;0;0;0m▄[38;2;0;0;0m[48;2;198;195;189m▀[0m[38;2;0;0;0m[48;2;198;195;189m▀[0m[38;2;198;195;189m[48;2;198;195;189m▀[0m[38;2;82;78;68m[48;2;198;195;189m▀[0m[38;2;134;135;115m[48;2;74;77;49m▀[0m[38;2;255;251;247m[48;2;134;135;115m▀[0m[38;2;132;130;107m[48;2;132;130;107m▀[0m[38;2;255;255;255m[48;2;255;255;255m▀[0m[38;2;132;130;107m[48;2;132;130;107m▀[0m[38;2;208;105;63m[48;2;208;105;63m▀[0m[38;2;255;255;255m[48;2;132;130;107m▀[0m[38;2;255;255;255m[48;2;132;130;107m▀[0m[38;2;255;255;255m[48;2;255;255;255m▀[0m[38;2;132;130;107m[48;2;255;255;255m▀[0m[38;2;255;255;255m[48;2;132;130;107m▀[0m[38;2;255;255;255m[48;2;255;255;255m▀[0m[38;2;132;130;107m[48;2;255;255;255m▀[0m[38;2;255;255;255m[48;2;132;130;107m▀[0m[38;2;255;255;255m[48;2;255;255;255m▀[0m[38;2;255;255;255m[48;2;255;255;255m▀[0m[38;2;134;131;107m[48;2;134;131;107m▀[0m[38;2;194;193;181m[48;2;255;255;255m▀[0m[38;2;0;0;0m[48;2;255;255;255m▀[0m[38;2;0;0;0m▄        
  [38;2;0;0;0m▄[38;2;0;0;0m[48;2;90;142;123m▀[0m[38;2;0;0;0m[48;2;88;140;120m▀[0m[38;2;88;140;120m[48;2;88;140;120m▀[0m[38;2;71;121;123m[48;2;71;121;123m▀[0m[38;2;198;195;189m[48;2;198;195;189m▀[0m[38;2;189;195;189m[48;2;107;119;112m▀[0m[38;2;66;81;74m[48;2;66;81;74m▀[0m[38;2;255;255;255m[48;2;255;255;255m▀[0m[38;2;255;255;255m[48;2;132;130;107m▀[0m[38;2;255;255;255m[48;2;255;255;255m▀[0m[38;2;132;130;107m[48;2;255;255;255m▀[0m[38;2;134;131;107m[48;2;255;255;255m▀[0m[38;2;194;193;181m[48;2;255;255;255m▀[0m[38;2;198;195;189m[48;2;198;195;189m▀[0m[38;2;132;132;106m[48;2;198;195;189m▀[0m[38;2;255;255;255m[48;2;132;130;107m▀[0m[38;2;255;255;255m[48;2;132;130;107m▀[0m[38;2;132;130;107m[48;2;255;255;255m▀[0m[38;2;255;255;255m[48;2;132;130;107m▀[0m[38;2;255;255;255m[48;2;132;130;107m▀[0m[38;2;132;130;107m[48;2;255;255;255m▀[0m[38;2;132;130;107m[48;2;255;255;255m▀[0m[38;2;132;130;107m[48;2;255;255;255m▀[0m[38;2;255;255;255m[48;2;255;255;255m▀[0m[38;2;255;255;255m[48;2;255;255;255m▀[0m[38;2;255;255;255m[48;2;255;255;255m▀[0m[38;2;255;255;255m[48;2;255;255;255m▀[0m[38;2;0;0;0m[48;2;255;255;255m▀[0m[38;2;0;0;0m▄[38;2;0;0;0m▄     
 [38;2;0;0;0m▄[38;2;0;0;0m[48;2;88;140;120m▀[0m[38;2;88;140;120m[48;2;88;140;120m▀[0m[38;2;87;141;123m[48;2;87;141;123m▀[0m[38;2;87;141;123m[48;2;87;141;123m▀[0m[38;2;86;141;123m[48;2;86;141;123m▀[0m[38;2;74;121;123m[48;2;86;141;123m▀[0m[38;2;82;81;66m[48;2;82;81;66m▀[0m[38;2;255;255;255m[48;2;255;255;255m▀[0m[38;2;255;255;255m[48;2;132;130;107m▀[0m[38;2;132;130;107m[48;2;255;255;255m▀[0m[38;2;255;255;255m[48;2;255;255;255m▀[0m[38;2;132;130;107m[48;2;132;130;107m▀[0m[38;2;255;255;255m[48;2;255;255;255m▀[0m[38;2;255;255;255m[48;2;255;255;255m▀[0m[38;2;255;255;255m[48;2;255;255;255m▀[0m[38;2;255;255;255m[48;2;132;130;107m▀[0m[38;2;255;255;255m[48;2;255;255;255m▀[0m[38;2;255;255;255m[48;2;132;130;107m▀[0m[38;2;255;255;255m[48;2;255;255;255m▀[0m[38;2;255;255;255m[48;2;132;130;107m▀[0m[38;2;255;255;255m[48;2;255;255;255m▀[0m[38;2;255;255;255m[48;2;255;255;255m▀[0m[38;2;82;81;66m[48;2;255;255;255m▀[0m[38;2;255;255;255m[48;2;82;81;66m▀[0m[38;2;255;255;255m[48;2;255;255;255m▀[0m[38;2;255;255;255m[48;2;255;255;255m▀[0m[38;2;255;255;255m[48;2;255;255;255m▀[0m[38;2;255;255;255m[48;2;255;255;255m▀[0m[38;2;86;141;123m[48;2;86;141;123m▀[0m[38;2;140;190;181m[48;2;140;190;181m▀[0m[38;2;93;131;120m[48;2;140;195;181m▀[0m[38;2;0;4;0m[48;2;140;195;181m▀[0m[38;2;0;0;0m▄   
 [38;2;0;0;0m▀[38;2;0;0;0m▀[38;2;90;142;123m[48;2;0;0;0m▀[0m[38;2;82;79;69m[48;2;82;79;69m▀[0m[38;2;90;142;123m[48;2;90;142;123m▀[0m[38;2;90;142;123m[48;2;90;142;123m▀[0m[38;2;82;79;69m[48;2;82;79;69m▀[0m[38;2;198;195;189m[48;2;198;195;189m▀[0m[38;2;132;132;106m[48;2;198;195;189m▀[0m[38;2;123;137;120m[48;2;57;81;57m▀[0m[38;2;255;251;247m[48;2;123;137;120m▀[0m[38;2;132;130;107m[48;2;132;130;107m▀[0m[38;2;255;255;255m[48;2;255;255;255m▀[0m[38;2;255;255;255m[48;2;255;255;255m▀[0m[38;2;255;255;255m[48;2;255;255;255m▀[0m[38;2;255;255;255m[48;2;255;255;255m▀[0m[38;2;132;130;107m[48;2;132;130;107m▀[0m[38;2;255;255;255m[48;2;255;255;255m▀[0m[38;2;132;130;107m[48;2;132;130;107m▀[0m[38;2;255;255;255m[48;2;255;255;255m▀[0m[38;2;132;130;107m[48;2;255;255;255m▀[0m[38;2;255;255;255m[48;2;132;130;107m▀[0m[38;2;255;255;255m[48;2;255;255;255m▀[0m[38;2;255;255;255m[48;2;255;255;255m▀[0m[38;2;82;81;66m[48;2;82;81;66m▀[0m[38;2;255;255;255m[48;2;82;146;123m▀[0m[38;2;82;146;123m[48;2;139;182;167m▀[0m[38;2;82;146;123m[48;2;139;182;167m▀[0m[38;2;255;255;255m[48;2;82;146;123m▀[0m[38;2;86;141;123m[48;2;86;141;123m▀[0m[38;2;140;190;181m[48;2;140;190;181m▀[0m[38;2;139;190;181m[48;2;139;190;181m▀[0m[38;2;139;190;181m[48;2;139;190;181m▀[0m[38;2;0;0;0m[48;2;140;190;181m▀[0m[38;2;0;0;0m▄  
   [38;2;0;0;0m▀[38;2;88;140;120m[48;2;0;0;0m▀[0m[38;2;88;140;120m[48;2;0;0;0m▀[0m[38;2;0;0;0m▀[38;2;0;0;0m▀[38;2;198;203;189m[48;2;0;16;8m▀[0m[38;2;66;78;68m[48;2;66;78;68m▀[0m[38;2;86;141;123m[48;2;86;141;123m▀[0m[38;2;57;93;74m[48;2;86;141;123m▀[0m[38;2;198;195;189m[48;2;57;93;74m▀[0m[38;2;198;195;189m[48;2;198;195;189m▀[0m[38;2;200;195;189m[48;2;200;195;189m▀[0m[38;2;255;255;255m[48;2;200;195;189m▀[0m[38;2;255;255;255m[48;2;200;195;189m▀[0m[38;2;255;255;255m[48;2;200;195;189m▀[0m[38;2;132;132;106m[48;2;198;195;189m▀[0m[38;2;132;132;106m[48;2;198;195;189m▀[0m[38;2;255;255;255m[48;2;132;130;107m▀[0m[38;2;255;255;255m[48;2;132;130;107m▀[0m[38;2;118;128;107m[48;2;74;93;66m▀[0m[38;2;118;128;107m[48;2;206;199;189m▀[0m[38;2;132;132;106m[48;2;198;195;189m▀[0m[38;2;198;195;189m[48;2;198;195;189m▀[0m[38;2;82;81;66m[48;2;82;81;66m▀[0m[38;2;140;190;181m[48;2;140;190;181m▀[0m[38;2;139;190;181m[48;2;139;190;181m▀[0m[38;2;139;190;181m[48;2;139;190;181m▀[0m[38;2;139;190;181m[48;2;139;190;181m▀[0m[38;2;139;190;181m[48;2;139;190;181m▀[0m[38;2;139;190;181m[48;2;139;190;181m▀[0m[38;2;139;190;181m[48;2;139;190;181m▀[0m[38;2;140;195;181m[48;2;93;131;120m▀[0m[38;2;0;4;0m[48;2;140;195;181m▀[0m[38;2;0;0;0m▄ 
        [38;2;0;0;0m▄[38;2;0;0;0m[48;2;90;142;123m▀[0m[38;2;66;65;66m[48;2;71;90;85m▀[0m[38;2;82;142;123m[48;2;66;65;66m▀[0m[38;2;82;142;123m[48;2;66;65;66m▀[0m[38;2;71;90;85m[48;2;66;65;66m▀[0m[38;2;66;73;68m[48;2;66;73;68m▀[0m[38;2;198;195;189m[48;2;66;73;68m▀[0m[38;2;198;195;189m[48;2;0;0;0m▀[0m[38;2;198;195;189m[48;2;0;0;0m▀[0m[38;2;200;195;189m[48;2;200;195;189m▀[0m[38;2;200;195;189m[48;2;200;195;189m▀[0m[38;2;198;199;189m[48;2;49;97;74m▀[0m[38;2;49;97;74m[48;2;98;131;112m▀[0m[38;2;86;141;123m[48;2;86;141;123m▀[0m[38;2;57;93;74m[48;2;86;141;123m▀[0m[38;2;198;195;189m[48;2;66;78;68m▀[0m[38;2;198;195;189m[48;2;66;78;68m▀[0m[38;2;206;199;189m[48;2;74;69;63m▀[0m[38;2;74;69;63m[48;2;8;4;0m▀[0m[38;2;140;190;181m[48;2;0;0;0m▀[0m[38;2;140;190;181m[48;2;140;190;181m▀[0m[38;2;140;195;181m[48;2;140;195;181m▀[0m[38;2;93;131;120m[48;2;0;4;0m▀[0m[38;2;140;190;181m[48;2;0;0;0m▀[0m[38;2;140;190;181m[48;2;140;190;181m▀[0m[38;2;140;190;181m[48;2;140;190;181m▀[0m[38;2;0;0;0m[48;2;0;0;0m▀[0m  
       [38;2;0;0;0m▀[38;2;0;0;0m▀[38;2;57;91;74m[48;2;0;0;0m▀[0m[38;2;88;140;120m[48;2;0;0;0m▀[0m[38;2;88;140;120m[48;2;0;0;0m▀[0m[38;2;0;0;0m▀[38;2;90;142;123m[48;2;0;0;0m▀[0m[38;2;90;142;123m[48;2;0;0;0m▀[0m[38;2;0;0;0m▀  [38;2;0;0;0m▀[38;2;66;65;66m[48;2;0;0;0m▀[0m[38;2;66;65;66m[48;2;82;142;123m▀[0m[38;2;66;65;66m[48;2;71;90;85m▀[0m[38;2;66;65;66m[48;2;86;142;123m▀[0m[38;2;66;65;66m[48;2;86;142;123m▀[0m[38;2;57;65;57m[48;2;65;90;79m▀[0m[38;2;82;142;123m[48;2;82;142;123m▀[0m[38;2;0;0;0m[48;2;90;142;123m▀[0m[38;2;0;0;0m▄ [38;2;0;0;0m▀[38;2;0;0;0m▀  [38;2;0;0;0m▀[38;2;0;0;0m▀   
                    [38;2;0;0;0m▀[38;2;0;0;0m▀[38;2;0;0;0m▀[38;2;90;142;123m[48;2;0;0;0m▀[0m[38;2;90;142;123m[48;2;0;0;0m▀[0m[38;2;0;0;0m▀[38;2;0;0;0m▀           
                                     [0m                                     