         [38;2;0;0;0m[48;2;66;65;66m▀[0m[38;2;0;0;0m[48;2;255;255;255m▀[0m[38;2;0;0;0m▄[38;2;0;0;0m[48;2;255;255;255m▀[0m[38;2;0;0;0m▄           [38;2;0;0;0m▄[38;2;0;0;0m▄           
       [38;2;0;0;0m▄[38;2;0;0;0m[48;2;252;254;255m▀[0m[38;2;85;83;85m[48;2;252;254;255m▀[0m[38;2;255;255;255m[48;2;255;255;255m▀[0m[38;2;255;255;255m[48;2;255;255;255m▀[0m[38;2;255;255;255m[48;2;255;255;255m▀[0m[38;2;255;255;255m[48;2;255;255;255m▀[0m[38;2;0;0;0m[48;2;0;0;0m▀[0m  [38;2;0;0;0m▄[38;2;0;0;0m▄[38;2;0;0;0m▄[38;2;0;0;0m▄  [38;2;0;0;0m▄[38;2;0;0;0m[48;2;255;255;255m▀[0m[38;2;255;255;255m[48;2;255;255;255m▀[0m[38;2;0;0;0m[48;2;255;255;255m▀[0m[38;2;0;0;0m▄[38;2;0;0;0m▄[38;2;0;0;0m▄        
        [38;2;0;0;0m▀[38;2;255;255;255m[48;2;0;0;0m▀[0m[38;2;255;255;255m[48;2;255;255;255m▀[0m[38;2;255;255;255m[48;2;255;255;255m▀[0m[38;2;255;255;255m[48;2;255;255;255m▀[0m[38;2;255;255;255m[48;2;255;255;255m▀[0m[38;2;254;254;255m[48;2;254;254;255m▀[0m[38;2;0;0;0m[48;2;122;129;133m▀[0m[38;2;0;0;0m[48;2;255;255;255m▀[0m[38;2;255;255;255m[48;2;255;255;255m▀[0m[38;2;255;255;255m[48;2;255;255;255m▀[0m[38;2;255;255;255m[48;2;255;255;255m▀[0m[38;2;254;254;255m[48;2;254;254;255m▀[0m[38;2;0;0;0m[48;2;122;129;133m▀[0m[38;2;0;0;0m[48;2;122;129;133m▀[0m[38;2;254;254;255m[48;2;254;254;255m▀[0m[38;2;255;255;255m[48;2;255;255;255m▀[0m[38;2;255;255;255m[48;2;255;255;255m▀[0m[38;2;255;255;255m[48;2;255;255;255m▀[0m[38;2;255;255;255m[48;2;255;255;255m▀[0m[38;2;255;255;255m[48;2;0;0;0m▀[0m[38;2;0;0;0m▀        
         [38;2;0;0;0m▀[38;2;255;255;255m[48;2;0;0;0m▀[0m[38;2;255;255;255m[48;2;255;255;255m▀[0m[38;2;255;255;255m[48;2;255;255;255m▀[0m[38;2;255;255;255m[48;2;123;130;134m▀[0m[38;2;255;255;255m[48;2;255;255;255m▀[0m[38;2;123;130;134m[48;2;255;255;255m▀[0m[38;2;255;255;255m[48;2;123;130;134m▀[0m[38;2;255;255;255m[48;2;255;255;255m▀[0m[38;2;255;255;255m[48;2;123;130;134m▀[0m[38;2;123;130;134m[48;2;255;255;255m▀[0m[38;2;123;130;134m[48;2;255;255;255m▀[0m[38;2;255;255;255m[48;2;255;255;255m▀[0m[38;2;255;255;255m[48;2;255;255;255m▀[0m[38;2;255;255;255m[48;2;255;255;255m▀[0m[38;2;255;255;255m[48;2;255;255;255m▀[0m[38;2;255;255;255m[48;2;255;255;255m▀[0m[38;2;255;255;255m[48;2;255;255;255m▀[0m[38;2;66;65;66m[48;2;255;255;255m▀[0m[38;2;85;83;85m[48;2;252;254;255m▀[0m[38;2;0;0;0m[48;2;252;254;255m▀[0m[38;2;0;0;0m▄       
           [38;2;0;0;0m[48;2;0;0;0m▀[0m[38;2;255;255;255m[48;2;255;255;255m▀[0m[38;2;210;149;214m[48;2;210;149;214m▀[0m[38;2;194;179;194m[48;2;74;52;74m▀[0m[38;2;255;243;255m[48;2;255;243;255m▀[0m[38;2;255;255;255m[48;2;255;255;255m▀[0m[38;2;255;255;255m[48;2;255;255;255m▀[0m[38;2;247;252;255m[48;2;134;114;117m▀[0m[38;2;247;252;255m[48;2;194;180;186m▀[0m[38;2;123;130;134m[48;2;206;150;214m▀[0m[38;2;123;130;134m[48;2;206;150;214m▀[0m[38;2;255;255;255m[48;2;255;255;255m▀[0m[38;2;255;255;255m[48;2;255;255;255m▀[0m[38;2;255;255;255m[48;2;255;255;255m▀[0m[38;2;255;255;255m[48;2;255;255;255m▀[0m[38;2;255;255;255m[48;2;255;255;255m▀[0m[38;2;255;255;255m[48;2;0;0;0m▀[0m[38;2;0;0;0m▀[38;2;0;0;0m▀        
          [38;2;0;0;0m[48;2;0;0;0m▀[0m[38;2;255;255;255m[48;2;255;255;255m▀[0m[38;2;66;65;66m[48;2;255;255;255m▀[0m[38;2;255;255;255m[48;2;255;255;255m▀[0m[38;2;210;149;214m[48;2;255;255;255m▀[0m[38;2;255;255;255m[48;2;255;255;255m▀[0m[38;2;255;255;255m[48;2;255;255;255m▀[0m[38;2;255;255;255m[48;2;255;255;255m▀[0m[38;2;194;168;194m[48;2;255;227;255m▀[0m[38;2;74;52;74m[48;2;194;168;194m▀[0m[38;2;210;149;214m[48;2;210;149;214m▀[0m[38;2;210;149;214m[48;2;255;255;255m▀[0m[38;2;255;255;255m[48;2;255;255;255m▀[0m[38;2;255;255;255m[48;2;75;82;86m▀[0m[38;2;255;255;255m[48;2;72;79;83m▀[0m[38;2;72;79;83m[48;2;190;197;201m▀[0m[38;2;0;0;0m[48;2;190;197;201m▀[0m[38;2;0;0;0m▄          
        [38;2;0;0;0m▄[38;2;0;0;0m[48;2;74;81;85m▀[0m[38;2;255;255;255m[48;2;255;255;255m▀[0m[38;2;255;255;255m[48;2;255;255;255m▀[0m[38;2;255;255;255m[48;2;123;130;134m▀[0m[38;2;255;255;255m[48;2;255;255;255m▀[0m[38;2;255;255;255m[48;2;255;255;255m▀[0m[38;2;255;255;255m[48;2;123;130;134m▀[0m[38;2;255;255;255m[48;2;255;255;255m▀[0m[38;2;255;255;255m[48;2;255;255;255m▀[0m[38;2;255;255;255m[48;2;255;255;255m▀[0m[38;2;255;255;255m[48;2;123;130;134m▀[0m[38;2;255;255;255m[48;2;255;255;255m▀[0m[38;2;255;255;255m[48;2;255;255;255m▀[0m[38;2;255;255;255m[48;2;123;130;134m▀[0m[38;2;255;255;255m[48;2;255;255;255m▀[0m[38;2;255;255;255m[48;2;255;255;255m▀[0m[38;2;187;194;198m[48;2;124;131;135m▀[0m[38;2;190;197;201m[48;2;190;197;201m▀[0m[38;2;0;0;0m[48;2;190;197;201m▀[0m[38;2;0;0;0m▄         
     [38;2;0;0;0m▄[38;2;0;0;0m[48;2;190;197;201m▀[0m[38;2;0;0;0m[48;2;190;197;201m▀[0m[38;2;190;197;201m[48;2;190;197;201m▀[0m[38;2;73;80;84m[48;2;190;197;201m▀[0m[38;2;128;135;139m[48;2;68;75;79m▀[0m[38;2;250;253;255m[48;2;128;135;139m▀[0m[38;2;123;130;134m[48;2;123;130;134m▀[0m[38;2;255;255;255m[48;2;255;255;255m▀[0m[38;2;123;130;134m[48;2;123;130;134m▀[0m[38;2;208;105;63m[48;2;208;105;63m▀[0m[38;2;255;255;255m[48;2;123;130;134m▀[0m[38;2;255;255;255m[48;2;123;130;134m▀[0m[38;2;255;255;255m[48;2;255;255;255m▀[0m[38;2;123;130;134m[48;2;255;255;255m▀[0m[38;2;255;255;255m[48;2;123;130;134m▀[0m[38;2;255;255;255m[48;2;255;255;255m▀[0m[38;2;123;130;134m[48;2;255;255;255m▀[0m[38;2;255;255;255m[48;2;123;130;134m▀[0m[38;2;255;255;255m[48;2;255;255;255m▀[0m[38;2;255;255;255m[48;2;255;255;255m▀[0m[38;2;124;131;135m[48;2;124;131;135m▀[0m[38;2;187;194;198m[48;2;255;255;255m▀[0m[38;2;0;0;0m[48;2;255;255;255m▀[0m[38;2;0;0;0m▄        
  [38;2;0;0;0m▄[38;2;0;0;0m[48;2;35;115;178m▀[0m[38;2;0;0;0m[48;2;33;113;176m▀[0m[38;2;33;113;176m[48;2;33;113;176m▀[0m[38;2;19;99;162m[48;2;19;99;162m▀[0m[38;2;190;197;201m[48;2;190;197;201m▀[0m[38;2;188;195;199m[48;2;25;105;168m▀[0m[38;2;1;72;129m[48;2;1;72;129m▀[0m[38;2;255;255;255m[48;2;255;255;255m▀[0m[38;2;255;255;255m[48;2;123;130;134m▀[0m[38;2;255;255;255m[48;2;255;255;255m▀[0m[38;2;123;130;134m[48;2;255;255;255m▀[0m[38;2;124;131;135m[48;2;255;255;255m▀[0m[38;2;187;194;198m[48;2;255;255;255m▀[0m[38;2;190;197;201m[48;2;190;197;201m▀[0m[38;2;124;131;135m[48;2;190;197;201m▀[0m[38;2;255;255;255m[48;2;123;130;134m▀[0m[38;2;255;255;255m[48;2;123;130;134m▀[0m[38;2;123;130;134m[48;2;255;255;255m▀[0m[38;2;255;255;255m[48;2;123;130;134m▀[0m[38;2;255;255;255m[48;2;123;130;134m▀[0m[38;2;123;130;134m[48;2;255;255;255m▀[0m[38;2;123;130;134m[48;2;255;255;255m▀[0m[38;2;123;130;134m[48;2;255;255;255m▀[0m[38;2;255;255;255m[48;2;255;255;255m▀[0m[38;2;255;255;255m[48;2;255;255;255m▀[0m[38;2;255;255;255m[48;2;255;255;255m▀[0m[38;2;255;255;255m[48;2;255;255;255m▀[0m[38;2;0;0;0m[48;2;255;255;255m▀[0m[38;2;0;0;0m▄[38;2;0;0;0m▄     
 [38;2;0;0;0m▄[38;2;0;0;0m[48;2;33;113;176m▀[0m[38;2;33;113;176m[48;2;33;113;176m▀[0m[38;2;33;113;176m[48;2;33;113;176m▀[0m[38;2;33;113;176m[48;2;33;113;176m▀[0m[38;2;33;113;176m[48;2;33;113;176m▀[0m[38;2;20;100;163m[48;2;33;113;176m▀[0m[38;2;75;82;86m[48;2;75;82;86m▀[0m[38;2;255;255;255m[48;2;255;255;255m▀[0m[38;2;255;255;255m[48;2;123;130;134m▀[0m[38;2;123;130;134m[48;2;255;255;255m▀[0m[38;2;255;255;255m[48;2;255;255;255m▀[0m[38;2;123;130;134m[48;2;123;130;134m▀[0m[38;2;255;255;255m[48;2;255;255;255m▀[0m[38;2;255;255;255m[48;2;255;255;255m▀[0m[38;2;255;255;255m[48;2;255;255;255m▀[0m[38;2;255;255;255m[48;2;123;130;134m▀[0m[38;2;255;255;255m[48;2;255;255;255m▀[0m[38;2;255;255;255m[48;2;123;130;134m▀[0m[38;2;255;255;255m[48;2;255;255;255m▀[0m[38;2;255;255;255m[48;2;123;130;134m▀[0m[38;2;255;255;255m[48;2;255;255;255m▀[0m[38;2;255;255;255m[48;2;255;255;255m▀[0m[38;2;75;82;86m[48;2;255;255;255m▀[0m[38;2;255;255;255m[48;2;75;82;86m▀[0m[38;2;255;255;255m[48;2;255;255;255m▀[0m[38;2;255;255;255m[48;2;255;255;255m▀[0m[38;2;255;255;255m[48;2;255;255;255m▀[0m[38;2;255;255;255m[48;2;255;255;255m▀[0m[38;2;33;113;176m[48;2;33;113;176m▀[0m[38;2;81;161;224m[48;2;81;161;224m▀[0m[38;2;29;109;172m[48;2;84;164;227m▀[0m[38;2;0;4;0m[48;2;84;164;227m▀[0m[38;2;0;0;0m▄   
 [38;2;0;0;0m▀[38;2;0;0;0m▀[38;2;35;115;178m[48;2;0;0;0m▀[0m[38;2;74;81;85m[48;2;74;81;85m▀[0m[38;2;35;115;178m[48;2;35;115;178m▀[0m[38;2;35;115;178m[48;2;35;115;178m▀[0m[38;2;74;81;85m[48;2;74;81;85m▀[0m[38;2;190;197;201m[48;2;190;197;201m▀[0m[38;2;124;131;135m[48;2;190;197;201m▀[0m[38;2;40;120;183m[48;2;1;67;120m▀[0m[38;2;250;253;255m[48;2;40;120;183m▀[0m[38;2;123;130;134m[48;2;123;130;134m▀[0m[38;2;255;255;255m[48;2;255;255;255m▀[0m[38;2;255;255;255m[48;2;255;255;255m▀[0m[38;2;255;255;255m[48;2;255;255;255m▀[0m[38;2;255;255;255m[48;2;255;255;255m▀[0m[38;2;123;130;134m[48;2;123;130;134m▀[0m[38;2;255;255;255m[48;2;255;255;255m▀[0m[38;2;123;130;134m[48;2;123;130;134m▀[0m[38;2;255;255;255m[48;2;255;255;255m▀[0m[38;2;123;130;134m[48;2;255;255;255m▀[0m[38;2;255;255;255m[48;2;123;130;134m▀[0m[38;2;255;255;255m[48;2;255;255;255m▀[0m[38;2;255;255;255m[48;2;255;255;255m▀[0m[38;2;75;82;86m[48;2;75;82;86m▀[0m[38;2;255;255;255m[48;2;35;115;178m▀[0m[38;2;35;115;178m[48;2;75;155;218m▀[0m[38;2;35;115;178m[48;2;75;155;218m▀[0m[38;2;255;255;255m[48;2;35;115;178m▀[0m[38;2;33;113;176m[48;2;33;113;176m▀[0m[38;2;81;161;224m[48;2;81;161;224m▀[0m[38;2;81;161;224m[48;2;81;161;224m▀[0m[38;2;81;161;224m[48;2;81;161;224m▀[0m[38;2;0;0;0m[48;2;81;161;224m▀[0m[38;2;0;0;0m▄  
   [38;2;0;0;0m▀[38;2;33;113;176m[48;2;0;0;0m▀[0m[38;2;33;113;176m[48;2;0;0;0m▀[0m[38;2;0;0;0m▀[38;2;0;0;0m▀[38;2;195;202;206m[48;2;0;16;8m▀[0m[38;2;1;70;125m[48;2;1;70;125m▀[0m[38;2;33;113;176m[48;2;33;113;176m▀[0m[38;2;1;77;138m[48;2;33;113;176m▀[0m[38;2;190;197;201m[48;2;1;77;138m▀[0m[38;2;190;197;201m[48;2;190;197;201m▀[0m[38;2;191;198;202m[48;2;191;198;202m▀[0m[38;2;255;255;255m[48;2;191;198;202m▀[0m[38;2;255;255;255m[48;2;191;198;202m▀[0m[38;2;255;255;255m[48;2;191;198;202m▀[0m[38;2;124;131;135m[48;2;190;197;201m▀[0m[38;2;124;131;135m[48;2;190;197;201m▀[0m[38;2;255;255;255m[48;2;123;130;134m▀[0m[38;2;255;255;255m[48;2;123;130;134m▀[0m[38;2;118;125;129m[48;2;1;81;144m▀[0m[38;2;118;125;129m[48;2;195;202;206m▀[0m[38;2;124;131;135m[48;2;190;197;201m▀[0m[38;2;190;197;201m[48;2;190;197;201m▀[0m[38;2;75;82;86m[48;2;75;82;86m▀[0m[38;2;81;161;224m[48;2;81;161;224m▀[0m[38;2;81;161;224m[48;2;81;161;224m▀[0m[38;2;81;161;224m[48;2;81;161;224m▀[0m[38;2;81;161;224m[48;2;81;161;224m▀[0m[38;2;81;161;224m[48;2;81;161;224m▀[0m[38;2;81;161;224m[48;2;81;161;224m▀[0m[38;2;81;161;224m[48;2;81;161;224m▀[0m[38;2;84;164;227m[48;2;29;109;172m▀[0m[38;2;0;4;0m[48;2;84;164;227m▀[0m[38;2;0;0;0m▄ 
        [38;2;0;0;0m▄[38;2;0;0;0m[48;2;35;115;178m▀[0m[38;2;66;65;66m[48;2;0;80;143m▀[0m[38;2;33;113;176m[48;2;66;65;66m▀[0m[38;2;33;113;176m[48;2;66;65;66m▀[0m[38;2;0;80;143m[48;2;66;65;66m▀[0m[38;2;1;66;118m[48;2;1;66;118m▀[0m[38;2;190;197;201m[48;2;1;66;118m▀[0m[38;2;190;197;201m[48;2;0;0;0m▀[0m[38;2;190;197;201m[48;2;0;0;0m▀[0m[38;2;191;198;202m[48;2;191;198;202m▀[0m[38;2;191;198;202m[48;2;191;198;202m▀[0m[38;2;193;200;204m[48;2;1;77;138m▀[0m[38;2;1;77;138m[48;2;30;110;173m▀[0m[38;2;33;113;176m[48;2;33;113;176m▀[0m[38;2;1;77;138m[48;2;33;113;176m▀[0m[38;2;190;197;201m[48;2;1;70;125m▀[0m[38;2;190;197;201m[48;2;1;70;125m▀[0m[38;2;195;202;206m[48;2;65;72;76m▀[0m[38;2;65;72;76m[48;2;8;4;0m▀[0m[38;2;81;161;224m[48;2;0;0;0m▀[0m[38;2;81;161;224m[48;2;81;161;224m▀[0m[38;2;84;164;227m[48;2;84;164;227m▀[0m[38;2;29;109;172m[48;2;0;4;0m▀[0m[38;2;81;161;224m[48;2;0;0;0m▀[0m[38;2;81;161;224m[48;2;81;161;224m▀[0m[38;2;81;161;224m[48;2;81;161;224m▀[0m[38;2;0;0;0m[48;2;0;0;0m▀[0m  
       [38;2;0;0;0m▀[38;2;0;0;0m▀[38;2;1;75;134m[48;2;0;0;0m▀[0m[38;2;33;113;176m[48;2;0;0;0m▀[0m[38;2;33;113;176m[48;2;0;0;0m▀[0m[38;2;0;0;0m▀[38;2;35;115;178m[48;2;0;0;0m▀[0m[38;2;35;115;178m[48;2;0;0;0m▀[0m[38;2;0;0;0m▀  [38;2;0;0;0m▀[38;2;66;65;66m[48;2;0;0;0m▀[0m[38;2;66;65;66m[48;2;33;113;176m▀[0m[38;2;66;65;66m[48;2;0;80;143m▀[0m[38;2;66;65;66m[48;2;34;114;177m▀[0m[38;2;66;65;66m[48;2;34;114;177m▀[0m[38;2;57;65;57m[48;2;1;77;138m▀[0m[38;2;33;113;176m[48;2;33;113;176m▀[0m[38;2;0;0;0m[48;2;35;115;178m▀[0m[38;2;0;0;0m▄ [38;2;0;0;0m▀[38;2;0;0;0m▀  [38;2;0;0;0m▀[38;2;0;0;0m▀   
                    [38;2;0;0;0m▀[38;2;0;0;0m▀[38;2;0;0;0m▀[38;2;35;115;178m[48;2;0;0;0m▀[0m[38;2;35;115;178m[48;2;0;0;0m▀[0m[38;2;0;0;0m▀[38;2;0;0;0m▀           
                                     [0m                                     