        [38;2;0;0;0m▄[38;2;0;0;0m[48;2;65;65;65m▀[0m[38;2;0;0;0m[48;2;231;210;97m▀[0m[38;2;0;0;0m▄[38;2;0;0;0m▄[38;2;0;0;0m▄           
        [38;2;0;0;0m[48;2;0;0;0m▀[0m[38;2;231;210;97m[48;2;198;176;110m▀[0m[38;2;198;176;110m[48;2;255;235;121m▀[0m[38;2;198;176;110m[48;2;255;235;121m▀[0m[38;2;255;235;121m[48;2;255;235;121m▀[0m[38;2;255;235;121m[48;2;255;235;121m▀[0m[38;2;0;0;0m[48;2;255;235;121m▀[0m[38;2;0;0;0m[48;2;65;65;65m▀[0m[38;2;0;0;0m[48;2;231;210;97m▀[0m[38;2;0;0;0m[48;2;255;235;121m▀[0m[38;2;0;0;0m[48;2;0;0;0m▀[0m      
       [38;2;0;0;0m▄[38;2;0;0;0m[48;2;255;235;121m▀[0m[38;2;255;235;121m[48;2;255;235;121m▀[0m[38;2;255;235;121m[48;2;255;235;121m▀[0m[38;2;255;235;121m[48;2;255;235;121m▀[0m[38;2;255;235;121m[48;2;255;235;121m▀[0m[38;2;255;235;121m[48;2;255;235;121m▀[0m[38;2;255;235;121m[48;2;255;235;121m▀[0m[38;2;255;235;121m[48;2;255;235;121m▀[0m[38;2;255;235;121m[48;2;197;165;115m▀[0m[38;2;197;165;115m[48;2;0;0;0m▀[0m[38;2;0;0;0m▀  [38;2;0;0;0m▄[38;2;0;0;0m[48;2;255;235;121m▀[0m[38;2;0;0;0m▄ 
       [38;2;0;0;0m[48;2;0;0;0m▀[0m[38;2;0;0;0m[48;2;231;210;97m▀[0m[38;2;255;235;121m[48;2;198;176;110m▀[0m[38;2;255;235;121m[48;2;255;235;121m▀[0m[38;2;255;235;121m[48;2;255;235;121m▀[0m[38;2;255;235;121m[48;2;255;235;121m▀[0m[38;2;255;235;121m[48;2;0;0;0m▀[0m[38;2;255;235;121m[48;2;0;0;0m▀[0m[38;2;255;235;121m[48;2;231;210;97m▀[0m[38;2;231;210;97m[48;2;231;210;97m▀[0m[38;2;231;210;97m[48;2;231;210;97m▀[0m[38;2;0;0;0m[48;2;0;0;0m▀[0m  [38;2;0;0;0m[48;2;0;0;0m▀[0m[38;2;255;235;121m[48;2;255;235;121m▀[0m[38;2;0;0;0m[48;2;0;0;0m▀[0m 
      [38;2;0;0;0m▀[38;2;129;77;69m[48;2;0;0;0m▀[0m[38;2;65;65;65m[48;2;129;77;69m▀[0m[38;2;231;210;97m[48;2;65;65;65m▀[0m[38;2;255;235;121m[48;2;255;255;255m▀[0m[38;2;255;235;121m[48;2;255;255;255m▀[0m[38;2;198;176;110m[48;2;231;210;97m▀[0m[38;2;231;210;97m[48;2;231;210;97m▀[0m[38;2;231;210;97m[48;2;65;65;65m▀[0m[38;2;231;210;97m[48;2;65;65;65m▀[0m[38;2;0;0;0m[48;2;0;0;0m▀[0m[38;2;0;0;0m▀  [38;2;0;0;0m[48;2;0;0;0m▀[0m[38;2;158;106;98m[48;2;255;235;121m▀[0m[38;2;158;106;98m[48;2;158;106;98m▀[0m[38;2;0;0;0m[48;2;0;0;0m▀[0m 
  [38;2;0;0;0m▄[38;2;0;0;0m▄[38;2;0;0;0m▄[38;2;0;0;0m▄[38;2;0;0;0m[48;2;65;65;65m▀[0m[38;2;198;176;110m[48;2;231;210;97m▀[0m[38;2;231;210;97m[48;2;65;65;65m▀[0m[38;2;65;65;65m[48;2;65;65;65m▀[0m[38;2;65;65;65m[48;2;158;106;98m▀[0m[38;2;65;65;65m[48;2;158;106;98m▀[0m[38;2;65;65;65m[48;2;65;65;65m▀[0m[38;2;65;65;65m[48;2;65;65;65m▀[0m[38;2;65;65;65m[48;2;158;106;98m▀[0m[38;2;158;106;98m[48;2;158;106;98m▀[0m[38;2;158;106;98m[48;2;158;106;98m▀[0m[38;2;0;0;0m[48;2;158;106;98m▀[0m[38;2;0;0;0m▄[38;2;0;0;0m[48;2;231;210;97m▀[0m[38;2;255;235;121m[48;2;255;235;121m▀[0m[38;2;255;235;121m[48;2;231;210;97m▀[0m[38;2;0;0;0m[48;2;0;0;0m▀[0m  
 [38;2;0;0;0m[48;2;0;0;0m▀[0m[38;2;231;210;97m[48;2;65;65;65m▀[0m[38;2;231;210;97m[48;2;231;210;97m▀[0m[38;2;65;65;65m[48;2;231;210;97m▀[0m[38;2;255;235;121m[48;2;65;65;65m▀[0m[38;2;255;235;121m[48;2;255;235;121m▀[0m[38;2;65;65;65m[48;2;231;210;97m▀[0m[38;2;65;65;65m[48;2;255;235;121m▀[0m[38;2;231;210;97m[48;2;65;65;65m▀[0m[38;2;231;210;97m[48;2;255;235;121m▀[0m[38;2;158;106;98m[48;2;231;210;97m▀[0m[38;2;158;106;98m[48;2;65;65;65m▀[0m[38;2;65;65;65m[48;2;231;210;97m▀[0m[38;2;65;65;65m[48;2;198;176;110m▀[0m[38;2;158;106;98m[48;2;65;65;65m▀[0m[38;2;255;235;121m[48;2;231;210;97m▀[0m[38;2;65;65;65m[48;2;231;210;97m▀[0m[38;2;231;210;97m[48;2;65;65;65m▀[0m[38;2;231;210;97m[48;2;65;65;65m▀[0m[38;2;231;210;97m[48;2;0;0;0m▀[0m[38;2;0;0;0m▀   
  [38;2;0;0;0m▀[38;2;0;0;0m▀[38;2;0;0;0m▀[38;2;0;0;0m▀[38;2;255;235;121m[48;2;0;0;0m▀[0m[38;2;255;235;121m[48;2;255;235;121m▀[0m[38;2;255;235;121m[48;2;255;235;121m▀[0m[38;2;231;210;97m[48;2;65;65;65m▀[0m[38;2;65;65;65m[48;2;0;0;0m▀[0m[38;2;231;210;97m[48;2;0;0;0m▀[0m[38;2;65;65;65m[48;2;65;65;65m▀[0m[38;2;65;65;65m[48;2;255;235;121m▀[0m[38;2;231;210;97m[48;2;65;65;65m▀[0m[38;2;65;65;65m[48;2;255;235;121m▀[0m[38;2;65;65;65m[48;2;65;65;65m▀[0m[38;2;255;235;121m[48;2;231;210;97m▀[0m[38;2;255;235;121m[48;2;255;235;121m▀[0m[38;2;255;235;121m[48;2;231;210;97m▀[0m[38;2;65;65;65m[48;2;255;235;121m▀[0m[38;2;0;0;0m[48;2;0;0;0m▀[0m   
     [38;2;0;0;0m▀[38;2;255;235;121m[48;2;0;0;0m▀[0m[38;2;255;235;121m[48;2;0;0;0m▀[0m[38;2;65;65;65m[48;2;0;0;0m▀[0m[38;2;0;0;0m▀  [38;2;0;0;0m[48;2;0;0;0m▀[0m[38;2;255;235;121m[48;2;231;210;97m▀[0m[38;2;255;235;121m[48;2;255;235;121m▀[0m[38;2;255;235;121m[48;2;231;210;97m▀[0m[38;2;0;0;0m[48;2;0;0;0m▀[0m[38;2;0;0;0m▀[38;2;0;0;0m▀[38;2;0;0;0m▀[38;2;0;0;0m▀    
             [38;2;0;0;0m[48;2;0;0;0m▀[0m[38;2;231;210;97m[48;2;255;235;121m▀[0m[38;2;0;0;0m[48;2;0;0;0m▀[0m         
                                  [38;2;0;0;0m▀                              
                                     [0m                                     