              [38;2;0;0;0m▄[38;2;0;0;0m[48;2;255;255;255m▀[0m[38;2;0;0;0m▄               
             [38;2;0;0;0m▄[38;2;8;8;0m[48;2;238;238;232m▀[0m[38;2;238;238;232m[48;2;143;143;141m▀[0m[38;2;0;0;0m[48;2;107;104;90m▀[0m[38;2;0;0;0m▄              
             [38;2;0;0;0m[48;2;0;0;0m▀[0m[38;2;217;217;203m[48;2;153;152;143m▀[0m[38;2;102;101;93m[48;2;53;51;44m▀[0m[38;2;107;104;90m[48;2;107;104;90m▀[0m[38;2;0;0;0m[48;2;0;0;0m▀[0m              
            [38;2;8;4;0m[48;2;8;4;0m▀[0m[38;2;227;227;217m[48;2;139;139;134m▀[0m[38;2;107;104;90m[48;2;66;65;66m▀[0m[38;2;107;104;90m[48;2;107;104;90m▀[0m[38;2;66;65;66m[48;2;66;65;66m▀[0m[38;2;107;104;90m[48;2;107;104;90m▀[0m[38;2;0;0;0m[48;2;0;0;0m▀[0m             
      [38;2;0;0;0m▄[38;2;0;0;0m[48;2;107;104;90m▀[0m[38;2;0;0;0m▄  [38;2;0;0;0m▄[38;2;0;0;16m[48;2;66;65;66m▀[0m[38;2;141;138;119m[48;2;141;138;119m▀[0m[38;2;107;104;90m[48;2;107;104;90m▀[0m[38;2;66;65;66m[48;2;66;65;66m▀[0m[38;2;107;104;90m[48;2;107;104;90m▀[0m[38;2;66;65;66m[48;2;66;65;66m▀[0m[38;2;0;0;0m[48;2;76;73;60m▀[0m[38;2;0;0;0m▄   [38;2;0;0;0m▄        
      [38;2;0;0;0m[48;2;0;0;0m▀[0m[38;2;107;104;90m[48;2;107;104;90m▀[0m[38;2;100;97;86m[48;2;66;65;66m▀[0m[38;2;0;0;16m[48;2;149;145;127m▀[0m[38;2;0;0;16m[48;2;66;65;66m▀[0m[38;2;108;105;95m[48;2;66;65;66m▀[0m[38;2;66;65;66m[48;2;138;135;114m▀[0m[38;2;82;80;72m[48;2;138;135;114m▀[0m[38;2;109;107;93m[48;2;82;80;72m▀[0m[38;2;66;65;66m[48;2;138;134;114m▀[0m[38;2;76;73;60m[48;2;107;104;90m▀[0m[38;2;76;73;60m[48;2;107;104;90m▀[0m[38;2;107;104;90m[48;2;66;65;66m▀[0m[38;2;107;104;90m[48;2;66;65;66m▀[0m[38;2;0;0;8m[48;2;108;106;95m▀[0m[38;2;0;0;8m[48;2;55;54;49m▀[0m[38;2;0;0;0m[48;2;141;138;119m▀[0m[38;2;141;138;119m[48;2;141;138;119m▀[0m[38;2;0;0;0m[48;2;0;0;0m▀[0m       
      [38;2;0;0;0m▀[38;2;107;104;90m[48;2;0;0;0m▀[0m[38;2;66;65;66m[48;2;110;108;95m▀[0m[38;2;138;134;114m[48;2;66;65;66m▀[0m[38;2;141;138;119m[48;2;141;138;119m▀[0m[38;2;141;138;119m[48;2;255;255;255m▀[0m[38;2;66;65;66m[48;2;141;138;119m▀[0m[38;2;66;65;66m[48;2;141;138;119m▀[0m[38;2;66;65;66m[48;2;141;138;119m▀[0m[38;2;66;65;66m[48;2;141;138;119m▀[0m[38;2;66;65;66m[48;2;107;104;90m▀[0m[38;2;66;65;66m[48;2;107;104;90m▀[0m[38;2;107;103;90m[48;2;107;103;90m▀[0m[38;2;107;103;90m[48;2;107;103;90m▀[0m[38;2;66;65;66m[48;2;66;65;66m▀[0m[38;2;141;138;119m[48;2;141;138;119m▀[0m[38;2;141;138;119m[48;2;106;103;89m▀[0m[38;2;106;103;89m[48;2;106;103;89m▀[0m[38;2;0;0;0m[48;2;0;0;0m▀[0m       
     [38;2;0;0;0m▄[38;2;0;4;0m[48;2;82;85;82m▀[0m[38;2;54;58;54m[48;2;82;85;82m▀[0m[38;2;111;108;92m[48;2;8;8;16m▀[0m[38;2;66;65;66m[48;2;77;74;65m▀[0m[38;2;138;138;134m[48;2;0;0;0m▀[0m[38;2;227;227;217m[48;2;85;85;74m▀[0m[38;2;141;138;119m[48;2;66;65;66m▀[0m[38;2;141;138;119m[48;2;66;65;66m▀[0m[38;2;141;138;119m[48;2;66;65;66m▀[0m[38;2;141;138;119m[48;2;66;65;66m▀[0m[38;2;107;104;90m[48;2;66;65;66m▀[0m[38;2;107;104;90m[48;2;66;65;66m▀[0m[38;2;66;65;66m[48;2;76;73;60m▀[0m[38;2;66;65;66m[48;2;66;65;66m▀[0m[38;2;107;103;90m[48;2;107;103;90m▀[0m[38;2;107;103;90m[48;2;107;103;90m▀[0m[38;2;107;104;90m[48;2;71;71;71m▀[0m[38;2;71;71;71m[48;2;71;71;71m▀[0m[38;2;0;0;0m[48;2;82;83;82m▀[0m[38;2;0;0;0m▄      
    [38;2;0;0;0m▄[38;2;0;0;0m[48;2;82;83;82m▀[0m[38;2;82;83;82m[48;2;0;0;0m▀[0m[38;2;0;0;0m▀ [38;2;0;0;0m▀[38;2;79;77;67m[48;2;0;0;8m▀[0m[38;2;0;0;8m[48;2;54;52;45m▀[0m[38;2;230;212;0m[48;2;205;158;0m▀[0m[38;2;255;251;255m[48;2;230;212;0m▀[0m[38;2;210;188;0m[48;2;179;151;16m▀[0m[38;2;0;4;0m[48;2;0;4;0m▀[0m[38;2;0;0;8m[48;2;56;54;49m▀[0m[38;2;109;106;94m[48;2;109;106;94m▀[0m[38;2;66;65;66m[48;2;66;65;66m▀[0m[38;2;203;68;65m[48;2;203;68;65m▀[0m[38;2;55;54;49m[48;2;0;0;8m▀[0m[38;2;108;106;95m[48;2;0;0;8m▀[0m[38;2;107;104;90m[48;2;0;0;0m▀[0m[38;2;0;0;0m▀[38;2;82;82;82m[48;2;0;0;0m▀[0m[38;2;82;82;82m[48;2;82;82;82m▀[0m[38;2;0;0;0m[48;2;82;83;82m▀[0m[38;2;0;0;0m▄    
    [38;2;0;0;0m▀[38;2;82;83;82m[48;2;0;0;0m▀[0m[38;2;0;0;0m[48;2;82;83;82m▀[0m[38;2;0;0;0m▄  [38;2;0;0;0m▄[38;2;0;0;0m[48;2;66;65;66m▀[0m[38;2;66;65;66m[48;2;237;214;38m▀[0m[38;2;66;65;66m[48;2;237;214;38m▀[0m[38;2;66;65;66m[48;2;237;214;38m▀[0m[38;2;66;65;66m[48;2;237;214;38m▀[0m[38;2;107;104;90m[48;2;66;65;66m▀[0m[38;2;66;65;66m[48;2;66;65;66m▀[0m[38;2;203;68;65m[48;2;203;68;65m▀[0m[38;2;0;0;0m[48;2;0;0;0m▀[0m     [38;2;0;0;0m[48;2;0;0;0m▀[0m[38;2;82;82;82m[48;2;82;82;82m▀[0m[38;2;0;0;0m[48;2;82;82;82m▀[0m[38;2;0;0;0m▄   
     [38;2;0;0;0m▀[38;2;82;82;82m[48;2;0;0;0m▀[0m[38;2;82;82;82m[48;2;82;82;82m▀[0m[38;2;0;0;0m[48;2;79;66;55m▀[0m[38;2;0;0;0m[48;2;216;140;25m▀[0m[38;2;215;139;24m[48;2;173;167;148m▀[0m[38;2;235;212;36m[48;2;90;78;93m▀[0m[38;2;82;82;82m[48;2;82;82;82m▀[0m[38;2;141;134;129m[48;2;82;82;82m▀[0m[38;2;141;134;129m[48;2;164;161;139m▀[0m[38;2;164;161;139m[48;2;164;161;139m▀[0m[38;2;236;213;37m[48;2;125;122;105m▀[0m[38;2;216;140;25m[48;2;238;215;39m▀[0m[38;2;79;66;55m[48;2;215;139;24m▀[0m[38;2;0;0;0m[48;2;0;0;0m▀[0m  [38;2;0;0;0m▄[38;2;0;0;0m▄[38;2;0;0;0m[48;2;82;82;82m▀[0m[38;2;82;82;82m[48;2;82;82;82m▀[0m[38;2;82;82;82m[48;2;0;0;0m▀[0m[38;2;82;82;82m[48;2;0;0;0m▀[0m[38;2;0;0;0m▀   
 [38;2;0;0;0m[48;2;0;0;0m▀[0m[38;2;0;0;0m[48;2;205;161;0m▀[0m[38;2;0;0;0m▄[38;2;0;0;0m▄  [38;2;0;0;0m[48;2;0;0;0m▀[0m[38;2;123;98;1m[48;2;131;127;114m▀[0m[38;2;131;127;114m[48;2;164;159;139m▀[0m[38;2;173;167;148m[48;2;84;81;87m▀[0m[38;2;161;118;1m[48;2;234;211;35m▀[0m[38;2;236;213;37m[48;2;203;68;65m▀[0m[38;2;182;151;17m[48;2;236;213;37m▀[0m[38;2;158;153;130m[48;2;82;77;74m▀[0m[38;2;131;127;112m[48;2;131;127;112m▀[0m[38;2;124;121;104m[48;2;164;161;139m▀[0m[38;2;164;161;139m[48;2;124;121;104m▀[0m[38;2;236;213;37m[48;2;236;213;37m▀[0m[38;2;66;65;66m[48;2;216;140;25m▀[0m[38;2;0;0;0m[48;2;60;56;60m▀[0m[38;2;0;0;0m[48;2;90;85;90m▀[0m[38;2;82;82;82m[48;2;82;82;82m▀[0m[38;2;82;82;82m[48;2;0;0;0m▀[0m[38;2;82;83;82m[48;2;0;0;0m▀[0m[38;2;0;0;0m▀      
  [38;2;0;0;0m[48;2;0;0;0m▀[0m[38;2;205;161;0m[48;2;205;161;0m▀[0m[38;2;205;161;0m[48;2;205;161;0m▀[0m[38;2;0;0;0m[48;2;205;161;0m▀[0m[38;2;8;4;0m[48;2;211;166;0m▀[0m[38;2;148;108;0m[48;2;148;108;0m▀[0m[38;2;132;128;120m[48;2;132;128;120m▀[0m[38;2;173;167;148m[48;2;163;119;1m▀[0m[38;2;82;82;82m[48;2;236;213;37m▀[0m[38;2;185;154;17m[48;2;160;118;1m▀[0m[38;2;236;213;37m[48;2;82;82;82m▀[0m[38;2;185;154;17m[48;2;160;118;1m▀[0m[38;2;84;81;87m[48;2;234;211;35m▀[0m[38;2;173;167;148m[48;2;186;154;17m▀[0m[38;2;124;121;104m[48;2;124;121;104m▀[0m[38;2;124;121;104m[48;2;164;161;139m▀[0m[38;2;164;161;139m[48;2;164;161;139m▀[0m[38;2;236;213;37m[48;2;236;213;37m▀[0m[38;2;66;65;66m[48;2;66;65;66m▀[0m[38;2;0;0;0m[48;2;66;65;66m▀[0m[38;2;0;0;0m[48;2;66;65;66m▀[0m[38;2;0;0;0m▄[38;2;0;0;0m▄[38;2;0;0;0m▄[38;2;0;0;0m▄[38;2;0;0;0m[48;2;224;204;0m▀[0m[38;2;0;0;0m[48;2;224;204;0m▀[0m[38;2;0;0;0m[48;2;224;204;0m▀[0m[38;2;0;0;0m[48;2;0;0;0m▀[0m 
   [38;2;0;0;0m▀[38;2;148;108;0m[48;2;8;4;0m▀[0m[38;2;148;108;0m[48;2;211;166;0m▀[0m[38;2;208;163;0m[48;2;208;163;0m▀[0m[38;2;208;163;0m[48;2;208;163;0m▀[0m[38;2;66;65;66m[48;2;66;65;66m▀[0m[38;2;235;212;36m[48;2;174;153;1m▀[0m[38;2;203;68;65m[48;2;236;213;37m▀[0m[38;2;236;213;37m[48;2;182;151;17m▀[0m[38;2;84;81;87m[48;2;173;167;148m▀[0m[38;2;234;211;35m[48;2;161;118;1m▀[0m[38;2;203;68;65m[48;2;236;213;37m▀[0m[38;2;236;213;37m[48;2;182;151;17m▀[0m[38;2;84;81;87m[48;2;84;81;87m▀[0m[38;2;173;167;148m[48;2;129;126;117m▀[0m[38;2;237;214;38m[48;2;217;141;26m▀[0m[38;2;217;141;26m[48;2;66;65;66m▀[0m[38;2;66;65;66m[48;2;205;161;0m▀[0m[38;2;205;161;0m[48;2;205;161;0m▀[0m[38;2;208;163;0m[48;2;208;163;0m▀[0m[38;2;208;163;0m[48;2;208;163;0m▀[0m[38;2;224;204;0m[48;2;224;204;0m▀[0m[38;2;224;204;0m[48;2;208;163;0m▀[0m[38;2;222;202;0m[48;2;212;167;0m▀[0m[38;2;222;202;0m[48;2;66;65;66m▀[0m[38;2;226;207;0m[48;2;80;63;0m▀[0m[38;2;0;4;0m[48;2;0;4;0m▀[0m  
    [38;2;0;0;0m▀[38;2;66;65;66m[48;2;0;0;0m▀[0m[38;2;66;65;66m[48;2;205;161;0m▀[0m[38;2;205;161;0m[48;2;205;161;0m▀[0m[38;2;210;165;0m[48;2;0;4;0m▀[0m[38;2;144;105;0m[48;2;0;4;0m▀[0m[38;2;71;71;74m[48;2;123;98;1m▀[0m[38;2;164;161;139m[48;2;123;98;1m▀[0m[38;2;161;158;134m[48;2;216;140;25m▀[0m[38;2;146;140;128m[48;2;236;213;37m▀[0m[38;2;82;82;82m[48;2;236;213;37m▀[0m[38;2;82;82;82m[48;2;236;213;37m▀[0m[38;2;174;153;1m[48;2;66;65;66m▀[0m[38;2;235;212;36m[48;2;66;65;66m▀[0m[38;2;60;58;60m[48;2;203;68;65m▀[0m[38;2;203;68;65m[48;2;8;4;8m▀[0m[38;2;141;105;0m[48;2;0;4;0m▀[0m[38;2;209;164;0m[48;2;209;164;0m▀[0m[38;2;208;163;0m[48;2;224;204;0m▀[0m[38;2;224;204;0m[48;2;224;204;0m▀[0m[38;2;224;204;0m[48;2;208;163;0m▀[0m[38;2;224;204;0m[48;2;208;163;0m▀[0m[38;2;224;204;0m[48;2;84;66;0m▀[0m[38;2;224;204;0m[48;2;8;8;0m▀[0m[38;2;0;0;0m▀   
      [38;2;0;0;0m▀[38;2;0;0;0m▀  [38;2;0;0;0m[48;2;0;0;0m▀[0m[38;2;203;68;65m[48;2;0;0;0m▀[0m[38;2;66;65;66m[48;2;203;68;65m▀[0m[38;2;66;65;66m[48;2;203;68;65m▀[0m[38;2;74;69;49m[48;2;203;68;65m▀[0m[38;2;74;69;49m[48;2;203;68;65m▀[0m[38;2;203;68;65m[48;2;203;68;65m▀[0m[38;2;203;68;65m[48;2;0;0;0m▀[0m[38;2;0;0;0m[48;2;0;0;0m▀[0m  [38;2;0;0;0m▀[38;2;0;0;0m▀[38;2;224;204;0m[48;2;0;0;0m▀[0m[38;2;224;204;0m[48;2;0;0;0m▀[0m[38;2;0;0;0m▀[38;2;0;0;0m▀     
            [38;2;0;0;0m▀[38;2;203;68;65m[48;2;0;0;0m▀[0m[38;2;203;68;65m[48;2;203;68;65m▀[0m[38;2;203;68;65m[48;2;0;0;0m▀[0m[38;2;0;0;0m▀               
                              [38;2;0;0;0m▀                                  
                                     [0m                                     