   [38;2;0;0;0m[48;2;0;0;0m▀[0m[38;2;0;0;0m[48;2;197;190;205m▀[0m[38;2;0;0;0m[48;2;197;190;205m▀[0m[38;2;0;0;0m▄[38;2;0;0;0m▄[38;2;0;0;0m▄  [38;2;0;0;0m[48;2;0;0;0m▀[0m[38;2;0;0;0m[48;2;255;255;255m▀[0m[38;2;0;0;0m[48;2;255;255;255m▀[0m[38;2;0;0;0m▄[38;2;0;0;0m▄                            
    [38;2;0;0;0m▀[38;2;131;126;137m[48;2;0;0;0m▀[0m[38;2;197;194;205m[48;2;0;0;0m▀[0m[38;2;197;194;205m[48;2;197;194;205m▀[0m[38;2;197;194;205m[48;2;197;194;205m▀[0m[38;2;0;0;0m[48;2;197;194;205m▀[0m[38;2;0;0;0m[48;2;197;194;205m▀[0m[38;2;0;0;0m▄[38;2;8;8;8m[48;2;255;255;255m▀[0m[38;2;172;172;172m[48;2;65;64;65m▀[0m[38;2;255;255;255m[48;2;197;194;205m▀[0m[38;2;255;255;255m[48;2;197;194;205m▀[0m[38;2;0;0;0m[48;2;255;255;255m▀[0m[38;2;0;0;0m[48;2;255;255;255m▀[0m[38;2;0;0;0m[48;2;65;64;65m▀[0m[38;2;0;0;0m[48;2;255;255;255m▀[0m[38;2;0;0;0m▄[38;2;0;0;0m▄                      
       [38;2;0;0;0m▀[38;2;0;0;0m▀[38;2;197;194;205m[48;2;0;0;0m▀[0m[38;2;197;194;205m[48;2;84;83;84m▀[0m[38;2;65;64;68m[48;2;255;250;255m▀[0m[38;2;255;255;255m[48;2;255;255;255m▀[0m[38;2;255;255;255m[48;2;255;255;255m▀[0m[38;2;65;64;65m[48;2;255;255;255m▀[0m[38;2;197;194;205m[48;2;65;64;65m▀[0m[38;2;200;195;208m[48;2;112;111;112m▀[0m[38;2;200;195;208m[48;2;205;198;205m▀[0m[38;2;191;191;191m[48;2;112;111;112m▀[0m[38;2;65;64;65m[48;2;65;68;65m▀[0m[38;2;197;194;205m[48;2;197;194;205m▀[0m[38;2;197;194;205m[48;2;65;64;65m▀[0m[38;2;0;0;0m[48;2;197;194;205m▀[0m[38;2;0;0;0m▄                    
         [38;2;0;0;0m▄[38;2;0;0;0m[48;2;255;255;255m▀[0m[38;2;255;250;255m[48;2;200;195;208m▀[0m[38;2;255;255;255m[48;2;255;255;255m▀[0m[38;2;255;255;255m[48;2;255;255;255m▀[0m[38;2;255;255;255m[48;2;255;255;255m▀[0m[38;2;255;255;255m[48;2;255;255;255m▀[0m[38;2;65;68;65m[48;2;255;255;255m▀[0m[38;2;65;68;65m[48;2;191;191;191m▀[0m[38;2;65;68;65m[48;2;197;194;205m▀[0m[38;2;205;198;205m[48;2;197;194;205m▀[0m[38;2;197;194;205m[48;2;197;194;205m▀[0m[38;2;65;64;65m[48;2;197;194;205m▀[0m[38;2;65;64;68m[48;2;65;64;65m▀[0m[38;2;197;194;205m[48;2;197;194;205m▀[0m[38;2;0;0;0m[48;2;0;0;0m▀[0m                   
       [38;2;0;0;0m▄[38;2;0;0;0m[48;2;200;195;208m▀[0m[38;2;255;255;255m[48;2;200;195;208m▀[0m[38;2;200;195;208m[48;2;255;255;255m▀[0m[38;2;255;255;255m[48;2;255;255;255m▀[0m[38;2;255;255;255m[48;2;255;255;255m▀[0m[38;2;255;255;255m[48;2;255;255;255m▀[0m[38;2;255;255;255m[48;2;65;64;65m▀[0m[38;2;255;255;255m[48;2;65;64;65m▀[0m[38;2;65;64;65m[48;2;255;121;116m▀[0m[38;2;65;64;65m[48;2;8;0;0m▀[0m[38;2;65;64;65m[48;2;255;118;113m▀[0m[38;2;65;64;65m[48;2;255;118;113m▀[0m[38;2;65;64;65m[48;2;95;103;115m▀[0m[38;2;197;194;205m[48;2;49;60;65m▀[0m[38;2;197;194;205m[48;2;65;64;74m▀[0m[38;2;65;64;65m[48;2;191;191;194m▀[0m[38;2;197;194;205m[48;2;197;194;205m▀[0m[38;2;0;0;0m[48;2;197;194;205m▀[0m[38;2;0;0;0m▄                 
     [38;2;0;0;0m▄[38;2;0;0;0m[48;2;255;250;255m▀[0m[38;2;197;194;205m[48;2;255;250;255m▀[0m[38;2;255;255;255m[48;2;255;255;255m▀[0m[38;2;255;255;255m[48;2;65;64;65m▀[0m[38;2;255;255;255m[48;2;65;64;65m▀[0m[38;2;255;255;255m[48;2;65;64;65m▀[0m[38;2;65;64;65m[48;2;191;191;194m▀[0m[38;2;65;64;65m[48;2;65;64;74m▀[0m[38;2;65;64;65m[48;2;65;64;65m▀[0m[38;2;197;194;205m[48;2;255;255;255m▀[0m[38;2;137;58;55m[48;2;255;255;255m▀[0m[38;2;255;121;116m[48;2;130;67;64m▀[0m[38;2;255;118;113m[48;2;95;103;115m▀[0m[38;2;133;66;63m[48;2;189;190;213m▀[0m[38;2;189;190;213m[48;2;65;64;65m▀[0m[38;2;49;60;65m[48;2;197;194;205m▀[0m[38;2;255;255;255m[48;2;65;64;65m▀[0m[38;2;191;191;194m[48;2;255;255;255m▀[0m[38;2;197;194;205m[48;2;65;64;74m▀[0m[38;2;65;64;65m[48;2;191;191;194m▀[0m[38;2;0;0;0m[48;2;197;194;205m▀[0m[38;2;0;0;0m▄ [38;2;0;0;0m▄[38;2;0;0;0m[48;2;86;136;127m▀[0m[38;2;0;0;0m[48;2;65;68;65m▀[0m[38;2;0;0;0m▄           
      [38;2;0;0;0m[48;2;0;0;0m▀[0m[38;2;84;83;84m[48;2;62;112;103m▀[0m[38;2;65;64;65m[48;2;62;112;103m▀[0m[38;2;191;191;191m[48;2;65;64;65m▀[0m[38;2;65;64;65m[48;2;191;191;191m▀[0m[38;2;255;255;255m[48;2;65;64;65m▀[0m[38;2;191;191;194m[48;2;197;196;197m▀[0m[38;2;255;255;255m[48;2;255;255;255m▀[0m[38;2;255;255;255m[48;2;74;76;74m▀[0m[38;2;255;255;255m[48;2;74;76;74m▀[0m[38;2;255;255;255m[48;2;74;76;74m▀[0m[38;2;255;255;255m[48;2;74;76;74m▀[0m[38;2;49;60;65m[48;2;255;255;255m▀[0m[38;2;49;60;65m[48;2;255;255;255m▀[0m[38;2;197;194;205m[48;2;197;194;205m▀[0m[38;2;197;194;205m[48;2;197;194;205m▀[0m[38;2;191;191;191m[48;2;65;64;65m▀[0m[38;2;65;64;65m[48;2;62;112;103m▀[0m[38;2;255;255;255m[48;2;74;76;74m▀[0m[38;2;191;191;194m[48;2;255;255;255m▀[0m[38;2;197;194;205m[48;2;205;198;205m▀[0m[38;2;197;194;205m[48;2;65;68;65m▀[0m[38;2;0;0;0m[48;2;62;112;103m▀[0m[38;2;62;112;103m[48;2;62;112;103m▀[0m[38;2;60;110;101m[48;2;62;112;103m▀[0m[38;2;86;136;127m[48;2;62;112;103m▀[0m[38;2;0;0;0m[48;2;0;0;0m▀[0m           
       [38;2;0;0;0m[48;2;0;0;0m▀[0m[38;2;62;112;103m[48;2;62;112;103m▀[0m[38;2;65;64;65m[48;2;62;112;103m▀[0m[38;2;255;255;255m[48;2;65;64;65m▀[0m[38;2;65;64;65m[48;2;255;255;255m▀[0m[38;2;82;80;82m[48;2;255;255;255m▀[0m[38;2;82;80;82m[48;2;255;255;255m▀[0m[38;2;74;76;74m[48;2;255;255;255m▀[0m[38;2;255;255;255m[48;2;200;195;208m▀[0m[38;2;74;76;74m[48;2;200;194;208m▀[0m[38;2;255;255;255m[48;2;200;194;208m▀[0m[38;2;200;195;208m[48;2;197;190;205m▀[0m[38;2;200;195;208m[48;2;65;60;57m▀[0m[38;2;197;194;205m[48;2;65;64;65m▀[0m[38;2;65;64;65m[48;2;62;112;103m▀[0m[38;2;62;112;103m[48;2;62;112;103m▀[0m[38;2;62;112;103m[48;2;62;112;103m▀[0m[38;2;74;76;74m[48;2;65;64;65m▀[0m[38;2;74;76;74m[48;2;83;133;124m▀[0m[38;2;65;68;65m[48;2;84;134;125m▀[0m[38;2;77;127;118m[48;2;84;134;125m▀[0m[38;2;65;68;65m[48;2;86;136;127m▀[0m[38;2;62;112;103m[48;2;60;110;101m▀[0m[38;2;62;112;103m[48;2;76;78;76m▀[0m[38;2;0;0;0m[48;2;0;0;0m▀[0m            
    [38;2;0;0;0m▄[38;2;0;0;0m[48;2;255;255;255m▀[0m[38;2;0;0;0m[48;2;255;255;255m▀[0m[38;2;62;112;103m[48;2;65;64;65m▀[0m[38;2;65;64;65m[48;2;65;64;65m▀[0m[38;2;65;64;65m[48;2;62;112;103m▀[0m[38;2;65;64;65m[48;2;62;112;103m▀[0m[38;2;191;191;191m[48;2;65;64;65m▀[0m[38;2;139;144;150m[48;2;205;206;213m▀[0m[38;2;197;199;202m[48;2;137;138;142m▀[0m[38;2;200;195;208m[48;2;197;190;205m▀[0m[38;2;200;195;208m[48;2;65;60;57m▀[0m[38;2;200;194;208m[48;2;65;64;65m▀[0m[38;2;200;194;208m[48;2;65;64;65m▀[0m[38;2;65;60;57m[48;2;62;112;103m▀[0m[38;2;71;121;112m[48;2;62;112;103m▀[0m[38;2;62;112;103m[48;2;58;108;99m▀[0m[38;2;62;112;103m[48;2;65;64;65m▀[0m[38;2;62;112;103m[48;2;65;68;65m▀[0m[38;2;65;64;65m[48;2;60;110;101m▀[0m[38;2;65;64;65m[48;2;62;112;103m▀[0m[38;2;83;133;124m[48;2;65;64;65m▀[0m[38;2;84;134;125m[48;2;83;133;124m▀[0m[38;2;84;134;125m[48;2;83;133;124m▀[0m[38;2;86;136;127m[48;2;65;64;65m▀[0m[38;2;65;68;65m[48;2;65;64;65m▀[0m[38;2;82;132;123m[48;2;65;64;65m▀[0m[38;2;82;132;123m[48;2;65;64;65m▀[0m[38;2;0;0;0m[48;2;85;135;126m▀[0m[38;2;0;0;0m▄          
   [38;2;0;0;0m[48;2;0;0;0m▀[0m[38;2;255;255;255m[48;2;65;64;65m▀[0m[38;2;255;255;255m[48;2;65;64;65m▀[0m[38;2;255;255;255m[48;2;255;255;255m▀[0m[38;2;255;255;255m[48;2;255;255;255m▀[0m[38;2;65;64;65m[48;2;197;194;205m▀[0m[38;2;65;64;65m[48;2;65;64;68m▀[0m[38;2;62;112;103m[48;2;0;0;0m▀[0m[38;2;62;112;103m[48;2;0;0;0m▀[0m[38;2;0;4;0m▀[38;2;137;138;142m[48;2;0;0;0m▀[0m[38;2;65;60;57m[48;2;60;110;101m▀[0m[38;2;71;121;112m[48;2;60;110;101m▀[0m[38;2;65;64;65m[48;2;84;134;125m▀[0m[38;2;65;64;65m[48;2;84;134;125m▀[0m[38;2;65;64;65m[48;2;84;134;125m▀[0m[38;2;65;64;65m[48;2;84;134;125m▀[0m[38;2;65;64;65m[48;2;84;134;125m▀[0m[38;2;85;135;126m[48;2;84;134;125m▀[0m[38;2;86;136;127m[48;2;83;133;124m▀[0m[38;2;60;110;101m[48;2;83;133;124m▀[0m[38;2;62;112;103m[48;2;62;112;103m▀[0m[38;2;62;112;103m[48;2;65;64;65m▀[0m[38;2;65;64;65m[48;2;65;64;65m▀[0m[38;2;65;64;65m[48;2;65;64;65m▀[0m[38;2;65;64;65m[48;2;197;194;205m▀[0m[38;2;255;255;255m[48;2;197;194;205m▀[0m[38;2;255;255;255m[48;2;200;195;208m▀[0m[38;2;255;255;255m[48;2;255;255;255m▀[0m[38;2;60;59;60m[48;2;255;255;255m▀[0m[38;2;0;0;0m[48;2;65;64;74m▀[0m[38;2;0;0;0m▄         
 [38;2;0;0;0m▄[38;2;0;0;0m[48;2;82;132;123m▀[0m[38;2;84;134;125m[48;2;44;94;85m▀[0m[38;2;83;133;124m[48;2;82;80;74m▀[0m[38;2;65;64;65m[48;2;137;136;131m▀[0m[38;2;65;64;74m[48;2;65;64;68m▀[0m[38;2;191;191;194m[48;2;197;194;205m▀[0m[38;2;197;194;205m[48;2;0;0;0m▀[0m[38;2;0;0;0m▀  [38;2;0;0;0m▄[38;2;0;0;0m[48;2;65;64;65m▀[0m[38;2;65;68;65m[48;2;86;136;127m▀[0m[38;2;86;136;127m[48;2;65;68;65m▀[0m[38;2;84;134;125m[48;2;65;64;65m▀[0m[38;2;84;134;125m[48;2;83;133;124m▀[0m[38;2;84;134;125m[48;2;83;133;124m▀[0m[38;2;84;134;125m[48;2;83;133;124m▀[0m[38;2;84;134;125m[48;2;83;133;124m▀[0m[38;2;84;134;125m[48;2;65;64;65m▀[0m[38;2;83;133;124m[48;2;65;64;65m▀[0m[38;2;65;64;65m[48;2;83;133;124m▀[0m[38;2;65;64;65m[48;2;74;76;74m▀[0m[38;2;62;112;103m[48;2;74;76;74m▀[0m[38;2;65;64;65m[48;2;83;133;124m▀[0m[38;2;83;133;124m[48;2;83;133;124m▀[0m[38;2;65;64;65m[48;2;84;134;125m▀[0m[38;2;65;64;65m[48;2;84;134;125m▀[0m[38;2;200;195;208m[48;2;65;68;65m▀[0m[38;2;200;195;208m[48;2;205;198;205m▀[0m[38;2;255;255;255m[48;2;200;194;208m▀[0m[38;2;191;191;194m[48;2;200;194;208m▀[0m[38;2;65;64;65m[48;2;65;64;65m▀[0m[38;2;0;0;0m[48;2;62;112;103m▀[0m[38;2;0;0;0m[48;2;62;112;103m▀[0m[38;2;0;0;0m▄[38;2;0;0;0m▄[38;2;0;0;0m[48;2;63;113;104m▀[0m[38;2;0;0;0m[48;2;62;112;103m▀[0m[38;2;0;0;0m[48;2;62;112;103m▀[0m[38;2;0;0;0m▄ 
 [38;2;0;0;0m[48;2;0;0;0m▀[0m[38;2;44;94;85m[48;2;255;255;255m▀[0m[38;2;44;94;85m[48;2;84;84;84m▀[0m[38;2;246;246;246m[48;2;0;0;0m▀[0m[38;2;82;80;74m[48;2;0;0;0m▀[0m[38;2;0;0;0m▀[38;2;0;0;0m▀  [38;2;0;0;0m▄[38;2;0;0;0m[48;2;65;64;68m▀[0m[38;2;63;113;104m[48;2;62;112;103m▀[0m[38;2;65;64;65m[48;2;62;112;103m▀[0m[38;2;60;110;101m[48;2;65;64;65m▀[0m[38;2;86;136;127m[48;2;85;135;126m▀[0m[38;2;65;64;65m[48;2;83;133;124m▀[0m[38;2;65;64;65m[48;2;65;64;65m▀[0m[38;2;65;64;65m[48;2;84;134;125m▀[0m[38;2;65;64;65m[48;2;84;134;125m▀[0m[38;2;65;64;65m[48;2;65;64;65m▀[0m[38;2;83;133;124m[48;2;83;133;124m▀[0m[38;2;83;133;124m[48;2;83;133;124m▀[0m[38;2;83;133;124m[48;2;83;133;124m▀[0m[38;2;74;76;74m[48;2;65;64;65m▀[0m[38;2;255;255;255m[48;2;65;64;65m▀[0m[38;2;45;95;86m[48;2;65;64;65m▀[0m[38;2;45;95;86m[48;2;255;255;255m▀[0m[38;2;84;134;125m[48;2;74;72;65m▀[0m[38;2;84;134;125m[48;2;74;72;65m▀[0m[38;2;77;127;118m[48;2;83;133;124m▀[0m[38;2;65;68;65m[48;2;65;64;65m▀[0m[38;2;200;194;208m[48;2;197;190;205m▀[0m[38;2;200;194;208m[48;2;65;60;57m▀[0m[38;2;65;64;65m[48;2;62;112;103m▀[0m[38;2;65;64;65m[48;2;62;112;103m▀[0m[38;2;62;112;103m[48;2;65;64;65m▀[0m[38;2;62;112;103m[48;2;62;112;103m▀[0m[38;2;65;64;65m[48;2;62;112;103m▀[0m[38;2;63;113;104m[48;2;65;64;65m▀[0m[38;2;62;112;103m[48;2;62;112;103m▀[0m[38;2;62;112;103m[48;2;0;0;0m▀[0m[38;2;0;0;0m▀ 
  [38;2;0;0;0m▀[38;2;0;0;0m▀     [38;2;0;0;0m[48;2;0;0;0m▀[0m[38;2;65;64;68m[48;2;200;194;208m▀[0m[38;2;197;194;205m[48;2;200;194;208m▀[0m[38;2;65;64;65m[48;2;200;194;208m▀[0m[38;2;65;64;65m[48;2;200;194;208m▀[0m[38;2;65;64;65m[48;2;65;64;65m▀[0m[38;2;58;108;99m[48;2;65;64;65m▀[0m[38;2;83;133;124m[48;2;62;112;103m▀[0m[38;2;65;64;65m[48;2;65;64;65m▀[0m[38;2;84;134;125m[48;2;83;133;124m▀[0m[38;2;84;134;125m[48;2;83;133;124m▀[0m[38;2;65;64;65m[48;2;65;64;65m▀[0m[38;2;83;133;124m[48;2;83;133;124m▀[0m[38;2;83;133;124m[48;2;62;112;103m▀[0m[38;2;62;112;103m[48;2;65;64;65m▀[0m[38;2;62;112;103m[48;2;65;64;65m▀[0m[38;2;62;112;103m[48;2;65;64;65m▀[0m[38;2;65;64;65m[48;2;255;255;255m▀[0m[38;2;65;64;65m[48;2;255;255;255m▀[0m[38;2;74;72;65m[48;2;65;64;65m▀[0m[38;2;255;255;255m[48;2;65;64;65m▀[0m[38;2;65;64;65m[48;2;255;255;255m▀[0m[38;2;65;64;65m[48;2;255;255;255m▀[0m[38;2;65;60;57m[48;2;74;76;74m▀[0m[38;2;71;121;112m[48;2;74;76;74m▀[0m[38;2;62;112;103m[48;2;62;112;103m▀[0m[38;2;62;112;103m[48;2;62;112;103m▀[0m[38;2;65;64;65m[48;2;65;64;65m▀[0m[38;2;62;112;103m[48;2;63;113;104m▀[0m[38;2;62;112;103m[48;2;65;64;65m▀[0m[38;2;65;64;65m[48;2;0;0;0m▀[0m[38;2;0;0;0m▀   
         [38;2;0;0;0m▀[38;2;200;194;208m[48;2;0;0;0m▀[0m[38;2;200;194;208m[48;2;65;64;65m▀[0m[38;2;200;194;208m[48;2;197;194;205m▀[0m[38;2;200;194;208m[48;2;197;194;205m▀[0m[38;2;197;194;205m[48;2;197;194;205m▀[0m[38;2;197;194;205m[48;2;197;194;205m▀[0m[38;2;65;64;65m[48;2;65;64;65m▀[0m[38;2;65;64;65m[48;2;62;112;103m▀[0m[38;2;65;64;65m[48;2;62;112;103m▀[0m[38;2;65;64;65m[48;2;62;112;103m▀[0m[38;2;65;64;65m[48;2;62;112;103m▀[0m[38;2;65;64;65m[48;2;62;112;103m▀[0m[38;2;65;64;65m[48;2;62;112;103m▀[0m[38;2;62;112;103m[48;2;65;64;65m▀[0m[38;2;65;64;65m[48;2;200;194;208m▀[0m[38;2;255;255;255m[48;2;200;194;208m▀[0m[38;2;255;255;255m[48;2;255;255;255m▀[0m[38;2;255;255;255m[48;2;255;255;255m▀[0m[38;2;255;255;255m[48;2;255;255;255m▀[0m[38;2;255;255;255m[48;2;255;255;255m▀[0m[38;2;255;255;255m[48;2;255;255;255m▀[0m[38;2;255;255;255m[48;2;255;255;255m▀[0m[38;2;255;255;255m[48;2;197;194;205m▀[0m[38;2;74;76;74m[48;2;65;64;68m▀[0m[38;2;62;112;103m[48;2;0;0;0m▀[0m[38;2;65;64;65m[48;2;0;0;0m▀[0m[38;2;63;113;104m[48;2;0;0;0m▀[0m[38;2;0;0;0m▀[38;2;0;0;0m▀     
         [38;2;0;0;0m▄[38;2;0;0;0m[48;2;255;255;255m▀[0m[38;2;63;113;104m[48;2;84;84;84m▀[0m[38;2;65;68;65m[48;2;255;255;255m▀[0m[38;2;65;68;65m[48;2;84;84;84m▀[0m[38;2;65;68;65m[48;2;62;112;103m▀[0m[38;2;65;68;65m[48;2;62;112;103m▀[0m[38;2;62;112;103m[48;2;65;64;65m▀[0m[38;2;65;64;65m[48;2;0;0;0m▀[0m[38;2;0;0;0m▀[38;2;62;112;103m[48;2;0;0;0m▀[0m[38;2;62;112;103m[48;2;0;0;0m▀[0m[38;2;62;112;103m[48;2;0;0;0m▀[0m[38;2;62;112;103m[48;2;0;0;0m▀[0m[38;2;65;64;65m[48;2;0;0;0m▀[0m[38;2;200;194;208m[48;2;205;198;213m▀[0m[38;2;200;194;208m[48;2;74;71;76m▀[0m[38;2;191;191;194m[48;2;65;64;65m▀[0m[38;2;65;64;74m[48;2;44;94;85m▀[0m[38;2;65;64;65m[48;2;60;110;101m▀[0m[38;2;65;64;65m[48;2;60;110;101m▀[0m[38;2;65;64;74m[48;2;66;116;107m▀[0m[38;2;191;191;194m[48;2;65;68;65m▀[0m[38;2;197;194;205m[48;2;0;0;0m▀[0m[38;2;0;0;0m▀          
          [38;2;0;0;0m▀[38;2;0;0;0m▀[38;2;0;0;0m▀[38;2;0;0;0m▀[38;2;0;0;0m▀[38;2;0;0;0m▀[38;2;0;0;0m▀       [38;2;8;8;8m▀[38;2;74;71;76m[48;2;0;0;0m▀[0m[38;2;44;94;85m[48;2;0;0;0m▀[0m[38;2;44;94;85m[48;2;255;255;255m▀[0m[38;2;79;78;68m[48;2;84;84;84m▀[0m[38;2;79;78;68m[48;2;255;255;255m▀[0m[38;2;65;68;65m[48;2;84;84;84m▀[0m[38;2;0;4;0m[48;2;255;255;255m▀[0m[38;2;0;0;0m▄           
                           [38;2;0;0;0m▀[38;2;0;0;0m▀[38;2;0;0;0m▀[38;2;0;0;0m▀[38;2;0;0;0m▀            
                                     [0m                                     