  [38;2;0;0;0m▄[38;2;0;0;0m[48;2;251;141;185m▀[0m[38;2;0;0;0m[48;2;251;141;185m▀[0m[38;2;0;0;0m▄[38;2;0;0;0m▄[38;2;0;0;0m[48;2;0;0;0m▀[0m[38;2;0;0;0m[48;2;251;141;185m▀[0m[38;2;0;0;0m▄                
 [38;2;0;0;0m▄[38;2;0;0;0m[48;2;218;108;152m▀[0m[38;2;251;141;185m[48;2;251;141;185m▀[0m[38;2;251;141;185m[48;2;180;70;114m▀[0m[38;2;65;65;65m[48;2;65;65;65m▀[0m[38;2;251;141;185m[48;2;251;141;185m▀[0m[38;2;65;65;65m[48;2;218;108;152m▀[0m[38;2;251;141;185m[48;2;251;141;185m▀[0m[38;2;65;65;65m[48;2;251;141;185m▀[0m[38;2;0;0;0m[48;2;0;0;0m▀[0m   [38;2;0;0;0m▄[38;2;0;0;0m▄          
 [38;2;0;0;0m[48;2;0;0;0m▀[0m[38;2;218;108;152m[48;2;218;108;152m▀[0m[38;2;180;70;114m[48;2;65;65;65m▀[0m[38;2;218;108;152m[48;2;251;141;185m▀[0m[38;2;251;141;185m[48;2;251;141;185m▀[0m[38;2;251;141;185m[48;2;251;141;185m▀[0m[38;2;251;141;185m[48;2;251;141;185m▀[0m[38;2;251;141;185m[48;2;251;141;185m▀[0m[38;2;218;108;152m[48;2;251;141;185m▀[0m[38;2;251;141;185m[48;2;251;141;185m▀[0m[38;2;0;0;0m[48;2;251;141;185m▀[0m[38;2;0;0;0m▄[38;2;0;0;0m[48;2;251;141;185m▀[0m[38;2;251;141;185m[48;2;218;108;152m▀[0m[38;2;251;141;185m[48;2;218;108;152m▀[0m[38;2;0;0;0m[48;2;0;0;0m▀[0m  [38;2;0;0;0m▄[38;2;0;0;0m▄     
  [38;2;0;0;0m[48;2;0;0;0m▀[0m[38;2;255;255;255m[48;2;0;0;0m▀[0m[38;2;255;233;233m[48;2;255;255;255m▀[0m[38;2;251;141;185m[48;2;251;141;185m▀[0m[38;2;251;141;185m[48;2;251;141;185m▀[0m[38;2;251;141;185m[48;2;226;178;178m▀[0m[38;2;251;141;185m[48;2;255;255;255m▀[0m[38;2;251;141;185m[48;2;255;255;255m▀[0m[38;2;251;141;185m[48;2;226;178;178m▀[0m[38;2;251;141;185m[48;2;251;141;185m▀[0m[38;2;180;70;114m[48;2;180;70;114m▀[0m[38;2;218;108;152m[48;2;255;233;233m▀[0m[38;2;255;233;233m[48;2;255;233;233m▀[0m[38;2;218;108;152m[48;2;218;108;152m▀[0m[38;2;0;0;0m[48;2;0;0;0m▀[0m[38;2;0;0;0m[48;2;255;233;233m▀[0m[38;2;0;0;0m[48;2;0;0;0m▀[0m[38;2;255;233;233m[48;2;255;233;233m▀[0m[38;2;255;233;233m[48;2;255;233;233m▀[0m[38;2;0;0;0m[48;2;167;119;119m▀[0m[38;2;0;0;0m▄[38;2;0;0;0m▄  
  [38;2;0;0;0m[48;2;0;0;0m▀[0m[38;2;65;65;65m[48;2;255;233;233m▀[0m[38;2;255;255;255m[48;2;255;233;233m▀[0m[38;2;255;233;233m[48;2;255;233;233m▀[0m[38;2;255;233;233m[48;2;255;233;233m▀[0m[38;2;255;255;255m[48;2;255;255;255m▀[0m[38;2;255;255;255m[48;2;0;0;0m▀[0m[38;2;0;0;0m[48;2;0;0;0m▀[0m[38;2;255;255;255m[48;2;255;255;255m▀[0m[38;2;226;178;178m[48;2;226;178;178m▀[0m[38;2;180;70;114m[48;2;218;108;152m▀[0m[38;2;255;233;233m[48;2;180;70;114m▀[0m[38;2;226;178;178m[48;2;218;108;152m▀[0m[38;2;218;108;152m[48;2;0;0;0m▀[0m[38;2;0;0;0m▀[38;2;255;233;233m[48;2;0;0;0m▀[0m[38;2;226;178;178m[48;2;226;178;178m▀[0m[38;2;167;119;119m[48;2;255;233;233m▀[0m[38;2;226;178;178m[48;2;255;233;233m▀[0m[38;2;65;65;65m[48;2;226;178;178m▀[0m[38;2;255;233;233m[48;2;226;178;178m▀[0m[38;2;226;178;178m[48;2;226;178;178m▀[0m[38;2;0;0;0m[48;2;0;0;0m▀[0m 
   [38;2;0;0;0m▀[38;2;189;189;181m[48;2;0;0;0m▀[0m[38;2;255;255;255m[48;2;0;0;0m▀[0m[38;2;255;233;233m[48;2;189;189;181m▀[0m[38;2;255;233;233m[48;2;255;255;255m▀[0m[38;2;255;255;255m[48;2;226;178;178m▀[0m[38;2;255;255;255m[48;2;226;178;178m▀[0m[38;2;226;178;178m[48;2;218;108;152m▀[0m[38;2;218;108;152m[48;2;65;65;65m▀[0m[38;2;180;70;114m[48;2;0;0;0m▀[0m[38;2;0;0;0m▀[38;2;0;0;0m▀  [38;2;0;0;0m[48;2;0;0;0m▀[0m[38;2;255;233;233m[48;2;226;178;178m▀[0m[38;2;255;233;233m[48;2;255;233;233m▀[0m[38;2;255;233;233m[48;2;255;233;233m▀[0m[38;2;255;233;233m[48;2;226;178;178m▀[0m[38;2;65;65;65m[48;2;0;0;0m▀[0m[38;2;0;0;0m▀  
    [38;2;0;0;0m▀[38;2;251;141;185m[48;2;0;0;0m▀[0m[38;2;65;65;65m[48;2;65;65;65m▀[0m[38;2;65;65;65m[48;2;255;233;233m▀[0m[38;2;65;65;65m[48;2;255;233;233m▀[0m[38;2;65;65;65m[48;2;218;108;152m▀[0m[38;2;0;0;0m[48;2;251;141;185m▀[0m[38;2;0;0;0m[48;2;218;108;152m▀[0m[38;2;0;0;0m▄[38;2;0;0;0m▄[38;2;0;0;0m▄   [38;2;0;0;0m[48;2;0;0;0m▀[0m[38;2;226;178;178m[48;2;180;70;114m▀[0m[38;2;226;178;178m[48;2;0;0;0m▀[0m[38;2;0;0;0m▀    
     [38;2;0;0;0m▄[38;2;0;0;0m[48;2;226;178;178m▀[0m[38;2;226;178;178m[48;2;65;65;65m▀[0m[38;2;255;233;233m[48;2;226;178;178m▀[0m[38;2;255;233;233m[48;2;226;178;178m▀[0m[38;2;65;65;65m[48;2;218;108;152m▀[0m[38;2;251;141;185m[48;2;65;65;65m▀[0m[38;2;251;141;185m[48;2;65;65;65m▀[0m[38;2;0;0;0m[48;2;0;0;0m▀[0m[38;2;180;70;114m[48;2;0;0;0m▀[0m[38;2;0;0;0m[48;2;180;70;114m▀[0m[38;2;0;0;0m▄[38;2;0;0;0m▄[38;2;0;0;0m[48;2;180;70;114m▀[0m[38;2;218;108;152m[48;2;218;108;152m▀[0m[38;2;0;0;0m[48;2;0;0;0m▀[0m     
      [38;2;0;0;0m▀[38;2;0;0;0m▀[38;2;0;0;0m▀[38;2;65;65;65m[48;2;0;0;0m▀[0m[38;2;65;65;65m[48;2;255;233;233m▀[0m[38;2;180;70;114m[48;2;226;178;178m▀[0m[38;2;0;0;0m[48;2;0;0;0m▀[0m  [38;2;0;0;0m▀[38;2;180;70;114m[48;2;0;0;0m▀[0m[38;2;218;108;152m[48;2;0;0;0m▀[0m[38;2;218;108;152m[48;2;0;0;0m▀[0m[38;2;0;0;0m▀      
                       [38;2;0;0;0m▀[38;2;0;0;0m▀                           
                                     [0m                                     