             [38;2;0;0;0m▄[38;2;0;0;0m[48;2;255;220;64m▀[0m[38;2;0;0;0m▄                      
             [38;2;0;0;0m[48;2;0;0;0m▀[0m[38;2;255;220;64m[48;2;255;220;64m▀[0m[38;2;65;65;65m[48;2;255;220;64m▀[0m[38;2;0;0;0m[48;2;0;0;0m▀[0m             [38;2;0;0;0m▄[38;2;0;0;0m[48;2;255;246;0m▀[0m[38;2;0;0;0m[48;2;0;0;0m▀[0m     
              [38;2;0;0;0m[48;2;0;0;0m▀[0m[38;2;255;220;64m[48;2;255;220;64m▀[0m[38;2;255;220;64m[48;2;255;220;64m▀[0m[38;2;0;0;0m[48;2;255;220;64m▀[0m[38;2;0;0;0m▄        [38;2;0;0;0m▄[38;2;0;0;0m[48;2;255;220;64m▀[0m[38;2;0;0;0m[48;2;255;220;64m▀[0m[38;2;255;220;64m[48;2;255;220;64m▀[0m[38;2;0;0;0m[48;2;0;0;0m▀[0m      
              [38;2;0;0;0m▀[38;2;255;220;64m[48;2;65;65;65m▀[0m[38;2;255;220;64m[48;2;255;220;64m▀[0m[38;2;255;220;64m[48;2;204;168;37m▀[0m[38;2;255;220;64m[48;2;204;168;37m▀[0m[38;2;0;0;0m[48;2;255;220;64m▀[0m[38;2;0;0;0m[48;2;255;220;64m▀[0m[38;2;0;0;0m[48;2;255;220;64m▀[0m[38;2;0;0;0m[48;2;255;237;139m▀[0m[38;2;0;0;0m▄[38;2;0;0;0m▄[38;2;0;0;0m[48;2;255;220;64m▀[0m[38;2;0;0;0m[48;2;255;220;64m▀[0m[38;2;255;220;64m[48;2;255;220;64m▀[0m[38;2;255;220;64m[48;2;255;220;64m▀[0m[38;2;255;220;64m[48;2;0;0;0m▀[0m[38;2;0;0;0m▀       
            [38;2;0;0;0m▄[38;2;0;0;0m▄[38;2;0;0;0m[48;2;195;62;134m▀[0m[38;2;65;65;65m[48;2;65;65;65m▀[0m[38;2;204;168;37m[48;2;255;237;139m▀[0m[38;2;255;237;139m[48;2;255;237;139m▀[0m[38;2;255;237;139m[48;2;255;237;139m▀[0m[38;2;255;237;139m[48;2;255;237;139m▀[0m[38;2;255;220;64m[48;2;255;237;139m▀[0m[38;2;255;237;139m[48;2;255;220;64m▀[0m[38;2;255;220;64m[48;2;255;237;139m▀[0m[38;2;255;220;64m[48;2;255;220;64m▀[0m[38;2;204;168;37m[48;2;255;220;64m▀[0m[38;2;255;220;64m[48;2;255;220;64m▀[0m[38;2;255;220;64m[48;2;255;220;64m▀[0m[38;2;255;220;64m[48;2;204;168;37m▀[0m[38;2;204;168;37m[48;2;0;0;0m▀[0m[38;2;0;0;0m▀        
          [38;2;0;0;0m▄[38;2;0;0;0m[48;2;195;62;134m▀[0m[38;2;195;62;134m[48;2;195;62;134m▀[0m[38;2;195;62;134m[48;2;65;65;65m▀[0m[38;2;65;65;65m[48;2;160;130;30m▀[0m[38;2;255;220;64m[48;2;255;220;64m▀[0m[38;2;255;237;139m[48;2;255;220;64m▀[0m[38;2;255;237;139m[48;2;255;237;139m▀[0m[38;2;255;237;139m[48;2;255;237;139m▀[0m[38;2;255;237;139m[48;2;255;237;139m▀[0m[38;2;255;237;139m[48;2;255;220;64m▀[0m[38;2;255;220;64m[48;2;255;220;64m▀[0m[38;2;255;220;64m[48;2;255;220;64m▀[0m[38;2;255;220;64m[48;2;255;220;64m▀[0m[38;2;255;220;64m[48;2;160;130;30m▀[0m[38;2;204;168;37m[48;2;204;168;37m▀[0m[38;2;204;168;37m[48;2;204;168;37m▀[0m[38;2;204;168;37m[48;2;0;0;0m▀[0m[38;2;0;0;0m[48;2;195;62;134m▀[0m[38;2;0;0;0m[48;2;195;62;134m▀[0m[38;2;0;0;0m[48;2;195;62;134m▀[0m[38;2;0;0;0m▄[38;2;0;0;0m▄     
 [38;2;0;0;0m▄[38;2;0;0;0m[48;2;82;90;106m▀[0m[38;2;0;0;0m[48;2;255;255;255m▀[0m[38;2;0;0;0m▄     [38;2;0;0;0m[48;2;0;0;0m▀[0m[38;2;195;62;134m[48;2;195;62;134m▀[0m[38;2;65;65;65m[48;2;65;65;65m▀[0m[38;2;255;220;64m[48;2;255;220;64m▀[0m[38;2;160;130;30m[48;2;255;255;255m▀[0m[38;2;255;220;64m[48;2;0;0;0m▀[0m[38;2;255;220;64m[48;2;255;220;64m▀[0m[38;2;255;220;64m[48;2;255;220;64m▀[0m[38;2;255;220;64m[48;2;255;220;64m▀[0m[38;2;255;220;64m[48;2;255;220;64m▀[0m[38;2;255;220;64m[48;2;255;220;64m▀[0m[38;2;255;220;64m[48;2;133;107;30m▀[0m[38;2;255;220;64m[48;2;133;107;30m▀[0m[38;2;133;107;30m[48;2;160;130;30m▀[0m[38;2;204;168;37m[48;2;204;168;37m▀[0m[38;2;204;168;37m[48;2;204;168;37m▀[0m[38;2;204;168;37m[48;2;204;168;37m▀[0m[38;2;65;65;65m[48;2;65;65;65m▀[0m[38;2;195;62;134m[48;2;195;62;134m▀[0m[38;2;195;62;134m[48;2;222;89;161m▀[0m[38;2;222;89;161m[48;2;222;89;161m▀[0m[38;2;222;89;161m[48;2;222;89;161m▀[0m[38;2;222;89;161m[48;2;222;89;161m▀[0m[38;2;0;0;0m[48;2;222;89;161m▀[0m[38;2;0;0;0m[48;2;195;62;134m▀[0m[38;2;0;0;0m▄  
 [38;2;0;0;0m[48;2;0;0;0m▀[0m[38;2;180;180;189m[48;2;180;180;189m▀[0m[38;2;213;213;213m[48;2;180;180;189m▀[0m[38;2;255;255;255m[48;2;255;255;255m▀[0m[38;2;0;0;0m[48;2;82;90;106m▀[0m[38;2;0;0;0m▄[38;2;0;0;0m▄   [38;2;0;0;0m▀[38;2;195;62;134m[48;2;0;0;0m▀[0m[38;2;65;65;65m[48;2;195;62;134m▀[0m[38;2;255;255;255m[48;2;65;65;65m▀[0m[38;2;0;0;0m[48;2;160;130;30m▀[0m[38;2;255;220;64m[48;2;255;220;64m▀[0m[38;2;255;220;64m[48;2;255;220;64m▀[0m[38;2;255;220;64m[48;2;160;130;30m▀[0m[38;2;133;107;30m[48;2;255;255;255m▀[0m[38;2;0;0;0m[48;2;0;0;0m▀[0m[38;2;255;255;255m[48;2;255;255;255m▀[0m[38;2;255;255;255m[48;2;204;168;37m▀[0m[38;2;160;130;30m[48;2;204;168;37m▀[0m[38;2;204;168;37m[48;2;204;168;37m▀[0m[38;2;204;168;37m[48;2;255;220;64m▀[0m[38;2;204;168;37m[48;2;255;220;64m▀[0m[38;2;255;220;64m[48;2;255;220;64m▀[0m[38;2;65;65;65m[48;2;65;65;65m▀[0m[38;2;222;89;161m[48;2;195;62;134m▀[0m[38;2;222;89;161m[48;2;222;89;161m▀[0m[38;2;222;89;161m[48;2;222;89;161m▀[0m[38;2;222;89;161m[48;2;222;89;161m▀[0m[38;2;222;89;161m[48;2;222;89;161m▀[0m[38;2;222;89;161m[48;2;195;62;134m▀[0m[38;2;195;62;134m[48;2;195;62;134m▀[0m[38;2;0;0;0m[48;2;0;0;0m▀[0m 
 [38;2;0;0;0m▀[38;2;180;180;189m[48;2;0;0;0m▀[0m[38;2;180;180;189m[48;2;180;180;189m▀[0m[38;2;213;213;213m[48;2;180;180;189m▀[0m[38;2;180;180;189m[48;2;100;82;20m▀[0m[38;2;100;82;20m[48;2;255;220;64m▀[0m[38;2;255;220;64m[48;2;255;220;64m▀[0m[38;2;0;0;0m[48;2;65;65;65m▀[0m[38;2;0;0;0m▄[38;2;0;0;0m▄[38;2;0;0;0m[48;2;204;168;37m▀[0m[38;2;204;168;37m[48;2;204;168;37m▀[0m[38;2;65;65;65m[48;2;204;168;37m▀[0m[38;2;65;65;65m[48;2;65;65;65m▀[0m[38;2;255;220;64m[48;2;255;220;64m▀[0m[38;2;255;220;64m[48;2;255;220;64m▀[0m[38;2;255;220;64m[48;2;160;130;30m▀[0m[38;2;160;130;30m[48;2;204;168;37m▀[0m[38;2;204;168;37m[48;2;204;168;37m▀[0m[38;2;204;168;37m[48;2;204;168;37m▀[0m[38;2;204;168;37m[48;2;204;168;37m▀[0m[38;2;204;168;37m[48;2;65;65;65m▀[0m[38;2;204;168;37m[48;2;65;65;65m▀[0m[38;2;255;220;64m[48;2;65;65;65m▀[0m[38;2;65;65;65m[48;2;195;62;134m▀[0m[38;2;65;65;65m[48;2;65;65;65m▀[0m[38;2;65;65;65m[48;2;195;62;134m▀[0m[38;2;195;62;134m[48;2;195;62;134m▀[0m[38;2;195;62;134m[48;2;195;62;134m▀[0m[38;2;195;62;134m[48;2;195;62;134m▀[0m[38;2;195;62;134m[48;2;195;62;134m▀[0m[38;2;195;62;134m[48;2;195;62;134m▀[0m[38;2;195;62;134m[48;2;195;62;134m▀[0m[38;2;195;62;134m[48;2;65;65;65m▀[0m[38;2;65;65;65m[48;2;0;0;0m▀[0m[38;2;0;0;0m▀ 
  [38;2;0;0;0m▄[38;2;0;0;0m[48;2;255;220;64m▀[0m[38;2;65;65;65m[48;2;255;220;64m▀[0m[38;2;100;82;20m[48;2;100;82;20m▀[0m[38;2;255;220;64m[48;2;204;168;37m▀[0m[38;2;204;168;37m[48;2;65;65;65m▀[0m[38;2;65;65;65m[48;2;195;62;134m▀[0m[38;2;195;62;134m[48;2;195;62;134m▀[0m[38;2;65;65;65m[48;2;195;62;134m▀[0m[38;2;204;168;37m[48;2;65;65;65m▀[0m[38;2;65;65;65m[48;2;204;168;37m▀[0m[38;2;65;65;65m[48;2;255;220;64m▀[0m[38;2;195;62;134m[48;2;65;65;65m▀[0m[38;2;255;220;64m[48;2;255;220;64m▀[0m[38;2;255;220;64m[48;2;133;107;30m▀[0m[38;2;204;168;37m[48;2;255;220;64m▀[0m[38;2;204;168;37m[48;2;255;220;64m▀[0m[38;2;204;168;37m[48;2;65;65;65m▀[0m[38;2;65;65;65m[48;2;195;62;134m▀[0m[38;2;65;65;65m[48;2;195;62;134m▀[0m[38;2;195;62;134m[48;2;195;62;134m▀[0m[38;2;195;62;134m[48;2;195;62;134m▀[0m[38;2;195;62;134m[48;2;195;62;134m▀[0m[38;2;195;62;134m[48;2;65;65;65m▀[0m[38;2;195;62;134m[48;2;65;65;65m▀[0m[38;2;65;65;65m[48;2;195;62;134m▀[0m[38;2;195;62;134m[48;2;65;65;65m▀[0m[38;2;195;62;134m[48;2;0;0;0m▀[0m[38;2;195;62;134m[48;2;0;0;0m▀[0m[38;2;65;65;65m[48;2;204;168;37m▀[0m[38;2;65;65;65m[48;2;204;168;37m▀[0m[38;2;65;65;65m[48;2;0;0;0m▀[0m[38;2;0;0;0m▀   
  [38;2;0;0;0m▀[38;2;0;0;0m▀[38;2;255;220;64m[48;2;0;0;0m▀[0m[38;2;255;220;64m[48;2;100;82;20m▀[0m[38;2;100;82;20m[48;2;100;82;20m▀[0m[38;2;204;168;37m[48;2;204;168;37m▀[0m[38;2;65;65;65m[48;2;65;65;65m▀[0m[38;2;195;62;134m[48;2;65;65;65m▀[0m[38;2;65;65;65m[48;2;255;220;64m▀[0m[38;2;255;220;64m[48;2;204;168;37m▀[0m[38;2;255;220;64m[48;2;0;0;0m▀[0m[38;2;0;0;0m▀[38;2;0;0;0m▀[38;2;204;168;37m[48;2;0;0;0m▀[0m[38;2;204;168;37m[48;2;0;0;0m▀[0m[38;2;0;0;0m▀[38;2;255;220;64m[48;2;0;0;0m▀[0m[38;2;255;220;64m[48;2;255;220;64m▀[0m[38;2;65;65;65m[48;2;255;220;64m▀[0m[38;2;65;65;65m[48;2;255;220;64m▀[0m[38;2;195;62;134m[48;2;65;65;65m▀[0m[38;2;195;62;134m[48;2;65;65;65m▀[0m[38;2;65;65;65m[48;2;180;180;189m▀[0m[38;2;255;255;255m[48;2;180;180;189m▀[0m[38;2;255;255;255m[48;2;213;213;213m▀[0m[38;2;65;65;65m[48;2;255;255;255m▀[0m[38;2;0;0;0m[48;2;0;0;0m▀[0m  [38;2;0;0;0m▀[38;2;204;168;37m[48;2;0;0;0m▀[0m[38;2;204;168;37m[48;2;0;0;0m▀[0m[38;2;0;0;0m[48;2;65;65;65m▀[0m[38;2;0;0;0m▄  
   [38;2;0;0;0m[48;2;0;0;0m▀[0m[38;2;255;220;64m[48;2;65;65;65m▀[0m[38;2;255;220;64m[48;2;255;220;64m▀[0m[38;2;100;82;20m[48;2;255;220;64m▀[0m[38;2;100;82;20m[48;2;65;65;65m▀[0m[38;2;65;65;65m[48;2;204;168;37m▀[0m[38;2;204;168;37m[48;2;204;168;37m▀[0m[38;2;204;168;37m[48;2;204;168;37m▀[0m[38;2;204;168;37m[48;2;204;168;37m▀[0m[38;2;0;0;0m[48;2;0;0;0m▀[0m    [38;2;0;0;0m▄[38;2;0;0;0m▄[38;2;65;65;65m[48;2;189;161;82m▀[0m[38;2;255;220;64m[48;2;65;65;65m▀[0m[38;2;255;220;64m[48;2;255;220;64m▀[0m[38;2;255;220;64m[48;2;255;220;64m▀[0m[38;2;65;65;65m[48;2;65;65;65m▀[0m[38;2;180;180;189m[48;2;180;180;189m▀[0m[38;2;180;180;189m[48;2;180;180;189m▀[0m[38;2;180;180;189m[48;2;180;180;189m▀[0m[38;2;213;213;213m[48;2;180;180;189m▀[0m[38;2;65;65;65m[48;2;65;65;65m▀[0m[38;2;0;0;0m[48;2;255;220;64m▀[0m[38;2;0;0;0m▄[38;2;0;0;0m[48;2;222;89;161m▀[0m[38;2;0;0;0m[48;2;222;89;161m▀[0m[38;2;222;89;161m[48;2;222;89;161m▀[0m[38;2;222;89;161m[48;2;222;89;161m▀[0m[38;2;222;89;161m[48;2;222;89;161m▀[0m[38;2;0;0;0m[48;2;0;0;0m▀[0m 
    [38;2;0;0;0m▀[38;2;65;65;65m[48;2;0;0;0m▀[0m[38;2;65;65;65m[48;2;180;180;189m▀[0m[38;2;65;65;65m[48;2;180;180;189m▀[0m[38;2;204;168;37m[48;2;65;65;65m▀[0m[38;2;204;168;37m[48;2;0;0;0m▀[0m[38;2;204;168;37m[48;2;0;0;0m▀[0m[38;2;0;0;0m▀  [38;2;0;0;0m▄[38;2;0;0;0m[48;2;222;89;161m▀[0m[38;2;0;0;0m[48;2;195;62;134m▀[0m[38;2;204;168;37m[48;2;65;65;65m▀[0m[38;2;204;168;37m[48;2;65;65;65m▀[0m[38;2;204;168;37m[48;2;204;168;37m▀[0m[38;2;0;0;0m[48;2;0;0;24m▀[0m[38;2;255;220;64m[48;2;0;0;0m▀[0m[38;2;255;220;64m[48;2;255;220;64m▀[0m[38;2;255;220;64m[48;2;255;246;180m▀[0m[38;2;65;65;65m[48;2;255;220;64m▀[0m[38;2;180;180;189m[48;2;65;65;65m▀[0m[38;2;180;180;189m[48;2;100;82;20m▀[0m[38;2;100;82;20m[48;2;255;220;64m▀[0m[38;2;100;82;20m[48;2;255;220;64m▀[0m[38;2;255;220;64m[48;2;100;82;20m▀[0m[38;2;255;220;64m[48;2;255;220;64m▀[0m[38;2;98;82;49m[48;2;98;82;49m▀[0m[38;2;222;89;161m[48;2;195;62;134m▀[0m[38;2;222;89;161m[48;2;222;89;161m▀[0m[38;2;222;89;161m[48;2;0;0;0m▀[0m[38;2;0;0;0m▀  
     [38;2;0;0;0m▀[38;2;180;180;189m[48;2;0;0;0m▀[0m[38;2;180;180;189m[48;2;0;0;0m▀[0m[38;2;0;0;0m▀     [38;2;0;0;0m▀[38;2;195;62;134m[48;2;0;0;0m▀[0m[38;2;222;89;161m[48;2;65;65;65m▀[0m[38;2;222;89;161m[48;2;65;65;65m▀[0m[38;2;195;62;134m[48;2;65;65;65m▀[0m[38;2;0;0;0m[48;2;204;168;37m▀[0m[38;2;0;0;0m▄[38;2;0;0;0m▀[38;2;255;237;139m[48;2;0;0;0m▀[0m[38;2;255;237;139m[48;2;255;237;139m▀[0m[38;2;255;246;180m[48;2;255;246;180m▀[0m[38;2;65;65;65m[48;2;255;246;180m▀[0m[38;2;255;220;64m[48;2;65;65;65m▀[0m[38;2;255;220;64m[48;2;100;82;20m▀[0m[38;2;100;82;20m[48;2;255;220;64m▀[0m[38;2;100;82;20m[48;2;255;220;64m▀[0m[38;2;65;65;65m[48;2;65;65;65m▀[0m[38;2;195;62;134m[48;2;65;65;65m▀[0m[38;2;195;62;134m[48;2;65;65;65m▀[0m[38;2;0;0;0m[48;2;255;220;64m▀[0m[38;2;0;0;0m▄   
            [38;2;0;0;0m▄[38;2;0;0;0m[48;2;213;213;213m▀[0m[38;2;0;0;0m[48;2;160;130;30m▀[0m[38;2;204;168;37m[48;2;160;130;30m▀[0m[38;2;204;168;37m[48;2;100;82;20m▀[0m[38;2;160;130;30m[48;2;204;168;37m▀[0m[38;2;204;168;37m[48;2;204;168;37m▀[0m[38;2;204;168;37m[48;2;204;168;37m▀[0m[38;2;204;168;37m[48;2;204;168;37m▀[0m[38;2;0;0;0m[48;2;0;0;0m▀[0m[38;2;0;0;0m▀[38;2;255;246;180m[48;2;0;0;0m▀[0m[38;2;255;246;180m[48;2;255;246;180m▀[0m[38;2;255;246;180m[48;2;255;246;180m▀[0m[38;2;65;65;65m[48;2;255;246;180m▀[0m[38;2;255;220;64m[48;2;65;65;65m▀[0m[38;2;255;220;64m[48;2;65;65;65m▀[0m[38;2;65;65;65m[48;2;180;180;189m▀[0m[38;2;255;220;64m[48;2;65;65;65m▀[0m[38;2;255;220;64m[48;2;255;220;64m▀[0m[38;2;255;220;64m[48;2;255;220;64m▀[0m[38;2;255;220;64m[48;2;255;220;64m▀[0m[38;2;0;0;0m[48;2;255;220;64m▀[0m[38;2;0;0;0m▄  
             [38;2;0;0;0m▀[38;2;0;0;0m▀[38;2;0;0;0m▀[38;2;213;213;213m[48;2;0;0;0m▀[0m[38;2;160;130;30m[48;2;0;0;0m▀[0m[38;2;204;168;37m[48;2;0;0;0m▀[0m[38;2;0;0;0m▀[38;2;0;0;0m▀   [38;2;0;0;0m▀[38;2;0;0;0m▀[38;2;0;0;0m▀[38;2;65;65;65m[48;2;0;0;0m▀[0m[38;2;180;180;189m[48;2;65;65;65m▀[0m[38;2;180;180;189m[48;2;65;65;65m▀[0m[38;2;65;65;65m[48;2;255;220;64m▀[0m[38;2;160;130;30m[48;2;160;130;30m▀[0m[38;2;255;220;64m[48;2;255;220;64m▀[0m[38;2;255;220;64m[48;2;255;220;64m▀[0m[38;2;255;220;64m[48;2;255;220;64m▀[0m[38;2;0;0;0m[48;2;0;0;0m▀[0m  
                          [38;2;0;0;0m▀[38;2;255;255;255m[48;2;0;0;0m▀[0m[38;2;255;255;255m[48;2;0;0;0m▀[0m[38;2;0;0;0m▀[38;2;0;0;0m▀[38;2;160;130;30m[48;2;0;0;0m▀[0m[38;2;204;168;37m[48;2;255;255;255m▀[0m[38;2;204;168;37m[48;2;255;255;255m▀[0m[38;2;0;0;0m[48;2;0;0;0m▀[0m   
                                       [38;2;0;0;0m▀[38;2;0;0;0m▀           
                                     [0m                                     