         [38;2;0;0;0m[48;2;0;0;0m▀[0m[38;2;0;0;0m[48;2;249;249;249m▀[0m[38;2;0;0;0m[48;2;249;249;249m▀[0m[38;2;0;0;0m[48;2;249;249;249m▀[0m[38;2;0;0;0m[48;2;249;249;249m▀[0m[38;2;0;0;0m▄[38;2;0;0;0m▄         
          [38;2;0;0;0m▀[38;2;215;215;215m[48;2;0;0;0m▀[0m[38;2;249;249;249m[48;2;219;219;219m▀[0m[38;2;249;249;249m[48;2;249;249;249m▀[0m[38;2;249;249;249m[48;2;249;249;249m▀[0m[38;2;249;249;249m[48;2;249;249;249m▀[0m[38;2;0;0;0m[48;2;249;249;249m▀[0m[38;2;0;0;0m▄       
     [38;2;0;0;0m▄[38;2;0;0;0m▄ [38;2;0;0;0m▄[38;2;0;0;0m[48;2;249;249;249m▀[0m[38;2;0;0;0m[48;2;148;148;148m▀[0m[38;2;219;219;219m[48;2;191;191;191m▀[0m[38;2;219;219;219m[48;2;249;249;249m▀[0m[38;2;249;249;249m[48;2;241;241;241m▀[0m[38;2;215;215;215m[48;2;197;197;197m▀[0m[38;2;249;249;249m[48;2;249;249;249m▀[0m[38;2;249;249;249m[48;2;249;249;249m▀[0m[38;2;249;249;249m[48;2;195;195;195m▀[0m[38;2;0;0;0m[48;2;4;4;4m▀[0m      
    [38;2;0;0;0m[48;2;0;0;0m▀[0m[38;2;246;89;90m[48;2;156;56;57m▀[0m[38;2;164;59;60m[48;2;246;89;90m▀[0m[38;2;0;0;0m[48;2;156;56;57m▀[0m[38;2;191;191;191m[48;2;191;191;191m▀[0m[38;2;148;148;148m[48;2;191;191;191m▀[0m[38;2;182;182;182m[48;2;191;191;191m▀[0m[38;2;191;191;191m[48;2;191;191;191m▀[0m[38;2;249;249;249m[48;2;148;148;148m▀[0m[38;2;154;154;154m[48;2;118;118;118m▀[0m[38;2;111;111;111m[48;2;191;191;191m▀[0m[38;2;191;191;191m[48;2;191;191;191m▀[0m[38;2;191;191;191m[48;2;191;191;191m▀[0m[38;2;195;195;195m[48;2;147;147;147m▀[0m[38;2;131;131;131m[48;2;147;147;147m▀[0m[38;2;0;0;0m[48;2;164;59;60m▀[0m[38;2;0;0;0m▄    
   [38;2;0;0;0m[48;2;8;0;0m▀[0m[38;2;156;56;57m[48;2;186;186;186m▀[0m[38;2;246;89;90m[48;2;156;56;57m▀[0m[38;2;246;89;90m[48;2;156;56;57m▀[0m[38;2;156;56;57m[48;2;94;94;94m▀[0m[38;2;191;191;191m[48;2;195;195;195m▀[0m[38;2;191;191;191m[48;2;191;191;191m▀[0m[38;2;148;148;148m[48;2;191;191;191m▀[0m[38;2;148;148;148m[48;2;191;191;191m▀[0m[38;2;148;148;148m[48;2;191;191;191m▀[0m[38;2;191;191;191m[48;2;191;191;191m▀[0m[38;2;191;191;191m[48;2;191;191;191m▀[0m[38;2;191;191;191m[48;2;87;87;87m▀[0m[38;2;93;93;93m[48;2;191;191;191m▀[0m[38;2;91;91;91m[48;2;156;56;57m▀[0m[38;2;148;64;57m[48;2;246;89;90m▀[0m[38;2;246;89;90m[48;2;156;56;57m▀[0m[38;2;246;89;90m[48;2;246;89;90m▀[0m[38;2;0;0;0m[48;2;0;0;0m▀[0m   
  [38;2;0;0;0m[48;2;0;0;0m▀[0m[38;2;186;186;186m[48;2;191;191;191m▀[0m[38;2;124;124;124m[48;2;191;191;191m▀[0m[38;2;185;185;185m[48;2;120;120;120m▀[0m[38;2;153;153;153m[48;2;148;148;148m▀[0m[38;2;94;94;94m[48;2;94;94;94m▀[0m[38;2;144;144;144m[48;2;148;148;148m▀[0m[38;2;191;191;191m[48;2;148;148;148m▀[0m[38;2;191;191;191m[48;2;148;148;148m▀[0m[38;2;191;191;191m[48;2;148;148;148m▀[0m[38;2;191;191;191m[48;2;148;148;148m▀[0m[38;2;142;142;142m[48;2;149;149;149m▀[0m[38;2;94;94;94m[48;2;92;92;92m▀[0m[38;2;121;121;121m[48;2;118;118;118m▀[0m[38;2;191;191;191m[48;2;191;191;191m▀[0m[38;2;156;56;57m[48;2;172;48;57m▀[0m[38;2;156;56;57m[48;2;200;111;101m▀[0m[38;2;246;89;90m[48;2;246;89;90m▀[0m[38;2;156;56;57m[48;2;246;89;90m▀[0m[38;2;156;56;57m[48;2;119;80;53m▀[0m[38;2;0;0;0m[48;2;16;0;0m▀[0m  
  [38;2;0;0;0m▀[38;2;148;148;148m[48;2;8;8;8m▀[0m[38;2;148;148;148m[48;2;151;151;151m▀[0m[38;2;148;148;148m[48;2;148;148;148m▀[0m[38;2;92;92;92m[48;2;65;65;65m▀[0m[38;2;148;148;148m[48;2;213;139;156m▀[0m[38;2;94;94;94m[48;2;249;249;249m▀[0m[38;2;148;148;148m[48;2;94;94;94m▀[0m[38;2;94;94;94m[48;2;148;148;148m▀[0m[38;2;148;148;148m[48;2;91;91;91m▀[0m[38;2;148;148;148m[48;2;91;91;91m▀[0m[38;2;92;92;92m[48;2;147;147;147m▀[0m[38;2;64;64;64m[48;2;65;65;65m▀[0m[38;2;191;191;191m[48;2;148;148;148m▀[0m[38;2;118;118;118m[48;2;189;189;189m▀[0m[38;2;189;189;189m[48;2;195;195;195m▀[0m[38;2;172;48;57m[48;2;145;145;145m▀[0m[38;2;156;56;57m[48;2;147;147;147m▀[0m[38;2;156;56;57m[48;2;120;120;120m▀[0m[38;2;149;149;149m[48;2;98;98;98m▀[0m[38;2;100;100;100m[48;2;147;147;147m▀[0m[38;2;0;0;0m[48;2;0;0;0m▀[0m 
 [38;2;0;0;0m▄[38;2;0;0;0m[48;2;155;155;155m▀[0m[38;2;151;151;151m[48;2;118;118;118m▀[0m[38;2;55;55;55m[48;2;191;191;191m▀[0m[38;2;65;65;65m[48;2;189;189;189m▀[0m[38;2;65;65;65m[48;2;60;60;60m▀[0m[38;2;213;139;156m[48;2;208;160;150m▀[0m[38;2;172;40;57m[48;2;161;102;104m▀[0m[38;2;148;148;148m[48;2;191;191;191m▀[0m[38;2;148;148;148m[48;2;191;191;191m▀[0m[38;2;145;145;145m[48;2;191;191;191m▀[0m[38;2;252;252;252m[48;2;246;89;90m▀[0m[38;2;147;147;147m[48;2;164;48;57m▀[0m[38;2;147;147;147m[48;2;144;144;144m▀[0m[38;2;65;65;65m[48;2;102;102;102m▀[0m[38;2;148;148;148m[48;2;58;58;58m▀[0m[38;2;145;145;145m[48;2;65;65;65m▀[0m[38;2;95;95;95m[48;2;148;148;148m▀[0m[38;2;92;92;92m[48;2;148;148;148m▀[0m[38;2;92;92;92m[48;2;148;148;148m▀[0m[38;2;147;147;147m[48;2;0;0;0m▀[0m[38;2;0;0;0m▀  
 [38;2;0;0;0m[48;2;0;0;0m▀[0m[38;2;103;103;103m[48;2;117;117;117m▀[0m[38;2;191;191;191m[48;2;249;249;249m▀[0m[38;2;191;191;191m[48;2;249;249;249m▀[0m[38;2;146;146;146m[48;2;149;149;149m▀[0m[38;2;103;103;103m[48;2;117;117;117m▀[0m[38;2;65;65;65m[48;2;155;155;155m▀[0m[38;2;184;184;184m[48;2;54;54;54m▀[0m[38;2;191;191;191m[48;2;186;186;186m▀[0m[38;2;191;191;191m[48;2;102;102;102m▀[0m[38;2;191;191;191m[48;2;191;191;191m▀[0m[38;2;246;89;90m[48;2;191;191;191m▀[0m[38;2;197;115;86m[48;2;193;193;193m▀[0m[38;2;91;91;91m[48;2;92;92;92m▀[0m[38;2;189;189;189m[48;2;185;185;185m▀[0m[38;2;189;189;189m[48;2;185;185;185m▀[0m[38;2;148;148;148m[48;2;191;191;191m▀[0m[38;2;65;65;65m[48;2;148;148;148m▀[0m[38;2;65;65;65m[48;2;147;147;147m▀[0m[38;2;65;65;65m[48;2;147;147;147m▀[0m[38;2;94;94;94m[48;2;93;93;93m▀[0m[38;2;0;0;0m[48;2;0;0;0m▀[0m  
  [38;2;0;0;0m▀[38;2;249;249;249m[48;2;0;0;0m▀[0m[38;2;147;147;147m[48;2;255;255;255m▀[0m[38;2;149;149;149m[48;2;238;238;238m▀[0m[38;2;215;215;215m[48;2;238;238;238m▀[0m[38;2;206;206;206m[48;2;0;0;0m▀[0m[38;2;105;105;105m[48;2;65;65;65m▀[0m[38;2;61;61;61m[48;2;191;191;191m▀[0m[38;2;61;61;61m[48;2;191;191;191m▀[0m[38;2;65;65;65m[48;2;191;191;191m▀[0m[38;2;65;65;65m[48;2;191;191;191m▀[0m[38;2;92;92;92m[48;2;147;147;147m▀[0m[38;2;244;244;244m[48;2;93;93;93m▀[0m[38;2;249;249;249m[48;2;249;249;249m▀[0m[38;2;152;152;152m[48;2;249;249;249m▀[0m[38;2;191;191;191m[48;2;157;157;157m▀[0m[38;2;191;191;191m[48;2;111;111;111m▀[0m[38;2;147;147;147m[48;2;117;117;117m▀[0m[38;2;117;117;117m[48;2;117;117;117m▀[0m[38;2;93;93;93m[48;2;215;215;215m▀[0m[38;2;0;0;0m[48;2;0;0;0m▀[0m  
    [38;2;0;0;0m▀[38;2;0;0;0m▀[38;2;0;0;0m▀[38;2;190;190;190m[48;2;8;8;8m▀[0m[38;2;0;0;0m[48;2;151;151;151m▀[0m[38;2;93;93;93m[48;2;58;58;58m▀[0m[38;2;191;191;191m[48;2;102;102;102m▀[0m[38;2;191;191;191m[48;2;94;94;94m▀[0m[38;2;148;148;148m[48;2;94;94;94m▀[0m[38;2;147;147;147m[48;2;65;65;65m▀[0m[38;2;66;66;66m[48;2;148;148;148m▀[0m[38;2;249;249;249m[48;2;68;68;68m▀[0m[38;2;249;249;249m[48;2;244;244;244m▀[0m[38;2;249;249;249m[48;2;191;191;191m▀[0m[38;2;249;249;249m[48;2;191;191;191m▀[0m[38;2;249;249;249m[48;2;191;191;191m▀[0m[38;2;205;205;205m[48;2;0;0;0m▀[0m[38;2;0;0;0m▀   
      [38;2;0;0;0m[48;2;0;0;0m▀[0m[38;2;151;151;151m[48;2;82;82;82m▀[0m[38;2;55;55;55m[48;2;248;248;248m▀[0m[38;2;189;189;189m[48;2;247;247;247m▀[0m[38;2;189;189;189m[48;2;121;121;121m▀[0m[38;2;195;195;195m[48;2;149;149;149m▀[0m[38;2;144;144;144m[48;2;183;183;183m▀[0m[38;2;148;148;148m[48;2;156;156;156m▀[0m[38;2;65;65;65m[48;2;58;58;58m▀[0m[38;2;185;185;185m[48;2;191;191;191m▀[0m[38;2;68;68;68m[48;2;191;191;191m▀[0m[38;2;65;65;65m[48;2;191;191;191m▀[0m[38;2;65;65;65m[48;2;0;0;0m▀[0m[38;2;0;0;0m▀     
      [38;2;0;0;0m▄[38;2;0;0;0m[48;2;191;191;191m▀[0m[38;2;248;248;248m[48;2;249;249;249m▀[0m[38;2;184;184;184m[48;2;191;191;191m▀[0m[38;2;184;184;184m[48;2;249;249;249m▀[0m[38;2;249;249;249m[48;2;249;249;249m▀[0m[38;2;249;249;249m[48;2;213;213;213m▀[0m[38;2;206;206;206m[48;2;191;191;191m▀[0m[38;2;156;156;156m[48;2;191;191;191m▀[0m[38;2;65;65;65m[48;2;207;207;207m▀[0m[38;2;191;191;191m[48;2;65;65;65m▀[0m[38;2;0;0;0m[48;2;131;131;131m▀[0m[38;2;4;4;4m▄      
     [38;2;0;0;0m▀[38;2;215;215;215m[48;2;0;0;0m▀[0m[38;2;210;210;210m[48;2;215;215;215m▀[0m[38;2;191;191;191m[48;2;215;215;215m▀[0m[38;2;249;249;249m[48;2;215;215;215m▀[0m[38;2;249;249;249m[48;2;215;215;215m▀[0m[38;2;213;213;213m[48;2;191;191;191m▀[0m[38;2;195;195;195m[48;2;191;191;191m▀[0m[38;2;191;191;191m[48;2;215;215;215m▀[0m[38;2;216;216;216m[48;2;215;215;215m▀[0m[38;2;207;207;207m[48;2;191;191;191m▀[0m[38;2;207;207;207m[48;2;191;191;191m▀[0m[38;2;195;195;195m[48;2;215;215;215m▀[0m[38;2;195;195;195m[48;2;215;215;215m▀[0m[38;2;0;0;0m[48;2;215;215;215m▀[0m[38;2;0;0;0m▄    
       [38;2;0;0;0m▀[38;2;0;0;0m▀[38;2;0;0;0m▀[38;2;215;215;215m[48;2;0;0;0m▀[0m[38;2;216;216;216m[48;2;0;0;0m▀[0m[38;2;216;216;216m[48;2;0;0;0m▀[0m[38;2;0;0;0m▀[38;2;0;0;0m▀[38;2;216;216;216m[48;2;0;0;0m▀[0m[38;2;216;216;216m[48;2;0;0;0m▀[0m[38;2;215;215;215m[48;2;0;0;0m▀[0m[38;2;0;0;0m▀[38;2;0;0;0m▀     
                                     [0m                                     