              [38;2;0;0;0m▄[38;2;0;0;0m[48;2;199;168;36m▀[0m[38;2;0;0;0m[48;2;199;168;36m▀[0m[38;2;0;0;0m[48;2;200;169;37m▀[0m[38;2;0;0;0m[48;2;200;169;37m▀[0m[38;2;0;0;0m▄[38;2;0;0;0m▄    [38;2;0;0;0m▄[38;2;0;0;0m▄           
             [38;2;0;0;0m[48;2;0;0;0m▀[0m[38;2;200;169;37m[48;2;200;169;37m▀[0m[38;2;199;168;36m[48;2;200;169;37m▀[0m[38;2;199;168;36m[48;2;65;64;65m▀[0m[38;2;200;169;37m[48;2;65;64;65m▀[0m[38;2;65;64;65m[48;2;243;232;107m▀[0m[38;2;65;64;65m[48;2;242;231;106m▀[0m[38;2;65;64;65m[48;2;242;231;106m▀[0m[38;2;0;0;0m[48;2;65;64;65m▀[0m[38;2;0;0;0m[48;2;210;180;48m▀[0m[38;2;0;0;0m[48;2;200;169;37m▀[0m[38;2;0;0;0m[48;2;200;169;37m▀[0m[38;2;200;169;37m[48;2;0;0;0m▀[0m[38;2;0;0;0m▀           
             [38;2;0;0;0m▀[38;2;200;169;37m[48;2;0;0;0m▀[0m[38;2;65;64;65m[48;2;200;169;37m▀[0m[38;2;200;169;37m[48;2;200;169;37m▀[0m[38;2;243;232;107m[48;2;200;169;37m▀[0m[38;2;243;232;107m[48;2;0;0;0m▀[0m[38;2;242;231;106m[48;2;0;0;0m▀[0m[38;2;242;231;106m[48;2;243;232;107m▀[0m[38;2;239;226;97m[48;2;243;232;107m▀[0m[38;2;65;64;65m[48;2;0;0;0m▀[0m[38;2;0;0;0m▀[38;2;0;0;0m▀             
          [38;2;0;0;0m▄[38;2;0;0;0m▄[38;2;0;0;0m[48;2;255;254;170m▀[0m[38;2;0;0;0m[48;2;255;254;170m▀[0m[38;2;65;64;65m[48;2;242;231;106m▀[0m[38;2;200;169;37m[48;2;65;64;65m▀[0m[38;2;65;64;65m[48;2;16;0;0m▀[0m[38;2;0;0;0m▀  [38;2;0;0;0m▀[38;2;243;232;107m[48;2;0;0;0m▀[0m[38;2;243;232;107m[48;2;243;232;107m▀[0m[38;2;0;0;0m[48;2;243;232;107m▀[0m[38;2;0;0;0m▄[38;2;0;0;0m▄[38;2;0;0;0m▄[38;2;0;0;0m[48;2;243;232;107m▀[0m[38;2;0;0;0m[48;2;0;0;0m▀[0m         
        [38;2;0;0;0m▄[38;2;0;0;0m[48;2;243;231;104m▀[0m[38;2;243;232;107m[48;2;243;231;104m▀[0m[38;2;255;254;170m[48;2;242;231;106m▀[0m[38;2;255;254;170m[48;2;255;254;170m▀[0m[38;2;255;254;170m[48;2;255;254;170m▀[0m[38;2;255;254;170m[48;2;242;231;106m▀[0m[38;2;243;232;107m[48;2;242;231;106m▀[0m[38;2;243;232;107m[48;2;242;231;106m▀[0m[38;2;0;0;0m[48;2;0;0;0m▀[0m    [38;2;0;0;0m▀[38;2;0;0;0m▀[38;2;243;232;107m[48;2;0;0;0m▀[0m[38;2;243;232;107m[48;2;0;0;0m▀[0m[38;2;243;232;107m[48;2;0;0;0m▀[0m[38;2;0;0;0m▀          
       [38;2;0;0;0m▄[38;2;0;0;0m[48;2;189;190;189m▀[0m[38;2;255;255;255m[48;2;8;0;0m▀[0m[38;2;243;231;104m[48;2;245;234;112m▀[0m[38;2;242;231;106m[48;2;243;232;107m▀[0m[38;2;242;231;106m[48;2;243;232;107m▀[0m[38;2;242;231;106m[48;2;201;170;38m▀[0m[38;2;242;231;106m[48;2;255;246;211m▀[0m[38;2;242;231;106m[48;2;201;170;38m▀[0m[38;2;242;231;106m[48;2;236;223;93m▀[0m[38;2;243;232;107m[48;2;243;232;107m▀[0m[38;2;0;0;0m[48;2;0;0;0m▀[0m       [38;2;0;0;0m▄[38;2;0;0;0m▄          
       [38;2;0;0;0m▀[38;2;189;190;189m[48;2;0;0;0m▀[0m[38;2;41;68;84m[48;2;255;255;255m▀[0m[38;2;196;165;32m[48;2;255;255;255m▀[0m[38;2;199;168;36m[48;2;255;255;255m▀[0m[38;2;243;232;107m[48;2;200;169;37m▀[0m[38;2;110;89;1m[48;2;117;96;0m▀[0m[38;2;0;8;24m[48;2;168;137;5m▀[0m[38;2;201;170;38m[48;2;255;255;255m▀[0m[38;2;255;255;255m[48;2;255;255;255m▀[0m[38;2;243;232;107m[48;2;0;0;0m▀[0m[38;2;0;0;0m▀     [38;2;0;0;0m▄[38;2;0;0;0m[48;2;200;169;37m▀[0m[38;2;200;169;37m[48;2;200;169;37m▀[0m[38;2;200;169;37m[48;2;65;64;65m▀[0m[38;2;0;0;0m[48;2;200;169;37m▀[0m[38;2;0;0;0m▄[38;2;0;0;0m[48;2;200;169;37m▀[0m[38;2;0;0;0m[48;2;200;169;37m▀[0m[38;2;0;0;0m[48;2;200;169;37m▀[0m[38;2;0;0;0m▄    
     [38;2;0;0;0m▄[38;2;0;0;0m▄[38;2;0;0;0m[48;2;189;188;189m▀[0m[38;2;65;64;65m[48;2;189;188;189m▀[0m[38;2;65;64;65m[48;2;189;190;189m▀[0m[38;2;255;255;255m[48;2;65;64;65m▀[0m[38;2;255;255;255m[48;2;65;64;65m▀[0m[38;2;255;255;255m[48;2;189;190;189m▀[0m[38;2;255;255;255m[48;2;138;114;0m▀[0m[38;2;117;96;0m[48;2;199;168;36m▀[0m[38;2;255;255;255m[48;2;134;111;0m▀[0m[38;2;0;0;0m[48;2;0;0;0m▀[0m      [38;2;24;12;0m▄[38;2;0;0;0m[48;2;208;178;46m▀[0m[38;2;200;169;37m[48;2;142;118;0m▀[0m[38;2;65;64;65m[48;2;200;169;37m▀[0m[38;2;200;169;37m[48;2;156;130;0m▀[0m[38;2;65;64;65m[48;2;195;164;29m▀[0m[38;2;200;169;37m[48;2;200;169;37m▀[0m[38;2;200;169;37m[48;2;0;0;0m▀[0m[38;2;0;0;0m▀[38;2;0;0;0m▀[38;2;0;0;0m▀    
   [38;2;0;0;0m▄[38;2;0;0;0m[48;2;63;63;63m▀[0m[38;2;255;255;255m[48;2;255;255;255m▀[0m[38;2;255;255;255m[48;2;189;188;189m▀[0m[38;2;189;188;189m[48;2;189;188;189m▀[0m[38;2;189;188;189m[48;2;255;255;255m▀[0m[38;2;189;190;189m[48;2;189;188;189m▀[0m[38;2;189;190;189m[48;2;189;188;189m▀[0m[38;2;189;190;189m[48;2;189;190;189m▀[0m[38;2;65;64;65m[48;2;189;190;189m▀[0m[38;2;199;168;36m[48;2;65;64;65m▀[0m[38;2;199;168;36m[48;2;210;180;48m▀[0m[38;2;200;169;37m[48;2;199;168;36m▀[0m[38;2;200;169;37m[48;2;243;232;107m▀[0m[38;2;0;0;0m[48;2;243;232;107m▀[0m[38;2;0;0;0m▄[38;2;0;0;0m▄[38;2;0;0;0m[48;2;189;190;189m▀[0m[38;2;0;0;0m[48;2;189;188;189m▀[0m[38;2;0;0;0m[48;2;189;188;189m▀[0m[38;2;43;58;63m[48;2;255;255;255m▀[0m[38;2;43;58;63m[48;2;255;255;255m▀[0m[38;2;200;169;37m[48;2;65;64;65m▀[0m[38;2;142;118;0m[48;2;65;64;65m▀[0m[38;2;65;64;65m[48;2;255;255;255m▀[0m[38;2;65;64;65m[48;2;255;255;255m▀[0m[38;2;0;0;0m[48;2;172;171;172m▀[0m[38;2;8;4;8m▄[38;2;0;0;0m▄      
 [38;2;0;0;0m▄[38;2;0;0;0m[48;2;255;255;255m▀[0m[38;2;189;190;189m[48;2;255;255;255m▀[0m[38;2;189;190;189m[48;2;189;188;189m▀[0m[38;2;189;188;189m[48;2;189;188;189m▀[0m[38;2;189;188;189m[48;2;189;188;189m▀[0m[38;2;255;255;255m[48;2;189;188;189m▀[0m[38;2;255;255;255m[48;2;255;255;255m▀[0m[38;2;189;188;189m[48;2;255;255;255m▀[0m[38;2;189;188;189m[48;2;189;188;189m▀[0m[38;2;189;190;189m[48;2;117;117;117m▀[0m[38;2;117;117;117m[48;2;255;255;255m▀[0m[38;2;65;64;65m[48;2;255;255;255m▀[0m[38;2;239;226;97m[48;2;138;114;0m▀[0m[38;2;243;232;107m[48;2;243;232;107m▀[0m[38;2;243;232;107m[48;2;243;232;107m▀[0m[38;2;243;232;107m[48;2;138;114;0m▀[0m[38;2;146;121;0m[48;2;255;255;255m▀[0m[38;2;189;190;189m[48;2;255;255;255m▀[0m[38;2;189;190;189m[48;2;255;255;255m▀[0m[38;2;189;188;189m[48;2;189;188;189m▀[0m[38;2;255;255;255m[48;2;255;255;255m▀[0m[38;2;255;255;255m[48;2;255;255;255m▀[0m[38;2;255;255;255m[48;2;255;255;255m▀[0m[38;2;255;255;255m[48;2;255;255;255m▀[0m[38;2;255;255;255m[48;2;255;255;255m▀[0m[38;2;255;255;255m[48;2;255;255;255m▀[0m[38;2;255;255;255m[48;2;255;255;255m▀[0m[38;2;172;171;172m[48;2;255;255;255m▀[0m[38;2;255;255;255m[48;2;255;255;255m▀[0m[38;2;255;255;255m[48;2;255;255;255m▀[0m[38;2;0;0;0m[48;2;255;255;255m▀[0m[38;2;0;0;0m[48;2;255;255;255m▀[0m[38;2;8;4;8m▄   
 [38;2;0;0;0m[48;2;0;0;0m▀[0m[38;2;255;255;255m[48;2;255;255;255m▀[0m[38;2;255;255;255m[48;2;255;255;255m▀[0m[38;2;189;188;189m[48;2;255;255;255m▀[0m[38;2;189;188;189m[48;2;189;188;189m▀[0m[38;2;189;188;189m[48;2;189;188;189m▀[0m[38;2;189;188;189m[48;2;126;124;126m▀[0m[38;2;189;188;189m[48;2;189;186;189m▀[0m[38;2;189;188;189m[48;2;189;186;189m▀[0m[38;2;189;188;189m[48;2;126;124;126m▀[0m[38;2;117;117;117m[48;2;255;255;255m▀[0m[38;2;255;255;255m[48;2;255;255;255m▀[0m[38;2;255;255;255m[48;2;255;255;255m▀[0m[38;2;255;255;255m[48;2;255;255;255m▀[0m[38;2;138;114;0m[48;2;255;255;255m▀[0m[38;2;138;114;0m[48;2;138;114;0m▀[0m[38;2;255;255;255m[48;2;255;255;255m▀[0m[38;2;255;255;255m[48;2;189;188;189m▀[0m[38;2;255;255;255m[48;2;255;255;255m▀[0m[38;2;255;255;255m[48;2;255;255;255m▀[0m[38;2;255;255;255m[48;2;255;255;255m▀[0m[38;2;255;255;255m[48;2;255;255;255m▀[0m[38;2;255;255;255m[48;2;189;188;189m▀[0m[38;2;189;188;189m[48;2;255;255;255m▀[0m[38;2;255;255;255m[48;2;255;255;255m▀[0m[38;2;255;255;255m[48;2;255;255;255m▀[0m[38;2;255;255;255m[48;2;255;255;255m▀[0m[38;2;255;255;255m[48;2;255;255;255m▀[0m[38;2;255;255;255m[48;2;255;255;255m▀[0m[38;2;255;255;255m[48;2;255;255;255m▀[0m[38;2;255;255;255m[48;2;255;255;255m▀[0m[38;2;189;188;189m[48;2;255;255;255m▀[0m[38;2;172;171;172m[48;2;189;188;189m▀[0m[38;2;172;171;172m[48;2;189;188;189m▀[0m[38;2;0;0;0m[48;2;0;0;0m▀[0m  
  [38;2;0;0;0m▀[38;2;189;188;189m[48;2;0;0;0m▀[0m[38;2;189;188;189m[48;2;0;0;0m▀[0m[38;2;189;188;189m[48;2;0;0;0m▀[0m[38;2;189;188;189m[48;2;0;0;0m▀[0m[38;2;0;0;0m▀[38;2;0;0;0m▀[38;2;0;0;0m▀[38;2;63;62;63m[48;2;0;0;0m▀[0m[38;2;255;255;255m[48;2;189;190;189m▀[0m[38;2;189;188;189m[48;2;189;190;189m▀[0m[38;2;255;255;255m[48;2;189;188;189m▀[0m[38;2;255;255;255m[48;2;189;188;189m▀[0m[38;2;255;255;255m[48;2;255;255;255m▀[0m[38;2;255;255;255m[48;2;255;255;255m▀[0m[38;2;255;255;255m[48;2;189;188;189m▀[0m[38;2;189;188;189m[48;2;189;188;189m▀[0m[38;2;189;188;189m[48;2;189;188;189m▀[0m[38;2;255;255;255m[48;2;189;188;189m▀[0m[38;2;255;255;255m[48;2;189;190;189m▀[0m[38;2;189;188;189m[48;2;189;190;189m▀[0m[38;2;189;188;189m[48;2;189;188;189m▀[0m[38;2;255;255;255m[48;2;189;188;189m▀[0m[38;2;255;255;255m[48;2;189;188;189m▀[0m[38;2;255;255;255m[48;2;255;255;255m▀[0m[38;2;255;255;255m[48;2;255;255;255m▀[0m[38;2;255;255;255m[48;2;189;188;189m▀[0m[38;2;255;255;255m[48;2;255;255;255m▀[0m[38;2;255;255;255m[48;2;255;255;255m▀[0m[38;2;255;255;255m[48;2;255;255;255m▀[0m[38;2;255;255;255m[48;2;255;255;255m▀[0m[38;2;189;188;189m[48;2;189;188;189m▀[0m[38;2;189;188;189m[48;2;189;188;189m▀[0m[38;2;189;190;189m[48;2;189;190;189m▀[0m[38;2;0;0;0m[48;2;0;0;0m▀[0m 
           [38;2;0;0;0m▀[38;2;0;0;0m▀[38;2;189;188;189m[48;2;8;0;0m▀[0m[38;2;189;188;189m[48;2;65;64;65m▀[0m[38;2;189;188;189m[48;2;65;64;65m▀[0m[38;2;189;188;189m[48;2;189;188;189m▀[0m[38;2;189;188;189m[48;2;189;186;189m▀[0m[38;2;189;188;189m[48;2;189;186;189m▀[0m[38;2;189;188;189m[48;2;126;125;126m▀[0m[38;2;189;188;189m[48;2;186;186;186m▀[0m[38;2;189;190;189m[48;2;189;188;189m▀[0m[38;2;117;117;117m[48;2;189;188;189m▀[0m[38;2;189;188;189m[48;2;119;117;119m▀[0m[38;2;189;188;189m[48;2;119;117;119m▀[0m[38;2;189;188;189m[48;2;0;0;0m▀[0m[38;2;189;188;189m[48;2;0;0;0m▀[0m[38;2;189;188;189m[48;2;189;190;189m▀[0m[38;2;189;188;189m[48;2;189;190;189m▀[0m[38;2;117;117;117m[48;2;189;186;189m▀[0m[38;2;255;255;255m[48;2;126;124;126m▀[0m[38;2;255;255;255m[48;2;117;117;117m▀[0m[38;2;117;117;117m[48;2;189;190;189m▀[0m[38;2;189;188;189m[48;2;189;188;189m▀[0m[38;2;189;188;189m[48;2;189;188;189m▀[0m[38;2;0;0;0m[48;2;189;190;189m▀[0m[38;2;0;0;0m▄ 
            [38;2;0;0;0m[48;2;0;0;0m▀[0m[38;2;245;234;112m[48;2;0;0;0m▀[0m[38;2;196;165;32m[48;2;0;0;0m▀[0m[38;2;247;236;114m[48;2;200;169;37m▀[0m[38;2;65;64;65m[48;2;200;169;37m▀[0m[38;2;126;124;126m[48;2;0;0;0m▀[0m[38;2;63;62;63m[48;2;243;232;107m▀[0m[38;2;65;64;65m[48;2;194;162;28m▀[0m[38;2;65;64;65m[48;2;244;231;108m▀[0m[38;2;189;188;189m[48;2;65;64;65m▀[0m[38;2;189;188;189m[48;2;8;0;0m▀[0m[38;2;0;0;0m▀[38;2;0;0;0m▀  [38;2;0;0;0m▀[38;2;0;0;0m▀[38;2;0;0;0m▀[38;2;189;186;189m[48;2;0;0;0m▀[0m[38;2;189;190;189m[48;2;189;190;189m▀[0m[38;2;189;190;189m[48;2;189;190;189m▀[0m[38;2;189;188;189m[48;2;189;190;189m▀[0m[38;2;189;188;189m[48;2;189;190;189m▀[0m[38;2;189;190;189m[48;2;0;0;0m▀[0m[38;2;0;0;0m▀ 
               [38;2;0;0;0m▀[38;2;0;0;0m▀ [38;2;0;0;0m▀[38;2;0;4;8m▀[38;2;194;162;28m[48;2;0;0;0m▀[0m[38;2;199;168;36m[48;2;0;0;0m▀[0m[38;2;8;0;0m▀        [38;2;0;0;0m▀[38;2;0;0;0m▀[38;2;0;0;0m▀[38;2;0;0;0m▀   
                                     [0m                                     