  [38;2;0;0;0m▄[38;2;0;0;0m[48;2;225;176;170m▀[0m[38;2;0;0;0m[48;2;255;200;188m▀[0m[38;2;0;0;0m▄   [38;2;0;0;0m▄[38;2;0;0;0m▄        
  [38;2;0;0;0m[48;2;0;0;0m▀[0m[38;2;255;200;188m[48;2;255;200;188m▀[0m[38;2;255;200;188m[48;2;255;200;188m▀[0m[38;2;65;65;65m[48;2;225;176;170m▀[0m[38;2;0;0;0m[48;2;255;200;188m▀[0m[38;2;0;0;0m▄[38;2;0;0;0m[48;2;0;0;0m▀[0m[38;2;255;219;200m[48;2;255;219;200m▀[0m[38;2;225;176;170m[48;2;255;219;200m▀[0m[38;2;0;0;0m[48;2;0;0;0m▀[0m       
  [38;2;0;0;0m[48;2;0;0;0m▀[0m[38;2;250;237;182m[48;2;250;237;182m▀[0m[38;2;225;176;170m[48;2;250;237;182m▀[0m[38;2;255;200;188m[48;2;250;237;182m▀[0m[38;2;225;176;170m[48;2;255;200;188m▀[0m[38;2;225;176;170m[48;2;65;65;65m▀[0m[38;2;65;65;65m[48;2;255;255;176m▀[0m[38;2;255;219;200m[48;2;255;219;200m▀[0m[38;2;255;219;200m[48;2;225;176;170m▀[0m[38;2;0;0;0m[48;2;255;219;200m▀[0m[38;2;0;0;0m[48;2;255;219;200m▀[0m[38;2;0;0;0m▄     
 [38;2;0;0;0m[48;2;0;0;0m▀[0m[38;2;250;237;182m[48;2;250;237;182m▀[0m[38;2;250;237;182m[48;2;250;237;182m▀[0m[38;2;250;237;182m[48;2;166;208;255m▀[0m[38;2;166;208;255m[48;2;248;255;255m▀[0m[38;2;166;208;255m[48;2;65;65;65m▀[0m[38;2;65;65;65m[48;2;255;255;176m▀[0m[38;2;255;255;176m[48;2;255;255;176m▀[0m[38;2;255;255;176m[48;2;255;255;176m▀[0m[38;2;255;255;176m[48;2;255;255;176m▀[0m[38;2;255;219;200m[48;2;225;176;170m▀[0m[38;2;225;176;170m[48;2;0;0;0m▀[0m[38;2;0;0;0m▀     
 [38;2;0;0;0m[48;2;0;0;0m▀[0m[38;2;250;237;182m[48;2;250;237;182m▀[0m[38;2;166;208;255m[48;2;166;208;255m▀[0m[38;2;248;255;255m[48;2;248;255;255m▀[0m[38;2;248;255;255m[48;2;166;208;255m▀[0m[38;2;65;65;65m[48;2;255;255;176m▀[0m[38;2;255;255;176m[48;2;255;255;176m▀[0m[38;2;255;255;176m[48;2;250;224;108m▀[0m[38;2;255;255;176m[48;2;250;224;108m▀[0m[38;2;255;255;176m[48;2;250;224;108m▀[0m[38;2;255;255;176m[48;2;255;255;176m▀[0m[38;2;255;200;188m[48;2;255;255;176m▀[0m[38;2;0;0;0m[48;2;0;0;0m▀[0m     
  [38;2;0;0;0m[48;2;0;0;0m▀[0m[38;2;248;255;255m[48;2;248;255;255m▀[0m[38;2;248;255;255m[48;2;248;255;255m▀[0m[38;2;166;208;255m[48;2;166;208;255m▀[0m[38;2;255;255;255m[48;2;1;159;146m▀[0m[38;2;0;0;0m[48;2;1;159;146m▀[0m[38;2;255;255;255m[48;2;255;255;255m▀[0m[38;2;65;65;65m[48;2;65;65;65m▀[0m[38;2;197;255;255m[48;2;197;255;255m▀[0m[38;2;0;0;0m[48;2;0;0;0m▀[0m[38;2;0;0;0m▀      
  [38;2;0;0;0m▀[38;2;166;208;255m[48;2;0;0;0m▀[0m[38;2;248;255;255m[48;2;0;0;0m▀[0m[38;2;248;255;255m[48;2;197;255;255m▀[0m[38;2;65;65;65m[48;2;197;255;255m▀[0m[38;2;1;159;146m[48;2;197;255;255m▀[0m[38;2;65;65;65m[48;2;166;208;255m▀[0m[38;2;197;255;255m[48;2;166;208;255m▀[0m[38;2;197;255;255m[48;2;197;255;255m▀[0m[38;2;0;0;0m[48;2;0;0;0m▀[0m       
     [38;2;0;0;0m▀[38;2;0;0;0m▀[38;2;0;0;0m▀[38;2;0;0;0m[48;2;0;0;0m▀[0m[38;2;197;255;255m[48;2;248;255;255m▀[0m[38;2;248;255;255m[48;2;248;255;255m▀[0m[38;2;65;65;65m[48;2;166;208;255m▀[0m[38;2;0;0;0m[48;2;248;255;255m▀[0m[38;2;0;0;0m[48;2;166;208;255m▀[0m[38;2;0;0;0m▄[38;2;0;0;0m▄[38;2;0;0;0m[48;2;197;255;255m▀[0m[38;2;0;0;0m▄ 
      [38;2;0;0;0m▄[38;2;0;0;0m[48;2;166;208;255m▀[0m[38;2;248;255;255m[48;2;248;255;255m▀[0m[38;2;248;255;255m[48;2;248;255;255m▀[0m[38;2;197;255;255m[48;2;166;208;255m▀[0m[38;2;166;208;255m[48;2;248;255;255m▀[0m[38;2;248;255;255m[48;2;255;255;255m▀[0m[38;2;248;255;255m[48;2;1;159;146m▀[0m[38;2;166;208;255m[48;2;248;255;255m▀[0m[38;2;197;255;255m[48;2;166;208;255m▀[0m[38;2;197;255;255m[48;2;0;0;0m▀[0m[38;2;0;0;0m▀ 
      [38;2;0;0;0m[48;2;0;0;0m▀[0m[38;2;248;255;255m[48;2;166;208;255m▀[0m[38;2;248;255;255m[48;2;248;255;255m▀[0m[38;2;248;255;255m[48;2;248;255;255m▀[0m[38;2;248;255;255m[48;2;248;255;255m▀[0m[38;2;248;255;255m[48;2;248;255;255m▀[0m[38;2;166;208;255m[48;2;248;255;255m▀[0m[38;2;1;159;146m[48;2;248;255;255m▀[0m[38;2;248;255;255m[48;2;166;208;255m▀[0m[38;2;166;208;255m[48;2;0;0;0m▀[0m[38;2;0;0;0m▀  
       [38;2;0;0;0m[48;2;0;0;0m▀[0m[38;2;166;208;255m[48;2;197;255;255m▀[0m[38;2;222;222;222m[48;2;65;65;65m▀[0m[38;2;248;255;255m[48;2;248;255;255m▀[0m[38;2;248;255;255m[48;2;248;255;255m▀[0m[38;2;166;208;255m[48;2;65;65;65m▀[0m[38;2;166;208;255m[48;2;197;255;255m▀[0m[38;2;197;255;255m[48;2;65;65;65m▀[0m[38;2;0;0;0m[48;2;0;0;0m▀[0m   
        [38;2;0;0;0m▀[38;2;0;0;0m▀[38;2;248;255;255m[48;2;0;0;0m▀[0m[38;2;248;255;255m[48;2;0;0;0m▀[0m[38;2;0;0;0m▀[38;2;0;0;0m▀[38;2;0;0;0m▀    
                                     [0m                                     