     [38;2;0;0;0m▄[38;2;0;0;0m▄[38;2;0;0;0m▄[38;2;0;0;0m[48;2;173;110;99m▀[0m[38;2;0;0;0m[48;2;173;110;99m▀[0m[38;2;0;0;0m▄   [38;2;0;0;0m▄[38;2;0;0;0m[48;2;140;140;123m▀[0m[38;2;0;0;0m[48;2;0;0;0m▀[0m [38;2;0;0;0m▄[38;2;0;0;0m▄    
  [38;2;0;0;0m▄[38;2;0;0;0m▄[38;2;0;0;0m[48;2;65;65;65m▀[0m[38;2;173;110;99m[48;2;65;65;65m▀[0m[38;2;173;110;99m[48;2;189;189;189m▀[0m[38;2;189;189;189m[48;2;189;189;189m▀[0m[38;2;65;65;65m[48;2;189;189;189m▀[0m[38;2;189;189;189m[48;2;65;65;65m▀[0m[38;2;189;189;189m[48;2;189;189;189m▀[0m[38;2;0;0;0m[48;2;0;0;0m▀[0m[38;2;0;0;0m▄[38;2;0;0;0m▄[38;2;0;0;0m[48;2;65;65;65m▀[0m[38;2;140;140;123m[48;2;140;140;123m▀[0m[38;2;0;0;0m[48;2;65;65;65m▀[0m[38;2;0;0;0m[48;2;140;140;123m▀[0m[38;2;140;140;123m[48;2;140;140;123m▀[0m[38;2;0;0;0m[48;2;0;0;0m▀[0m    
 [38;2;0;0;0m▀[38;2;173;110;99m[48;2;0;0;0m▀[0m[38;2;173;110;99m[48;2;173;110;99m▀[0m[38;2;173;110;99m[48;2;189;189;189m▀[0m[38;2;189;189;189m[48;2;189;189;189m▀[0m[38;2;65;65;65m[48;2;189;189;189m▀[0m[38;2;65;65;65m[48;2;189;189;189m▀[0m[38;2;189;189;189m[48;2;65;65;65m▀[0m[38;2;65;65;65m[48;2;65;65;65m▀[0m[38;2;65;65;65m[48;2;140;140;123m▀[0m[38;2;65;65;65m[48;2;140;140;123m▀[0m[38;2;65;65;65m[48;2;140;140;123m▀[0m[38;2;235;220;138m[48;2;65;65;65m▀[0m[38;2;235;220;138m[48;2;235;220;138m▀[0m[38;2;65;65;65m[48;2;235;220;138m▀[0m[38;2;140;140;123m[48;2;65;65;65m▀[0m[38;2;140;140;123m[48;2;0;0;0m▀[0m[38;2;0;0;0m[48;2;0;0;0m▀[0m     
  [38;2;0;0;0m▄[38;2;0;0;0m[48;2;65;65;65m▀[0m[38;2;65;65;65m[48;2;255;255;255m▀[0m[38;2;65;65;65m[48;2;189;189;189m▀[0m[38;2;189;189;189m[48;2;65;65;65m▀[0m[38;2;65;65;65m[48;2;65;65;65m▀[0m[38;2;140;140;123m[48;2;65;65;65m▀[0m[38;2;140;140;123m[48;2;65;65;65m▀[0m[38;2;65;65;65m[48;2;140;140;123m▀[0m[38;2;65;65;65m[48;2;140;140;123m▀[0m[38;2;140;140;123m[48;2;65;65;65m▀[0m[38;2;140;140;123m[48;2;140;140;123m▀[0m[38;2;65;65;65m[48;2;65;65;65m▀[0m[38;2;235;220;138m[48;2;235;220;138m▀[0m[38;2;0;0;0m[48;2;65;65;65m▀[0m[38;2;189;189;189m[48;2;65;65;65m▀[0m[38;2;189;189;189m[48;2;255;255;255m▀[0m[38;2;0;0;0m[48;2;173;110;99m▀[0m[38;2;0;0;0m[48;2;247;127;115m▀[0m[38;2;0;0;0m▄  
  [38;2;0;0;0m[48;2;0;0;0m▀[0m[38;2;255;255;255m[48;2;189;189;189m▀[0m[38;2;0;0;0m[48;2;0;0;0m▀[0m[38;2;0;0;0m[48;2;235;220;138m▀[0m[38;2;65;65;65m[48;2;65;65;65m▀[0m[38;2;65;65;65m[48;2;247;127;115m▀[0m[38;2;65;65;65m[48;2;65;65;65m▀[0m[38;2;65;65;65m[48;2;65;65;65m▀[0m[38;2;65;65;65m[48;2;65;65;65m▀[0m[38;2;140;140;123m[48;2;65;65;65m▀[0m[38;2;140;140;123m[48;2;140;140;123m▀[0m[38;2;65;65;65m[48;2;65;65;65m▀[0m[38;2;235;220;138m[48;2;235;220;138m▀[0m[38;2;65;65;65m[48;2;65;65;65m▀[0m[38;2;189;189;189m[48;2;255;255;255m▀[0m[38;2;189;189;189m[48;2;255;255;255m▀[0m[38;2;65;65;65m[48;2;173;110;99m▀[0m[38;2;247;127;115m[48;2;65;65;65m▀[0m[38;2;247;127;115m[48;2;65;65;65m▀[0m[38;2;247;127;115m[48;2;0;0;0m▀[0m[38;2;0;0;0m▀ 
   [38;2;0;0;0m[48;2;0;0;0m▀[0m[38;2;189;189;189m[48;2;65;65;65m▀[0m[38;2;65;65;65m[48;2;65;65;65m▀[0m[38;2;235;220;138m[48;2;235;220;138m▀[0m[38;2;247;127;115m[48;2;65;65;65m▀[0m[38;2;65;65;65m[48;2;65;65;65m▀[0m[38;2;65;65;65m[48;2;247;127;115m▀[0m[38;2;247;127;115m[48;2;173;110;99m▀[0m[38;2;65;65;65m[48;2;65;65;65m▀[0m[38;2;65;65;65m[48;2;235;220;138m▀[0m[38;2;235;220;138m[48;2;65;65;65m▀[0m[38;2;65;65;65m[48;2;65;65;65m▀[0m[38;2;189;189;189m[48;2;255;255;255m▀[0m[38;2;65;65;65m[48;2;255;255;255m▀[0m[38;2;65;65;65m[48;2;255;255;255m▀[0m[38;2;247;127;115m[48;2;65;65;65m▀[0m[38;2;247;127;115m[48;2;65;65;65m▀[0m[38;2;247;127;115m[48;2;0;0;0m▀[0m[38;2;0;0;0m[48;2;0;0;0m▀[0m  
  [38;2;0;0;0m[48;2;0;0;0m▀[0m[38;2;235;220;138m[48;2;212;182;80m▀[0m[38;2;235;220;138m[48;2;235;220;138m▀[0m[38;2;212;182;80m[48;2;65;65;65m▀[0m[38;2;65;65;65m[48;2;0;0;0m▀[0m[38;2;235;220;138m[48;2;0;0;0m▀[0m[38;2;235;220;138m[48;2;65;65;65m▀[0m[38;2;235;220;138m[48;2;65;65;65m▀[0m[38;2;65;65;65m[48;2;212;182;80m▀[0m[38;2;65;65;65m[48;2;65;65;65m▀[0m[38;2;65;65;65m[48;2;255;255;255m▀[0m[38;2;255;255;255m[48;2;0;0;0m▀[0m[38;2;255;255;255m[48;2;0;0;0m▀[0m[38;2;65;65;65m[48;2;189;189;189m▀[0m[38;2;255;255;255m[48;2;65;65;65m▀[0m[38;2;173;110;99m[48;2;247;127;115m▀[0m[38;2;247;127;115m[48;2;247;127;115m▀[0m[38;2;0;0;0m[48;2;247;127;115m▀[0m[38;2;0;0;0m▄   
  [38;2;0;0;0m▀[38;2;235;220;138m[48;2;0;0;0m▀[0m[38;2;212;182;80m[48;2;235;220;138m▀[0m[38;2;0;0;0m[48;2;0;0;0m▀[0m [38;2;0;0;0m▄[38;2;0;0;0m[48;2;235;220;138m▀[0m[38;2;212;182;80m[48;2;235;220;138m▀[0m[38;2;212;182;80m[48;2;0;0;0m▀[0m[38;2;0;0;0m▀[38;2;255;255;255m[48;2;0;0;0m▀[0m[38;2;0;0;0m[48;2;189;189;189m▀[0m[38;2;0;0;0m[48;2;189;189;189m▀[0m[38;2;189;189;189m[48;2;65;65;65m▀[0m[38;2;0;0;0m[48;2;0;0;0m▀[0m[38;2;0;0;0m▀[38;2;0;0;0m▀[38;2;0;0;0m▀[38;2;0;0;0m▀   
    [38;2;0;0;0m▀  [38;2;0;0;0m[48;2;0;0;0m▀[0m[38;2;235;220;138m[48;2;212;182;80m▀[0m[38;2;235;220;138m[48;2;235;220;138m▀[0m[38;2;0;0;0m[48;2;0;0;0m▀[0m  [38;2;0;0;0m▀[38;2;0;0;0m▀[38;2;0;0;0m▀        
       [38;2;0;0;0m▀[38;2;235;220;138m[48;2;0;0;0m▀[0m[38;2;0;0;0m▀              
                                     [0m                                     