       [38;2;0;0;0m▄[38;2;0;0;0m▄[38;2;0;0;0m[48;2;229;200;63m▀[0m[38;2;0;0;0m[48;2;229;200;63m▀[0m[38;2;0;0;0m[48;2;229;200;63m▀[0m[38;2;0;0;0m[48;2;229;200;63m▀[0m[38;2;0;0;0m[48;2;229;200;63m▀[0m[38;2;0;0;0m▄[38;2;0;0;0m▄              
      [38;2;0;0;0m[48;2;0;0;0m▀[0m[38;2;229;200;63m[48;2;229;200;63m▀[0m[38;2;229;200;63m[48;2;229;200;63m▀[0m[38;2;229;200;63m[48;2;229;200;63m▀[0m[38;2;229;200;63m[48;2;229;200;63m▀[0m[38;2;229;200;63m[48;2;229;200;63m▀[0m[38;2;229;200;63m[48;2;229;200;63m▀[0m[38;2;229;200;63m[48;2;229;200;63m▀[0m[38;2;229;200;63m[48;2;229;200;63m▀[0m[38;2;229;200;63m[48;2;229;200;63m▀[0m[38;2;0;0;0m[48;2;229;200;63m▀[0m[38;2;0;0;0m[48;2;229;200;63m▀[0m[38;2;0;0;0m▄[38;2;0;0;0m▄          
    [38;2;0;0;0m▄[38;2;0;0;0m[48;2;229;200;63m▀[0m[38;2;229;200;63m[48;2;229;200;63m▀[0m[38;2;229;200;63m[48;2;229;200;63m▀[0m[38;2;229;200;63m[48;2;229;200;63m▀[0m[38;2;229;200;63m[48;2;229;200;63m▀[0m[38;2;229;200;63m[48;2;229;200;63m▀[0m[38;2;229;200;63m[48;2;229;200;63m▀[0m[38;2;229;200;63m[48;2;229;200;63m▀[0m[38;2;229;200;63m[48;2;229;200;63m▀[0m[38;2;229;200;63m[48;2;229;200;63m▀[0m[38;2;229;200;63m[48;2;229;200;63m▀[0m[38;2;229;200;63m[48;2;229;200;63m▀[0m[38;2;229;200;63m[48;2;229;200;63m▀[0m[38;2;229;200;63m[48;2;229;200;63m▀[0m[38;2;229;200;63m[48;2;229;200;63m▀[0m[38;2;0;0;0m[48;2;229;200;63m▀[0m[38;2;0;0;0m[48;2;229;200;63m▀[0m[38;2;0;0;0m▄       
   [38;2;0;0;0m▄[38;2;0;0;0m[48;2;229;200;63m▀[0m[38;2;229;200;63m[48;2;229;200;63m▀[0m[38;2;229;200;63m[48;2;229;200;63m▀[0m[38;2;229;200;63m[48;2;229;200;63m▀[0m[38;2;229;200;63m[48;2;229;200;63m▀[0m[38;2;229;200;63m[48;2;187;150;63m▀[0m[38;2;229;200;63m[48;2;0;0;0m▀[0m[38;2;162;125;63m[48;2;255;255;255m▀[0m[38;2;162;125;63m[48;2;197;197;197m▀[0m[38;2;229;200;63m[48;2;229;200;63m▀[0m[38;2;229;200;63m[48;2;187;150;63m▀[0m[38;2;65;65;65m[48;2;65;65;65m▀[0m[38;2;187;150;63m[48;2;187;150;63m▀[0m[38;2;187;150;63m[48;2;187;150;63m▀[0m[38;2;187;150;63m[48;2;187;150;63m▀[0m[38;2;187;150;63m[48;2;187;150;63m▀[0m[38;2;229;200;63m[48;2;187;150;63m▀[0m[38;2;229;200;63m[48;2;187;150;63m▀[0m[38;2;229;200;63m[48;2;229;200;63m▀[0m[38;2;0;0;0m[48;2;229;200;63m▀[0m[38;2;0;0;0m▄     
   [38;2;0;0;0m[48;2;0;0;0m▀[0m[38;2;229;200;63m[48;2;229;200;63m▀[0m[38;2;229;200;63m[48;2;229;200;63m▀[0m[38;2;229;200;63m[48;2;229;200;63m▀[0m[38;2;229;200;63m[48;2;229;200;63m▀[0m[38;2;65;65;65m[48;2;187;150;63m▀[0m[38;2;197;197;197m[48;2;187;150;63m▀[0m[38;2;65;65;65m[48;2;187;150;63m▀[0m[38;2;255;255;255m[48;2;187;150;63m▀[0m[38;2;187;150;63m[48;2;187;150;63m▀[0m[38;2;187;150;63m[48;2;65;65;65m▀[0m[38;2;65;65;65m[48;2;65;65;65m▀[0m[38;2;187;150;63m[48;2;187;150;63m▀[0m[38;2;187;150;63m[48;2;65;65;65m▀[0m[38;2;187;150;63m[48;2;65;65;65m▀[0m[38;2;162;125;63m[48;2;65;65;65m▀[0m[38;2;65;65;65m[48;2;26;103;213m▀[0m[38;2;65;65;65m[48;2;65;65;65m▀[0m[38;2;187;150;63m[48;2;187;150;63m▀[0m[38;2;187;150;63m[48;2;187;150;63m▀[0m[38;2;229;200;63m[48;2;229;200;63m▀[0m[38;2;0;0;0m[48;2;229;200;63m▀[0m[38;2;0;0;0m▄    
    [38;2;0;0;0m▀[38;2;229;200;63m[48;2;0;0;0m▀[0m[38;2;162;125;63m[48;2;0;0;0m▀[0m[38;2;187;150;63m[48;2;187;150;63m▀[0m[38;2;187;150;63m[48;2;187;150;63m▀[0m[38;2;187;150;63m[48;2;65;65;65m▀[0m[38;2;65;65;65m[48;2;174;171;112m▀[0m[38;2;65;65;65m[48;2;26;103;213m▀[0m[38;2;65;65;65m[48;2;65;65;65m▀[0m[38;2;65;65;65m[48;2;65;65;65m▀[0m[38;2;65;65;65m[48;2;65;65;65m▀[0m[38;2;65;65;65m[48;2;65;65;65m▀[0m[38;2;65;65;65m[48;2;26;103;213m▀[0m[38;2;26;103;213m[48;2;174;171;112m▀[0m[38;2;26;103;213m[48;2;174;171;112m▀[0m[38;2;26;103;213m[48;2;26;103;213m▀[0m[38;2;65;65;65m[48;2;65;65;65m▀[0m[38;2;187;150;63m[48;2;187;150;63m▀[0m[38;2;187;150;63m[48;2;187;150;63m▀[0m[38;2;187;150;63m[48;2;187;150;63m▀[0m[38;2;229;200;63m[48;2;229;200;63m▀[0m[38;2;0;0;0m[48;2;0;0;0m▀[0m    
       [38;2;0;0;0m▀[38;2;0;0;0m▀[38;2;65;65;65m[48;2;0;0;0m▀[0m[38;2;65;65;65m[48;2;229;200;63m▀[0m[38;2;63;140;250m[48;2;65;65;65m▀[0m[38;2;63;140;250m[48;2;65;65;65m▀[0m[38;2;65;65;65m[48;2;187;150;63m▀[0m[38;2;229;200;63m[48;2;229;200;63m▀[0m[38;2;65;65;65m[48;2;162;125;63m▀[0m[38;2;63;140;250m[48;2;65;65;65m▀[0m[38;2;255;255;0m[48;2;63;140;250m▀[0m[38;2;174;171;112m[48;2;63;140;250m▀[0m[38;2;26;103;213m[48;2;65;65;65m▀[0m[38;2;65;65;65m[48;2;162;125;63m▀[0m[38;2;187;150;63m[48;2;229;200;63m▀[0m[38;2;187;150;63m[48;2;187;150;63m▀[0m[38;2;229;200;63m[48;2;229;200;63m▀[0m[38;2;229;200;63m[48;2;0;0;0m▀[0m[38;2;0;0;0m▀    
          [38;2;0;0;0m▀[38;2;229;200;63m[48;2;0;0;0m▀[0m[38;2;229;200;63m[48;2;229;200;63m▀[0m[38;2;229;200;63m[48;2;162;125;63m▀[0m[38;2;65;65;65m[48;2;65;65;65m▀[0m[38;2;229;200;63m[48;2;162;125;63m▀[0m[38;2;162;125;63m[48;2;229;200;63m▀[0m[38;2;65;65;65m[48;2;229;200;63m▀[0m[38;2;65;65;65m[48;2;187;150;63m▀[0m[38;2;162;125;63m[48;2;65;65;65m▀[0m[38;2;229;200;63m[48;2;65;65;65m▀[0m[38;2;229;200;63m[48;2;229;200;63m▀[0m[38;2;229;200;63m[48;2;229;200;63m▀[0m[38;2;229;200;63m[48;2;0;0;0m▀[0m[38;2;0;0;0m▀     
    [38;2;0;0;0m▄[38;2;0;0;0m▄[38;2;0;0;0m▄     [38;2;0;0;0m[48;2;0;0;0m▀[0m[38;2;65;65;65m[48;2;65;65;65m▀[0m[38;2;65;65;65m[48;2;65;65;65m▀[0m[38;2;65;65;65m[48;2;65;65;65m▀[0m[38;2;65;65;65m[48;2;162;125;63m▀[0m[38;2;65;65;65m[48;2;229;200;63m▀[0m[38;2;65;65;65m[48;2;229;200;63m▀[0m[38;2;162;125;63m[48;2;229;200;63m▀[0m[38;2;229;200;63m[48;2;65;65;65m▀[0m[38;2;229;200;63m[48;2;0;0;0m▀[0m[38;2;0;0;0m▀       
 [38;2;0;0;0m▄[38;2;0;0;0m[48;2;65;65;65m▀[0m[38;2;0;0;0m[48;2;187;150;63m▀[0m[38;2;187;150;63m[48;2;162;125;63m▀[0m[38;2;187;150;63m[48;2;65;65;65m▀[0m[38;2;187;150;63m[48;2;0;0;0m▀[0m[38;2;0;0;0m▀  [38;2;0;0;0m▄[38;2;0;0;0m[48;2;229;200;63m▀[0m[38;2;229;200;63m[48;2;229;200;63m▀[0m[38;2;65;65;65m[48;2;229;200;63m▀[0m[38;2;162;125;63m[48;2;229;200;63m▀[0m[38;2;229;200;63m[48;2;229;200;63m▀[0m[38;2;229;200;63m[48;2;229;200;63m▀[0m[38;2;229;200;63m[48;2;229;200;63m▀[0m[38;2;229;200;63m[48;2;65;65;65m▀[0m[38;2;65;65;65m[48;2;187;150;63m▀[0m[38;2;187;150;63m[48;2;187;150;63m▀[0m[38;2;187;150;63m[48;2;187;150;63m▀[0m[38;2;0;0;0m[48;2;229;200;63m▀[0m[38;2;0;0;0m[48;2;229;200;63m▀[0m[38;2;0;0;0m[48;2;229;200;63m▀[0m[38;2;0;0;0m▄[38;2;0;0;0m▄   
 [38;2;0;0;0m[48;2;0;0;0m▀[0m[38;2;187;150;63m[48;2;162;125;63m▀[0m[38;2;162;125;63m[48;2;187;150;63m▀[0m[38;2;187;150;63m[48;2;187;150;63m▀[0m[38;2;187;150;63m[48;2;187;150;63m▀[0m[38;2;187;150;63m[48;2;162;125;63m▀[0m[38;2;0;0;0m[48;2;187;150;63m▀[0m[38;2;0;0;0m[48;2;187;150;63m▀[0m[38;2;0;0;0m[48;2;187;150;63m▀[0m[38;2;65;65;65m[48;2;65;65;65m▀[0m[38;2;187;150;63m[48;2;229;200;63m▀[0m[38;2;229;200;63m[48;2;187;150;63m▀[0m[38;2;229;200;63m[48;2;187;150;63m▀[0m[38;2;229;200;63m[48;2;187;150;63m▀[0m[38;2;229;200;63m[48;2;187;150;63m▀[0m[38;2;229;200;63m[48;2;187;150;63m▀[0m[38;2;187;150;63m[48;2;65;65;65m▀[0m[38;2;65;65;65m[48;2;187;150;63m▀[0m[38;2;187;150;63m[48;2;187;150;63m▀[0m[38;2;187;150;63m[48;2;187;150;63m▀[0m[38;2;229;200;63m[48;2;229;200;63m▀[0m[38;2;229;200;63m[48;2;229;200;63m▀[0m[38;2;229;200;63m[48;2;229;200;63m▀[0m[38;2;229;200;63m[48;2;229;200;63m▀[0m[38;2;229;200;63m[48;2;187;150;63m▀[0m[38;2;65;65;65m[48;2;187;150;63m▀[0m[38;2;0;0;0m[48;2;65;65;65m▀[0m[38;2;0;0;0m▄ 
  [38;2;0;0;0m▀[38;2;187;150;63m[48;2;0;0;0m▀[0m[38;2;187;150;63m[48;2;187;150;63m▀[0m[38;2;162;125;63m[48;2;162;125;63m▀[0m[38;2;187;150;63m[48;2;187;150;63m▀[0m[38;2;187;150;63m[48;2;187;150;63m▀[0m[38;2;187;150;63m[48;2;187;150;63m▀[0m[38;2;65;65;65m[48;2;65;65;65m▀[0m[38;2;229;200;63m[48;2;229;200;63m▀[0m[38;2;229;200;63m[48;2;229;200;63m▀[0m[38;2;229;200;63m[48;2;229;200;63m▀[0m[38;2;229;200;63m[48;2;229;200;63m▀[0m[38;2;229;200;63m[48;2;229;200;63m▀[0m[38;2;229;200;63m[48;2;229;200;63m▀[0m[38;2;229;200;63m[48;2;229;200;63m▀[0m[38;2;65;65;65m[48;2;229;200;63m▀[0m[38;2;187;150;63m[48;2;65;65;65m▀[0m[38;2;187;150;63m[48;2;162;125;63m▀[0m[38;2;187;150;63m[48;2;162;125;63m▀[0m[38;2;162;125;63m[48;2;229;200;63m▀[0m[38;2;229;200;63m[48;2;162;125;63m▀[0m[38;2;187;150;63m[48;2;187;150;63m▀[0m[38;2;187;150;63m[48;2;187;150;63m▀[0m[38;2;187;150;63m[48;2;187;150;63m▀[0m[38;2;187;150;63m[48;2;187;150;63m▀[0m[38;2;187;150;63m[48;2;187;150;63m▀[0m[38;2;0;0;0m[48;2;0;0;0m▀[0m 
    [38;2;0;0;0m▀[38;2;0;0;0m▀[38;2;0;0;0m▀[38;2;187;150;63m[48;2;0;0;0m▀[0m[38;2;187;150;63m[48;2;0;0;0m▀[0m[38;2;65;65;65m[48;2;0;0;0m▀[0m[38;2;187;150;63m[48;2;229;200;63m▀[0m[38;2;229;200;63m[48;2;187;150;63m▀[0m[38;2;229;200;63m[48;2;187;150;63m▀[0m[38;2;229;200;63m[48;2;187;150;63m▀[0m[38;2;229;200;63m[48;2;187;150;63m▀[0m[38;2;229;200;63m[48;2;187;150;63m▀[0m[38;2;187;150;63m[48;2;229;200;63m▀[0m[38;2;187;150;63m[48;2;229;200;63m▀[0m[38;2;229;200;63m[48;2;229;200;63m▀[0m[38;2;162;125;63m[48;2;229;200;63m▀[0m[38;2;229;200;63m[48;2;162;125;63m▀[0m[38;2;187;150;63m[48;2;229;200;63m▀[0m[38;2;229;200;63m[48;2;187;150;63m▀[0m[38;2;162;125;63m[48;2;229;200;63m▀[0m[38;2;187;150;63m[48;2;162;125;63m▀[0m[38;2;187;150;63m[48;2;187;150;63m▀[0m[38;2;187;150;63m[48;2;187;150;63m▀[0m[38;2;187;150;63m[48;2;0;0;0m▀[0m[38;2;0;0;0m▀ 
          [38;2;0;0;0m▀[38;2;229;200;63m[48;2;0;0;0m▀[0m[38;2;229;200;63m[48;2;229;200;63m▀[0m[38;2;229;200;63m[48;2;229;200;63m▀[0m[38;2;229;200;63m[48;2;229;200;63m▀[0m[38;2;229;200;63m[48;2;229;200;63m▀[0m[38;2;229;200;63m[48;2;229;200;63m▀[0m[38;2;229;200;63m[48;2;229;200;63m▀[0m[38;2;229;200;63m[48;2;229;200;63m▀[0m[38;2;229;200;63m[48;2;162;125;63m▀[0m[38;2;162;125;63m[48;2;187;150;63m▀[0m[38;2;187;150;63m[48;2;229;200;63m▀[0m[38;2;229;200;63m[48;2;187;150;63m▀[0m[38;2;187;150;63m[48;2;229;200;63m▀[0m[38;2;162;125;63m[48;2;0;0;0m▀[0m[38;2;187;150;63m[48;2;0;0;0m▀[0m[38;2;0;0;0m▀   
            [38;2;0;0;0m▀[38;2;0;0;0m▀[38;2;229;200;63m[48;2;0;0;0m▀[0m[38;2;229;200;63m[48;2;0;0;0m▀[0m[38;2;229;200;63m[48;2;0;0;0m▀[0m[38;2;162;125;63m[48;2;0;0;0m▀[0m[38;2;162;125;63m[48;2;0;0;0m▀[0m[38;2;187;150;63m[48;2;0;0;0m▀[0m[38;2;229;200;63m[48;2;0;0;0m▀[0m[38;2;187;150;63m[48;2;0;0;0m▀[0m[38;2;0;0;0m▀[38;2;0;0;0m▀      
                                     [0m                                     