    [38;2;0;0;0m▄[38;2;0;0;0m[48;2;22;224;179m▀[0m[38;2;0;0;0m▄                               
    [38;2;0;0;0m▀[38;2;22;224;179m[48;2;24;13;0m▀[0m[38;2;22;224;179m[48;2;24;226;186m▀[0m[38;2;0;0;0m[48;2;138;163;169m▀[0m[38;2;0;0;0m▄                       [38;2;0;0;0m▄[38;2;0;0;0m▄[38;2;0;0;0m[48;2;22;224;179m▀[0m[38;2;0;0;0m[48;2;22;224;179m▀[0m[38;2;0;0;0m▄ 
    [38;2;0;0;0m[48;2;0;0;0m▀[0m[38;2;24;226;186m[48;2;63;64;63m▀[0m[38;2;32;71;63m[48;2;190;194;192m▀[0m[38;2;69;81;84m[48;2;217;187;167m▀[0m[38;2;205;246;255m[48;2;78;63;55m▀[0m[38;2;0;0;0m[48;2;255;255;255m▀[0m[38;2;0;0;0m▄ [38;2;0;0;0m▄           [38;2;0;0;0m▄[38;2;0;0;0m[48;2;64;65;65m▀[0m[38;2;0;0;0m[48;2;255;255;255m▀[0m[38;2;64;65;65m▄[38;2;64;65;65m▄[38;2;24;13;0m▄[38;2;0;0;0m[48;2;24;226;186m▀[0m[38;2;0;0;0m[48;2;23;223;183m▀[0m[38;2;22;224;179m[48;2;23;223;183m▀[0m[38;2;22;224;179m[48;2;22;224;179m▀[0m[38;2;22;224;179m[48;2;22;224;179m▀[0m[38;2;22;224;179m[48;2;0;0;0m▀[0m[38;2;0;0;0m▀ 
     [38;2;0;0;0m[48;2;0;0;0m▀[0m[38;2;63;64;63m[48;2;22;224;179m▀[0m[38;2;78;63;55m[48;2;14;153;111m▀[0m[38;2;148;124;111m[48;2;84;107;115m▀[0m[38;2;84;84;84m[48;2;64;65;65m▀[0m[38;2;169;169;169m[48;2;64;65;65m▀[0m[38;2;0;0;0m[48;2;216;160;81m▀[0m[38;2;215;159;79m[48;2;216;160;81m▀[0m[38;2;0;0;0m[48;2;0;0;0m▀[0m       [38;2;8;4;0m▄[38;2;0;0;0m[48;2;255;205;131m▀[0m[38;2;0;0;0m[48;2;64;65;65m▀[0m[38;2;255;255;255m[48;2;235;136;92m▀[0m[38;2;64;65;65m[48;2;194;110;72m▀[0m[38;2;255;255;255m[48;2;76;64;55m▀[0m[38;2;64;65;65m[48;2;150;82;29m▀[0m[38;2;191;191;191m[48;2;98;85;92m▀[0m[38;2;32;71;63m[48;2;23;223;183m▀[0m[38;2;24;226;186m[48;2;23;223;183m▀[0m[38;2;23;223;183m[48;2;17;154;138m▀[0m[38;2;23;223;183m[48;2;0;8;0m▀[0m[38;2;0;0;0m▀[38;2;0;0;0m▀   
      [38;2;0;0;0m▀[38;2;84;107;115m[48;2;26;2;1m▀[0m[38;2;211;138;42m[48;2;34;51;60m▀[0m[38;2;215;159;79m[48;2;64;65;65m▀[0m[38;2;215;159;79m[48;2;64;65;65m▀[0m[38;2;216;160;81m[48;2;216;163;87m▀[0m[38;2;216;160;81m[48;2;0;8;3m▀[0m[38;2;0;0;0m▀      [38;2;0;0;0m▄[38;2;8;4;0m[48;2;255;206;139m▀[0m[38;2;172;137;86m[48;2;255;206;139m▀[0m[38;2;64;65;65m[48;2;195;154;94m▀[0m[38;2;235;136;92m[48;2;74;66;56m▀[0m[38;2;254;134;82m[48;2;64;65;65m▀[0m[38;2;194;110;72m[48;2;64;65;65m▀[0m[38;2;98;85;92m[48;2;196;157;103m▀[0m[38;2;14;201;178m[48;2;75;66;55m▀[0m[38;2;23;223;183m[48;2;22;224;179m▀[0m[38;2;19;166;127m[48;2;22;224;179m▀[0m[38;2;24;226;186m[48;2;23;223;183m▀[0m[38;2;24;226;186m[48;2;23;223;183m▀[0m[38;2;0;0;0m[48;2;22;224;179m▀[0m[38;2;0;0;0m[48;2;22;224;179m▀[0m[38;2;0;0;0m[48;2;22;224;179m▀[0m[38;2;0;0;0m▄ 
    [38;2;0;0;0m▄[38;2;0;0;0m[48;2;40;185;255m▀[0m[38;2;0;0;0m[48;2;40;185;255m▀[0m[38;2;17;104;149m[48;2;36;182;255m▀[0m[38;2;23;152;218m[48;2;15;102;154m▀[0m[38;2;21;143;207m[48;2;21;142;212m▀[0m[38;2;21;121;169m[48;2;21;142;212m▀[0m[38;2;71;56;34m[48;2;15;105;155m▀[0m[38;2;0;8;3m[48;2;21;142;212m▀[0m[38;2;0;0;0m▄       [38;2;0;0;0m▀[38;2;255;206;139m[48;2;0;0;0m▀[0m[38;2;255;198;115m[48;2;255;204;134m▀[0m[38;2;195;154;94m[48;2;255;204;134m▀[0m[38;2;255;201;123m[48;2;255;203;131m▀[0m[38;2;192;155;103m[48;2;255;203;131m▀[0m[38;2;255;203;131m[48;2;211;138;42m▀[0m[38;2;255;203;131m[48;2;84;107;115m▀[0m[38;2;64;65;65m[48;2;23;223;183m▀[0m[38;2;22;224;179m[48;2;19;166;127m▀[0m[38;2;23;223;183m[48;2;17;154;138m▀[0m[38;2;23;223;183m[48;2;0;8;0m▀[0m[38;2;22;224;179m[48;2;0;0;0m▀[0m[38;2;0;0;0m▀[38;2;0;0;0m▀  
  [38;2;0;0;0m▄[38;2;0;0;0m[48;2;16;108;160m▀[0m[38;2;36;182;255m[48;2;39;182;255m▀[0m[38;2;21;142;212m[48;2;41;184;255m▀[0m[38;2;40;185;255m[48;2;23;146;210m▀[0m[38;2;36;182;255m[48;2;55;82;96m▀[0m[38;2;15;102;154m[48;2;255;255;255m▀[0m[38;2;64;65;65m[48;2;255;255;255m▀[0m[38;2;64;65;65m[48;2;255;255;255m▀[0m[38;2;21;142;212m[48;2;79;89;90m▀[0m[38;2;15;105;155m[48;2;11;75;112m▀[0m[38;2;21;142;212m[48;2;17;121;175m▀[0m[38;2;0;0;0m[48;2;17;121;175m▀[0m[38;2;6;24;0m▄[38;2;0;0;0m[48;2;156;193;146m▀[0m[38;2;16;9;0m▄[38;2;0;0;0m[48;2;175;140;87m▀[0m[38;2;0;0;0m▄ [38;2;16;9;0m▄[38;2;0;0;0m[48;2;255;207;131m▀[0m[38;2;255;204;134m[48;2;255;204;134m▀[0m[38;2;255;204;134m[48;2;255;204;134m▀[0m[38;2;196;157;103m[48;2;84;107;115m▀[0m[38;2;75;66;55m[48;2;14;153;111m▀[0m[38;2;84;107;115m[48;2;23;223;183m▀[0m[38;2;14;153;111m[48;2;23;223;183m▀[0m[38;2;23;223;183m[48;2;23;223;183m▀[0m[38;2;23;223;183m[48;2;23;223;183m▀[0m[38;2;24;226;186m[48;2;24;226;186m▀[0m[38;2;24;226;186m[48;2;24;226;186m▀[0m[38;2;22;224;179m[48;2;22;224;179m▀[0m[38;2;0;0;0m[48;2;22;224;179m▀[0m[38;2;0;0;0m▄  
 [38;2;0;0;0m▄[38;2;0;0;0m[48;2;22;148;217m▀[0m[38;2;24;147;211m[48;2;21;142;212m▀[0m[38;2;16;108;160m[48;2;21;142;212m▀[0m[38;2;23;146;210m[48;2;15;102;154m▀[0m[38;2;16;108;160m[48;2;15;102;154m▀[0m[38;2;255;255;255m[48;2;255;228;213m▀[0m[38;2;55;82;96m[48;2;16;4;0m▀[0m[38;2;255;255;255m[48;2;255;255;255m▀[0m[38;2;255;255;255m[48;2;191;191;191m▀[0m[38;2;79;89;90m[48;2;235;136;92m▀[0m[38;2;237;124;75m[48;2;64;65;65m▀[0m[38;2;235;136;92m[48;2;238;139;90m▀[0m[38;2;17;121;175m[48;2;238;139;90m▀[0m[38;2;105;131;105m[48;2;11;75;112m▀[0m[38;2;58;69;66m[48;2;79;89;90m▀[0m[38;2;175;140;87m[48;2;255;204;134m▀[0m[38;2;255;207;131m[48;2;255;204;134m▀[0m[38;2;215;159;79m[48;2;150;107;46m▀[0m[38;2;0;0;0m[48;2;203;155;87m▀[0m[38;2;175;140;87m[48;2;215;159;79m▀[0m[38;2;175;140;87m[48;2;215;159;79m▀[0m[38;2;255;204;134m[48;2;215;159;79m▀[0m[38;2;255;204;134m[48;2;64;65;65m▀[0m[38;2;211;138;42m[48;2;64;65;65m▀[0m[38;2;84;107;115m[48;2;19;169;127m▀[0m[38;2;23;223;183m[48;2;20;170;141m▀[0m[38;2;23;223;183m[48;2;19;213;182m▀[0m[38;2;19;166;127m[48;2;23;223;183m▀[0m[38;2;19;166;127m[48;2;23;223;183m▀[0m[38;2;17;154;138m[48;2;0;0;0m▀[0m[38;2;0;8;0m▀[38;2;0;0;0m▀[38;2;0;0;0m▀   
 [38;2;0;0;0m[48;2;0;0;0m▀[0m[38;2;15;99;146m[48;2;16;108;157m▀[0m[38;2;21;142;212m[48;2;18;75;101m▀[0m[38;2;21;142;212m[48;2;21;115;154m▀[0m[38;2;15;102;154m[48;2;243;131;104m▀[0m[38;2;235;136;92m[48;2;64;74;66m▀[0m[38;2;179;152;138m[48;2;64;65;65m▀[0m[38;2;179;152;138m[48;2;64;65;65m▀[0m[38;2;64;65;65m[48;2;196;99;83m▀[0m[38;2;64;65;65m[48;2;64;65;65m▀[0m[38;2;235;136;92m[48;2;219;124;68m▀[0m[38;2;235;136;92m[48;2;219;124;68m▀[0m[38;2;238;139;90m[48;2;204;110;62m▀[0m[38;2;238;139;90m[48;2;204;110;62m▀[0m[38;2;237;124;75m[48;2;64;65;65m▀[0m[38;2;79;89;90m[48;2;255;206;139m▀[0m[38;2;255;204;134m[48;2;255;206;139m▀[0m[38;2;255;204;134m[48;2;255;206;139m▀[0m[38;2;255;204;131m[48;2;150;107;46m▀[0m[38;2;150;107;46m[48;2;203;155;87m▀[0m[38;2;215;159;79m[48;2;64;65;65m▀[0m[38;2;64;65;65m[48;2;19;169;127m▀[0m[38;2;215;159;79m[48;2;64;65;65m▀[0m[38;2;64;65;65m[48;2;19;169;127m▀[0m[38;2;19;169;127m[48;2;19;169;127m▀[0m[38;2;19;169;127m[48;2;19;169;127m▀[0m[38;2;60;63;65m[48;2;19;169;127m▀[0m[38;2;20;170;141m[48;2;64;65;65m▀[0m[38;2;19;166;127m[48;2;64;65;65m▀[0m[38;2;23;223;183m[48;2;0;0;0m▀[0m[38;2;22;224;179m[48;2;0;0;0m▀[0m[38;2;0;0;0m[48;2;0;0;0m▀[0m     
  [38;2;0;0;0m▀[38;2;8;2;0m▀[38;2;8;2;0m▀[38;2;64;74;66m[48;2;0;0;0m▀[0m[38;2;184;105;90m[48;2;64;65;65m▀[0m[38;2;181;99;114m[48;2;189;190;189m▀[0m[38;2;181;99;114m[48;2;63;63;63m▀[0m[38;2;64;65;65m[48;2;202;109;60m▀[0m[38;2;196;99;83m[48;2;0;0;0m▀[0m[38;2;0;0;0m▀[38;2;219;124;68m[48;2;0;0;0m▀[0m[38;2;204;110;62m[48;2;64;65;65m▀[0m[38;2;204;110;62m[48;2;64;65;65m▀[0m[38;2;64;65;65m[48;2;255;204;134m▀[0m[38;2;255;206;139m[48;2;255;204;134m▀[0m[38;2;147;106;49m[48;2;255;204;131m▀[0m[38;2;255;206;139m[48;2;150;107;46m▀[0m[38;2;255;204;131m[48;2;144;104;47m▀[0m[38;2;150;107;46m[48;2;215;159;79m▀[0m[38;2;64;65;65m[48;2;216;158;78m▀[0m[38;2;19;169;127m[48;2;65;63;57m▀[0m[38;2;19;169;127m[48;2;19;169;127m▀[0m[38;2;64;65;65m[48;2;19;169;127m▀[0m[38;2;64;65;65m[48;2;49;156;97m▀[0m[38;2;19;169;127m[48;2;32;78;45m▀[0m[38;2;19;169;127m[48;2;0;0;0m▀[0m[38;2;19;169;127m[48;2;0;0;0m▀[0m[38;2;0;0;0m[48;2;0;0;0m▀[0m        
      [38;2;0;0;0m▀[38;2;0;0;0m▀[38;2;0;0;0m▀[38;2;0;0;0m▀ [38;2;0;0;0m[48;2;0;0;0m▀[0m[38;2;215;159;79m[48;2;215;159;79m▀[0m[38;2;255;206;139m[48;2;152;106;40m▀[0m[38;2;255;206;139m[48;2;255;204;131m▀[0m[38;2;255;204;134m[48;2;135;110;73m▀[0m[38;2;255;204;134m[48;2;255;201;123m▀[0m[38;2;150;107;46m[48;2;215;159;79m▀[0m[38;2;203;155;87m[48;2;215;159;79m▀[0m[38;2;215;159;79m[48;2;147;106;49m▀[0m[38;2;144;104;47m[48;2;255;206;139m▀[0m[38;2;140;110;67m[48;2;255;206;139m▀[0m[38;2;216;158;78m[48;2;147;106;49m▀[0m[38;2;64;65;65m[48;2;216;159;79m▀[0m[38;2;64;65;65m[48;2;216;159;79m▀[0m[38;2;49;156;97m[48;2;0;0;0m▀[0m[38;2;16;8;0m▀[38;2;0;0;0m▄[38;2;0;0;0m▄         
           [38;2;8;2;0m▄[38;2;0;0;0m[48;2;81;62;54m▀[0m[38;2;204;155;85m[48;2;64;65;65m▀[0m[38;2;204;155;85m[48;2;64;65;65m▀[0m[38;2;75;64;48m[48;2;12;82;123m▀[0m[38;2;195;154;96m[48;2;73;84;87m▀[0m[38;2;215;159;79m[48;2;64;65;65m▀[0m[38;2;64;65;65m[48;2;235;136;92m▀[0m[38;2;255;206;139m[48;2;60;63;65m▀[0m[38;2;255;206;139m[48;2;255;200;131m▀[0m[38;2;255;206;139m[48;2;64;65;65m▀[0m[38;2;255;206;139m[48;2;64;65;65m▀[0m[38;2;150;107;46m[48;2;255;201;123m▀[0m[38;2;216;159;79m[48;2;135;110;73m▀[0m[38;2;215;159;79m[48;2;216;159;79m▀[0m[38;2;0;0;0m[48;2;216;159;79m▀[0m[38;2;215;159;79m[48;2;215;159;79m▀[0m[38;2;215;159;79m[48;2;0;0;0m▀[0m[38;2;0;0;0m▀        
          [38;2;0;0;0m[48;2;0;0;0m▀[0m[38;2;228;184;166m[48;2;63;63;63m▀[0m[38;2;154;123;111m[48;2;189;190;189m▀[0m[38;2;64;65;65m[48;2;201;111;69m▀[0m[38;2;15;102;154m[48;2;99;58;39m▀[0m[38;2;73;84;87m[48;2;78;63;55m▀[0m[38;2;212;99;50m[48;2;148;124;111m▀[0m[38;2;235;136;92m[48;2;255;251;246m▀[0m[38;2;64;65;65m[48;2;103;87;80m▀[0m[38;2;196;155;103m[48;2;255;246;238m▀[0m[38;2;60;63;65m[48;2;114;51;23m▀[0m[38;2;21;142;212m[48;2;21;142;212m▀[0m[38;2;21;142;212m[48;2;64;65;65m▀[0m[38;2;75;64;48m[48;2;215;159;79m▀[0m[38;2;195;154;96m[48;2;215;159;79m▀[0m[38;2;216;159;79m[48;2;215;159;79m▀[0m[38;2;150;107;46m[48;2;215;159;79m▀[0m[38;2;215;159;79m[48;2;150;107;46m▀[0m[38;2;215;159;79m[48;2;0;0;0m▀[0m[38;2;0;0;0m▀        
           [38;2;0;0;0m▀[38;2;189;190;189m[48;2;0;0;0m▀[0m[38;2;2;6;8m▀[38;2;201;111;69m[48;2;0;0;0m▀[0m[38;2;78;63;55m[48;2;19;166;127m▀[0m[38;2;217;187;167m[48;2;0;0;0m▀[0m[38;2;24;6;0m▀[38;2;103;87;80m[48;2;0;0;0m▀[0m[38;2;162;116;94m[48;2;201;111;69m▀[0m[38;2;162;116;94m[48;2;201;111;69m▀[0m[38;2;64;65;65m[48;2;58;65;57m▀[0m[38;2;21;142;212m[48;2;20;135;202m▀[0m[38;2;64;65;65m[48;2;45;74;50m▀[0m[38;2;64;65;65m[48;2;26;166;131m▀[0m[38;2;0;0;0m[48;2;17;154;138m▀[0m[38;2;215;159;79m[48;2;0;8;0m▀[0m[38;2;0;0;0m▀          
               [38;2;0;0;0m▀  [38;2;0;0;0m▄[38;2;2;6;8m[48;2;204;110;62m▀[0m[38;2;99;58;39m[48;2;204;110;62m▀[0m[38;2;20;114;164m[48;2;87;61;50m▀[0m[38;2;20;114;164m[48;2;87;61;50m▀[0m[38;2;45;74;50m[48;2;17;158;132m▀[0m[38;2;24;13;0m[48;2;17;158;132m▀[0m[38;2;24;226;186m[48;2;0;0;0m▀[0m[38;2;24;226;186m[48;2;0;0;0m▀[0m[38;2;0;0;0m▀          
             [38;2;0;0;0m▄[38;2;0;0;0m[48;2;19;166;127m▀[0m[38;2;0;0;0m[48;2;19;169;127m▀[0m[38;2;0;0;0m▄[38;2;0;0;0m[48;2;87;61;50m▀[0m[38;2;202;109;60m[48;2;178;114;84m▀[0m[38;2;204;110;62m[48;2;0;0;0m▀[0m[38;2;204;110;62m[48;2;0;0;0m▀[0m[38;2;178;114;84m[48;2;0;0;0m▀[0m[38;2;0;12;16m▀[38;2;0;8;0m▀[38;2;25;235;174m[48;2;0;0;0m▀[0m[38;2;22;224;179m[48;2;0;0;0m▀[0m[38;2;0;0;0m▀           
            [38;2;0;0;0m▄[38;2;0;0;0m▄[38;2;0;0;0m[48;2;22;224;179m▀[0m[38;2;19;169;127m[48;2;23;224;166m▀[0m[38;2;19;169;127m[48;2;23;178;152m▀[0m[38;2;87;61;50m[48;2;20;170;141m▀[0m[38;2;0;12;16m[48;2;20;170;141m▀[0m[38;2;0;0;0m▄                  
           [38;2;0;0;0m▀[38;2;22;224;179m[48;2;0;0;0m▀[0m[38;2;22;224;179m[48;2;0;0;0m▀[0m[38;2;0;0;0m▀[38;2;60;63;65m[48;2;0;0;0m▀[0m[38;2;23;224;166m[48;2;22;224;179m▀[0m[38;2;60;63;65m[48;2;64;65;65m▀[0m[38;2;19;213;182m[48;2;0;0;0m▀[0m[38;2;0;0;0m▀                  
               [38;2;0;0;0m▀[38;2;22;224;179m[48;2;0;0;0m▀[0m[38;2;0;0;0m▀                    
                                     [0m                                     