         [38;2;0;0;0m▄[38;2;0;0;0m[48;2;236;236;234m▀[0m[38;2;0;0;0m[48;2;0;0;0m▀[0m                
    [38;2;0;0;0m▄[38;2;0;0;0m[48;2;236;236;234m▀[0m[38;2;0;0;0m▄ [38;2;0;0;0m[48;2;0;0;0m▀[0m[38;2;236;236;234m[48;2;236;236;234m▀[0m[38;2;236;236;234m[48;2;236;236;234m▀[0m[38;2;0;0;0m[48;2;66;65;66m▀[0m[38;2;0;0;0m▄[38;2;0;0;0m[48;2;236;236;234m▀[0m[38;2;0;0;0m[48;2;236;236;234m▀[0m[38;2;0;0;0m[48;2;0;0;0m▀[0m            
    [38;2;0;0;0m[48;2;0;0;0m▀[0m[38;2;236;236;234m[48;2;236;236;234m▀[0m[38;2;66;65;66m[48;2;66;65;66m▀[0m[38;2;0;0;0m[48;2;236;236;234m▀[0m[38;2;236;236;234m[48;2;236;236;234m▀[0m[38;2;236;236;234m[48;2;66;65;66m▀[0m[38;2;66;65;66m[48;2;236;236;234m▀[0m[38;2;66;65;66m[48;2;236;236;234m▀[0m[38;2;236;236;234m[48;2;236;236;234m▀[0m[38;2;236;236;234m[48;2;236;236;234m▀[0m[38;2;0;0;8m[48;2;73;73;72m▀[0m[38;2;0;0;0m▄[38;2;0;0;0m▄           
   [38;2;0;0;0m[48;2;0;0;0m▀[0m[38;2;71;71;70m[48;2;236;236;234m▀[0m[38;2;236;236;234m[48;2;170;168;159m▀[0m[38;2;236;236;234m[48;2;236;236;234m▀[0m[38;2;170;168;159m[48;2;170;168;159m▀[0m[38;2;236;236;234m[48;2;236;236;234m▀[0m[38;2;236;236;234m[48;2;170;168;159m▀[0m[38;2;170;168;159m[48;2;236;236;234m▀[0m[38;2;236;236;234m[48;2;66;65;66m▀[0m[38;2;66;65;66m[48;2;236;236;234m▀[0m[38;2;66;65;66m[48;2;236;236;234m▀[0m[38;2;236;236;234m[48;2;236;236;234m▀[0m[38;2;236;236;234m[48;2;236;236;234m▀[0m[38;2;236;236;234m[48;2;0;0;0m▀[0m[38;2;0;0;0m▀          
    [38;2;0;0;0m[48;2;0;0;0m▀[0m[38;2;170;168;159m[48;2;117;114;107m▀[0m[38;2;170;168;159m[48;2;170;168;159m▀[0m[38;2;170;168;159m[48;2;170;168;159m▀[0m[38;2;170;168;159m[48;2;170;168;159m▀[0m[38;2;170;168;159m[48;2;117;114;107m▀[0m[38;2;170;168;159m[48;2;170;168;159m▀[0m[38;2;236;236;234m[48;2;170;168;159m▀[0m[38;2;170;168;159m[48;2;170;168;159m▀[0m[38;2;236;236;234m[48;2;236;236;234m▀[0m[38;2;66;65;66m[48;2;236;236;234m▀[0m[38;2;0;0;0m[48;2;66;65;66m▀[0m[38;2;0;0;0m▄           
  [38;2;0;0;0m▄[38;2;0;0;0m▄[38;2;0;0;0m▄[38;2;0;0;0m[48;2;170;168;159m▀[0m[38;2;170;168;159m[48;2;170;168;159m▀[0m[38;2;164;162;152m[48;2;110;109;102m▀[0m[38;2;110;109;102m[48;2;8;0;0m▀[0m[38;2;0;0;24m[48;2;174;172;163m▀[0m[38;2;64;63;61m[48;2;174;172;163m▀[0m[38;2;143;141;133m[48;2;143;141;133m▀[0m[38;2;182;139;237m[48;2;182;139;237m▀[0m[38;2;186;166;213m[48;2;186;166;213m▀[0m[38;2;134;123;148m[48;2;42;22;9m▀[0m[38;2;236;236;234m[48;2;0;0;0m▀[0m[38;2;236;236;234m[48;2;0;0;0m▀[0m[38;2;0;0;0m▀          
 [38;2;0;0;0m[48;2;0;0;0m▀[0m[38;2;170;168;159m[48;2;170;168;159m▀[0m[38;2;132;130;124m[48;2;66;56;57m▀[0m[38;2;167;165;155m[48;2;167;165;155m▀[0m[38;2;170;168;159m[48;2;170;168;159m▀[0m[38;2;170;168;159m[48;2;66;65;66m▀[0m[38;2;170;168;159m[48;2;170;168;159m▀[0m[38;2;170;168;159m[48;2;66;65;66m▀[0m[38;2;41;60;74m[48;2;177;132;235m▀[0m[38;2;97;76;125m[48;2;97;76;125m▀[0m[38;2;170;168;159m[48;2;170;168;159m▀[0m[38;2;170;168;159m[48;2;66;65;66m▀[0m[38;2;0;0;0m[48;2;0;0;0m▀[0m              
  [38;2;0;0;0m[48;2;0;0;0m▀[0m[38;2;255;251;255m[48;2;255;251;255m▀[0m[38;2;0;0;0m[48;2;85;83;85m▀[0m[38;2;170;168;159m[48;2;0;0;0m▀[0m[38;2;0;0;0m▀[38;2;66;55;81m[48;2;13;8;19m▀[0m[38;2;182;139;237m[48;2;182;139;237m▀[0m[38;2;97;66;137m[48;2;97;66;137m▀[0m[38;2;170;168;159m[48;2;170;168;159m▀[0m[38;2;66;65;66m[48;2;66;65;66m▀[0m[38;2;117;114;107m[48;2;117;114;107m▀[0m[38;2;82;83;82m[48;2;82;83;82m▀[0m[38;2;0;0;0m[48;2;247;251;247m▀[0m[38;2;0;0;0m[48;2;255;255;255m▀[0m[38;2;0;0;0m[48;2;255;255;255m▀[0m[38;2;0;0;0m▄[38;2;0;0;0m▄         
 [38;2;0;0;0m▀[38;2;255;255;255m[48;2;0;0;0m▀[0m[38;2;255;255;255m[48;2;255;255;255m▀[0m[38;2;255;255;255m[48;2;0;0;0m▀[0m[38;2;0;0;0m▀[38;2;0;0;0m[48;2;0;0;0m▀[0m[38;2;122;86;168m[48;2;140;138;129m▀[0m[38;2;122;86;168m[48;2;154;152;143m▀[0m[38;2;172;172;169m[48;2;64;64;63m▀[0m[38;2;64;64;63m[48;2;227;227;223m▀[0m[38;2;170;168;159m[48;2;66;65;66m▀[0m[38;2;170;168;159m[48;2;66;65;66m▀[0m[38;2;172;172;169m[48;2;64;64;63m▀[0m[38;2;64;64;63m[48;2;227;227;223m▀[0m[38;2;255;255;255m[48;2;255;255;255m▀[0m[38;2;255;255;255m[48;2;255;255;255m▀[0m[38;2;255;255;255m[48;2;255;255;255m▀[0m[38;2;255;255;255m[48;2;255;255;255m▀[0m[38;2;0;0;0m[48;2;255;255;255m▀[0m[38;2;0;0;0m▄       
   [38;2;0;0;0m▀[38;2;0;0;0m▄[38;2;0;0;0m[48;2;66;65;66m▀[0m[38;2;210;221;226m[48;2;66;65;66m▀[0m[38;2;224;234;237m[48;2;224;234;237m▀[0m[38;2;66;65;66m[48;2;224;234;237m▀[0m[38;2;255;255;255m[48;2;255;255;255m▀[0m[38;2;255;255;255m[48;2;255;255;255m▀[0m[38;2;255;255;255m[48;2;255;255;255m▀[0m[38;2;255;255;255m[48;2;210;222;226m▀[0m[38;2;255;255;255m[48;2;209;221;225m▀[0m[38;2;255;255;255m[48;2;209;221;225m▀[0m[38;2;210;222;226m[48;2;210;222;226m▀[0m[38;2;210;222;226m[48;2;210;222;226m▀[0m[38;2;210;222;226m[48;2;210;222;226m▀[0m[38;2;255;255;255m[48;2;210;222;226m▀[0m[38;2;241;244;244m[48;2;241;244;244m▀[0m[38;2;0;0;0m[48;2;241;244;244m▀[0m[38;2;0;0;0m▄      
  [38;2;0;0;0m▄[38;2;0;0;0m[48;2;170;168;159m▀[0m[38;2;170;168;159m[48;2;170;168;159m▀[0m[38;2;170;168;159m[48;2;170;168;159m▀[0m[38;2;170;168;159m[48;2;170;168;159m▀[0m[38;2;66;65;66m[48;2;66;65;66m▀[0m[38;2;208;231;235m[48;2;161;177;180m▀[0m[38;2;208;230;235m[48;2;160;177;181m▀[0m[38;2;208;230;235m[48;2;66;65;66m▀[0m[38;2;66;65;66m[48;2;170;168;159m▀[0m[38;2;66;65;66m[48;2;170;168;159m▀[0m[38;2;208;230;235m[48;2;66;65;66m▀[0m[38;2;208;230;235m[48;2;160;177;181m▀[0m[38;2;161;195;201m[48;2;161;195;201m▀[0m[38;2;161;195;201m[48;2;161;195;201m▀[0m[38;2;73;115;116m[48;2;161;187;191m▀[0m[38;2;206;224;229m[48;2;73;115;116m▀[0m[38;2;210;222;226m[48;2;210;222;226m▀[0m[38;2;210;222;226m[48;2;210;222;226m▀[0m[38;2;0;0;0m[48;2;0;0;0m▀[0m  [38;2;0;0;0m▄[38;2;0;0;0m▄  
 [38;2;0;0;0m[48;2;0;0;0m▀[0m[38;2;117;114;107m[48;2;117;114;107m▀[0m[38;2;170;168;159m[48;2;170;168;159m▀[0m[38;2;66;65;66m[48;2;66;65;66m▀[0m[38;2;170;168;159m[48;2;170;168;159m▀[0m[38;2;66;65;66m[48;2;66;65;66m▀[0m[38;2;155;193;198m[48;2;85;108;108m▀[0m[38;2;155;193;198m[48;2;41;69;74m▀[0m[38;2;66;65;66m[48;2;170;168;159m▀[0m[38;2;170;168;159m[48;2;170;168;159m▀[0m[38;2;170;168;159m[48;2;170;168;159m▀[0m[38;2;170;168;159m[48;2;170;168;159m▀[0m[38;2;170;168;159m[48;2;170;168;159m▀[0m[38;2;66;65;66m[48;2;66;65;66m▀[0m[38;2;160;206;210m[48;2;73;115;116m▀[0m[38;2;73;115;116m[48;2;193;177;192m▀[0m[38;2;161;195;201m[48;2;73;114;116m▀[0m[38;2;161;195;201m[48;2;161;195;201m▀[0m[38;2;73;114;116m[48;2;161;195;201m▀[0m[38;2;73;114;116m[48;2;161;195;201m▀[0m[38;2;0;0;0m[48;2;0;0;0m▀[0m[38;2;0;0;0m▄[38;2;0;0;0m[48;2;59;78;92m▀[0m[38;2;59;78;92m[48;2;59;78;92m▀[0m[38;2;0;0;0m[48;2;0;0;0m▀[0m  
  [38;2;0;0;0m▀[38;2;170;168;159m[48;2;0;0;0m▀[0m[38;2;0;0;0m▀[38;2;0;0;0m▀[38;2;0;0;0m[48;2;0;0;0m▀[0m[38;2;213;204;216m[48;2;213;204;216m▀[0m[38;2;66;65;66m[48;2;66;65;66m▀[0m[38;2;170;168;159m[48;2;170;168;159m▀[0m[38;2;66;65;66m[48;2;66;65;66m▀[0m[38;2;170;168;159m[48;2;170;168;159m▀[0m[38;2;66;65;66m[48;2;66;65;66m▀[0m[38;2;170;168;159m[48;2;170;168;159m▀[0m[38;2;66;65;66m[48;2;66;65;66m▀[0m[38;2;213;204;216m[48;2;213;204;216m▀[0m[38;2;190;171;191m[48;2;190;171;191m▀[0m[38;2;139;122;140m[48;2;139;122;140m▀[0m[38;2;72;113;115m[48;2;139;122;140m▀[0m[38;2;149;191;196m[48;2;80;121;123m▀[0m[38;2;0;0;0m[48;2;26;67;69m▀[0m[38;2;0;0;0m▄[38;2;0;0;0m[48;2;66;65;66m▀[0m[38;2;59;78;92m[48;2;66;64;65m▀[0m[38;2;59;78;92m[48;2;66;64;65m▀[0m[38;2;30;55;66m[48;2;143;128;144m▀[0m[38;2;6;4;2m[48;2;6;4;2m▀[0m 
     [38;2;0;0;0m▄[38;2;0;0;0m▄[38;2;8;0;0m[48;2;52;74;85m▀[0m[38;2;203;190;205m[48;2;203;190;205m▀[0m[38;2;66;65;66m[48;2;213;204;216m▀[0m[38;2;66;65;66m[48;2;213;204;216m▀[0m[38;2;171;174;165m[48;2;72;68;62m▀[0m[38;2;66;65;66m[48;2;213;222;223m▀[0m[38;2;66;65;66m[48;2;213;204;216m▀[0m[38;2;213;204;216m[48;2;213;204;216m▀[0m[38;2;185;166;187m[48;2;66;65;66m▀[0m[38;2;146;133;147m[48;2;66;65;66m▀[0m[38;2;140;123;141m[48;2;140;123;141m▀[0m[38;2;140;123;141m[48;2;140;123;141m▀[0m[38;2;140;123;141m[48;2;140;123;141m▀[0m[38;2;140;123;141m[48;2;140;123;141m▀[0m[38;2;140;123;141m[48;2;140;123;141m▀[0m[38;2;140;123;141m[48;2;140;123;141m▀[0m[38;2;139;123;141m[48;2;139;123;141m▀[0m[38;2;139;123;141m[48;2;0;0;0m▀[0m[38;2;0;0;0m▀  
   [38;2;0;0;0m▄[38;2;0;0;0m[48;2;209;218;225m▀[0m[38;2;53;75;90m[48;2;199;215;226m▀[0m[38;2;125;144;157m[48;2;53;75;90m▀[0m[38;2;66;81;92m[48;2;102;135;159m▀[0m[38;2;41;60;66m[48;2;66;81;92m▀[0m[38;2;203;190;205m[48;2;0;0;0m▀[0m[38;2;203;190;205m[48;2;0;0;0m▀[0m[38;2;213;204;216m[48;2;190;171;191m▀[0m[38;2;213;204;216m[48;2;190;171;191m▀[0m[38;2;203;190;205m[48;2;203;190;205m▀[0m[38;2;66;65;66m[48;2;66;65;66m▀[0m[38;2;74;99;117m[48;2;74;99;117m▀[0m[38;2;74;99;117m[48;2;74;99;117m▀[0m[38;2;66;65;66m[48;2;84;102;115m▀[0m[38;2;140;121;141m[48;2;66;65;66m▀[0m[38;2;139;123;141m[48;2;0;0;0m▀[0m[38;2;139;123;141m[48;2;0;0;0m▀[0m[38;2;139;123;141m[48;2;0;0;0m▀[0m[38;2;0;0;0m▀[38;2;0;0;0m▀    
    [38;2;0;0;0m▀[38;2;0;0;0m▀[38;2;0;0;0m▀[38;2;0;0;0m▀[38;2;0;0;0m▀  [38;2;0;0;0m▀[38;2;0;0;0m▀[38;2;66;65;66m[48;2;16;0;0m▀[0m[38;2;66;65;66m[48;2;158;189;211m▀[0m[38;2;154;189;214m[48;2;74;99;117m▀[0m[38;2;74;99;117m[48;2;154;189;214m▀[0m[38;2;149;186;212m[48;2;74;92;105m▀[0m[38;2;0;0;0m[48;2;0;0;0m▀[0m         
            [38;2;0;0;0m▀[38;2;255;255;255m[48;2;0;0;0m▀[0m[38;2;255;255;255m[48;2;255;255;255m▀[0m[38;2;255;255;255m[48;2;255;255;255m▀[0m[38;2;255;255;255m[48;2;255;255;255m▀[0m[38;2;154;189;214m[48;2;0;0;0m▀[0m[38;2;0;0;0m▀         
                   [38;2;0;0;0m▀[38;2;0;0;0m▀[38;2;0;0;0m▀                 
                                     [0m                                     