           [38;2;0;0;0m▄[38;2;0;0;0m[48;2;247;206;41m▀[0m[38;2;0;0;0m▄             
           [38;2;0;0;0m[48;2;0;0;0m▀[0m[38;2;247;206;41m[48;2;100;154;255m▀[0m[38;2;0;0;0m[48;2;206;140;41m▀[0m[38;2;0;0;0m▄       [38;2;0;0;0m▄[38;2;0;0;0m▄[38;2;0;0;0m▄  
           [38;2;0;0;0m[48;2;0;0;0m▀[0m[38;2;100;154;255m[48;2;100;154;255m▀[0m[38;2;100;154;255m[48;2;100;154;255m▀[0m[38;2;0;0;0m[48;2;65;65;65m▀[0m[38;2;0;0;0m▄[38;2;0;0;0m▄[38;2;0;0;0m▄[38;2;0;0;0m▄[38;2;0;0;0m▄[38;2;0;0;0m[48;2;100;154;255m▀[0m[38;2;0;0;0m[48;2;247;206;41m▀[0m[38;2;247;206;41m[48;2;247;206;41m▀[0m[38;2;247;206;41m[48;2;0;0;0m▀[0m[38;2;0;0;0m▀  
       [38;2;0;0;0m▄[38;2;0;0;0m[48;2;100;154;255m▀[0m[38;2;0;0;0m[48;2;100;154;255m▀[0m[38;2;0;0;0m▄ [38;2;0;0;0m[48;2;0;0;0m▀[0m[38;2;247;206;41m[48;2;247;206;41m▀[0m[38;2;65;65;65m[48;2;247;206;41m▀[0m[38;2;236;136;238m[48;2;65;65;65m▀[0m[38;2;236;136;238m[48;2;65;65;65m▀[0m[38;2;236;136;238m[48;2;65;65;65m▀[0m[38;2;65;65;65m[48;2;247;206;41m▀[0m[38;2;100;154;255m[48;2;100;154;255m▀[0m[38;2;100;154;255m[48;2;100;154;255m▀[0m[38;2;100;154;255m[48;2;0;0;0m▀[0m[38;2;0;0;0m▀    
      [38;2;0;0;0m[48;2;0;0;0m▀[0m[38;2;247;206;41m[48;2;0;0;0m▀[0m[38;2;0;0;0m[48;2;236;136;238m▀[0m[38;2;0;0;0m[48;2;236;136;238m▀[0m[38;2;0;0;0m[48;2;236;136;238m▀[0m[38;2;0;0;0m[48;2;65;65;65m▀[0m[38;2;236;136;238m[48;2;65;65;65m▀[0m[38;2;65;65;65m[48;2;236;136;238m▀[0m[38;2;65;65;65m[48;2;236;136;238m▀[0m[38;2;65;65;65m[48;2;65;65;65m▀[0m[38;2;206;140;41m[48;2;65;65;65m▀[0m[38;2;247;206;41m[48;2;247;206;41m▀[0m[38;2;247;206;41m[48;2;65;65;65m▀[0m[38;2;65;65;65m[48;2;100;154;255m▀[0m[38;2;65;65;65m[48;2;65;65;65m▀[0m[38;2;236;136;238m[48;2;203;78;196m▀[0m[38;2;0;0;0m[48;2;140;40;134m▀[0m[38;2;0;0;0m▄   
   [38;2;0;0;0m▄[38;2;0;0;0m▄[38;2;0;0;0m[48;2;255;255;255m▀[0m[38;2;0;0;0m[48;2;255;255;255m▀[0m[38;2;203;78;196m[48;2;255;255;255m▀[0m[38;2;236;136;238m[48;2;65;65;65m▀[0m[38;2;236;136;238m[48;2;236;136;238m▀[0m[38;2;236;136;238m[48;2;203;78;196m▀[0m[38;2;203;78;196m[48;2;203;78;196m▀[0m[38;2;65;65;65m[48;2;203;78;196m▀[0m[38;2;65;65;65m[48;2;65;65;65m▀[0m[38;2;203;78;196m[48;2;203;78;196m▀[0m[38;2;203;78;196m[48;2;203;78;196m▀[0m[38;2;203;78;196m[48;2;203;78;196m▀[0m[38;2;65;65;65m[48;2;203;78;196m▀[0m[38;2;65;65;65m[48;2;140;40;134m▀[0m[38;2;100;154;255m[48;2;65;65;65m▀[0m[38;2;100;154;255m[48;2;100;154;255m▀[0m[38;2;65;65;65m[48;2;247;206;41m▀[0m[38;2;203;78;196m[48;2;65;65;65m▀[0m[38;2;65;65;65m[48;2;65;65;65m▀[0m[38;2;0;0;0m[48;2;206;140;41m▀[0m[38;2;0;0;0m▄ 
  [38;2;0;0;0m▀[38;2;255;255;255m[48;2;0;0;0m▀[0m[38;2;255;255;255m[48;2;0;0;0m▀[0m[38;2;255;255;255m[48;2;65;65;65m▀[0m[38;2;189;189;189m[48;2;65;65;65m▀[0m[38;2;189;189;189m[48;2;65;65;65m▀[0m[38;2;65;65;65m[48;2;203;78;196m▀[0m[38;2;203;78;196m[48;2;203;78;196m▀[0m[38;2;203;78;196m[48;2;83;155;208m▀[0m[38;2;203;78;196m[48;2;83;155;208m▀[0m[38;2;203;78;196m[48;2;203;78;196m▀[0m[38;2;65;65;65m[48;2;65;65;65m▀[0m[38;2;203;78;196m[48;2;203;78;196m▀[0m[38;2;65;65;65m[48;2;65;65;65m▀[0m[38;2;65;65;65m[48;2;100;154;255m▀[0m[38;2;203;78;196m[48;2;65;65;65m▀[0m[38;2;203;78;196m[48;2;203;78;196m▀[0m[38;2;65;65;65m[48;2;140;40;134m▀[0m[38;2;247;206;41m[48;2;65;65;65m▀[0m[38;2;247;206;41m[48;2;247;206;41m▀[0m[38;2;206;140;41m[48;2;247;206;41m▀[0m[38;2;0;0;0m[48;2;45;75;214m▀[0m[38;2;206;140;41m[48;2;0;0;0m▀[0m[38;2;0;0;0m▀ 
 [38;2;0;0;0m▄[38;2;0;0;0m[48;2;247;206;41m▀[0m[38;2;247;206;41m[48;2;0;0;0m▀[0m[38;2;206;140;41m[48;2;65;65;65m▀[0m[38;2;83;155;208m[48;2;255;255;255m▀[0m[38;2;236;136;238m[48;2;236;136;238m▀[0m[38;2;203;78;196m[48;2;203;78;196m▀[0m[38;2;203;78;196m[48;2;203;78;196m▀[0m[38;2;177;223;246m[48;2;65;65;65m▀[0m[38;2;255;255;255m[48;2;2;82;139m▀[0m[38;2;83;155;208m[48;2;83;155;208m▀[0m[38;2;203;78;196m[48;2;203;78;196m▀[0m[38;2;65;65;65m[48;2;65;65;65m▀[0m[38;2;203;78;196m[48;2;0;0;0m▀[0m[38;2;45;75;214m[48;2;65;65;65m▀[0m[38;2;100;154;255m[48;2;247;206;41m▀[0m[38;2;247;206;41m[48;2;247;206;41m▀[0m[38;2;65;65;65m[48;2;247;206;41m▀[0m[38;2;140;40;134m[48;2;65;65;65m▀[0m[38;2;65;65;65m[48;2;0;0;0m▀[0m[38;2;0;0;0m[48;2;0;0;0m▀[0m[38;2;100;154;255m[48;2;100;154;255m▀[0m[38;2;100;154;255m[48;2;100;154;255m▀[0m[38;2;0;0;0m[48;2;0;0;0m▀[0m  
 [38;2;0;0;0m▀[38;2;0;0;0m▀ [38;2;0;0;0m▀[38;2;255;255;255m[48;2;0;0;0m▀[0m[38;2;0;0;0m▀[38;2;140;40;134m[48;2;0;0;0m▀[0m[38;2;203;78;196m[48;2;65;65;65m▀[0m[38;2;65;65;65m[48;2;255;255;255m▀[0m[38;2;65;65;65m[48;2;255;255;255m▀[0m[38;2;203;78;196m[48;2;0;0;0m▀[0m[38;2;65;65;65m[48;2;0;0;0m▀[0m[38;2;0;0;0m▀ [38;2;0;0;0m▀[38;2;206;140;41m[48;2;0;0;0m▀[0m[38;2;247;206;41m[48;2;100;154;255m▀[0m[38;2;100;154;255m[48;2;100;154;255m▀[0m[38;2;0;0;0m[48;2;0;0;0m▀[0m  [38;2;0;0;0m[48;2;0;0;0m▀[0m[38;2;247;206;41m[48;2;247;206;41m▀[0m[38;2;0;0;0m[48;2;0;0;0m▀[0m  
       [38;2;0;0;0m▀[38;2;255;255;255m[48;2;0;0;0m▀[0m[38;2;255;255;255m[48;2;0;0;0m▀[0m[38;2;0;0;0m▀     [38;2;0;0;0m▀[38;2;45;75;214m[48;2;0;0;0m▀[0m[38;2;100;154;255m[48;2;247;206;41m▀[0m[38;2;0;0;0m[48;2;0;0;0m▀[0m   [38;2;0;0;0m▀   
                 [38;2;0;0;0m▀[38;2;247;206;41m[48;2;0;0;0m▀[0m[38;2;0;0;0m▀       
                                     [0m                                     