 [38;2;0;0;0m▄[38;2;0;0;0m[48;2;194;78;107m▀[0m[38;2;0;0;0m[48;2;194;78;107m▀[0m[38;2;0;0;0m▄[38;2;0;0;0m▄                            
 [38;2;0;0;0m▀[38;2;139;123;123m[48;2;24;7;2m▀[0m[38;2;246;255;255m[48;2;246;255;255m▀[0m[38;2;194;78;107m[48;2;255;255;255m▀[0m[38;2;194;78;107m[48;2;194;78;107m▀[0m[38;2;0;0;0m[48;2;65;64;65m▀[0m[38;2;0;0;0m▄[38;2;0;0;0m[48;2;138;120;126m▀[0m[38;2;0;0;0m[48;2;138;120;126m▀[0m[38;2;0;0;0m[48;2;104;91;93m▀[0m[38;2;0;0;0m[48;2;104;91;93m▀[0m[38;2;0;0;0m[48;2;65;64;65m▀[0m[38;2;0;0;0m▄[38;2;0;0;0m▄                   
  [38;2;0;0;0m▀[38;2;194;78;107m[48;2;0;0;0m▀[0m[38;2;255;255;255m[48;2;65;64;65m▀[0m[38;2;65;64;65m[48;2;128;128;128m▀[0m[38;2;135;123;126m[48;2;236;94;103m▀[0m[38;2;236;94;103m[48;2;135;123;126m▀[0m[38;2;139;123;125m[48;2;102;93;94m▀[0m[38;2;102;93;94m[48;2;102;93;94m▀[0m[38;2;104;91;93m[48;2;104;91;93m▀[0m[38;2;104;91;93m[48;2;236;94;103m▀[0m[38;2;104;93;93m[48;2;104;93;93m▀[0m[38;2;65;64;65m[48;2;65;64;65m▀[0m[38;2;201;101;129m[48;2;66;44;51m▀[0m[38;2;16;8;1m[48;2;201;101;129m▀[0m[38;2;0;0;0m[48;2;201;116;147m▀[0m[38;2;0;0;0m[48;2;201;116;147m▀[0m[38;2;0;0;0m[48;2;201;116;147m▀[0m[38;2;0;0;0m[48;2;201;116;147m▀[0m[38;2;0;0;0m[48;2;201;116;147m▀[0m[38;2;0;0;0m▄            
   [38;2;0;0;0m▄[38;2;16;5;1m[48;2;199;140;161m▀[0m[38;2;132;98;109m[48;2;65;57;58m▀[0m[38;2;236;94;103m[48;2;106;105;106m▀[0m[38;2;106;105;106m[48;2;106;105;106m▀[0m[38;2;104;91;93m[48;2;236;94;103m▀[0m[38;2;236;94;103m[48;2;236;94;103m▀[0m[38;2;236;94;103m[48;2;236;94;103m▀[0m[38;2;236;94;103m[48;2;104;91;93m▀[0m[38;2;104;90;95m[48;2;75;65;57m▀[0m[38;2;75;65;57m[48;2;200;124;149m▀[0m[38;2;204;119;148m[48;2;204;119;148m▀[0m[38;2;204;119;148m[48;2;255;255;255m▀[0m[38;2;8;4;0m[48;2;90;86;83m▀[0m[38;2;255;255;255m[48;2;255;255;255m▀[0m[38;2;255;255;255m[48;2;255;255;255m▀[0m[38;2;255;255;255m[48;2;194;78;107m▀[0m[38;2;194;78;107m[48;2;0;0;0m▀[0m[38;2;0;0;0m▀            
   [38;2;0;0;0m▀[38;2;200;123;153m[48;2;8;4;0m▀[0m[38;2;66;45;59m[48;2;200;123;153m▀[0m[38;2;104;93;93m[48;2;65;64;65m▀[0m[38;2;104;93;93m[48;2;65;64;65m▀[0m[38;2;104;90;95m[48;2;75;65;57m▀[0m[38;2;75;65;57m[48;2;200;124;149m▀[0m[38;2;65;64;65m[48;2;201;116;147m▀[0m[38;2;65;64;65m[48;2;201;116;147m▀[0m[38;2;204;118;149m[48;2;204;118;149m▀[0m[38;2;194;78;107m[48;2;204;118;149m▀[0m[38;2;255;255;255m[48;2;194;78;107m▀[0m[38;2;255;255;255m[48;2;194;78;107m▀[0m[38;2;255;255;255m[48;2;65;64;65m▀[0m[38;2;255;255;255m[48;2;65;64;65m▀[0m[38;2;194;78;107m[48;2;0;0;0m▀[0m[38;2;0;0;0m▀              
     [38;2;0;0;0m▀[38;2;200;123;153m[48;2;8;4;0m▀[0m[38;2;200;123;153m[48;2;66;45;59m▀[0m[38;2;201;116;147m[48;2;251;233;125m▀[0m[38;2;201;116;147m[48;2;251;233;125m▀[0m[38;2;201;116;147m[48;2;251;233;125m▀[0m[38;2;201;116;147m[48;2;251;233;125m▀[0m[38;2;251;233;125m[48;2;251;233;125m▀[0m[38;2;251;233;125m[48;2;65;64;65m▀[0m[38;2;252;234;117m[48;2;65;64;65m▀[0m[38;2;65;64;65m[48;2;190;178;100m▀[0m[38;2;194;78;107m[48;2;194;78;107m▀[0m[38;2;0;0;0m[48;2;194;78;107m▀[0m[38;2;0;0;0m▄[38;2;0;0;0m▄[38;2;0;0;0m▄             
     [38;2;0;0;0m▀[38;2;162;133;127m[48;2;8;1;1m▀[0m[38;2;240;199;190m[48;2;85;67;64m▀[0m[38;2;65;64;65m[48;2;65;64;65m▀[0m[38;2;65;64;65m[48;2;251;233;125m▀[0m[38;2;65;64;65m[48;2;65;64;65m▀[0m[38;2;65;64;65m[48;2;201;116;147m▀[0m[38;2;75;58;61m[48;2;209;118;147m▀[0m[38;2;164;97;118m[48;2;209;118;147m▀[0m[38;2;65;64;65m[48;2;65;64;65m▀[0m[38;2;190;178;100m[48;2;252;234;117m▀[0m[38;2;196;80;107m[48;2;196;80;107m▀[0m[38;2;65;64;65m[48;2;65;64;65m▀[0m[38;2;255;255;255m[48;2;65;64;65m▀[0m[38;2;255;255;255m[48;2;65;64;65m▀[0m[38;2;236;103;112m[48;2;78;38;42m▀[0m[38;2;0;8;8m[48;2;0;8;8m▀[0m    [38;2;0;0;0m▄[38;2;0;0;0m[48;2;102;93;94m▀[0m[38;2;0;0;0m▄ [38;2;0;0;0m▄   
     [38;2;0;0;0m▀[38;2;162;133;127m[48;2;8;1;1m▀[0m[38;2;240;199;190m[48;2;85;67;64m▀[0m[38;2;65;64;65m[48;2;251;233;125m▀[0m[38;2;251;233;125m[48;2;65;64;65m▀[0m[38;2;75;58;61m[48;2;209;118;147m▀[0m[38;2;164;97;118m[48;2;209;118;147m▀[0m[38;2;196;80;108m[48;2;201;116;147m▀[0m[38;2;196;80;108m[48;2;201;116;147m▀[0m[38;2;170;95;116m[48;2;218;109;143m▀[0m[38;2;74;67;64m[48;2;74;67;64m▀[0m[38;2;251;233;125m[48;2;251;233;125m▀[0m[38;2;194;78;107m[48;2;194;78;107m▀[0m[38;2;65;64;65m[48;2;65;64;65m▀[0m[38;2;255;255;255m[48;2;65;64;65m▀[0m[38;2;255;247;247m[48;2;91;57;58m▀[0m[38;2;146;121;121m[48;2;91;57;58m▀[0m[38;2;0;0;0m[48;2;0;0;0m▀[0m   [38;2;0;0;0m[48;2;0;0;0m▀[0m[38;2;104;91;93m[48;2;104;91;93m▀[0m[38;2;65;52;56m[48;2;65;52;56m▀[0m[38;2;16;5;1m[48;2;200;123;153m▀[0m[38;2;200;123;153m[48;2;66;45;59m▀[0m[38;2;8;4;0m[48;2;8;4;0m▀[0m  
   [38;2;0;0;0m▄[38;2;0;0;0m▄[38;2;0;0;0m[48;2;201;116;147m▀[0m[38;2;65;64;65m[48;2;201;116;147m▀[0m[38;2;65;64;65m[48;2;65;64;65m▀[0m[38;2;91;58;61m[48;2;128;116;119m▀[0m[38;2;232;237;152m[48;2;91;58;61m▀[0m[38;2;91;58;61m[48;2;232;237;152m▀[0m[38;2;128;116;119m[48;2;91;58;61m▀[0m[38;2;128;116;119m[48;2;91;58;61m▀[0m[38;2;91;58;61m[48;2;232;237;152m▀[0m[38;2;65;64;65m[48;2;65;64;65m▀[0m[38;2;251;233;125m[48;2;65;64;65m▀[0m[38;2;242;231;134m[48;2;242;231;134m▀[0m[38;2;129;112;116m[48;2;118;43;53m▀[0m[38;2;196;80;107m[48;2;65;64;65m▀[0m[38;2;65;64;65m[48;2;65;64;65m▀[0m[38;2;255;255;255m[48;2;65;64;65m▀[0m[38;2;255;255;255m[48;2;65;64;65m▀[0m[38;2;236;94;103m[48;2;0;0;0m▀[0m[38;2;0;0;0m▀ [38;2;0;0;0m▄[38;2;0;0;0m[48;2;201;116;147m▀[0m[38;2;201;116;147m[48;2;201;116;147m▀[0m[38;2;200;124;149m[48;2;75;65;57m▀[0m[38;2;75;65;57m[48;2;104;90;95m▀[0m[38;2;104;91;93m[48;2;0;0;0m▀[0m[38;2;104;91;93m[48;2;0;0;0m▀[0m[38;2;0;0;0m▀ 
  [38;2;8;1;1m[48;2;8;1;1m▀[0m[38;2;200;132;156m[48;2;99;69;78m▀[0m[38;2;201;116;147m[48;2;104;93;93m▀[0m[38;2;201;116;147m[48;2;104;93;93m▀[0m[38;2;201;116;147m[48;2;65;64;65m▀[0m[38;2;65;64;65m[48;2;128;116;119m▀[0m[38;2;128;116;119m[48;2;91;58;61m▀[0m[38;2;91;58;61m[48;2;232;237;152m▀[0m[38;2;251;233;125m[48;2;251;233;125m▀[0m[38;2;65;64;65m[48;2;65;64;65m▀[0m[38;2;251;233;125m[48;2;251;233;125m▀[0m[38;2;65;64;65m[48;2;65;64;65m▀[0m[38;2;196;80;107m[48;2;196;80;107m▀[0m[38;2;196;80;107m[48;2;65;64;65m▀[0m[38;2;65;64;65m[48;2;201;116;147m▀[0m[38;2;201;116;147m[48;2;201;116;147m▀[0m[38;2;201;116;147m[48;2;201;116;147m▀[0m[38;2;65;64;65m[48;2;201;116;147m▀[0m[38;2;193;171;85m[48;2;74;68;59m▀[0m[38;2;193;171;85m[48;2;107;97;77m▀[0m[38;2;64;61;40m[48;2;193;176;85m▀[0m[38;2;16;1;1m[48;2;193;176;85m▀[0m[38;2;8;1;1m[48;2;96;46;53m▀[0m[38;2;194;86;108m[48;2;194;86;108m▀[0m[38;2;196;80;108m[48;2;196;80;108m▀[0m[38;2;201;116;147m[48;2;196;80;108m▀[0m[38;2;201;116;147m[48;2;0;0;0m▀[0m[38;2;0;0;0m▀    
 [38;2;0;0;0m[48;2;0;0;0m▀[0m[38;2;201;116;147m[48;2;104;93;93m▀[0m[38;2;201;116;147m[48;2;104;93;93m▀[0m[38;2;201;116;147m[48;2;0;0;0m▀[0m[38;2;201;116;147m[48;2;0;0;0m▀[0m[38;2;0;0;0m▀[38;2;65;64;65m[48;2;0;0;0m▀[0m[38;2;196;174;82m[48;2;65;64;65m▀[0m[38;2;196;174;82m[48;2;196;174;82m▀[0m[38;2;232;237;152m[48;2;91;58;61m▀[0m[38;2;91;58;61m[48;2;128;116;119m▀[0m[38;2;252;230;109m[48;2;65;64;56m▀[0m[38;2;190;174;90m[48;2;190;174;90m▀[0m[38;2;65;64;65m[48;2;196;174;82m▀[0m[38;2;65;64;65m[48;2;65;64;65m▀[0m[38;2;204;119;148m[48;2;106;93;90m▀[0m[38;2;204;119;148m[48;2;204;119;148m▀[0m[38;2;204;119;148m[48;2;204;119;148m▀[0m[38;2;204;119;148m[48;2;106;93;90m▀[0m[38;2;65;64;65m[48;2;65;64;65m▀[0m[38;2;65;64;65m[48;2;201;116;147m▀[0m[38;2;104;93;93m[48;2;65;64;65m▀[0m[38;2;104;93;93m[48;2;104;93;93m▀[0m[38;2;186;170;100m[48;2;121;110;82m▀[0m[38;2;65;60;51m[48;2;252;229;117m▀[0m[38;2;194;78;107m[48;2;0;0;0m▀[0m[38;2;0;0;0m▀      
 [38;2;0;0;0m▀[38;2;102;93;94m[48;2;0;0;0m▀[0m[38;2;0;0;0m▀ [38;2;0;0;0m▄[38;2;8;4;0m[48;2;200;123;153m▀[0m[38;2;200;123;153m[48;2;66;45;59m▀[0m[38;2;201;116;147m[48;2;65;64;65m▀[0m[38;2;65;64;65m[48;2;201;116;147m▀[0m[38;2;196;174;82m[48;2;65;64;65m▀[0m[38;2;65;64;65m[48;2;196;174;82m▀[0m[38;2;196;80;107m[48;2;65;64;65m▀[0m[38;2;65;64;65m[48;2;65;64;65m▀[0m[38;2;65;64;65m[48;2;196;174;82m▀[0m[38;2;65;64;65m[48;2;65;64;65m▀[0m[38;2;200;124;149m[48;2;75;61;58m▀[0m[38;2;104;90;92m[48;2;200;124;149m▀[0m[38;2;104;93;93m[48;2;201;116;147m▀[0m[38;2;201;116;147m[48;2;104;93;93m▀[0m[38;2;65;64;65m[48;2;65;64;65m▀[0m[38;2;201;116;147m[48;2;65;64;65m▀[0m[38;2;201;116;147m[48;2;201;116;147m▀[0m[38;2;65;64;65m[48;2;65;64;65m▀[0m[38;2;104;93;93m[48;2;104;93;93m▀[0m[38;2;104;93;93m[48;2;104;93;93m▀[0m[38;2;242;224;134m[48;2;121;112;72m▀[0m[38;2;8;3;1m[48;2;8;3;1m▀[0m      
     [38;2;0;0;0m▀[38;2;96;46;53m[48;2;8;1;1m▀[0m[38;2;194;86;108m[48;2;194;86;108m▀[0m[38;2;65;64;65m[48;2;196;80;107m▀[0m[38;2;65;64;65m[48;2;196;80;107m▀[0m[38;2;196;80;107m[48;2;196;80;107m▀[0m[38;2;65;64;65m[48;2;196;80;107m▀[0m[38;2;193;171;85m[48;2;0;0;0m▀[0m[38;2;193;171;85m[48;2;0;0;0m▀[0m[38;2;65;64;65m[48;2;196;80;107m▀[0m[38;2;196;80;107m[48;2;196;80;107m▀[0m[38;2;170;95;116m[48;2;74;67;64m▀[0m[38;2;74;67;64m[48;2;218;109;143m▀[0m[38;2;104;93;93m[48;2;65;64;65m▀[0m[38;2;104;93;93m[48;2;104;93;93m▀[0m[38;2;65;64;65m[48;2;65;64;65m▀[0m[38;2;65;64;65m[48;2;65;64;65m▀[0m[38;2;65;64;65m[48;2;196;80;107m▀[0m[38;2;196;80;107m[48;2;196;80;107m▀[0m[38;2;65;64;65m[48;2;0;0;0m▀[0m[38;2;0;0;0m▀[38;2;121;112;72m[48;2;8;3;1m▀[0m[38;2;242;224;134m[48;2;8;3;1m▀[0m[38;2;0;0;0m[48;2;0;0;0m▀[0m     
     [38;2;0;0;0m▀[38;2;213;210;213m[48;2;0;0;0m▀[0m[38;2;71;70;71m[48;2;0;0;0m▀[0m[38;2;154;126;132m[48;2;0;0;0m▀[0m[38;2;76;63;65m[48;2;232;191;198m▀[0m[38;2;87;54;57m[48;2;87;54;57m▀[0m[38;2;176;93;113m[48;2;16;1;1m▀[0m[38;2;0;0;0m▀ [38;2;0;0;0m▀[38;2;0;0;0m▀[38;2;0;0;0m▀[38;2;194;78;107m[48;2;0;0;0m▀[0m[38;2;196;80;107m[48;2;65;64;65m▀[0m[38;2;65;64;65m[48;2;196;80;107m▀[0m[38;2;196;80;107m[48;2;196;80;107m▀[0m[38;2;196;80;107m[48;2;65;64;65m▀[0m[38;2;176;93;113m[48;2;87;54;57m▀[0m[38;2;87;54;57m[48;2;16;1;1m▀[0m[38;2;0;0;0m▀         
         [38;2;0;0;0m▀[38;2;0;0;0m▀      [38;2;0;0;0m▀[38;2;255;255;255m[48;2;0;0;0m▀[0m[38;2;0;0;0m▀[38;2;0;0;0m▀[38;2;255;255;255m[48;2;0;0;0m▀[0m[38;2;255;255;255m[48;2;0;0;0m▀[0m[38;2;0;0;0m▀          
                                     [0m                                     