   [38;2;0;0;0m▄[38;2;0;0;0m[48;2;185;47;91m▀[0m[38;2;0;0;0m[48;2;185;47;91m▀[0m[38;2;0;0;0m▄           [38;2;0;0;0m▄[38;2;0;0;0m▄    
    [38;2;0;0;0m[48;2;0;0;0m▀[0m[38;2;185;47;91m[48;2;135;99;78m▀[0m[38;2;0;0;0m[48;2;182;49;91m▀[0m[38;2;0;8;0m▄[38;2;0;0;0m[48;2;185;47;91m▀[0m[38;2;0;0;0m▄  [38;2;0;0;0m▄[38;2;0;0;0m[48;2;209;76;118m▀[0m[38;2;0;0;0m▄ [38;2;0;0;0m▄[38;2;0;0;0m[48;2;170;126;95m▀[0m[38;2;209;76;118m[48;2;255;199;82m▀[0m[38;2;209;76;118m[48;2;0;0;16m▀[0m[38;2;0;0;0m▀   
   [38;2;0;0;0m[48;2;0;0;0m▀[0m[38;2;135;99;78m[48;2;164;124;63m▀[0m[38;2;255;199;82m[48;2;247;186;74m▀[0m[38;2;182;49;91m[48;2;186;45;90m▀[0m[38;2;89;30;49m[48;2;186;45;90m▀[0m[38;2;185;47;91m[48;2;179;55;100m▀[0m[38;2;0;0;0m[48;2;93;41;71m▀[0m[38;2;0;0;0m▄[38;2;0;0;0m▄[38;2;0;0;0m[48;2;93;41;71m▀[0m[38;2;209;76;118m[48;2;179;55;100m▀[0m[38;2;152;21;62m[48;2;186;45;90m▀[0m[38;2;0;0;0m[48;2;209;78;119m▀[0m[38;2;170;126;95m[48;2;209;76;118m▀[0m[38;2;255;190;115m[48;2;255;215;8m▀[0m[38;2;170;132;60m[48;2;209;76;118m▀[0m[38;2;0;0;16m[48;2;0;0;0m▀[0m    
   [38;2;0;0;0m▄[38;2;0;0;0m[48;2;182;49;91m▀[0m[38;2;82;62;52m[48;2;182;49;91m▀[0m[38;2;186;45;90m[48;2;191;39;82m▀[0m[38;2;186;45;90m[48;2;208;82;127m▀[0m[38;2;135;48;84m[48;2;227;126;182m▀[0m[38;2;223;62;113m[48;2;227;126;182m▀[0m[38;2;209;76;118m[48;2;228;125;180m▀[0m[38;2;209;76;118m[48;2;209;76;118m▀[0m[38;2;223;62;113m[48;2;208;79;120m▀[0m[38;2;135;48;84m[48;2;208;79;120m▀[0m[38;2;186;45;90m[48;2;208;79;120m▀[0m[38;2;209;78;119m[48;2;208;79;120m▀[0m[38;2;209;76;118m[48;2;255;215;8m▀[0m[38;2;255;215;8m[48;2;195;55;99m▀[0m[38;2;209;76;118m[48;2;209;78;119m▀[0m[38;2;209;76;118m[48;2;209;78;119m▀[0m[38;2;0;0;0m[48;2;0;0;0m▀[0m   
  [38;2;0;0;0m▄ [38;2;0;8;0m[48;2;0;8;0m▀[0m[38;2;89;30;49m[48;2;209;76;118m▀[0m[38;2;208;82;127m[48;2;209;78;119m▀[0m[38;2;228;123;170m[48;2;209;78;119m▀[0m[38;2;227;126;182m[48;2;209;78;119m▀[0m[38;2;227;126;182m[48;2;209;78;119m▀[0m[38;2;209;76;118m[48;2;209;78;119m▀[0m[38;2;209;76;118m[48;2;209;78;119m▀[0m[38;2;208;79;120m[48;2;209;78;119m▀[0m[38;2;208;79;120m[48;2;209;78;119m▀[0m[38;2;208;79;120m[48;2;208;81;121m▀[0m[38;2;208;79;120m[48;2;208;81;121m▀[0m[38;2;195;55;99m[48;2;209;78;119m▀[0m[38;2;195;55;99m[48;2;209;78;119m▀[0m[38;2;209;78;119m[48;2;140;47;76m▀[0m[38;2;186;45;90m[48;2;0;0;0m▀[0m[38;2;0;0;0m▀   
  [38;2;0;0;0m▀[38;2;0;0;0m[48;2;0;0;0m▀[0m[38;2;67;32;43m[48;2;137;78;0m▀[0m[38;2;138;54;81m[48;2;148;150;148m▀[0m[38;2;186;45;90m[48;2;163;16;78m▀[0m[38;2;209;78;119m[48;2;191;107;135m▀[0m[38;2;209;78;119m[48;2;160;27;85m▀[0m[38;2;159;26;82m[48;2;214;215;214m▀[0m[38;2;209;78;119m[48;2;173;106;0m▀[0m[38;2;159;26;82m[48;2;198;219;214m▀[0m[38;2;159;26;82m[48;2;214;215;214m▀[0m[38;2;209;78;119m[48;2;66;65;66m▀[0m[38;2;208;81;121m[48;2;66;65;66m▀[0m[38;2;66;65;66m[48;2;66;65;66m▀[0m[38;2;209;78;119m[48;2;209;78;119m▀[0m[38;2;186;45;90m[48;2;209;78;119m▀[0m[38;2;211;71;115m[48;2;160;27;85m▀[0m[38;2;211;71;115m[48;2;0;0;0m▀[0m[38;2;0;0;0m▀   
   [38;2;0;0;0m[48;2;0;0;0m▀[0m[38;2;137;78;0m[48;2;66;65;66m▀[0m[38;2;148;150;148m[48;2;66;65;66m▀[0m[38;2;222;203;214m[48;2;214;214;214m▀[0m[38;2;163;16;78m[48;2;214;214;214m▀[0m[38;2;214;215;214m[48;2;214;214;214m▀[0m[38;2;214;215;214m[48;2;214;214;214m▀[0m[38;2;245;205;0m[48;2;255;247;137m▀[0m[38;2;173;106;0m[48;2;7;5;0m▀[0m[38;2;66;65;66m[48;2;201;135;0m▀[0m[38;2;66;65;66m[48;2;66;60;66m▀[0m[38;2;66;65;66m[48;2;66;65;66m▀[0m[38;2;198;199;198m[48;2;66;65;66m▀[0m[38;2;159;26;82m[48;2;66;65;66m▀[0m[38;2;209;78;119m[48;2;208;81;121m▀[0m[38;2;0;0;0m[48;2;89;30;49m▀[0m[38;2;0;8;0m▄[38;2;0;0;0m[48;2;185;47;91m▀[0m[38;2;0;0;0m▄  
  [38;2;0;0;0m▀[38;2;185;47;91m[48;2;0;0;0m▀[0m[38;2;66;65;66m[48;2;66;65;66m▀[0m[38;2;214;215;214m[48;2;214;215;214m▀[0m[38;2;214;214;214m[48;2;214;215;214m▀[0m[38;2;214;214;214m[48;2;142;143;142m▀[0m[38;2;214;214;214m[48;2;66;65;66m▀[0m[38;2;214;214;214m[48;2;214;215;214m▀[0m[38;2;177;110;0m[48;2;18;14;0m▀[0m[38;2;7;5;0m[48;2;242;198;0m▀[0m[38;2;223;165;0m[48;2;167;101;0m▀[0m[38;2;66;60;66m[48;2;66;65;66m▀[0m[38;2;66;65;66m[48;2;179;113;136m▀[0m[38;2;66;65;66m[48;2;160;27;85m▀[0m[38;2;208;81;121m[48;2;209;78;119m▀[0m[38;2;208;81;121m[48;2;186;45;90m▀[0m[38;2;182;49;91m[48;2;186;45;90m▀[0m[38;2;182;49;91m[48;2;186;45;90m▀[0m[38;2;185;47;91m[48;2;0;0;0m▀[0m[38;2;0;0;0m▀  
 [38;2;0;0;0m▄[38;2;0;0;0m[48;2;186;45;90m▀[0m[38;2;185;47;91m[48;2;209;78;119m▀[0m[38;2;201;86;126m[48;2;174;59;99m▀[0m[38;2;66;65;66m[48;2;223;62;113m▀[0m[38;2;214;215;214m[48;2;66;65;66m▀[0m[38;2;71;71;71m[48;2;208;81;121m▀[0m[38;2;214;215;214m[48;2;159;26;82m▀[0m[38;2;214;215;214m[48;2;159;26;82m▀[0m[38;2;255;240;11m[48;2;159;26;82m▀[0m[38;2;152;87;0m[48;2;159;26;82m▀[0m[38;2;66;65;66m[48;2;209;78;119m▀[0m[38;2;66;65;66m[48;2;209;78;119m▀[0m[38;2;160;27;85m[48;2;209;78;119m▀[0m[38;2;179;113;136m[48;2;186;45;90m▀[0m[38;2;209;78;119m[48;2;186;45;90m▀[0m[38;2;186;45;90m[48;2;186;45;90m▀[0m[38;2;66;65;66m[48;2;196;65;106m▀[0m[38;2;186;45;90m[48;2;66;65;74m▀[0m[38;2;160;27;85m[48;2;66;65;66m▀[0m[38;2;0;0;0m[48;2;126;111;189m▀[0m[38;2;0;0;0m▄ 
 [38;2;0;0;0m[48;2;0;0;0m▀[0m[38;2;209;78;119m[48;2;82;70;35m▀[0m[38;2;209;78;119m[48;2;247;211;24m▀[0m[38;2;66;60;74m[48;2;66;65;74m▀[0m[38;2;174;59;99m[48;2;219;88;129m▀[0m[38;2;208;81;121m[48;2;66;65;74m▀[0m[38;2;208;81;121m[48;2;219;88;129m▀[0m[38;2;209;78;119m[48;2;66;65;74m▀[0m[38;2;209;78;119m[48;2;219;88;129m▀[0m[38;2;209;78;119m[48;2;185;54;95m▀[0m[38;2;209;78;119m[48;2;211;71;115m▀[0m[38;2;209;78;119m[48;2;66;65;66m▀[0m[38;2;186;45;90m[48;2;66;65;66m▀[0m[38;2;209;78;119m[48;2;174;59;99m▀[0m[38;2;209;78;119m[48;2;223;62;113m▀[0m[38;2;66;65;66m[48;2;208;81;121m▀[0m[38;2;186;45;90m[48;2;66;65;66m▀[0m[38;2;66;65;74m[48;2;127;112;190m▀[0m[38;2;129;114;192m[48;2;127;112;190m▀[0m[38;2;126;111;189m[48;2;126;111;189m▀[0m[38;2;126;111;189m[48;2;0;0;0m▀[0m[38;2;0;0;0m▀ 
  [38;2;0;0;41m[48;2;8;0;0m▀[0m[38;2;82;70;35m[48;2;183;158;236m▀[0m[38;2;177;152;230m[48;2;176;151;229m▀[0m[38;2;66;65;74m[48;2;176;151;229m▀[0m[38;2;177;152;230m[48;2;176;151;229m▀[0m[38;2;66;65;74m[48;2;176;151;229m▀[0m[38;2;177;152;230m[48;2;176;151;229m▀[0m[38;2;66;65;74m[48;2;176;151;229m▀[0m[38;2;211;71;115m[48;2;66;65;66m▀[0m[38;2;66;60;66m[48;2;177;152;230m▀[0m[38;2;177;152;230m[48;2;176;151;229m▀[0m[38;2;177;152;230m[48;2;176;151;229m▀[0m[38;2;66;60;74m[48;2;177;152;230m▀[0m[38;2;174;59;99m[48;2;66;65;66m▀[0m[38;2;208;81;121m[48;2;255;195;33m▀[0m[38;2;66;65;66m[48;2;91;46;74m▀[0m[38;2;127;112;190m[48;2;127;112;190m▀[0m[38;2;127;112;190m[48;2;127;112;190m▀[0m[38;2;126;111;189m[48;2;127;112;190m▀[0m[38;2;126;111;189m[48;2;127;112;190m▀[0m[38;2;0;0;0m[48;2;0;0;0m▀[0m 
  [38;2;8;0;0m▀[38;2;125;100;178m[48;2;0;0;0m▀[0m[38;2;176;151;229m[48;2;127;112;190m▀[0m[38;2;176;151;229m[48;2;177;152;230m▀[0m[38;2;176;151;229m[48;2;177;152;230m▀[0m[38;2;176;151;229m[48;2;177;152;230m▀[0m[38;2;176;151;229m[48;2;176;151;229m▀[0m[38;2;176;151;229m[48;2;176;151;229m▀[0m[38;2;177;152;230m[48;2;177;152;230m▀[0m[38;2;177;152;230m[48;2;177;152;230m▀[0m[38;2;176;151;229m[48;2;177;152;230m▀[0m[38;2;176;151;229m[48;2;66;65;74m▀[0m[38;2;177;152;230m[48;2;177;152;230m▀[0m[38;2;177;152;230m[48;2;177;152;230m▀[0m[38;2;91;46;74m[48;2;177;152;230m▀[0m[38;2;127;112;190m[48;2;127;112;190m▀[0m[38;2;127;112;190m[48;2;126;111;189m▀[0m[38;2;127;112;190m[48;2;126;111;189m▀[0m[38;2;127;112;190m[48;2;63;48;126m▀[0m[38;2;127;112;190m[48;2;0;4;0m▀[0m[38;2;0;0;0m▀ 
   [38;2;0;0;0m▀[38;2;127;112;190m[48;2;0;0;0m▀[0m[38;2;127;112;190m[48;2;0;0;0m▀[0m[38;2;127;112;190m[48;2;173;85;132m▀[0m[38;2;127;112;190m[48;2;86;46;66m▀[0m[38;2;176;151;229m[48;2;128;113;191m▀[0m[38;2;176;151;229m[48;2;128;113;191m▀[0m[38;2;66;65;66m[48;2;126;111;189m▀[0m[38;2;177;152;230m[48;2;66;65;66m▀[0m[38;2;66;65;74m[48;2;209;78;119m▀[0m[38;2;181;108;145m[48;2;186;45;90m▀[0m[38;2;66;65;66m[48;2;66;65;66m▀[0m[38;2;177;152;230m[48;2;126;111;189m▀[0m[38;2;127;112;190m[48;2;127;112;190m▀[0m[38;2;127;112;190m[48;2;127;112;190m▀[0m[38;2;66;65;66m[48;2;126;111;189m▀[0m[38;2;126;111;189m[48;2;0;0;0m▀[0m[38;2;126;111;189m[48;2;0;0;0m▀[0m[38;2;0;4;0m▀  
      [38;2;0;8;0m▀[38;2;173;85;132m[48;2;0;0;0m▀[0m[38;2;68;41;43m[48;2;0;0;0m▀[0m[38;2;0;16;8m▀[38;2;126;111;189m[48;2;0;0;0m▀[0m[38;2;66;65;66m[48;2;66;65;66m▀[0m[38;2;186;45;90m[48;2;182;49;91m▀[0m[38;2;186;45;90m[48;2;89;30;49m▀[0m[38;2;66;65;66m[48;2;0;0;0m▀[0m[38;2;66;65;66m[48;2;126;111;189m▀[0m[38;2;127;112;190m[48;2;0;0;0m▀[0m[38;2;127;112;190m[48;2;0;0;0m▀[0m[38;2;0;0;0m▀     
           [38;2;0;0;0m▀[38;2;182;49;91m[48;2;0;0;0m▀[0m[38;2;0;8;0m▀ [38;2;0;0;0m▀        
                                     [0m                                     