       [38;2;0;0;0m▄[38;2;0;0;0m▄[38;2;0;0;0m[48;2;194;128;226m▀[0m[38;2;0;0;0m[48;2;194;128;226m▀[0m[38;2;0;0;0m[48;2;199;129;226m▀[0m[38;2;0;0;0m▄                 
     [38;2;0;0;0m▄[38;2;0;0;0m[48;2;199;129;226m▀[0m[38;2;199;129;226m[48;2;194;128;226m▀[0m[38;2;199;129;226m[48;2;194;128;226m▀[0m[38;2;194;128;226m[48;2;188;133;226m▀[0m[38;2;194;128;226m[48;2;144;92;165m▀[0m[38;2;199;129;226m[48;2;152;99;174m▀[0m[38;2;199;129;226m[48;2;228;177;255m▀[0m[38;2;0;0;0m[48;2;230;164;255m▀[0m[38;2;0;0;0m[48;2;230;164;255m▀[0m[38;2;0;0;0m[48;2;230;165;255m▀[0m[38;2;0;0;0m▄[38;2;0;0;0m▄[38;2;0;0;0m[48;2;225;163;255m▀[0m[38;2;0;0;0m[48;2;225;163;255m▀[0m[38;2;0;0;0m[48;2;225;163;255m▀[0m[38;2;0;0;0m[48;2;230;165;255m▀[0m[38;2;0;0;0m▄       
    [38;2;0;0;0m▄[38;2;0;0;0m[48;2;194;128;226m▀[0m[38;2;199;129;226m[48;2;194;128;226m▀[0m[38;2;194;128;226m[48;2;199;129;226m▀[0m[38;2;194;128;226m[48;2;149;96;171m▀[0m[38;2;144;92;165m[48;2;230;164;255m▀[0m[38;2;217;155;247m[48;2;241;190;255m▀[0m[38;2;241;191;255m[48;2;237;188;255m▀[0m[38;2;241;191;255m[48;2;237;188;255m▀[0m[38;2;241;190;255m[48;2;241;191;255m▀[0m[38;2;230;164;255m[48;2;241;191;255m▀[0m[38;2;230;165;255m[48;2;225;163;255m▀[0m[38;2;230;165;255m[48;2;225;163;255m▀[0m[38;2;225;163;255m[48;2;225;163;255m▀[0m[38;2;159;110;178m[48;2;225;163;255m▀[0m[38;2;225;163;255m[48;2;225;163;255m▀[0m[38;2;225;163;255m[48;2;225;163;255m▀[0m[38;2;230;165;255m[48;2;225;163;255m▀[0m[38;2;230;165;255m[48;2;225;163;255m▀[0m[38;2;0;0;0m[48;2;230;165;255m▀[0m[38;2;0;0;0m▄     
 [38;2;0;0;0m[48;2;0;0;0m▀[0m[38;2;0;0;0m[48;2;230;186;123m▀[0m[38;2;0;0;0m[48;2;230;186;123m▀[0m[38;2;152;99;174m[48;2;230;186;123m▀[0m[38;2;194;128;226m[48;2;152;99;174m▀[0m[38;2;194;128;226m[48;2;194;128;226m▀[0m[38;2;199;129;226m[48;2;152;99;174m▀[0m[38;2;149;96;171m[48;2;230;165;255m▀[0m[38;2;230;164;255m[48;2;230;165;255m▀[0m[38;2;230;164;255m[48;2;230;165;255m▀[0m[38;2;237;188;255m[48;2;225;163;255m▀[0m[38;2;237;188;255m[48;2;225;163;255m▀[0m[38;2;241;191;255m[48;2;225;163;255m▀[0m[38;2;230;165;255m[48;2;225;163;255m▀[0m[38;2;225;163;255m[48;2;225;163;255m▀[0m[38;2;225;163;255m[48;2;225;163;255m▀[0m[38;2;225;163;255m[48;2;225;163;255m▀[0m[38;2;225;163;255m[48;2;225;163;255m▀[0m[38;2;225;163;255m[48;2;194;128;226m▀[0m[38;2;225;163;255m[48;2;230;165;255m▀[0m[38;2;225;163;255m[48;2;225;163;255m▀[0m[38;2;225;163;255m[48;2;225;163;255m▀[0m[38;2;230;165;255m[48;2;225;163;255m▀[0m[38;2;0;0;0m[48;2;225;163;255m▀[0m[38;2;0;0;0m▄    
  [38;2;0;0;0m▀[38;2;64;65;65m[48;2;9;0;16m▀[0m[38;2;230;186;123m[48;2;222;186;131m▀[0m[38;2;224;159;134m[48;2;230;182;106m▀[0m[38;2;152;99;174m[48;2;131;98;79m▀[0m[38;2;152;99;174m[48;2;215;145;242m▀[0m[38;2;230;165;255m[48;2;1;120;85m▀[0m[38;2;152;99;174m[48;2;187;237;222m▀[0m[38;2;230;165;255m[48;2;163;183;183m▀[0m[38;2;225;163;255m[48;2;230;165;255m▀[0m[38;2;225;163;255m[48;2;230;165;255m▀[0m[38;2;225;163;255m[48;2;230;165;255m▀[0m[38;2;225;163;255m[48;2;230;165;255m▀[0m[38;2;225;163;255m[48;2;117;136;150m▀[0m[38;2;225;163;255m[48;2;225;163;255m▀[0m[38;2;225;163;255m[48;2;225;163;255m▀[0m[38;2;225;163;255m[48;2;225;163;255m▀[0m[38;2;194;128;226m[48;2;230;165;255m▀[0m[38;2;230;165;255m[48;2;152;99;174m▀[0m[38;2;225;163;255m[48;2;225;163;255m▀[0m[38;2;225;163;255m[48;2;194;128;226m▀[0m[38;2;225;163;255m[48;2;230;165;255m▀[0m[38;2;225;163;255m[48;2;230;165;255m▀[0m[38;2;0;0;0m[48;2;225;163;255m▀[0m[38;2;0;0;0m▄[38;2;0;0;0m▄  
 [38;2;0;0;0m▄[38;2;0;0;0m[48;2;230;186;123m▀[0m[38;2;74;62;54m[48;2;230;186;123m▀[0m[38;2;74;62;54m[48;2;64;65;65m▀[0m[38;2;180;140;93m[48;2;222;186;123m▀[0m[38;2;56;65;82m[48;2;74;62;46m▀[0m[38;2;215;145;242m[48;2;255;238;180m▀[0m[38;2;1;120;85m[48;2;12;160;117m▀[0m[38;2;3;101;72m[48;2;15;147;109m▀[0m[38;2;163;183;183m[48;2;191;183;180m▀[0m[38;2;194;128;226m[48;2;255;238;180m▀[0m[38;2;194;128;226m[48;2;255;238;180m▀[0m[38;2;230;165;255m[48;2;186;126;226m▀[0m[38;2;194;128;226m[48;2;186;126;226m▀[0m[38;2;190;240;225m[48;2;1;119;85m▀[0m[38;2;29;95;76m[48;2;1;119;85m▀[0m[38;2;225;163;255m[48;2;186;126;226m▀[0m[38;2;225;163;255m[48;2;186;126;226m▀[0m[38;2;230;165;255m[48;2;215;145;242m▀[0m[38;2;152;99;174m[48;2;64;54;80m▀[0m[38;2;194;128;226m[48;2;255;238;180m▀[0m[38;2;255;222;197m[48;2;255;238;180m▀[0m[38;2;194;128;226m[48;2;255;238;180m▀[0m[38;2;194;128;226m[48;2;255;238;180m▀[0m[38;2;194;128;226m[48;2;255;238;180m▀[0m[38;2;255;202;172m[48;2;255;238;180m▀[0m[38;2;255;238;180m[48;2;0;0;0m▀[0m[38;2;0;0;0m▀ 
 [38;2;0;0;0m▀[38;2;230;186;123m[48;2;0;0;0m▀[0m[38;2;64;65;65m[48;2;230;186;123m▀[0m[38;2;230;186;123m[48;2;230;186;123m▀[0m[38;2;222;186;123m[48;2;0;0;0m▀[0m[38;2;4;0;8m▀[38;2;255;238;180m[48;2;8;0;1m▀[0m[38;2;255;238;180m[48;2;255;226;180m▀[0m[38;2;255;222;172m[48;2;255;238;180m▀[0m[38;2;255;222;172m[48;2;178;138;71m▀[0m[38;2;255;238;180m[48;2;255;238;180m▀[0m[38;2;255;238;180m[48;2;255;238;180m▀[0m[38;2;255;238;180m[48;2;178;138;71m▀[0m[38;2;255;238;180m[48;2;255;238;180m▀[0m[38;2;12;160;117m[48;2;255;238;180m▀[0m[38;2;12;160;117m[48;2;255;238;180m▀[0m[38;2;255;238;180m[48;2;255;238;180m▀[0m[38;2;255;238;180m[48;2;255;238;180m▀[0m[38;2;215;145;242m[48;2;199;129;226m▀[0m[38;2;0;8;8m[48;2;0;0;0m▀[0m[38;2;255;238;180m[48;2;255;234;172m▀[0m[38;2;178;138;71m[48;2;169;156;115m▀[0m[38;2;255;238;180m[48;2;65;60;57m▀[0m[38;2;255;238;180m[48;2;65;60;57m▀[0m[38;2;84;79;60m[48;2;0;0;0m▀[0m[38;2;0;0;0m▀   
   [38;2;0;0;0m▀[38;2;0;0;0m▀[38;2;0;0;0m▄[38;2;0;0;0m▄[38;2;8;0;1m[48;2;199;129;226m▀[0m[38;2;188;133;226m[48;2;149;96;171m▀[0m[38;2;255;238;180m[48;2;186;126;226m▀[0m[38;2;255;238;180m[48;2;255;238;180m▀[0m[38;2;178;138;71m[48;2;255;238;180m▀[0m[38;2;178;138;71m[48;2;255;238;180m▀[0m[38;2;255;238;180m[48;2;255;238;180m▀[0m[38;2;255;238;180m[48;2;255;238;180m▀[0m[38;2;255;238;180m[48;2;255;242;172m▀[0m[38;2;255;238;180m[48;2;255;242;172m▀[0m[38;2;255;238;180m[48;2;188;133;226m▀[0m[38;2;188;133;226m[48;2;144;92;165m▀[0m[38;2;0;0;0m[48;2;230;165;255m▀[0m[38;2;0;0;0m▄[38;2;0;0;0m[48;2;56;65;74m▀[0m[38;2;255;234;172m[48;2;255;230;180m▀[0m[38;2;160;147;111m[48;2;178;138;71m▀[0m[38;2;255;234;164m[48;2;178;138;71m▀[0m[38;2;255;238;180m[48;2;255;238;180m▀[0m[38;2;0;0;0m[48;2;0;0;0m▀[0m   
   [38;2;0;0;0m▄[38;2;0;0;0m[48;2;230;186;123m▀[0m[38;2;199;129;226m[48;2;199;129;226m▀[0m[38;2;199;129;226m[48;2;199;129;226m▀[0m[38;2;199;129;226m[48;2;64;65;65m▀[0m[38;2;149;96;171m[48;2;176;129;194m▀[0m[38;2;186;126;226m[48;2;255;238;180m▀[0m[38;2;255;238;180m[48;2;255;238;180m▀[0m[38;2;255;238;180m[48;2;255;238;180m▀[0m[38;2;255;238;180m[48;2;255;238;180m▀[0m[38;2;255;238;180m[48;2;255;238;180m▀[0m[38;2;186;126;226m[48;2;186;126;226m▀[0m[38;2;194;128;226m[48;2;230;165;255m▀[0m[38;2;194;128;226m[48;2;230;165;255m▀[0m[38;2;217;155;247m[48;2;225;163;255m▀[0m[38;2;217;155;247m[48;2;225;163;255m▀[0m[38;2;230;165;255m[48;2;230;165;255m▀[0m[38;2;230;165;255m[48;2;230;165;255m▀[0m[38;2;134;114;104m[48;2;230;165;255m▀[0m[38;2;56;65;74m[48;2;194;128;226m▀[0m[38;2;255;238;180m[48;2;82;78;60m▀[0m[38;2;255;238;180m[48;2;0;0;0m▀[0m[38;2;0;0;0m▀    
    [38;2;0;0;0m▀[38;2;0;0;0m▀[38;2;141;86;151m[48;2;0;0;0m▀[0m[38;2;64;65;65m[48;2;225;163;255m▀[0m[38;2;230;165;255m[48;2;225;163;255m▀[0m[38;2;186;126;226m[48;2;186;126;226m▀[0m[38;2;255;238;180m[48;2;255;238;180m▀[0m[38;2;255;238;180m[48;2;255;238;180m▀[0m[38;2;255;238;180m[48;2;255;238;180m▀[0m[38;2;255;238;180m[48;2;255;238;180m▀[0m[38;2;255;238;180m[48;2;255;238;180m▀[0m[38;2;194;128;226m[48;2;194;128;226m▀[0m[38;2;230;165;255m[48;2;230;165;255m▀[0m[38;2;225;163;255m[48;2;225;163;255m▀[0m[38;2;225;163;255m[48;2;225;163;255m▀[0m[38;2;152;99;174m[48;2;171;125;225m▀[0m[38;2;230;165;255m[48;2;111;93;150m▀[0m[38;2;230;165;255m[48;2;64;68;74m▀[0m[38;2;194;128;226m[48;2;255;242;205m▀[0m[38;2;246;234;180m[48;2;139;130;112m▀[0m[38;2;82;78;60m[48;2;82;68;49m▀[0m[38;2;0;0;0m[48;2;255;255;255m▀[0m[38;2;0;0;0m▄   
      [38;2;0;0;0m[48;2;0;0;0m▀[0m[38;2;225;163;255m[48;2;225;163;255m▀[0m[38;2;225;163;255m[48;2;194;128;226m▀[0m[38;2;186;126;226m[48;2;255;238;180m▀[0m[38;2;255;238;180m[48;2;255;238;180m▀[0m[38;2;255;238;180m[48;2;255;238;180m▀[0m[38;2;255;238;180m[48;2;255;238;180m▀[0m[38;2;255;238;180m[48;2;255;238;180m▀[0m[38;2;255;238;180m[48;2;255;238;180m▀[0m[38;2;194;128;226m[48;2;194;128;226m▀[0m[38;2;225;163;255m[48;2;225;163;255m▀[0m[38;2;225;163;255m[48;2;230;165;255m▀[0m[38;2;225;163;255m[48;2;194;128;226m▀[0m[38;2;171;125;225m[48;2;199;129;226m▀[0m[38;2;62;64;74m[48;2;199;129;226m▀[0m[38;2;191;183;161m[48;2;64;65;65m▀[0m[38;2;64;68;74m[48;2;197;194;189m▀[0m[38;2;82;68;49m[48;2;195;192;197m▀[0m[38;2;255;255;238m[48;2;255;255;255m▀[0m[38;2;0;0;0m[48;2;0;0;0m▀[0m    
      [38;2;0;0;0m▀[38;2;194;128;226m[48;2;0;0;0m▀[0m[38;2;255;230;189m[48;2;230;186;123m▀[0m[38;2;255;238;180m[48;2;255;238;180m▀[0m[38;2;255;238;180m[48;2;255;238;180m▀[0m[38;2;255;238;180m[48;2;255;238;180m▀[0m[38;2;255;238;180m[48;2;255;238;180m▀[0m[38;2;255;238;180m[48;2;255;238;180m▀[0m[38;2;255;238;180m[48;2;255;238;180m▀[0m[38;2;255;230;189m[48;2;255;238;180m▀[0m[38;2;194;128;226m[48;2;255;238;180m▀[0m[38;2;194;128;226m[48;2;230;186;123m▀[0m[38;2;194;128;226m[48;2;140;85;162m▀[0m[38;2;199;129;226m[48;2;140;85;162m▀[0m[38;2;149;96;171m[48;2;230;186;123m▀[0m[38;2;64;65;65m[48;2;64;65;65m▀[0m[38;2;197;194;189m[48;2;194;197;197m▀[0m[38;2;195;192;197m[48;2;197;194;189m▀[0m[38;2;195;192;197m[48;2;0;0;0m▀[0m[38;2;0;0;0m▀    
       [38;2;0;0;0m▀[38;2;230;186;123m[48;2;0;0;0m▀[0m[38;2;178;138;71m[48;2;230;186;123m▀[0m[38;2;178;138;71m[48;2;230;186;123m▀[0m[38;2;255;238;180m[48;2;74;62;54m▀[0m[38;2;255;238;180m[48;2;74;62;54m▀[0m[38;2;255;238;180m[48;2;0;0;0m▀[0m[38;2;255;238;180m[48;2;0;0;0m▀[0m[38;2;227;186;120m[48;2;167;130;76m▀[0m[38;2;227;186;120m[48;2;167;130;76m▀[0m[38;2;230;186;123m[48;2;227;186;120m▀[0m[38;2;230;186;123m[48;2;227;186;120m▀[0m[38;2;230;186;123m[48;2;230;186;123m▀[0m[38;2;230;186;123m[48;2;0;0;0m▀[0m[38;2;0;0;0m▀[38;2;0;0;0m▀[38;2;0;0;0m▀      
        [38;2;0;0;0m▀[38;2;230;186;123m[48;2;0;0;0m▀[0m[38;2;180;137;74m[48;2;0;0;0m▀[0m[38;2;222;186;131m[48;2;0;0;0m▀[0m[38;2;9;0;16m▀  [38;2;8;4;0m[48;2;0;0;0m▀[0m[38;2;246;194;115m[48;2;230;186;123m▀[0m[38;2;227;186;120m[48;2;159;126;76m▀[0m[38;2;227;186;120m[48;2;238;189;115m▀[0m[38;2;0;0;0m[48;2;0;0;0m▀[0m          
                    [38;2;0;0;0m▀[38;2;0;0;0m▀[38;2;0;0;0m▀                
                                     [0m                                     