            [38;2;0;4;0m▄[38;2;0;4;0m▄[38;2;0;4;0m▄[38;2;0;4;0m▄[38;2;0;4;0m▄[38;2;0;4;0m▄[38;2;0;4;0m▄ [38;2;0;4;0m▄[38;2;0;0;0m▄[38;2;0;0;0m▄[38;2;0;4;0m▄[38;2;0;4;0m▄[38;2;0;4;0m[48;2;106;176;156m▀[0m[38;2;0;4;0m[48;2;47;139;94m▀[0m[38;2;0;4;0m[48;2;106;176;156m▀[0m[38;2;0;4;0m[48;2;231;243;255m▀[0m[38;2;0;4;0m[48;2;255;239;255m▀[0m[38;2;0;0;8m▄        
         [38;2;0;4;0m▄[38;2;0;4;0m[48;2;255;255;255m▀[0m[38;2;0;4;0m[48;2;42;142;94m▀[0m[38;2;255;255;255m[48;2;42;142;94m▀[0m[38;2;255;255;255m[48;2;104;180;159m▀[0m[38;2;255;255;255m[48;2;231;243;255m▀[0m[38;2;231;243;255m[48;2;239;251;255m▀[0m[38;2;231;243;255m[48;2;239;251;255m▀[0m[38;2;255;255;255m[48;2;255;255;255m▀[0m[38;2;255;255;255m[48;2;255;255;255m▀[0m[38;2;0;4;0m[48;2;255;255;255m▀[0m[38;2;42;142;94m[48;2;230;244;255m▀[0m[38;2;154;154;170m[48;2;42;142;94m▀[0m[38;2;231;231;255m[48;2;42;142;94m▀[0m[38;2;231;243;255m[48;2;42;142;94m▀[0m[38;2;231;243;255m[48;2;105;170;152m▀[0m[38;2;231;243;255m[48;2;231;243;255m▀[0m[38;2;231;243;255m[48;2;231;243;255m▀[0m[38;2;106;176;156m[48;2;255;255;255m▀[0m[38;2;47;139;94m[48;2;255;255;255m▀[0m[38;2;127;119;131m[48;2;255;255;255m▀[0m[38;2;0;0;8m[48;2;255;255;255m▀[0m[38;2;0;4;0m▄       
      [38;2;0;4;0m▄[38;2;0;4;0m[48;2;255;255;255m▀[0m[38;2;0;4;0m[48;2;255;255;255m▀[0m[38;2;255;255;255m[48;2;255;255;255m▀[0m[38;2;255;255;255m[48;2;255;255;255m▀[0m[38;2;255;255;255m[48;2;255;255;255m▀[0m[38;2;255;255;255m[48;2;230;244;255m▀[0m[38;2;42;142;94m[48;2;230;244;255m▀[0m[38;2;42;142;94m[48;2;255;255;255m▀[0m[38;2;45;137;92m[48;2;45;137;92m▀[0m[38;2;107;175;156m[48;2;112;178;160m▀[0m[38;2;106;171;153m[48;2;42;142;94m▀[0m[38;2;255;255;255m[48;2;42;142;94m▀[0m[38;2;230;244;255m[48;2;104;180;159m▀[0m[38;2;230;244;255m[48;2;231;243;255m▀[0m[38;2;231;243;255m[48;2;231;243;255m▀[0m[38;2;231;243;255m[48;2;231;243;255m▀[0m[38;2;105;170;152m[48;2;239;247;255m▀[0m[38;2;42;142;94m[48;2;239;247;255m▀[0m[38;2;42;142;94m[48;2;255;255;255m▀[0m[38;2;42;142;94m[48;2;255;255;255m▀[0m[38;2;106;171;153m[48;2;42;142;94m▀[0m[38;2;255;255;255m[48;2;42;142;94m▀[0m[38;2;255;255;255m[48;2;42;142;94m▀[0m[38;2;230;244;255m[48;2;104;180;159m▀[0m[38;2;189;211;222m[48;2;140;162;181m▀[0m[38;2;0;4;0m[48;2;0;4;0m▀[0m      
     [38;2;0;4;0m[48;2;0;4;0m▀[0m[38;2;140;162;181m[48;2;189;211;222m▀[0m[38;2;255;255;255m[48;2;142;162;176m▀[0m[38;2;255;255;255m[48;2;142;162;176m▀[0m[38;2;255;255;255m[48;2;239;251;255m▀[0m[38;2;255;255;255m[48;2;239;251;255m▀[0m[38;2;230;244;255m[48;2;247;251;255m▀[0m[38;2;230;244;255m[48;2;247;251;255m▀[0m[38;2;255;255;255m[48;2;255;255;255m▀[0m[38;2;255;255;255m[48;2;255;255;255m▀[0m[38;2;255;255;255m[48;2;255;255;255m▀[0m[38;2;255;255;255m[48;2;230;244;255m▀[0m[38;2;231;243;255m[48;2;228;244;255m▀[0m[38;2;231;243;255m[48;2;228;244;255m▀[0m[38;2;42;142;94m[48;2;228;244;255m▀[0m[38;2;42;142;94m[48;2;228;244;255m▀[0m[38;2;42;142;94m[48;2;42;142;94m▀[0m[38;2;42;142;94m[48;2;42;142;94m▀[0m[38;2;106;171;153m[48;2;42;142;94m▀[0m[38;2;239;247;255m[48;2;110;181;162m▀[0m[38;2;255;255;255m[48;2;255;255;255m▀[0m[38;2;255;255;255m[48;2;255;255;255m▀[0m[38;2;239;251;255m[48;2;228;244;255m▀[0m[38;2;239;251;255m[48;2;228;244;255m▀[0m[38;2;231;243;255m[48;2;228;244;255m▀[0m[38;2;42;142;94m[48;2;228;244;255m▀[0m[38;2;0;4;0m[48;2;214;231;247m▀[0m[38;2;0;8;8m▄      
     [38;2;0;4;0m▀[38;2;189;211;222m[48;2;0;4;0m▀[0m[38;2;66;65;66m[48;2;255;255;255m▀[0m[38;2;66;65;66m[48;2;230;244;255m▀[0m[38;2;140;162;177m[48;2;66;65;66m▀[0m[38;2;140;162;177m[48;2;66;65;66m▀[0m[38;2;140;162;177m[48;2;189;211;231m▀[0m[38;2;247;251;255m[48;2;148;162;176m▀[0m[38;2;255;255;255m[48;2;142;162;176m▀[0m[38;2;255;255;255m[48;2;142;162;176m▀[0m[38;2;230;244;255m[48;2;231;243;255m▀[0m[38;2;230;244;255m[48;2;231;243;255m▀[0m[38;2;228;244;255m[48;2;231;243;255m▀[0m[38;2;228;244;255m[48;2;231;243;255m▀[0m[38;2;228;244;255m[48;2;230;244;255m▀[0m[38;2;228;244;255m[48;2;230;244;255m▀[0m[38;2;239;251;255m[48;2;255;255;255m▀[0m[38;2;239;251;255m[48;2;255;255;255m▀[0m[38;2;255;255;255m[48;2;255;255;255m▀[0m[38;2;42;142;94m[48;2;255;255;255m▀[0m[38;2;45;137;92m[48;2;222;247;255m▀[0m[38;2;112;178;160m[48;2;49;99;75m▀[0m[38;2;228;244;255m[48;2;50;139;96m▀[0m[38;2;228;244;255m[48;2;153;152;194m▀[0m[38;2;228;244;255m[48;2;139;162;177m▀[0m[38;2;228;244;255m[48;2;139;162;177m▀[0m[38;2;142;156;167m[48;2;189;211;225m▀[0m[38;2;214;231;247m[48;2;189;211;225m▀[0m[38;2;0;4;0m[48;2;0;4;0m▀[0m     
    [38;2;0;4;0m▄[38;2;0;4;0m[48;2;239;247;255m▀[0m[38;2;42;142;94m[48;2;239;247;255m▀[0m[38;2;230;244;255m[48;2;230;244;255m▀[0m[38;2;230;244;255m[48;2;255;255;255m▀[0m[38;2;255;255;255m[48;2;255;255;255m▀[0m[38;2;255;255;255m[48;2;255;255;255m▀[0m[38;2;66;65;66m[48;2;239;251;255m▀[0m[38;2;66;65;66m[48;2;239;251;255m▀[0m[38;2;66;65;66m[48;2;228;244;255m▀[0m[38;2;66;65;66m[48;2;228;244;255m▀[0m[38;2;140;162;177m[48;2;66;65;66m▀[0m[38;2;140;162;177m[48;2;66;65;66m▀[0m[38;2;140;162;177m[48;2;189;211;222m▀[0m[38;2;231;243;255m[48;2;148;162;170m▀[0m[38;2;230;244;255m[48;2;139;162;177m▀[0m[38;2;255;255;255m[48;2;139;162;177m▀[0m[38;2;255;255;255m[48;2;255;255;255m▀[0m[38;2;255;255;255m[48;2;255;255;255m▀[0m[38;2;255;255;255m[48;2;139;162;177m▀[0m[38;2;230;244;255m[48;2;139;162;177m▀[0m[38;2;160;156;185m[48;2;143;162;175m▀[0m[38;2;49;99;75m[48;2;49;99;75m▀[0m[38;2;50;139;96m[48;2;52;137;96m▀[0m[38;2;181;219;214m[48;2;189;215;222m▀[0m[38;2;189;211;222m[48;2;189;211;222m▀[0m[38;2;139;162;177m[48;2;139;162;177m▀[0m[38;2;189;211;225m[48;2;189;211;231m▀[0m[38;2;189;211;225m[48;2;66;65;66m▀[0m[38;2;0;4;0m[48;2;140;162;181m▀[0m[38;2;0;4;0m▄    
  [38;2;0;4;0m▄[38;2;0;4;0m[48;2;255;255;255m▀[0m[38;2;108;168;151m[48;2;230;244;255m▀[0m[38;2;106;171;153m[48;2;103;171;152m▀[0m[38;2;239;247;255m[48;2;103;171;152m▀[0m[38;2;255;255;255m[48;2;119;170;145m▀[0m[38;2;255;255;255m[48;2;247;255;247m▀[0m[38;2;255;255;255m[48;2;239;251;255m▀[0m[38;2;42;142;94m[48;2;239;251;255m▀[0m[38;2;45;137;92m[48;2;113;159;137m▀[0m[38;2;107;175;156m[48;2;45;145;97m▀[0m[38;2;228;244;255m[48;2;142;158;167m▀[0m[38;2;228;244;255m[48;2;142;158;167m▀[0m[38;2;231;247;255m[48;2;82;81;82m▀[0m[38;2;148;156;160m[48;2;197;197;197m▀[0m[38;2;66;65;66m[48;2;66;65;66m▀[0m[38;2;189;211;222m[48;2;189;211;222m▀[0m[38;2;189;211;222m[48;2;189;211;225m▀[0m[38;2;139;162;177m[48;2;189;211;225m▀[0m[38;2;139;162;177m[48;2;139;162;177m▀[0m[38;2;139;162;177m[48;2;189;211;222m▀[0m[38;2;189;211;222m[48;2;189;211;225m▀[0m[38;2;189;211;222m[48;2;189;211;225m▀[0m[38;2;143;162;175m[48;2;143;162;175m▀[0m[38;2;49;99;75m[48;2;49;99;75m▀[0m[38;2;156;151;197m[48;2;139;162;177m▀[0m[38;2;189;215;222m[48;2;189;211;222m▀[0m[38;2;189;211;222m[48;2;142;162;176m▀[0m[38;2;139;162;177m[48;2;142;162;176m▀[0m[38;2;148;162;176m[48;2;66;65;66m▀[0m[38;2;66;65;66m[48;2;142;162;176m▀[0m[38;2;140;162;181m[48;2;95;97;95m▀[0m[38;2;140;162;181m[48;2;142;162;175m▀[0m[38;2;0;4;0m[48;2;0;4;0m▀[0m   
 [38;2;0;4;0m[48;2;0;4;0m▀[0m[38;2;255;255;255m[48;2;140;162;181m▀[0m[38;2;230;244;255m[48;2;134;152;162m▀[0m[38;2;230;244;255m[48;2;134;152;162m▀[0m[38;2;231;243;255m[48;2;139;162;177m▀[0m[38;2;231;243;255m[48;2;139;162;177m▀[0m[38;2;51;131;92m[48;2;42;142;94m▀[0m[38;2;119;170;145m[48;2;189;211;222m▀[0m[38;2;140;162;177m[48;2;222;207;156m▀[0m[38;2;140;162;177m[48;2;74;52;107m▀[0m[38;2;148;162;181m[48;2;247;211;66m▀[0m[38;2;148;162;181m[48;2;247;211;66m▀[0m[38;2;189;215;231m[48;2;111;136;124m▀[0m[38;2;95;101;104m[48;2;80;95;88m▀[0m[38;2;255;248;128m[48;2;255;248;128m▀[0m[38;2;82;81;82m[48;2;189;166;18m▀[0m[38;2;189;211;222m[48;2;66;65;66m▀[0m[38;2;189;211;222m[48;2;189;211;222m▀[0m[38;2;189;211;225m[48;2;189;211;222m▀[0m[38;2;189;211;225m[48;2;189;211;222m▀[0m[38;2;139;162;177m[48;2;139;162;177m▀[0m[38;2;189;211;222m[48;2;189;211;222m▀[0m[38;2;189;211;225m[48;2;189;211;231m▀[0m[38;2;189;211;225m[48;2;148;162;176m▀[0m[38;2;143;162;175m[48;2;66;65;66m▀[0m[38;2;143;162;175m[48;2;66;65;66m▀[0m[38;2;139;162;177m[48;2;140;162;181m▀[0m[38;2;139;162;177m[48;2;140;162;181m▀[0m[38;2;142;162;176m[48;2;0;4;0m▀[0m[38;2;66;65;66m[48;2;66;64;66m▀[0m[38;2;142;162;176m[48;2;148;150;189m▀[0m[38;2;142;162;176m[48;2;40;99;70m▀[0m[38;2;95;97;95m[48;2;65;104;85m▀[0m[38;2;142;162;175m[48;2;65;104;85m▀[0m[38;2;49;99;75m[48;2;140;162;181m▀[0m[38;2;0;4;0m[48;2;0;4;0m▀[0m  
  [38;2;0;4;0m▀[38;2;8;12;8m▀[38;2;198;223;239m[48;2;0;4;0m▀[0m[38;2;189;211;222m[48;2;90;97;95m▀[0m[38;2;189;211;222m[48;2;90;97;95m▀[0m[38;2;189;211;222m[48;2;95;97;95m▀[0m[38;2;42;142;94m[48;2;95;97;95m▀[0m[38;2;98;118;108m[48;2;189;199;239m▀[0m[38;2;222;207;156m[48;2;110;138;124m▀[0m[38;2;247;211;66m[48;2;110;138;124m▀[0m[38;2;42;142;94m[48;2;189;199;239m▀[0m[38;2;80;95;88m[48;2;90;89;82m▀[0m[38;2;180;157;14m[48;2;255;248;128m▀[0m[38;2;255;248;128m[48;2;255;248;128m▀[0m[38;2;255;248;128m[48;2;255;248;128m▀[0m[38;2;66;65;66m[48;2;182;159;15m▀[0m[38;2;66;65;66m[48;2;66;65;66m▀[0m[38;2;189;211;222m[48;2;140;162;178m▀[0m[38;2;139;162;177m[48;2;140;162;178m▀[0m[38;2;189;211;222m[48;2;148;162;176m▀[0m[38;2;139;162;177m[48;2;66;65;66m▀[0m[38;2;66;65;66m[48;2;139;162;177m▀[0m[38;2;66;65;66m[48;2;189;211;222m▀[0m[38;2;189;211;231m[48;2;189;211;222m▀[0m[38;2;148;162;176m[48;2;139;162;177m▀[0m[38;2;52;59;60m[48;2;0;4;0m▀[0m[38;2;8;8;0m▀ [38;2;0;4;0m▀[38;2;40;99;70m[48;2;16;4;8m▀[0m[38;2;84;133;109m[48;2;90;83;90m▀[0m[38;2;37;137;89m[48;2;140;162;177m▀[0m[38;2;90;81;90m[48;2;140;162;177m▀[0m[38;2;140;162;181m[48;2;76;96;86m▀[0m[38;2;140;162;181m[48;2;231;243;255m▀[0m[38;2;0;4;0m[48;2;0;4;0m▀[0m 
    [38;2;0;4;0m[48;2;0;4;0m▀[0m[38;2;66;65;57m[48;2;140;158;181m▀[0m[38;2;140;162;173m[48;2;42;68;55m▀[0m[38;2;142;162;175m[48;2;66;65;66m▀[0m[38;2;142;162;175m[48;2;142;162;176m▀[0m[38;2;78;100;89m[48;2;140;162;181m▀[0m[38;2;78;100;89m[48;2;140;162;181m▀[0m[38;2;78;100;89m[48;2;0;4;0m▀[0m[38;2;78;100;89m[48;2;140;162;181m▀[0m[38;2;90;89;82m[48;2;0;4;0m▀[0m[38;2;215;202;29m[48;2;108;88;0m▀[0m[38;2;231;214;36m[48;2;246;246;42m▀[0m[38;2;192;168;19m[48;2;173;153;11m▀[0m[38;2;66;65;66m[48;2;0;4;0m▀[0m[38;2;156;170;173m[48;2;140;162;181m▀[0m[38;2;140;162;178m[48;2;140;162;181m▀[0m[38;2;140;162;178m[48;2;0;4;0m▀[0m[38;2;66;65;66m[48;2;76;69;82m▀[0m[38;2;189;211;231m[48;2;198;207;231m▀[0m[38;2;139;162;177m[48;2;46;98;73m▀[0m[38;2;189;211;222m[48;2;46;98;73m▀[0m[38;2;189;211;222m[48;2;49;99;75m▀[0m[38;2;139;162;177m[48;2;49;99;75m▀[0m[38;2;189;211;222m[48;2;189;211;222m▀[0m[38;2;0;4;0m[48;2;0;4;0m▀[0m [38;2;0;4;0m[48;2;0;4;0m▀[0m[38;2;239;243;255m[48;2;45;65;55m▀[0m[38;2;90;83;90m[48;2;63;97;81m▀[0m[38;2;231;243;255m[48;2;231;243;255m▀[0m[38;2;231;243;255m[48;2;231;243;255m▀[0m[38;2;76;96;86m[48;2;63;97;81m▀[0m[38;2;231;243;255m[48;2;45;65;55m▀[0m[38;2;0;4;0m[48;2;0;4;0m▀[0m 
   [38;2;0;4;0m[48;2;0;4;0m▀[0m[38;2;140;162;181m[48;2;66;64;66m▀[0m[38;2;74;99;87m[48;2;78;77;98m▀[0m[38;2;140;158;181m[48;2;148;154;189m▀[0m[38;2;142;162;176m[48;2;148;154;189m▀[0m[38;2;66;65;66m[48;2;78;77;98m▀[0m[38;2;140;162;181m[48;2;66;64;66m▀[0m[38;2;0;4;0m[48;2;0;4;0m▀[0m [38;2;0;4;0m▀ [38;2;0;4;0m▀[38;2;246;246;42m[48;2;0;4;0m▀[0m[38;2;8;12;8m▀ [38;2;0;4;0m▀[38;2;0;4;0m▀ [38;2;16;0;8m▀[38;2;76;69;82m[48;2;0;4;0m▀[0m[38;2;44;143;95m[48;2;143;133;167m▀[0m[38;2;44;143;95m[48;2;187;194;211m▀[0m[38;2;153;162;186m[48;2;187;193;208m▀[0m[38;2;181;211;222m[48;2;53;99;77m▀[0m[38;2;189;211;222m[48;2;231;251;255m▀[0m[38;2;0;4;0m[48;2;187;190;208m▀[0m[38;2;0;4;0m▄ [38;2;0;8;0m▀[38;2;0;8;0m▀[38;2;0;4;0m▀[38;2;0;4;0m▀[38;2;0;8;0m▀[38;2;0;8;0m▀  
    [38;2;0;4;0m▀[38;2;8;0;8m▀[38;2;8;0;8m▀[38;2;8;0;8m▀[38;2;8;0;8m▀[38;2;0;4;0m▀           [38;2;0;4;0m[48;2;0;4;0m▀[0m[38;2;231;243;255m[48;2;42;142;94m▀[0m[38;2;54;104;80m[48;2;85;79;90m▀[0m[38;2;231;255;255m[48;2;239;239;255m▀[0m[38;2;231;255;255m[48;2;239;227;255m▀[0m[38;2;53;99;77m[48;2;119;113;131m▀[0m[38;2;53;99;77m[48;2;49;99;75m▀[0m[38;2;231;251;255m[48;2;0;4;0m▀[0m[38;2;0;4;0m▀         
                      [38;2;0;4;0m▀[38;2;8;0;8m▀[38;2;8;0;8m▀[38;2;0;0;8m▀[38;2;0;0;8m▀[38;2;0;4;0m▀           
                                     [0m                                     