           [38;2;0;0;0m▄[38;2;0;0;0m[48;2;142;121;69m▀[0m[38;2;0;0;0m▄      
         [38;2;0;0;0m▄[38;2;0;0;0m[48;2;169;144;77m▀[0m[38;2;169;144;77m[48;2;142;121;69m▀[0m[38;2;142;121;69m[48;2;142;121;69m▀[0m[38;2;0;0;0m[48;2;0;0;0m▀[0m      
      [38;2;0;0;0m▄[38;2;0;0;0m[48;2;169;144;77m▀[0m[38;2;0;0;0m[48;2;142;121;69m▀[0m[38;2;169;144;77m[48;2;142;121;69m▀[0m[38;2;142;121;69m[48;2;65;65;65m▀[0m[38;2;65;65;65m[48;2;142;121;69m▀[0m[38;2;142;121;69m[48;2;142;121;69m▀[0m[38;2;0;0;0m[48;2;0;0;0m▀[0m      
    [38;2;0;0;0m▄[38;2;0;0;0m[48;2;142;121;69m▀[0m[38;2;169;144;77m[48;2;142;121;69m▀[0m[38;2;142;121;69m[48;2;142;121;69m▀[0m[38;2;142;121;69m[48;2;142;121;69m▀[0m[38;2;142;121;69m[48;2;216;187;97m▀[0m[38;2;186;167;85m[48;2;216;187;97m▀[0m[38;2;216;187;97m[48;2;216;187;97m▀[0m[38;2;186;167;85m[48;2;216;187;97m▀[0m[38;2;0;0;0m[48;2;186;167;85m▀[0m[38;2;0;0;0m▄     
  [38;2;0;0;0m▄[38;2;0;0;0m▄[38;2;0;0;0m[48;2;216;187;97m▀[0m[38;2;142;121;69m[48;2;142;121;69m▀[0m[38;2;142;121;69m[48;2;169;144;77m▀[0m[38;2;186;167;85m[48;2;216;187;97m▀[0m[38;2;216;187;97m[48;2;230;90;74m▀[0m[38;2;142;121;69m[48;2;255;255;255m▀[0m[38;2;142;121;69m[48;2;189;189;189m▀[0m[38;2;142;121;69m[48;2;142;121;69m▀[0m[38;2;186;167;85m[48;2;142;121;69m▀[0m[38;2;216;187;97m[48;2;216;187;97m▀[0m[38;2;0;0;0m[48;2;0;0;0m▀[0m     
 [38;2;0;0;0m▀[38;2;245;222;154m[48;2;0;0;0m▀[0m[38;2;65;65;65m[48;2;0;0;0m▀[0m[38;2;216;187;97m[48;2;216;187;97m▀[0m[38;2;216;187;97m[48;2;216;187;97m▀[0m[38;2;216;187;97m[48;2;216;187;97m▀[0m[38;2;169;144;77m[48;2;169;144;77m▀[0m[38;2;0;0;0m[48;2;0;0;0m▀[0m[38;2;230;90;74m[48;2;230;90;74m▀[0m[38;2;255;255;255m[48;2;255;255;255m▀[0m[38;2;142;121;69m[48;2;142;121;69m▀[0m[38;2;142;121;69m[48;2;186;167;85m▀[0m[38;2;186;167;85m[48;2;159;52;139m▀[0m[38;2;0;0;0m[48;2;159;52;139m▀[0m[38;2;0;0;0m▄ [38;2;0;0;0m▄  
   [38;2;0;0;0m▀[38;2;216;187;97m[48;2;0;0;0m▀[0m[38;2;186;167;85m[48;2;0;0;0m▀[0m[38;2;216;187;97m[48;2;0;0;0m▀[0m[38;2;216;187;97m[48;2;65;65;65m▀[0m[38;2;186;167;85m[48;2;245;222;154m▀[0m[38;2;245;222;154m[48;2;245;222;154m▀[0m[38;2;186;167;85m[48;2;245;222;154m▀[0m[38;2;65;65;65m[48;2;245;222;154m▀[0m[38;2;159;52;139m[48;2;65;65;65m▀[0m[38;2;159;52;139m[48;2;65;65;65m▀[0m[38;2;65;65;65m[48;2;216;187;97m▀[0m[38;2;186;167;85m[48;2;65;65;65m▀[0m[38;2;0;0;0m[48;2;216;187;97m▀[0m[38;2;216;187;97m[48;2;216;187;97m▀[0m[38;2;0;0;0m[48;2;0;0;0m▀[0m 
       [38;2;0;0;0m▀[38;2;0;0;0m[48;2;0;0;0m▀[0m[38;2;65;65;65m[48;2;186;167;85m▀[0m[38;2;65;65;65m[48;2;186;167;85m▀[0m[38;2;65;65;65m[48;2;65;65;65m▀[0m[38;2;216;187;97m[48;2;65;65;65m▀[0m[38;2;216;187;97m[48;2;216;187;97m▀[0m[38;2;186;167;85m[48;2;65;65;65m▀[0m[38;2;65;65;65m[48;2;186;167;85m▀[0m[38;2;216;187;97m[48;2;65;65;65m▀[0m[38;2;186;167;85m[48;2;0;0;0m▀[0m[38;2;0;0;0m▀ 
       [38;2;0;0;0m▀[38;2;186;167;85m[48;2;0;0;0m▀[0m[38;2;65;65;65m[48;2;0;0;0m▀[0m[38;2;186;167;85m[48;2;0;0;0m▀[0m[38;2;186;167;85m[48;2;0;0;0m▀[0m[38;2;65;65;65m[48;2;186;167;85m▀[0m[38;2;65;65;65m[48;2;186;167;85m▀[0m[38;2;186;167;85m[48;2;186;167;85m▀[0m[38;2;186;167;85m[48;2;0;0;0m▀[0m[38;2;0;0;0m▀   
            [38;2;0;0;0m▀[38;2;216;187;97m[48;2;0;0;0m▀[0m[38;2;216;187;97m[48;2;0;0;0m▀[0m[38;2;0;0;0m▀    
                                     [0m                                     