            [38;2;0;0;0m▄[38;2;0;0;0m▄[38;2;0;0;0m▄[38;2;0;0;0m[48;2;74;145;224m▀[0m[38;2;0;0;0m[48;2;74;145;224m▀[0m[38;2;0;0;0m[48;2;74;146;222m▀[0m[38;2;0;0;0m[48;2;74;146;222m▀[0m[38;2;0;0;0m[48;2;65;116;172m▀[0m[38;2;0;0;0m▄              
         [38;2;0;0;0m▄[38;2;0;0;0m[48;2;74;146;222m▀[0m[38;2;0;0;0m[48;2;74;145;224m▀[0m[38;2;74;146;222m[48;2;74;145;224m▀[0m[38;2;74;146;222m[48;2;74;145;224m▀[0m[38;2;74;146;222m[48;2;74;145;224m▀[0m[38;2;74;145;224m[48;2;74;145;224m▀[0m[38;2;74;145;224m[48;2;74;145;224m▀[0m[38;2;74;146;222m[48;2;63;115;175m▀[0m[38;2;61;113;172m[48;2;63;115;175m▀[0m[38;2;65;116;172m[48;2;0;0;0m▀[0m[38;2;0;0;0m▀              
       [38;2;0;0;0m▄[38;2;0;0;0m[48;2;74;146;222m▀[0m[38;2;74;146;222m[48;2;74;145;224m▀[0m[38;2;74;146;222m[48;2;74;145;224m▀[0m[38;2;74;145;224m[48;2;74;145;224m▀[0m[38;2;74;145;224m[48;2;74;145;224m▀[0m[38;2;74;145;224m[48;2;74;145;224m▀[0m[38;2;74;145;224m[48;2;74;145;224m▀[0m[38;2;74;145;224m[48;2;74;146;222m▀[0m[38;2;74;145;224m[48;2;61;113;172m▀[0m[38;2;63;115;175m[48;2;65;116;172m▀[0m[38;2;63;115;175m[48;2;0;0;0m▀[0m[38;2;0;0;0m▀               
      [38;2;0;0;0m[48;2;0;0;0m▀[0m[38;2;74;146;222m[48;2;74;146;222m▀[0m[38;2;74;146;222m[48;2;74;146;222m▀[0m[38;2;74;145;224m[48;2;148;52;57m▀[0m[38;2;74;145;224m[48;2;74;145;224m▀[0m[38;2;74;145;224m[48;2;74;145;224m▀[0m[38;2;74;145;224m[48;2;74;145;224m▀[0m[38;2;74;145;224m[48;2;74;145;224m▀[0m[38;2;74;145;224m[48;2;74;145;224m▀[0m[38;2;74;146;222m[48;2;74;145;224m▀[0m[38;2;74;146;222m[48;2;74;145;224m▀[0m[38;2;65;116;172m[48;2;74;145;224m▀[0m[38;2;0;0;0m[48;2;74;145;224m▀[0m[38;2;0;0;0m▄               
    [38;2;0;0;0m▄[38;2;0;0;0m[48;2;57;60;65m▀[0m[38;2;74;146;222m[48;2;57;138;222m▀[0m[38;2;74;146;222m[48;2;74;146;222m▀[0m[38;2;189;56;49m[48;2;189;56;49m▀[0m[38;2;189;233;255m[48;2;148;50;49m▀[0m[38;2;148;52;57m[48;2;148;50;49m▀[0m[38;2;74;145;224m[48;2;74;145;224m▀[0m[38;2;74;145;224m[48;2;74;145;224m▀[0m[38;2;74;145;224m[48;2;74;145;224m▀[0m[38;2;74;145;224m[48;2;74;145;224m▀[0m[38;2;74;145;224m[48;2;74;146;222m▀[0m[38;2;74;145;224m[48;2;74;146;222m▀[0m[38;2;74;145;224m[48;2;74;145;224m▀[0m[38;2;74;145;224m[48;2;74;145;224m▀[0m[38;2;74;146;222m[48;2;74;145;224m▀[0m[38;2;0;0;0m[48;2;74;145;224m▀[0m[38;2;0;0;0m▄   [38;2;0;0;0m▄[38;2;0;0;0m[48;2;221;188;49m▀[0m[38;2;0;0;0m▄       
  [38;2;0;0;0m▄[38;2;0;0;0m[48;2;74;100;131m▀[0m[38;2;32;86;139m[48;2;57;62;65m▀[0m[38;2;57;60;65m[48;2;143;135;111m▀[0m[38;2;57;99;143m[48;2;255;255;222m▀[0m[38;2;74;146;222m[48;2;32;86;139m▀[0m[38;2;189;56;49m[48;2;74;146;222m▀[0m[38;2;222;93;82m[48;2;148;52;49m▀[0m[38;2;148;50;49m[48;2;74;146;222m▀[0m[38;2;74;145;224m[48;2;74;146;222m▀[0m[38;2;74;145;224m[48;2;74;146;222m▀[0m[38;2;74;145;224m[48;2;32;86;139m▀[0m[38;2;74;145;224m[48;2;32;86;139m▀[0m[38;2;32;86;139m[48;2;112;147;194m▀[0m[38;2;32;86;139m[48;2;255;221;108m▀[0m[38;2;74;145;224m[48;2;32;86;139m▀[0m[38;2;74;145;224m[48;2;32;86;139m▀[0m[38;2;74;145;224m[48;2;74;146;222m▀[0m[38;2;74;145;224m[48;2;74;146;222m▀[0m[38;2;74;146;222m[48;2;54;115;180m▀[0m[38;2;0;0;0m[48;2;74;146;222m▀[0m[38;2;8;4;0m▄[38;2;8;4;0m▄[38;2;0;0;0m[48;2;225;192;49m▀[0m[38;2;221;188;49m[48;2;225;192;49m▀[0m[38;2;0;0;0m[48;2;221;188;49m▀[0m[38;2;16;4;0m▄[38;2;0;0;0m▄     
 [38;2;0;0;0m[48;2;0;0;0m▀[0m[38;2;32;86;139m[48;2;221;188;49m▀[0m[38;2;90;138;197m[48;2;221;188;49m▀[0m[38;2;57;62;65m[48;2;221;188;49m▀[0m[38;2;143;135;111m[48;2;82;72;60m▀[0m[38;2;32;16;0m[48;2;246;184;49m▀[0m[38;2;32;86;139m[48;2;32;86;139m▀[0m[38;2;74;146;222m[48;2;74;146;222m▀[0m[38;2;74;146;222m[48;2;74;145;224m▀[0m[38;2;74;146;222m[48;2;74;145;224m▀[0m[38;2;74;146;222m[48;2;32;86;139m▀[0m[38;2;32;86;139m[48;2;255;174;16m▀[0m[38;2;255;214;139m[48;2;24;0;0m▀[0m[38;2;255;214;139m[48;2;178;169;104m▀[0m[38;2;255;255;255m[48;2;255;255;255m▀[0m[38;2;112;147;194m[48;2;112;147;194m▀[0m[38;2;255;238;154m[48;2;255;234;143m▀[0m[38;2;106;145;189m[48;2;185;155;29m▀[0m[38;2;32;86;139m[48;2;228;195;44m▀[0m[38;2;32;86;139m[48;2;228;195;44m▀[0m[38;2;74;146;222m[48;2;24;87;148m▀[0m[38;2;35;85;139m[48;2;94;144;197m▀[0m[38;2;82;150;222m[48;2;57;99;143m▀[0m[38;2;32;53;74m[48;2;65;66;55m▀[0m[38;2;225;192;49m[48;2;255;234;143m▀[0m[38;2;225;192;49m[48;2;123;56;57m▀[0m[38;2;221;188;49m[48;2;216;188;67m▀[0m[38;2;66;66;46m[48;2;65;64;65m▀[0m[38;2;255;234;143m[48;2;255;234;143m▀[0m[38;2;0;0;0m[48;2;0;0;0m▀[0m    
  [38;2;0;0;0m▀[38;2;0;0;0m▀[38;2;0;0;0m▀[38;2;53;65;0m▀[38;2;82;72;60m[48;2;0;0;0m▀[0m[38;2;74;146;222m[48;2;74;146;222m▀[0m[38;2;74;146;222m[48;2;74;146;222m▀[0m[38;2;74;145;224m[48;2;74;146;222m▀[0m[38;2;74;145;224m[48;2;74;146;222m▀[0m[38;2;32;86;139m[48;2;74;146;222m▀[0m[38;2;255;174;16m[48;2;32;86;139m▀[0m[38;2;178;169;104m[48;2;24;81;139m▀[0m[38;2;255;255;156m[48;2;117;156;200m▀[0m[38;2;112;147;194m[48;2;255;234;143m▀[0m[38;2;255;221;108m[48;2;255;234;143m▀[0m[38;2;255;234;143m[48;2;0;0;0m▀[0m[38;2;185;155;29m[48;2;0;0;0m▀[0m[38;2;228;195;44m[48;2;0;0;0m▀[0m[38;2;255;234;143m[48;2;255;234;143m▀[0m[38;2;255;234;144m[48;2;255;234;143m▀[0m[38;2;24;87;148m[48;2;255;234;143m▀[0m[38;2;57;138;222m[48;2;65;64;65m▀[0m[38;2;65;66;55m[48;2;235;203;38m▀[0m[38;2;123;56;57m[48;2;65;64;65m▀[0m[38;2;123;56;57m[48;2;255;234;143m▀[0m[38;2;65;64;65m[48;2;194;162;29m▀[0m[38;2;255;241;156m[48;2;233;217;170m▀[0m[38;2;255;234;143m[48;2;255;234;143m▀[0m[38;2;255;234;143m[48;2;255;234;143m▀[0m[38;2;0;0;0m[48;2;84;79;46m▀[0m[38;2;0;0;0m▄  
       [38;2;0;0;0m▀[38;2;0;0;0m▀[38;2;61;113;172m[48;2;16;4;0m▀[0m[38;2;61;113;172m[48;2;66;66;46m▀[0m[38;2;74;146;222m[48;2;65;64;65m▀[0m[38;2;74;146;222m[48;2;181;157;38m▀[0m[38;2;71;118;169m[48;2;146;135;64m▀[0m[38;2;255;226;118m[48;2;8;7;0m▀[0m[38;2;255;234;143m[48;2;0;0;0m▀[0m[38;2;0;0;0m▀   [38;2;0;0;0m▀[38;2;0;0;0m▀[38;2;83;78;52m[48;2;0;0;0m▀[0m[38;2;65;64;65m[48;2;224;190;49m▀[0m[38;2;181;157;38m[48;2;224;190;49m▀[0m[38;2;65;64;65m[48;2;65;64;65m▀[0m[38;2;255;234;143m[48;2;255;241;156m▀[0m[38;2;233;217;170m[48;2;255;234;143m▀[0m[38;2;255;245;238m[48;2;189;64;57m▀[0m[38;2;148;52;49m[48;2;148;52;49m▀[0m[38;2;255;234;143m[48;2;255;234;143m▀[0m[38;2;186;159;50m[48;2;255;234;143m▀[0m[38;2;255;235;137m[48;2;255;234;143m▀[0m[38;2;0;0;0m[48;2;0;0;0m▀[0m 
      [38;2;0;0;0m▄[38;2;0;0;0m[48;2;225;192;42m▀[0m[38;2;0;0;0m[48;2;225;192;42m▀[0m[38;2;221;188;49m[48;2;224;190;49m▀[0m[38;2;221;188;49m[48;2;224;190;49m▀[0m[38;2;235;203;38m[48;2;66;61;55m▀[0m[38;2;65;64;65m[48;2;255;238;151m▀[0m[38;2;233;198;42m[48;2;228;195;44m▀[0m[38;2;233;198;42m[48;2;228;195;44m▀[0m[38;2;221;188;49m[48;2;255;234;143m▀[0m[38;2;0;0;0m[48;2;255;234;143m▀[0m[38;2;0;0;0m[48;2;255;234;143m▀[0m[38;2;0;0;0m▄[38;2;0;0;0m▄ [38;2;0;0;0m▄[38;2;0;0;0m[48;2;185;155;29m▀[0m[38;2;65;64;65m[48;2;185;155;29m▀[0m[38;2;65;64;65m[48;2;185;155;29m▀[0m[38;2;216;188;67m[48;2;153;129;49m▀[0m[38;2;65;64;65m[48;2;77;72;53m▀[0m[38;2;255;234;143m[48;2;186;160;30m▀[0m[38;2;189;64;57m[48;2;255;238;151m▀[0m[38;2;255;234;143m[48;2;255;238;155m▀[0m[38;2;255;234;143m[48;2;255;238;155m▀[0m[38;2;255;234;143m[48;2;0;0;0m▀[0m[38;2;0;0;0m▀  
     [38;2;0;0;0m▀[38;2;221;188;49m[48;2;0;0;0m▀[0m[38;2;181;151;29m[48;2;65;64;65m▀[0m[38;2;225;192;42m[48;2;65;64;65m▀[0m[38;2;65;64;65m[48;2;255;236;146m▀[0m[38;2;65;64;65m[48;2;255;236;146m▀[0m[38;2;209;180;72m[48;2;255;236;146m▀[0m[38;2;255;238;151m[48;2;255;236;146m▀[0m[38;2;255;234;143m[48;2;255;236;146m▀[0m[38;2;255;234;143m[48;2;255;236;146m▀[0m[38;2;185;155;29m[48;2;224;190;49m▀[0m[38;2;255;234;143m[48;2;65;64;65m▀[0m[38;2;255;234;143m[48;2;255;234;143m▀[0m[38;2;255;234;143m[48;2;255;234;143m▀[0m[38;2;255;234;143m[48;2;255;234;143m▀[0m[38;2;0;0;0m[48;2;255;234;143m▀[0m[38;2;0;0;0m▄[38;2;0;0;0m▀[38;2;65;64;65m[48;2;16;4;0m▀[0m[38;2;185;155;29m[48;2;78;78;48m▀[0m[38;2;77;72;53m[48;2;153;129;49m▀[0m[38;2;255;237;150m[48;2;77;72;53m▀[0m[38;2;255;238;151m[48;2;65;64;65m▀[0m[38;2;232;201;54m[48;2;255;234;143m▀[0m[38;2;195;168;59m[48;2;255;234;143m▀[0m[38;2;8;7;0m[48;2;255;234;143m▀[0m[38;2;0;0;0m▄   
     [38;2;0;0;0m[48;2;0;0;0m▀[0m[38;2;221;188;49m[48;2;221;188;49m▀[0m[38;2;65;64;65m[48;2;224;190;49m▀[0m[38;2;224;190;49m[48;2;65;64;65m▀[0m[38;2;255;236;146m[48;2;255;234;143m▀[0m[38;2;255;236;146m[48;2;255;234;143m▀[0m[38;2;255;236;146m[48;2;255;234;143m▀[0m[38;2;255;236;146m[48;2;65;64;65m▀[0m[38;2;255;236;146m[48;2;255;236;145m▀[0m[38;2;255;236;146m[48;2;216;184;60m▀[0m[38;2;224;190;49m[48;2;221;188;49m▀[0m[38;2;65;64;65m[48;2;0;0;0m▀[0m[38;2;0;0;0m▀[38;2;0;0;0m▀[38;2;255;234;143m[48;2;0;0;0m▀[0m[38;2;228;195;44m[48;2;0;0;0m▀[0m[38;2;255;234;143m[48;2;0;0;0m▀[0m[38;2;0;0;0m[48;2;65;64;65m▀[0m[38;2;78;78;48m[48;2;185;155;29m▀[0m[38;2;174;150;38m[48;2;185;155;29m▀[0m[38;2;77;72;53m[48;2;0;0;0m▀[0m[38;2;255;237;150m[48;2;65;64;65m▀[0m[38;2;255;234;143m[48;2;185;155;29m▀[0m[38;2;255;234;143m[48;2;255;234;143m▀[0m[38;2;83;78;52m[48;2;255;234;143m▀[0m[38;2;0;0;0m[48;2;0;0;0m▀[0m    
      [38;2;0;0;0m[48;2;0;0;0m▀[0m[38;2;224;190;49m[48;2;232;201;54m▀[0m[38;2;224;190;49m[48;2;69;66;42m▀[0m[38;2;228;195;44m[48;2;221;188;49m▀[0m[38;2;255;234;143m[48;2;221;188;49m▀[0m[38;2;65;64;65m[48;2;65;64;65m▀[0m[38;2;255;234;143m[48;2;255;234;143m▀[0m[38;2;66;61;55m[48;2;255;238;151m▀[0m[38;2;216;184;60m[48;2;232;201;54m▀[0m[38;2;221;188;49m[48;2;66;66;46m▀[0m[38;2;0;0;0m[48;2;221;188;49m▀[0m[38;2;0;0;0m▄[38;2;0;0;0m▄  [38;2;0;0;0m▄[38;2;0;0;0m[48;2;185;155;29m▀[0m[38;2;185;155;29m[48;2;185;155;29m▀[0m[38;2;0;0;0m[48;2;0;0;0m▀[0m [38;2;0;0;0m[48;2;0;0;0m▀[0m[38;2;255;234;143m[48;2;255;241;165m▀[0m[38;2;185;155;29m[48;2;0;4;0m▀[0m[38;2;0;0;0m▀     
       [38;2;8;4;0m▀[38;2;8;4;0m▀[38;2;0;0;0m▀[38;2;221;188;49m[48;2;0;0;0m▀[0m[38;2;65;64;65m[48;2;0;0;0m▀[0m[38;2;255;234;143m[48;2;185;155;29m▀[0m[38;2;255;238;151m[48;2;255;234;143m▀[0m[38;2;186;160;30m[48;2;0;0;0m▀[0m[38;2;16;4;0m▀[38;2;221;188;49m[48;2;0;0;0m▀[0m[38;2;221;188;49m[48;2;0;0;0m▀[0m[38;2;221;188;49m[48;2;221;188;49m▀[0m[38;2;0;0;0m[48;2;200;169;58m▀[0m[38;2;0;0;0m[48;2;200;169;58m▀[0m[38;2;185;155;29m[48;2;65;64;65m▀[0m[38;2;185;155;29m[48;2;65;64;65m▀[0m[38;2;0;0;0m[48;2;83;78;52m▀[0m[38;2;0;0;0m▄[38;2;0;0;0m[48;2;255;234;143m▀[0m[38;2;255;234;143m[48;2;255;234;143m▀[0m[38;2;196;166;58m[48;2;0;0;0m▀[0m[38;2;0;4;0m▀      
            [38;2;0;0;0m▀[38;2;0;0;0m▀    [38;2;0;0;0m▀[38;2;8;7;0m▀[38;2;255;238;161m[48;2;0;0;0m▀[0m[38;2;255;234;143m[48;2;0;0;0m▀[0m[38;2;255;234;143m[48;2;0;0;0m▀[0m[38;2;255;234;143m[48;2;0;0;0m▀[0m[38;2;255;234;143m[48;2;0;0;0m▀[0m[38;2;0;0;0m▀[38;2;0;0;0m▀        
                                     [0m                                     