   [38;2;0;0;0m▄[38;2;0;0;0m▄[38;2;0;0;0m▄[38;2;0;0;0m[48;2;174;179;188m▀[0m[38;2;0;0;0m[48;2;174;179;188m▀[0m[38;2;0;0;0m[48;2;65;65;65m▀[0m[38;2;0;0;0m▄       
 [38;2;0;0;0m▄[38;2;0;0;0m[48;2;128;132;146m▀[0m[38;2;128;132;146m[48;2;65;65;65m▀[0m[38;2;65;65;65m[48;2;174;179;188m▀[0m[38;2;174;179;188m[48;2;174;179;188m▀[0m[38;2;174;179;188m[48;2;174;179;188m▀[0m[38;2;174;179;188m[48;2;128;132;146m▀[0m[38;2;174;179;188m[48;2;128;132;146m▀[0m[38;2;0;0;0m[48;2;174;179;188m▀[0m[38;2;0;0;0m[48;2;174;179;188m▀[0m[38;2;0;0;0m▄     
 [38;2;0;0;0m▀[38;2;128;132;146m[48;2;0;0;0m▀[0m[38;2;65;65;65m[48;2;65;65;65m▀[0m[38;2;174;179;188m[48;2;174;179;188m▀[0m[38;2;174;179;188m[48;2;65;65;65m▀[0m[38;2;65;65;65m[48;2;174;179;188m▀[0m[38;2;174;179;188m[48;2;174;179;188m▀[0m[38;2;174;179;188m[48;2;174;179;188m▀[0m[38;2;174;179;188m[48;2;65;65;65m▀[0m[38;2;174;179;188m[48;2;65;65;65m▀[0m[38;2;128;132;146m[48;2;128;132;146m▀[0m[38;2;0;0;0m[48;2;0;0;0m▀[0m    
 [38;2;0;0;0m▄[38;2;0;0;0m[48;2;110;227;121m▀[0m[38;2;110;227;121m[48;2;110;227;121m▀[0m[38;2;65;65;65m[48;2;110;227;121m▀[0m[38;2;65;65;65m[48;2;65;65;65m▀[0m[38;2;174;179;188m[48;2;65;65;65m▀[0m[38;2;65;65;65m[48;2;255;255;255m▀[0m[38;2;65;65;65m[48;2;0;0;0m▀[0m[38;2;255;255;255m[48;2;255;255;255m▀[0m[38;2;128;132;146m[48;2;81;190;95m▀[0m[38;2;0;0;0m[48;2;247;214;140m▀[0m[38;2;0;0;0m▄    
 [38;2;0;0;0m[48;2;0;0;0m▀[0m[38;2;110;227;121m[48;2;81;190;95m▀[0m[38;2;110;227;121m[48;2;110;227;121m▀[0m[38;2;110;227;121m[48;2;110;227;121m▀[0m[38;2;110;227;121m[48;2;110;227;121m▀[0m[38;2;110;227;121m[48;2;81;190;95m▀[0m[38;2;174;179;188m[48;2;81;190;95m▀[0m[38;2;255;255;255m[48;2;65;65;65m▀[0m[38;2;81;190;95m[48;2;81;190;95m▀[0m[38;2;81;190;95m[48;2;81;190;95m▀[0m[38;2;230;189;90m[48;2;65;65;65m▀[0m[38;2;0;0;0m[48;2;128;132;146m▀[0m[38;2;0;0;0m▄   
  [38;2;0;0;0m▀[38;2;81;190;95m[48;2;0;0;0m▀[0m[38;2;81;190;95m[48;2;0;0;0m▀[0m[38;2;81;190;95m[48;2;230;189;90m▀[0m[38;2;81;190;95m[48;2;230;189;90m▀[0m[38;2;65;65;65m[48;2;230;189;90m▀[0m[38;2;255;255;255m[48;2;65;65;65m▀[0m[38;2;65;65;65m[48;2;60;153;83m▀[0m[38;2;81;190;95m[48;2;65;65;65m▀[0m[38;2;65;65;65m[48;2;81;190;95m▀[0m[38;2;128;132;146m[48;2;65;65;65m▀[0m[38;2;65;65;65m[48;2;128;132;146m▀[0m[38;2;0;0;0m[48;2;0;0;0m▀[0m  
     [38;2;0;0;0m▀[38;2;0;0;0m[48;2;0;0;0m▀[0m[38;2;65;65;65m[48;2;81;190;95m▀[0m[38;2;60;153;83m[48;2;65;65;65m▀[0m[38;2;65;65;65m[48;2;110;227;121m▀[0m[38;2;110;227;121m[48;2;110;227;121m▀[0m[38;2;110;227;121m[48;2;60;153;83m▀[0m[38;2;65;65;65m[48;2;110;227;121m▀[0m[38;2;0;0;0m[48;2;60;153;83m▀[0m[38;2;0;0;0m▄  
     [38;2;0;0;0m[48;2;0;0;0m▀[0m[38;2;81;190;95m[48;2;81;190;95m▀[0m[38;2;65;65;65m[48;2;65;65;65m▀[0m[38;2;110;227;121m[48;2;247;214;140m▀[0m[38;2;65;65;65m[48;2;81;190;95m▀[0m[38;2;65;65;65m[48;2;60;153;83m▀[0m[38;2;81;190;95m[48;2;110;227;121m▀[0m[38;2;110;227;121m[48;2;110;227;121m▀[0m[38;2;110;227;121m[48;2;110;227;121m▀[0m[38;2;0;0;0m[48;2;81;190;95m▀[0m[38;2;0;0;0m▄ 
      [38;2;0;0;0m▀[38;2;81;190;95m[48;2;0;0;0m▀[0m[38;2;65;65;65m[48;2;0;0;0m▀[0m[38;2;230;189;90m[48;2;0;0;0m▀[0m[38;2;60;153;83m[48;2;0;0;0m▀[0m[38;2;81;190;95m[48;2;81;190;95m▀[0m[38;2;110;227;121m[48;2;81;190;95m▀[0m[38;2;81;190;95m[48;2;81;190;95m▀[0m[38;2;81;190;95m[48;2;0;0;0m▀[0m[38;2;0;0;0m▀ 
           [38;2;0;0;0m▀[38;2;110;227;121m[48;2;0;0;0m▀[0m[38;2;110;227;121m[48;2;0;0;0m▀[0m[38;2;0;0;0m▀  
                                     [0m                                     