   [38;2;0;0;0m▄[38;2;0;0;0m▄ [38;2;0;0;0m▄[38;2;0;0;0m[48;2;101;139;165m▀[0m[38;2;0;0;0m[48;2;0;0;0m▀[0m[38;2;0;0;0m▄[38;2;0;0;0m▄[38;2;0;0;0m▄            
  [38;2;0;0;0m[48;2;0;0;0m▀[0m[38;2;69;103;129m[48;2;69;103;129m▀[0m[38;2;65;65;65m[48;2;101;139;165m▀[0m[38;2;0;0;0m[48;2;65;65;65m▀[0m[38;2;101;139;165m[48;2;101;139;165m▀[0m[38;2;101;139;165m[48;2;101;139;165m▀[0m[38;2;69;103;129m[48;2;69;103;129m▀[0m[38;2;65;65;65m[48;2;69;103;129m▀[0m[38;2;69;103;129m[48;2;65;65;65m▀[0m[38;2;69;103;129m[48;2;69;103;129m▀[0m[38;2;0;0;0m[48;2;69;103;129m▀[0m[38;2;0;0;0m[48;2;69;103;129m▀[0m[38;2;0;0;0m▄         
 [38;2;0;0;0m▄[38;2;0;0;0m[48;2;65;65;65m▀[0m[38;2;101;139;165m[48;2;101;139;165m▀[0m[38;2;65;65;65m[48;2;101;139;165m▀[0m[38;2;101;139;165m[48;2;101;139;165m▀[0m[38;2;101;139;165m[48;2;101;139;165m▀[0m[38;2;101;139;165m[48;2;101;139;165m▀[0m[38;2;101;139;165m[48;2;101;139;165m▀[0m[38;2;65;65;65m[48;2;101;139;165m▀[0m[38;2;101;139;165m[48;2;101;139;165m▀[0m[38;2;65;65;65m[48;2;69;103;129m▀[0m[38;2;69;103;129m[48;2;65;65;65m▀[0m[38;2;69;103;129m[48;2;69;103;129m▀[0m[38;2;0;0;0m[48;2;69;103;129m▀[0m[38;2;0;0;0m▄ [38;2;0;0;0m▄[38;2;0;0;0m▄[38;2;0;0;0m▄    
 [38;2;0;0;0m[48;2;0;0;0m▀[0m[38;2;214;82;99m[48;2;101;139;165m▀[0m[38;2;101;139;165m[48;2;101;139;165m▀[0m[38;2;101;139;165m[48;2;101;139;165m▀[0m[38;2;101;139;165m[48;2;101;139;165m▀[0m[38;2;101;139;165m[48;2;65;65;65m▀[0m[38;2;65;65;65m[48;2;214;82;99m▀[0m[38;2;101;139;165m[48;2;65;65;65m▀[0m[38;2;101;139;165m[48;2;65;65;65m▀[0m[38;2;101;139;165m[48;2;101;139;165m▀[0m[38;2;101;139;165m[48;2;69;103;129m▀[0m[38;2;65;65;65m[48;2;65;65;65m▀[0m[38;2;69;103;129m[48;2;0;0;0m▀[0m[38;2;69;103;129m[48;2;69;103;129m▀[0m[38;2;69;103;129m[48;2;69;103;129m▀[0m[38;2;0;0;0m[48;2;69;103;129m▀[0m[38;2;69;103;129m[48;2;69;103;129m▀[0m[38;2;69;103;129m[48;2;0;0;0m▀[0m[38;2;65;65;65m[48;2;65;65;65m▀[0m[38;2;0;0;0m[48;2;65;65;65m▀[0m[38;2;0;0;0m▄  
  [38;2;0;0;0m[48;2;0;0;0m▀[0m[38;2;69;103;129m[48;2;247;214;74m▀[0m[38;2;101;139;165m[48;2;69;103;129m▀[0m[38;2;101;139;165m[48;2;69;103;129m▀[0m[38;2;214;82;99m[48;2;101;139;165m▀[0m[38;2;0;0;0m[48;2;255;173;206m▀[0m[38;2;255;173;206m[48;2;214;82;99m▀[0m[38;2;214;82;99m[48;2;69;103;129m▀[0m[38;2;69;103;129m[48;2;69;103;129m▀[0m[38;2;69;103;129m[48;2;0;0;0m▀[0m[38;2;0;0;0m▀ [38;2;0;0;0m▀[38;2;69;103;129m[48;2;0;0;0m▀[0m[38;2;69;103;129m[48;2;0;0;0m▀[0m[38;2;0;0;0m▀ [38;2;0;0;0m▀[38;2;0;0;0m▀[38;2;65;65;65m[48;2;0;0;0m▀[0m[38;2;0;0;0m[48;2;0;0;0m▀[0m 
   [38;2;0;0;0m▀[38;2;206;173;66m[48;2;0;0;0m▀[0m[38;2;247;214;74m[48;2;69;103;129m▀[0m[38;2;69;103;129m[48;2;206;173;66m▀[0m[38;2;69;103;129m[48;2;247;214;74m▀[0m[38;2;69;103;129m[48;2;206;173;66m▀[0m[38;2;247;214;74m[48;2;65;65;65m▀[0m[38;2;0;0;0m[48;2;69;103;129m▀[0m[38;2;0;0;0m▄   [38;2;0;0;0m▄[38;2;0;0;0m[48;2;206;173;66m▀[0m[38;2;0;0;0m▄[38;2;0;0;0m▄     
 [38;2;0;0;0m▄[38;2;0;0;0m[48;2;47;70;85m▀[0m[38;2;0;0;0m[48;2;47;70;85m▀[0m[38;2;65;65;65m[48;2;47;70;85m▀[0m[38;2;65;65;65m[48;2;47;70;85m▀[0m[38;2;65;65;65m[48;2;69;103;129m▀[0m[38;2;65;65;65m[48;2;69;103;129m▀[0m[38;2;65;65;65m[48;2;69;103;129m▀[0m[38;2;69;103;129m[48;2;69;103;129m▀[0m[38;2;69;103;129m[48;2;65;65;65m▀[0m[38;2;101;139;165m[48;2;101;139;165m▀[0m[38;2;0;0;0m[48;2;101;139;165m▀[0m[38;2;0;0;0m[48;2;65;65;65m▀[0m[38;2;0;0;0m▄[38;2;0;0;0m[48;2;206;173;66m▀[0m[38;2;247;214;74m[48;2;206;173;66m▀[0m[38;2;247;214;74m[48;2;247;214;74m▀[0m[38;2;0;0;0m[48;2;206;173;66m▀[0m[38;2;0;0;0m▄    
 [38;2;0;0;0m[48;2;0;0;0m▀[0m[38;2;47;70;85m[48;2;65;65;65m▀[0m[38;2;47;70;85m[48;2;0;0;0m▀[0m[38;2;47;70;85m[48;2;65;65;65m▀[0m[38;2;0;0;0m[48;2;0;0;0m▀[0m[38;2;0;0;0m▀[38;2;69;103;129m[48;2;0;0;0m▀[0m[38;2;69;103;129m[48;2;65;65;65m▀[0m[38;2;65;65;65m[48;2;101;139;165m▀[0m[38;2;101;139;165m[48;2;101;139;165m▀[0m[38;2;101;139;165m[48;2;101;139;165m▀[0m[38;2;101;139;165m[48;2;101;139;165m▀[0m[38;2;65;65;65m[48;2;65;65;65m▀[0m[38;2;69;103;129m[48;2;69;103;129m▀[0m[38;2;65;65;65m[48;2;0;0;0m▀[0m[38;2;206;173;66m[48;2;0;0;0m▀[0m[38;2;0;0;0m▀[38;2;0;0;0m▀     
  [38;2;0;0;0m▀ [38;2;0;0;0m▀   [38;2;0;0;0m[48;2;0;0;0m▀[0m[38;2;101;139;165m[48;2;0;0;0m▀[0m[38;2;65;65;65m▀[38;2;101;139;165m[48;2;0;0;0m▀[0m[38;2;65;65;65m[48;2;0;0;0m▀[0m[38;2;69;103;129m[48;2;69;103;129m▀[0m[38;2;69;103;129m[48;2;0;0;0m▀[0m[38;2;0;0;0m▀        
                           [38;2;0;0;0m▀[38;2;0;0;0m▀                       
                                     [0m                                     