            [38;2;24;20;24m▄[38;2;20;20;20m▄    [38;2;24;20;24m▄[38;2;15;15;24m▄[38;2;20;20;20m[48;2;106;114;141m▀[0m[38;2;20;20;20m[48;2;24;20;24m▀[0m     [38;2;24;20;24m▄[38;2;24;20;24m▄         
           [38;2;24;20;24m[48;2;24;20;24m▀[0m[38;2;107;105;140m[48;2;107;105;140m▀[0m[38;2;20;20;20m[48;2;24;20;24m▀[0m [38;2;15;15;24m▄[38;2;15;15;24m▄[38;2;24;20;24m[48;2;66;65;66m▀[0m[38;2;107;105;140m[48;2;66;65;66m▀[0m[38;2;106;114;141m[48;2;105;102;143m▀[0m[38;2;64;69;78m[48;2;105;102;143m▀[0m[38;2;65;64;65m[48;2;102;97;150m▀[0m[38;2;24;20;24m[48;2;102;97;150m▀[0m[38;2;24;20;24m▄[38;2;24;20;24m▄[38;2;20;20;20m[48;2;98;106;141m▀[0m[38;2;20;20;20m[48;2;98;106;141m▀[0m[38;2;107;105;140m[48;2;247;101;82m▀[0m[38;2;24;20;24m[48;2;247;101;82m▀[0m[38;2;20;20;20m▄        
          [38;2;20;20;20m[48;2;24;20;24m▀[0m[38;2;107;105;140m[48;2;102;102;143m▀[0m[38;2;107;105;140m[48;2;102;102;143m▀[0m[38;2;65;64;65m[48;2;105;102;143m▀[0m[38;2;24;20;24m[48;2;105;102;143m▀[0m[38;2;64;66;76m[48;2;102;102;143m▀[0m[38;2;105;110;138m[48;2;102;102;143m▀[0m[38;2;105;102;143m[48;2;105;102;143m▀[0m[38;2;105;102;143m[48;2;66;65;66m▀[0m[38;2;66;65;66m[48;2;185;177;177m▀[0m[38;2;105;102;143m[48;2;255;255;255m▀[0m[38;2;255;247;255m[48;2;185;177;177m▀[0m[38;2;176;168;168m[48;2;185;177;177m▀[0m[38;2;107;105;140m[48;2;255;255;255m▀[0m[38;2;107;105;140m[48;2;185;177;177m▀[0m[38;2;247;90;74m[48;2;179;171;171m▀[0m[38;2;193;99;86m[48;2;139;131;131m▀[0m[38;2;247;101;82m[48;2;128;120;120m▀[0m[38;2;103;106;143m[48;2;222;135;107m▀[0m[38;2;20;20;20m[48;2;198;73;57m▀[0m[38;2;24;20;24m▄       
        [38;2;20;20;20m▄[38;2;24;20;24m[48;2;102;102;143m▀[0m[38;2;107;105;140m[48;2;102;102;143m▀[0m[38;2;102;102;143m[48;2;102;102;143m▀[0m[38;2;102;102;143m[48;2;65;56;66m▀[0m[38;2;66;65;66m[48;2;106;99;140m▀[0m[38;2;105;102;143m[48;2;106;99;140m▀[0m[38;2;102;102;143m[48;2;102;102;143m▀[0m[38;2;102;102;143m[48;2;102;102;143m▀[0m[38;2;105;102;143m[48;2;68;64;66m▀[0m[38;2;66;65;66m[48;2;187;179;179m▀[0m[38;2;255;255;255m[48;2;255;254;254m▀[0m[38;2;255;255;255m[48;2;170;162;162m▀[0m[38;2;255;255;255m[48;2;185;177;177m▀[0m[38;2;255;255;255m[48;2;255;255;255m▀[0m[38;2;185;177;177m[48;2;255;255;255m▀[0m[38;2;185;177;177m[48;2;255;255;255m▀[0m[38;2;255;254;254m[48;2;255;255;255m▀[0m[38;2;179;171;171m[48;2;255;255;255m▀[0m[38;2;222;135;107m[48;2;197;189;189m▀[0m[38;2;104;96;96m[48;2;197;189;189m▀[0m[38;2;24;20;24m[48;2;93;98;111m▀[0m[38;2;7;7;24m▄[38;2;20;20;20m[48;2;222;182;165m▀[0m[38;2;20;20;20m[48;2;79;60;55m▀[0m[38;2;20;20;20m[48;2;247;101;82m▀[0m[38;2;20;20;20m[48;2;247;101;82m▀[0m[38;2;20;20;20m[48;2;247;101;82m▀[0m[38;2;24;20;24m▄ 
       [38;2;24;20;24m▄[38;2;20;20;20m[48;2;107;105;140m▀[0m[38;2;184;179;215m[48;2;105;102;143m▀[0m[38;2;102;102;143m[48;2;66;65;66m▀[0m[38;2;65;56;66m[48;2;255;255;255m▀[0m[38;2;255;247;255m[48;2;21;7;25m▀[0m[38;2;255;255;255m[48;2;255;255;255m▀[0m[38;2;106;99;140m[48;2;255;255;255m▀[0m[38;2;102;102;143m[48;2;105;102;143m▀[0m[38;2;102;102;143m[48;2;66;65;66m▀[0m[38;2;107;97;139m[48;2;105;102;143m▀[0m[38;2;68;64;66m[48;2;105;102;143m▀[0m[38;2;67;55;83m[48;2;105;102;143m▀[0m[38;2;255;254;254m[48;2;66;65;66m▀[0m[38;2;185;177;177m[48;2;66;65;66m▀[0m[38;2;185;177;177m[48;2;108;97;146m▀[0m[38;2;198;190;190m[48;2;173;104;82m▀[0m[38;2;135;127;127m[48;2;48;53;68m▀[0m[38;2;198;190;190m[48;2;65;64;65m▀[0m[38;2;135;127;127m[48;2;24;20;24m▀[0m[38;2;197;189;189m[48;2;77;72;82m▀[0m[38;2;106;98;98m[48;2;77;72;82m▀[0m[38;2;198;186;181m[48;2;198;190;189m▀[0m[38;2;198;186;181m[48;2;198;190;189m▀[0m[38;2;79;60;55m[48;2;90;66;57m▀[0m[38;2;150;121;110m[48;2;156;120;106m▀[0m[38;2;194;75;60m[48;2;20;20;20m▀[0m[38;2;247;101;82m[48;2;20;20;20m▀[0m[38;2;24;20;24m▀  
      [38;2;20;20;20m▄[38;2;24;20;24m[48;2;102;102;143m▀[0m[38;2;107;105;140m[48;2;102;102;143m▀[0m[38;2;66;65;66m[48;2;102;102;143m▀[0m[38;2;66;65;66m[48;2;102;102;143m▀[0m[38;2;98;89;102m[48;2;66;65;66m▀[0m[38;2;255;255;255m[48;2;84;86;104m▀[0m[38;2;255;255;255m[48;2;105;102;143m▀[0m[38;2;106;99;140m[48;2;105;102;143m▀[0m[38;2;66;65;66m[48;2;105;102;143m▀[0m[38;2;105;102;143m[48;2;66;65;66m▀[0m[38;2;66;65;66m[48;2;105;102;143m▀[0m[38;2;105;102;143m[48;2;105;102;143m▀[0m[38;2;105;102;143m[48;2;111;106;133m▀[0m[38;2;105;102;143m[48;2;65;74;70m▀[0m[38;2;108;97;146m[48;2;20;20;20m▀[0m[38;2;66;65;66m[48;2;20;20;20m▀[0m[38;2;16;27;33m▀[38;2;173;104;82m[48;2;20;20;20m▀[0m[38;2;24;20;24m[48;2;198;73;57m▀[0m[38;2;24;20;24m▄[38;2;24;15;24m▀[38;2;198;190;189m[48;2;20;20;20m▀[0m[38;2;66;65;66m[48;2;198;78;66m▀[0m[38;2;66;65;66m[48;2;76;53;44m▀[0m[38;2;222;174;156m[48;2;66;60;57m▀[0m[38;2;24;12;8m[48;2;192;106;68m▀[0m[38;2;24;20;24m▄    
   [38;2;16;16;16m▄[38;2;20;20;20m[48;2;198;186;189m▀[0m[38;2;24;24;24m▄[38;2;20;20;20m[48;2;78;83;106m▀[0m[38;2;81;74;113m[48;2;255;255;255m▀[0m[38;2;102;102;143m[48;2;73;76;90m▀[0m[38;2;102;102;143m[48;2;75;65;83m▀[0m[38;2;81;74;113m[48;2;255;255;255m▀[0m[38;2;105;102;143m[48;2;66;65;66m▀[0m[38;2;105;102;143m[48;2;66;65;66m▀[0m[38;2;105;102;143m[48;2;66;65;66m▀[0m[38;2;66;65;66m[48;2;105;102;143m▀[0m[38;2;66;65;66m[48;2;107;105;140m▀[0m[38;2;105;102;143m[48;2;24;20;24m▀[0m[38;2;105;102;143m[48;2;45;53;71m▀[0m[38;2;66;65;66m[48;2;181;92;74m▀[0m[38;2;65;74;70m[48;2;195;76;60m▀[0m[38;2;24;15;24m[48;2;195;76;60m▀[0m[38;2;24;20;24m▄[38;2;24;20;24m▄ [38;2;20;20;20m▀[38;2;24;20;24m▀  [38;2;20;20;20m▀[38;2;198;78;66m[48;2;20;20;20m▀[0m[38;2;16;27;33m▀[38;2;192;106;68m[48;2;24;20;24m▀[0m[38;2;255;94;74m[48;2;247;101;82m▀[0m[38;2;247;101;82m[48;2;247;101;82m▀[0m[38;2;24;20;24m[48;2;24;20;24m▀[0m   
  [38;2;24;20;24m▄[38;2;16;16;16m[48;2;105;102;143m▀[0m[38;2;76;72;73m[48;2;66;65;66m▀[0m[38;2;106;114;149m[48;2;66;65;66m▀[0m[38;2;78;83;106m[48;2;66;65;66m▀[0m[38;2;255;255;255m[48;2;64;69;78m▀[0m[38;2;73;76;90m[48;2;106;114;141m▀[0m[38;2;75;65;83m[48;2;107;105;140m▀[0m[38;2;75;65;83m[48;2;107;105;140m▀[0m[38;2;105;102;143m[48;2;105;102;143m▀[0m[38;2;105;102;143m[48;2;105;102;143m▀[0m[38;2;105;102;143m[48;2;66;65;66m▀[0m[38;2;105;102;143m[48;2;66;65;66m▀[0m[38;2;24;20;24m[48;2;20;20;20m▀[0m [38;2;16;27;33m[48;2;24;20;24m▀[0m[38;2;126;71;60m[48;2;77;82;116m▀[0m[38;2;195;76;60m[48;2;247;101;82m▀[0m[38;2;195;76;60m[48;2;247;101;82m▀[0m[38;2;247;101;82m[48;2;178;77;62m▀[0m[38;2;247;101;82m[48;2;255;104;82m▀[0m[38;2;20;20;20m[48;2;20;20;20m▀[0m        [38;2;24;20;24m▀[38;2;247;101;82m[48;2;20;20;20m▀[0m[38;2;247;101;82m[48;2;20;20;20m▀[0m[38;2;20;20;20m[48;2;20;20;20m▀[0m  
 [38;2;24;20;24m▀[38;2;107;105;140m[48;2;20;20;20m▀[0m[38;2;105;102;143m[48;2;20;20;20m▀[0m[38;2;105;102;143m[48;2;20;20;20m▀[0m[38;2;105;102;143m[48;2;20;20;20m▀[0m[38;2;105;102;143m[48;2;20;20;20m▀[0m[38;2;106;114;141m[48;2;20;20;20m▀[0m[38;2;15;15;24m▀[38;2;24;20;24m▀[38;2;24;20;24m▀[38;2;66;65;66m[48;2;24;20;24m▀[0m[38;2;66;65;66m[48;2;198;73;57m▀[0m[38;2;192;75;60m[48;2;198;73;57m▀[0m[38;2;192;75;60m[48;2;24;20;24m▀[0m[38;2;20;20;20m[48;2;20;20;20m▀[0m  [38;2;24;20;24m▀[38;2;103;106;143m[48;2;24;20;24m▀[0m[38;2;247;101;82m[48;2;107;105;140m▀[0m[38;2;255;104;82m[48;2;231;120;99m▀[0m[38;2;24;24;24m[48;2;16;24;24m▀[0m               
           [38;2;24;20;24m[48;2;20;20;20m▀[0m[38;2;198;73;57m[48;2;20;20;20m▀[0m[38;2;24;20;24m▀      [38;2;24;20;24m▀[38;2;159;88;74m[48;2;20;20;20m▀[0m[38;2;16;24;24m▀               
                                     [0m                                     