                   [38;2;7;7;7m▄[38;2;7;7;7m[48;2;248;248;248m▀[0m[38;2;7;7;7m▄ [38;2;7;7;7m▄             [38;2;7;7;7m▄[38;2;7;7;7m[48;2;230;176;247m▀[0m[38;2;7;7;7m▄     
                 [38;2;7;7;7m▄[38;2;7;7;7m[48;2;7;7;7m▀[0m[38;2;66;66;66m[48;2;248;248;248m▀[0m[38;2;248;248;248m[48;2;248;248;248m▀[0m[38;2;7;7;7m[48;2;7;7;7m▀[0m[38;2;7;7;7m[48;2;248;248;248m▀[0m[38;2;248;248;248m[48;2;189;189;189m▀[0m[38;2;7;7;7m[48;2;7;7;7m▀[0m[38;2;7;7;7m[48;2;189;189;189m▀[0m[38;2;7;7;7m[48;2;7;7;7m▀[0m          [38;2;7;7;7m▀[38;2;230;176;247m[48;2;7;7;7m▀[0m[38;2;7;7;7m▀     
       [38;2;7;7;7m▄[38;2;7;7;7m▄[38;2;7;7;7m[48;2;188;84;233m▀[0m[38;2;7;7;7m[48;2;188;84;233m▀[0m[38;2;7;7;7m▄[38;2;7;7;7m[48;2;188;84;233m▀[0m[38;2;7;7;7m[48;2;7;7;7m▀[0m [38;2;7;7;7m▄[38;2;7;7;7m▄[38;2;7;7;7m[48;2;66;66;66m▀[0m[38;2;248;248;248m[48;2;248;248;248m▀[0m[38;2;248;248;248m[48;2;248;248;248m▀[0m[38;2;248;248;248m[48;2;189;189;189m▀[0m[38;2;189;189;189m[48;2;189;189;189m▀[0m[38;2;189;189;189m[48;2;66;66;66m▀[0m[38;2;66;66;66m[48;2;188;84;233m▀[0m[38;2;66;66;66m[48;2;188;84;233m▀[0m[38;2;189;189;189m[48;2;66;66;66m▀[0m[38;2;189;189;189m[48;2;189;189;189m▀[0m[38;2;7;7;7m[48;2;66;66;66m▀[0m[38;2;7;7;7m[48;2;188;84;233m▀[0m[38;2;7;7;7m▄  [38;2;7;7;7m▄[38;2;7;7;7m[48;2;188;84;233m▀[0m[38;2;7;7;7m[48;2;144;73;181m▀[0m[38;2;7;7;7m▄ [38;2;7;7;7m▄[38;2;7;7;7m▄  [38;2;7;7;7m▄[38;2;7;7;7m[48;2;230;176;247m▀[0m[38;2;7;7;7m▄ 
    [38;2;7;7;7m▄[38;2;7;7;7m▄ [38;2;7;7;7m▀[38;2;188;84;233m[48;2;7;7;7m▀[0m[38;2;188;84;233m[48;2;66;66;66m▀[0m[38;2;188;84;233m[48;2;66;66;66m▀[0m[38;2;188;84;233m[48;2;66;66;66m▀[0m[38;2;66;66;66m[48;2;107;110;107m▀[0m[38;2;66;66;66m[48;2;107;110;107m▀[0m[38;2;7;7;7m[48;2;107;110;107m▀[0m[38;2;107;110;107m[48;2;107;110;107m▀[0m[38;2;107;110;107m[48;2;107;110;107m▀[0m[38;2;107;110;107m[48;2;107;110;107m▀[0m[38;2;66;66;66m[48;2;188;84;233m▀[0m[38;2;66;66;66m[48;2;188;84;233m▀[0m[38;2;66;66;66m[48;2;188;84;233m▀[0m[38;2;66;66;66m[48;2;66;66;66m▀[0m[38;2;188;84;233m[48;2;188;84;233m▀[0m[38;2;188;84;233m[48;2;188;84;233m▀[0m[38;2;188;84;233m[48;2;144;73;181m▀[0m[38;2;188;84;233m[48;2;144;73;181m▀[0m[38;2;66;66;66m[48;2;188;84;233m▀[0m[38;2;144;73;181m[48;2;188;84;233m▀[0m[38;2;188;84;233m[48;2;144;73;181m▀[0m[38;2;7;7;7m[48;2;188;84;233m▀[0m[38;2;7;7;7m▄[38;2;7;7;7m▄[38;2;7;7;7m▀[38;2;188;84;233m[48;2;7;7;7m▀[0m[38;2;188;84;233m[48;2;188;84;233m▀[0m[38;2;188;84;233m[48;2;230;176;247m▀[0m[38;2;7;7;7m[48;2;230;176;247m▀[0m[38;2;230;176;247m[48;2;230;176;247m▀[0m[38;2;230;176;247m[48;2;7;7;7m▀[0m[38;2;7;7;7m▀ [38;2;7;7;7m▀[38;2;230;176;247m[48;2;7;7;7m▀[0m[38;2;7;7;7m▀ 
   [38;2;7;7;7m▄[38;2;7;7;7m[48;2;188;84;233m▀[0m[38;2;188;84;233m[48;2;188;84;233m▀[0m[38;2;7;7;7m[48;2;66;66;66m▀[0m[38;2;7;7;7m[48;2;107;110;107m▀[0m[38;2;7;7;7m[48;2;141;141;141m▀[0m[38;2;107;110;107m[48;2;107;110;107m▀[0m[38;2;107;110;107m[48;2;107;110;107m▀[0m[38;2;107;110;107m[48;2;107;110;107m▀[0m[38;2;107;110;107m[48;2;107;110;107m▀[0m[38;2;107;110;107m[48;2;188;84;233m▀[0m[38;2;107;110;107m[48;2;188;84;233m▀[0m[38;2;188;84;233m[48;2;79;108;60m▀[0m[38;2;188;84;233m[48;2;79;108;60m▀[0m[38;2;188;84;233m[48;2;188;84;233m▀[0m[38;2;79;108;60m[48;2;188;84;233m▀[0m[38;2;79;108;60m[48;2;79;108;60m▀[0m[38;2;79;108;60m[48;2;79;108;60m▀[0m[38;2;188;84;233m[48;2;79;108;60m▀[0m[38;2;66;66;66m[48;2;144;73;181m▀[0m[38;2;188;84;233m[48;2;66;66;66m▀[0m[38;2;188;84;233m[48;2;66;66;66m▀[0m[38;2;66;66;66m[48;2;96;147;49m▀[0m[38;2;66;66;66m[48;2;96;147;49m▀[0m[38;2;188;84;233m[48;2;66;66;66m▀[0m[38;2;144;73;181m[48;2;188;84;233m▀[0m[38;2;144;73;181m[48;2;188;84;233m▀[0m[38;2;188;84;233m[48;2;188;84;233m▀[0m[38;2;7;7;7m[48;2;188;84;233m▀[0m[38;2;7;7;7m▄[38;2;7;7;7m[48;2;188;84;233m▀[0m[38;2;230;176;247m[48;2;230;176;247m▀[0m[38;2;230;176;247m[48;2;230;176;247m▀[0m[38;2;230;176;247m[48;2;7;7;7m▀[0m[38;2;144;73;181m[48;2;7;7;7m▀[0m[38;2;7;7;7m▀ [38;2;7;7;7m▄    
  [38;2;7;7;7m[48;2;7;7;7m▀[0m[38;2;188;84;233m[48;2;188;84;233m▀[0m[38;2;188;84;233m[48;2;66;66;66m▀[0m[38;2;66;66;66m[48;2;107;110;107m▀[0m[38;2;107;110;107m[48;2;141;141;141m▀[0m[38;2;107;110;107m[48;2;107;110;107m▀[0m[38;2;107;110;107m[48;2;107;110;107m▀[0m[38;2;107;110;107m[48;2;107;110;107m▀[0m[38;2;107;110;107m[48;2;144;73;181m▀[0m[38;2;144;73;181m[48;2;188;84;233m▀[0m[38;2;144;73;181m[48;2;188;84;233m▀[0m[38;2;144;73;181m[48;2;144;73;181m▀[0m[38;2;79;108;60m[48;2;96;147;49m▀[0m[38;2;96;147;49m[48;2;96;147;49m▀[0m[38;2;79;108;60m[48;2;96;147;49m▀[0m[38;2;79;108;60m[48;2;144;73;181m▀[0m[38;2;188;84;233m[48;2;144;73;181m▀[0m[38;2;79;108;60m[48;2;188;84;233m▀[0m[38;2;79;108;60m[48;2;144;73;181m▀[0m[38;2;144;73;181m[48;2;188;84;233m▀[0m[38;2;188;84;233m[48;2;188;84;233m▀[0m[38;2;66;66;66m[48;2;66;66;66m▀[0m[38;2;96;147;49m[48;2;96;147;49m▀[0m[38;2;96;147;49m[48;2;96;147;49m▀[0m[38;2;66;66;66m[48;2;66;66;66m▀[0m[38;2;188;84;233m[48;2;188;84;233m▀[0m[38;2;188;84;233m[48;2;188;84;233m▀[0m[38;2;144;73;181m[48;2;188;84;233m▀[0m[38;2;188;84;233m[48;2;144;73;181m▀[0m[38;2;188;84;233m[48;2;188;84;233m▀[0m[38;2;188;84;233m[48;2;188;84;233m▀[0m[38;2;188;84;233m[48;2;144;73;181m▀[0m[38;2;188;84;233m[48;2;188;84;233m▀[0m[38;2;230;176;247m[48;2;7;7;7m▀[0m[38;2;7;7;7m▀  [38;2;7;7;7m[48;2;7;7;7m▀[0m[38;2;230;176;247m[48;2;230;176;247m▀[0m[38;2;7;7;7m[48;2;7;7;7m▀[0m   
  [38;2;7;7;7m▀[38;2;188;84;233m[48;2;7;7;7m▀[0m[38;2;66;66;66m[48;2;107;110;107m▀[0m[38;2;107;110;107m[48;2;141;141;141m▀[0m[38;2;107;110;107m[48;2;107;110;107m▀[0m[38;2;107;110;107m[48;2;107;110;107m▀[0m[38;2;107;110;107m[48;2;107;110;107m▀[0m[38;2;144;73;181m[48;2;144;73;181m▀[0m[38;2;188;84;233m[48;2;144;73;181m▀[0m[38;2;144;73;181m[48;2;188;84;233m▀[0m[38;2;144;73;181m[48;2;144;73;181m▀[0m[38;2;79;108;60m[48;2;248;248;248m▀[0m[38;2;96;147;49m[48;2;96;147;49m▀[0m[38;2;96;147;49m[48;2;79;108;60m▀[0m[38;2;144;73;181m[48;2;144;73;181m▀[0m[38;2;188;84;233m[48;2;188;84;233m▀[0m[38;2;188;84;233m[48;2;188;84;233m▀[0m[38;2;144;73;181m[48;2;188;84;233m▀[0m[38;2;144;73;181m[48;2;188;84;233m▀[0m[38;2;188;84;233m[48;2;188;84;233m▀[0m[38;2;66;66;66m[48;2;66;66;66m▀[0m[38;2;96;147;49m[48;2;96;147;49m▀[0m[38;2;188;84;233m[48;2;96;147;49m▀[0m[38;2;96;147;49m[48;2;66;66;66m▀[0m[38;2;96;147;49m[48;2;66;66;66m▀[0m[38;2;66;66;66m[48;2;188;84;233m▀[0m[38;2;188;84;233m[48;2;144;73;181m▀[0m[38;2;188;84;233m[48;2;144;73;181m▀[0m[38;2;144;73;181m[48;2;188;84;233m▀[0m[38;2;188;84;233m[48;2;144;73;181m▀[0m[38;2;188;84;233m[48;2;7;7;7m▀[0m[38;2;7;7;7m▀[38;2;7;7;7m▀     [38;2;7;7;7m▀    
  [38;2;7;7;7m▄[38;2;7;7;7m[48;2;96;147;49m▀[0m[38;2;107;110;107m[48;2;96;147;49m▀[0m[38;2;141;141;141m[48;2;107;110;107m▀[0m[38;2;107;110;107m[48;2;107;110;107m▀[0m[38;2;107;110;107m[48;2;107;110;107m▀[0m[38;2;107;110;107m[48;2;107;110;107m▀[0m[38;2;188;84;233m[48;2;188;84;233m▀[0m[38;2;248;248;248m[48;2;248;248;248m▀[0m[38;2;7;7;7m[48;2;7;7;7m▀[0m[38;2;188;84;233m[48;2;188;84;233m▀[0m[38;2;248;248;248m[48;2;248;248;248m▀[0m[38;2;144;73;181m[48;2;188;84;233m▀[0m[38;2;144;73;181m[48;2;144;73;181m▀[0m[38;2;188;84;233m[48;2;188;84;233m▀[0m[38;2;66;66;66m[48;2;66;66;66m▀[0m[38;2;66;66;66m[48;2;96;147;49m▀[0m[38;2;188;84;233m[48;2;66;66;66m▀[0m[38;2;188;84;233m[48;2;66;66;66m▀[0m[38;2;66;66;66m[48;2;79;108;60m▀[0m[38;2;96;147;49m[48;2;79;108;60m▀[0m[38;2;79;108;60m[48;2;66;66;66m▀[0m[38;2;66;66;66m[48;2;188;84;233m▀[0m[38;2;188;84;233m[48;2;188;84;233m▀[0m[38;2;188;84;233m[48;2;144;73;181m▀[0m[38;2;188;84;233m[48;2;188;84;233m▀[0m[38;2;188;84;233m[48;2;188;84;233m▀[0m[38;2;188;84;233m[48;2;66;66;66m▀[0m[38;2;188;84;233m[48;2;66;66;66m▀[0m[38;2;66;66;66m[48;2;189;189;189m▀[0m[38;2;189;189;189m[48;2;7;7;7m▀[0m[38;2;7;7;7m[48;2;7;7;7m▀[0m           
  [38;2;7;7;7m[48;2;7;7;7m▀[0m[38;2;96;147;49m[48;2;79;108;60m▀[0m[38;2;96;147;49m[48;2;96;147;49m▀[0m[38;2;96;147;49m[48;2;66;66;66m▀[0m[38;2;107;110;107m[48;2;96;147;49m▀[0m[38;2;107;110;107m[48;2;96;147;49m▀[0m[38;2;188;84;233m[48;2;96;147;49m▀[0m[38;2;96;147;49m[48;2;96;147;49m▀[0m[38;2;36;108;63m[48;2;96;147;49m▀[0m[38;2;248;248;248m[48;2;36;108;63m▀[0m[38;2;248;248;248m[48;2;66;66;66m▀[0m[38;2;188;84;233m[48;2;188;84;233m▀[0m[38;2;144;73;181m[48;2;144;73;181m▀[0m[38;2;188;84;233m[48;2;188;84;233m▀[0m[38;2;66;66;66m[48;2;66;66;66m▀[0m[38;2;96;147;49m[48;2;79;108;60m▀[0m[38;2;96;147;49m[48;2;188;84;233m▀[0m[38;2;188;84;233m[48;2;188;84;233m▀[0m[38;2;79;108;60m[48;2;79;108;60m▀[0m[38;2;188;84;233m[48;2;79;108;60m▀[0m[38;2;79;108;60m[48;2;79;108;60m▀[0m[38;2;66;66;66m[48;2;7;7;7m▀[0m[38;2;188;84;233m[48;2;7;7;7m▀[0m[38;2;188;84;233m[48;2;188;84;233m▀[0m[38;2;188;84;233m[48;2;188;84;233m▀[0m[38;2;144;73;181m[48;2;66;66;66m▀[0m[38;2;66;66;66m[48;2;189;189;189m▀[0m[38;2;189;189;189m[48;2;189;189;189m▀[0m[38;2;189;189;189m[48;2;7;7;7m▀[0m[38;2;7;7;7m▀             
   [38;2;7;7;7m[48;2;7;7;7m▀[0m[38;2;66;66;66m[48;2;96;147;49m▀[0m[38;2;96;147;49m[48;2;96;147;49m▀[0m[38;2;66;66;66m[48;2;96;147;49m▀[0m[38;2;66;66;66m[48;2;96;147;49m▀[0m[38;2;66;66;66m[48;2;96;147;49m▀[0m[38;2;79;108;60m[48;2;66;66;66m▀[0m[38;2;96;147;49m[48;2;66;66;66m▀[0m[38;2;79;108;60m[48;2;79;108;60m▀[0m[38;2;79;108;60m[48;2;66;66;66m▀[0m[38;2;66;66;66m[48;2;79;108;60m▀[0m[38;2;188;84;233m[48;2;66;66;66m▀[0m[38;2;66;66;66m[48;2;36;108;63m▀[0m[38;2;79;108;60m[48;2;79;108;60m▀[0m[38;2;79;108;60m[48;2;188;84;233m▀[0m[38;2;188;84;233m[48;2;7;7;7m▀[0m[38;2;79;108;60m[48;2;7;7;7m▀[0m[38;2;66;66;66m[48;2;189;189;189m▀[0m[38;2;66;66;66m[48;2;189;189;189m▀[0m[38;2;7;7;7m[48;2;189;189;189m▀[0m[38;2;7;7;7m▄[38;2;7;7;7m▄[38;2;7;7;7m▀[38;2;7;7;7m▀[38;2;189;189;189m[48;2;7;7;7m▀[0m[38;2;189;189;189m[48;2;189;189;189m▀[0m[38;2;189;189;189m[48;2;7;7;7m▀[0m[38;2;7;7;7m▀              
  [38;2;7;7;7m[48;2;7;7;7m▀[0m[38;2;188;84;233m[48;2;188;84;233m▀[0m[38;2;66;66;66m[48;2;66;66;66m▀[0m[38;2;96;147;49m[48;2;96;147;49m▀[0m[38;2;96;147;49m[48;2;96;147;49m▀[0m[38;2;96;147;49m[48;2;96;147;49m▀[0m[38;2;96;147;49m[48;2;96;147;49m▀[0m[38;2;96;147;49m[48;2;79;108;60m▀[0m[38;2;79;108;60m[48;2;79;108;60m▀[0m[38;2;66;66;66m[48;2;79;108;60m▀[0m[38;2;79;108;60m[48;2;79;108;60m▀[0m[38;2;79;108;60m[48;2;79;108;60m▀[0m[38;2;79;108;60m[48;2;79;108;60m▀[0m[38;2;36;108;63m[48;2;79;108;60m▀[0m[38;2;79;108;60m[48;2;7;7;7m▀[0m[38;2;7;7;7m▀  [38;2;7;7;7m▀[38;2;189;189;189m[48;2;7;7;7m▀[0m[38;2;189;189;189m[48;2;189;189;189m▀[0m[38;2;189;189;189m[48;2;248;248;248m▀[0m[38;2;248;248;248m[48;2;248;248;248m▀[0m[38;2;7;7;7m[48;2;248;248;248m▀[0m[38;2;7;7;7m▄ [38;2;7;7;7m▀[38;2;7;7;7m▀               
 [38;2;7;7;7m[48;2;7;7;7m▀[0m[38;2;188;84;233m[48;2;66;66;66m▀[0m[38;2;188;84;233m[48;2;188;84;233m▀[0m[38;2;188;84;233m[48;2;7;7;7m▀[0m[38;2;7;7;7m▀[38;2;7;7;7m▀[38;2;96;147;49m[48;2;7;7;7m▀[0m[38;2;79;108;60m[48;2;7;7;7m▀[0m[38;2;66;66;66m[48;2;7;7;7m▀[0m[38;2;66;66;66m[48;2;188;84;233m▀[0m[38;2;66;66;66m[48;2;188;84;233m▀[0m[38;2;79;108;60m[48;2;66;66;66m▀[0m[38;2;79;108;60m[48;2;66;66;66m▀[0m[38;2;66;66;66m[48;2;189;189;189m▀[0m[38;2;66;66;66m[48;2;189;189;189m▀[0m[38;2;189;189;189m[48;2;189;189;189m▀[0m[38;2;7;7;7m[48;2;7;7;7m▀[0m   [38;2;7;7;7m▀[38;2;248;248;248m[48;2;7;7;7m▀[0m[38;2;248;248;248m[48;2;248;248;248m▀[0m[38;2;248;248;248m[48;2;248;248;248m▀[0m[38;2;248;248;248m[48;2;248;248;248m▀[0m[38;2;248;248;248m[48;2;7;7;7m▀[0m[38;2;7;7;7m[48;2;7;7;7m▀[0m                 
  [38;2;7;7;7m▀[38;2;188;84;233m[48;2;7;7;7m▀[0m[38;2;7;7;7m▀     [38;2;7;7;7m[48;2;7;7;7m▀[0m[38;2;188;84;233m[48;2;188;84;233m▀[0m[38;2;188;84;233m[48;2;188;84;233m▀[0m[38;2;188;84;233m[48;2;66;66;66m▀[0m[38;2;66;66;66m[48;2;7;7;7m▀[0m[38;2;189;189;189m[48;2;189;189;189m▀[0m[38;2;7;7;7m[48;2;7;7;7m▀[0m     [38;2;7;7;7m[48;2;7;7;7m▀[0m[38;2;248;248;248m[48;2;7;7;7m▀[0m[38;2;7;7;7m▀[38;2;7;7;7m▀                   
           [38;2;7;7;7m[48;2;7;7;7m▀[0m[38;2;188;84;233m[48;2;7;7;7m▀[0m[38;2;7;7;7m▀ [38;2;7;7;7m▀[38;2;7;7;7m▀                            
                                     [0m                                     