       [38;2;0;0;0m▄[38;2;0;0;0m▄[38;2;0;0;0m[48;2;255;255;255m▀[0m[38;2;0;0;0m[48;2;65;65;65m▀[0m[38;2;0;0;0m▄                
     [38;2;0;0;0m▄[38;2;0;0;0m[48;2;59;94;153m▀[0m[38;2;65;65;65m[48;2;59;94;153m▀[0m[38;2;255;255;255m[48;2;65;65;65m▀[0m[38;2;255;255;255m[48;2;189;189;189m▀[0m[38;2;255;255;255m[48;2;65;65;65m▀[0m[38;2;0;0;0m[48;2;59;94;153m▀[0m[38;2;0;0;0m▄[38;2;0;0;0m▄ [38;2;0;0;0m▄[38;2;0;0;0m▄[38;2;0;0;0m[48;2;255;255;255m▀[0m[38;2;0;0;0m[48;2;65;65;65m▀[0m[38;2;0;0;0m▄        
     [38;2;0;0;0m[48;2;0;0;0m▀[0m[38;2;59;94;153m[48;2;59;94;153m▀[0m[38;2;59;94;153m[48;2;63;54;98m▀[0m[38;2;59;94;153m[48;2;63;54;98m▀[0m[38;2;59;94;153m[48;2;59;94;153m▀[0m[38;2;59;94;153m[48;2;59;94;153m▀[0m[38;2;59;94;153m[48;2;59;94;153m▀[0m[38;2;59;94;153m[48;2;59;94;153m▀[0m[38;2;59;94;153m[48;2;59;94;153m▀[0m[38;2;0;0;0m[48;2;59;94;153m▀[0m[38;2;65;65;65m[48;2;59;94;153m▀[0m[38;2;255;255;255m[48;2;65;65;65m▀[0m[38;2;255;255;255m[48;2;189;189;189m▀[0m[38;2;255;255;255m[48;2;65;65;65m▀[0m[38;2;0;0;0m[48;2;59;94;153m▀[0m[38;2;0;0;0m▄       
    [38;2;0;0;0m[48;2;0;0;0m▀[0m[38;2;59;94;153m[48;2;59;94;153m▀[0m[38;2;63;54;98m[48;2;63;54;98m▀[0m[38;2;244;255;108m[48;2;63;54;98m▀[0m[38;2;244;255;108m[48;2;63;54;98m▀[0m[38;2;63;54;98m[48;2;63;54;98m▀[0m[38;2;59;94;153m[48;2;59;94;153m▀[0m[38;2;59;94;153m[48;2;59;94;153m▀[0m[38;2;59;94;153m[48;2;59;94;153m▀[0m[38;2;59;94;153m[48;2;63;54;98m▀[0m[38;2;59;94;153m[48;2;63;54;98m▀[0m[38;2;59;94;153m[48;2;59;94;153m▀[0m[38;2;59;94;153m[48;2;59;94;153m▀[0m[38;2;59;94;153m[48;2;59;94;153m▀[0m[38;2;59;94;153m[48;2;59;94;153m▀[0m[38;2;59;94;153m[48;2;0;0;0m▀[0m[38;2;0;0;0m▀       
   [38;2;0;0;0m▄[38;2;0;0;0m[48;2;59;94;153m▀[0m[38;2;59;94;153m[48;2;63;54;98m▀[0m[38;2;63;54;98m[48;2;244;255;108m▀[0m[38;2;63;54;98m[48;2;244;255;108m▀[0m[38;2;63;54;98m[48;2;63;54;98m▀[0m[38;2;63;54;98m[48;2;59;94;153m▀[0m[38;2;59;94;153m[48;2;59;94;153m▀[0m[38;2;59;94;153m[48;2;63;76;129m▀[0m[38;2;63;54;98m[48;2;63;54;98m▀[0m[38;2;244;255;108m[48;2;63;54;98m▀[0m[38;2;244;255;108m[48;2;63;54;98m▀[0m[38;2;63;54;98m[48;2;63;54;98m▀[0m[38;2;59;94;153m[48;2;59;94;153m▀[0m[38;2;59;94;153m[48;2;63;54;98m▀[0m[38;2;63;54;98m[48;2;63;54;98m▀[0m[38;2;59;94;153m[48;2;63;54;98m▀[0m[38;2;0;0;0m[48;2;189;189;189m▀[0m[38;2;0;0;0m[48;2;65;65;65m▀[0m[38;2;0;0;0m▄     
 [38;2;0;0;0m▄[38;2;0;0;0m[48;2;189;189;189m▀[0m[38;2;0;0;0m[48;2;189;189;189m▀[0m[38;2;63;54;98m[48;2;189;189;189m▀[0m[38;2;63;54;98m[48;2;59;94;153m▀[0m[38;2;63;54;98m[48;2;63;54;98m▀[0m[38;2;63;54;98m[48;2;63;54;98m▀[0m[38;2;59;94;153m[48;2;59;94;153m▀[0m[38;2;59;94;153m[48;2;59;94;153m▀[0m[38;2;63;76;129m[48;2;63;76;129m▀[0m[38;2;63;76;129m[48;2;63;54;98m▀[0m[38;2;63;54;98m[48;2;244;255;108m▀[0m[38;2;63;54;98m[48;2;244;255;108m▀[0m[38;2;59;94;153m[48;2;63;54;98m▀[0m[38;2;59;94;153m[48;2;59;94;153m▀[0m[38;2;59;94;153m[48;2;63;76;129m▀[0m[38;2;63;54;98m[48;2;63;54;98m▀[0m[38;2;63;76;129m[48;2;63;76;129m▀[0m[38;2;63;76;129m[48;2;63;76;129m▀[0m[38;2;65;65;65m[48;2;59;94;153m▀[0m[38;2;65;65;65m[48;2;59;94;153m▀[0m[38;2;189;189;189m[48;2;65;65;65m▀[0m[38;2;0;0;0m[48;2;0;0;0m▀[0m    
  [38;2;0;0;0m▀[38;2;0;0;0m[48;2;0;0;0m▀[0m[38;2;189;189;189m[48;2;63;54;98m▀[0m[38;2;189;189;189m[48;2;63;54;98m▀[0m[38;2;63;54;98m[48;2;63;54;98m▀[0m[38;2;59;94;153m[48;2;59;94;153m▀[0m[38;2;59;94;153m[48;2;59;94;153m▀[0m[38;2;63;76;129m[48;2;63;76;129m▀[0m[38;2;63;76;129m[48;2;63;54;98m▀[0m[38;2;63;54;98m[48;2;255;255;255m▀[0m[38;2;63;54;98m[48;2;189;189;189m▀[0m[38;2;63;54;98m[48;2;63;54;98m▀[0m[38;2;63;54;98m[48;2;63;54;98m▀[0m[38;2;59;94;153m[48;2;63;54;98m▀[0m[38;2;63;54;98m[48;2;63;54;98m▀[0m[38;2;193;205;50m[48;2;193;205;50m▀[0m[38;2;193;205;50m[48;2;193;205;50m▀[0m[38;2;63;76;129m[48;2;244;255;108m▀[0m[38;2;244;255;108m[48;2;244;255;108m▀[0m[38;2;59;94;153m[48;2;244;255;108m▀[0m[38;2;244;255;108m[48;2;244;255;108m▀[0m[38;2;0;0;0m[48;2;244;255;108m▀[0m[38;2;0;0;0m▄[38;2;0;0;0m[48;2;59;94;153m▀[0m[38;2;0;0;0m▄ 
  [38;2;0;0;0m[48;2;0;0;0m▀[0m[38;2;255;255;255m[48;2;255;255;255m▀[0m[38;2;63;54;98m[48;2;63;76;129m▀[0m[38;2;193;205;50m[48;2;255;255;255m▀[0m[38;2;0;0;0m[48;2;63;54;98m▀[0m[38;2;59;94;153m[48;2;63;76;129m▀[0m[38;2;59;94;153m[48;2;59;94;153m▀[0m[38;2;63;76;129m[48;2;63;76;129m▀[0m[38;2;255;255;255m[48;2;63;54;98m▀[0m[38;2;255;255;255m[48;2;63;54;98m▀[0m[38;2;255;255;255m[48;2;63;54;98m▀[0m[38;2;255;255;255m[48;2;59;94;153m▀[0m[38;2;255;255;255m[48;2;189;189;189m▀[0m[38;2;189;189;189m[48;2;255;255;255m▀[0m[38;2;63;54;98m[48;2;255;255;255m▀[0m[38;2;63;54;98m[48;2;255;255;255m▀[0m[38;2;244;255;108m[48;2;63;54;98m▀[0m[38;2;244;255;108m[48;2;244;255;108m▀[0m[38;2;244;255;108m[48;2;65;65;65m▀[0m[38;2;244;255;108m[48;2;65;65;65m▀[0m[38;2;244;255;108m[48;2;193;205;50m▀[0m[38;2;244;255;108m[48;2;65;65;65m▀[0m[38;2;65;65;65m[48;2;59;94;153m▀[0m[38;2;59;94;153m[48;2;63;76;129m▀[0m[38;2;0;0;0m[48;2;0;0;0m▀[0m 
  [38;2;0;0;0m▀[38;2;63;76;129m[48;2;0;0;0m▀[0m[38;2;63;76;129m[48;2;59;94;153m▀[0m[38;2;255;255;255m[48;2;63;76;129m▀[0m[38;2;63;76;129m[48;2;63;76;129m▀[0m[38;2;63;54;98m[48;2;63;54;98m▀[0m[38;2;59;94;153m[48;2;59;94;153m▀[0m[38;2;63;76;129m[48;2;63;54;98m▀[0m[38;2;63;54;98m[48;2;255;255;255m▀[0m[38;2;193;205;50m[48;2;63;54;98m▀[0m[38;2;0;0;0m[48;2;244;255;108m▀[0m[38;2;244;255;108m[48;2;63;54;98m▀[0m[38;2;63;54;98m[48;2;59;94;153m▀[0m[38;2;63;54;98m[48;2;59;94;153m▀[0m[38;2;63;54;98m[48;2;65;65;65m▀[0m[38;2;63;54;98m[48;2;59;94;153m▀[0m[38;2;59;94;153m[48;2;59;94;153m▀[0m[38;2;63;54;98m[48;2;63;54;98m▀[0m[38;2;59;94;153m[48;2;59;94;153m▀[0m[38;2;65;65;65m[48;2;65;65;65m▀[0m[38;2;193;205;50m[48;2;65;65;65m▀[0m[38;2;63;76;129m[48;2;63;76;129m▀[0m[38;2;63;76;129m[48;2;63;76;129m▀[0m[38;2;0;0;0m[48;2;0;0;0m▀[0m  
    [38;2;0;0;0m▀[38;2;59;94;153m[48;2;0;0;0m▀[0m[38;2;59;94;153m[48;2;0;0;0m▀[0m[38;2;59;94;153m[48;2;0;0;0m▀[0m[38;2;63;54;98m[48;2;59;94;153m▀[0m[38;2;63;76;129m[48;2;63;76;129m▀[0m[38;2;255;255;255m[48;2;63;76;129m▀[0m[38;2;63;76;129m[48;2;59;94;153m▀[0m[38;2;63;76;129m[48;2;63;76;129m▀[0m[38;2;255;255;255m[48;2;255;255;255m▀[0m[38;2;63;76;129m[48;2;63;76;129m▀[0m[38;2;59;94;153m[48;2;65;65;65m▀[0m[38;2;65;65;65m[48;2;59;94;153m▀[0m[38;2;63;76;129m[48;2;63;76;129m▀[0m[38;2;59;94;153m[48;2;63;76;129m▀[0m[38;2;63;76;129m[48;2;63;76;129m▀[0m[38;2;59;94;153m[48;2;63;76;129m▀[0m[38;2;65;65;65m[48;2;0;0;0m▀[0m[38;2;189;189;189m[48;2;189;189;189m▀[0m[38;2;65;65;65m[48;2;65;65;65m▀[0m[38;2;189;189;189m[48;2;0;0;0m▀[0m[38;2;0;0;0m▀  
        [38;2;0;0;0m▀[38;2;0;0;0m▀[38;2;0;0;0m▀[38;2;63;54;98m[48;2;0;0;0m▀[0m[38;2;59;94;153m[48;2;0;0;0m▀[0m[38;2;63;76;129m[48;2;0;0;0m▀[0m[38;2;63;76;129m[48;2;0;0;0m▀[0m[38;2;0;0;0m▀[38;2;63;76;129m[48;2;0;0;0m▀[0m[38;2;189;189;189m[48;2;189;189;189m▀[0m[38;2;63;76;129m[48;2;63;76;129m▀[0m[38;2;63;76;129m[48;2;189;189;189m▀[0m[38;2;0;0;0m[48;2;0;0;0m▀[0m [38;2;0;0;0m▀[38;2;0;0;0m▀    
                      [38;2;0;0;0m▀[38;2;0;0;0m▀[38;2;0;0;0m▀              
                                     [0m                                     