          [38;2;0;0;0m▄[38;2;0;0;0m▄[38;2;0;0;0m[48;2;244;204;186m▀[0m[38;2;0;0;0m[48;2;244;204;186m▀[0m[38;2;0;0;0m[48;2;244;204;186m▀[0m[38;2;0;0;0m[48;2;244;204;186m▀[0m[38;2;0;0;0m▄[38;2;0;0;0m▄        
        [38;2;0;0;0m▄[38;2;0;0;0m[48;2;244;204;186m▀[0m[38;2;244;204;186m[48;2;244;204;186m▀[0m[38;2;242;204;187m[48;2;242;204;187m▀[0m[38;2;242;204;187m[48;2;242;204;187m▀[0m[38;2;242;204;187m[48;2;242;204;187m▀[0m[38;2;242;204;187m[48;2;242;204;187m▀[0m[38;2;251;204;185m[48;2;119;86;70m▀[0m[38;2;119;86;70m[48;2;163;125;108m▀[0m[38;2;170;118;95m[48;2;170;118;95m▀[0m[38;2;0;0;0m[48;2;0;0;0m▀[0m       
       [38;2;0;0;0m▄[38;2;0;0;0m[48;2;227;183;161m▀[0m[38;2;227;183;161m[48;2;227;183;161m▀[0m[38;2;242;205;188m[48;2;227;183;161m▀[0m[38;2;242;205;188m[48;2;227;183;161m▀[0m[38;2;242;205;188m[48;2;227;183;161m▀[0m[38;2;227;183;161m[48;2;227;183;161m▀[0m[38;2;227;183;161m[48;2;96;96;96m▀[0m[38;2;116;91;77m[48;2;171;117;94m▀[0m[38;2;171;117;94m[48;2;171;117;94m▀[0m[38;2;170;118;95m[48;2;170;118;95m▀[0m[38;2;0;0;0m[48;2;170;118;95m▀[0m[38;2;0;0;0m▄      
       [38;2;0;0;0m[48;2;0;0;0m▀[0m[38;2;94;97;94m[48;2;94;97;94m▀[0m[38;2;229;182;160m[48;2;229;182;160m▀[0m[38;2;229;182;160m[48;2;229;182;160m▀[0m[38;2;227;183;161m[48;2;227;183;161m▀[0m[38;2;227;183;161m[48;2;96;96;96m▀[0m[38;2;96;96;96m[48;2;96;96;96m▀[0m[38;2;96;96;96m[48;2;227;183;161m▀[0m[38;2;171;117;94m[48;2;171;117;94m▀[0m[38;2;171;117;94m[48;2;171;117;94m▀[0m[38;2;171;117;94m[48;2;171;117;94m▀[0m[38;2;171;117;94m[48;2;171;117;94m▀[0m[38;2;0;0;0m[48;2;0;0;0m▀[0m      
       [38;2;0;0;0m[48;2;0;0;0m▀[0m[38;2;109;92;84m[48;2;217;183;168m▀[0m[38;2;96;96;96m[48;2;96;96;96m▀[0m[38;2;227;183;161m[48;2;96;96;96m▀[0m[38;2;96;96;96m[48;2;96;96;96m▀[0m[38;2;96;96;96m[48;2;227;183;161m▀[0m[38;2;227;183;161m[48;2;227;183;161m▀[0m[38;2;227;183;161m[48;2;96;96;96m▀[0m[38;2;116;91;77m[48;2;116;91;77m▀[0m[38;2;171;117;94m[48;2;171;117;94m▀[0m[38;2;171;117;94m[48;2;227;183;161m▀[0m[38;2;171;117;94m[48;2;171;117;94m▀[0m[38;2;0;0;0m[48;2;227;183;161m▀[0m[38;2;0;0;0m▄     
       [38;2;0;0;0m[48;2;0;0;0m▀[0m[38;2;217;183;168m[48;2;109;92;84m▀[0m[38;2;227;183;161m[48;2;227;183;161m▀[0m[38;2;96;96;96m[48;2;96;96;96m▀[0m[38;2;227;183;161m[48;2;227;183;161m▀[0m[38;2;227;183;161m[48;2;96;96;96m▀[0m[38;2;96;96;96m[48;2;96;96;96m▀[0m[38;2;96;96;96m[48;2;227;183;161m▀[0m[38;2;227;183;161m[48;2;227;183;161m▀[0m[38;2;115;89;77m[48;2;227;183;161m▀[0m[38;2;163;118;100m[48;2;127;87;70m▀[0m[38;2;235;183;160m[48;2;163;118;100m▀[0m[38;2;157;118;101m[48;2;236;178;153m▀[0m[38;2;0;0;0m[48;2;0;0;0m▀[0m     
      [38;2;0;0;0m▄[38;2;0;4;8m[48;2;217;183;168m▀[0m[38;2;109;94;88m[48;2;109;94;88m▀[0m[38;2;227;183;161m[48;2;227;183;161m▀[0m[38;2;96;96;96m[48;2;96;96;96m▀[0m[38;2;227;183;161m[48;2;227;183;161m▀[0m[38;2;96;96;96m[48;2;96;96;96m▀[0m[38;2;227;183;161m[48;2;227;183;161m▀[0m[38;2;227;183;161m[48;2;96;96;96m▀[0m[38;2;229;182;160m[48;2;229;182;160m▀[0m[38;2;229;182;160m[48;2;229;182;160m▀[0m[38;2;227;183;161m[48;2;227;183;161m▀[0m[38;2;115;89;77m[48;2;227;183;161m▀[0m[38;2;115;89;77m[48;2;227;183;161m▀[0m[38;2;227;183;161m[48;2;227;183;161m▀[0m[38;2;0;0;0m[48;2;227;183;161m▀[0m[38;2;0;0;0m▄[38;2;0;0;0m▄  
   [38;2;0;0;0m▄[38;2;114;89;77m▄[38;2;0;0;0m[48;2;227;183;161m▀[0m[38;2;227;183;161m[48;2;227;183;161m▀[0m[38;2;93;97;95m[48;2;93;97;95m▀[0m[38;2;234;193;176m[48;2;234;193;176m▀[0m[38;2;244;204;186m[48;2;95;95;93m▀[0m[38;2;95;95;93m[48;2;244;204;186m▀[0m[38;2;244;204;186m[48;2;244;204;186m▀[0m[38;2;95;95;93m[48;2;95;95;93m▀[0m[38;2;203;171;156m[48;2;251;209;187m▀[0m[38;2;107;101;99m[48;2;251;209;187m▀[0m[38;2;227;183;161m[48;2;96;96;96m▀[0m[38;2;227;183;161m[48;2;227;183;161m▀[0m[38;2;229;182;160m[48;2;229;182;160m▀[0m[38;2;229;182;160m[48;2;229;182;160m▀[0m[38;2;229;182;160m[48;2;229;182;160m▀[0m[38;2;229;182;160m[48;2;229;182;160m▀[0m[38;2;227;183;161m[48;2;227;183;161m▀[0m[38;2;227;183;161m[48;2;115;89;77m▀[0m[38;2;227;183;161m[48;2;114;91;81m▀[0m[38;2;0;0;0m[48;2;0;0;0m▀[0m 
   [38;2;0;0;0m▀[38;2;170;118;95m[48;2;0;0;0m▀[0m[38;2;116;91;77m[48;2;171;117;94m▀[0m[38;2;116;91;77m[48;2;171;117;94m▀[0m[38;2;244;204;186m[48;2;93;110;102m▀[0m[38;2;244;204;186m[48;2;85;106;98m▀[0m[38;2;244;204;186m[48;2;85;106;98m▀[0m[38;2;244;204;186m[48;2;85;106;98m▀[0m[38;2;244;204;186m[48;2;116;90;75m▀[0m[38;2;244;204;186m[48;2;116;90;75m▀[0m[38;2;244;204;186m[48;2;93;110;102m▀[0m[38;2;244;204;186m[48;2;85;106;98m▀[0m[38;2;244;204;186m[48;2;96;102;97m▀[0m[38;2;244;204;186m[48;2;63;119;149m▀[0m[38;2;234;180;159m[48;2;88;105;97m▀[0m[38;2;118;93;79m[48;2;143;133;101m▀[0m[38;2;116;91;77m[48;2;171;117;94m▀[0m[38;2;116;91;77m[48;2;171;117;94m▀[0m[38;2;114;81;64m[48;2;171;121;96m▀[0m[38;2;171;121;96m[48;2;0;4;0m▀[0m[38;2;0;0;0m▀  
     [38;2;0;0;0m▀[38;2;170;118;95m[48;2;0;0;0m▀[0m[38;2;61;112;132m[48;2;0;12;8m▀[0m[38;2;125;226;248m[48;2;61;112;132m▀[0m[38;2;0;4;0m[48;2;128;251;255m▀[0m[38;2;35;136;158m[48;2;128;251;255m▀[0m[38;2;171;117;94m[48;2;63;119;149m▀[0m[38;2;171;117;94m[48;2;63;119;149m▀[0m[38;2;63;116;145m[48;2;116;217;239m▀[0m[38;2;116;217;239m[48;2;116;217;239m▀[0m[38;2;0;0;0m[48;2;114;249;253m▀[0m[38;2;114;249;253m[48;2;114;249;253m▀[0m[38;2;109;210;232m[48;2;65;121;134m▀[0m[38;2;65;121;134m[48;2;75;176;198m▀[0m[38;2;170;118;95m[48;2;0;0;0m▀[0m[38;2;0;0;0m▀[38;2;0;0;0m▀    
        [38;2;0;0;0m▀[38;2;0;0;0m▀[38;2;63;119;149m[48;2;0;0;0m▀[0m[38;2;170;118;95m[48;2;66;65;66m▀[0m[38;2;170;118;95m[48;2;66;65;66m▀[0m[38;2;63;117;147m[48;2;66;65;66m▀[0m[38;2;63;117;147m[48;2;66;65;66m▀[0m[38;2;63;117;147m[48;2;66;65;66m▀[0m[38;2;66;65;66m[48;2;66;65;66m▀[0m[38;2;68;55;52m[48;2;207;157;141m▀[0m[38;2;0;4;8m[48;2;207;157;141m▀[0m[38;2;0;0;0m▄      
  [38;2;0;0;0m▄[38;2;0;0;0m▄[38;2;0;0;0m[48;2;227;183;161m▀[0m[38;2;0;0;0m[48;2;227;183;161m▀[0m[38;2;0;0;0m[48;2;227;183;161m▀[0m[38;2;0;0;0m▄[38;2;0;0;0m▄[38;2;0;0;0m▄[38;2;0;0;0m[48;2;170;118;95m▀[0m[38;2;190;158;141m[48;2;66;65;66m▀[0m[38;2;66;65;66m[48;2;251;208;182m▀[0m[38;2;170;118;95m[48;2;66;65;66m▀[0m[38;2;170;118;95m[48;2;66;65;66m▀[0m[38;2;66;65;66m[48;2;246;210;188m▀[0m[38;2;246;210;188m[48;2;66;65;66m▀[0m[38;2;247;201;173m[48;2;66;60;57m▀[0m[38;2;66;60;57m[48;2;156;130;115m▀[0m[38;2;78;62;53m[48;2;78;62;53m▀[0m[38;2;0;4;8m[48;2;159;119;102m▀[0m[38;2;0;0;0m[48;2;114;91;81m▀[0m[38;2;0;0;0m[48;2;227;183;161m▀[0m[38;2;0;0;0m▄  
 [38;2;0;4;8m[48;2;0;4;8m▀[0m[38;2;197;80;222m[48;2;154;37;179m▀[0m[38;2;115;88;74m[48;2;115;88;74m▀[0m[38;2;170;118;95m[48;2;115;88;74m▀[0m[38;2;24;125;147m[48;2;61;162;184m▀[0m[38;2;128;229;251m[48;2;24;125;147m▀[0m[38;2;229;182;160m[48;2;229;182;160m▀[0m[38;2;229;182;160m[48;2;229;182;160m▀[0m[38;2;90;70;57m[48;2;243;183;160m▀[0m[38;2;167;126;109m[48;2;16;12;8m▀[0m[38;2;0;0;0m[48;2;0;0;0m▀[0m[38;2;77;70;60m[48;2;237;207;187m▀[0m[38;2;170;118;95m[48;2;209;156;138m▀[0m[38;2;170;118;95m[48;2;209;156;138m▀[0m[38;2;90;69;57m[48;2;255;209;184m▀[0m[38;2;148;114;98m[48;2;205;160;139m▀[0m[38;2;66;65;66m[48;2;66;65;66m▀[0m[38;2;66;65;66m[48;2;73;190;202m▀[0m[38;2;170;118;95m[48;2;115;88;74m▀[0m[38;2;115;88;74m[48;2;115;88;74m▀[0m[38;2;191;74;216m[48;2;115;88;74m▀[0m[38;2;115;88;74m[48;2;115;88;74m▀[0m[38;2;227;183;161m[48;2;227;183;161m▀[0m[38;2;0;0;0m[48;2;0;0;0m▀[0m 
 [38;2;0;0;0m▀[38;2;114;89;77m[48;2;0;0;0m▀[0m[38;2;247;219;107m[48;2;118;89;76m▀[0m[38;2;118;89;76m[48;2;118;89;76m▀[0m[38;2;116;91;77m[48;2;171;117;94m▀[0m[38;2;171;117;94m[48;2;171;117;94m▀[0m[38;2;170;118;95m[48;2;0;0;0m▀[0m[38;2;170;118;95m[48;2;0;0;0m▀[0m[38;2;0;0;0m▀[38;2;0;0;0m▄[38;2;16;4;8m[48;2;255;221;200m▀[0m[38;2;179;147;132m[48;2;179;147;132m▀[0m[38;2;227;183;161m[48;2;227;183;161m▀[0m[38;2;227;183;161m[48;2;208;156;138m▀[0m[38;2;207;156;139m[48;2;246;210;188m▀[0m[38;2;226;183;163m[48;2;207;156;139m▀[0m[38;2;66;60;57m[48;2;227;178;153m▀[0m[38;2;120;99;89m[48;2;66;60;57m▀[0m[38;2;117;87;76m[48;2;168;124;94m▀[0m[38;2;247;215;107m[48;2;117;87;76m▀[0m[38;2;116;91;77m[48;2;171;117;94m▀[0m[38;2;171;117;94m[48;2;171;117;94m▀[0m[38;2;170;118;95m[48;2;0;0;0m▀[0m[38;2;0;0;0m▀ 
   [38;2;0;0;0m▀[38;2;0;0;0m▀[38;2;0;0;0m▀[38;2;0;0;0m▀  [38;2;0;0;0m▄[38;2;0;0;0m[48;2;170;118;95m▀[0m[38;2;121;93;82m[48;2;170;134;109m▀[0m[38;2;227;170;145m[48;2;66;56;49m▀[0m[38;2;227;183;161m[48;2;66;65;66m▀[0m[38;2;227;183;161m[48;2;66;65;66m▀[0m[38;2;226;167;144m[48;2;74;65;57m▀[0m[38;2;226;167;144m[48;2;151;115;101m▀[0m[38;2;229;182;160m[48;2;229;182;160m▀[0m[38;2;229;182;160m[48;2;229;182;160m▀[0m[38;2;74;64;60m[48;2;225;184;168m▀[0m[38;2;74;64;60m[48;2;0;4;8m▀[0m[38;2;0;0;0m▀[38;2;0;0;0m▀   
         [38;2;0;0;0m▀[38;2;170;118;95m[48;2;0;0;0m▀[0m[38;2;78;62;53m[48;2;0;4;8m▀[0m[38;2;159;119;102m[48;2;78;62;53m▀[0m[38;2;170;118;95m[48;2;170;118;95m▀[0m[38;2;66;65;66m[48;2;66;65;66m▀[0m[38;2;170;118;95m[48;2;170;118;95m▀[0m[38;2;66;65;66m[48;2;170;118;95m▀[0m[38;2;82;60;52m[48;2;167;118;99m▀[0m[38;2;167;118;99m[48;2;0;0;8m▀[0m[38;2;170;118;95m[48;2;0;0;0m▀[0m[38;2;170;118;95m[48;2;0;0;0m▀[0m[38;2;0;0;0m▀    
            [38;2;0;0;0m▀[38;2;0;0;0m▀[38;2;227;183;161m[48;2;0;0;0m▀[0m[38;2;227;183;161m[48;2;0;0;0m▀[0m[38;2;227;183;161m[48;2;0;0;0m▀[0m[38;2;0;0;0m▀        
                                     [0m                                     