           [38;2;0;4;0m▄[38;2;0;4;0m[48;2;244;202;36m▀[0m[38;2;8;12;0m▄[38;2;0;8;0m▄[38;2;0;8;0m▄            
   [38;2;0;4;0m▄[38;2;0;4;0m[48;2;164;190;189m▀[0m[38;2;0;4;0m[48;2;164;190;189m▀[0m[38;2;0;4;0m▄ [38;2;0;4;0m▄[38;2;0;4;0m▄[38;2;0;4;0m[48;2;234;189;0m▀[0m[38;2;94;97;94m[48;2;234;189;0m▀[0m[38;2;165;136;31m[48;2;234;189;0m▀[0m[38;2;165;136;31m[48;2;234;189;0m▀[0m[38;2;119;107;25m[48;2;234;189;0m▀[0m[38;2;236;194;3m[48;2;186;146;0m▀[0m[38;2;0;4;0m[48;2;0;4;0m▀[0m [38;2;0;4;0m▄[38;2;0;4;0m▄        
   [38;2;0;4;0m[48;2;0;4;0m▀[0m[38;2;164;190;189m[48;2;165;190;189m▀[0m[38;2;164;190;189m[48;2;165;190;189m▀[0m[38;2;165;190;189m[48;2;107;85;82m▀[0m[38;2;0;4;0m[48;2;107;85;82m▀[0m[38;2;94;97;94m[48;2;255;255;255m▀[0m[38;2;94;97;94m[48;2;255;255;255m▀[0m[38;2;95;96;93m[48;2;255;255;255m▀[0m[38;2;95;96;93m[48;2;255;255;255m▀[0m[38;2;95;96;93m[48;2;255;255;255m▀[0m[38;2;234;189;0m[48;2;95;95;95m▀[0m[38;2;234;189;0m[48;2;99;93;99m▀[0m[38;2;234;189;0m[48;2;203;193;203m▀[0m[38;2;234;189;0m[48;2;95;95;95m▀[0m[38;2;0;4;0m[48;2;255;255;255m▀[0m[38;2;255;255;255m[48;2;255;255;255m▀[0m[38;2;255;255;255m[48;2;255;255;255m▀[0m[38;2;0;4;0m[48;2;0;4;0m▀[0m       
    [38;2;8;4;0m[48;2;16;0;0m▀[0m[38;2;86;97;94m[48;2;255;243;247m▀[0m[38;2;255;243;247m[48;2;172;116;0m▀[0m[38;2;156;137;137m[48;2;228;201;20m▀[0m[38;2;166;112;0m[48;2;246;217;136m▀[0m[38;2;166;112;0m[48;2;246;217;136m▀[0m[38;2;166;112;0m[48;2;245;216;132m▀[0m[38;2;166;112;0m[48;2;234;189;0m▀[0m[38;2;255;255;255m[48;2;164;111;0m▀[0m[38;2;255;255;255m[48;2;164;111;0m▀[0m[38;2;255;243;255m[48;2;255;255;255m▀[0m[38;2;99;93;99m[48;2;255;255;255m▀[0m[38;2;255;255;255m[48;2;255;255;255m▀[0m[38;2;255;255;255m[48;2;255;255;255m▀[0m[38;2;255;255;255m[48;2;255;255;255m▀[0m[38;2;255;255;255m[48;2;0;4;0m▀[0m[38;2;0;4;0m▀       
   [38;2;0;4;0m▄[38;2;16;0;0m[48;2;204;193;141m▀[0m[38;2;135;121;123m[48;2;166;112;0m▀[0m[38;2;228;201;20m[48;2;247;247;247m▀[0m[38;2;247;221;144m[48;2;82;82;82m▀[0m[38;2;246;217;136m[48;2;234;189;0m▀[0m[38;2;246;217;136m[48;2;234;189;0m▀[0m[38;2;234;189;0m[48;2;234;189;0m▀[0m[38;2;234;189;0m[48;2;234;189;0m▀[0m[38;2;234;189;0m[48;2;234;189;0m▀[0m[38;2;234;189;0m[48;2;234;189;0m▀[0m[38;2;166;112;0m[48;2;166;112;0m▀[0m[38;2;255;255;255m[48;2;255;243;255m▀[0m[38;2;255;255;255m[48;2;255;255;255m▀[0m[38;2;255;255;255m[48;2;255;255;255m▀[0m[38;2;255;255;255m[48;2;0;4;0m▀[0m[38;2;0;4;0m▀        
   [38;2;0;4;0m▀[38;2;166;112;0m[48;2;0;8;0m▀[0m[38;2;204;193;141m[48;2;244;202;36m▀[0m[38;2;0;0;0m[48;2;167;159;131m▀[0m[38;2;82;82;82m[48;2;75;65;0m▀[0m[38;2;234;189;0m[48;2;186;146;0m▀[0m[38;2;234;189;0m[48;2;186;146;0m▀[0m[38;2;234;189;0m[48;2;204;193;147m▀[0m[38;2;255;255;255m[48;2;0;4;0m▀[0m[38;2;66;65;66m[48;2;66;65;66m▀[0m[38;2;234;189;0m[48;2;234;189;0m▀[0m[38;2;234;189;0m[48;2;234;189;0m▀[0m[38;2;166;112;0m[48;2;164;111;0m▀[0m[38;2;255;255;255m[48;2;255;255;255m▀[0m[38;2;255;255;255m[48;2;95;95;95m▀[0m[38;2;255;255;255m[48;2;99;89;14m▀[0m[38;2;0;4;0m[48;2;0;8;8m▀[0m        
    [38;2;0;8;0m[48;2;0;0;0m▀[0m[38;2;163;134;27m[48;2;247;251;247m▀[0m[38;2;255;251;255m[48;2;74;77;74m▀[0m[38;2;255;251;255m[48;2;74;77;74m▀[0m[38;2;255;255;255m[48;2;66;65;66m▀[0m[38;2;255;255;255m[48;2;255;255;255m▀[0m[38;2;204;193;147m[48;2;255;255;255m▀[0m[38;2;68;63;66m[48;2;255;255;255m▀[0m[38;2;234;189;0m[48;2;186;146;0m▀[0m[38;2;234;189;0m[48;2;234;189;0m▀[0m[38;2;234;189;0m[48;2;234;189;0m▀[0m[38;2;164;111;0m[48;2;234;189;0m▀[0m[38;2;255;255;255m[48;2;164;117;0m▀[0m[38;2;95;95;95m[48;2;188;144;0m▀[0m[38;2;190;154;0m[48;2;188;148;0m▀[0m[38;2;0;8;8m[48;2;0;4;0m▀[0m        
   [38;2;0;4;0m▄[38;2;0;0;0m[48;2;95;97;95m▀[0m[38;2;82;83;82m[48;2;95;97;95m▀[0m[38;2;255;255;255m[48;2;66;60;66m▀[0m[38;2;74;77;74m[48;2;165;186;189m▀[0m[38;2;255;255;255m[48;2;165;190;189m▀[0m[38;2;255;255;255m[48;2;165;190;189m▀[0m[38;2;255;255;255m[48;2;164;111;0m▀[0m[38;2;164;190;189m[48;2;164;111;0m▀[0m[38;2;186;146;0m[48;2;234;189;0m▀[0m[38;2;234;189;0m[48;2;234;189;0m▀[0m[38;2;234;189;0m[48;2;234;189;0m▀[0m[38;2;234;189;0m[48;2;234;189;0m▀[0m[38;2;237;193;0m[48;2;187;147;0m▀[0m[38;2;188;144;0m[48;2;187;147;0m▀[0m[38;2;188;148;0m[48;2;188;151;0m▀[0m[38;2;0;4;0m[48;2;0;8;8m▀[0m        
  [38;2;0;4;0m[48;2;8;8;0m▀[0m[38;2;94;97;94m[48;2;99;101;99m▀[0m[38;2;95;97;95m[48;2;95;97;95m▀[0m[38;2;95;97;95m[48;2;95;97;95m▀[0m[38;2;99;102;107m[48;2;94;97;94m▀[0m[38;2;66;60;66m[48;2;66;65;66m▀[0m[38;2;165;112;0m[48;2;188;148;0m▀[0m[38;2;165;112;0m[48;2;188;148;0m▀[0m[38;2;234;189;0m[48;2;234;189;0m▀[0m[38;2;234;189;0m[48;2;234;189;0m▀[0m[38;2;234;189;0m[48;2;234;189;0m▀[0m[38;2;234;189;0m[48;2;234;189;0m▀[0m[38;2;234;189;0m[48;2;229;186;0m▀[0m[38;2;234;189;0m[48;2;57;65;66m▀[0m[38;2;187;147;0m[48;2;66;65;66m▀[0m[38;2;187;147;0m[48;2;66;65;66m▀[0m[38;2;68;52;54m[48;2;95;97;95m▀[0m[38;2;0;8;8m[48;2;95;97;95m▀[0m[38;2;0;4;0m▄       
 [38;2;0;4;0m[48;2;0;4;0m▀[0m[38;2;68;70;66m[48;2;82;78;68m▀[0m[38;2;99;101;99m[48;2;82;78;68m▀[0m[38;2;95;97;95m[48;2;94;97;94m▀[0m[38;2;95;97;95m[48;2;94;97;94m▀[0m[38;2;94;97;94m[48;2;66;65;66m▀[0m[38;2;66;65;66m[48;2;82;78;68m▀[0m[38;2;66;65;66m[48;2;82;81;66m▀[0m[38;2;66;65;66m[48;2;94;97;94m▀[0m[38;2;66;65;66m[48;2;95;97;95m▀[0m[38;2;66;65;66m[48;2;95;97;95m▀[0m[38;2;66;65;66m[48;2;95;97;95m▀[0m[38;2;66;65;66m[48;2;95;97;95m▀[0m[38;2;57;65;66m[48;2;95;97;95m▀[0m[38;2;95;97;95m[48;2;95;97;95m▀[0m[38;2;94;97;94m[48;2;94;97;94m▀[0m[38;2;94;97;94m[48;2;94;97;94m▀[0m[38;2;95;97;95m[48;2;95;97;95m▀[0m[38;2;95;97;95m[48;2;95;97;95m▀[0m[38;2;0;4;0m[48;2;94;97;94m▀[0m[38;2;0;4;0m▄      
 [38;2;0;4;0m▀[38;2;66;65;66m[48;2;0;4;0m▀[0m[38;2;82;78;68m[48;2;0;4;0m▀[0m[38;2;66;65;66m[48;2;77;74;68m▀[0m[38;2;66;65;66m[48;2;77;74;68m▀[0m[38;2;82;78;68m[48;2;79;77;68m▀[0m[38;2;82;78;68m[48;2;79;77;68m▀[0m[38;2;94;97;94m[48;2;95;97;95m▀[0m[38;2;94;97;94m[48;2;95;97;95m▀[0m[38;2;95;97;95m[48;2;95;97;95m▀[0m[38;2;95;97;95m[48;2;95;97;95m▀[0m[38;2;95;97;95m[48;2;95;97;95m▀[0m[38;2;95;97;95m[48;2;95;97;95m▀[0m[38;2;95;97;95m[48;2;95;97;95m▀[0m[38;2;95;97;95m[48;2;95;97;95m▀[0m[38;2;94;97;94m[48;2;94;97;94m▀[0m[38;2;66;65;66m[48;2;66;65;66m▀[0m[38;2;95;97;95m[48;2;94;97;94m▀[0m[38;2;95;97;95m[48;2;94;97;94m▀[0m[38;2;94;97;94m[48;2;95;97;95m▀[0m[38;2;94;97;94m[48;2;95;97;95m▀[0m[38;2;0;4;0m[48;2;94;97;94m▀[0m[38;2;0;4;0m▄[38;2;0;4;0m▄   
    [38;2;0;4;0m[48;2;0;4;0m▀[0m[38;2;77;74;68m[48;2;82;78;68m▀[0m[38;2;79;77;68m[48;2;79;77;68m▀[0m[38;2;93;95;95m[48;2;93;95;95m▀[0m[38;2;95;97;95m[48;2;95;97;95m▀[0m[38;2;95;97;95m[48;2;95;97;95m▀[0m[38;2;95;97;95m[48;2;95;97;95m▀[0m[38;2;95;97;95m[48;2;95;97;95m▀[0m[38;2;95;97;95m[48;2;95;97;95m▀[0m[38;2;95;97;95m[48;2;95;97;95m▀[0m[38;2;95;97;95m[48;2;95;97;95m▀[0m[38;2;95;97;95m[48;2;95;97;95m▀[0m[38;2;94;97;94m[48;2;95;97;95m▀[0m[38;2;66;65;66m[48;2;95;97;95m▀[0m[38;2;82;81;66m[48;2;66;65;66m▀[0m[38;2;94;97;94m[48;2;82;78;68m▀[0m[38;2;95;97;95m[48;2;96;97;98m▀[0m[38;2;95;97;95m[48;2;96;97;98m▀[0m[38;2;94;97;94m[48;2;95;97;95m▀[0m[38;2;94;97;94m[48;2;95;97;95m▀[0m[38;2;94;97;94m[48;2;95;97;95m▀[0m[38;2;0;4;0m[48;2;95;97;95m▀[0m[38;2;0;4;0m▄ 
    [38;2;0;4;0m[48;2;0;4;0m▀[0m[38;2;82;78;68m[48;2;82;79;70m▀[0m[38;2;79;77;68m[48;2;82;78;68m▀[0m[38;2;93;95;95m[48;2;66;65;66m▀[0m[38;2;95;97;95m[48;2;94;97;94m▀[0m[38;2;95;97;95m[48;2;94;97;94m▀[0m[38;2;95;97;95m[48;2;95;97;95m▀[0m[38;2;95;97;95m[48;2;95;97;95m▀[0m[38;2;95;97;95m[48;2;95;97;95m▀[0m[38;2;95;97;95m[48;2;95;97;95m▀[0m[38;2;95;97;95m[48;2;95;97;95m▀[0m[38;2;95;97;95m[48;2;95;97;95m▀[0m[38;2;95;97;95m[48;2;95;97;95m▀[0m[38;2;95;97;95m[48;2;95;97;95m▀[0m[38;2;66;65;66m[48;2;188;148;0m▀[0m[38;2;82;78;68m[48;2;68;54;54m▀[0m[38;2;188;148;0m[48;2;0;4;0m▀[0m[38;2;96;97;98m[48;2;188;148;0m▀[0m[38;2;95;97;95m[48;2;190;154;0m▀[0m[38;2;95;97;95m[48;2;99;89;14m▀[0m[38;2;95;97;95m[48;2;94;97;94m▀[0m[38;2;95;97;95m[48;2;0;4;0m▀[0m[38;2;0;4;0m▀ 
     [38;2;0;4;0m[48;2;0;4;0m▀[0m[38;2;82;78;68m[48;2;82;79;68m▀[0m[38;2;82;78;68m[48;2;82;79;68m▀[0m[38;2;66;65;66m[48;2;82;79;68m▀[0m[38;2;66;65;66m[48;2;82;79;68m▀[0m[38;2;95;97;95m[48;2;66;64;66m▀[0m[38;2;95;97;95m[48;2;0;4;0m▀[0m[38;2;95;97;95m[48;2;66;66;66m▀[0m[38;2;95;97;95m[48;2;99;97;99m▀[0m[38;2;95;97;95m[48;2;95;97;95m▀[0m[38;2;95;97;95m[48;2;95;97;95m▀[0m[38;2;95;97;95m[48;2;95;97;95m▀[0m[38;2;95;97;95m[48;2;95;97;95m▀[0m[38;2;188;148;0m[48;2;188;148;0m▀[0m[38;2;0;12;8m[48;2;0;4;0m▀[0m [38;2;0;4;0m▀[38;2;0;8;8m▀[38;2;0;8;8m▀[38;2;0;4;0m▀   
     [38;2;0;4;0m[48;2;0;4;0m▀[0m[38;2;82;79;68m[48;2;63;70;63m▀[0m[38;2;82;79;68m[48;2;173;195;189m▀[0m[38;2;82;79;68m[48;2;63;70;63m▀[0m[38;2;82;79;68m[48;2;173;195;189m▀[0m[38;2;0;4;0m[48;2;0;4;0m▀[0m [38;2;0;4;0m[48;2;0;4;0m▀[0m[38;2;99;97;99m[48;2;86;97;94m▀[0m[38;2;95;97;95m[48;2;95;95;95m▀[0m[38;2;95;97;95m[48;2;95;95;95m▀[0m[38;2;95;97;95m[48;2;95;97;95m▀[0m[38;2;95;97;95m[48;2;95;97;95m▀[0m[38;2;0;4;0m[48;2;0;4;0m▀[0m         
      [38;2;8;8;0m▀[38;2;8;8;0m▀[38;2;8;8;0m▀[38;2;8;8;0m▀  [38;2;0;4;0m▀[38;2;173;190;189m[48;2;0;4;0m▀[0m[38;2;95;95;95m[48;2;0;4;0m▀[0m[38;2;255;255;255m[48;2;0;4;0m▀[0m[38;2;95;97;95m[48;2;0;4;0m▀[0m[38;2;95;97;95m[48;2;0;4;0m▀[0m[38;2;0;4;0m▀         
                                     [0m                                     