       [38;2;0;0;0m▄[38;2;0;0;0m[48;2;65;65;65m▀[0m[38;2;0;0;0m[48;2;189;189;197m▀[0m[38;2;0;0;0m▄                         
      [38;2;0;0;0m[48;2;0;0;0m▀[0m[38;2;65;65;65m[48;2;65;65;65m▀[0m[38;2;65;65;65m[48;2;255;255;255m▀[0m[38;2;189;189;197m[48;2;255;255;255m▀[0m[38;2;189;189;197m[48;2;189;189;197m▀[0m[38;2;0;0;0m[48;2;189;189;197m▀[0m[38;2;0;0;0m▄[38;2;0;0;0m[48;2;107;192;85m▀[0m[38;2;0;0;0m[48;2;107;192;85m▀[0m[38;2;0;0;0m▄                    
      [38;2;0;0;0m▀[38;2;189;189;197m[48;2;0;0;0m▀[0m[38;2;189;189;197m[48;2;189;189;197m▀[0m[38;2;255;255;255m[48;2;189;189;197m▀[0m[38;2;255;255;255m[48;2;123;131;139m▀[0m[38;2;123;131;139m[48;2;189;189;197m▀[0m[38;2;65;65;65m[48;2;65;65;65m▀[0m[38;2;65;65;65m[48;2;65;65;65m▀[0m[38;2;107;192;85m[48;2;107;192;85m▀[0m[38;2;35;120;13m[48;2;107;192;85m▀[0m[38;2;0;0;0m[48;2;35;120;13m▀[0m[38;2;0;0;0m▄    [38;2;0;0;0m▄[38;2;0;0;0m▄[38;2;0;0;0m[48;2;35;120;13m▀[0m[38;2;0;0;0m[48;2;107;192;85m▀[0m[38;2;0;0;0m▄  [38;2;0;0;0m▄[38;2;0;0;0m[48;2;255;255;255m▀[0m[38;2;0;0;0m[48;2;255;255;255m▀[0m[38;2;0;0;0m[48;2;255;255;255m▀[0m[38;2;0;0;0m▄  
        [38;2;0;0;0m[48;2;0;0;0m▀[0m[38;2;123;131;139m[48;2;107;192;85m▀[0m[38;2;189;189;197m[48;2;65;65;65m▀[0m[38;2;189;189;197m[48;2;189;189;197m▀[0m[38;2;189;189;197m[48;2;65;65;65m▀[0m[38;2;65;65;65m[48;2;65;65;65m▀[0m[38;2;65;65;65m[48;2;65;65;65m▀[0m[38;2;107;192;85m[48;2;65;65;65m▀[0m[38;2;35;120;13m[48;2;65;65;65m▀[0m[38;2;35;120;13m[48;2;65;65;65m▀[0m[38;2;0;0;0m[48;2;65;65;65m▀[0m[38;2;0;0;0m▄[38;2;0;0;0m[48;2;35;120;13m▀[0m[38;2;0;0;0m[48;2;35;120;13m▀[0m[38;2;35;120;13m[48;2;35;120;13m▀[0m[38;2;35;120;13m[48;2;107;192;85m▀[0m[38;2;107;192;85m[48;2;107;192;85m▀[0m[38;2;107;192;85m[48;2;65;65;65m▀[0m[38;2;107;192;85m[48;2;107;192;85m▀[0m[38;2;0;0;0m[48;2;65;65;65m▀[0m[38;2;0;0;0m[48;2;189;189;197m▀[0m[38;2;255;255;255m[48;2;255;255;255m▀[0m[38;2;123;131;139m[48;2;65;65;65m▀[0m[38;2;65;65;65m[48;2;65;65;65m▀[0m[38;2;123;131;139m[48;2;65;65;65m▀[0m[38;2;255;255;255m[48;2;255;255;255m▀[0m[38;2;0;0;0m[48;2;0;0;0m▀[0m 
         [38;2;0;0;0m[48;2;0;0;0m▀[0m[38;2;180;161;246m[48;2;180;161;246m▀[0m[38;2;65;65;65m[48;2;180;161;246m▀[0m[38;2;65;65;65m[48;2;65;65;65m▀[0m[38;2;255;255;255m[48;2;65;65;65m▀[0m[38;2;255;255;255m[48;2;65;65;65m▀[0m[38;2;255;255;255m[48;2;255;255;255m▀[0m[38;2;35;120;13m[48;2;255;255;255m▀[0m[38;2;35;120;13m[48;2;255;255;255m▀[0m[38;2;107;192;85m[48;2;65;65;65m▀[0m[38;2;35;120;13m[48;2;65;65;65m▀[0m[38;2;35;120;13m[48;2;35;120;13m▀[0m[38;2;35;120;13m[48;2;107;192;85m▀[0m[38;2;107;192;85m[48;2;107;192;85m▀[0m[38;2;107;192;85m[48;2;65;65;65m▀[0m[38;2;65;65;65m[48;2;65;65;65m▀[0m[38;2;65;65;65m[48;2;65;65;65m▀[0m[38;2;65;65;65m[48;2;123;131;139m▀[0m[38;2;65;65;65m[48;2;65;65;65m▀[0m[38;2;189;189;197m[48;2;189;189;197m▀[0m[38;2;255;255;255m[48;2;189;189;197m▀[0m[38;2;123;131;139m[48;2;255;255;255m▀[0m[38;2;65;65;65m[48;2;255;255;255m▀[0m[38;2;123;131;139m[48;2;255;255;255m▀[0m[38;2;255;255;255m[48;2;0;0;0m▀[0m[38;2;0;0;0m▀ 
        [38;2;0;0;0m[48;2;0;0;0m▀[0m[38;2;180;161;246m[48;2;124;105;190m▀[0m[38;2;124;105;190m[48;2;180;161;246m▀[0m[38;2;180;161;246m[48;2;180;161;246m▀[0m[38;2;180;161;246m[48;2;180;161;246m▀[0m[38;2;180;161;246m[48;2;180;161;246m▀[0m[38;2;180;161;246m[48;2;180;161;246m▀[0m[38;2;65;65;65m[48;2;180;161;246m▀[0m[38;2;65;65;65m[48;2;124;105;190m▀[0m[38;2;65;65;65m[48;2;180;161;246m▀[0m[38;2;180;161;246m[48;2;180;161;246m▀[0m[38;2;180;161;246m[48;2;82;90;106m▀[0m[38;2;65;65;65m[48;2;65;65;65m▀[0m[38;2;35;120;13m[48;2;255;255;255m▀[0m[38;2;107;192;85m[48;2;35;120;13m▀[0m[38;2;65;65;65m[48;2;107;192;85m▀[0m[38;2;65;65;65m[48;2;65;65;65m▀[0m[38;2;65;65;65m[48;2;65;65;65m▀[0m[38;2;123;131;139m[48;2;123;131;139m▀[0m[38;2;65;65;65m[48;2;123;131;139m▀[0m[38;2;65;65;65m[48;2;65;65;65m▀[0m[38;2;189;189;197m[48;2;65;65;65m▀[0m[38;2;189;189;197m[48;2;65;65;65m▀[0m[38;2;189;189;197m[48;2;65;65;65m▀[0m[38;2;0;0;0m[48;2;62;147;40m▀[0m[38;2;0;0;0m▄  
       [38;2;0;0;0m▄[38;2;0;0;0m[48;2;180;161;246m▀[0m[38;2;180;161;246m[48;2;180;161;246m▀[0m[38;2;180;161;246m[48;2;180;161;246m▀[0m[38;2;180;161;246m[48;2;180;161;246m▀[0m[38;2;180;161;246m[48;2;180;161;246m▀[0m[38;2;180;161;246m[48;2;180;161;246m▀[0m[38;2;180;161;246m[48;2;180;161;246m▀[0m[38;2;180;161;246m[48;2;180;161;246m▀[0m[38;2;180;161;246m[48;2;180;161;246m▀[0m[38;2;180;161;246m[48;2;180;161;246m▀[0m[38;2;82;90;106m[48;2;180;161;246m▀[0m[38;2;35;120;13m[48;2;180;161;246m▀[0m[38;2;65;65;65m[48;2;65;65;65m▀[0m[38;2;255;255;255m[48;2;255;255;255m▀[0m[38;2;255;255;255m[48;2;255;255;255m▀[0m[38;2;35;120;13m[48;2;255;255;255m▀[0m[38;2;35;120;13m[48;2;255;255;255m▀[0m[38;2;65;65;65m[48;2;35;120;13m▀[0m[38;2;65;65;65m[48;2;65;65;65m▀[0m[38;2;123;131;139m[48;2;65;65;65m▀[0m[38;2;123;131;139m[48;2;65;65;65m▀[0m[38;2;123;131;139m[48;2;65;65;65m▀[0m[38;2;65;65;65m[48;2;65;65;65m▀[0m[38;2;65;65;65m[48;2;62;147;40m▀[0m[38;2;62;147;40m[48;2;0;0;0m▀[0m[38;2;0;0;0m▀  
      [38;2;0;0;0m▄[38;2;0;0;0m[48;2;0;0;0m▀[0m[38;2;180;161;246m[48;2;124;105;190m▀[0m[38;2;180;161;246m[48;2;180;161;246m▀[0m[38;2;180;161;246m[48;2;180;161;246m▀[0m[38;2;180;161;246m[48;2;95;76;161m▀[0m[38;2;180;161;246m[48;2;180;161;246m▀[0m[38;2;180;161;246m[48;2;180;161;246m▀[0m[38;2;180;161;246m[48;2;180;161;246m▀[0m[38;2;180;161;246m[48;2;65;65;65m▀[0m[38;2;65;65;65m[48;2;255;255;255m▀[0m[38;2;180;161;246m[48;2;124;105;190m▀[0m[38;2;180;161;246m[48;2;180;161;246m▀[0m[38;2;180;161;246m[48;2;180;161;246m▀[0m[38;2;180;161;246m[48;2;180;161;246m▀[0m[38;2;65;65;65m[48;2;65;65;65m▀[0m[38;2;255;255;255m[48;2;255;255;255m▀[0m[38;2;255;255;255m[48;2;255;255;255m▀[0m[38;2;255;255;255m[48;2;255;255;255m▀[0m[38;2;255;255;255m[48;2;255;255;255m▀[0m[38;2;35;120;13m[48;2;255;255;255m▀[0m[38;2;65;65;65m[48;2;35;120;13m▀[0m[38;2;65;65;65m[48;2;35;120;13m▀[0m[38;2;65;65;65m[48;2;62;147;40m▀[0m[38;2;62;147;40m[48;2;65;65;65m▀[0m[38;2;0;0;0m[48;2;0;0;0m▀[0m    
   [38;2;0;0;0m▄[38;2;0;0;0m[48;2;124;105;190m▀[0m[38;2;0;0;0m[48;2;95;76;161m▀[0m[38;2;124;105;190m[48;2;95;76;161m▀[0m[38;2;65;65;65m[48;2;65;65;65m▀[0m[38;2;180;161;246m[48;2;180;161;246m▀[0m[38;2;180;161;246m[48;2;180;161;246m▀[0m[38;2;180;161;246m[48;2;180;161;246m▀[0m[38;2;95;76;161m[48;2;180;161;246m▀[0m[38;2;180;161;246m[48;2;95;76;161m▀[0m[38;2;124;105;190m[48;2;65;65;65m▀[0m[38;2;0;0;0m[48;2;62;147;40m▀[0m[38;2;255;255;255m[48;2;107;192;85m▀[0m[38;2;255;255;255m[48;2;180;161;246m▀[0m[38;2;180;161;246m[48;2;180;161;246m▀[0m[38;2;180;161;246m[48;2;82;90;106m▀[0m[38;2;180;161;246m[48;2;124;105;190m▀[0m[38;2;180;161;246m[48;2;180;161;246m▀[0m[38;2;65;65;65m[48;2;65;65;65m▀[0m[38;2;255;255;255m[48;2;255;255;255m▀[0m[38;2;255;255;255m[48;2;255;255;255m▀[0m[38;2;255;255;255m[48;2;65;65;65m▀[0m[38;2;255;255;255m[48;2;65;65;65m▀[0m[38;2;255;255;255m[48;2;65;65;65m▀[0m[38;2;255;255;255m[48;2;255;255;255m▀[0m[38;2;255;255;255m[48;2;255;255;255m▀[0m[38;2;35;120;13m[48;2;255;255;255m▀[0m[38;2;62;147;40m[48;2;35;120;13m▀[0m[38;2;62;147;40m[48;2;62;147;40m▀[0m[38;2;0;0;0m[48;2;0;0;0m▀[0m   
  [38;2;0;0;0m[48;2;0;0;0m▀[0m[38;2;124;105;190m[48;2;95;76;161m▀[0m[38;2;124;105;190m[48;2;95;76;161m▀[0m[38;2;124;105;190m[48;2;124;105;190m▀[0m[38;2;65;65;65m[48;2;65;65;65m▀[0m[38;2;180;161;246m[48;2;180;161;246m▀[0m[38;2;180;161;246m[48;2;180;161;246m▀[0m[38;2;180;161;246m[48;2;180;161;246m▀[0m[38;2;180;161;246m[48;2;180;161;246m▀[0m[38;2;180;161;246m[48;2;180;161;246m▀[0m[38;2;180;161;246m[48;2;180;161;246m▀[0m[38;2;180;161;246m[48;2;180;161;246m▀[0m[38;2;180;161;246m[48;2;180;161;246m▀[0m[38;2;180;161;246m[48;2;180;161;246m▀[0m[38;2;180;161;246m[48;2;180;161;246m▀[0m[38;2;180;161;246m[48;2;82;90;106m▀[0m[38;2;82;90;106m[48;2;191;167;119m▀[0m[38;2;191;167;119m[48;2;191;167;119m▀[0m[38;2;124;105;190m[48;2;65;65;65m▀[0m[38;2;255;255;255m[48;2;255;255;255m▀[0m[38;2;255;255;255m[48;2;65;65;65m▀[0m[38;2;65;65;65m[48;2;180;161;246m▀[0m[38;2;180;161;246m[48;2;180;161;246m▀[0m[38;2;180;161;246m[48;2;180;161;246m▀[0m[38;2;180;161;246m[48;2;180;161;246m▀[0m[38;2;65;65;65m[48;2;180;161;246m▀[0m[38;2;255;255;255m[48;2;65;65;65m▀[0m[38;2;255;255;255m[48;2;255;255;255m▀[0m[38;2;35;120;13m[48;2;255;255;255m▀[0m[38;2;62;147;40m[48;2;35;120;13m▀[0m[38;2;62;147;40m[48;2;62;147;40m▀[0m[38;2;0;0;0m[48;2;0;0;0m▀[0m  
 [38;2;0;0;0m[48;2;0;0;0m▀[0m[38;2;124;105;190m[48;2;95;76;161m▀[0m[38;2;124;105;190m[48;2;95;76;161m▀[0m[38;2;124;105;190m[48;2;213;213;213m▀[0m[38;2;95;76;161m[48;2;124;105;190m▀[0m[38;2;65;65;65m[48;2;124;105;190m▀[0m[38;2;95;76;161m[48;2;0;0;0m▀[0m[38;2;180;161;246m[48;2;0;0;0m▀[0m[38;2;180;161;246m[48;2;124;105;190m▀[0m[38;2;95;76;161m[48;2;180;161;246m▀[0m[38;2;180;161;246m[48;2;180;161;246m▀[0m[38;2;180;161;246m[48;2;82;90;106m▀[0m[38;2;180;161;246m[48;2;82;90;106m▀[0m[38;2;180;161;246m[48;2;82;90;106m▀[0m[38;2;82;90;106m[48;2;191;167;119m▀[0m[38;2;82;90;106m[48;2;191;167;119m▀[0m[38;2;191;167;119m[48;2;65;65;65m▀[0m[38;2;191;167;119m[48;2;65;65;65m▀[0m[38;2;65;65;65m[48;2;229;207;163m▀[0m[38;2;65;65;65m[48;2;65;65;65m▀[0m[38;2;255;255;255m[48;2;65;65;65m▀[0m[38;2;65;65;65m[48;2;124;105;190m▀[0m[38;2;180;161;246m[48;2;124;105;190m▀[0m[38;2;180;161;246m[48;2;124;105;190m▀[0m[38;2;180;161;246m[48;2;124;105;190m▀[0m[38;2;180;161;246m[48;2;180;161;246m▀[0m[38;2;180;161;246m[48;2;180;161;246m▀[0m[38;2;65;65;65m[48;2;180;161;246m▀[0m[38;2;255;255;255m[48;2;65;65;65m▀[0m[38;2;189;189;197m[48;2;189;189;197m▀[0m[38;2;35;120;13m[48;2;35;120;13m▀[0m[38;2;62;147;40m[48;2;62;147;40m▀[0m[38;2;0;0;0m[48;2;0;0;0m▀[0m  
 [38;2;0;0;0m▀[38;2;213;213;213m[48;2;0;0;0m▀[0m[38;2;95;76;161m[48;2;0;0;0m▀[0m[38;2;95;76;161m[48;2;0;0;0m▀[0m[38;2;0;0;0m▀[38;2;0;0;0m▀  [38;2;0;0;0m▀[38;2;65;65;65m[48;2;0;0;0m▀[0m[38;2;229;207;163m[48;2;65;65;65m▀[0m[38;2;229;207;163m[48;2;65;65;65m▀[0m[38;2;229;207;163m[48;2;65;65;65m▀[0m[38;2;229;207;163m[48;2;65;65;65m▀[0m[38;2;65;65;65m[48;2;229;207;163m▀[0m[38;2;65;65;65m[48;2;229;207;163m▀[0m[38;2;229;207;163m[48;2;229;207;163m▀[0m[38;2;229;207;163m[48;2;229;207;163m▀[0m[38;2;229;207;163m[48;2;229;207;163m▀[0m[38;2;229;207;163m[48;2;65;65;65m▀[0m[38;2;65;65;65m[48;2;180;161;246m▀[0m[38;2;124;105;190m[48;2;180;161;246m▀[0m[38;2;180;161;246m[48;2;124;105;190m▀[0m[38;2;180;161;246m[48;2;180;161;246m▀[0m[38;2;180;161;246m[48;2;180;161;246m▀[0m[38;2;124;105;190m[48;2;180;161;246m▀[0m[38;2;180;161;246m[48;2;124;105;190m▀[0m[38;2;180;161;246m[48;2;65;65;65m▀[0m[38;2;65;65;65m[48;2;189;189;197m▀[0m[38;2;189;189;197m[48;2;189;189;197m▀[0m[38;2;189;189;197m[48;2;189;189;197m▀[0m[38;2;35;120;13m[48;2;189;189;197m▀[0m[38;2;0;0;0m[48;2;0;0;0m▀[0m  
          [38;2;0;0;0m▄[38;2;0;0;0m[48;2;65;65;65m▀[0m[38;2;229;207;163m[48;2;140;106;67m▀[0m[38;2;229;207;163m[48;2;140;106;67m▀[0m[38;2;229;207;163m[48;2;229;207;163m▀[0m[38;2;229;207;163m[48;2;229;207;163m▀[0m[38;2;229;207;163m[48;2;229;207;163m▀[0m[38;2;229;207;163m[48;2;229;207;163m▀[0m[38;2;229;207;163m[48;2;140;106;67m▀[0m[38;2;229;207;163m[48;2;140;106;67m▀[0m[38;2;65;65;65m[48;2;65;65;65m▀[0m[38;2;124;105;190m[48;2;255;255;255m▀[0m[38;2;180;161;246m[48;2;124;105;190m▀[0m[38;2;180;161;246m[48;2;180;161;246m▀[0m[38;2;124;105;190m[48;2;180;161;246m▀[0m[38;2;180;161;246m[48;2;124;105;190m▀[0m[38;2;180;161;246m[48;2;65;65;65m▀[0m[38;2;65;65;65m[48;2;95;76;161m▀[0m[38;2;140;106;67m[48;2;65;65;65m▀[0m[38;2;65;65;65m[48;2;65;65;65m▀[0m[38;2;189;189;197m[48;2;189;189;197m▀[0m[38;2;189;189;197m[48;2;189;189;197m▀[0m[38;2;0;0;0m[48;2;0;0;0m▀[0m   
        [38;2;0;0;0m▄[38;2;0;0;0m[48;2;124;105;190m▀[0m[38;2;124;105;190m[48;2;124;105;190m▀[0m[38;2;124;105;190m[48;2;124;105;190m▀[0m[38;2;65;65;65m[48;2;124;105;190m▀[0m[38;2;229;207;163m[48;2;65;65;65m▀[0m[38;2;140;106;67m[48;2;229;207;163m▀[0m[38;2;140;106;67m[48;2;229;207;163m▀[0m[38;2;140;106;67m[48;2;229;207;163m▀[0m[38;2;140;106;67m[48;2;229;207;163m▀[0m[38;2;229;207;163m[48;2;229;207;163m▀[0m[38;2;229;207;163m[48;2;191;167;119m▀[0m[38;2;191;167;119m[48;2;191;167;119m▀[0m[38;2;65;65;65m[48;2;140;106;67m▀[0m[38;2;255;255;255m[48;2;65;65;65m▀[0m[38;2;124;105;190m[48;2;65;65;65m▀[0m[38;2;65;65;65m[48;2;180;161;246m▀[0m[38;2;65;65;65m[48;2;180;161;246m▀[0m[38;2;180;161;246m[48;2;180;161;246m▀[0m[38;2;180;161;246m[48;2;180;161;246m▀[0m[38;2;180;161;246m[48;2;180;161;246m▀[0m[38;2;65;65;65m[48;2;95;76;161m▀[0m[38;2;189;189;197m[48;2;0;0;0m▀[0m[38;2;0;0;0m▀    
        [38;2;0;0;0m[48;2;0;0;0m▀[0m[38;2;124;105;190m[48;2;124;105;190m▀[0m[38;2;124;105;190m[48;2;124;105;190m▀[0m[38;2;124;105;190m[48;2;124;105;190m▀[0m[38;2;124;105;190m[48;2;124;105;190m▀[0m[38;2;95;76;161m[48;2;95;76;161m▀[0m[38;2;65;65;65m[48;2;124;105;190m▀[0m[38;2;65;65;65m[48;2;124;105;190m▀[0m[38;2;229;207;163m[48;2;65;65;65m▀[0m[38;2;191;167;119m[48;2;65;65;65m▀[0m[38;2;191;167;119m[48;2;140;106;67m▀[0m[38;2;140;106;67m[48;2;191;167;119m▀[0m[38;2;140;106;67m[48;2;191;167;119m▀[0m[38;2;191;167;119m[48;2;65;65;65m▀[0m[38;2;65;65;65m[48;2;180;161;246m▀[0m[38;2;180;161;246m[48;2;180;161;246m▀[0m[38;2;180;161;246m[48;2;180;161;246m▀[0m[38;2;180;161;246m[48;2;180;161;246m▀[0m[38;2;180;161;246m[48;2;180;161;246m▀[0m[38;2;180;161;246m[48;2;180;161;246m▀[0m[38;2;180;161;246m[48;2;180;161;246m▀[0m[38;2;95;76;161m[48;2;95;76;161m▀[0m[38;2;0;0;0m[48;2;124;105;190m▀[0m[38;2;0;0;0m▄    
         [38;2;0;0;0m▀[38;2;124;105;190m[48;2;0;0;0m▀[0m[38;2;124;105;190m[48;2;65;65;65m▀[0m[38;2;95;76;161m[48;2;65;65;65m▀[0m[38;2;124;105;190m[48;2;124;105;190m▀[0m[38;2;124;105;190m[48;2;124;105;190m▀[0m[38;2;124;105;190m[48;2;65;65;65m▀[0m[38;2;124;105;190m[48;2;0;0;0m▀[0m[38;2;0;0;0m▀[38;2;0;0;0m▀[38;2;0;0;0m▀[38;2;0;0;0m▀[38;2;0;0;0m[48;2;0;0;0m▀[0m[38;2;95;76;161m[48;2;124;105;190m▀[0m[38;2;180;161;246m[48;2;95;76;161m▀[0m[38;2;180;161;246m[48;2;180;161;246m▀[0m[38;2;180;161;246m[48;2;180;161;246m▀[0m[38;2;180;161;246m[48;2;180;161;246m▀[0m[38;2;180;161;246m[48;2;95;76;161m▀[0m[38;2;95;76;161m[48;2;124;105;190m▀[0m[38;2;124;105;190m[48;2;124;105;190m▀[0m[38;2;124;105;190m[48;2;124;105;190m▀[0m[38;2;0;0;0m[48;2;0;0;0m▀[0m    
         [38;2;0;0;0m▀[38;2;213;213;213m[48;2;0;0;0m▀[0m[38;2;213;213;213m[48;2;0;0;0m▀[0m[38;2;213;213;213m[48;2;0;0;0m▀[0m[38;2;0;0;0m▀[38;2;0;0;0m▀[38;2;0;0;0m▀      [38;2;0;0;0m▀[38;2;124;105;190m[48;2;0;0;0m▀[0m[38;2;95;76;161m[48;2;124;105;190m▀[0m[38;2;95;76;161m[48;2;124;105;190m▀[0m[38;2;95;76;161m[48;2;124;105;190m▀[0m[38;2;124;105;190m[48;2;124;105;190m▀[0m[38;2;124;105;190m[48;2;124;105;190m▀[0m[38;2;124;105;190m[48;2;95;76;161m▀[0m[38;2;0;0;0m[48;2;0;0;0m▀[0m     
                      [38;2;0;0;0m▀[38;2;255;255;255m[48;2;0;0;0m▀[0m[38;2;95;76;161m[48;2;0;0;0m▀[0m[38;2;95;76;161m[48;2;255;255;255m▀[0m[38;2;95;76;161m[48;2;255;255;255m▀[0m[38;2;95;76;161m[48;2;255;255;255m▀[0m[38;2;95;76;161m[48;2;0;0;0m▀[0m[38;2;255;255;255m[48;2;0;0;0m▀[0m[38;2;255;255;255m[48;2;0;0;0m▀[0m[38;2;0;0;0m▀    
                         [38;2;0;0;0m▀[38;2;255;255;255m[48;2;0;0;0m▀[0m[38;2;0;0;0m▀        
                                     [0m                                     