        [38;2;0;0;0m▄[38;2;0;0;0m▄[38;2;0;0;0m[48;2;255;185;178m▀[0m[38;2;8;3;0m[48;2;255;179;170m▀[0m[38;2;8;3;0m[48;2;172;120;113m▀[0m[38;2;0;0;0m▄[38;2;0;0;0m▄                    
       [38;2;0;0;0m[48;2;0;0;0m▀[0m[38;2;255;195;194m[48;2;255;195;194m▀[0m[38;2;254;207;208m[48;2;254;207;208m▀[0m[38;2;254;207;208m[48;2;255;185;178m▀[0m[38;2;254;178;176m[48;2;254;178;176m▀[0m[38;2;254;178;176m[48;2;254;178;176m▀[0m[38;2;209;129;105m[48;2;255;185;178m▀[0m[38;2;255;185;178m[48;2;209;129;105m▀[0m[38;2;0;0;0m[48;2;205;128;105m▀[0m[38;2;0;0;0m▄[38;2;0;0;0m▄[38;2;0;0;0m▄  [38;2;0;0;0m▄[38;2;0;0;0m▄[38;2;0;0;0m[48;2;255;206;206m▀[0m[38;2;0;0;0m[48;2;255;206;206m▀[0m[38;2;0;0;0m[48;2;255;185;178m▀[0m[38;2;0;0;0m▄[38;2;0;0;0m▄       
      [38;2;0;0;0m[48;2;0;0;0m▀[0m[38;2;255;185;178m[48;2;209;129;105m▀[0m[38;2;255;185;178m[48;2;255;185;178m▀[0m[38;2;254;178;176m[48;2;254;178;176m▀[0m[38;2;254;178;176m[48;2;254;178;176m▀[0m[38;2;241;181;175m[48;2;213;131;105m▀[0m[38;2;213;131;105m[48;2;255;210;215m▀[0m[38;2;209;126;103m[48;2;255;206;206m▀[0m[38;2;255;206;206m[48;2;255;206;206m▀[0m[38;2;254;207;208m[48;2;254;207;208m▀[0m[38;2;254;207;208m[48;2;254;207;208m▀[0m[38;2;241;181;175m[48;2;255;210;215m▀[0m[38;2;213;131;105m[48;2;241;181;175m▀[0m[38;2;8;3;0m[48;2;255;179;170m▀[0m[38;2;8;3;0m[48;2;172;120;113m▀[0m[38;2;213;131;105m[48;2;241;181;175m▀[0m[38;2;255;210;215m[48;2;241;181;175m▀[0m[38;2;254;207;208m[48;2;254;207;208m▀[0m[38;2;254;207;208m[48;2;254;207;208m▀[0m[38;2;255;206;206m[48;2;254;178;176m▀[0m[38;2;254;178;176m[48;2;254;178;176m▀[0m[38;2;82;61;59m[48;2;246;182;178m▀[0m[38;2;0;0;0m[48;2;0;0;0m▀[0m      
     [38;2;0;0;0m▄[38;2;0;0;0m[48;2;255;185;178m▀[0m[38;2;255;185;178m[48;2;255;185;178m▀[0m[38;2;255;185;178m[48;2;209;129;105m▀[0m[38;2;254;178;176m[48;2;254;178;176m▀[0m[38;2;254;178;176m[48;2;254;178;176m▀[0m[38;2;254;178;176m[48;2;254;178;176m▀[0m[38;2;254;178;176m[48;2;254;178;176m▀[0m[38;2;255;206;206m[48;2;254;178;176m▀[0m[38;2;255;206;206m[48;2;254;178;176m▀[0m[38;2;255;206;206m[48;2;254;178;176m▀[0m[38;2;255;206;206m[48;2;254;178;176m▀[0m[38;2;254;178;176m[48;2;254;178;176m▀[0m[38;2;254;178;176m[48;2;254;178;176m▀[0m[38;2;254;178;176m[48;2;254;178;176m▀[0m[38;2;254;178;176m[48;2;254;178;176m▀[0m[38;2;254;178;176m[48;2;254;178;176m▀[0m[38;2;254;178;176m[48;2;254;178;176m▀[0m[38;2;254;178;176m[48;2;254;178;176m▀[0m[38;2;254;178;176m[48;2;254;178;176m▀[0m[38;2;254;178;176m[48;2;254;178;176m▀[0m[38;2;254;178;176m[48;2;254;178;176m▀[0m[38;2;255;185;178m[48;2;255;185;178m▀[0m[38;2;255;185;178m[48;2;208;171;179m▀[0m[38;2;0;0;0m[48;2;0;0;0m▀[0m     
     [38;2;0;0;0m▀[38;2;255;185;178m[48;2;0;0;0m▀[0m[38;2;254;178;176m[48;2;254;178;176m▀[0m[38;2;254;178;176m[48;2;254;178;176m▀[0m[38;2;209;129;105m[48;2;209;129;105m▀[0m[38;2;255;185;178m[48;2;255;185;178m▀[0m[38;2;255;222;227m[48;2;172;151;154m▀[0m[38;2;255;222;227m[48;2;8;8;8m▀[0m[38;2;254;178;176m[48;2;254;178;176m▀[0m[38;2;254;178;176m[48;2;254;178;176m▀[0m[38;2;254;178;176m[48;2;255;255;255m▀[0m[38;2;254;178;176m[48;2;254;178;176m▀[0m[38;2;254;178;176m[48;2;254;178;176m▀[0m[38;2;254;178;176m[48;2;254;178;176m▀[0m[38;2;254;178;176m[48;2;254;178;176m▀[0m[38;2;254;178;176m[48;2;254;178;176m▀[0m[38;2;255;185;178m[48;2;209;129;105m▀[0m[38;2;255;185;178m[48;2;209;129;105m▀[0m[38;2;255;185;178m[48;2;255;185;178m▀[0m[38;2;209;129;105m[48;2;255;185;178m▀[0m[38;2;246;182;184m[48;2;197;124;109m▀[0m[38;2;246;182;184m[48;2;230;160;157m▀[0m[38;2;205;170;177m[48;2;205;170;177m▀[0m[38;2;205;170;177m[48;2;65;64;65m▀[0m[38;2;68;60;62m[48;2;205;174;187m▀[0m[38;2;0;4;1m[48;2;0;4;1m▀[0m    
   [38;2;0;0;0m▄[38;2;0;0;0m[48;2;255;255;255m▀[0m[38;2;0;0;0m▄ [38;2;8;3;0m[48;2;8;3;0m▀[0m[38;2;172;120;113m[48;2;255;179;170m▀[0m[38;2;254;178;176m[48;2;254;178;176m▀[0m[38;2;254;178;176m[48;2;254;178;176m▀[0m[38;2;255;185;178m[48;2;255;185;178m▀[0m[38;2;65;64;65m[48;2;255;185;178m▀[0m[38;2;254;178;176m[48;2;254;178;176m▀[0m[38;2;254;178;176m[48;2;254;178;176m▀[0m[38;2;0;4;1m[48;2;76;60;60m▀[0m[38;2;230;174;178m[48;2;230;174;178m▀[0m[38;2;254;178;176m[48;2;254;178;176m▀[0m[38;2;254;178;176m[48;2;254;178;176m▀[0m[38;2;255;185;178m[48;2;255;185;178m▀[0m[38;2;209;129;105m[48;2;209;129;105m▀[0m[38;2;254;178;176m[48;2;254;178;176m▀[0m[38;2;254;178;176m[48;2;254;178;176m▀[0m[38;2;205;128;105m[48;2;205;169;179m▀[0m[38;2;205;169;179m[48;2;205;169;179m▀[0m[38;2;178;126;125m[48;2;74;60;60m▀[0m[38;2;230;158;157m[48;2;74;60;60m▀[0m[38;2;205;170;177m[48;2;65;64;65m▀[0m[38;2;205;170;177m[48;2;205;170;177m▀[0m[38;2;205;170;177m[48;2;0;0;0m▀[0m[38;2;0;0;0m▀    
   [38;2;0;0;0m[48;2;0;0;0m▀[0m[38;2;238;238;238m[48;2;238;238;238m▀[0m[38;2;255;255;255m[48;2;255;255;255m▀[0m[38;2;0;0;0m[48;2;255;255;255m▀[0m[38;2;255;185;178m[48;2;65;64;65m▀[0m[38;2;255;185;178m[48;2;255;185;178m▀[0m[38;2;254;178;176m[48;2;254;178;176m▀[0m[38;2;254;178;176m[48;2;254;178;176m▀[0m[38;2;255;185;178m[48;2;255;185;178m▀[0m[38;2;209;129;105m[48;2;255;185;178m▀[0m[38;2;255;185;178m[48;2;209;129;105m▀[0m[38;2;255;185;178m[48;2;209;129;105m▀[0m[38;2;255;185;178m[48;2;209;129;105m▀[0m[38;2;255;185;178m[48;2;255;185;178m▀[0m[38;2;254;178;176m[48;2;254;178;176m▀[0m[38;2;254;178;176m[48;2;254;178;176m▀[0m[38;2;255;185;178m[48;2;255;185;178m▀[0m[38;2;209;129;105m[48;2;255;185;178m▀[0m[38;2;178;126;125m[48;2;74;60;60m▀[0m[38;2;230;158;157m[48;2;74;60;60m▀[0m[38;2;205;170;177m[48;2;65;64;65m▀[0m[38;2;65;64;65m[48;2;205;170;177m▀[0m[38;2;208;169;178m[48;2;208;169;178m▀[0m[38;2;208;169;178m[48;2;208;169;178m▀[0m[38;2;205;170;177m[48;2;205;170;177m▀[0m[38;2;0;0;0m[48;2;0;0;0m▀[0m      
   [38;2;0;0;0m▄[38;2;0;0;0m[48;2;65;64;65m▀[0m[38;2;255;255;255m[48;2;220;224;217m▀[0m[38;2;255;255;255m[48;2;255;255;255m▀[0m[38;2;74;66;64m[48;2;255;246;252m▀[0m[38;2;194;186;188m[48;2;74;66;64m▀[0m[38;2;254;178;176m[48;2;254;178;176m▀[0m[38;2;254;178;176m[48;2;254;178;176m▀[0m[38;2;254;178;176m[48;2;254;178;176m▀[0m[38;2;254;178;176m[48;2;254;178;176m▀[0m[38;2;254;178;176m[48;2;254;178;176m▀[0m[38;2;254;178;176m[48;2;254;178;176m▀[0m[38;2;254;178;176m[48;2;254;178;176m▀[0m[38;2;254;178;176m[48;2;254;178;176m▀[0m[38;2;254;178;176m[48;2;254;178;176m▀[0m[38;2;254;178;176m[48;2;254;178;176m▀[0m[38;2;255;185;178m[48;2;255;185;178m▀[0m[38;2;255;185;178m[48;2;65;64;65m▀[0m[38;2;255;185;178m[48;2;65;64;65m▀[0m[38;2;255;185;178m[48;2;65;64;65m▀[0m[38;2;65;64;65m[48;2;255;255;255m▀[0m[38;2;65;64;65m[48;2;255;255;255m▀[0m[38;2;65;60;63m[48;2;255;246;252m▀[0m[38;2;191;184;189m[48;2;65;60;63m▀[0m[38;2;208;169;178m[48;2;208;169;178m▀[0m[38;2;208;169;178m[48;2;208;169;178m▀[0m[38;2;0;0;0m[48;2;0;0;0m▀[0m     
   [38;2;0;0;0m▀[38;2;222;222;222m[48;2;0;0;0m▀[0m[38;2;238;211;202m[48;2;135;143;148m▀[0m[38;2;135;143;148m[48;2;238;211;202m▀[0m[38;2;152;127;131m[48;2;246;182;184m▀[0m[38;2;57;66;74m[48;2;246;182;184m▀[0m[38;2;255;185;178m[48;2;65;64;65m▀[0m[38;2;255;185;178m[48;2;255;185;178m▀[0m[38;2;254;178;176m[48;2;254;178;176m▀[0m[38;2;254;178;176m[48;2;254;178;176m▀[0m[38;2;254;178;176m[48;2;254;178;176m▀[0m[38;2;254;178;176m[48;2;254;178;176m▀[0m[38;2;254;178;176m[48;2;254;178;176m▀[0m[38;2;254;178;176m[48;2;254;178;176m▀[0m[38;2;255;185;178m[48;2;255;185;178m▀[0m[38;2;255;185;178m[48;2;65;64;65m▀[0m[38;2;65;64;65m[48;2;255;255;255m▀[0m[38;2;255;255;255m[48;2;255;255;255m▀[0m[38;2;255;255;255m[48;2;255;255;255m▀[0m[38;2;255;255;255m[48;2;255;255;255m▀[0m[38;2;255;255;255m[48;2;255;255;255m▀[0m[38;2;255;255;255m[48;2;255;255;255m▀[0m[38;2;255;246;252m[48;2;65;60;63m▀[0m[38;2;65;60;63m[48;2;191;184;189m▀[0m[38;2;208;169;178m[48;2;208;169;178m▀[0m[38;2;208;169;178m[48;2;208;169;178m▀[0m[38;2;205;170;177m[48;2;205;170;177m▀[0m[38;2;0;0;0m[48;2;0;0;0m▀[0m    
    [38;2;0;0;0m▄[38;2;0;0;0m[48;2;238;204;198m▀[0m[38;2;238;204;198m[48;2;79;68;66m▀[0m[38;2;254;178;176m[48;2;254;178;176m▀[0m[38;2;254;178;176m[48;2;254;178;176m▀[0m[38;2;65;65;74m[48;2;65;65;74m▀[0m[38;2;128;128;134m[48;2;255;255;255m▀[0m[38;2;140;139;148m[48;2;255;234;239m▀[0m[38;2;216;203;209m[48;2;140;139;148m▀[0m[38;2;255;185;178m[48;2;135;141;148m▀[0m[38;2;255;185;178m[48;2;255;185;178m▀[0m[38;2;255;185;178m[48;2;65;64;65m▀[0m[38;2;255;185;178m[48;2;65;64;65m▀[0m[38;2;65;64;65m[48;2;255;185;178m▀[0m[38;2;65;64;65m[48;2;255;185;178m▀[0m[38;2;140;139;148m[48;2;216;203;209m▀[0m[38;2;255;234;239m[48;2;140;139;148m▀[0m[38;2;255;255;255m[48;2;255;255;255m▀[0m[38;2;255;255;255m[48;2;220;224;217m▀[0m[38;2;143;143;143m[48;2;222;222;222m▀[0m[38;2;65;64;65m[48;2;222;222;222m▀[0m[38;2;205;170;177m[48;2;65;64;65m▀[0m[38;2;205;170;177m[48;2;205;170;177m▀[0m[38;2;208;169;178m[48;2;208;169;178m▀[0m[38;2;208;169;178m[48;2;255;255;255m▀[0m[38;2;205;186;199m[48;2;137;125;133m▀[0m[38;2;0;4;1m[48;2;0;4;1m▀[0m    
 [38;2;0;0;0m▄[38;2;0;0;0m[48;2;222;222;222m▀[0m[38;2;0;0;0m[48;2;219;222;213m▀[0m[38;2;219;222;213m[48;2;73;74;71m▀[0m[38;2;134;139;150m[48;2;222;222;222m▀[0m[38;2;222;222;222m[48;2;222;222;222m▀[0m[38;2;65;64;65m[48;2;65;64;65m▀[0m[38;2;65;64;65m[48;2;255;255;255m▀[0m[38;2;255;255;255m[48;2;255;255;255m▀[0m[38;2;255;255;255m[48;2;255;255;255m▀[0m[38;2;255;255;255m[48;2;255;255;255m▀[0m[38;2;255;255;255m[48;2;255;255;255m▀[0m[38;2;128;128;134m[48;2;255;255;255m▀[0m[38;2;65;65;74m[48;2;65;65;74m▀[0m[38;2;255;185;178m[48;2;209;129;105m▀[0m[38;2;255;185;178m[48;2;255;185;178m▀[0m[38;2;254;178;176m[48;2;254;178;176m▀[0m[38;2;254;178;176m[48;2;254;178;176m▀[0m[38;2;246;187;186m[48;2;57;67;68m▀[0m[38;2;152;127;127m[48;2;57;67;68m▀[0m[38;2;222;222;222m[48;2;65;64;65m▀[0m[38;2;222;222;222m[48;2;65;64;65m▀[0m[38;2;238;238;238m[48;2;65;64;65m▀[0m[38;2;65;64;65m[48;2;238;238;238m▀[0m[38;2;208;169;178m[48;2;255;255;255m▀[0m[38;2;255;255;255m[48;2;255;255;255m▀[0m[38;2;255;255;255m[48;2;135;141;148m▀[0m[38;2;255;255;255m[48;2;135;141;148m▀[0m[38;2;255;255;255m[48;2;255;255;255m▀[0m[38;2;255;255;255m[48;2;255;255;255m▀[0m[38;2;0;0;0m[48;2;255;255;255m▀[0m[38;2;0;0;0m[48;2;255;255;255m▀[0m[38;2;0;0;0m▄ 
  [38;2;0;0;0m▀[38;2;0;0;0m▀[38;2;222;222;222m[48;2;0;0;0m▀[0m[38;2;219;222;213m[48;2;0;0;0m▀[0m[38;2;73;74;71m[48;2;0;0;0m▀[0m[38;2;98;62;52m[48;2;150;124;118m▀[0m[38;2;255;250;253m[48;2;255;250;253m▀[0m[38;2;255;255;255m[48;2;255;255;255m▀[0m[38;2;255;255;255m[48;2;255;255;255m▀[0m[38;2;255;255;255m[48;2;255;255;255m▀[0m[38;2;255;255;255m[48;2;255;255;255m▀[0m[38;2;222;222;222m[48;2;222;222;222m▀[0m[38;2;222;222;222m[48;2;205;128;105m▀[0m[38;2;74;61;56m[48;2;164;148;145m▀[0m[38;2;74;61;56m[48;2;255;237;234m▀[0m[38;2;65;64;65m[48;2;255;255;255m▀[0m[38;2;65;64;65m[48;2;255;255;255m▀[0m[38;2;208;169;178m[48;2;255;255;255m▀[0m[38;2;255;255;255m[48;2;255;255;255m▀[0m[38;2;255;255;255m[48;2;135;141;148m▀[0m[38;2;255;255;255m[48;2;255;255;255m▀[0m[38;2;255;255;255m[48;2;255;255;255m▀[0m[38;2;255;255;255m[48;2;135;141;148m▀[0m[38;2;255;255;255m[48;2;135;141;148m▀[0m[38;2;255;255;255m[48;2;135;141;148m▀[0m[38;2;255;255;255m[48;2;255;255;255m▀[0m[38;2;255;255;255m[48;2;255;255;255m▀[0m[38;2;159;159;164m[48;2;238;239;246m▀[0m[38;2;79;79;82m[48;2;0;0;0m▀[0m[38;2;0;0;0m▀[38;2;0;0;0m▀  
       [38;2;8;3;0m[48;2;8;3;0m▀[0m[38;2;172;120;113m[48;2;255;179;170m▀[0m[38;2;255;255;255m[48;2;205;128;105m▀[0m[38;2;255;255;255m[48;2;205;128;105m▀[0m[38;2;246;252;255m[48;2;205;128;105m▀[0m[38;2;233;211;205m[48;2;205;128;105m▀[0m[38;2;205;128;105m[48;2;205;169;179m▀[0m[38;2;205;169;179m[48;2;205;169;179m▀[0m[38;2;205;135;109m[48;2;233;213;206m▀[0m[38;2;246;252;255m[48;2;233;213;206m▀[0m[38;2;255;255;255m[48;2;220;224;217m▀[0m[38;2;220;224;217m[48;2;220;224;217m▀[0m[38;2;139;142;148m[48;2;216;217;219m▀[0m[38;2;255;255;255m[48;2;139;142;148m▀[0m[38;2;255;255;255m[48;2;139;142;148m▀[0m[38;2;139;142;148m[48;2;216;217;219m▀[0m[38;2;255;255;255m[48;2;135;141;148m▀[0m[38;2;255;255;255m[48;2;135;141;148m▀[0m[38;2;134;139;150m[48;2;222;222;222m▀[0m[38;2;222;222;222m[48;2;222;222;222m▀[0m[38;2;73;74;71m[48;2;219;222;213m▀[0m[38;2;73;74;71m[48;2;0;0;0m▀[0m[38;2;0;0;0m▀     
        [38;2;0;0;0m▀[38;2;238;174;176m[48;2;0;0;0m▀[0m[38;2;238;174;176m[48;2;238;174;176m▀[0m[38;2;208;169;178m[48;2;208;169;178m▀[0m[38;2;208;169;178m[48;2;208;169;178m▀[0m[38;2;200;172;168m[48;2;106;70;60m▀[0m[38;2;153;121;114m[48;2;246;222;222m▀[0m[38;2;221;223;219m[48;2;221;223;219m▀[0m[38;2;221;223;219m[48;2;221;223;219m▀[0m[38;2;221;223;219m[48;2;221;223;219m▀[0m[38;2;221;223;219m[48;2;221;223;219m▀[0m[38;2;221;223;219m[48;2;221;223;219m▀[0m[38;2;221;223;219m[48;2;221;223;219m▀[0m[38;2;221;223;219m[48;2;221;223;219m▀[0m[38;2;221;223;219m[48;2;221;223;219m▀[0m[38;2;221;223;219m[48;2;221;223;219m▀[0m[38;2;221;223;219m[48;2;221;223;219m▀[0m[38;2;222;222;222m[48;2;0;0;0m▀[0m[38;2;222;222;222m[48;2;0;0;0m▀[0m[38;2;0;0;0m▀       
         [38;2;0;0;0m▄[38;2;0;0;0m[48;2;156;84;64m▀[0m[38;2;65;64;65m[48;2;205;170;177m▀[0m[38;2;65;64;65m[48;2;205;170;177m▀[0m[38;2;222;222;222m[48;2;0;0;0m▀[0m[38;2;222;222;222m[48;2;0;0;0m▀[0m[38;2;221;223;219m[48;2;221;223;219m▀[0m[38;2;221;223;219m[48;2;221;223;219m▀[0m[38;2;221;223;219m[48;2;221;223;219m▀[0m[38;2;221;223;219m[48;2;221;223;219m▀[0m[38;2;222;222;222m[48;2;222;222;222m▀[0m[38;2;222;222;222m[48;2;65;64;65m▀[0m[38;2;222;222;222m[48;2;65;64;65m▀[0m[38;2;222;222;222m[48;2;65;64;65m▀[0m[38;2;65;64;65m[48;2;0;0;0m▀[0m[38;2;0;0;0m▀          
        [38;2;0;0;0m▀[38;2;205;170;177m[48;2;0;0;0m▀[0m[38;2;205;170;177m[48;2;0;0;0m▀[0m[38;2;205;170;177m[48;2;0;0;0m▀[0m[38;2;205;170;177m[48;2;0;0;0m▀[0m[38;2;205;170;177m[48;2;0;0;0m▀[0m[38;2;205;170;177m[48;2;0;0;0m▀[0m[38;2;0;0;0m▀[38;2;0;0;0m▀[38;2;0;0;0m▀[38;2;0;0;0m▀[38;2;71;49;50m[48;2;0;0;0m▀[0m[38;2;142;99;101m[48;2;213;149;151m▀[0m[38;2;208;171;179m[48;2;255;185;178m▀[0m[38;2;208;171;179m[48;2;255;185;178m▀[0m[38;2;119;83;80m[48;2;230;165;161m▀[0m[38;2;8;3;0m[48;2;8;3;0m▀[0m          
                    [38;2;0;0;0m▀[38;2;0;0;0m▀[38;2;0;0;0m▀[38;2;0;0;0m▀           
                                     [0m                                     