            [38;2;0;0;0m▄[38;2;0;0;0m[48;2;176;122;213m▀[0m[38;2;0;0;0m[48;2;138;84;175m▀[0m[38;2;0;0;0m▄          
        [38;2;0;0;0m▄[38;2;0;0;0m[48;2;4;209;202m▀[0m[38;2;0;0;0m[48;2;4;209;202m▀[0m[38;2;0;0;0m▄[38;2;0;0;0m[48;2;176;122;213m▀[0m[38;2;176;122;213m[48;2;176;122;213m▀[0m[38;2;138;84;175m[48;2;138;84;175m▀[0m[38;2;0;0;0m[48;2;138;84;175m▀[0m[38;2;0;0;0m▄         
    [38;2;0;0;0m▄[38;2;0;0;0m[48;2;4;209;202m▀[0m[38;2;0;0;0m[48;2;4;209;202m▀[0m[38;2;0;0;0m▄[38;2;0;0;0m[48;2;99;55;129m▀[0m[38;2;4;209;202m[48;2;138;84;175m▀[0m[38;2;99;55;129m[48;2;138;84;175m▀[0m[38;2;65;65;65m[48;2;65;65;65m▀[0m[38;2;176;122;213m[48;2;176;122;213m▀[0m[38;2;138;84;175m[48;2;138;84;175m▀[0m[38;2;138;84;175m[48;2;138;84;175m▀[0m[38;2;138;84;175m[48;2;65;65;65m▀[0m[38;2;0;0;0m[48;2;4;209;202m▀[0m[38;2;0;0;0m[48;2;4;209;202m▀[0m[38;2;0;0;0m▄       
    [38;2;0;0;0m▀[38;2;11;170;176m[48;2;0;0;0m▀[0m[38;2;4;209;202m[48;2;11;170;176m▀[0m[38;2;11;170;176m[48;2;99;55;129m▀[0m[38;2;138;84;175m[48;2;176;122;213m▀[0m[38;2;176;122;213m[48;2;176;122;213m▀[0m[38;2;65;65;65m[48;2;65;65;65m▀[0m[38;2;176;122;213m[48;2;176;122;213m▀[0m[38;2;176;122;213m[48;2;138;84;175m▀[0m[38;2;138;84;175m[48;2;138;84;175m▀[0m[38;2;65;65;65m[48;2;65;65;65m▀[0m[38;2;176;122;213m[48;2;176;122;213m▀[0m[38;2;4;209;202m[48;2;138;84;175m▀[0m[38;2;11;170;176m[48;2;138;84;175m▀[0m[38;2;0;0;0m[48;2;0;0;0m▀[0m       
  [38;2;0;0;0m▄[38;2;0;0;0m[48;2;176;122;213m▀[0m[38;2;0;0;0m[48;2;176;122;213m▀[0m[38;2;99;55;129m[48;2;65;65;65m▀[0m[38;2;99;55;129m[48;2;138;84;175m▀[0m[38;2;176;122;213m[48;2;176;122;213m▀[0m[38;2;176;122;213m[48;2;176;122;213m▀[0m[38;2;138;84;175m[48;2;221;124;32m▀[0m[38;2;65;65;65m[48;2;0;0;0m▀[0m[38;2;138;84;175m[48;2;138;84;175m▀[0m[38;2;138;84;175m[48;2;138;84;175m▀[0m[38;2;65;65;65m[48;2;65;65;65m▀[0m[38;2;176;122;213m[48;2;176;122;213m▀[0m[38;2;176;122;213m[48;2;176;122;213m▀[0m[38;2;176;122;213m[48;2;138;84;175m▀[0m[38;2;176;122;213m[48;2;176;122;213m▀[0m[38;2;138;84;175m[48;2;138;84;175m▀[0m[38;2;0;0;0m[48;2;11;170;176m▀[0m[38;2;0;0;0m[48;2;4;209;202m▀[0m[38;2;0;0;0m[48;2;4;209;202m▀[0m[38;2;0;0;0m▄   
 [38;2;0;0;0m[48;2;0;0;0m▀[0m[38;2;176;122;213m[48;2;176;122;213m▀[0m[38;2;176;122;213m[48;2;176;122;213m▀[0m[38;2;176;122;213m[48;2;138;84;175m▀[0m[38;2;65;65;65m[48;2;99;55;129m▀[0m[38;2;99;55;129m[48;2;65;65;65m▀[0m[38;2;99;55;129m[48;2;99;55;129m▀[0m[38;2;138;84;175m[48;2;99;55;129m▀[0m[38;2;221;124;32m[48;2;99;55;129m▀[0m[38;2;0;0;0m[48;2;255;200;104m▀[0m[38;2;138;84;175m[48;2;138;84;175m▀[0m[38;2;0;0;0m[48;2;0;0;0m▀[0m[38;2;255;200;104m[48;2;255;200;104m▀[0m[38;2;176;122;213m[48;2;138;84;175m▀[0m[38;2;176;122;213m[48;2;176;122;213m▀[0m[38;2;138;84;175m[48;2;176;122;213m▀[0m[38;2;138;84;175m[48;2;176;122;213m▀[0m[38;2;176;122;213m[48;2;176;122;213m▀[0m[38;2;11;170;176m[48;2;99;55;129m▀[0m[38;2;4;209;202m[48;2;11;170;176m▀[0m[38;2;11;170;176m[48;2;0;0;0m▀[0m[38;2;0;0;0m▀   
 [38;2;0;0;0m▀[38;2;99;55;129m[48;2;0;0;0m▀[0m[38;2;138;84;175m[48;2;99;55;129m▀[0m[38;2;99;55;129m[48;2;99;55;129m▀[0m[38;2;99;55;129m[48;2;99;55;129m▀[0m[38;2;65;65;65m[48;2;0;0;0m▀[0m[38;2;99;55;129m[48;2;4;209;202m▀[0m[38;2;4;209;202m[48;2;4;209;202m▀[0m[38;2;99;55;129m[48;2;99;55;129m▀[0m[38;2;99;55;129m[48;2;99;55;129m▀[0m[38;2;65;65;65m[48;2;99;55;129m▀[0m[38;2;255;200;104m[48;2;99;55;129m▀[0m[38;2;99;55;129m[48;2;99;55;129m▀[0m[38;2;99;55;129m[48;2;99;55;129m▀[0m[38;2;138;84;175m[48;2;99;55;129m▀[0m[38;2;176;122;213m[48;2;99;55;129m▀[0m[38;2;176;122;213m[48;2;99;55;129m▀[0m[38;2;138;84;175m[48;2;99;55;129m▀[0m[38;2;99;55;129m[48;2;65;65;65m▀[0m[38;2;65;65;65m[48;2;176;122;213m▀[0m[38;2;0;0;0m[48;2;176;122;213m▀[0m[38;2;0;0;0m[48;2;176;122;213m▀[0m[38;2;0;0;0m▄  
  [38;2;0;0;0m▀[38;2;4;209;202m[48;2;0;0;0m▀[0m[38;2;11;170;176m[48;2;11;170;176m▀[0m[38;2;0;0;0m[48;2;0;0;0m▀[0m[38;2;0;0;0m▀[38;2;11;170;176m[48;2;0;0;0m▀[0m[38;2;4;209;202m[48;2;0;0;0m▀[0m[38;2;0;0;0m▀[38;2;0;0;0m[48;2;0;0;0m▀[0m[38;2;4;209;202m[48;2;4;209;202m▀[0m[38;2;99;55;129m[48;2;11;170;176m▀[0m[38;2;99;55;129m[48;2;0;0;0m▀[0m[38;2;4;209;202m[48;2;4;209;202m▀[0m[38;2;99;55;129m[48;2;4;209;202m▀[0m[38;2;99;55;129m[48;2;0;0;0m▀[0m[38;2;99;55;129m[48;2;0;0;0m▀[0m[38;2;99;55;129m[48;2;0;0;0m▀[0m[38;2;65;65;65m[48;2;176;122;213m▀[0m[38;2;176;122;213m[48;2;176;122;213m▀[0m[38;2;176;122;213m[48;2;176;122;213m▀[0m[38;2;176;122;213m[48;2;176;122;213m▀[0m[38;2;138;84;175m[48;2;138;84;175m▀[0m[38;2;0;0;0m[48;2;0;0;0m▀[0m 
    [38;2;0;0;0m▀[38;2;0;0;0m▀     [38;2;0;0;0m▀[38;2;0;0;0m▀[38;2;0;0;0m▀[38;2;4;209;202m[48;2;0;0;0m▀[0m[38;2;11;170;176m[48;2;0;0;0m▀[0m[38;2;0;0;0m▀ [38;2;0;0;0m▀[38;2;138;84;175m[48;2;0;0;0m▀[0m[38;2;176;122;213m[48;2;99;55;129m▀[0m[38;2;138;84;175m[48;2;99;55;129m▀[0m[38;2;99;55;129m[48;2;99;55;129m▀[0m[38;2;99;55;129m[48;2;0;0;0m▀[0m[38;2;0;0;0m▀ 
                   [38;2;0;0;0m▀[38;2;99;55;129m[48;2;0;0;0m▀[0m[38;2;4;209;202m[48;2;4;209;202m▀[0m[38;2;11;170;176m[48;2;0;0;0m▀[0m[38;2;0;0;0m▀  
                                 [38;2;0;0;0m▀[38;2;0;0;0m▀                 
                                     [0m                                     