      [38;2;0;0;0m▄[38;2;0;0;0m[48;2;190;175;246m▀[0m[38;2;0;0;0m[48;2;190;175;246m▀[0m[38;2;0;0;0m▄        
      [38;2;0;0;0m▀[38;2;190;175;246m[48;2;0;0;0m▀[0m[38;2;190;175;246m[48;2;190;175;246m▀[0m[38;2;190;175;246m[48;2;190;175;246m▀[0m[38;2;0;0;0m[48;2;0;0;0m▀[0m       
  [38;2;0;0;0m▄[38;2;0;0;0m[48;2;190;175;246m▀[0m[38;2;0;0;0m[48;2;190;175;246m▀[0m[38;2;0;0;0m[48;2;190;175;246m▀[0m[38;2;0;0;0m▄[38;2;0;0;0m[48;2;0;0;0m▀[0m[38;2;190;175;246m[48;2;135;119;193m▀[0m[38;2;135;119;193m[48;2;0;0;0m▀[0m[38;2;0;0;0m▀[38;2;0;0;0m▄[38;2;0;0;0m▄[38;2;0;0;0m▄    
 [38;2;0;0;0m▀[38;2;190;175;246m[48;2;0;0;0m▀[0m[38;2;190;175;246m[48;2;0;0;0m▀[0m[38;2;190;175;246m[48;2;65;65;65m▀[0m[38;2;190;175;246m[48;2;65;65;65m▀[0m[38;2;135;119;193m[48;2;190;175;246m▀[0m[38;2;65;65;65m[48;2;190;175;246m▀[0m[38;2;135;119;193m[48;2;190;175;246m▀[0m[38;2;0;0;0m[48;2;65;65;65m▀[0m[38;2;0;0;0m[48;2;190;175;246m▀[0m[38;2;190;175;246m[48;2;190;175;246m▀[0m[38;2;190;175;246m[48;2;190;175;246m▀[0m[38;2;190;175;246m[48;2;190;175;246m▀[0m[38;2;0;0;0m[48;2;190;175;246m▀[0m[38;2;0;0;0m[48;2;135;119;193m▀[0m[38;2;0;0;0m▄ 
   [38;2;0;0;0m▄[38;2;0;0;0m[48;2;255;246;0m▀[0m[38;2;190;175;246m[48;2;65;65;65m▀[0m[38;2;190;175;246m[48;2;65;65;65m▀[0m[38;2;190;175;246m[48;2;65;65;65m▀[0m[38;2;65;65;65m[48;2;189;74;123m▀[0m[38;2;189;74;123m[48;2;189;74;123m▀[0m[38;2;65;65;65m[48;2;189;74;123m▀[0m[38;2;190;175;246m[48;2;65;65;65m▀[0m[38;2;190;175;246m[48;2;65;65;65m▀[0m[38;2;190;175;246m[48;2;190;175;246m▀[0m[38;2;190;175;246m[48;2;190;175;246m▀[0m[38;2;190;175;246m[48;2;135;119;193m▀[0m[38;2;0;0;0m[48;2;0;0;0m▀[0m 
  [38;2;0;0;0m▄[38;2;0;0;0m[48;2;222;106;156m▀[0m[38;2;255;246;0m[48;2;222;106;156m▀[0m[38;2;222;106;156m[48;2;65;65;65m▀[0m[38;2;222;106;156m[48;2;65;65;65m▀[0m[38;2;222;106;156m[48;2;222;106;156m▀[0m[38;2;255;246;0m[48;2;255;246;0m▀[0m[38;2;222;106;156m[48;2;222;106;156m▀[0m[38;2;189;74;123m[48;2;189;74;123m▀[0m[38;2;189;74;123m[48;2;189;74;123m▀[0m[38;2;189;74;123m[48;2;189;74;123m▀[0m[38;2;65;65;65m[48;2;189;74;123m▀[0m[38;2;0;0;0m[48;2;0;0;0m▀[0m[38;2;0;0;0m▀  
  [38;2;0;0;0m[48;2;0;0;0m▀[0m[38;2;222;106;156m[48;2;222;106;156m▀[0m[38;2;222;106;156m[48;2;222;106;156m▀[0m[38;2;222;106;156m[48;2;222;106;156m▀[0m[38;2;222;106;156m[48;2;222;106;156m▀[0m[38;2;222;106;156m[48;2;222;106;156m▀[0m[38;2;222;106;156m[48;2;222;106;156m▀[0m[38;2;222;106;156m[48;2;222;106;156m▀[0m[38;2;189;74;123m[48;2;189;74;123m▀[0m[38;2;189;74;123m[48;2;189;74;123m▀[0m[38;2;189;74;123m[48;2;189;74;123m▀[0m[38;2;189;74;123m[48;2;189;74;123m▀[0m[38;2;0;0;0m[48;2;0;0;0m▀[0m   
  [38;2;0;0;0m▀[38;2;65;65;65m[48;2;0;0;0m▀[0m[38;2;222;106;156m[48;2;65;65;65m▀[0m[38;2;222;106;156m[48;2;65;65;65m▀[0m[38;2;222;106;156m[48;2;222;106;156m▀[0m[38;2;222;106;156m[48;2;222;106;156m▀[0m[38;2;222;106;156m[48;2;189;74;123m▀[0m[38;2;189;74;123m[48;2;189;74;123m▀[0m[38;2;189;74;123m[48;2;189;74;123m▀[0m[38;2;189;74;123m[48;2;65;65;65m▀[0m[38;2;189;74;123m[48;2;65;65;65m▀[0m[38;2;65;65;65m[48;2;0;0;0m▀[0m[38;2;0;0;0m▀   
    [38;2;0;0;0m▀[38;2;212;219;152m[48;2;0;0;0m▀[0m[38;2;65;65;65m[48;2;0;0;0m▀[0m[38;2;65;65;65m[48;2;157;164;97m▀[0m[38;2;65;65;65m[48;2;157;164;97m▀[0m[38;2;65;65;65m[48;2;157;164;97m▀[0m[38;2;65;65;65m[48;2;0;0;0m▀[0m[38;2;157;164;97m[48;2;0;0;0m▀[0m[38;2;0;0;0m▀     
                 [38;2;0;0;0m▀[38;2;0;0;0m▀[38;2;0;0;0m▀                   
                                     [0m                                     