     [38;2;0;0;0m▄[38;2;0;0;0m[48;2;161;117;213m▀[0m[38;2;0;0;0m▄              
 [38;2;0;0;0m▄[38;2;0;0;0m[48;2;255;67;86m▀[0m[38;2;0;0;0m[48;2;198;49;46m▀[0m[38;2;0;0;0m▄[38;2;0;0;0m[48;2;161;117;213m▀[0m[38;2;161;117;213m[48;2;161;117;213m▀[0m[38;2;0;0;0m[48;2;161;117;213m▀[0m[38;2;0;0;0m▄  [38;2;0;0;0m▄[38;2;0;0;0m▄[38;2;0;0;0m[48;2;188;135;235m▀[0m[38;2;0;0;0m[48;2;0;0;0m▀[0m  [38;2;0;0;0m▄[38;2;0;0;0m▄   
  [38;2;0;0;0m[48;2;0;0;0m▀[0m[38;2;255;67;86m[48;2;255;67;86m▀[0m[38;2;255;67;86m[48;2;198;49;46m▀[0m[38;2;198;49;46m[48;2;198;49;46m▀[0m[38;2;161;117;213m[48;2;161;117;213m▀[0m[38;2;161;117;213m[48;2;161;117;213m▀[0m[38;2;0;0;0m[48;2;65;65;65m▀[0m[38;2;0;0;0m▄[38;2;0;0;0m[48;2;188;135;235m▀[0m[38;2;188;135;235m[48;2;188;135;235m▀[0m[38;2;188;135;235m[48;2;198;49;46m▀[0m[38;2;161;117;213m[48;2;161;117;213m▀[0m[38;2;0;0;0m[48;2;198;49;46m▀[0m[38;2;0;0;0m[48;2;255;67;86m▀[0m[38;2;0;0;0m[48;2;255;67;86m▀[0m[38;2;255;67;86m[48;2;0;0;0m▀[0m[38;2;0;0;0m▀   
   [38;2;0;0;0m▀[38;2;255;67;86m[48;2;0;0;0m▀[0m[38;2;65;65;65m[48;2;65;65;65m▀[0m[38;2;98;74;149m[48;2;188;135;235m▀[0m[38;2;161;117;213m[48;2;188;135;235m▀[0m[38;2;98;74;149m[48;2;188;135;235m▀[0m[38;2;188;135;235m[48;2;188;135;235m▀[0m[38;2;188;135;235m[48;2;65;65;65m▀[0m[38;2;65;65;65m[48;2;255;67;86m▀[0m[38;2;255;67;86m[48;2;198;49;46m▀[0m[38;2;255;67;86m[48;2;198;49;46m▀[0m[38;2;255;67;86m[48;2;255;67;86m▀[0m[38;2;255;67;86m[48;2;255;67;86m▀[0m[38;2;255;67;86m[48;2;0;0;0m▀[0m[38;2;0;0;0m▀    
  [38;2;0;0;0m▄[38;2;0;0;0m▄[38;2;0;0;0m[48;2;188;135;235m▀[0m[38;2;188;135;235m[48;2;188;135;235m▀[0m[38;2;188;135;235m[48;2;255;255;255m▀[0m[38;2;188;135;235m[48;2;65;65;65m▀[0m[38;2;255;255;255m[48;2;0;0;0m▀[0m[38;2;255;255;255m[48;2;156;148;140m▀[0m[38;2;65;65;65m[48;2;255;255;255m▀[0m[38;2;198;49;46m[48;2;198;49;46m▀[0m[38;2;198;49;46m[48;2;65;65;65m▀[0m[38;2;198;49;46m[48;2;0;0;0m▀[0m[38;2;0;0;0m▀[38;2;0;0;0m▀[38;2;0;0;0m▄[38;2;0;0;0m[48;2;140;90;58m▀[0m[38;2;0;0;0m[48;2;0;0;0m▀[0m   
 [38;2;0;0;0m▀[38;2;255;67;86m[48;2;0;0;0m▀[0m[38;2;188;135;235m[48;2;214;197;181m▀[0m[38;2;188;135;235m[48;2;255;255;255m▀[0m[38;2;161;117;213m[48;2;255;255;255m▀[0m[38;2;65;65;65m[48;2;255;255;255m▀[0m[38;2;198;49;46m[48;2;255;67;86m▀[0m[38;2;255;255;255m[48;2;255;255;255m▀[0m[38;2;156;148;140m[48;2;255;255;255m▀[0m[38;2;255;255;255m[48;2;255;255;255m▀[0m[38;2;255;255;255m[48;2;156;148;140m▀[0m[38;2;255;255;255m[48;2;65;65;65m▀[0m[38;2;0;0;0m[48;2;65;65;65m▀[0m[38;2;0;0;0m▄[38;2;0;0;0m▄[38;2;0;0;0m[48;2;140;90;58m▀[0m[38;2;140;90;58m[48;2;0;0;0m▀[0m[38;2;0;0;0m[48;2;0;0;0m▀[0m   
   [38;2;0;0;0m▀[38;2;0;0;0m▀[38;2;255;255;255m[48;2;0;0;0m▀[0m[38;2;255;255;255m[48;2;65;65;65m▀[0m[38;2;255;255;255m[48;2;115;115;115m▀[0m[38;2;255;255;255m[48;2;156;148;140m▀[0m[38;2;156;148;140m[48;2;255;255;255m▀[0m[38;2;156;148;140m[48;2;214;197;181m▀[0m[38;2;65;65;65m[48;2;65;65;65m▀[0m[38;2;65;65;65m[48;2;188;135;235m▀[0m[38;2;188;135;235m[48;2;188;135;235m▀[0m[38;2;188;135;235m[48;2;188;135;235m▀[0m[38;2;65;65;65m[48;2;188;135;235m▀[0m[38;2;140;90;58m[48;2;188;135;235m▀[0m[38;2;0;0;0m[48;2;0;0;0m▀[0m    
     [38;2;0;0;0m▄[38;2;0;0;0m[48;2;161;117;213m▀[0m[38;2;255;255;255m[48;2;115;115;115m▀[0m[38;2;255;255;255m[48;2;214;197;181m▀[0m[38;2;115;115;115m[48;2;188;135;235m▀[0m[38;2;255;255;255m[48;2;65;65;65m▀[0m[38;2;65;65;65m[48;2;255;255;255m▀[0m[38;2;65;65;65m[48;2;65;65;65m▀[0m[38;2;65;65;65m[48;2;161;117;213m▀[0m[38;2;188;135;235m[48;2;65;65;65m▀[0m[38;2;188;135;235m[48;2;188;135;235m▀[0m[38;2;188;135;235m[48;2;188;135;235m▀[0m[38;2;188;135;235m[48;2;161;117;213m▀[0m[38;2;0;0;0m[48;2;0;0;0m▀[0m   
     [38;2;0;0;0m▄[38;2;0;0;0m[48;2;65;65;65m▀[0m[38;2;188;135;235m[48;2;161;117;213m▀[0m[38;2;188;135;235m[48;2;65;65;65m▀[0m[38;2;188;135;235m[48;2;188;135;235m▀[0m[38;2;65;65;65m[48;2;115;115;115m▀[0m[38;2;255;255;255m[48;2;65;65;65m▀[0m[38;2;115;115;115m[48;2;65;65;65m▀[0m[38;2;65;65;65m[48;2;0;0;0m▀[0m[38;2;0;0;0m[48;2;161;117;213m▀[0m[38;2;161;117;213m[48;2;198;49;46m▀[0m[38;2;161;117;213m[48;2;161;117;213m▀[0m[38;2;198;49;46m[48;2;198;49;46m▀[0m[38;2;161;117;213m[48;2;198;49;46m▀[0m[38;2;0;0;0m[48;2;198;49;46m▀[0m[38;2;0;0;0m▄ 
      [38;2;0;0;0m[48;2;0;0;0m▀[0m[38;2;65;65;65m[48;2;0;0;0m▀[0m[38;2;0;0;0m▀[38;2;65;65;65m[48;2;0;0;0m▀[0m[38;2;65;65;65m[48;2;65;65;65m▀[0m[38;2;65;65;65m[48;2;65;65;65m▀[0m[38;2;0;0;0m[48;2;0;0;0m▀[0m [38;2;0;0;0m▀[38;2;0;0;0m▀[38;2;198;49;46m[48;2;0;0;0m▀[0m[38;2;198;49;46m[48;2;0;0;0m▀[0m[38;2;198;49;46m[48;2;0;0;0m▀[0m[38;2;0;0;0m▀  
          [38;2;0;0;0m[48;2;0;0;0m▀[0m[38;2;65;65;65m[48;2;0;0;0m▀[0m[38;2;0;0;0m▀         
                                     [0m                                     