   [38;2;0;0;0m▄[38;2;0;0;0m▄[38;2;0;0;0m[48;2;181;71;39m▀[0m[38;2;0;0;0m[48;2;232;90;46m▀[0m[38;2;0;0;0m[48;2;232;90;46m▀[0m[38;2;0;0;0m[48;2;232;90;46m▀[0m[38;2;0;0;0m[48;2;181;71;39m▀[0m[38;2;0;0;0m▄[38;2;0;0;0m▄             
 [38;2;0;0;0m▄[38;2;0;0;0m[48;2;232;90;46m▀[0m[38;2;181;71;39m[48;2;236;117;80m▀[0m[38;2;236;117;80m[48;2;236;117;80m▀[0m[38;2;236;117;80m[48;2;236;117;80m▀[0m[38;2;232;90;46m[48;2;232;90;46m▀[0m[38;2;232;90;46m[48;2;232;90;46m▀[0m[38;2;232;90;46m[48;2;232;90;46m▀[0m[38;2;232;90;46m[48;2;232;90;46m▀[0m[38;2;232;90;46m[48;2;232;90;46m▀[0m[38;2;181;71;39m[48;2;232;90;46m▀[0m[38;2;0;0;0m[48;2;181;71;39m▀[0m[38;2;0;0;0m▄           
 [38;2;0;0;0m[48;2;0;0;0m▀[0m[38;2;232;90;46m[48;2;181;71;39m▀[0m[38;2;236;117;80m[48;2;232;90;46m▀[0m[38;2;236;117;80m[48;2;232;90;46m▀[0m[38;2;232;90;46m[48;2;232;90;46m▀[0m[38;2;232;90;46m[48;2;232;90;46m▀[0m[38;2;232;90;46m[48;2;232;90;46m▀[0m[38;2;232;90;46m[48;2;232;90;46m▀[0m[38;2;232;90;46m[48;2;232;90;46m▀[0m[38;2;232;90;46m[48;2;181;71;39m▀[0m[38;2;232;90;46m[48;2;129;56;35m▀[0m[38;2;181;71;39m[48;2;129;56;35m▀[0m[38;2;181;71;39m[48;2;181;71;39m▀[0m[38;2;0;0;0m[48;2;0;0;0m▀[0m          
  [38;2;0;0;0m▀[38;2;181;71;39m[48;2;0;0;0m▀[0m[38;2;232;90;46m[48;2;65;65;65m▀[0m[38;2;232;90;46m[48;2;65;65;65m▀[0m[38;2;232;90;46m[48;2;181;71;39m▀[0m[38;2;232;90;46m[48;2;232;90;46m▀[0m[38;2;232;90;46m[48;2;181;71;39m▀[0m[38;2;181;71;39m[48;2;129;56;35m▀[0m[38;2;221;156;0m[48;2;255;225;116m▀[0m[38;2;255;218;33m[48;2;0;0;0m▀[0m[38;2;221;156;0m[48;2;255;218;33m▀[0m[38;2;129;56;35m[48;2;65;65;65m▀[0m[38;2;181;71;39m[48;2;181;71;39m▀[0m[38;2;0;0;0m[48;2;0;0;0m▀[0m  [38;2;0;0;0m▄[38;2;0;0;0m▄[38;2;0;0;0m[48;2;242;194;115m▀[0m[38;2;0;0;0m▄   
  [38;2;0;0;0m▄[38;2;0;0;0m[48;2;212;164;85m▀[0m[38;2;242;194;115m[48;2;255;255;255m▀[0m[38;2;242;194;115m[48;2;255;221;162m▀[0m[38;2;65;65;65m[48;2;242;194;115m▀[0m[38;2;0;0;0m[48;2;255;255;255m▀[0m[38;2;0;0;0m[48;2;0;0;0m▀[0m[38;2;65;65;65m[48;2;212;164;85m▀[0m[38;2;221;156;0m[48;2;65;65;65m▀[0m[38;2;255;218;33m[48;2;65;65;65m▀[0m[38;2;221;156;0m[48;2;129;56;35m▀[0m[38;2;65;65;65m[48;2;0;0;0m▀[0m[38;2;181;71;39m[48;2;0;0;0m▀[0m[38;2;0;0;0m▀ [38;2;0;0;0m[48;2;0;0;0m▀[0m[38;2;181;71;39m[48;2;129;56;35m▀[0m[38;2;65;65;65m[48;2;65;65;65m▀[0m[38;2;242;194;115m[48;2;65;65;65m▀[0m[38;2;0;0;0m[48;2;181;71;39m▀[0m[38;2;0;0;0m[48;2;232;90;46m▀[0m[38;2;0;0;0m▄ 
  [38;2;0;0;0m[48;2;0;0;0m▀[0m[38;2;255;255;255m[48;2;255;221;162m▀[0m[38;2;255;221;162m[48;2;212;164;85m▀[0m[38;2;255;221;162m[48;2;0;0;0m▀[0m[38;2;255;221;162m[48;2;185;137;58m▀[0m[38;2;0;0;0m[48;2;242;194;115m▀[0m[38;2;65;65;65m[48;2;242;194;115m▀[0m[38;2;242;194;115m[48;2;242;194;115m▀[0m[38;2;242;194;115m[48;2;242;194;115m▀[0m[38;2;212;164;85m[48;2;0;0;0m▀[0m[38;2;0;0;0m▀     [38;2;0;0;0m[48;2;0;0;0m▀[0m[38;2;236;117;80m[48;2;232;90;46m▀[0m[38;2;232;90;46m[48;2;232;90;46m▀[0m[38;2;129;56;35m[48;2;0;0;0m▀[0m[38;2;181;71;39m[48;2;0;0;0m▀[0m[38;2;0;0;0m▀ 
   [38;2;0;0;0m▀[38;2;0;0;0m▀ [38;2;0;0;0m▀[38;2;0;0;0m[48;2;0;0;0m▀[0m[38;2;242;194;115m[48;2;255;221;162m▀[0m[38;2;242;194;115m[48;2;255;221;162m▀[0m[38;2;212;164;85m[48;2;242;194;115m▀[0m[38;2;0;0;0m[48;2;212;164;85m▀[0m[38;2;0;0;0m[48;2;185;137;58m▀[0m[38;2;0;0;0m▄     [38;2;0;0;0m[48;2;0;0;0m▀[0m[38;2;65;65;65m[48;2;255;221;162m▀[0m[38;2;0;0;0m[48;2;0;0;0m▀[0m   
     [38;2;0;0;0m▄[38;2;0;0;0m[48;2;255;221;162m▀[0m[38;2;185;137;58m[48;2;255;221;162m▀[0m[38;2;255;221;162m[48;2;255;221;162m▀[0m[38;2;255;221;162m[48;2;255;221;162m▀[0m[38;2;212;164;85m[48;2;185;137;58m▀[0m[38;2;242;194;115m[48;2;212;164;85m▀[0m[38;2;242;194;115m[48;2;242;194;115m▀[0m[38;2;242;194;115m[48;2;255;221;162m▀[0m[38;2;0;0;0m[48;2;0;0;0m▀[0m  [38;2;0;0;0m▄[38;2;0;0;0m[48;2;255;221;162m▀[0m[38;2;255;221;162m[48;2;255;221;162m▀[0m[38;2;255;221;162m[48;2;0;0;0m▀[0m[38;2;0;0;0m▀   
   [38;2;0;0;0m▄[38;2;0;0;0m[48;2;255;218;33m▀[0m[38;2;0;0;0m[48;2;221;156;0m▀[0m[38;2;255;221;162m[48;2;65;65;65m▀[0m[38;2;255;221;162m[48;2;65;65;65m▀[0m[38;2;65;65;65m[48;2;65;65;65m▀[0m[38;2;255;221;162m[48;2;255;221;162m▀[0m[38;2;255;221;162m[48;2;255;221;162m▀[0m[38;2;65;65;65m[48;2;65;65;65m▀[0m[38;2;65;65;65m[48;2;129;56;35m▀[0m[38;2;65;65;65m[48;2;181;71;39m▀[0m[38;2;65;65;65m[48;2;65;65;65m▀[0m[38;2;0;0;0m[48;2;212;164;85m▀[0m[38;2;0;0;0m[48;2;242;194;115m▀[0m[38;2;255;221;162m[48;2;242;194;115m▀[0m[38;2;255;221;162m[48;2;212;164;85m▀[0m[38;2;212;164;85m[48;2;0;0;0m▀[0m[38;2;0;0;0m▀    
   [38;2;0;0;0m▀[38;2;255;218;33m[48;2;0;0;0m▀[0m[38;2;65;65;65m[48;2;129;56;35m▀[0m[38;2;181;71;39m[48;2;129;56;35m▀[0m[38;2;181;71;39m[48;2;181;71;39m▀[0m[38;2;129;56;35m[48;2;181;71;39m▀[0m[38;2;65;65;65m[48;2;65;65;65m▀[0m[38;2;255;218;33m[48;2;255;218;33m▀[0m[38;2;255;218;33m[48;2;65;65;65m▀[0m[38;2;129;56;35m[48;2;232;90;46m▀[0m[38;2;181;71;39m[48;2;232;90;46m▀[0m[38;2;129;56;35m[48;2;181;71;39m▀[0m[38;2;65;65;65m[48;2;65;65;65m▀[0m[38;2;212;164;85m[48;2;0;0;0m▀[0m[38;2;212;164;85m[48;2;0;0;0m▀[0m[38;2;0;0;0m▀      
   [38;2;0;0;0m▄[38;2;0;0;0m[48;2;255;218;33m▀[0m[38;2;181;71;39m[48;2;221;156;0m▀[0m[38;2;181;71;39m[48;2;65;65;65m▀[0m[38;2;0;0;0m[48;2;0;0;0m▀[0m[38;2;0;0;0m▀[38;2;129;56;35m[48;2;0;0;0m▀[0m[38;2;65;65;65m[48;2;0;0;0m▀[0m[38;2;129;56;35m[48;2;0;0;0m▀[0m[38;2;232;90;46m[48;2;181;71;39m▀[0m[38;2;232;90;46m[48;2;181;71;39m▀[0m[38;2;181;71;39m[48;2;65;65;65m▀[0m[38;2;0;0;0m[48;2;0;0;0m▀[0m         
   [38;2;0;0;0m▀[38;2;0;0;0m▀[38;2;0;0;0m▀[38;2;0;0;0m▀    [38;2;0;0;0m▀[38;2;65;65;65m[48;2;0;0;0m▀[0m[38;2;221;156;0m[48;2;255;218;33m▀[0m[38;2;65;65;65m[48;2;0;0;0m▀[0m[38;2;221;156;0m[48;2;255;218;33m▀[0m[38;2;0;0;0m[48;2;0;0;0m▀[0m        
            [38;2;0;0;0m▀[38;2;0;0;0m▀ [38;2;0;0;0m▀[38;2;0;0;0m▀         
                                     [0m                                     