              [38;2;8;0;0m▄[38;2;0;0;0m[48;2;140;190;144m▀[0m[38;2;0;0;0m[48;2;140;190;144m▀[0m[38;2;0;0;0m[48;2;140;190;144m▀[0m[38;2;0;0;0m▄   [38;2;0;0;0m▄[38;2;0;0;0m▄[38;2;0;0;0m▄             
            [38;2;0;0;0m▄[38;2;0;0;0m[48;2;140;190;144m▀[0m[38;2;52;63;60m[48;2;140;190;144m▀[0m[38;2;140;190;144m[48;2;140;190;144m▀[0m[38;2;74;123;89m[48;2;139;190;144m▀[0m[38;2;140;190;144m[48;2;139;190;144m▀[0m[38;2;74;123;89m[48;2;139;190;144m▀[0m[38;2;0;0;0m[48;2;139;190;144m▀[0m[38;2;0;0;0m[48;2;140;190;144m▀[0m[38;2;0;0;0m[48;2;74;123;89m▀[0m[38;2;140;190;144m[48;2;140;190;144m▀[0m[38;2;140;190;144m[48;2;74;123;89m▀[0m[38;2;140;190;144m[48;2;140;190;144m▀[0m[38;2;0;0;0m[48;2;74;123;89m▀[0m[38;2;0;0;0m▄           
            [38;2;0;0;0m[48;2;0;0;0m▀[0m[38;2;140;190;144m[48;2;140;190;144m▀[0m[38;2;74;123;89m[48;2;139;190;144m▀[0m[38;2;140;190;144m[48;2;139;190;144m▀[0m[38;2;139;190;144m[48;2;140;190;144m▀[0m[38;2;139;190;144m[48;2;74;123;89m▀[0m[38;2;139;190;144m[48;2;82;115;93m▀[0m[38;2;139;190;144m[48;2;54;76;61m▀[0m[38;2;140;190;144m[48;2;74;123;89m▀[0m[38;2;140;190;144m[48;2;74;123;89m▀[0m[38;2;140;190;144m[48;2;140;190;144m▀[0m[38;2;140;190;144m[48;2;140;190;144m▀[0m[38;2;140;190;144m[48;2;140;190;144m▀[0m[38;2;140;190;144m[48;2;74;123;89m▀[0m[38;2;140;190;144m[48;2;140;190;144m▀[0m[38;2;0;0;0m[48;2;0;0;0m▀[0m          
             [38;2;0;0;0m[48;2;0;0;0m▀[0m[38;2;139;190;144m[48;2;139;190;144m▀[0m[38;2;139;190;144m[48;2;139;190;144m▀[0m[38;2;74;123;89m[48;2;74;117;83m▀[0m[38;2;74;123;89m[48;2;8;0;0m▀[0m[38;2;0;0;0m▀[38;2;0;0;0m▀[38;2;0;0;0m▀[38;2;74;123;89m[48;2;0;0;0m▀[0m[38;2;74;123;89m[48;2;74;123;89m▀[0m[38;2;140;190;144m[48;2;140;190;144m▀[0m[38;2;140;190;144m[48;2;139;190;144m▀[0m[38;2;140;190;144m[48;2;139;190;144m▀[0m[38;2;140;190;144m[48;2;0;0;0m▀[0m[38;2;0;0;0m▀          
        [38;2;0;0;0m▄[38;2;0;0;0m▄[38;2;0;4;0m▄[38;2;0;0;0m[48;2;66;115;85m▀[0m[38;2;0;0;0m[48;2;140;190;144m▀[0m[38;2;140;190;144m[48;2;140;190;144m▀[0m[38;2;139;190;144m[48;2;140;190;144m▀[0m[38;2;139;190;144m[48;2;140;190;144m▀[0m[38;2;74;117;83m[48;2;79;118;92m▀[0m[38;2;52;78;57m[48;2;66;69;66m▀[0m[38;2;0;0;0m[48;2;231;239;237m▀[0m[38;2;0;0;0m[48;2;231;239;237m▀[0m[38;2;0;0;0m[48;2;214;235;239m▀[0m[38;2;66;65;66m[48;2;57;65;66m▀[0m[38;2;74;123;89m[48;2;74;123;89m▀[0m[38;2;140;190;144m[48;2;140;190;144m▀[0m[38;2;139;190;144m[48;2;139;190;144m▀[0m[38;2;139;190;144m[48;2;139;190;144m▀[0m[38;2;0;0;0m[48;2;140;190;144m▀[0m[38;2;0;0;0m▄          
 [38;2;0;0;0m▄[38;2;0;0;0m[48;2;74;123;89m▀[0m[38;2;0;0;0m[48;2;96;167;126m▀[0m[38;2;0;0;0m[48;2;95;167;124m▀[0m[38;2;0;0;0m[48;2;95;167;124m▀[0m[38;2;0;0;0m[48;2;74;123;89m▀[0m[38;2;0;0;0m[48;2;140;190;144m▀[0m[38;2;132;186;141m[48;2;139;190;144m▀[0m[38;2;88;124;94m[48;2;139;190;144m▀[0m[38;2;99;173;130m[48;2;74;123;89m▀[0m[38;2;99;173;130m[48;2;96;167;126m▀[0m[38;2;74;123;89m[48;2;93;106;109m▀[0m[38;2;140;190;144m[48;2;57;69;74m▀[0m[38;2;66;65;66m[48;2;93;167;124m▀[0m[38;2;66;65;66m[48;2;93;167;124m▀[0m[38;2;66;69;66m[48;2;140;190;144m▀[0m[38;2;93;170;122m[48;2;140;190;144m▀[0m[38;2;93;167;124m[48;2;140;190;144m▀[0m[38;2;93;167;124m[48;2;140;190;144m▀[0m[38;2;135;152;142m[48;2;140;190;144m▀[0m[38;2;57;65;66m[48;2;140;190;144m▀[0m[38;2;74;123;89m[48;2;57;65;66m▀[0m[38;2;140;190;144m[48;2;57;65;66m▀[0m[38;2;139;190;144m[48;2;140;190;144m▀[0m[38;2;139;190;144m[48;2;140;190;144m▀[0m[38;2;140;190;144m[48;2;134;191;141m▀[0m[38;2;140;190;144m[48;2;74;123;89m▀[0m[38;2;0;0;0m[48;2;99;173;130m▀[0m[38;2;0;4;0m▄[38;2;0;0;0m▄       
 [38;2;0;0;0m[48;2;0;0;0m▀[0m[38;2;96;167;126m[48;2;95;167;124m▀[0m[38;2;96;167;126m[48;2;95;167;124m▀[0m[38;2;95;167;124m[48;2;95;167;124m▀[0m[38;2;95;167;124m[48;2;95;167;124m▀[0m[38;2;74;123;89m[48;2;96;167;126m▀[0m[38;2;140;190;144m[48;2;74;123;89m▀[0m[38;2;139;190;144m[48;2;140;190;144m▀[0m[38;2;139;190;144m[48;2;140;190;144m▀[0m[38;2;74;123;89m[48;2;0;0;0m▀[0m[38;2;96;167;126m[48;2;0;0;0m▀[0m[38;2;57;69;74m[48;2;0;0;0m▀[0m[38;2;165;182;169m[48;2;74;123;89m▀[0m[38;2;231;239;237m[48;2;178;175;178m▀[0m[38;2;231;239;237m[48;2;178;175;178m▀[0m[38;2;96;167;126m[48;2;231;239;237m▀[0m[38;2;96;167;126m[48;2;231;239;237m▀[0m[38;2;96;167;126m[48;2;231;239;237m▀[0m[38;2;96;167;126m[48;2;231;239;237m▀[0m[38;2;96;167;126m[48;2;231;239;237m▀[0m[38;2;96;167;126m[48;2;231;239;237m▀[0m[38;2;135;150;152m[48;2;247;235;231m▀[0m[38;2;214;235;239m[48;2;164;178;177m▀[0m[38;2;66;65;66m[48;2;165;182;181m▀[0m[38;2;140;190;144m[48;2;57;69;74m▀[0m[38;2;74;123;89m[48;2;66;115;85m▀[0m[38;2;104;156;115m[48;2;99;173;130m▀[0m[38;2;99;173;130m[48;2;74;123;89m▀[0m[38;2;66;115;85m[48;2;140;190;144m▀[0m[38;2;140;190;144m[48;2;139;190;144m▀[0m[38;2;0;0;0m[48;2;139;190;144m▀[0m[38;2;0;0;0m[48;2;66;115;82m▀[0m[38;2;0;4;0m▄[38;2;0;0;0m▄[38;2;0;0;0m▄  
 [38;2;0;0;0m▀[38;2;95;167;124m[48;2;0;0;0m▀[0m[38;2;95;167;124m[48;2;0;0;0m▀[0m[38;2;95;167;124m[48;2;0;0;0m▀[0m[38;2;95;167;124m[48;2;0;0;0m▀[0m[38;2;96;167;126m[48;2;0;0;0m▀[0m[38;2;74;123;89m[48;2;0;0;0m▀[0m[38;2;0;0;0m▀[38;2;0;0;0m▀   [38;2;0;0;0m[48;2;0;0;0m▀[0m[38;2;74;123;89m[48;2;140;190;144m▀[0m[38;2;74;123;89m[48;2;140;190;144m▀[0m[38;2;175;175;178m[48;2;74;123;89m▀[0m[38;2;175;175;178m[48;2;74;123;89m▀[0m[38;2;175;175;178m[48;2;74;123;89m▀[0m[38;2;175;175;178m[48;2;74;123;89m▀[0m[38;2;175;175;178m[48;2;74;123;89m▀[0m[38;2;175;175;178m[48;2;74;123;89m▀[0m[38;2;164;178;177m[48;2;74;123;89m▀[0m[38;2;82;123;95m[48;2;140;190;144m▀[0m[38;2;93;106;109m[48;2;132;186;141m▀[0m[38;2;57;69;74m[48;2;0;0;0m▀[0m[38;2;0;4;0m▀[38;2;99;173;130m[48;2;0;0;0m▀[0m[38;2;74;123;89m[48;2;88;126;92m▀[0m[38;2;140;190;144m[48;2;132;190;138m▀[0m[38;2;139;190;144m[48;2;140;190;144m▀[0m[38;2;139;190;144m[48;2;74;123;89m▀[0m[38;2;66;115;82m[48;2;95;167;124m▀[0m[38;2;99;173;126m[48;2;95;167;124m▀[0m[38;2;90;158;106m[48;2;99;173;134m▀[0m[38;2;60;105;71m[48;2;59;105;57m▀[0m[38;2;0;0;0m[48;2;0;0;0m▀[0m 
            [38;2;0;0;0m▄[38;2;0;0;0m[48;2;99;173;126m▀[0m[38;2;96;167;126m[48;2;66;132;94m▀[0m[38;2;140;190;144m[48;2;140;190;144m▀[0m[38;2;140;190;144m[48;2;139;190;144m▀[0m[38;2;140;190;144m[48;2;139;190;144m▀[0m[38;2;140;190;144m[48;2;140;190;144m▀[0m[38;2;140;190;144m[48;2;103;156;118m▀[0m[38;2;140;190;144m[48;2;74;123;89m▀[0m[38;2;140;190;144m[48;2;74;123;89m▀[0m[38;2;140;190;144m[48;2;74;123;89m▀[0m[38;2;74;123;89m[48;2;96;167;126m▀[0m[38;2;88;124;94m[48;2;104;156;115m▀[0m[38;2;0;0;0m[48;2;74;123;89m▀[0m[38;2;0;0;0m▄ [38;2;0;0;0m▀[38;2;132;190;138m[48;2;0;0;0m▀[0m[38;2;140;190;144m[48;2;0;0;0m▀[0m[38;2;74;123;89m[48;2;74;123;89m▀[0m[38;2;95;167;124m[48;2;93;164;120m▀[0m[38;2;95;167;124m[48;2;93;164;120m▀[0m[38;2;59;105;57m[48;2;64;107;57m▀[0m[38;2;71;122;80m[48;2;74;123;89m▀[0m[38;2;0;0;0m[48;2;0;0;0m▀[0m 
            [38;2;0;0;0m[48;2;33;0;0m▀[0m[38;2;66;115;84m[48;2;151;202;156m▀[0m[38;2;103;156;118m[48;2;140;190;144m▀[0m[38;2;140;190;144m[48;2;74;123;89m▀[0m[38;2;139;190;144m[48;2;74;123;89m▀[0m[38;2;139;190;144m[48;2;140;190;144m▀[0m[38;2;140;190;144m[48;2;140;190;144m▀[0m[38;2;66;132;94m[48;2;96;167;126m▀[0m[38;2;96;167;126m[48;2;74;123;89m▀[0m[38;2;96;167;126m[48;2;74;123;89m▀[0m[38;2;96;167;126m[48;2;74;123;89m▀[0m[38;2;74;123;89m[48;2;140;190;144m▀[0m[38;2;74;123;89m[48;2;140;190;144m▀[0m[38;2;134;191;141m[48;2;74;123;89m▀[0m[38;2;0;0;0m[48;2;0;0;0m▀[0m    [38;2;0;0;0m▀[38;2;0;0;0m▀[38;2;93;164;120m[48;2;0;0;0m▀[0m[38;2;64;107;57m[48;2;0;0;0m▀[0m[38;2;74;123;89m[48;2;0;0;0m▀[0m[38;2;0;0;0m▀ 
           [38;2;0;0;0m[48;2;0;0;0m▀[0m[38;2;121;124;110m[48;2;206;112;66m▀[0m[38;2;151;202;156m[48;2;106;156;117m▀[0m[38;2;74;123;89m[48;2;74;123;89m▀[0m[38;2;140;190;144m[48;2;140;190;144m▀[0m[38;2;140;190;144m[48;2;140;190;144m▀[0m[38;2;74;123;89m[48;2;74;123;89m▀[0m[38;2;140;190;144m[48;2;106;156;117m▀[0m[38;2;140;190;144m[48;2;206;112;66m▀[0m[38;2;140;190;144m[48;2;206;112;66m▀[0m[38;2;140;190;144m[48;2;106;156;117m▀[0m[38;2;140;190;144m[48;2;74;123;89m▀[0m[38;2;74;123;89m[48;2;140;190;144m▀[0m[38;2;74;123;89m[48;2;140;190;144m▀[0m[38;2;140;190;144m[48;2;140;190;144m▀[0m[38;2;74;123;89m[48;2;66;115;84m▀[0m[38;2;0;0;0m[48;2;0;0;0m▀[0m          
           [38;2;0;0;0m[48;2;0;0;0m▀[0m[38;2;206;112;66m[48;2;132;159;142m▀[0m[38;2;106;156;117m[48;2;198;239;213m▀[0m[38;2;74;123;89m[48;2;173;195;184m▀[0m[38;2;140;190;144m[48;2;57;123;80m▀[0m[38;2;140;190;144m[48;2;74;123;89m▀[0m[38;2;74;123;89m[48;2;74;123;89m▀[0m[38;2;206;112;66m[48;2;206;112;66m▀[0m[38;2;106;156;117m[48;2;74;123;89m▀[0m[38;2;106;156;117m[48;2;74;123;89m▀[0m[38;2;206;112;66m[48;2;206;112;66m▀[0m[38;2;74;123;89m[48;2;74;123;89m▀[0m[38;2;140;190;144m[48;2;74;123;89m▀[0m[38;2;140;190;144m[48;2;74;123;89m▀[0m[38;2;74;123;89m[48;2;96;167;126m▀[0m[38;2;99;173;126m[48;2;99;165;123m▀[0m[38;2;0;0;0m[48;2;0;0;0m▀[0m          
            [38;2;0;0;0m▀[38;2;132;159;142m[48;2;0;0;0m▀[0m[38;2;115;159;133m[48;2;0;0;0m▀[0m[38;2;228;227;231m[48;2;0;0;0m▀[0m[38;2;156;181;166m[48;2;93;164;120m▀[0m[38;2;236;235;239m[48;2;93;164;120m▀[0m[38;2;74;123;89m[48;2;99;173;126m▀[0m[38;2;206;112;66m[48;2;66;115;84m▀[0m[38;2;206;112;66m[48;2;66;115;84m▀[0m[38;2;74;123;89m[48;2;99;173;126m▀[0m[38;2;96;167;126m[48;2;99;165;123m▀[0m[38;2;96;167;126m[48;2;0;0;0m▀[0m[38;2;96;167;126m[48;2;0;0;0m▀[0m[38;2;96;167;126m[48;2;0;0;0m▀[0m[38;2;0;0;0m▀           
                [38;2;0;0;0m▀[38;2;0;0;0m▀[38;2;0;0;0m▀[38;2;0;0;0m▀[38;2;0;0;0m▀[38;2;0;0;0m▀[38;2;0;0;0m▀               
                                     [0m                                     