            [38;2;0;0;0m▄[38;2;0;0;0m[48;2;123;206;123m▀[0m[38;2;0;0;0m▄[38;2;0;0;0m[48;2;123;206;123m▀[0m[38;2;0;0;0m▄     
         [38;2;0;0;0m▄[38;2;0;0;0m▄[38;2;0;0;0m[48;2;107;173;82m▀[0m[38;2;0;0;0m[48;2;66;115;58m▀[0m[38;2;107;173;82m[48;2;66;115;58m▀[0m[38;2;123;206;123m[48;2;107;173;82m▀[0m[38;2;107;173;82m[48;2;66;115;58m▀[0m[38;2;0;0;0m[48;2;107;173;82m▀[0m[38;2;0;0;0m▄[38;2;0;0;0m▄   
    [38;2;0;0;0m▄  [38;2;0;0;0m▄[38;2;0;0;0m[48;2;82;140;82m▀[0m[38;2;107;173;82m[48;2;107;173;82m▀[0m[38;2;107;173;82m[48;2;66;115;58m▀[0m[38;2;66;115;58m[48;2;107;173;82m▀[0m[38;2;107;173;82m[48;2;107;173;82m▀[0m[38;2;66;115;58m[48;2;66;115;58m▀[0m[38;2;107;173;82m[48;2;107;173;82m▀[0m[38;2;66;115;58m[48;2;107;173;82m▀[0m[38;2;107;173;82m[48;2;66;115;58m▀[0m[38;2;107;173;82m[48;2;107;173;82m▀[0m[38;2;66;115;58m[48;2;107;173;82m▀[0m[38;2;0;0;0m[48;2;66;115;58m▀[0m[38;2;0;0;0m▄ 
   [38;2;0;0;0m[48;2;0;0;0m▀[0m[38;2;123;206;123m[48;2;123;206;123m▀[0m[38;2;0;0;0m[48;2;123;206;123m▀[0m[38;2;0;0;0m[48;2;123;206;123m▀[0m[38;2;65;65;65m[48;2;99;156;99m▀[0m[38;2;82;140;82m[48;2;65;65;65m▀[0m[38;2;66;115;58m[48;2;65;65;65m▀[0m[38;2;82;140;82m[48;2;82;140;82m▀[0m[38;2;107;173;82m[48;2;82;140;82m▀[0m[38;2;66;115;58m[48;2;66;115;58m▀[0m[38;2;107;173;82m[48;2;107;173;82m▀[0m[38;2;107;173;82m[48;2;107;173;82m▀[0m[38;2;107;173;82m[48;2;107;173;82m▀[0m[38;2;107;173;82m[48;2;107;173;82m▀[0m[38;2;66;115;58m[48;2;66;115;58m▀[0m[38;2;107;173;82m[48;2;82;140;82m▀[0m[38;2;82;140;82m[48;2;82;140;82m▀[0m[38;2;0;0;0m[48;2;0;0;0m▀[0m 
  [38;2;0;0;0m▄[38;2;0;0;0m[48;2;123;206;123m▀[0m[38;2;123;206;123m[48;2;123;206;123m▀[0m[38;2;123;206;123m[48;2;123;206;123m▀[0m[38;2;99;156;99m[48;2;66;115;58m▀[0m[38;2;66;115;58m[48;2;66;115;58m▀[0m[38;2;66;115;58m[48;2;66;115;58m▀[0m[38;2;99;156;99m[48;2;123;206;123m▀[0m[38;2;65;65;65m[48;2;99;156;99m▀[0m[38;2;82;140;82m[48;2;65;65;65m▀[0m[38;2;66;115;58m[48;2;65;65;65m▀[0m[38;2;82;140;82m[48;2;65;65;65m▀[0m[38;2;82;140;82m[48;2;82;140;82m▀[0m[38;2;82;140;82m[48;2;82;140;82m▀[0m[38;2;82;140;82m[48;2;82;140;82m▀[0m[38;2;66;115;58m[48;2;66;115;58m▀[0m[38;2;82;140;82m[48;2;82;140;82m▀[0m[38;2;82;140;82m[48;2;0;0;0m▀[0m[38;2;0;0;0m▀ 
 [38;2;0;0;0m▄[38;2;0;0;0m[48;2;189;74;66m▀[0m[38;2;99;156;99m[48;2;66;115;58m▀[0m[38;2;123;206;123m[48;2;123;206;123m▀[0m[38;2;123;206;123m[48;2;123;206;123m▀[0m[38;2;123;206;123m[48;2;123;206;123m▀[0m[38;2;123;206;123m[48;2;99;156;99m▀[0m[38;2;123;206;123m[48;2;123;206;123m▀[0m[38;2;123;206;123m[48;2;123;206;123m▀[0m[38;2;123;206;123m[48;2;123;206;123m▀[0m[38;2;123;206;123m[48;2;123;206;123m▀[0m[38;2;123;206;123m[48;2;65;65;65m▀[0m[38;2;65;65;65m[48;2;99;156;99m▀[0m[38;2;82;140;82m[48;2;65;65;65m▀[0m[38;2;82;140;82m[48;2;65;65;65m▀[0m[38;2;66;115;58m[48;2;65;65;65m▀[0m[38;2;65;65;65m[48;2;99;156;99m▀[0m[38;2;0;0;0m[48;2;0;0;0m▀[0m   
 [38;2;0;0;0m▀[38;2;123;206;123m[48;2;0;0;0m▀[0m[38;2;123;206;123m[48;2;123;206;123m▀[0m[38;2;123;206;123m[48;2;123;206;123m▀[0m[38;2;123;206;123m[48;2;123;206;123m▀[0m[38;2;66;115;58m[48;2;123;206;123m▀[0m[38;2;123;206;123m[48;2;0;0;0m▀[0m[38;2;65;65;65m[48;2;0;0;0m▀[0m[38;2;0;0;0m[48;2;255;255;255m▀[0m[38;2;65;65;65m[48;2;255;255;255m▀[0m[38;2;123;206;123m[48;2;99;156;99m▀[0m[38;2;99;156;99m[48;2;99;156;99m▀[0m[38;2;99;156;99m[48;2;99;156;99m▀[0m[38;2;99;156;99m[48;2;65;65;65m▀[0m[38;2;99;156;99m[48;2;99;156;99m▀[0m[38;2;99;156;99m[48;2;99;156;99m▀[0m[38;2;66;115;58m[48;2;66;115;58m▀[0m[38;2;66;115;58m[48;2;66;115;58m▀[0m[38;2;0;0;0m[48;2;0;0;0m▀[0m  
  [38;2;0;0;0m▀[38;2;99;156;99m[48;2;0;0;0m▀[0m[38;2;123;206;123m[48;2;0;0;0m▀[0m[38;2;123;206;123m[48;2;99;156;99m▀[0m[38;2;123;206;123m[48;2;99;156;99m▀[0m[38;2;0;0;0m[48;2;99;156;99m▀[0m[38;2;230;74;66m[48;2;99;156;99m▀[0m[38;2;255;255;255m[48;2;99;156;99m▀[0m[38;2;99;156;99m[48;2;99;156;99m▀[0m[38;2;99;156;99m[48;2;65;65;65m▀[0m[38;2;99;156;99m[48;2;99;156;99m▀[0m[38;2;66;115;58m[48;2;66;115;58m▀[0m[38;2;66;115;58m[48;2;66;115;58m▀[0m[38;2;65;65;65m[48;2;65;65;65m▀[0m[38;2;99;156;99m[48;2;99;156;99m▀[0m[38;2;99;156;99m[48;2;189;189;189m▀[0m[38;2;99;156;99m[48;2;0;0;0m▀[0m[38;2;0;0;0m▀  
     [38;2;0;0;0m▀[38;2;0;0;0m▀[38;2;0;0;0m▀[38;2;0;0;0m▀[38;2;0;0;0m▀[38;2;0;0;0m[48;2;0;0;0m▀[0m[38;2;99;156;99m[48;2;255;255;255m▀[0m[38;2;99;156;99m[48;2;99;156;99m▀[0m[38;2;99;156;99m[48;2;255;255;255m▀[0m[38;2;99;156;99m[48;2;65;65;65m▀[0m[38;2;65;65;65m[48;2;0;0;0m▀[0m[38;2;0;0;0m▀[38;2;0;0;0m▀    
             [38;2;0;0;0m▀[38;2;0;0;0m▀[38;2;0;0;0m▀[38;2;0;0;0m▀         
                                     [0m                                     