         [38;2;0;0;0m▄[38;2;0;0;0m[48;2;182;65;48m▀[0m[38;2;0;0;0m▄         
        [38;2;0;0;0m▀[38;2;207;113;81m[48;2;0;0;0m▀[0m[38;2;182;65;48m[48;2;182;65;48m▀[0m[38;2;207;113;81m[48;2;0;0;0m▀[0m[38;2;0;0;0m▀        
        [38;2;0;0;0m[48;2;0;0;0m▀[0m[38;2;234;165;110m[48;2;234;165;110m▀[0m[38;2;140;48;35m[48;2;140;48;35m▀[0m[38;2;182;65;48m[48;2;182;65;48m▀[0m[38;2;0;0;0m[48;2;0;0;0m▀[0m        
  [38;2;0;0;0m▄ [38;2;0;0;0m▄[38;2;0;0;0m▄[38;2;0;0;0m[48;2;207;113;81m▀[0m[38;2;0;0;0m[48;2;207;113;81m▀[0m[38;2;207;113;81m[48;2;234;165;110m▀[0m[38;2;234;165;110m[48;2;140;48;35m▀[0m[38;2;140;48;35m[48;2;182;65;48m▀[0m[38;2;182;65;48m[48;2;182;65;48m▀[0m[38;2;140;48;35m[48;2;182;65;48m▀[0m[38;2;0;0;0m[48;2;140;48;35m▀[0m[38;2;0;0;0m▄      
 [38;2;0;0;0m▀[38;2;207;113;81m[48;2;0;0;0m▀[0m[38;2;0;0;0m▀[38;2;207;113;81m[48;2;0;0;0m▀[0m[38;2;207;113;81m[48;2;207;113;81m▀[0m[38;2;207;113;81m[48;2;207;113;81m▀[0m[38;2;207;113;81m[48;2;234;165;110m▀[0m[38;2;234;165;110m[48;2;140;48;35m▀[0m[38;2;140;48;35m[48;2;182;65;48m▀[0m[38;2;182;65;48m[48;2;182;65;48m▀[0m[38;2;182;65;48m[48;2;182;65;48m▀[0m[38;2;182;65;48m[48;2;182;65;48m▀[0m[38;2;182;65;48m[48;2;182;65;48m▀[0m[38;2;140;48;35m[48;2;182;65;48m▀[0m[38;2;0;0;0m[48;2;182;65;48m▀[0m[38;2;0;0;0m▄ [38;2;0;0;0m▄  
     [38;2;0;0;0m[48;2;0;0;0m▀[0m[38;2;207;113;81m[48;2;207;113;81m▀[0m[38;2;207;113;81m[48;2;140;48;35m▀[0m[38;2;140;48;35m[48;2;182;65;48m▀[0m[38;2;182;65;48m[48;2;182;65;48m▀[0m[38;2;182;65;48m[48;2;140;48;35m▀[0m[38;2;140;48;35m[48;2;65;65;65m▀[0m[38;2;182;65;48m[48;2;140;48;35m▀[0m[38;2;140;48;35m[48;2;65;65;65m▀[0m[38;2;182;65;48m[48;2;140;48;35m▀[0m[38;2;182;65;48m[48;2;0;0;0m▀[0m[38;2;182;65;48m[48;2;0;0;0m▀[0m[38;2;0;0;0m▀[38;2;182;65;48m[48;2;0;0;0m▀[0m[38;2;0;0;0m▀ 
    [38;2;0;0;0m[48;2;0;0;0m▀[0m[38;2;207;113;81m[48;2;0;0;0m▀[0m[38;2;182;65;48m[48;2;65;65;65m▀[0m[38;2;182;65;48m[48;2;199;149;19m▀[0m[38;2;140;48;35m[48;2;199;149;19m▀[0m[38;2;140;48;35m[48;2;65;65;65m▀[0m[38;2;189;165;16m[48;2;65;65;65m▀[0m[38;2;0;0;0m[48;2;247;222;58m▀[0m[38;2;247;222;58m[48;2;65;65;65m▀[0m[38;2;199;149;19m[48;2;199;149;19m▀[0m[38;2;0;0;0m[48;2;0;0;0m▀[0m      
     [38;2;0;0;0m▄[38;2;0;0;0m[48;2;0;0;0m▀[0m[38;2;65;65;65m[48;2;199;149;19m▀[0m[38;2;199;149;19m[48;2;65;65;65m▀[0m[38;2;199;149;19m[48;2;65;65;65m▀[0m[38;2;65;65;65m[48;2;199;149;19m▀[0m[38;2;65;65;65m[48;2;199;149;19m▀[0m[38;2;199;149;19m[48;2;0;0;0m▀[0m[38;2;0;0;0m▀       
   [38;2;0;0;0m▄[38;2;0;0;0m[48;2;199;149;19m▀[0m[38;2;199;149;19m[48;2;199;149;19m▀[0m[38;2;199;149;19m[48;2;199;149;19m▀[0m[38;2;199;149;19m[48;2;65;65;65m▀[0m[38;2;65;65;65m[48;2;237;194;91m▀[0m[38;2;199;149;19m[48;2;182;65;48m▀[0m[38;2;199;149;19m[48;2;237;194;91m▀[0m[38;2;199;149;19m[48;2;237;194;91m▀[0m[38;2;237;194;91m[48;2;237;194;91m▀[0m[38;2;0;0;0m[48;2;237;194;91m▀[0m[38;2;0;0;0m[48;2;237;194;91m▀[0m[38;2;0;0;0m▄     
   [38;2;0;0;0m▀[38;2;199;149;19m[48;2;0;0;0m▀[0m[38;2;199;149;19m[48;2;0;0;0m▀[0m[38;2;65;65;65m[48;2;0;0;0m▀[0m[38;2;65;65;65m[48;2;199;149;19m▀[0m[38;2;237;194;91m[48;2;182;65;48m▀[0m[38;2;237;194;91m[48;2;237;194;91m▀[0m[38;2;237;194;91m[48;2;237;194;91m▀[0m[38;2;237;194;91m[48;2;237;194;91m▀[0m[38;2;65;65;65m[48;2;65;65;65m▀[0m[38;2;237;194;91m[48;2;65;65;65m▀[0m[38;2;237;194;91m[48;2;237;194;91m▀[0m[38;2;237;194;91m[48;2;237;194;91m▀[0m[38;2;0;0;0m[48;2;237;194;91m▀[0m[38;2;0;0;0m▄   
     [38;2;0;0;0m▄[38;2;0;0;0m[48;2;182;65;48m▀[0m[38;2;199;149;19m[48;2;199;149;19m▀[0m[38;2;237;194;91m[48;2;65;65;65m▀[0m[38;2;237;194;91m[48;2;237;194;91m▀[0m[38;2;237;194;91m[48;2;237;194;91m▀[0m[38;2;237;194;91m[48;2;182;65;48m▀[0m[38;2;65;65;65m[48;2;237;194;91m▀[0m[38;2;65;65;65m[48;2;65;65;65m▀[0m[38;2;237;194;91m[48;2;199;149;19m▀[0m[38;2;237;194;91m[48;2;237;194;91m▀[0m[38;2;182;65;48m[48;2;237;194;91m▀[0m[38;2;0;0;0m[48;2;0;0;0m▀[0m   
     [38;2;0;0;0m[48;2;0;0;0m▀[0m[38;2;199;149;19m[48;2;65;65;65m▀[0m[38;2;199;149;19m[48;2;199;149;19m▀[0m[38;2;199;149;19m[48;2;199;149;19m▀[0m[38;2;65;65;65m[48;2;65;65;65m▀[0m[38;2;237;194;91m[48;2;237;194;91m▀[0m[38;2;237;194;91m[48;2;237;194;91m▀[0m[38;2;237;194;91m[48;2;182;65;48m▀[0m[38;2;237;194;91m[48;2;237;194;91m▀[0m[38;2;65;65;65m[48;2;0;0;0m▀[0m[38;2;0;0;0m▀[38;2;0;0;0m▀    
      [38;2;0;0;0m▀[38;2;0;0;0m▀[38;2;0;0;0m▀[38;2;0;0;0m[48;2;0;0;0m▀[0m[38;2;199;149;19m[48;2;65;65;65m▀[0m[38;2;237;194;91m[48;2;199;149;19m▀[0m[38;2;237;194;91m[48;2;182;65;48m▀[0m[38;2;237;194;91m[48;2;199;149;19m▀[0m[38;2;0;0;0m[48;2;0;0;0m▀[0m      
            [38;2;0;0;0m▀[38;2;0;0;0m▀[38;2;0;0;0m▀[38;2;0;0;0m▀          
                                     [0m                                     