                 [38;2;0;0;0m▄[38;2;0;0;0m[48;2;152;137;114m▀[0m[38;2;0;0;0m[48;2;245;231;200m▀[0m[38;2;0;0;0m[48;2;245;231;200m▀[0m[38;2;0;0;0m[48;2;245;231;200m▀[0m[38;2;0;0;0m[48;2;152;137;114m▀[0m[38;2;0;0;0m▄     
          [38;2;0;0;0m▄[38;2;0;0;0m[48;2;152;137;114m▀[0m[38;2;0;0;0m[48;2;245;231;200m▀[0m[38;2;0;0;0m[48;2;245;231;200m▀[0m[38;2;0;0;0m[48;2;245;231;200m▀[0m[38;2;0;0;0m[48;2;152;137;114m▀[0m[38;2;0;0;0m▄[38;2;0;0;0m[48;2;212;186;138m▀[0m[38;2;245;231;200m[48;2;212;186;138m▀[0m[38;2;65;65;65m[48;2;245;231;200m▀[0m[38;2;65;65;65m[48;2;245;231;200m▀[0m[38;2;65;65;65m[48;2;245;231;200m▀[0m[38;2;245;231;200m[48;2;212;186;138m▀[0m[38;2;0;0;0m[48;2;212;186;138m▀[0m[38;2;0;0;0m▄    
      [38;2;0;0;0m▄[38;2;0;0;0m▄ [38;2;0;0;0m▄[38;2;0;0;0m[48;2;0;0;0m▀[0m[38;2;245;231;200m[48;2;212;186;138m▀[0m[38;2;65;65;65m[48;2;245;231;200m▀[0m[38;2;65;65;65m[48;2;245;231;200m▀[0m[38;2;65;65;65m[48;2;245;231;200m▀[0m[38;2;245;231;200m[48;2;212;186;138m▀[0m[38;2;65;65;65m[48;2;65;65;65m▀[0m[38;2;212;186;138m[48;2;212;186;138m▀[0m[38;2;212;186;138m[48;2;212;186;138m▀[0m[38;2;152;137;114m[48;2;152;137;114m▀[0m[38;2;152;137;114m[48;2;152;137;114m▀[0m[38;2;152;137;114m[48;2;152;137;114m▀[0m[38;2;212;186;138m[48;2;212;186;138m▀[0m[38;2;212;186;138m[48;2;212;186;138m▀[0m[38;2;0;0;0m[48;2;128;127;153m▀[0m[38;2;0;0;0m▄   
    [38;2;0;0;0m[48;2;0;0;0m▀[0m[38;2;0;0;0m[48;2;92;91;111m▀[0m[38;2;0;0;0m[48;2;65;65;65m▀[0m[38;2;128;127;153m[48;2;128;127;153m▀[0m[38;2;0;0;0m[48;2;128;127;153m▀[0m[38;2;0;0;0m[48;2;65;65;65m▀[0m[38;2;212;186;138m[48;2;65;65;65m▀[0m[38;2;212;186;138m[48;2;212;186;138m▀[0m[38;2;152;137;114m[48;2;152;137;114m▀[0m[38;2;152;137;114m[48;2;152;137;114m▀[0m[38;2;152;137;114m[48;2;152;137;114m▀[0m[38;2;212;186;138m[48;2;212;186;138m▀[0m[38;2;212;186;138m[48;2;212;186;138m▀[0m[38;2;65;65;65m[48;2;128;127;153m▀[0m[38;2;152;137;114m[48;2;65;65;65m▀[0m[38;2;152;137;114m[48;2;128;127;153m▀[0m[38;2;152;137;114m[48;2;152;137;114m▀[0m[38;2;152;137;114m[48;2;128;127;153m▀[0m[38;2;152;137;114m[48;2;128;127;153m▀[0m[38;2;128;127;153m[48;2;128;127;153m▀[0m[38;2;128;127;153m[48;2;255;241;99m▀[0m[38;2;128;127;153m[48;2;128;127;153m▀[0m[38;2;0;0;0m[48;2;0;0;0m▀[0m  
  [38;2;0;0;0m▄[38;2;0;0;0m▄[38;2;0;0;0m[48;2;92;91;111m▀[0m[38;2;92;91;111m[48;2;65;65;65m▀[0m[38;2;65;65;65m[48;2;92;91;111m▀[0m[38;2;92;91;111m[48;2;65;65;65m▀[0m[38;2;128;127;153m[48;2;128;127;153m▀[0m[38;2;65;65;65m[48;2;65;65;65m▀[0m[38;2;128;127;153m[48;2;128;127;153m▀[0m[38;2;65;65;65m[48;2;65;65;65m▀[0m[38;2;152;137;114m[48;2;128;127;153m▀[0m[38;2;152;137;114m[48;2;152;137;114m▀[0m[38;2;152;137;114m[48;2;128;127;153m▀[0m[38;2;152;137;114m[48;2;128;127;153m▀[0m[38;2;128;127;153m[48;2;128;127;153m▀[0m[38;2;128;127;153m[48;2;128;127;153m▀[0m[38;2;128;127;153m[48;2;128;127;153m▀[0m[38;2;128;127;153m[48;2;128;127;153m▀[0m[38;2;128;127;153m[48;2;128;127;153m▀[0m[38;2;128;127;153m[48;2;255;241;99m▀[0m[38;2;255;241;99m[48;2;128;127;153m▀[0m[38;2;219;207;129m[48;2;255;241;99m▀[0m[38;2;128;127;153m[48;2;128;127;153m▀[0m[38;2;255;241;99m[48;2;255;241;99m▀[0m[38;2;128;127;153m[48;2;92;91;111m▀[0m[38;2;0;0;0m[48;2;0;0;0m▀[0m 
 [38;2;0;0;0m▀[38;2;92;91;111m[48;2;0;0;0m▀[0m[38;2;92;91;111m[48;2;0;0;0m▀[0m[38;2;92;91;111m[48;2;65;65;65m▀[0m[38;2;65;65;65m[48;2;128;127;153m▀[0m[38;2;65;65;65m[48;2;128;127;153m▀[0m[38;2;128;127;153m[48;2;128;127;153m▀[0m[38;2;128;127;153m[48;2;128;127;153m▀[0m[38;2;128;127;153m[48;2;128;127;153m▀[0m[38;2;128;127;153m[48;2;128;127;153m▀[0m[38;2;128;127;153m[48;2;128;127;153m▀[0m[38;2;65;65;65m[48;2;128;127;153m▀[0m[38;2;65;65;65m[48;2;128;127;153m▀[0m[38;2;65;65;65m[48;2;92;91;111m▀[0m[38;2;128;127;153m[48;2;65;65;65m▀[0m[38;2;128;127;153m[48;2;128;127;153m▀[0m[38;2;128;127;153m[48;2;128;127;153m▀[0m[38;2;128;127;153m[48;2;255;241;99m▀[0m[38;2;255;241;99m[48;2;128;127;153m▀[0m[38;2;128;127;153m[48;2;255;241;99m▀[0m[38;2;255;241;99m[48;2;219;207;129m▀[0m[38;2;128;127;153m[48;2;128;127;153m▀[0m[38;2;255;241;99m[48;2;219;207;129m▀[0m[38;2;128;127;153m[48;2;128;127;153m▀[0m[38;2;255;241;99m[48;2;255;241;99m▀[0m[38;2;92;91;111m[48;2;92;91;111m▀[0m[38;2;0;0;0m[48;2;0;0;0m▀[0m 
   [38;2;0;0;0m[48;2;0;0;0m▀[0m[38;2;92;91;111m[48;2;255;255;255m▀[0m[38;2;128;127;153m[48;2;128;127;153m▀[0m[38;2;128;127;153m[48;2;128;127;153m▀[0m[38;2;128;127;153m[48;2;128;127;153m▀[0m[38;2;128;127;153m[48;2;92;91;111m▀[0m[38;2;128;127;153m[48;2;128;127;153m▀[0m[38;2;128;127;153m[48;2;92;91;111m▀[0m[38;2;128;127;153m[48;2;128;127;153m▀[0m[38;2;65;65;65m[48;2;92;91;111m▀[0m[38;2;128;127;153m[48;2;65;65;65m▀[0m[38;2;128;127;153m[48;2;65;65;65m▀[0m[38;2;128;127;153m[48;2;65;65;65m▀[0m[38;2;65;65;65m[48;2;65;65;65m▀[0m[38;2;128;127;153m[48;2;128;127;153m▀[0m[38;2;255;241;99m[48;2;255;241;99m▀[0m[38;2;128;127;153m[48;2;128;127;153m▀[0m[38;2;255;241;99m[48;2;255;241;99m▀[0m[38;2;219;207;129m[48;2;219;207;129m▀[0m[38;2;128;127;153m[48;2;128;127;153m▀[0m[38;2;219;207;129m[48;2;255;241;99m▀[0m[38;2;255;241;99m[48;2;92;91;111m▀[0m[38;2;92;91;111m[48;2;92;91;111m▀[0m[38;2;0;0;0m[48;2;0;0;0m▀[0m  
   [38;2;0;0;0m▀[38;2;255;255;255m[48;2;0;0;0m▀[0m[38;2;245;231;200m[48;2;245;231;200m▀[0m[38;2;92;91;111m[48;2;245;231;200m▀[0m[38;2;245;231;200m[48;2;245;231;200m▀[0m[38;2;212;186;138m[48;2;212;186;138m▀[0m[38;2;128;127;153m[48;2;255;255;255m▀[0m[38;2;0;0;0m[48;2;255;255;255m▀[0m[38;2;255;255;255m[48;2;255;255;255m▀[0m[38;2;65;65;65m[48;2;65;65;65m▀[0m[38;2;92;91;111m[48;2;92;91;111m▀[0m[38;2;92;91;111m[48;2;92;91;111m▀[0m[38;2;92;91;111m[48;2;92;91;111m▀[0m[38;2;92;91;111m[48;2;92;91;111m▀[0m[38;2;128;127;153m[48;2;92;91;111m▀[0m[38;2;255;241;99m[48;2;92;91;111m▀[0m[38;2;128;127;153m[48;2;255;241;99m▀[0m[38;2;255;241;99m[48;2;92;91;111m▀[0m[38;2;92;91;111m[48;2;92;91;111m▀[0m[38;2;255;241;99m[48;2;92;91;111m▀[0m[38;2;92;91;111m[48;2;65;65;65m▀[0m[38;2;92;91;111m[48;2;92;91;111m▀[0m[38;2;92;91;111m[48;2;92;91;111m▀[0m[38;2;152;137;114m[48;2;92;91;111m▀[0m[38;2;0;0;0m[48;2;0;0;0m▀[0m 
   [38;2;0;0;0m▄[38;2;0;0;0m[48;2;245;231;200m▀[0m[38;2;245;231;200m[48;2;245;231;200m▀[0m[38;2;245;231;200m[48;2;245;231;200m▀[0m[38;2;245;231;200m[48;2;245;231;200m▀[0m[38;2;245;231;200m[48;2;245;231;200m▀[0m[38;2;212;186;138m[48;2;245;231;200m▀[0m[38;2;255;255;255m[48;2;212;186;138m▀[0m[38;2;212;186;138m[48;2;212;186;138m▀[0m[38;2;212;186;138m[48;2;212;186;138m▀[0m[38;2;65;65;65m[48;2;65;65;65m▀[0m[38;2;92;91;111m[48;2;92;91;111m▀[0m[38;2;92;91;111m[48;2;92;91;111m▀[0m[38;2;92;91;111m[48;2;92;91;111m▀[0m[38;2;92;91;111m[48;2;92;91;111m▀[0m[38;2;92;91;111m[48;2;65;65;65m▀[0m[38;2;92;91;111m[48;2;92;91;111m▀[0m[38;2;92;91;111m[48;2;0;0;0m▀[0m[38;2;92;91;111m[48;2;0;0;0m▀[0m[38;2;65;65;65m[48;2;92;91;111m▀[0m[38;2;92;91;111m[48;2;92;91;111m▀[0m[38;2;92;91;111m[48;2;65;65;65m▀[0m[38;2;92;91;111m[48;2;92;91;111m▀[0m[38;2;92;91;111m[48;2;0;0;0m▀[0m[38;2;0;0;0m▀ 
   [38;2;0;0;0m▀[38;2;65;65;65m[48;2;0;0;0m▀[0m[38;2;245;231;200m[48;2;0;0;0m▀[0m[38;2;245;231;200m[48;2;212;186;138m▀[0m[38;2;245;231;200m[48;2;152;137;114m▀[0m[38;2;65;65;65m[48;2;212;186;138m▀[0m[38;2;212;186;138m[48;2;212;186;138m▀[0m[38;2;212;186;138m[48;2;212;186;138m▀[0m[38;2;212;186;138m[48;2;0;0;0m▀[0m[38;2;65;65;65m[48;2;65;65;65m▀[0m[38;2;92;91;111m[48;2;92;91;111m▀[0m[38;2;92;91;111m[48;2;128;127;153m▀[0m[38;2;128;127;153m[48;2;128;127;153m▀[0m[38;2;128;127;153m[48;2;128;127;153m▀[0m[38;2;92;91;111m[48;2;92;91;111m▀[0m[38;2;65;65;65m[48;2;92;91;111m▀[0m[38;2;0;0;0m[48;2;0;0;0m▀[0m  [38;2;0;0;0m▀[38;2;0;0;0m▀[38;2;0;0;0m▀[38;2;0;0;0m▀   
      [38;2;0;0;0m▀[38;2;0;0;0m▀[38;2;0;0;0m▀[38;2;0;0;0m▀[38;2;0;0;0m▀ [38;2;0;0;0m▀[38;2;65;65;65m[48;2;0;0;0m▀[0m[38;2;92;91;111m[48;2;0;0;0m▀[0m[38;2;65;65;65m[48;2;0;0;0m▀[0m[38;2;92;91;111m[48;2;0;0;0m▀[0m[38;2;92;91;111m[48;2;0;0;0m▀[0m[38;2;65;65;65m[48;2;0;0;0m▀[0m[38;2;0;0;0m▀         
                                     [0m                                     