           [38;2;0;0;0m▄[38;2;0;0;0m[48;2;159;194;51m▀[0m[38;2;0;0;0m[48;2;0;0;0m▀[0m               
         [38;2;159;194;51m▄[38;2;65;65;65m[48;2;0;0;0m▀[0m[38;2;159;194;51m[48;2;0;0;0m▀[0m[38;2;0;0;0m[48;2;203;225;82m▀[0m[38;2;0;0;0m[48;2;203;225;82m▀[0m[38;2;0;0;0m[48;2;203;225;82m▀[0m[38;2;0;0;0m[48;2;203;225;82m▀[0m[38;2;0;0;0m[48;2;203;225;82m▀[0m[38;2;0;0;0m[48;2;203;225;82m▀[0m[38;2;0;0;0m▄[38;2;0;0;0m▄[38;2;0;0;0m▄[38;2;0;0;0m▄[38;2;0;0;0m▄[38;2;0;0;0m▄     
        [38;2;0;0;0m▄[38;2;0;0;0m[48;2;203;225;82m▀[0m[38;2;203;225;82m[48;2;203;225;82m▀[0m[38;2;203;225;82m[48;2;203;225;82m▀[0m[38;2;203;225;82m[48;2;203;225;82m▀[0m[38;2;203;225;82m[48;2;203;225;82m▀[0m[38;2;203;225;82m[48;2;203;225;82m▀[0m[38;2;203;225;82m[48;2;159;194;51m▀[0m[38;2;203;225;82m[48;2;159;194;51m▀[0m[38;2;203;225;82m[48;2;203;225;82m▀[0m[38;2;203;225;82m[48;2;203;225;82m▀[0m[38;2;203;225;82m[48;2;203;225;82m▀[0m[38;2;65;65;65m[48;2;203;225;82m▀[0m[38;2;159;194;51m[48;2;65;65;65m▀[0m[38;2;159;194;51m[48;2;83;130;34m▀[0m[38;2;0;0;0m[48;2;65;65;65m▀[0m[38;2;0;0;0m▄    
       [38;2;0;0;0m[48;2;0;0;0m▀[0m[38;2;203;225;82m[48;2;134;171;39m▀[0m[38;2;203;225;82m[48;2;203;225;82m▀[0m[38;2;203;225;82m[48;2;203;225;82m▀[0m[38;2;203;225;82m[48;2;203;225;82m▀[0m[38;2;203;225;82m[48;2;203;225;82m▀[0m[38;2;203;225;82m[48;2;159;194;51m▀[0m[38;2;159;194;51m[48;2;255;255;255m▀[0m[38;2;255;255;255m[48;2;0;0;0m▀[0m[38;2;255;255;255m[48;2;255;255;255m▀[0m[38;2;159;194;51m[48;2;159;194;51m▀[0m[38;2;203;225;82m[48;2;203;225;82m▀[0m[38;2;203;225;82m[48;2;203;225;82m▀[0m[38;2;203;225;82m[48;2;203;225;82m▀[0m[38;2;65;65;65m[48;2;203;225;82m▀[0m[38;2;159;194;51m[48;2;0;0;0m▀[0m[38;2;159;194;51m[48;2;0;0;0m▀[0m[38;2;159;194;51m[48;2;0;0;0m▀[0m[38;2;0;0;0m[48;2;0;0;0m▀[0m   
  [38;2;0;0;0m▄[38;2;0;0;0m[48;2;191;148;64m▀[0m[38;2;0;0;0m[48;2;0;0;0m▀[0m [38;2;0;0;0m[48;2;0;0;0m▀[0m[38;2;173;82;90m[48;2;230;74;41m▀[0m[38;2;203;225;82m[48;2;203;225;82m▀[0m[38;2;134;171;39m[48;2;134;171;39m▀[0m[38;2;203;225;82m[48;2;203;225;82m▀[0m[38;2;203;225;82m[48;2;203;225;82m▀[0m[38;2;203;225;82m[48;2;203;225;82m▀[0m[38;2;159;194;51m[48;2;134;171;39m▀[0m[38;2;255;255;255m[48;2;159;194;51m▀[0m[38;2;255;255;255m[48;2;159;194;51m▀[0m[38;2;159;194;51m[48;2;203;225;82m▀[0m[38;2;203;225;82m[48;2;134;171;39m▀[0m[38;2;203;225;82m[48;2;203;225;82m▀[0m[38;2;203;225;82m[48;2;173;82;90m▀[0m[38;2;203;225;82m[48;2;159;194;51m▀[0m[38;2;159;194;51m[48;2;0;0;0m▀[0m[38;2;0;0;0m▀      
 [38;2;0;0;0m[48;2;0;0;0m▀[0m[38;2;0;0;0m[48;2;191;148;64m▀[0m[38;2;191;148;64m[48;2;191;148;64m▀[0m[38;2;0;0;0m[48;2;191;148;64m▀[0m[38;2;0;0;0m▄ [38;2;0;0;0m▀[38;2;203;225;82m[48;2;0;0;0m▀[0m[38;2;134;171;39m[48;2;203;225;82m▀[0m[38;2;203;225;82m[48;2;173;82;90m▀[0m[38;2;203;225;82m[48;2;203;225;82m▀[0m[38;2;134;171;39m[48;2;173;82;90m▀[0m[38;2;203;225;82m[48;2;159;194;51m▀[0m[38;2;134;171;39m[48;2;173;82;90m▀[0m[38;2;203;225;82m[48;2;203;225;82m▀[0m[38;2;134;171;39m[48;2;173;82;90m▀[0m[38;2;203;225;82m[48;2;159;194;51m▀[0m[38;2;134;171;39m[48;2;230;74;41m▀[0m[38;2;173;82;90m[48;2;159;194;51m▀[0m[38;2;159;194;51m[48;2;0;0;0m▀[0m[38;2;0;0;0m▀       
  [38;2;0;0;0m[48;2;0;0;0m▀[0m[38;2;191;148;64m[48;2;191;148;64m▀[0m[38;2;191;148;64m[48;2;191;148;64m▀[0m[38;2;0;0;0m[48;2;191;148;64m▀[0m[38;2;0;0;0m▄  [38;2;0;0;0m[48;2;65;65;65m▀[0m[38;2;0;0;0m[48;2;0;0;0m▀[0m[38;2;203;225;82m[48;2;159;194;51m▀[0m[38;2;230;74;41m[48;2;65;65;65m▀[0m[38;2;159;194;51m[48;2;65;65;65m▀[0m[38;2;230;74;41m[48;2;65;65;65m▀[0m[38;2;203;225;82m[48;2;159;194;51m▀[0m[38;2;230;74;41m[48;2;65;65;65m▀[0m[38;2;159;194;51m[48;2;0;0;0m▀[0m[38;2;0;0;0m▀[38;2;0;0;0m▀     [38;2;0;0;0m▄[38;2;0;0;0m[48;2;191;148;64m▀[0m[38;2;0;0;0m[48;2;0;0;0m▀[0m 
   [38;2;0;0;0m▀[38;2;191;148;64m[48;2;0;0;0m▀[0m[38;2;191;148;64m[48;2;0;0;0m▀[0m[38;2;160;99;38m[48;2;160;99;38m▀[0m[38;2;0;0;0m[48;2;160;99;38m▀[0m[38;2;0;0;0m[48;2;160;99;38m▀[0m[38;2;160;99;38m[48;2;0;0;0m▀[0m[38;2;160;99;38m[48;2;0;0;0m▀[0m[38;2;0;0;0m▀[38;2;189;165;90m[48;2;0;0;0m▀[0m[38;2;189;165;90m[48;2;189;165;90m▀[0m[38;2;189;165;90m[48;2;189;165;90m▀[0m[38;2;65;65;65m[48;2;189;165;90m▀[0m[38;2;191;148;64m[48;2;65;65;65m▀[0m[38;2;191;148;64m[48;2;191;148;64m▀[0m[38;2;0;0;0m[48;2;191;148;64m▀[0m[38;2;0;0;0m[48;2;191;148;64m▀[0m[38;2;0;0;0m▄[38;2;0;0;0m▄[38;2;0;0;0m▄[38;2;0;0;0m[48;2;191;148;64m▀[0m[38;2;0;0;0m[48;2;191;148;64m▀[0m[38;2;191;148;64m[48;2;0;0;0m▀[0m[38;2;191;148;64m[48;2;0;0;0m▀[0m[38;2;0;0;0m▀ 
      [38;2;0;0;0m▀[38;2;0;0;0m▀[38;2;0;0;0m▀    [38;2;0;0;0m▀[38;2;0;0;0m[48;2;0;0;0m▀[0m[38;2;65;65;65m[48;2;173;82;90m▀[0m[38;2;65;65;65m[48;2;65;65;65m▀[0m[38;2;65;65;65m[48;2;65;65;65m▀[0m[38;2;191;148;64m[48;2;65;65;65m▀[0m[38;2;191;148;64m[48;2;191;148;64m▀[0m[38;2;191;148;64m[48;2;191;148;64m▀[0m[38;2;191;148;64m[48;2;191;148;64m▀[0m[38;2;191;148;64m[48;2;191;148;64m▀[0m[38;2;191;148;64m[48;2;191;148;64m▀[0m[38;2;0;0;0m[48;2;191;148;64m▀[0m[38;2;0;0;0m▄   
             [38;2;0;0;0m[48;2;0;0;0m▀[0m[38;2;173;82;90m[48;2;230;74;41m▀[0m[38;2;65;65;65m[48;2;65;65;65m▀[0m[38;2;191;148;64m[48;2;191;148;64m▀[0m[38;2;65;65;65m[48;2;65;65;65m▀[0m[38;2;173;82;90m[48;2;230;74;41m▀[0m[38;2;65;65;65m[48;2;65;65;65m▀[0m[38;2;191;148;64m[48;2;65;65;65m▀[0m[38;2;191;148;64m[48;2;0;0;0m▀[0m[38;2;191;148;64m[48;2;0;0;0m▀[0m[38;2;0;0;0m▀[38;2;0;0;0m▀[38;2;0;0;0m▀   
              [38;2;0;0;0m▀[38;2;230;74;41m[48;2;0;0;0m▀[0m[38;2;0;0;0m▀[38;2;191;148;64m[48;2;0;0;0m▀[0m[38;2;65;65;65m[48;2;0;0;0m▀[0m[38;2;230;74;41m[48;2;230;74;41m▀[0m[38;2;0;0;0m[48;2;0;0;0m▀[0m        
                              [38;2;0;0;0m▀[38;2;0;0;0m▀                    
                                     [0m                                     