    [38;2;0;0;0m▄[38;2;0;0;0m[48;2;218;181;226m▀[0m[38;2;0;0;0m[48;2;218;181;226m▀[0m[38;2;0;0;0m▄       
   [38;2;0;0;0m[48;2;0;0;0m▀[0m[38;2;218;181;226m[48;2;218;181;226m▀[0m[38;2;218;181;226m[48;2;218;181;226m▀[0m[38;2;0;0;0m[48;2;65;65;65m▀[0m[38;2;0;0;0m▄[38;2;0;0;0m▄      
   [38;2;0;0;0m▄[38;2;0;0;0m[48;2;218;181;226m▀[0m[38;2;218;181;226m[48;2;65;65;65m▀[0m[38;2;218;181;226m[48;2;218;181;226m▀[0m[38;2;151;114;159m[48;2;218;181;226m▀[0m[38;2;218;181;226m[48;2;218;181;226m▀[0m[38;2;0;0;0m[48;2;218;181;226m▀[0m[38;2;0;0;0m[48;2;218;181;226m▀[0m[38;2;0;0;0m▄   
  [38;2;0;0;0m[48;2;0;0;0m▀[0m[38;2;218;181;226m[48;2;218;181;226m▀[0m[38;2;218;181;226m[48;2;218;181;226m▀[0m[38;2;218;181;226m[48;2;218;181;226m▀[0m[38;2;218;181;226m[48;2;218;181;226m▀[0m[38;2;218;181;226m[48;2;218;181;226m▀[0m[38;2;218;181;226m[48;2;218;181;226m▀[0m[38;2;218;181;226m[48;2;218;181;226m▀[0m[38;2;218;181;226m[48;2;218;181;226m▀[0m[38;2;218;181;226m[48;2;218;181;226m▀[0m[38;2;0;0;0m[48;2;0;0;0m▀[0m  
 [38;2;0;0;0m[48;2;0;0;0m▀[0m[38;2;255;242;0m[48;2;65;65;65m▀[0m[38;2;218;181;226m[48;2;218;176;113m▀[0m[38;2;218;181;226m[48;2;218;181;226m▀[0m[38;2;218;181;226m[48;2;218;176;113m▀[0m[38;2;218;181;226m[48;2;255;242;0m▀[0m[38;2;218;181;226m[48;2;255;242;0m▀[0m[38;2;218;181;226m[48;2;255;242;0m▀[0m[38;2;218;181;226m[48;2;218;176;113m▀[0m[38;2;218;181;226m[48;2;218;181;226m▀[0m[38;2;218;181;226m[48;2;218;181;226m▀[0m[38;2;218;181;226m[48;2;218;181;226m▀[0m[38;2;0;0;0m[48;2;0;0;0m▀[0m 
 [38;2;0;0;0m▀[38;2;255;242;0m[48;2;0;0;0m▀[0m[38;2;255;242;0m[48;2;255;242;0m▀[0m[38;2;218;176;113m[48;2;255;242;0m▀[0m[38;2;255;242;0m[48;2;255;242;0m▀[0m[38;2;197;197;197m[48;2;65;65;65m▀[0m[38;2;65;65;65m[48;2;0;0;0m▀[0m[38;2;255;242;0m[48;2;255;242;0m▀[0m[38;2;255;242;0m[48;2;255;242;0m▀[0m[38;2;218;181;226m[48;2;218;181;226m▀[0m[38;2;218;181;226m[48;2;177;140;185m▀[0m[38;2;177;140;185m[48;2;0;0;0m▀[0m[38;2;0;0;0m▀ 
  [38;2;0;0;0m▀[38;2;177;140;185m[48;2;0;0;0m▀[0m[38;2;177;140;185m[48;2;177;140;185m▀[0m[38;2;218;176;113m[48;2;177;140;185m▀[0m[38;2;255;242;0m[48;2;65;65;65m▀[0m[38;2;255;242;0m[48;2;177;140;185m▀[0m[38;2;255;242;0m[48;2;177;140;185m▀[0m[38;2;218;176;113m[48;2;177;140;185m▀[0m[38;2;177;140;185m[48;2;177;140;185m▀[0m[38;2;177;140;185m[48;2;0;0;0m▀[0m[38;2;0;0;0m▀  
   [38;2;0;0;0m▄[38;2;0;0;0m[48;2;151;114;159m▀[0m[38;2;65;65;65m[48;2;218;181;226m▀[0m[38;2;177;140;185m[48;2;177;140;185m▀[0m[38;2;177;140;185m[48;2;177;140;185m▀[0m[38;2;177;140;185m[48;2;177;140;185m▀[0m[38;2;65;65;65m[48;2;218;181;226m▀[0m[38;2;0;0;0m[48;2;177;140;185m▀[0m[38;2;0;0;0m▄[38;2;0;0;0m▄  
   [38;2;0;0;0m[48;2;0;0;0m▀[0m[38;2;218;181;226m[48;2;151;114;159m▀[0m[38;2;218;181;226m[48;2;218;181;226m▀[0m[38;2;218;181;226m[48;2;151;114;159m▀[0m[38;2;218;181;226m[48;2;218;181;226m▀[0m[38;2;218;181;226m[48;2;218;181;226m▀[0m[38;2;218;181;226m[48;2;218;181;226m▀[0m[38;2;218;181;226m[48;2;177;140;185m▀[0m[38;2;177;140;185m[48;2;0;0;0m▀[0m[38;2;177;140;185m[48;2;0;0;0m▀[0m[38;2;0;0;0m▀ 
    [38;2;0;0;0m▀[38;2;0;0;0m▀[38;2;65;65;65m▀[38;2;151;114;159m[48;2;0;0;0m▀[0m[38;2;218;181;226m[48;2;0;0;0m▀[0m[38;2;218;181;226m[48;2;0;0;0m▀[0m[38;2;0;0;0m▀    
                                     [0m                                     