                 [38;2;0;0;0m▄[38;2;0;0;0m[48;2;236;99;81m▀[0m[38;2;0;0;0m▄                   
                 [38;2;0;0;0m[48;2;0;0;0m▀[0m[38;2;236;99;81m[48;2;236;99;81m▀[0m[38;2;0;0;0m[48;2;0;0;0m▀[0m                   
                 [38;2;0;0;0m▀[38;2;236;99;81m[48;2;0;0;0m▀[0m[38;2;236;99;81m[48;2;236;99;81m▀[0m[38;2;0;0;0m[48;2;0;0;0m▀[0m                  
                  [38;2;0;0;0m[48;2;0;0;0m▀[0m[38;2;236;99;81m[48;2;236;99;81m▀[0m[38;2;236;99;81m[48;2;236;99;81m▀[0m[38;2;0;0;0m[48;2;0;0;0m▀[0m                 
                [38;2;0;0;0m▄[38;2;0;0;0m[48;2;236;99;81m▀[0m[38;2;238;126;65m[48;2;238;126;65m▀[0m[38;2;238;126;65m[48;2;238;126;65m▀[0m[38;2;236;99;81m[48;2;0;0;0m▀[0m[38;2;0;0;0m▀                 
               [38;2;0;0;0m▄[38;2;0;0;0m[48;2;236;99;81m▀[0m[38;2;236;99;81m[48;2;236;99;81m▀[0m[38;2;238;126;65m[48;2;238;126;65m▀[0m[38;2;238;126;65m[48;2;238;126;65m▀[0m[38;2;0;0;0m[48;2;0;0;0m▀[0m                  
               [38;2;0;0;0m[48;2;0;0;0m▀[0m[38;2;249;169;0m[48;2;239;129;62m▀[0m[38;2;239;129;62m[48;2;249;169;0m▀[0m[38;2;249;169;0m[48;2;239;129;62m▀[0m[38;2;239;129;62m[48;2;249;169;0m▀[0m[38;2;0;0;0m[48;2;236;99;81m▀[0m[38;2;0;0;0m▄                 
               [38;2;0;0;0m[48;2;0;0;0m▀[0m[38;2;250;164;0m[48;2;250;164;0m▀[0m[38;2;250;164;0m[48;2;250;164;0m▀[0m[38;2;255;195;102m[48;2;255;195;102m▀[0m[38;2;249;165;0m[48;2;249;165;0m▀[0m[38;2;249;169;0m[48;2;249;169;0m▀[0m[38;2;0;0;0m[48;2;0;0;0m▀[0m                 
               [38;2;0;0;0m▄[38;2;8;0;0m[48;2;86;103;123m▀[0m[38;2;255;198;125m[48;2;255;198;125m▀[0m[38;2;255;195;102m[48;2;82;81;66m▀[0m[38;2;255;195;102m[48;2;255;195;102m▀[0m[38;2;0;0;0m[48;2;103;103;90m▀[0m[38;2;0;0;0m▄                 
  [38;2;0;0;0m▄     [38;2;0;0;0m▄[38;2;0;0;0m[48;2;236;99;81m▀[0m[38;2;0;0;0m▄  [38;2;0;0;0m▄[38;2;0;0;0m▄[38;2;0;0;0m[48;2;156;255;176m▀[0m[38;2;107;105;90m[48;2;66;65;66m▀[0m[38;2;79;78;74m[48;2;79;78;74m▀[0m[38;2;101;102;93m[48;2;101;102;93m▀[0m[38;2;79;79;71m[48;2;79;79;71m▀[0m[38;2;107;105;90m[48;2;66;65;66m▀[0m[38;2;79;78;74m[48;2;79;78;74m▀[0m[38;2;0;0;0m[48;2;165;247;218m▀[0m[38;2;0;0;0m[48;2;55;69;82m▀[0m[38;2;0;0;0m▄           [38;2;0;0;0m▄  
 [38;2;0;0;0m[48;2;0;0;0m▀[0m[38;2;236;99;81m[48;2;236;99;81m▀[0m[38;2;0;0;0m[48;2;0;0;0m▀[0m   [38;2;0;0;0m▄[38;2;0;0;0m[48;2;233;182;66m▀[0m[38;2;233;182;66m[48;2;233;182;66m▀[0m[38;2;0;0;0m[48;2;0;0;0m▀[0m [38;2;0;0;0m[48;2;0;0;0m▀[0m[38;2;77;81;85m[48;2;231;255;239m▀[0m[38;2;228;255;235m[48;2;228;255;235m▀[0m[38;2;228;255;235m[48;2;228;255;235m▀[0m[38;2;231;255;239m[48;2;82;81;66m▀[0m[38;2;82;81;66m[48;2;231;255;239m▀[0m[38;2;66;65;66m[48;2;148;255;186m▀[0m[38;2;148;255;186m[48;2;148;255;186m▀[0m[38;2;82;81;66m[48;2;82;81;66m▀[0m[38;2;148;255;178m[48;2;148;255;178m▀[0m[38;2;156;255;175m[48;2;156;255;175m▀[0m[38;2;156;255;175m[48;2;156;255;175m▀[0m[38;2;60;73;85m[48;2;165;255;223m▀[0m[38;2;8;4;0m[48;2;8;4;0m▀[0m    [38;2;0;0;0m▄[38;2;0;0;0m[48;2;236;99;81m▀[0m[38;2;0;0;0m▄  [38;2;0;0;0m[48;2;0;0;0m▀[0m[38;2;236;99;81m[48;2;236;99;81m▀[0m[38;2;0;0;0m[48;2;0;0;0m▀[0m 
 [38;2;0;0;0m[48;2;0;0;0m▀[0m[38;2;239;129;62m[48;2;249;169;0m▀[0m[38;2;239;129;62m[48;2;249;169;0m▀[0m[38;2;0;0;0m[48;2;0;0;0m▀[0m [38;2;0;0;0m▄[38;2;0;0;0m[48;2;66;65;66m▀[0m[38;2;255;195;102m[48;2;82;81;66m▀[0m[38;2;255;195;102m[48;2;82;81;66m▀[0m[38;2;66;65;66m[48;2;66;65;66m▀[0m[38;2;0;0;0m[48;2;66;65;66m▀[0m[38;2;66;65;66m[48;2;208;35;151m▀[0m[38;2;181;247;219m[48;2;66;65;66m▀[0m[38;2;189;255;227m[48;2;189;255;227m▀[0m[38;2;82;81;66m[48;2;82;81;66m▀[0m[38;2;82;81;66m[48;2;148;255;186m▀[0m[38;2;148;255;186m[48;2;148;255;186m▀[0m[38;2;148;255;241m[48;2;148;255;241m▀[0m[38;2;148;255;241m[48;2;82;81;66m▀[0m[38;2;82;78;68m[48;2;66;65;66m▀[0m[38;2;82;78;68m[48;2;66;65;66m▀[0m[38;2;156;255;184m[48;2;82;81;66m▀[0m[38;2;156;255;184m[48;2;156;255;184m▀[0m[38;2;156;255;176m[48;2;156;255;176m▀[0m[38;2;82;81;66m[48;2;156;255;176m▀[0m[38;2;0;0;0m[48;2;0;0;0m▀[0m   [38;2;0;0;0m[48;2;0;0;0m▀[0m[38;2;236;99;81m[48;2;236;99;81m▀[0m[38;2;0;0;0m[48;2;236;99;81m▀[0m[38;2;0;0;0m▄[38;2;8;4;0m[48;2;52;62;79m▀[0m[38;2;255;174;85m[48;2;255;174;85m▀[0m[38;2;255;193;0m[48;2;255;193;0m▀[0m[38;2;0;0;0m[48;2;0;0;0m▀[0m 
  [38;2;8;4;0m[48;2;8;4;0m▀[0m[38;2;255;201;119m[48;2;60;73;85m▀[0m[38;2;255;193;128m[48;2;65;70;82m▀[0m[38;2;16;0;0m[48;2;65;70;82m▀[0m[38;2;71;70;66m[48;2;71;70;66m▀[0m[38;2;71;70;66m[48;2;0;0;0m▀[0m[38;2;71;70;66m[48;2;71;70;66m▀[0m[38;2;71;70;66m[48;2;0;0;0m▀[0m[38;2;0;0;0m▀[38;2;66;65;66m[48;2;0;0;0m▀[0m[38;2;255;94;202m[48;2;74;69;66m▀[0m[38;2;74;69;66m[48;2;74;69;66m▀[0m[38;2;82;81;66m[48;2;148;255;241m▀[0m[38;2;82;81;66m[48;2;82;81;66m▀[0m[38;2;148;255;241m[48;2;82;81;66m▀[0m[38;2;82;81;66m[48;2;82;81;66m▀[0m[38;2;148;255;241m[48;2;74;69;66m▀[0m[38;2;74;69;66m[48;2;74;69;66m▀[0m[38;2;255;94;202m[48;2;255;94;202m▀[0m[38;2;255;94;202m[48;2;255;94;202m▀[0m[38;2;66;65;66m[48;2;66;65;66m▀[0m[38;2;156;255;176m[48;2;156;255;176m▀[0m[38;2;156;255;176m[48;2;156;255;176m▀[0m[38;2;156;255;176m[48;2;66;65;66m▀[0m[38;2;0;0;0m[48;2;0;0;0m▀[0m [38;2;0;0;0m▄[38;2;0;0;0m[48;2;66;65;66m▀[0m[38;2;52;62;79m[48;2;8;4;0m▀[0m[38;2;255;174;85m[48;2;255;174;85m▀[0m[38;2;205;153;85m[48;2;255;190;83m▀[0m[38;2;74;69;74m[48;2;74;69;74m▀[0m[38;2;82;78;68m[48;2;66;65;66m▀[0m[38;2;82;78;68m[48;2;82;78;68m▀[0m[38;2;82;79;70m[48;2;0;0;0m▀[0m[38;2;0;0;0m▀ 
  [38;2;0;0;0m▀[38;2;0;0;0m[48;2;0;0;0m▀[0m[38;2;82;79;70m[48;2;0;0;0m▀[0m[38;2;0;0;0m▀[38;2;0;0;0m▀ [38;2;0;0;0m[48;2;0;0;0m▀[0m[38;2;0;0;0m[48;2;0;0;0m▀[0m  [38;2;8;0;0m[48;2;8;0;0m▀[0m[38;2;148;247;232m[48;2;54;82;73m▀[0m[38;2;148;255;241m[48;2;148;255;241m▀[0m[38;2;82;81;66m[48;2;82;81;66m▀[0m[38;2;148;255;241m[48;2;82;81;66m▀[0m[38;2;82;81;66m[48;2;148;255;241m▀[0m[38;2;145;255;191m[48;2;145;255;191m▀[0m[38;2;145;255;191m[48;2;145;255;191m▀[0m[38;2;74;69;66m[48;2;148;255;241m▀[0m[38;2;74;69;66m[48;2;74;69;66m▀[0m[38;2;156;255;175m[48;2;156;255;175m▀[0m[38;2;156;255;175m[48;2;156;255;175m▀[0m[38;2;165;255;223m[48;2;60;73;85m▀[0m[38;2;8;4;0m[48;2;8;4;0m▀[0m  [38;2;0;0;0m[48;2;0;0;0m▀[0m[38;2;0;0;0m[48;2;0;0;0m▀[0m [38;2;0;0;0m[48;2;0;0;0m▀[0m[38;2;82;78;68m[48;2;82;78;68m▀[0m[38;2;82;78;68m[48;2;66;65;66m▀[0m[38;2;66;65;66m[48;2;66;65;66m▀[0m[38;2;66;65;66m[48;2;0;0;0m▀[0m[38;2;0;0;0m▀  
   [38;2;0;0;0m▀[38;2;0;0;0m[48;2;0;0;0m▀[0m[38;2;0;0;0m▄ [38;2;0;0;0m▀[38;2;0;0;0m▀    [38;2;0;0;0m▀[38;2;0;0;0m▀[38;2;148;255;241m[48;2;0;0;0m▀[0m[38;2;82;78;68m[48;2;66;65;66m▀[0m[38;2;82;78;68m[48;2;66;65;66m▀[0m[38;2;148;255;241m[48;2;66;65;66m▀[0m[38;2;148;255;241m[48;2;66;65;66m▀[0m[38;2;62;82;75m[48;2;62;82;75m▀[0m[38;2;156;247;234m[48;2;16;8;0m▀[0m[38;2;82;79;70m[48;2;0;0;0m▀[0m[38;2;0;0;0m▀[38;2;0;0;0m▀   [38;2;0;0;0m▀[38;2;66;65;66m[48;2;0;0;0m▀[0m[38;2;0;0;0m[48;2;0;0;0m▀[0m[38;2;0;0;0m▀[38;2;66;65;66m[48;2;0;0;0m▀[0m[38;2;66;65;66m[48;2;66;65;66m▀[0m[38;2;0;0;0m[48;2;0;0;0m▀[0m    
     [38;2;0;0;0m▀[38;2;0;0;0m▀[38;2;0;0;0m▀[38;2;0;0;0m[48;2;0;0;0m▀[0m[38;2;0;0;0m▄[38;2;0;0;0m▄[38;2;0;0;0m▄[38;2;0;0;0m[48;2;0;0;0m▀[0m[38;2;0;0;0m▀[38;2;0;0;0m▀ [38;2;0;0;0m▀[38;2;82;79;70m[48;2;0;0;0m▀[0m[38;2;82;79;68m[48;2;82;79;68m▀[0m[38;2;82;79;68m[48;2;0;0;0m▀[0m[38;2;0;0;0m▀[38;2;0;0;0m▄[38;2;0;0;0m▄[38;2;0;0;0m▄[38;2;0;0;0m▄   [38;2;0;0;0m▄[38;2;0;0;0m▄[38;2;0;0;0m▄[38;2;0;0;0m[48;2;0;0;0m▀[0m[38;2;66;65;66m[48;2;0;0;0m▀[0m[38;2;0;0;0m▀     
                 [38;2;0;0;0m▀[38;2;82;79;70m[48;2;0;0;0m▀[0m[38;2;0;0;0m▀    [38;2;0;0;0m▀[38;2;0;0;0m▀[38;2;0;0;0m▀[38;2;0;0;0m▀[38;2;0;0;0m▀[38;2;0;0;0m▀[38;2;0;0;0m▀        
                                     [0m                                     