      [38;2;0;0;0m▄[38;2;0;0;0m▄[38;2;0;0;0m▄[38;2;0;0;0m[48;2;248;232;195m▀[0m[38;2;0;0;0m[48;2;248;232;195m▀[0m[38;2;0;0;0m[48;2;248;232;195m▀[0m[38;2;0;0;0m[48;2;248;232;195m▀[0m[38;2;0;0;0m▄[38;2;0;0;0m▄      
  [38;2;0;0;0m▄[38;2;0;0;0m▄[38;2;0;0;0m[48;2;243;205;130m▀[0m[38;2;0;0;0m[48;2;243;205;130m▀[0m[38;2;65;65;65m[48;2;248;232;195m▀[0m[38;2;248;232;195m[48;2;248;232;195m▀[0m[38;2;248;232;195m[48;2;248;232;195m▀[0m[38;2;248;232;195m[48;2;248;232;195m▀[0m[38;2;248;232;195m[48;2;248;232;195m▀[0m[38;2;248;232;195m[48;2;248;232;195m▀[0m[38;2;248;232;195m[48;2;248;232;195m▀[0m[38;2;248;232;195m[48;2;248;232;195m▀[0m[38;2;248;232;195m[48;2;248;232;195m▀[0m[38;2;0;0;0m[48;2;248;232;195m▀[0m[38;2;0;0;0m▄    
 [38;2;0;0;0m▀[38;2;128;205;1m[48;2;0;0;0m▀[0m[38;2;128;205;1m[48;2;65;65;65m▀[0m[38;2;204;166;91m[48;2;248;232;195m▀[0m[38;2;248;232;195m[48;2;248;232;195m▀[0m[38;2;255;255;255m[48;2;0;0;0m▀[0m[38;2;248;232;195m[48;2;248;232;195m▀[0m[38;2;248;232;195m[48;2;248;232;195m▀[0m[38;2;248;232;195m[48;2;255;255;255m▀[0m[38;2;248;232;195m[48;2;248;232;195m▀[0m[38;2;248;232;195m[48;2;248;232;195m▀[0m[38;2;248;232;195m[48;2;248;232;195m▀[0m[38;2;248;232;195m[48;2;204;166;91m▀[0m[38;2;248;232;195m[48;2;248;232;195m▀[0m[38;2;204;166;91m[48;2;65;65;65m▀[0m[38;2;248;232;195m[48;2;243;205;130m▀[0m[38;2;0;0;0m[48;2;128;205;1m▀[0m[38;2;0;0;0m▄  
  [38;2;0;0;0m▄[38;2;0;0;0m[48;2;248;232;195m▀[0m[38;2;248;232;195m[48;2;243;205;130m▀[0m[38;2;248;232;195m[48;2;248;232;195m▀[0m[38;2;243;205;130m[48;2;248;232;195m▀[0m[38;2;248;232;195m[48;2;204;166;91m▀[0m[38;2;248;232;195m[48;2;204;166;91m▀[0m[38;2;0;0;0m[48;2;248;232;195m▀[0m[38;2;248;232;195m[48;2;248;232;195m▀[0m[38;2;204;166;91m[48;2;65;65;65m▀[0m[38;2;248;232;195m[48;2;243;205;130m▀[0m[38;2;65;65;65m[48;2;128;205;1m▀[0m[38;2;243;205;130m[48;2;65;65;65m▀[0m[38;2;128;205;1m[48;2;128;205;1m▀[0m[38;2;65;65;65m[48;2;128;205;1m▀[0m[38;2;128;205;1m[48;2;65;65;65m▀[0m[38;2;128;205;1m[48;2;0;0;0m▀[0m[38;2;0;0;0m▀ 
  [38;2;0;0;0m[48;2;0;0;0m▀[0m[38;2;248;232;195m[48;2;204;166;91m▀[0m[38;2;248;232;195m[48;2;248;232;195m▀[0m[38;2;204;166;91m[48;2;204;166;91m▀[0m[38;2;248;232;195m[48;2;65;65;65m▀[0m[38;2;248;232;195m[48;2;248;232;195m▀[0m[38;2;248;232;195m[48;2;248;232;195m▀[0m[38;2;248;232;195m[48;2;204;166;91m▀[0m[38;2;248;232;195m[48;2;204;166;91m▀[0m[38;2;248;232;195m[48;2;248;232;195m▀[0m[38;2;65;65;65m[48;2;248;232;195m▀[0m[38;2;128;205;1m[48;2;65;65;65m▀[0m[38;2;128;205;1m[48;2;65;65;65m▀[0m[38;2;65;65;65m[48;2;248;232;195m▀[0m[38;2;65;65;65m[48;2;243;205;130m▀[0m[38;2;243;205;130m[48;2;243;205;130m▀[0m[38;2;0;0;0m[48;2;0;0;0m▀[0m  
  [38;2;0;0;0m▀[38;2;248;232;195m[48;2;0;0;0m▀[0m[38;2;204;166;91m[48;2;255;255;255m▀[0m[38;2;204;166;91m[48;2;255;255;255m▀[0m[38;2;255;255;255m[48;2;255;255;255m▀[0m[38;2;65;65;65m[48;2;204;166;91m▀[0m[38;2;204;166;91m[48;2;248;232;195m▀[0m[38;2;248;232;195m[48;2;248;232;195m▀[0m[38;2;248;232;195m[48;2;248;232;195m▀[0m[38;2;248;232;195m[48;2;204;166;91m▀[0m[38;2;248;232;195m[48;2;248;232;195m▀[0m[38;2;248;232;195m[48;2;248;232;195m▀[0m[38;2;248;232;195m[48;2;243;205;130m▀[0m[38;2;243;205;130m[48;2;243;205;130m▀[0m[38;2;243;205;130m[48;2;243;205;130m▀[0m[38;2;243;205;130m[48;2;0;0;0m▀[0m[38;2;0;0;0m▀  
   [38;2;0;0;0m[48;2;0;0;0m▀[0m[38;2;128;205;1m[48;2;128;205;1m▀[0m[38;2;255;255;255m[48;2;128;205;1m▀[0m[38;2;255;255;255m[48;2;128;205;1m▀[0m[38;2;255;255;255m[48;2;128;205;1m▀[0m[38;2;204;166;91m[48;2;65;65;65m▀[0m[38;2;204;166;91m[48;2;243;205;130m▀[0m[38;2;204;166;91m[48;2;243;205;130m▀[0m[38;2;243;205;130m[48;2;243;205;130m▀[0m[38;2;243;205;130m[48;2;243;205;130m▀[0m[38;2;243;205;130m[48;2;243;205;130m▀[0m[38;2;243;205;130m[48;2;243;205;130m▀[0m[38;2;243;205;130m[48;2;243;205;130m▀[0m[38;2;243;205;130m[48;2;204;166;91m▀[0m[38;2;0;0;0m[48;2;220;182;107m▀[0m[38;2;0;0;0m[48;2;220;182;107m▀[0m[38;2;0;0;0m▄ 
    [38;2;0;0;0m[48;2;0;0;0m▀[0m[38;2;128;205;1m[48;2;65;65;65m▀[0m[38;2;128;205;1m[48;2;65;65;65m▀[0m[38;2;65;65;65m[48;2;243;205;130m▀[0m[38;2;243;205;130m[48;2;243;205;130m▀[0m[38;2;243;205;130m[48;2;243;205;130m▀[0m[38;2;243;205;130m[48;2;243;205;130m▀[0m[38;2;243;205;130m[48;2;243;205;130m▀[0m[38;2;243;205;130m[48;2;243;205;130m▀[0m[38;2;243;205;130m[48;2;65;65;65m▀[0m[38;2;243;205;130m[48;2;0;0;0m▀[0m[38;2;204;166;91m[48;2;0;0;0m▀[0m[38;2;220;182;107m[48;2;0;0;0m▀[0m[38;2;0;0;0m▀[38;2;0;0;0m▀  
   [38;2;0;0;0m▀[38;2;204;166;91m[48;2;0;0;0m▀[0m[38;2;204;166;91m[48;2;0;0;0m▀[0m[38;2;204;166;91m[48;2;0;0;0m▀[0m[38;2;0;0;0m▀[38;2;0;0;0m▀[38;2;0;0;0m▀[38;2;0;0;0m[48;2;0;0;0m▀[0m[38;2;65;65;65m[48;2;204;166;91m▀[0m[38;2;65;65;65m[48;2;204;166;91m▀[0m[38;2;204;166;91m[48;2;204;166;91m▀[0m[38;2;0;0;0m[48;2;0;0;0m▀[0m      
          [38;2;0;0;0m▀[38;2;128;205;1m[48;2;0;0;0m▀[0m[38;2;128;205;1m[48;2;0;0;0m▀[0m[38;2;0;0;0m▀       
                                     [0m                                     