                                       [38;2;0;0;0m▄[38;2;0;0;0m[48;2;255;98;57m▀[0m[38;2;0;0;0m▄    
                                      [38;2;0;0;0m▄[38;2;0;0;0m[48;2;255;98;57m▀[0m[38;2;255;98;57m[48;2;255;98;57m▀[0m[38;2;255;98;57m[48;2;255;98;57m▀[0m[38;2;0;0;0m[48;2;0;0;0m▀[0m   
                                     [38;2;0;0;0m[48;2;0;0;0m▀[0m[38;2;255;98;57m[48;2;255;98;57m▀[0m[38;2;255;98;57m[48;2;255;164;82m▀[0m[38;2;255;98;57m[48;2;255;98;57m▀[0m[38;2;0;0;0m[48;2;0;0;0m▀[0m [38;2;0;0;0m▄  
        [38;2;0;0;0m▄[38;2;0;0;0m[48;2;92;92;84m▀[0m[38;2;0;0;0m▄   [38;2;0;0;0m▄[38;2;0;0;0m[48;2;64;64;56m▀[0m[38;2;0;0;0m[48;2;64;64;56m▀[0m[38;2;0;0;0m▄[38;2;0;0;0m▄                 [38;2;0;0;0m[48;2;0;0;0m▀[0m[38;2;255;98;57m[48;2;255;98;57m▀[0m[38;2;255;98;57m[48;2;255;238;65m▀[0m[38;2;255;238;65m[48;2;255;164;82m▀[0m[38;2;255;98;57m[48;2;255;98;57m▀[0m[38;2;255;98;57m[48;2;255;98;57m▀[0m[38;2;0;0;0m[48;2;255;98;57m▀[0m[38;2;255;164;82m[48;2;255;238;65m▀[0m[38;2;0;0;0m[48;2;0;0;0m▀[0m 
       [38;2;0;0;0m▄[38;2;0;0;0m[48;2;92;92;84m▀[0m[38;2;92;92;84m[48;2;92;92;84m▀[0m[38;2;0;0;0m[48;2;0;0;0m▀[0m   [38;2;0;0;0m▄[38;2;0;0;0m[48;2;128;128;120m▀[0m[38;2;64;64;56m[48;2;65;65;65m▀[0m[38;2;64;64;56m[48;2;64;64;56m▀[0m[38;2;64;64;56m[48;2;64;64;56m▀[0m[38;2;0;0;0m[48;2;64;64;56m▀[0m[38;2;0;0;0m▄ [38;2;0;0;0m▄[38;2;0;0;0m[48;2;128;128;120m▀[0m[38;2;0;0;0m[48;2;128;128;120m▀[0m[38;2;0;0;0m[48;2;92;92;84m▀[0m[38;2;0;0;0m▄         [38;2;0;0;0m[48;2;0;0;0m▀[0m[38;2;255;164;82m[48;2;255;238;65m▀[0m[38;2;255;238;65m[48;2;255;238;65m▀[0m[38;2;255;164;82m[48;2;255;238;65m▀[0m[38;2;255;98;57m[48;2;255;164;82m▀[0m[38;2;255;98;57m[48;2;255;238;65m▀[0m[38;2;255;164;82m[48;2;255;238;65m▀[0m[38;2;255;238;65m[48;2;0;0;0m▀[0m[38;2;0;0;0m▀ 
      [38;2;0;0;0m▄[38;2;0;0;0m[48;2;92;92;84m▀[0m[38;2;92;92;84m[48;2;92;92;84m▀[0m[38;2;0;0;0m[48;2;0;0;0m▀[0m[38;2;0;0;0m▄ [38;2;0;0;0m▄[38;2;0;0;0m[48;2;128;128;120m▀[0m[38;2;128;128;120m[48;2;128;128;120m▀[0m[38;2;128;128;120m[48;2;65;65;65m▀[0m[38;2;65;65;65m[48;2;0;0;0m▀[0m[38;2;64;64;56m[48;2;64;64;56m▀[0m[38;2;64;64;56m[48;2;64;64;56m▀[0m[38;2;64;64;56m[48;2;64;64;56m▀[0m[38;2;64;64;56m[48;2;64;64;56m▀[0m[38;2;0;0;0m[48;2;0;0;0m▀[0m [38;2;0;0;0m▀[38;2;128;128;120m[48;2;0;0;0m▀[0m[38;2;128;128;120m[48;2;64;64;56m▀[0m[38;2;128;128;120m[48;2;128;128;120m▀[0m[38;2;0;0;0m[48;2;128;128;120m▀[0m[38;2;0;0;0m▄[38;2;0;0;0m▄[38;2;0;0;0m▄[38;2;0;0;0m▄     [38;2;0;0;0m[48;2;0;0;0m▀[0m[38;2;255;238;65m[48;2;255;238;65m▀[0m[38;2;255;238;65m[48;2;255;238;65m▀[0m[38;2;255;238;65m[48;2;255;238;65m▀[0m[38;2;255;238;65m[48;2;255;238;65m▀[0m[38;2;255;238;65m[48;2;0;0;0m▀[0m[38;2;0;0;0m▀  
     [38;2;0;0;0m▄[38;2;0;0;0m[48;2;128;128;120m▀[0m[38;2;92;92;84m[48;2;128;128;120m▀[0m[38;2;128;128;120m[48;2;128;128;120m▀[0m[38;2;128;128;120m[48;2;128;128;120m▀[0m[38;2;128;128;120m[48;2;128;128;120m▀[0m[38;2;0;0;0m[48;2;128;128;120m▀[0m[38;2;128;128;120m[48;2;128;128;120m▀[0m[38;2;128;128;120m[48;2;128;128;120m▀[0m[38;2;92;92;84m[48;2;0;0;0m▀[0m[38;2;0;0;0m▀ [38;2;0;0;0m▀[38;2;64;64;56m[48;2;0;0;0m▀[0m[38;2;64;64;56m[48;2;64;64;56m▀[0m[38;2;64;64;56m[48;2;64;64;56m▀[0m[38;2;64;64;56m[48;2;64;64;56m▀[0m[38;2;0;0;0m[48;2;64;64;56m▀[0m[38;2;0;0;0m▄ [38;2;0;0;0m[48;2;0;0;0m▀[0m[38;2;92;92;84m[48;2;92;92;84m▀[0m[38;2;128;128;120m[48;2;65;65;65m▀[0m[38;2;128;128;120m[48;2;65;65;65m▀[0m[38;2;92;92;84m[48;2;128;128;120m▀[0m[38;2;92;92;84m[48;2;128;128;120m▀[0m[38;2;128;128;120m[48;2;92;92;84m▀[0m[38;2;0;0;0m[48;2;128;128;120m▀[0m[38;2;0;0;0m[48;2;128;128;120m▀[0m[38;2;0;0;0m[48;2;128;128;120m▀[0m[38;2;0;0;0m▄  [38;2;0;0;0m▀[38;2;255;164;82m[48;2;0;0;0m▀[0m[38;2;255;238;65m[48;2;255;164;82m▀[0m[38;2;255;164;82m[48;2;0;0;0m▀[0m[38;2;0;0;0m▀   
   [38;2;0;0;0m▄[38;2;0;0;0m[48;2;128;128;120m▀[0m[38;2;128;128;120m[48;2;128;128;120m▀[0m[38;2;128;128;120m[48;2;128;128;120m▀[0m[38;2;128;128;120m[48;2;128;128;120m▀[0m[38;2;128;128;120m[48;2;128;128;120m▀[0m[38;2;128;128;120m[48;2;128;128;120m▀[0m[38;2;128;128;120m[48;2;128;128;120m▀[0m[38;2;128;128;120m[48;2;128;128;120m▀[0m[38;2;128;128;120m[48;2;128;128;120m▀[0m[38;2;128;128;120m[48;2;128;128;120m▀[0m[38;2;128;128;120m[48;2;128;128;120m▀[0m[38;2;0;0;0m[48;2;92;92;84m▀[0m[38;2;0;0;0m[48;2;92;92;84m▀[0m[38;2;0;0;0m▄[38;2;0;0;0m[48;2;65;65;65m▀[0m[38;2;64;64;56m[48;2;64;64;56m▀[0m[38;2;64;64;56m[48;2;64;64;56m▀[0m[38;2;64;64;56m[48;2;0;0;0m▀[0m[38;2;0;0;0m▀[38;2;64;64;56m[48;2;0;0;0m▀[0m[38;2;0;0;0m[48;2;92;92;84m▀[0m[38;2;92;92;84m[48;2;92;92;84m▀[0m[38;2;92;92;84m[48;2;65;65;65m▀[0m[38;2;65;65;65m[48;2;153;7;9m▀[0m[38;2;153;7;9m[48;2;153;7;9m▀[0m[38;2;65;65;65m[48;2;177;31;33m▀[0m[38;2;65;65;65m[48;2;177;31;33m▀[0m[38;2;128;128;120m[48;2;65;65;65m▀[0m[38;2;92;92;84m[48;2;128;128;120m▀[0m[38;2;128;128;120m[48;2;92;92;84m▀[0m[38;2;128;128;120m[48;2;128;128;120m▀[0m[38;2;128;128;120m[48;2;128;128;120m▀[0m[38;2;0;0;0m[48;2;128;128;120m▀[0m[38;2;0;0;0m▄ [38;2;0;0;0m[48;2;0;0;0m▀[0m[38;2;92;92;84m[48;2;92;92;84m▀[0m[38;2;0;0;0m[48;2;92;92;84m▀[0m[38;2;0;0;0m▄   
   [38;2;0;0;0m▀[38;2;128;128;120m[48;2;0;0;0m▀[0m[38;2;128;128;120m[48;2;128;128;120m▀[0m[38;2;128;128;120m[48;2;128;128;120m▀[0m[38;2;128;128;120m[48;2;128;128;120m▀[0m[38;2;128;128;120m[48;2;128;128;120m▀[0m[38;2;128;128;120m[48;2;64;64;56m▀[0m[38;2;92;92;84m[48;2;255;255;255m▀[0m[38;2;92;92;84m[48;2;128;128;120m▀[0m[38;2;128;128;120m[48;2;128;128;120m▀[0m[38;2;128;128;120m[48;2;128;128;120m▀[0m[38;2;128;128;120m[48;2;92;92;84m▀[0m[38;2;92;92;84m[48;2;92;92;84m▀[0m[38;2;92;92;84m[48;2;92;92;84m▀[0m[38;2;92;92;84m[48;2;92;92;84m▀[0m[38;2;92;92;84m[48;2;92;92;84m▀[0m[38;2;65;65;65m[48;2;92;92;84m▀[0m[38;2;64;64;56m[48;2;65;65;65m▀[0m[38;2;0;0;0m[48;2;64;64;56m▀[0m[38;2;0;0;0m▄[38;2;0;0;0m[48;2;92;92;84m▀[0m[38;2;92;92;84m[48;2;92;92;84m▀[0m[38;2;65;65;65m[48;2;65;65;65m▀[0m[38;2;153;7;9m[48;2;153;7;9m▀[0m[38;2;153;7;9m[48;2;153;7;9m▀[0m[38;2;153;7;9m[48;2;153;7;9m▀[0m[38;2;153;7;9m[48;2;153;7;9m▀[0m[38;2;177;31;33m[48;2;153;7;9m▀[0m[38;2;177;31;33m[48;2;0;0;0m▀[0m[38;2;65;65;65m[48;2;0;0;0m▀[0m[38;2;92;92;84m[48;2;0;0;0m▀[0m[38;2;92;92;84m[48;2;128;128;120m▀[0m[38;2;128;128;120m[48;2;92;92;84m▀[0m[38;2;128;128;120m[48;2;128;128;120m▀[0m[38;2;0;0;0m[48;2;128;128;120m▀[0m[38;2;0;0;0m▄ [38;2;0;0;0m[48;2;0;0;0m▀[0m[38;2;92;92;84m[48;2;92;92;84m▀[0m[38;2;0;0;0m[48;2;0;0;0m▀[0m   
   [38;2;0;0;0m▄[38;2;0;0;0m[48;2;128;128;120m▀[0m[38;2;128;128;120m[48;2;128;128;120m▀[0m[38;2;92;92;84m[48;2;92;92;84m▀[0m[38;2;128;128;120m[48;2;128;128;120m▀[0m[38;2;64;64;56m[48;2;0;0;0m▀[0m[38;2;0;0;0m[48;2;177;31;33m▀[0m[38;2;255;255;255m[48;2;255;255;255m▀[0m[38;2;255;255;255m[48;2;92;92;84m▀[0m[38;2;92;92;84m[48;2;92;92;84m▀[0m[38;2;92;92;84m[48;2;92;92;84m▀[0m[38;2;92;92;84m[48;2;92;92;84m▀[0m[38;2;65;65;65m[48;2;0;0;0m▀[0m[38;2;92;92;84m[48;2;0;0;0m▀[0m[38;2;92;92;84m[48;2;92;92;84m▀[0m[38;2;92;92;84m[48;2;92;92;84m▀[0m[38;2;92;92;84m[48;2;92;92;84m▀[0m[38;2;128;128;120m[48;2;92;92;84m▀[0m[38;2;65;65;65m[48;2;128;128;120m▀[0m[38;2;65;65;65m[48;2;128;128;120m▀[0m[38;2;92;92;84m[48;2;65;65;65m▀[0m[38;2;65;65;65m[48;2;65;65;65m▀[0m[38;2;153;7;9m[48;2;65;65;65m▀[0m[38;2;153;7;9m[48;2;153;7;9m▀[0m[38;2;153;7;9m[48;2;0;0;0m▀[0m[38;2;0;0;0m▀[38;2;0;0;0m▀[38;2;0;0;0m▀   [38;2;0;0;0m▀[38;2;128;128;120m[48;2;0;0;0m▀[0m[38;2;92;92;84m[48;2;92;92;84m▀[0m[38;2;128;128;120m[48;2;128;128;120m▀[0m[38;2;0;0;0m[48;2;128;128;120m▀[0m[38;2;0;0;0m▄[38;2;0;0;0m[48;2;65;65;65m▀[0m[38;2;92;92;84m[48;2;92;92;84m▀[0m[38;2;92;92;84m[48;2;92;92;84m▀[0m[38;2;0;0;0m[48;2;0;0;0m▀[0m  
 [38;2;0;0;0m▄[38;2;0;0;0m[48;2;128;128;120m▀[0m[38;2;128;128;120m[48;2;128;128;120m▀[0m[38;2;128;128;120m[48;2;128;128;120m▀[0m[38;2;128;128;120m[48;2;128;128;120m▀[0m[38;2;128;128;120m[48;2;128;128;120m▀[0m[38;2;92;92;84m[48;2;128;128;120m▀[0m[38;2;64;64;56m[48;2;128;128;120m▀[0m[38;2;128;128;120m[48;2;92;92;84m▀[0m[38;2;92;92;84m[48;2;92;92;84m▀[0m[38;2;92;92;84m[48;2;65;65;65m▀[0m[38;2;92;92;84m[48;2;65;65;65m▀[0m[38;2;92;92;84m[48;2;92;92;84m▀[0m[38;2;0;0;0m[48;2;65;65;65m▀[0m[38;2;0;0;0m▄[38;2;0;0;0m▄[38;2;0;0;0m[48;2;64;64;56m▀[0m[38;2;92;92;84m[48;2;65;65;65m▀[0m[38;2;92;92;84m[48;2;92;92;84m▀[0m[38;2;92;92;84m[48;2;92;92;84m▀[0m[38;2;128;128;120m[48;2;92;92;84m▀[0m[38;2;128;128;120m[48;2;128;128;120m▀[0m[38;2;128;128;120m[48;2;128;128;120m▀[0m[38;2;128;128;120m[48;2;128;128;120m▀[0m[38;2;128;128;120m[48;2;128;128;120m▀[0m[38;2;0;0;0m[48;2;128;128;120m▀[0m[38;2;0;0;0m▄[38;2;0;0;0m▄      [38;2;0;0;0m▀[38;2;128;128;120m[48;2;0;0;0m▀[0m[38;2;92;92;84m[48;2;128;128;120m▀[0m[38;2;128;128;120m[48;2;92;92;84m▀[0m[38;2;65;65;65m[48;2;65;65;65m▀[0m[38;2;65;65;65m[48;2;92;92;84m▀[0m[38;2;92;92;84m[48;2;92;92;84m▀[0m[38;2;92;92;84m[48;2;92;92;84m▀[0m[38;2;92;92;84m[48;2;92;92;84m▀[0m[38;2;0;0;0m[48;2;0;0;0m▀[0m 
 [38;2;0;0;0m▀[38;2;128;128;120m[48;2;0;0;0m▀[0m[38;2;128;128;120m[48;2;92;92;84m▀[0m[38;2;64;64;56m[48;2;92;92;84m▀[0m[38;2;128;128;120m[48;2;128;128;120m▀[0m[38;2;128;128;120m[48;2;92;92;84m▀[0m[38;2;128;128;120m[48;2;0;0;0m▀[0m[38;2;92;92;84m[48;2;0;0;0m▀[0m[38;2;65;65;65m[48;2;65;65;65m▀[0m[38;2;65;65;65m[48;2;197;57;90m▀[0m[38;2;197;57;90m[48;2;64;64;56m▀[0m[38;2;64;64;56m[48;2;92;92;84m▀[0m[38;2;92;92;84m[48;2;65;65;65m▀[0m[38;2;65;65;65m[48;2;64;64;56m▀[0m[38;2;64;64;56m[48;2;64;64;56m▀[0m[38;2;64;64;56m[48;2;0;0;0m▀[0m[38;2;64;64;56m[48;2;65;65;65m▀[0m[38;2;65;65;65m[48;2;92;92;84m▀[0m[38;2;92;92;84m[48;2;64;64;56m▀[0m[38;2;92;92;84m[48;2;64;64;56m▀[0m[38;2;92;92;84m[48;2;128;128;120m▀[0m[38;2;128;128;120m[48;2;128;128;120m▀[0m[38;2;128;128;120m[48;2;128;128;120m▀[0m[38;2;65;65;65m[48;2;128;128;120m▀[0m[38;2;128;128;120m[48;2;65;65;65m▀[0m[38;2;128;128;120m[48;2;65;65;65m▀[0m[38;2;128;128;120m[48;2;128;128;120m▀[0m[38;2;65;65;65m[48;2;128;128;120m▀[0m[38;2;0;0;0m[48;2;128;128;120m▀[0m[38;2;0;0;0m▄      [38;2;0;0;0m[48;2;0;0;0m▀[0m[38;2;128;128;120m[48;2;0;0;0m▀[0m[38;2;92;92;84m[48;2;128;128;120m▀[0m[38;2;65;65;65m[48;2;92;92;84m▀[0m[38;2;92;92;84m[48;2;65;65;65m▀[0m[38;2;92;92;84m[48;2;92;92;84m▀[0m[38;2;92;92;84m[48;2;92;92;84m▀[0m[38;2;0;0;0m[48;2;0;0;0m▀[0m 
   [38;2;0;0;0m▀[38;2;0;0;0m▀[38;2;0;0;0m▀[38;2;0;0;0m▀[38;2;255;255;255m[48;2;0;0;0m▀[0m[38;2;0;0;0m[48;2;255;255;255m▀[0m[38;2;197;57;90m[48;2;197;57;90m▀[0m[38;2;197;57;90m[48;2;64;64;56m▀[0m[38;2;64;64;56m[48;2;92;92;84m▀[0m[38;2;92;92;84m[48;2;65;65;65m▀[0m[38;2;65;65;65m[48;2;64;64;56m▀[0m[38;2;64;64;56m[48;2;0;0;0m▀[0m[38;2;0;0;0m▀ [38;2;0;0;0m[48;2;0;0;0m▀[0m[38;2;64;64;56m[48;2;239;241;186m▀[0m[38;2;239;241;186m[48;2;239;241;186m▀[0m[38;2;239;241;186m[48;2;239;241;186m▀[0m[38;2;64;64;56m[48;2;239;241;186m▀[0m[38;2;64;64;56m[48;2;239;241;186m▀[0m[38;2;128;128;120m[48;2;64;64;56m▀[0m[38;2;128;128;120m[48;2;128;128;120m▀[0m[38;2;128;128;120m[48;2;128;128;120m▀[0m[38;2;128;128;120m[48;2;128;128;120m▀[0m[38;2;65;65;65m[48;2;65;65;65m▀[0m[38;2;128;128;120m[48;2;128;128;120m▀[0m[38;2;128;128;120m[48;2;128;128;120m▀[0m[38;2;65;65;65m[48;2;65;65;65m▀[0m[38;2;0;0;0m[48;2;92;92;84m▀[0m[38;2;0;0;0m▄[38;2;0;0;0m▄[38;2;0;0;0m▄[38;2;0;0;0m▄[38;2;0;0;0m[48;2;64;64;56m▀[0m[38;2;92;92;84m[48;2;92;92;84m▀[0m[38;2;92;92;84m[48;2;92;92;84m▀[0m[38;2;65;65;65m[48;2;92;92;84m▀[0m[38;2;128;128;120m[48;2;65;65;65m▀[0m[38;2;65;65;65m[48;2;92;92;84m▀[0m[38;2;92;92;84m[48;2;92;92;84m▀[0m[38;2;0;0;0m[48;2;0;0;0m▀[0m  
       [38;2;0;0;0m▀[38;2;65;65;65m[48;2;0;0;0m▀[0m[38;2;92;92;84m[48;2;0;0;0m▀[0m[38;2;255;255;255m[48;2;0;0;0m▀[0m[38;2;0;0;0m▀[38;2;64;64;56m[48;2;0;0;0m▀[0m[38;2;197;197;197m[48;2;0;0;0m▀[0m[38;2;0;0;0m▀ [38;2;0;0;0m▄[38;2;0;0;0m[48;2;92;92;84m▀[0m[38;2;239;241;186m[48;2;65;65;65m▀[0m[38;2;239;241;186m[48;2;239;241;186m▀[0m[38;2;239;241;186m[48;2;239;241;186m▀[0m[38;2;239;241;186m[48;2;239;241;186m▀[0m[38;2;239;241;186m[48;2;239;241;186m▀[0m[38;2;239;241;186m[48;2;239;241;186m▀[0m[38;2;64;64;56m[48;2;65;65;65m▀[0m[38;2;65;65;65m[48;2;92;92;84m▀[0m[38;2;65;65;65m[48;2;64;64;56m▀[0m[38;2;128;128;120m[48;2;128;128;120m▀[0m[38;2;128;128;120m[48;2;128;128;120m▀[0m[38;2;65;65;65m[48;2;65;65;65m▀[0m[38;2;92;92;84m[48;2;128;128;120m▀[0m[38;2;92;92;84m[48;2;92;92;84m▀[0m[38;2;92;92;84m[48;2;92;92;84m▀[0m[38;2;65;65;65m[48;2;65;65;65m▀[0m[38;2;64;64;56m[48;2;64;64;56m▀[0m[38;2;64;64;56m[48;2;64;64;56m▀[0m[38;2;64;64;56m[48;2;64;64;56m▀[0m[38;2;64;64;56m[48;2;92;92;84m▀[0m[38;2;92;92;84m[48;2;64;64;56m▀[0m[38;2;64;64;56m[48;2;92;92;84m▀[0m[38;2;92;92;84m[48;2;64;64;56m▀[0m[38;2;92;92;84m[48;2;0;0;0m▀[0m[38;2;0;0;0m▀   
               [38;2;0;0;0m[48;2;0;0;0m▀[0m[38;2;92;92;84m[48;2;92;92;84m▀[0m[38;2;92;92;84m[48;2;92;92;84m▀[0m[38;2;65;65;65m[48;2;92;92;84m▀[0m[38;2;239;241;186m[48;2;65;65;65m▀[0m[38;2;239;241;186m[48;2;203;205;150m▀[0m[38;2;239;241;186m[48;2;239;241;186m▀[0m[38;2;239;241;186m[48;2;239;241;186m▀[0m[38;2;239;241;186m[48;2;203;205;150m▀[0m[38;2;65;65;65m[48;2;203;205;150m▀[0m[38;2;64;64;56m[48;2;65;65;65m▀[0m[38;2;128;128;120m[48;2;255;255;255m▀[0m[38;2;92;92;84m[48;2;65;65;65m▀[0m[38;2;128;128;120m[48;2;255;255;255m▀[0m[38;2;65;65;65m[48;2;65;65;65m▀[0m[38;2;128;128;120m[48;2;128;128;120m▀[0m[38;2;128;128;120m[48;2;128;128;120m▀[0m[38;2;92;92;84m[48;2;128;128;120m▀[0m[38;2;92;92;84m[48;2;92;92;84m▀[0m[38;2;65;65;65m[48;2;65;65;65m▀[0m[38;2;64;64;56m[48;2;203;205;150m▀[0m[38;2;64;64;56m[48;2;203;205;150m▀[0m[38;2;64;64;56m[48;2;203;205;150m▀[0m[38;2;92;92;84m[48;2;0;0;0m▀[0m[38;2;203;205;150m[48;2;0;0;0m▀[0m[38;2;0;0;0m▀     
               [38;2;0;0;0m▀[38;2;92;92;84m[48;2;0;0;0m▀[0m[38;2;92;92;84m[48;2;92;92;84m▀[0m[38;2;92;92;84m[48;2;92;92;84m▀[0m[38;2;92;92;84m[48;2;92;92;84m▀[0m[38;2;65;65;65m[48;2;92;92;84m▀[0m[38;2;203;205;150m[48;2;65;65;65m▀[0m[38;2;203;205;150m[48;2;65;65;65m▀[0m[38;2;203;205;150m[48;2;203;205;150m▀[0m[38;2;203;205;150m[48;2;203;205;150m▀[0m[38;2;203;205;150m[48;2;203;205;150m▀[0m[38;2;65;65;65m[48;2;65;65;65m▀[0m[38;2;128;128;120m[48;2;128;128;120m▀[0m[38;2;65;65;65m[48;2;128;128;120m▀[0m[38;2;128;128;120m[48;2;128;128;120m▀[0m[38;2;128;128;120m[48;2;128;128;120m▀[0m[38;2;128;128;120m[48;2;128;128;120m▀[0m[38;2;92;92;84m[48;2;92;92;84m▀[0m[38;2;92;92;84m[48;2;92;92;84m▀[0m[38;2;65;65;65m[48;2;0;0;0m▀[0m[38;2;0;0;0m▀[38;2;0;0;0m▀[38;2;0;0;0m▀        
                [38;2;0;0;0m▄[38;2;0;0;0m[48;2;92;92;84m▀[0m[38;2;64;64;56m[48;2;92;92;84m▀[0m[38;2;92;92;84m[48;2;64;64;56m▀[0m[38;2;92;92;84m[48;2;64;64;56m▀[0m[38;2;92;92;84m[48;2;64;64;56m▀[0m[38;2;92;92;84m[48;2;0;0;0m▀[0m[38;2;65;65;65m[48;2;0;0;0m▀[0m[38;2;0;0;0m▀[38;2;0;0;0m▀[38;2;0;0;0m[48;2;0;0;0m▀[0m[38;2;92;92;84m[48;2;92;92;84m▀[0m[38;2;128;128;120m[48;2;92;92;84m▀[0m[38;2;128;128;120m[48;2;92;92;84m▀[0m[38;2;64;64;56m[48;2;92;92;84m▀[0m[38;2;92;92;84m[48;2;92;92;84m▀[0m[38;2;92;92;84m[48;2;92;92;84m▀[0m[38;2;0;0;0m[48;2;0;0;0m▀[0m            
               [38;2;0;0;0m▀[38;2;255;255;255m[48;2;0;0;0m▀[0m[38;2;65;65;65m[48;2;0;0;0m▀[0m[38;2;255;255;255m[48;2;0;0;0m▀[0m[38;2;92;92;84m[48;2;0;0;0m▀[0m[38;2;92;92;84m[48;2;0;0;0m▀[0m[38;2;0;0;0m▀     [38;2;0;0;0m▀[38;2;92;92;84m[48;2;0;0;0m▀[0m[38;2;92;92;84m[48;2;92;92;84m▀[0m[38;2;92;92;84m[48;2;92;92;84m▀[0m[38;2;92;92;84m[48;2;92;92;84m▀[0m[38;2;92;92;84m[48;2;92;92;84m▀[0m[38;2;92;92;84m[48;2;92;92;84m▀[0m[38;2;0;0;0m[48;2;0;0;0m▀[0m           
                           [38;2;0;0;0m▀[38;2;255;255;255m[48;2;0;0;0m▀[0m[38;2;64;64;56m[48;2;65;65;65m▀[0m[38;2;64;64;56m[48;2;255;255;255m▀[0m[38;2;92;92;84m[48;2;65;65;65m▀[0m[38;2;92;92;84m[48;2;255;255;255m▀[0m[38;2;0;0;0m[48;2;0;0;0m▀[0m            
                             [38;2;0;0;0m▀[38;2;0;0;0m▀[38;2;0;0;0m▀[38;2;0;0;0m▀             
                                     [0m                                     