        [38;2;0;0;0m▄[38;2;0;0;0m[48;2;217;98;82m▀[0m[38;2;0;0;0m[48;2;217;98;82m▀[0m[38;2;0;0;0m[48;2;217;98;82m▀[0m[38;2;0;0;0m▄[38;2;0;0;0m▄[38;2;0;0;0m▄     
     [38;2;0;0;0m▄[38;2;0;0;0m[48;2;217;98;82m▀[0m[38;2;0;0;0m[48;2;217;98;82m▀[0m[38;2;65;65;65m[48;2;217;98;82m▀[0m[38;2;156;75;64m[48;2;217;98;82m▀[0m[38;2;217;98;82m[48;2;156;75;64m▀[0m[38;2;217;98;82m[48;2;156;75;64m▀[0m[38;2;217;98;82m[48;2;156;75;64m▀[0m[38;2;217;98;82m[48;2;217;98;82m▀[0m[38;2;217;98;82m[48;2;217;98;82m▀[0m[38;2;0;0;0m[48;2;217;98;82m▀[0m[38;2;0;0;0m[48;2;217;98;82m▀[0m[38;2;0;0;0m▄  
   [38;2;0;0;0m▄[38;2;0;0;0m[48;2;217;98;82m▀[0m[38;2;65;65;65m[48;2;217;98;82m▀[0m[38;2;156;75;64m[48;2;217;98;82m▀[0m[38;2;156;75;64m[48;2;217;98;82m▀[0m[38;2;217;98;82m[48;2;156;75;64m▀[0m[38;2;217;98;82m[48;2;156;75;64m▀[0m[38;2;217;98;82m[48;2;156;75;64m▀[0m[38;2;217;98;82m[48;2;217;98;82m▀[0m[38;2;217;98;82m[48;2;217;98;82m▀[0m[38;2;156;75;64m[48;2;217;98;82m▀[0m[38;2;156;75;64m[48;2;217;98;82m▀[0m[38;2;197;78;62m[48;2;156;75;64m▀[0m[38;2;217;98;82m[48;2;156;75;64m▀[0m[38;2;133;69;60m[48;2;133;69;60m▀[0m[38;2;0;0;0m[48;2;0;0;0m▀[0m 
  [38;2;0;0;0m[48;2;0;0;0m▀[0m[38;2;217;98;82m[48;2;197;78;62m▀[0m[38;2;217;98;82m[48;2;197;78;62m▀[0m[38;2;217;98;82m[48;2;217;98;82m▀[0m[38;2;217;98;82m[48;2;217;98;82m▀[0m[38;2;217;98;82m[48;2;217;98;82m▀[0m[38;2;217;98;82m[48;2;217;98;82m▀[0m[38;2;217;98;82m[48;2;217;98;82m▀[0m[38;2;217;98;82m[48;2;217;98;82m▀[0m[38;2;156;75;64m[48;2;217;98;82m▀[0m[38;2;156;75;64m[48;2;217;98;82m▀[0m[38;2;197;78;62m[48;2;156;75;64m▀[0m[38;2;217;98;82m[48;2;156;75;64m▀[0m[38;2;197;78;62m[48;2;133;69;60m▀[0m[38;2;65;65;65m[48;2;65;65;65m▀[0m[38;2;133;69;60m[48;2;133;69;60m▀[0m[38;2;0;0;0m[48;2;0;0;0m▀[0m 
  [38;2;0;0;0m[48;2;0;0;0m▀[0m[38;2;197;78;62m[48;2;65;65;65m▀[0m[38;2;197;78;62m[48;2;65;65;65m▀[0m[38;2;197;78;62m[48;2;156;75;64m▀[0m[38;2;197;78;62m[48;2;197;78;62m▀[0m[38;2;197;78;62m[48;2;197;78;62m▀[0m[38;2;217;98;82m[48;2;197;78;62m▀[0m[38;2;217;98;82m[48;2;197;78;62m▀[0m[38;2;217;98;82m[48;2;197;78;62m▀[0m[38;2;217;98;82m[48;2;217;98;82m▀[0m[38;2;217;98;82m[48;2;217;98;82m▀[0m[38;2;197;78;62m[48;2;133;69;60m▀[0m[38;2;65;65;65m[48;2;65;65;65m▀[0m[38;2;133;69;60m[48;2;133;69;60m▀[0m[38;2;65;65;65m[48;2;65;65;65m▀[0m[38;2;133;69;60m[48;2;133;69;60m▀[0m[38;2;0;0;0m[48;2;0;0;0m▀[0m 
  [38;2;0;0;0m[48;2;0;0;0m▀[0m[38;2;255;255;255m[48;2;255;255;255m▀[0m[38;2;65;139;197m[48;2;65;139;197m▀[0m[38;2;65;65;65m[48;2;65;65;65m▀[0m[38;2;65;65;65m[48;2;205;197;197m▀[0m[38;2;65;65;65m[48;2;156;156;156m▀[0m[38;2;156;75;64m[48;2;65;65;65m▀[0m[38;2;197;78;62m[48;2;65;65;65m▀[0m[38;2;197;78;62m[48;2;65;65;65m▀[0m[38;2;197;78;62m[48;2;65;65;65m▀[0m[38;2;197;78;62m[48;2;65;65;65m▀[0m[38;2;133;69;60m[48;2;133;69;60m▀[0m[38;2;65;65;65m[48;2;65;65;65m▀[0m[38;2;133;69;60m[48;2;133;69;60m▀[0m[38;2;65;65;65m[48;2;131;98;57m▀[0m[38;2;133;69;60m[48;2;0;0;0m▀[0m[38;2;0;0;0m▀ 
  [38;2;0;0;0m[48;2;0;0;0m▀[0m[38;2;65;65;65m[48;2;246;197;90m▀[0m[38;2;65;65;65m[48;2;131;98;57m▀[0m[38;2;65;65;65m[48;2;65;65;65m▀[0m[38;2;131;131;131m[48;2;205;197;197m▀[0m[38;2;205;197;197m[48;2;156;156;156m▀[0m[38;2;65;65;65m[48;2;65;65;65m▀[0m[38;2;255;255;255m[48;2;255;255;255m▀[0m[38;2;65;139;197m[48;2;65;139;197m▀[0m[38;2;65;139;197m[48;2;65;139;197m▀[0m[38;2;65;65;65m[48;2;65;65;65m▀[0m[38;2;133;69;60m[48;2;133;69;60m▀[0m[38;2;65;65;65m[48;2;131;98;57m▀[0m[38;2;133;69;60m[48;2;65;65;65m▀[0m[38;2;131;98;57m[48;2;0;0;0m▀[0m[38;2;0;0;0m▀  
 [38;2;0;0;0m[48;2;0;0;0m▀[0m[38;2;213;156;74m[48;2;246;197;90m▀[0m[38;2;246;197;90m[48;2;213;156;74m▀[0m[38;2;246;197;90m[48;2;0;0;0m▀[0m[38;2;65;65;65m[48;2;0;0;0m▀[0m[38;2;131;131;131m[48;2;205;197;197m▀[0m[38;2;205;197;197m[48;2;156;156;156m▀[0m[38;2;65;65;65m[48;2;65;65;65m▀[0m[38;2;65;65;65m[48;2;246;197;90m▀[0m[38;2;65;65;65m[48;2;131;98;57m▀[0m[38;2;65;65;65m[48;2;197;78;62m▀[0m[38;2;65;65;65m[48;2;197;78;62m▀[0m[38;2;133;69;60m[48;2;133;69;60m▀[0m[38;2;131;98;57m[48;2;0;0;0m▀[0m[38;2;0;0;0m▀    
  [38;2;0;0;0m▀[38;2;0;0;0m▀  [38;2;0;0;0m▀[38;2;0;0;0m[48;2;0;0;0m▀[0m[38;2;213;156;74m[48;2;246;197;90m▀[0m[38;2;246;197;90m[48;2;213;156;74m▀[0m[38;2;246;197;90m[48;2;0;0;0m▀[0m[38;2;65;65;65m[48;2;0;0;0m▀[0m[38;2;0;0;0m▀[38;2;0;0;0m▀      
                        [38;2;0;0;0m▀[38;2;0;0;0m▀                          
                                     [0m                                     