     [38;2;0;0;0m▄[38;2;0;0;0m▄[38;2;0;0;0m[48;2;239;115;156m▀[0m[38;2;0;0;0m[48;2;239;115;156m▀[0m[38;2;0;0;0m[48;2;239;113;156m▀[0m[38;2;0;0;0m▄[38;2;0;0;0m▄         
   [38;2;0;0;0m▄[38;2;0;0;0m[48;2;239;113;156m▀[0m[38;2;239;113;156m[48;2;247;190;206m▀[0m[38;2;239;113;156m[48;2;239;115;156m▀[0m[38;2;239;115;156m[48;2;239;115;156m▀[0m[38;2;239;115;156m[48;2;239;115;156m▀[0m[38;2;239;113;156m[48;2;189;89;132m▀[0m[38;2;239;113;156m[48;2;239;113;156m▀[0m[38;2;189;89;132m[48;2;189;90;132m▀[0m[38;2;0;0;0m[48;2;189;90;132m▀[0m[38;2;0;0;0m▄       
   [38;2;0;0;0m[48;2;0;8;0m▀[0m[38;2;239;113;156m[48;2;239;121;156m▀[0m[38;2;239;115;156m[48;2;239;113;156m▀[0m[38;2;239;115;156m[48;2;239;113;156m▀[0m[38;2;239;115;156m[48;2;247;109;156m▀[0m[38;2;239;115;156m[48;2;186;92;126m▀[0m[38;2;189;89;132m[48;2;66;65;66m▀[0m[38;2;189;89;132m[48;2;66;65;66m▀[0m[38;2;189;90;132m[48;2;189;89;132m▀[0m[38;2;189;90;132m[48;2;189;89;132m▀[0m[38;2;0;0;0m[48;2;66;65;66m▀[0m[38;2;0;0;0m[48;2;53;148;94m▀[0m[38;2;0;0;0m▄[38;2;0;0;0m▄    
  [38;2;0;0;0m▄[38;2;0;8;0m[48;2;60;148;102m▀[0m[38;2;79;45;52m[48;2;60;148;102m▀[0m[38;2;189;89;132m[48;2;66;65;66m▀[0m[38;2;189;89;132m[48;2;66;65;66m▀[0m[38;2;186;92;126m[48;2;57;65;57m▀[0m[38;2;66;60;66m[48;2;63;148;103m▀[0m[38;2;53;148;94m[48;2;54;148;95m▀[0m[38;2;66;65;66m[48;2;54;148;95m▀[0m[38;2;189;89;132m[48;2;57;65;57m▀[0m[38;2;66;65;66m[48;2;63;148;103m▀[0m[38;2;53;148;94m[48;2;54;148;95m▀[0m[38;2;53;148;94m[48;2;54;148;95m▀[0m[38;2;54;148;93m[48;2;66;65;66m▀[0m[38;2;54;148;93m[48;2;53;148;94m▀[0m[38;2;0;0;0m[48;2;57;150;98m▀[0m[38;2;0;0;0m▄  
  [38;2;0;0;0m▄[38;2;16;0;16m[48;2;75;144;185m▀[0m[38;2;38;74;55m[48;2;66;65;66m▀[0m[38;2;66;65;66m[48;2;74;189;130m▀[0m[38;2;74;190;130m[48;2;74;189;130m▀[0m[38;2;66;190;125m[48;2;74;189;130m▀[0m[38;2;66;190;125m[48;2;74;189;130m▀[0m[38;2;74;190;130m[48;2;74;190;130m▀[0m[38;2;74;190;130m[48;2;74;190;130m▀[0m[38;2;66;190;125m[48;2;66;77;57m▀[0m[38;2;66;190;125m[48;2;84;120;99m▀[0m[38;2;54;148;95m[48;2;66;190;117m▀[0m[38;2;54;148;95m[48;2;63;148;98m▀[0m[38;2;53;148;94m[48;2;54;148;95m▀[0m[38;2;66;65;66m[48;2;54;148;95m▀[0m[38;2;0;0;0m[48;2;66;64;66m▀[0m[38;2;0;0;0m▄  
 [38;2;0;0;0m▄[38;2;0;0;0m[48;2;89;161;203m▀[0m[38;2;75;144;185m[48;2;104;177;220m▀[0m[38;2;66;65;66m[48;2;104;177;220m▀[0m[38;2;74;189;130m[48;2;66;65;66m▀[0m[38;2;74;189;130m[48;2;74;190;130m▀[0m[38;2;74;189;130m[48;2;74;190;130m▀[0m[38;2;74;189;130m[48;2;74;190;130m▀[0m[38;2;74;190;130m[48;2;66;65;66m▀[0m[38;2;66;65;66m[48;2;106;181;223m▀[0m[38;2;93;168;192m[48;2;104;177;220m▀[0m[38;2;66;77;57m[48;2;104;177;220m▀[0m[38;2;57;65;57m[48;2;75;144;185m▀[0m[38;2;63;148;98m[48;2;66;65;66m▀[0m[38;2;54;148;95m[48;2;66;65;66m▀[0m[38;2;54;148;95m[48;2;66;65;66m▀[0m[38;2;66;64;66m[48;2;75;144;185m▀[0m[38;2;0;0;0m[48;2;0;0;0m▀[0m  
 [38;2;0;0;0m[48;2;0;0;0m▀[0m[38;2;89;161;203m[48;2;106;181;223m▀[0m[38;2;104;177;220m[48;2;104;177;220m▀[0m[38;2;104;177;220m[48;2;123;194;233m▀[0m[38;2;66;65;66m[48;2;113;186;228m▀[0m[38;2;74;190;130m[48;2;66;65;66m▀[0m[38;2;66;65;66m[48;2;104;177;220m▀[0m[38;2;66;65;66m[48;2;104;177;220m▀[0m[38;2;106;181;223m[48;2;104;177;220m▀[0m[38;2;106;181;223m[48;2;104;177;220m▀[0m[38;2;104;177;220m[48;2;104;177;220m▀[0m[38;2;104;177;220m[48;2;104;177;220m▀[0m[38;2;75;144;185m[48;2;106;181;223m▀[0m[38;2;75;144;185m[48;2;75;144;185m▀[0m[38;2;66;65;66m[48;2;66;65;66m▀[0m[38;2;75;144;185m[48;2;75;144;185m▀[0m[38;2;75;144;185m[48;2;73;142;183m▀[0m[38;2;75;144;185m[48;2;73;142;183m▀[0m[38;2;0;0;0m[48;2;0;0;0m▀[0m 
 [38;2;0;0;0m[48;2;0;0;0m▀[0m[38;2;106;181;223m[48;2;106;181;223m▀[0m[38;2;123;194;233m[48;2;123;194;233m▀[0m[38;2;123;194;233m[48;2;123;194;233m▀[0m[38;2;113;186;228m[48;2;123;194;233m▀[0m[38;2;113;186;228m[48;2;104;177;220m▀[0m[38;2;104;177;220m[48;2;104;177;220m▀[0m[38;2;104;177;220m[48;2;104;177;220m▀[0m[38;2;104;177;220m[48;2;104;177;220m▀[0m[38;2;104;177;220m[48;2;104;177;220m▀[0m[38;2;104;177;220m[48;2;104;177;220m▀[0m[38;2;104;177;220m[48;2;104;177;220m▀[0m[38;2;106;181;223m[48;2;101;174;218m▀[0m[38;2;75;144;185m[48;2;75;143;182m▀[0m[38;2;66;65;66m[48;2;66;65;66m▀[0m[38;2;75;144;185m[48;2;75;144;185m▀[0m[38;2;73;142;183m[48;2;73;142;183m▀[0m[38;2;73;142;183m[48;2;73;142;183m▀[0m[38;2;0;0;0m[48;2;0;0;0m▀[0m 
  [38;2;0;0;0m[48;2;0;0;0m▀[0m[38;2;104;177;220m[48;2;104;177;220m▀[0m[38;2;123;194;233m[48;2;104;177;220m▀[0m[38;2;104;177;220m[48;2;104;177;220m▀[0m[38;2;104;177;220m[48;2;104;177;220m▀[0m[38;2;104;177;220m[48;2;104;177;220m▀[0m[38;2;104;177;220m[48;2;104;177;220m▀[0m[38;2;104;177;220m[48;2;104;177;220m▀[0m[38;2;104;177;220m[48;2;104;177;220m▀[0m[38;2;104;177;220m[48;2;104;177;220m▀[0m[38;2;104;177;220m[48;2;104;177;220m▀[0m[38;2;101;174;218m[48;2;101;174;218m▀[0m[38;2;66;65;66m[48;2;66;65;66m▀[0m[38;2;75;144;185m[48;2;73;142;183m▀[0m[38;2;75;144;185m[48;2;73;142;183m▀[0m[38;2;73;142;183m[48;2;75;144;185m▀[0m[38;2;73;142;183m[48;2;75;144;185m▀[0m[38;2;0;0;0m[48;2;0;0;0m▀[0m 
  [38;2;0;0;0m[48;2;0;0;0m▀[0m[38;2;104;177;220m[48;2;66;65;66m▀[0m[38;2;104;177;220m[48;2;101;174;218m▀[0m[38;2;104;177;220m[48;2;106;181;223m▀[0m[38;2;104;177;220m[48;2;106;181;223m▀[0m[38;2;104;177;220m[48;2;104;177;220m▀[0m[38;2;104;177;220m[48;2;104;177;220m▀[0m[38;2;104;177;220m[48;2;106;181;223m▀[0m[38;2;104;177;220m[48;2;106;181;223m▀[0m[38;2;104;177;220m[48;2;106;181;223m▀[0m[38;2;104;177;220m[48;2;66;65;66m▀[0m[38;2;66;65;66m[48;2;106;181;223m▀[0m[38;2;75;143;182m[48;2;75;144;185m▀[0m[38;2;73;142;183m[48;2;73;142;183m▀[0m[38;2;73;142;183m[48;2;73;142;183m▀[0m[38;2;75;144;185m[48;2;75;144;185m▀[0m[38;2;0;0;0m[48;2;0;0;0m▀[0m  
 [38;2;0;0;0m[48;2;0;0;0m▀[0m[38;2;75;144;185m[48;2;75;144;185m▀[0m[38;2;66;65;66m[48;2;78;146;184m▀[0m[38;2;75;143;182m[48;2;78;146;184m▀[0m[38;2;75;144;185m[48;2;75;144;185m▀[0m[38;2;106;181;223m[48;2;75;144;185m▀[0m[38;2;104;177;220m[48;2;66;65;66m▀[0m[38;2;104;177;220m[48;2;66;65;66m▀[0m[38;2;106;181;223m[48;2;66;65;66m▀[0m[38;2;66;65;66m[48;2;106;181;223m▀[0m[38;2;66;65;66m[48;2;104;177;220m▀[0m[38;2;106;181;223m[48;2;104;177;220m▀[0m[38;2;106;181;223m[48;2;73;142;183m▀[0m[38;2;75;144;185m[48;2;73;142;183m▀[0m[38;2;73;142;183m[48;2;75;144;185m▀[0m[38;2;73;142;183m[48;2;75;144;185m▀[0m[38;2;0;0;0m[48;2;18;83;115m▀[0m[38;2;0;4;0m▄  
  [38;2;0;0;0m▀[38;2;0;4;0m▀[38;2;18;83;115m[48;2;0;0;0m▀[0m[38;2;66;65;66m[48;2;239;113;156m▀[0m[38;2;66;65;66m[48;2;239;113;156m▀[0m[38;2;239;113;156m[48;2;66;65;66m▀[0m[38;2;239;113;156m[48;2;66;65;66m▀[0m[38;2;66;65;66m[48;2;239;113;156m▀[0m[38;2;66;65;66m[48;2;239;113;156m▀[0m[38;2;104;177;220m[48;2;66;65;66m▀[0m[38;2;104;177;220m[48;2;66;65;66m▀[0m[38;2;73;142;183m[48;2;66;65;66m▀[0m[38;2;73;142;183m[48;2;80;129;170m▀[0m[38;2;75;144;185m[48;2;75;144;185m▀[0m[38;2;66;65;66m[48;2;75;144;185m▀[0m[38;2;78;146;184m[48;2;75;144;185m▀[0m[38;2;78;146;184m[48;2;0;0;0m▀[0m[38;2;0;0;0m[48;2;0;0;0m▀[0m 
     [38;2;0;0;0m▀[38;2;239;113;156m[48;2;0;0;0m▀[0m[38;2;189;89;132m[48;2;0;0;0m▀[0m[38;2;189;89;132m[48;2;0;0;0m▀[0m[38;2;189;89;132m[48;2;0;0;0m▀[0m[38;2;239;113;156m[48;2;0;0;0m▀[0m[38;2;239;109;156m[48;2;255;121;165m▀[0m[38;2;181;94;126m[48;2;170;80;110m▀[0m[38;2;171;90;129m[48;2;0;0;0m▀[0m[38;2;66;65;66m[48;2;0;0;0m▀[0m[38;2;0;0;0m▀[38;2;0;0;0m▀[38;2;0;0;0m▀   
                          [38;2;0;0;0m▀[38;2;0;0;0m▀                        
                                     [0m                                     