       [38;2;0;0;0m▄[38;2;0;0;0m[48;2;255;95;74m▀[0m[38;2;0;0;0m▄        
      [38;2;0;0;0m▄[38;2;0;0;0m[48;2;255;114;85m▀[0m[38;2;255;95;74m[48;2;255;114;85m▀[0m[38;2;0;0;0m[48;2;255;117;90m▀[0m[38;2;0;4;16m▄       
    [38;2;0;0;0m▄[38;2;0;0;0m[48;2;181;79;57m▀[0m[38;2;66;65;66m[48;2;194;121;109m▀[0m[38;2;255;114;85m[48;2;194;121;109m▀[0m[38;2;255;114;85m[48;2;181;79;57m▀[0m[38;2;255;117;90m[48;2;255;110;82m▀[0m[38;2;85;48;40m[48;2;255;110;82m▀[0m[38;2;0;0;0m[48;2;119;109;107m▀[0m[38;2;24;0;0m▄     
  [38;2;0;0;0m▄[38;2;0;0;0m[48;2;142;226;155m▀[0m[38;2;140;239;136m[48;2;61;227;84m▀[0m[38;2;204;221;179m[48;2;140;239;136m▀[0m[38;2;181;79;57m[48;2;140;239;136m▀[0m[38;2;181;79;57m[48;2;155;227;154m▀[0m[38;2;204;221;179m[48;2;155;227;154m▀[0m[38;2;160;77;61m[48;2;146;247;133m▀[0m[38;2;160;77;61m[48;2;146;247;133m▀[0m[38;2;181;215;181m[48;2;64;218;115m▀[0m[38;2;181;215;181m[48;2;140;239;136m▀[0m[38;2;0;0;0m[48;2;140;239;136m▀[0m[38;2;0;0;0m▄   
 [38;2;16;0;0m▄[38;2;0;0;0m[48;2;255;194;189m▀[0m[38;2;142;226;155m[48;2;140;239;136m▀[0m[38;2;255;255;255m[48;2;66;65;66m▀[0m[38;2;92;124;132m[48;2;146;242;135m▀[0m[38;2;92;124;132m[48;2;146;242;135m▀[0m[38;2;54;145;103m[48;2;140;239;136m▀[0m[38;2;255;255;255m[48;2;66;65;66m▀[0m[38;2;89;138;139m[48;2;146;242;135m▀[0m[38;2;135;187;149m[48;2;146;242;135m▀[0m[38;2;140;239;136m[48;2;146;242;135m▀[0m[38;2;140;239;136m[48;2;146;242;135m▀[0m[38;2;140;239;136m[48;2;140;239;136m▀[0m[38;2;0;0;0m[48;2;140;239;136m▀[0m[38;2;0;0;0m▄  
 [38;2;16;0;0m[48;2;0;0;0m▀[0m[38;2;175;131;126m[48;2;255;110;82m▀[0m[38;2;140;239;136m[48;2;86;101;95m▀[0m[38;2;140;239;136m[48;2;120;247;122m▀[0m[38;2;146;242;135m[48;2;120;247;122m▀[0m[38;2;146;242;135m[48;2;103;194;109m▀[0m[38;2;140;239;136m[48;2;203;203;203m▀[0m[38;2;140;239;136m[48;2;99;101;99m▀[0m[38;2;146;242;135m[48;2;86;101;95m▀[0m[38;2;146;242;135m[48;2;86;101;95m▀[0m[38;2;146;242;135m[48;2;255;175;165m▀[0m[38;2;146;242;135m[48;2;211;142;132m▀[0m[38;2;255;110;82m[48;2;255;95;74m▀[0m[38;2;140;239;136m[48;2;0;0;0m▀[0m[38;2;0;0;0m▀  
  [38;2;0;0;0m▀[38;2;103;194;109m[48;2;0;0;0m▀[0m[38;2;86;101;95m[48;2;42;177;122m▀[0m[38;2;86;101;95m[48;2;255;255;255m▀[0m[38;2;86;101;95m[48;2;255;255;255m▀[0m[38;2;99;101;99m[48;2;246;255;249m▀[0m[38;2;255;255;255m[48;2;27;183;105m▀[0m[38;2;57;184;123m[48;2;64;218;112m▀[0m[38;2;49;232;136m[48;2;64;218;112m▀[0m[38;2;123;77;66m[48;2;171;142;127m▀[0m[38;2;211;142;132m[48;2;171;142;127m▀[0m[38;2;255;95;74m[48;2;0;0;0m▀[0m[38;2;0;0;0m▀   
    [38;2;0;0;0m▀[38;2;36;184;138m[48;2;0;0;0m▀[0m[38;2;36;184;138m[48;2;71;212;111m▀[0m[38;2;27;183;105m[48;2;64;218;112m▀[0m[38;2;92;212;187m[48;2;64;218;112m▀[0m[38;2;64;218;112m[48;2;64;218;112m▀[0m[38;2;64;218;112m[48;2;64;218;112m▀[0m[38;2;171;142;127m[48;2;66;65;66m▀[0m[38;2;0;0;0m[48;2;106;167;77m▀[0m[38;2;8;1;0m▄[38;2;8;1;0m▄   
     [38;2;0;0;0m▄[38;2;0;0;0m[48;2;115;107;115m▀[0m[38;2;64;218;112m[48;2;51;78;71m▀[0m[38;2;64;218;112m[48;2;174;146;123m▀[0m[38;2;64;218;112m[48;2;174;146;123m▀[0m[38;2;66;65;66m[48;2;51;78;71m▀[0m[38;2;106;167;77m[48;2;168;37;33m▀[0m[38;2;66;127;37m[48;2;106;167;77m▀[0m[38;2;107;168;78m[48;2;64;125;35m▀[0m[38;2;29;86;1m[48;2;107;168;78m▀[0m[38;2;0;0;0m[48;2;0;0;0m▀[0m  
    [38;2;0;0;0m▄[38;2;0;0;0m[48;2;66;207;106m▀[0m[38;2;115;107;115m[48;2;1;107;31m▀[0m[38;2;227;178;148m[48;2;82;46;43m▀[0m[38;2;51;78;71m[48;2;247;125;115m▀[0m[38;2;51;78;71m[48;2;255;131;115m▀[0m[38;2;227;178;148m[48;2;170;87;76m▀[0m[38;2;168;37;33m[48;2;154;142;127m▀[0m[38;2;168;37;33m[48;2;74;58;57m▀[0m[38;2;206;65;54m[48;2;66;60;66m▀[0m[38;2;206;65;54m[48;2;66;60;66m▀[0m[38;2;206;65;54m[48;2;71;212;111m▀[0m[38;2;0;0;0m[48;2;0;0;0m▀[0m 
    [38;2;0;0;0m▀[38;2;208;255;222m[48;2;0;0;0m▀[0m[38;2;66;207;106m[48;2;0;0;0m▀[0m[38;2;0;0;8m▀[38;2;0;0;8m▀[38;2;0;0;0m▀[38;2;0;0;0m▀[38;2;74;58;57m[48;2;0;0;0m▀[0m[38;2;239;228;198m[48;2;71;212;111m▀[0m[38;2;71;212;111m[48;2;255;255;255m▀[0m[38;2;84;110;100m[48;2;0;0;0m▀[0m[38;2;71;212;111m[48;2;0;0;0m▀[0m[38;2;0;0;0m▀ 
                             [38;2;0;0;0m▀[38;2;0;0;0m▀                     
                                     [0m                                     