        [38;2;0;4;0m▄[38;2;0;4;0m[48;2;208;196;154m▀[0m[38;2;0;4;0m[48;2;208;196;154m▀[0m[38;2;0;4;0m▄ [38;2;0;4;0m▄[38;2;0;4;0m[48;2;255;255;255m▀[0m[38;2;0;4;0m[48;2;255;255;255m▀[0m[38;2;0;4;0m▄[38;2;0;4;0m▄    [38;2;0;4;0m▄[38;2;0;4;0m▄[38;2;0;4;0m▄          
       [38;2;0;4;0m▄[38;2;0;4;0m[48;2;157;145;103m▀[0m[38;2;208;196;154m[48;2;93;97;95m▀[0m[38;2;208;196;154m[48;2;208;196;154m▀[0m[38;2;208;196;154m[48;2;208;196;154m▀[0m[38;2;0;4;0m[48;2;208;196;154m▀[0m[38;2;255;255;255m[48;2;66;65;66m▀[0m[38;2;255;255;255m[48;2;255;255;255m▀[0m[38;2;255;255;255m[48;2;255;255;255m▀[0m[38;2;255;255;255m[48;2;255;255;255m▀[0m[38;2;214;223;231m[48;2;214;223;231m▀[0m[38;2;0;4;0m[48;2;214;223;231m▀[0m[38;2;0;4;0m▄[38;2;0;4;0m[48;2;255;255;255m▀[0m[38;2;0;4;0m[48;2;255;255;255m▀[0m[38;2;255;255;255m[48;2;255;255;255m▀[0m[38;2;255;255;255m[48;2;255;255;255m▀[0m[38;2;255;255;255m[48;2;255;255;255m▀[0m[38;2;0;0;0m[48;2;247;251;248m▀[0m[38;2;0;0;0m[48;2;82;83;82m▀[0m[38;2;0;4;0m▄[38;2;0;4;0m▄      
       [38;2;0;4;0m[48;2;0;4;0m▀[0m[38;2;155;143;101m[48;2;155;143;101m▀[0m[38;2;146;107;130m[48;2;201;110;166m▀[0m[38;2;93;105;101m[48;2;93;105;101m▀[0m[38;2;209;197;155m[48;2;209;197;155m▀[0m[38;2;209;197;155m[48;2;209;197;155m▀[0m[38;2;74;73;66m[48;2;207;195;153m▀[0m[38;2;255;255;255m[48;2;74;73;66m▀[0m[38;2;255;255;255m[48;2;189;201;225m▀[0m[38;2;189;201;225m[48;2;189;201;225m▀[0m[38;2;189;203;222m[48;2;135;143;148m▀[0m[38;2;135;143;148m[48;2;189;203;222m▀[0m[38;2;255;255;255m[48;2;255;255;255m▀[0m[38;2;255;255;255m[48;2;255;255;255m▀[0m[38;2;255;255;255m[48;2;255;255;255m▀[0m[38;2;255;255;255m[48;2;82;81;66m▀[0m[38;2;255;255;255m[48;2;82;77;66m▀[0m[38;2;82;77;66m[48;2;208;196;154m▀[0m[38;2;90;85;74m[48;2;243;231;189m▀[0m[38;2;195;183;141m[48;2;243;231;189m▀[0m[38;2;236;224;182m[48;2;236;224;182m▀[0m[38;2;236;224;182m[48;2;236;224;182m▀[0m[38;2;0;4;0m[48;2;208;196;154m▀[0m[38;2;0;4;0m▄    
       [38;2;0;4;0m[48;2;0;4;0m▀[0m[38;2;155;143;101m[48;2;155;143;101m▀[0m[38;2;183;102;153m[48;2;183;102;153m▀[0m[38;2;255;125;212m[48;2;107;85;82m▀[0m[38;2;90;97;99m[48;2;208;196;154m▀[0m[38;2;208;196;154m[48;2;158;146;104m▀[0m[38;2;208;196;154m[48;2;208;196;154m▀[0m[38;2;82;78;68m[48;2;82;78;68m▀[0m[38;2;189;202;225m[48;2;189;202;225m▀[0m[38;2;189;202;225m[48;2;189;202;225m▀[0m[38;2;135;143;148m[48;2;189;203;222m▀[0m[38;2;189;203;222m[48;2;189;203;222m▀[0m[38;2;192;197;198m[48;2;192;197;198m▀[0m[38;2;247;253;255m[48;2;82;85;82m▀[0m[38;2;82;78;68m[48;2;208;196;154m▀[0m[38;2;208;196;154m[48;2;208;196;154m▀[0m[38;2;209;197;155m[48;2;209;197;155m▀[0m[38;2;235;223;181m[48;2;209;197;155m▀[0m[38;2;236;224;182m[48;2;96;95;96m▀[0m[38;2;236;224;182m[48;2;96;95;96m▀[0m[38;2;209;197;155m[48;2;209;197;155m▀[0m[38;2;209;197;155m[48;2;209;197;155m▀[0m[38;2;208;196;154m[48;2;208;196;154m▀[0m[38;2;0;4;0m[48;2;0;4;0m▀[0m    
       [38;2;0;4;0m▀[38;2;157;145;103m[48;2;0;4;0m▀[0m[38;2;157;145;103m[48;2;207;195;153m▀[0m[38;2;90;97;99m[48;2;157;145;103m▀[0m[38;2;209;197;155m[48;2;209;197;155m▀[0m[38;2;151;139;97m[48;2;82;81;74m▀[0m[38;2;82;85;82m[48;2;212;200;158m▀[0m[38;2;154;142;100m[48;2;154;142;100m▀[0m[38;2;194;199;205m[48;2;134;143;156m▀[0m[38;2;255;255;255m[48;2;255;255;255m▀[0m[38;2;203;210;219m[48;2;203;210;219m▀[0m[38;2;239;247;255m[48;2;132;138;148m▀[0m[38;2;198;201;206m[48;2;82;78;68m▀[0m[38;2;82;78;68m[48;2;215;203;161m▀[0m[38;2;208;196;154m[48;2;208;196;154m▀[0m[38;2;208;196;154m[48;2;157;145;103m▀[0m[38;2;202;190;148m[48;2;156;133;135m▀[0m[38;2;107;85;90m[48;2;157;132;147m▀[0m[38;2;201;89;159m[48;2;201;89;159m▀[0m[38;2;156;144;102m[48;2;201;89;159m▀[0m[38;2;156;144;102m[48;2;156;144;102m▀[0m[38;2;208;196;154m[48;2;208;196;154m▀[0m[38;2;208;196;154m[48;2;208;196;154m▀[0m[38;2;0;4;0m[48;2;0;4;0m▀[0m    
        [38;2;0;4;0m▀[38;2;151;139;97m[48;2;0;8;8m▀[0m[38;2;217;205;163m[48;2;151;139;97m▀[0m[38;2;82;78;68m[48;2;82;78;68m▀[0m[38;2;208;196;154m[48;2;208;196;154m▀[0m[38;2;209;197;155m[48;2;209;197;155m▀[0m[38;2;235;223;181m[48;2;235;223;181m▀[0m[38;2;140;144;148m[48;2;231;219;177m▀[0m[38;2;255;255;255m[48;2;140;144;148m▀[0m[38;2;134;140;150m[48;2;236;224;182m▀[0m[38;2;236;224;182m[48;2;236;224;182m▀[0m[38;2;82;78;68m[48;2;208;196;154m▀[0m[38;2;208;196;154m[48;2;208;196;154m▀[0m[38;2;156;144;102m[48;2;156;144;102m▀[0m[38;2;156;144;102m[48;2;208;196;154m▀[0m[38;2;208;196;154m[48;2;208;196;154m▀[0m[38;2;136;143;148m[48;2;136;143;148m▀[0m[38;2;243;104;197m[48;2;132;130;131m▀[0m[38;2;206;113;176m[48;2;206;113;176m▀[0m[38;2;209;197;155m[48;2;209;197;155m▀[0m[38;2;209;197;155m[48;2;209;197;155m▀[0m[38;2;208;196;154m[48;2;0;4;0m▀[0m[38;2;0;4;0m▀    
        [38;2;0;4;0m[48;2;0;4;0m▀[0m[38;2;189;203;222m[48;2;189;203;222m▀[0m[38;2;82;81;66m[48;2;82;81;66m▀[0m[38;2;208;196;154m[48;2;208;196;154m▀[0m[38;2;208;196;154m[48;2;66;65;66m▀[0m[38;2;66;65;66m[48;2;255;255;255m▀[0m[38;2;204;192;150m[48;2;204;192;150m▀[0m[38;2;235;223;181m[48;2;209;197;155m▀[0m[38;2;235;223;181m[48;2;209;197;155m▀[0m[38;2;235;223;181m[48;2;209;197;155m▀[0m[38;2;209;197;155m[48;2;209;197;155m▀[0m[38;2;208;196;154m[48;2;66;65;66m▀[0m[38;2;208;196;154m[48;2;208;196;154m▀[0m[38;2;209;197;155m[48;2;209;197;155m▀[0m[38;2;209;197;155m[48;2;209;197;155m▀[0m[38;2;157;145;103m[48;2;208;196;154m▀[0m[38;2;208;196;154m[48;2;208;196;154m▀[0m[38;2;208;196;154m[48;2;156;144;102m▀[0m[38;2;156;144;102m[48;2;208;196;154m▀[0m[38;2;208;196;154m[48;2;208;196;154m▀[0m[38;2;208;196;154m[48;2;0;4;0m▀[0m[38;2;0;4;0m▀     
      [38;2;0;4;0m▄[38;2;0;4;0m▄[38;2;0;4;0m[48;2;189;203;222m▀[0m[38;2;189;203;222m[48;2;74;73;66m▀[0m[38;2;74;73;66m[48;2;189;203;222m▀[0m[38;2;211;199;157m[48;2;90;77;74m▀[0m[38;2;90;77;74m[48;2;132;120;78m▀[0m[38;2;74;73;66m[48;2;74;73;66m▀[0m[38;2;208;196;154m[48;2;208;196;154m▀[0m[38;2;209;197;155m[48;2;209;197;155m▀[0m[38;2;209;197;155m[48;2;209;197;155m▀[0m[38;2;208;196;154m[48;2;208;196;154m▀[0m[38;2;66;65;66m[48;2;66;65;66m▀[0m[38;2;255;255;255m[48;2;74;69;66m▀[0m[38;2;74;69;66m[48;2;74;69;66m▀[0m[38;2;209;197;155m[48;2;209;197;155m▀[0m[38;2;209;197;155m[48;2;209;197;155m▀[0m[38;2;156;144;102m[48;2;208;196;154m▀[0m[38;2;156;144;102m[48;2;208;196;154m▀[0m[38;2;208;196;154m[48;2;66;65;66m▀[0m[38;2;208;196;154m[48;2;66;65;66m▀[0m[38;2;63;73;74m[48;2;189;203;222m▀[0m[38;2;0;4;0m[48;2;0;4;0m▀[0m      
   [38;2;0;4;0m▄[38;2;0;4;0m[48;2;189;203;222m▀[0m[38;2;0;4;0m[48;2;189;203;222m▀[0m[38;2;189;203;222m[48;2;189;203;222m▀[0m[38;2;189;202;225m[48;2;189;202;225m▀[0m[38;2;189;202;225m[48;2;189;202;225m▀[0m[38;2;189;199;222m[48;2;66;60;57m▀[0m[38;2;66;60;57m[48;2;107;109;112m▀[0m[38;2;82;78;68m[48;2;198;201;206m▀[0m[38;2;215;203;161m[48;2;82;78;68m▀[0m[38;2;208;196;154m[48;2;208;196;154m▀[0m[38;2;157;145;103m[48;2;208;196;154m▀[0m[38;2;208;196;154m[48;2;93;97;95m▀[0m[38;2;208;196;154m[48;2;93;97;95m▀[0m[38;2;207;195;153m[48;2;99;93;90m▀[0m[38;2;140;128;86m[48;2;99;93;90m▀[0m[38;2;90;77;74m[48;2;211;199;157m▀[0m[38;2;132;120;78m[48;2;211;199;157m▀[0m[38;2;212;200;158m[48;2;154;142;100m▀[0m[38;2;97;85;43m[48;2;154;142;100m▀[0m[38;2;66;65;66m[48;2;66;65;66m▀[0m[38;2;66;65;66m[48;2;189;203;222m▀[0m[38;2;189;203;222m[48;2;189;203;222m▀[0m[38;2;189;203;222m[48;2;0;4;0m▀[0m[38;2;0;4;0m▀       
 [38;2;0;4;0m▄[38;2;0;4;0m[48;2;189;203;222m▀[0m[38;2;189;202;225m[48;2;189;202;225m▀[0m[38;2;189;202;225m[48;2;189;202;225m▀[0m[38;2;189;203;222m[48;2;189;203;222m▀[0m[38;2;189;203;222m[48;2;0;4;0m▀[0m[38;2;189;203;222m[48;2;0;4;0m▀[0m[38;2;189;203;222m[48;2;0;4;0m▀[0m[38;2;63;70;74m[48;2;0;0;0m▀[0m[38;2;189;203;222m[48;2;189;203;222m▀[0m[38;2;189;203;222m[48;2;189;203;222m▀[0m[38;2;189;203;222m[48;2;135;143;148m▀[0m[38;2;90;97;99m[48;2;145;147;151m▀[0m[38;2;90;97;99m[48;2;255;255;255m▀[0m[38;2;255;255;255m[48;2;255;255;255m▀[0m[38;2;255;255;255m[48;2;255;255;255m▀[0m[38;2;255;255;255m[48;2;255;255;255m▀[0m[38;2;255;255;255m[48;2;255;255;255m▀[0m[38;2;95;95;95m[48;2;255;255;255m▀[0m[38;2;95;95;95m[48;2;255;255;255m▀[0m[38;2;163;151;109m[48;2;98;105;109m▀[0m[38;2;57;56;57m[48;2;181;195;214m▀[0m[38;2;189;203;222m[48;2;66;65;66m▀[0m[38;2;189;203;222m[48;2;66;65;66m▀[0m[38;2;66;65;66m[48;2;189;203;222m▀[0m[38;2;189;203;222m[48;2;189;203;222m▀[0m[38;2;0;4;0m[48;2;222;231;239m▀[0m[38;2;0;4;0m[48;2;222;231;239m▀[0m[38;2;0;4;0m▄[38;2;0;4;0m▄    
 [38;2;0;4;0m[48;2;0;4;0m▀[0m[38;2;189;203;222m[48;2;189;203;222m▀[0m[38;2;189;203;222m[48;2;0;4;0m▀[0m[38;2;0;4;0m▀[38;2;0;4;0m▀   [38;2;0;4;0m▄[38;2;0;4;0m[48;2;66;64;66m▀[0m[38;2;192;193;194m[48;2;66;73;74m▀[0m[38;2;255;255;255m[48;2;192;193;194m▀[0m[38;2;255;255;255m[48;2;255;255;255m▀[0m[38;2;255;255;255m[48;2;255;255;255m▀[0m[38;2;255;255;255m[48;2;82;81;66m▀[0m[38;2;255;255;255m[48;2;82;81;66m▀[0m[38;2;135;143;148m[48;2;189;203;222m▀[0m[38;2;135;143;148m[48;2;189;203;222m▀[0m[38;2;255;255;255m[48;2;189;201;225m▀[0m[38;2;255;255;255m[48;2;189;201;225m▀[0m[38;2;189;203;222m[48;2;189;203;222m▀[0m[38;2;95;97;96m[48;2;189;203;222m▀[0m[38;2;66;65;66m[48;2;66;65;66m▀[0m[38;2;189;203;222m[48;2;189;203;222m▀[0m[38;2;189;201;225m[48;2;189;201;225m▀[0m[38;2;255;255;255m[48;2;189;201;225m▀[0m[38;2;189;201;225m[48;2;189;201;225m▀[0m[38;2;255;255;255m[48;2;189;201;225m▀[0m[38;2;189;201;225m[48;2;255;255;255m▀[0m[38;2;255;255;255m[48;2;255;255;255m▀[0m[38;2;0;4;0m[48;2;255;255;255m▀[0m[38;2;0;4;0m▄  
  [38;2;0;4;0m▀[38;2;0;4;0m▀  [38;2;0;4;0m▄[38;2;0;4;0m[48;2;189;203;222m▀[0m[38;2;0;4;0m[48;2;189;203;222m▀[0m[38;2;189;203;222m[48;2;189;203;222m▀[0m[38;2;66;65;66m[48;2;189;203;222m▀[0m[38;2;136;143;148m[48;2;66;65;66m▀[0m[38;2;66;65;66m[48;2;66;65;66m▀[0m[38;2;71;70;68m[48;2;71;70;68m▀[0m[38;2;71;70;68m[48;2;208;196;154m▀[0m[38;2;208;196;154m[48;2;208;196;154m▀[0m[38;2;82;78;68m[48;2;82;78;68m▀[0m[38;2;74;73;66m[48;2;208;196;154m▀[0m[38;2;74;73;66m[48;2;208;196;154m▀[0m[38;2;74;69;66m[48;2;74;69;66m▀[0m[38;2;189;203;222m[48;2;74;69;66m▀[0m[38;2;189;203;222m[48;2;189;203;222m▀[0m[38;2;189;203;222m[48;2;66;65;66m▀[0m[38;2;63;69;74m[48;2;189;199;222m▀[0m[38;2;63;69;74m[48;2;0;0;0m▀[0m[38;2;0;4;0m▀[38;2;189;203;222m[48;2;0;4;0m▀[0m[38;2;214;223;231m[48;2;0;4;0m▀[0m[38;2;214;223;231m[48;2;214;223;231m▀[0m[38;2;255;255;255m[48;2;255;255;255m▀[0m[38;2;255;255;255m[48;2;255;255;255m▀[0m[38;2;255;255;255m[48;2;255;255;255m▀[0m[38;2;189;201;225m[48;2;255;255;255m▀[0m[38;2;0;4;0m[48;2;0;4;0m▀[0m 
     [38;2;0;4;0m[48;2;0;4;0m▀[0m[38;2;189;203;222m[48;2;63;73;74m▀[0m[38;2;95;95;95m[48;2;255;255;255m▀[0m[38;2;255;255;255m[48;2;255;255;255m▀[0m[38;2;189;201;225m[48;2;255;255;255m▀[0m[38;2;189;201;225m[48;2;189;201;225m▀[0m[38;2;189;203;222m[48;2;135;143;148m▀[0m[38;2;189;203;222m[48;2;189;203;222m▀[0m[38;2;66;70;74m[48;2;198;205;222m▀[0m[38;2;151;139;97m[48;2;0;0;0m▀[0m[38;2;208;196;154m[48;2;156;144;102m▀[0m[38;2;208;196;154m[48;2;156;144;102m▀[0m[38;2;82;81;66m[48;2;156;144;102m▀[0m[38;2;82;81;66m[48;2;156;144;102m▀[0m[38;2;156;144;102m[48;2;156;144;102m▀[0m[38;2;156;144;102m[48;2;66;65;66m▀[0m[38;2;66;65;66m[48;2;189;203;222m▀[0m[38;2;189;203;222m[48;2;189;203;222m▀[0m[38;2;189;202;225m[48;2;189;202;225m▀[0m[38;2;189;202;225m[48;2;189;202;225m▀[0m[38;2;0;4;0m[48;2;189;203;222m▀[0m[38;2;0;4;0m▄ [38;2;0;4;0m▀[38;2;0;4;0m▀[38;2;255;255;255m[48;2;0;4;0m▀[0m[38;2;255;255;255m[48;2;255;255;255m▀[0m[38;2;255;255;255m[48;2;189;201;225m▀[0m[38;2;0;4;0m[48;2;0;4;0m▀[0m 
      [38;2;0;4;0m[48;2;0;4;0m▀[0m[38;2;255;255;255m[48;2;189;201;225m▀[0m[38;2;255;255;255m[48;2;255;255;255m▀[0m[38;2;255;255;255m[48;2;0;4;0m▀[0m[38;2;0;4;0m▀[38;2;0;4;0m▀[38;2;0;4;0m▀[38;2;0;4;0m▀[38;2;0;4;0m▄[38;2;8;8;8m[48;2;112;100;58m▀[0m[38;2;52;54;54m[48;2;157;145;103m▀[0m[38;2;66;60;66m[48;2;66;60;66m▀[0m[38;2;119;107;65m[48;2;205;193;151m▀[0m[38;2;158;146;104m[48;2;208;196;154m▀[0m[38;2;108;96;54m[48;2;208;196;154m▀[0m[38;2;66;65;66m[48;2;66;65;66m▀[0m[38;2;189;203;222m[48;2;189;203;222m▀[0m[38;2;189;202;225m[48;2;189;202;225m▀[0m[38;2;189;202;225m[48;2;189;202;225m▀[0m[38;2;189;203;222m[48;2;0;4;0m▀[0m[38;2;0;4;0m▀  [38;2;0;4;0m▀[38;2;189;203;222m[48;2;0;4;0m▀[0m[38;2;189;203;222m[48;2;0;4;0m▀[0m[38;2;0;4;0m▀  
       [38;2;0;4;0m▀[38;2;189;203;222m[48;2;0;4;0m▀[0m[38;2;255;255;255m[48;2;0;4;0m▀[0m[38;2;0;4;0m▀    [38;2;0;4;0m▀[38;2;0;4;0m▀[38;2;208;196;154m[48;2;0;4;0m▀[0m[38;2;99;99;94m[48;2;0;4;0m▀[0m[38;2;208;196;154m[48;2;0;4;0m▀[0m[38;2;99;99;94m[48;2;0;4;0m▀[0m[38;2;0;4;0m▀[38;2;0;4;0m▀[38;2;0;4;0m▀[38;2;0;4;0m▀          
                                     [0m                                     