        [38;2;0;4;0m▄[38;2;0;4;0m[48;2;170;176;173m▀[0m[38;2;0;4;0m▄       [38;2;0;4;0m▄    
       [38;2;0;4;0m▄[38;2;0;4;0m[48;2;170;176;173m▀[0m[38;2;170;176;173m[48;2;170;176;173m▀[0m[38;2;0;4;0m[48;2;0;4;0m▀[0m [38;2;0;4;0m▄    [38;2;0;4;0m[48;2;0;4;0m▀[0m[38;2;170;176;173m[48;2;170;176;173m▀[0m[38;2;0;4;0m[48;2;0;4;0m▀[0m   
     [38;2;0;4;0m▄[38;2;0;4;0m[48;2;170;176;173m▀[0m[38;2;170;176;173m[48;2;113;121;117m▀[0m[38;2;170;176;173m[48;2;115;120;117m▀[0m[38;2;0;4;0m[48;2;8;8;0m▀[0m [38;2;0;4;0m[48;2;0;4;0m▀[0m[38;2;237;135;0m[48;2;237;135;0m▀[0m[38;2;0;4;0m[48;2;0;4;0m▀[0m  [38;2;0;4;0m▄[38;2;0;4;0m[48;2;170;176;173m▀[0m[38;2;170;176;173m[48;2;170;176;173m▀[0m[38;2;0;4;0m[48;2;170;176;173m▀[0m[38;2;0;4;0m▄  
    [38;2;0;4;0m[48;2;0;4;0m▀[0m[38;2;115;120;117m[48;2;115;120;117m▀[0m[38;2;113;121;117m[48;2;113;121;117m▀[0m[38;2;113;121;117m[48;2;113;121;117m▀[0m[38;2;115;120;117m[48;2;113;121;117m▀[0m[38;2;63;63;57m[48;2;74;60;57m▀[0m[38;2;0;4;0m[48;2;237;135;0m▀[0m[38;2;237;135;0m[48;2;237;135;0m▀[0m[38;2;237;135;0m[48;2;0;4;0m▀[0m[38;2;0;4;0m▀[38;2;0;4;0m▄[38;2;0;4;0m[48;2;170;176;173m▀[0m[38;2;170;176;173m[48;2;170;176;173m▀[0m[38;2;170;176;173m[48;2;170;176;173m▀[0m[38;2;170;176;173m[48;2;170;176;173m▀[0m[38;2;170;176;173m[48;2;170;176;173m▀[0m[38;2;0;4;0m[48;2;0;4;0m▀[0m  
   [38;2;0;4;0m[48;2;0;4;0m▀[0m[38;2;115;120;117m[48;2;113;121;117m▀[0m[38;2;115;120;117m[48;2;113;121;117m▀[0m[38;2;148;138;57m[48;2;144;136;53m▀[0m[38;2;113;121;117m[48;2;66;65;66m▀[0m[38;2;74;60;57m[48;2;237;135;0m▀[0m[38;2;237;135;0m[48;2;237;135;0m▀[0m[38;2;237;135;0m[48;2;237;135;0m▀[0m[38;2;237;135;0m[48;2;237;135;0m▀[0m[38;2;0;4;0m[48;2;237;135;0m▀[0m[38;2;0;16;16m▄[38;2;0;4;0m[48;2;170;176;173m▀[0m[38;2;170;176;173m[48;2;170;176;173m▀[0m[38;2;170;176;173m[48;2;170;176;173m▀[0m[38;2;170;176;173m[48;2;222;190;82m▀[0m[38;2;170;176;173m[48;2;170;176;173m▀[0m[38;2;170;176;173m[48;2;170;176;173m▀[0m[38;2;0;4;0m[48;2;0;4;0m▀[0m  
   [38;2;0;4;0m[48;2;0;4;0m▀[0m[38;2;113;121;117m[48;2;189;186;132m▀[0m[38;2;148;138;57m[48;2;128;128;88m▀[0m[38;2;144;136;53m[48;2;66;65;66m▀[0m[38;2;66;65;66m[48;2;237;135;0m▀[0m[38;2;237;135;0m[48;2;183;65;1m▀[0m[38;2;183;65;1m[48;2;222;191;79m▀[0m[38;2;237;135;0m[48;2;183;65;1m▀[0m[38;2;237;135;0m[48;2;237;135;0m▀[0m[38;2;237;135;0m[48;2;237;135;0m▀[0m[38;2;68;47;32m[48;2;66;65;66m▀[0m[38;2;170;176;173m[48;2;170;176;173m▀[0m[38;2;170;176;173m[48;2;222;190;82m▀[0m[38;2;222;190;82m[48;2;222;190;82m▀[0m[38;2;222;190;82m[48;2;170;176;173m▀[0m[38;2;170;176;173m[48;2;170;176;173m▀[0m[38;2;170;176;173m[48;2;0;4;0m▀[0m[38;2;0;4;0m▀  
 [38;2;0;4;0m▄[38;2;0;4;0m[48;2;115;120;117m▀[0m[38;2;0;4;0m▄[38;2;8;12;0m[48;2;66;65;66m▀[0m[38;2;128;128;88m[48;2;66;65;66m▀[0m[38;2;66;65;66m[48;2;66;65;66m▀[0m[38;2;237;135;0m[48;2;185;66;1m▀[0m[38;2;183;65;1m[48;2;222;191;79m▀[0m[38;2;183;65;1m[48;2;183;65;1m▀[0m[38;2;183;65;1m[48;2;237;135;0m▀[0m[38;2;237;135;0m[48;2;237;135;0m▀[0m[38;2;237;135;0m[48;2;66;65;66m▀[0m[38;2;66;65;66m[48;2;170;176;173m▀[0m[38;2;170;176;173m[48;2;170;176;173m▀[0m[38;2;222;190;82m[48;2;222;190;82m▀[0m[38;2;222;190;82m[48;2;170;176;173m▀[0m[38;2;170;176;173m[48;2;170;176;173m▀[0m[38;2;170;176;173m[48;2;0;4;0m▀[0m[38;2;0;4;0m▀   
 [38;2;0;4;0m▀[38;2;115;120;117m[48;2;0;4;0m▀[0m[38;2;115;120;117m[48;2;115;120;117m▀[0m[38;2;66;65;66m[48;2;113;121;115m▀[0m[38;2;192;162;76m[48;2;66;65;66m▀[0m[38;2;66;65;66m[48;2;176;151;76m▀[0m[38;2;185;66;1m[48;2;66;65;66m▀[0m[38;2;222;191;79m[48;2;222;190;82m▀[0m[38;2;183;65;1m[48;2;66;65;66m▀[0m[38;2;237;135;0m[48;2;66;65;66m▀[0m[38;2;66;65;66m[48;2;222;190;82m▀[0m[38;2;66;65;66m[48;2;222;190;82m▀[0m[38;2;66;65;66m[48;2;222;190;82m▀[0m[38;2;170;176;173m[48;2;66;65;66m▀[0m[38;2;170;176;173m[48;2;170;176;173m▀[0m[38;2;170;176;173m[48;2;66;65;66m▀[0m[38;2;66;65;66m[48;2;66;65;66m▀[0m[38;2;66;65;66m[48;2;170;176;173m▀[0m[38;2;66;65;66m[48;2;170;176;173m▀[0m[38;2;66;65;66m[48;2;170;176;173m▀[0m[38;2;66;65;66m▄ 
 [38;2;0;4;0m▄[38;2;0;4;0m[48;2;115;120;117m▀[0m[38;2;57;60;57m[48;2;115;120;117m▀[0m[38;2;113;121;115m[48;2;110;117;117m▀[0m[38;2;113;121;115m[48;2;124;109;124m▀[0m[38;2;66;65;66m[48;2;255;251;247m▀[0m[38;2;231;195;82m[48;2;108;61;31m▀[0m[38;2;222;190;82m[48;2;239;170;74m▀[0m[38;2;222;190;82m[48;2;74;60;66m▀[0m[38;2;222;190;82m[48;2;130;65;9m▀[0m[38;2;66;65;66m[48;2;172;127;84m▀[0m[38;2;66;65;66m[48;2;255;255;255m▀[0m[38;2;66;65;66m[48;2;113;121;117m▀[0m[38;2;170;176;173m[48;2;170;176;173m▀[0m[38;2;66;65;66m[48;2;170;176;173m▀[0m[38;2;170;176;173m[48;2;170;176;173m▀[0m[38;2;170;176;173m[48;2;66;65;66m▀[0m[38;2;170;176;173m[48;2;66;65;66m▀[0m[38;2;170;176;173m[48;2;66;65;66m▀[0m[38;2;66;65;66m▀  
  [38;2;0;4;0m▀[38;2;0;4;0m▀[38;2;110;117;117m[48;2;0;4;0m▀[0m[38;2;124;109;124m[48;2;0;4;0m▀[0m[38;2;255;251;247m[48;2;170;176;173m▀[0m[38;2;151;118;109m[48;2;170;176;173m▀[0m[38;2;74;60;66m[48;2;189;101;66m▀[0m[38;2;184;133;71m[48;2;165;176;173m▀[0m[38;2;170;170;162m[48;2;170;176;173m▀[0m[38;2;172;127;84m[48;2;170;176;173m▀[0m[38;2;255;255;255m[48;2;82;83;102m▀[0m[38;2;113;121;117m[48;2;82;83;102m▀[0m[38;2;243;238;244m[48;2;0;4;0m▀[0m[38;2;243;238;244m[48;2;170;176;173m▀[0m[38;2;170;176;173m[48;2;170;176;173m▀[0m[38;2;170;176;173m[48;2;170;176;173m▀[0m[38;2;170;176;173m[48;2;0;4;0m▀[0m[38;2;170;176;173m[48;2;0;4;0m▀[0m[38;2;0;4;0m▀  
      [38;2;0;4;8m▀[38;2;0;4;8m▀[38;2;145;123;109m[48;2;0;4;8m▀[0m[38;2;165;176;173m[48;2;245;241;246m▀[0m[38;2;170;176;173m[48;2;66;65;66m▀[0m[38;2;113;121;117m[48;2;66;65;66m▀[0m[38;2;165;166;189m[48;2;0;4;0m▀[0m[38;2;0;0;16m▀ [38;2;0;4;0m▀[38;2;0;4;0m▀[38;2;0;4;0m▀     
    [38;2;0;4;0m▄[38;2;0;4;0m▄[38;2;0;4;0m[48;2;132;135;128m▀[0m[38;2;0;4;0m[48;2;165;173;173m▀[0m[38;2;245;241;246m[48;2;245;241;246m▀[0m[38;2;208;190;210m[48;2;170;176;173m▀[0m[38;2;113;121;115m[48;2;170;176;173m▀[0m[38;2;113;121;115m[48;2;245;241;246m▀[0m[38;2;226;210;230m[48;2;243;238;244m▀[0m[38;2;0;4;0m[48;2;227;210;231m▀[0m[38;2;0;4;0m[48;2;82;82;90m▀[0m[38;2;0;0;8m▄       
   [38;2;0;4;0m[48;2;0;4;0m▀[0m[38;2;132;135;128m[48;2;133;135;128m▀[0m[38;2;132;135;128m[48;2;133;135;128m▀[0m[38;2;132;135;128m[48;2;66;65;66m▀[0m[38;2;165;173;173m[48;2;66;65;66m▀[0m[38;2;233;222;236m[48;2;165;173;173m▀[0m[38;2;245;241;246m[48;2;230;214;233m▀[0m[38;2;245;241;246m[48;2;230;214;233m▀[0m[38;2;233;222;236m[48;2;170;176;173m▀[0m[38;2;227;210;231m[48;2;82;83;95m▀[0m[38;2;165;173;173m[48;2;165;173;173m▀[0m[38;2;165;170;173m[48;2;170;176;173m▀[0m[38;2;0;0;8m[48;2;170;176;173m▀[0m[38;2;0;4;0m▄      
   [38;2;0;4;0m▀[38;2;133;135;128m[48;2;0;4;0m▀[0m[38;2;133;135;128m[48;2;132;135;128m▀[0m[38;2;132;135;128m[48;2;66;69;82m▀[0m[38;2;66;65;66m[48;2;170;176;173m▀[0m[38;2;170;176;173m[48;2;170;176;173m▀[0m[38;2;170;176;173m[48;2;170;176;173m▀[0m[38;2;170;176;173m[48;2;165;173;173m▀[0m[38;2;170;176;173m[48;2;0;0;24m▀[0m[38;2;0;0;16m▀[38;2;165;173;173m[48;2;0;4;0m▀[0m[38;2;170;176;173m[48;2;170;176;173m▀[0m[38;2;170;176;173m[48;2;170;176;173m▀[0m[38;2;170;176;173m[48;2;170;176;173m▀[0m[38;2;0;4;0m[48;2;0;4;0m▀[0m     
    [38;2;0;4;0m▄[38;2;0;4;0m[48;2;115;120;117m▀[0m[38;2;66;69;82m[48;2;66;65;66m▀[0m[38;2;66;69;82m[48;2;114;41;1m▀[0m[38;2;170;176;173m[48;2;243;238;244m▀[0m[38;2;170;176;173m[48;2;243;238;244m▀[0m[38;2;82;83;101m[48;2;244;240;245m▀[0m[38;2;82;83;101m[48;2;114;41;1m▀[0m[38;2;0;4;0m[48;2;74;69;49m▀[0m[38;2;66;64;66m[48;2;170;176;134m▀[0m[38;2;170;176;173m[48;2;170;176;173m▀[0m[38;2;170;176;173m[48;2;0;4;0m▀[0m[38;2;0;4;0m▀      
     [38;2;0;4;0m[48;2;0;4;0m▀[0m[38;2;185;66;1m[48;2;114;41;1m▀[0m[38;2;185;66;1m[48;2;211;75;2m▀[0m[38;2;218;82;9m[48;2;74;56;66m▀[0m[38;2;237;135;0m[48;2;237;135;0m▀[0m[38;2;114;41;1m[48;2;237;135;0m▀[0m[38;2;114;41;1m[48;2;237;135;0m▀[0m[38;2;194;193;148m[48;2;237;135;0m▀[0m[38;2;74;69;49m[48;2;247;211;66m▀[0m[38;2;170;176;173m[48;2;66;65;66m▀[0m[38;2;170;176;173m[48;2;66;65;66m▀[0m[38;2;0;4;0m[48;2;0;4;0m▀[0m      
    [38;2;0;4;0m▀[38;2;189;158;66m[48;2;0;4;0m▀[0m[38;2;198;154;66m[48;2;189;158;66m▀[0m[38;2;114;41;1m[48;2;189;158;66m▀[0m[38;2;175;62;1m[48;2;189;158;66m▀[0m[38;2;74;56;66m[48;2;0;4;0m▀[0m[38;2;237;135;0m[48;2;79;59;43m▀[0m[38;2;237;135;0m[48;2;159;118;62m▀[0m[38;2;177;63;1m[48;2;244;211;66m▀[0m[38;2;177;63;1m[48;2;244;211;66m▀[0m[38;2;66;65;66m[48;2;239;207;82m▀[0m[38;2;192;157;66m[48;2;79;69;43m▀[0m[38;2;189;158;66m[48;2;0;4;0m▀[0m[38;2;0;4;0m▀     
    [38;2;0;12;8m▄[38;2;0;12;8m▄[38;2;0;8;16m[48;2;230;214;233m▀[0m[38;2;63;58;32m[48;2;230;214;233m▀[0m[38;2;0;4;0m[48;2;0;4;0m▀[0m [38;2;0;0;24m▀[38;2;239;178;82m[48;2;0;4;0m▀[0m[38;2;244;211;66m[48;2;202;193;202m▀[0m[38;2;244;211;66m[48;2;202;193;202m▀[0m[38;2;79;69;43m[48;2;0;4;0m▀[0m[38;2;0;0;24m▀       
   [38;2;0;4;0m[48;2;0;4;0m▀[0m[38;2;197;70;1m[48;2;108;39;1m▀[0m[38;2;108;39;1m[48;2;197;70;1m▀[0m[38;2;183;65;1m[48;2;0;4;0m▀[0m[38;2;230;214;233m[48;2;0;4;0m▀[0m[38;2;0;4;0m▀   [38;2;8;8;0m[48;2;0;20;41m▀[0m[38;2;244;242;244m[48;2;71;48;57m▀[0m[38;2;244;240;245m[48;2;68;53;62m▀[0m[38;2;0;4;0m[48;2;0;24;49m▀[0m       
    [38;2;0;12;8m▀[38;2;0;12;8m▀     [38;2;0;4;0m[48;2;0;4;0m▀[0m[38;2;237;135;0m[48;2;74;54;24m▀[0m[38;2;153;83;61m[48;2;237;135;0m▀[0m[38;2;237;135;0m[48;2;108;39;1m▀[0m[38;2;70;50;58m[48;2;197;70;1m▀[0m[38;2;0;4;0m[48;2;0;4;0m▀[0m      
            [38;2;0;12;8m▀[38;2;0;12;8m▀[38;2;0;12;8m▀[38;2;0;12;8m▀       
                                     [0m                                     