                        [38;2;0;0;0m▄[38;2;0;0;0m▄[38;2;0;0;0m[48;2;223;197;199m▀[0m[38;2;0;0;0m[48;2;223;197;199m▀[0m[38;2;0;0;0m[48;2;223;197;199m▀[0m[38;2;0;0;0m[48;2;223;197;199m▀[0m[38;2;0;0;0m▄            
            [38;2;0;0;0m▄[38;2;0;0;0m▄[38;2;0;0;0m[48;2;239;57;54m▀[0m[38;2;0;0;0m[48;2;239;57;54m▀[0m[38;2;0;0;0m[48;2;37;218;240m▀[0m[38;2;0;0;0m[48;2;3;193;227m▀[0m[38;2;0;0;0m▄  [38;2;0;0;0m▄[38;2;41;16;0m▄[38;2;0;0;0m[48;2;223;197;199m▀[0m[38;2;223;197;199m[48;2;65;64;65m▀[0m[38;2;223;197;199m[48;2;0;0;0m▀[0m[38;2;0;0;0m▀[38;2;0;0;0m▀[38;2;0;0;0m▀[38;2;0;0;0m▀             
          [38;2;0;0;0m▄[38;2;0;0;0m[48;2;203;40;55m▀[0m[38;2;183;31;45m[48;2;233;106;90m▀[0m[38;2;239;55;51m[48;2;233;106;90m▀[0m[38;2;239;57;54m[48;2;239;57;54m▀[0m[38;2;239;57;54m[48;2;239;57;54m▀[0m[38;2;137;122;136m[48;2;239;57;54m▀[0m[38;2;37;218;240m[48;2;45;221;242m▀[0m[38;2;3;179;219m[48;2;3;184;221m▀[0m[38;2;0;0;0m[48;2;120;100;119m▀[0m[38;2;0;0;0m[48;2;239;57;54m▀[0m[38;2;239;57;54m[48;2;239;57;54m▀[0m[38;2;116;122;136m[48;2;239;57;54m▀[0m[38;2;71;67;68m[48;2;45;221;242m▀[0m[38;2;0;0;0m[48;2;3;161;203m▀[0m[38;2;24;12;0m▄[38;2;8;4;0m▄[38;2;8;4;0m▄           [38;2;0;0;0m▄[38;2;0;0;0m▄  
         [38;2;0;0;0m▄[38;2;0;0;0m[48;2;233;106;90m▀[0m[38;2;221;100;85m[48;2;239;57;54m▀[0m[38;2;233;106;90m[48;2;239;57;54m▀[0m[38;2;239;57;54m[48;2;239;57;54m▀[0m[38;2;239;57;54m[48;2;239;57;54m▀[0m[38;2;239;57;54m[48;2;239;57;54m▀[0m[38;2;239;57;54m[48;2;239;57;54m▀[0m[38;2;45;221;242m[48;2;137;122;136m▀[0m[38;2;32;216;239m[48;2;48;222;242m▀[0m[38;2;3;184;221m[48;2;3;179;219m▀[0m[38;2;239;57;54m[48;2;239;57;54m▀[0m[38;2;239;57;54m[48;2;239;57;54m▀[0m[38;2;239;57;54m[48;2;239;57;54m▀[0m[38;2;45;221;242m[48;2;21;211;237m▀[0m[38;2;3;161;203m[48;2;3;179;219m▀[0m[38;2;239;65;61m[48;2;239;57;54m▀[0m[38;2;218;75;74m[48;2;120;98;118m▀[0m[38;2;0;199;232m[48;2;37;218;240m▀[0m[38;2;0;0;0m[48;2;0;0;0m▀[0m   [38;2;0;0;0m▄[38;2;0;0;0m▄[38;2;0;0;0m[48;2;242;219;219m▀[0m[38;2;0;0;0m[48;2;242;219;219m▀[0m[38;2;0;0;0m[48;2;242;219;219m▀[0m[38;2;0;0;0m[48;2;242;219;219m▀[0m[38;2;0;0;0m[48;2;242;219;219m▀[0m[38;2;242;219;219m[48;2;0;0;0m▀[0m[38;2;242;219;219m[48;2;0;0;0m▀[0m[38;2;0;0;0m▀ 
     [38;2;0;0;0m▄[38;2;0;0;0m[48;2;189;29;44m▀[0m[38;2;0;0;0m[48;2;239;57;54m▀[0m[38;2;0;0;0m[48;2;189;29;44m▀[0m[38;2;234;104;87m[48;2;239;57;54m▀[0m[38;2;239;57;54m[48;2;239;57;54m▀[0m[38;2;239;57;54m[48;2;239;57;54m▀[0m[38;2;239;57;54m[48;2;215;43;58m▀[0m[38;2;239;57;54m[48;2;215;43;58m▀[0m[38;2;239;57;54m[48;2;239;57;54m▀[0m[38;2;239;57;54m[48;2;239;57;54m▀[0m[38;2;239;57;54m[48;2;82;78;71m▀[0m[38;2;239;57;54m[48;2;82;78;71m▀[0m[38;2;48;222;242m[48;2;82;78;71m▀[0m[38;2;82;78;71m[48;2;242;219;219m▀[0m[38;2;82;78;71m[48;2;242;219;219m▀[0m[38;2;82;78;71m[48;2;242;219;219m▀[0m[38;2;82;78;71m[48;2;242;219;219m▀[0m[38;2;87;83;82m[48;2;242;219;219m▀[0m[38;2;3;179;219m[48;2;82;78;71m▀[0m[38;2;239;57;54m[48;2;82;78;71m▀[0m[38;2;37;218;240m[48;2;82;78;71m▀[0m[38;2;37;218;240m[48;2;82;78;71m▀[0m[38;2;3;179;219m[48;2;82;78;71m▀[0m[38;2;0;0;0m[48;2;242;219;219m▀[0m[38;2;0;0;0m[48;2;242;222;220m▀[0m[38;2;0;0;0m[48;2;242;222;220m▀[0m[38;2;242;219;219m[48;2;0;0;0m▀[0m[38;2;242;219;219m[48;2;0;0;0m▀[0m[38;2;0;0;0m▀[38;2;0;0;0m▀[38;2;0;0;0m▀[38;2;0;0;0m▀[38;2;0;0;0m▀    
    [38;2;0;0;8m▄[38;2;0;0;0m[48;2;197;37;51m▀[0m[38;2;239;57;54m[48;2;190;27;42m▀[0m[38;2;189;29;44m[48;2;229;106;90m▀[0m[38;2;239;57;54m[48;2;239;57;54m▀[0m[38;2;239;57;54m[48;2;239;57;54m▀[0m[38;2;239;57;54m[48;2;239;57;54m▀[0m[38;2;215;43;58m[48;2;239;57;54m▀[0m[38;2;239;57;54m[48;2;233;106;90m▀[0m[38;2;239;57;54m[48;2;239;57;54m▀[0m[38;2;192;64;57m[48;2;74;72;65m▀[0m[38;2;82;78;71m[48;2;242;219;219m▀[0m[38;2;242;219;219m[48;2;65;64;65m▀[0m[38;2;242;219;219m[48;2;65;64;65m▀[0m[38;2;242;219;219m[48;2;65;64;65m▀[0m[38;2;65;64;65m[48;2;37;218;240m▀[0m[38;2;65;64;65m[48;2;82;80;65m▀[0m[38;2;65;64;65m[48;2;239;57;54m▀[0m[38;2;65;64;65m[48;2;65;64;65m▀[0m[38;2;65;64;65m[48;2;251;111;83m▀[0m[38;2;242;219;219m[48;2;65;64;65m▀[0m[38;2;242;219;219m[48;2;65;64;65m▀[0m[38;2;242;219;219m[48;2;65;64;65m▀[0m[38;2;242;219;219m[48;2;65;64;65m▀[0m[38;2;242;219;219m[48;2;65;64;65m▀[0m[38;2;82;78;71m[48;2;48;222;242m▀[0m[38;2;82;78;71m[48;2;49;223;242m▀[0m[38;2;0;0;16m[48;2;49;223;242m▀[0m[38;2;0;0;0m▄          
  [38;2;0;0;0m▄[38;2;0;0;0m[48;2;220;93;76m▀[0m[38;2;197;37;51m[48;2;239;57;54m▀[0m[38;2;218;95;79m[48;2;239;57;54m▀[0m[38;2;229;106;90m[48;2;239;57;54m▀[0m[38;2;239;65;62m[48;2;239;57;54m▀[0m[38;2;239;57;54m[48;2;239;57;54m▀[0m[38;2;239;57;54m[48;2;239;57;54m▀[0m[38;2;239;57;54m[48;2;189;29;44m▀[0m[38;2;239;57;54m[48;2;239;57;54m▀[0m[38;2;239;57;54m[48;2;239;57;54m▀[0m[38;2;239;57;54m[48;2;189;29;44m▀[0m[38;2;74;72;65m[48;2;192;64;57m▀[0m[38;2;74;72;65m[48;2;239;57;54m▀[0m[38;2;239;57;54m[48;2;239;57;54m▀[0m[38;2;239;57;54m[48;2;239;57;54m▀[0m[38;2;239;60;56m[48;2;239;55;51m▀[0m[38;2;37;218;240m[48;2;90;85;82m▀[0m[38;2;82;80;65m[48;2;82;76;65m▀[0m[38;2;82;80;65m[48;2;208;66;39m▀[0m[38;2;251;111;83m[48;2;218;74;47m▀[0m[38;2;251;111;83m[48;2;251;111;83m▀[0m[38;2;229;83;55m[48;2;251;112;85m▀[0m[38;2;251;122;96m[48;2;251;112;85m▀[0m[38;2;48;222;242m[48;2;126;130;138m▀[0m[38;2;48;222;242m[48;2;49;223;242m▀[0m[38;2;65;64;65m[48;2;49;223;242m▀[0m[38;2;48;222;242m[48;2;65;64;65m▀[0m[38;2;65;64;65m[48;2;0;0;0m▀[0m[38;2;0;0;0m▀           
 [38;2;0;0;0m[48;2;0;0;0m▀[0m[38;2;190;37;50m[48;2;239;57;54m▀[0m[38;2;220;93;76m[48;2;239;57;54m▀[0m[38;2;239;57;54m[48;2;239;57;54m▀[0m[38;2;239;57;54m[48;2;239;57;54m▀[0m[38;2;239;57;54m[48;2;239;61;58m▀[0m[38;2;239;57;54m[48;2;239;61;58m▀[0m[38;2;239;57;54m[48;2;239;57;54m▀[0m[38;2;239;57;54m[48;2;239;57;54m▀[0m[38;2;239;57;54m[48;2;239;57;54m▀[0m[38;2;189;29;44m[48;2;239;57;54m▀[0m[38;2;189;29;44m[48;2;239;57;54m▀[0m[38;2;189;29;44m[48;2;239;57;54m▀[0m[38;2;239;57;54m[48;2;239;57;54m▀[0m[38;2;239;57;54m[48;2;239;57;54m▀[0m[38;2;239;57;54m[48;2;215;43;58m▀[0m[38;2;239;57;54m[48;2;215;43;58m▀[0m[38;2;220;45;61m[48;2;90;89;82m▀[0m[38;2;90;85;82m[48;2;251;111;83m▀[0m[38;2;251;111;83m[48;2;251;152;133m▀[0m[38;2;251;111;83m[48;2;251;109;82m▀[0m[38;2;251;111;83m[48;2;251;111;83m▀[0m[38;2;218;74;47m[48;2;251;111;83m▀[0m[38;2;251;112;85m[48;2;208;66;39m▀[0m[38;2;251;112;85m[48;2;251;111;83m▀[0m[38;2;229;83;55m[48;2;251;111;83m▀[0m[38;2;126;130;138m[48;2;251;111;83m▀[0m[38;2;49;223;242m[48;2;42;220;241m▀[0m[38;2;76;75;74m[48;2;79;78;68m▀[0m[38;2;239;92;63m[48;2;242;94;65m▀[0m[38;2;0;0;0m[48;2;242;94;65m▀[0m[38;2;0;0;0m▄          
 [38;2;0;0;0m[48;2;0;0;0m▀[0m[38;2;239;57;54m[48;2;239;57;54m▀[0m[38;2;239;57;54m[48;2;0;0;0m▀[0m[38;2;0;0;0m▀[38;2;0;0;0m▀[38;2;226;104;88m[48;2;0;0;0m▀[0m[38;2;184;27;41m[48;2;0;0;0m▀[0m[38;2;0;0;0m▀[38;2;0;0;0m▀[38;2;189;29;44m[48;2;0;0;0m▀[0m[38;2;239;57;54m[48;2;68;58;57m▀[0m[38;2;239;57;54m[48;2;87;75;63m▀[0m[38;2;215;43;58m[48;2;217;54;53m▀[0m[38;2;215;43;58m[48;2;227;57;56m▀[0m[38;2;215;43;58m[48;2;82;76;74m▀[0m[38;2;215;43;58m[48;2;82;76;65m▀[0m[38;2;82;80;65m[48;2;120;116;123m▀[0m[38;2;57;135;142m[48;2;42;220;241m▀[0m[38;2;251;111;83m[48;2;7;203;233m▀[0m[38;2;251;109;82m[48;2;90;89;71m▀[0m[38;2;251;109;82m[48;2;123;120;86m▀[0m[38;2;93;95;95m[48;2;255;246;148m▀[0m[38;2;93;95;95m[48;2;38;129;165m▀[0m[38;2;82;76;65m[48;2;25;213;238m▀[0m[38;2;251;111;83m[48;2;118;114;121m▀[0m[38;2;126;125;133m[48;2;48;222;242m▀[0m[38;2;42;220;241m[48;2;48;222;242m▀[0m[38;2;42;220;241m[48;2;65;64;65m▀[0m[38;2;79;78;68m[48;2;65;64;65m▀[0m[38;2;242;94;65m[48;2;65;64;65m▀[0m[38;2;242;94;65m[48;2;65;64;65m▀[0m[38;2;0;0;0m[48;2;49;223;242m▀[0m[38;2;0;0;0m▄         
  [38;2;0;0;0m▀      [38;2;0;0;0m▄[38;2;0;0;0m[48;2;224;197;200m▀[0m[38;2;168;139;138m[48;2;224;197;200m▀[0m[38;2;130;114;88m[48;2;149;102;118m▀[0m[38;2;87;75;63m[48;2;223;197;199m▀[0m[38;2;82;76;74m[48;2;115;125;112m▀[0m[38;2;251;107;79m[48;2;98;80;49m▀[0m[38;2;239;92;63m[48;2;226;81;53m▀[0m[38;2;213;70;43m[48;2;251;111;83m▀[0m[38;2;167;155;146m[48;2;251;111;83m▀[0m[38;2;7;203;233m[48;2;251;111;83m▀[0m[38;2;255;242;148m[48;2;251;120;93m▀[0m[38;2;8;12;32m[48;2;251;120;93m▀[0m[38;2;255;246;148m[48;2;251;129;104m▀[0m[38;2;76;170;203m[48;2;63;74;84m▀[0m[38;2;126;131;139m[48;2;74;68;65m▀[0m[38;2;90;85;82m[48;2;74;68;65m▀[0m[38;2;65;64;65m[48;2;217;42;57m▀[0m[38;2;65;64;65m[48;2;217;42;57m▀[0m[38;2;48;222;242m[48;2;239;57;54m▀[0m[38;2;48;222;242m[48;2;239;57;54m▀[0m[38;2;48;222;242m[48;2;239;57;54m▀[0m[38;2;48;222;242m[48;2;172;37;36m▀[0m[38;2;65;64;65m[48;2;65;64;65m▀[0m[38;2;0;0;0m[48;2;0;0;0m▀[0m         
      [38;2;0;0;0m▄[38;2;0;0;0m[48;2;242;219;219m▀[0m[38;2;0;0;0m[48;2;143;108;120m▀[0m[38;2;223;197;199m[48;2;143;108;120m▀[0m[38;2;224;197;200m[48;2;143;108;120m▀[0m[38;2;143;111;121m[48;2;242;219;219m▀[0m[38;2;244;221;221m[48;2;242;219;219m▀[0m[38;2;223;197;199m[48;2;242;219;219m▀[0m[38;2;98;80;49m[48;2;223;197;199m▀[0m[38;2;251;118;91m[48;2;0;0;0m▀[0m[38;2;251;111;83m[48;2;0;0;0m▀[0m[38;2;135;116;93m[48;2;251;111;83m▀[0m[38;2;218;74;47m[48;2;251;111;83m▀[0m[38;2;251;111;83m[48;2;0;0;0m▀[0m[38;2;213;70;43m[48;2;0;0;0m▀[0m[38;2;16;0;8m▀[38;2;24;4;0m▀[38;2;216;73;45m[48;2;0;0;0m▀[0m[38;2;74;68;65m[48;2;242;220;219m▀[0m[38;2;242;219;219m[48;2;242;220;219m▀[0m[38;2;242;219;219m[48;2;242;219;219m▀[0m[38;2;242;219;219m[48;2;183;86;105m▀[0m[38;2;215;43;58m[48;2;239;57;54m▀[0m[38;2;239;57;54m[48;2;239;57;54m▀[0m[38;2;239;57;54m[48;2;49;63;74m▀[0m[38;2;82;68;49m[48;2;244;96;67m▀[0m[38;2;0;0;0m[48;2;0;0;0m▀[0m          
       [38;2;0;0;0m▀[38;2;242;219;219m[48;2;0;0;0m▀[0m[38;2;242;219;219m[48;2;0;0;0m▀[0m[38;2;242;219;219m[48;2;0;0;0m▀[0m[38;2;242;219;219m[48;2;0;0;0m▀[0m[38;2;0;0;0m▀[38;2;0;0;0m▀[38;2;0;0;0m▀  [38;2;0;0;0m▀[38;2;0;0;0m▀[38;2;0;0;0m▄[38;2;0;0;0m▄ [38;2;0;0;0m▀[38;2;242;219;219m[48;2;0;0;0m▀[0m[38;2;242;220;219m[48;2;65;64;57m▀[0m[38;2;242;220;219m[48;2;65;64;57m▀[0m[38;2;183;86;105m[48;2;65;64;65m▀[0m[38;2;183;86;105m[48;2;65;64;65m▀[0m[38;2;65;64;65m[48;2;239;92;63m▀[0m[38;2;65;64;65m[48;2;48;222;242m▀[0m[38;2;123;118;125m[48;2;239;92;63m▀[0m[38;2;16;4;0m[48;2;0;0;0m▀[0m           
                  [38;2;0;0;0m▀[38;2;48;222;242m[48;2;0;0;0m▀[0m[38;2;48;222;242m[48;2;49;63;74m▀[0m[38;2;0;0;0m[48;2;244;96;67m▀[0m[38;2;0;0;0m[48;2;110;76;69m▀[0m[38;2;48;222;242m[48;2;110;76;69m▀[0m[38;2;116;82;78m[48;2;239;92;63m▀[0m[38;2;124;119;126m[48;2;48;222;242m▀[0m[38;2;48;222;242m[48;2;24;212;238m▀[0m[38;2;48;222;242m[48;2;126;121;129m▀[0m[38;2;239;92;63m[48;2;0;0;0m▀[0m[38;2;48;222;242m[48;2;0;0;0m▀[0m[38;2;0;0;0m▀            
                  [38;2;0;0;0m▀[38;2;239;92;63m[48;2;0;0;0m▀[0m[38;2;244;96;67m[48;2;0;0;0m▀[0m[38;2;16;4;0m▀[38;2;16;4;0m▀[38;2;251;103;75m[48;2;0;0;0m▀[0m[38;2;239;92;63m[48;2;0;0;0m▀[0m[38;2;48;222;242m[48;2;0;0;0m▀[0m[38;2;8;0;0m▀[38;2;8;0;0m▀               
                                     [0m                                     