           [38;2;0;0;0m▄[38;2;0;0;0m▄[38;2;0;0;0m[48;2;210;244;117m▀[0m[38;2;0;0;0m▄       [38;2;0;0;0m▄        
        [38;2;0;0;0m▄[38;2;0;0;0m[48;2;210;244;117m▀[0m[38;2;0;0;0m[48;2;210;244;117m▀[0m[38;2;120;149;0m[48;2;120;149;0m▀[0m[38;2;206;237;118m[48;2;0;0;0m▀[0m[38;2;0;0;0m▀    [38;2;0;0;0m▄[38;2;0;0;0m▄[38;2;0;0;0m[48;2;210;244;117m▀[0m[38;2;0;0;0m[48;2;226;255;172m▀[0m[38;2;226;255;172m[48;2;0;0;0m▀[0m[38;2;0;0;0m▀       
      [38;2;0;0;0m▄[38;2;0;0;0m[48;2;120;149;0m▀[0m[38;2;206;237;118m[48;2;120;149;0m▀[0m[38;2;210;244;117m[48;2;210;244;117m▀[0m[38;2;210;244;117m[48;2;0;0;0m▀[0m[38;2;0;0;0m▀  [38;2;0;0;0m▄[38;2;0;0;0m▄[38;2;0;0;0m▄[38;2;0;0;0m[48;2;220;255;163m▀[0m[38;2;109;143;0m[48;2;220;255;163m▀[0m[38;2;174;211;110m[48;2;221;255;181m▀[0m[38;2;174;211;110m[48;2;8;8;8m▀[0m[38;2;0;0;0m▀         
     [38;2;0;0;0m▄[38;2;0;0;0m[48;2;210;244;117m▀[0m[38;2;210;244;117m[48;2;210;244;117m▀[0m[38;2;210;244;117m[48;2;66;65;66m▀[0m[38;2;127;142;88m[48;2;76;67;57m▀[0m[38;2;0;0;8m[48;2;76;67;57m▀[0m[38;2;0;0;0m▄[38;2;0;0;0m[48;2;226;255;172m▀[0m[38;2;0;0;0m[48;2;220;255;163m▀[0m[38;2;220;255;163m[48;2;109;143;0m▀[0m[38;2;226;255;172m[48;2;226;255;172m▀[0m[38;2;226;255;172m[48;2;210;244;117m▀[0m[38;2;109;143;0m[48;2;0;0;0m▀[0m[38;2;220;255;163m[48;2;0;0;0m▀[0m[38;2;0;0;0m▀           
    [38;2;0;0;0m[48;2;0;0;0m▀[0m[38;2;200;237;118m[48;2;66;65;66m▀[0m[38;2;66;65;66m[48;2;123;135;89m▀[0m[38;2;66;65;66m[48;2;94;91;90m▀[0m[38;2;94;91;90m[48;2;94;91;90m▀[0m[38;2;66;65;57m[48;2;66;65;57m▀[0m[38;2;223;255;163m[48;2;141;161;88m▀[0m[38;2;208;247;117m[48;2;220;255;160m▀[0m[38;2;220;255;160m[48;2;143;168;62m▀[0m[38;2;226;255;172m[48;2;226;255;172m▀[0m[38;2;226;255;172m[48;2;115;147;0m▀[0m[38;2;109;143;0m[48;2;0;0;0m▀[0m[38;2;0;0;0m▀              
   [38;2;0;0;0m▄[38;2;0;0;0m[48;2;66;65;66m▀[0m[38;2;95;91;90m[48;2;95;91;90m▀[0m[38;2;95;91;90m[48;2;95;91;90m▀[0m[38;2;135;146;98m[48;2;57;60;66m▀[0m[38;2;57;60;66m[48;2;224;255;160m▀[0m[38;2;226;255;172m[48;2;226;255;172m▀[0m[38;2;226;255;172m[48;2;66;65;66m▀[0m[38;2;140;162;96m[48;2;57;73;74m▀[0m[38;2;207;246;105m[48;2;57;73;74m▀[0m[38;2;66;65;66m[48;2;42;106;171m▀[0m[38;2;66;65;66m[48;2;42;106;171m▀[0m[38;2;14;78;143m[48;2;14;78;143m▀[0m[38;2;16;0;0m[48;2;75;139;204m▀[0m[38;2;0;0;0m[48;2;69;133;198m▀[0m[38;2;0;0;0m▄            
  [38;2;0;0;0m▄[38;2;0;0;0m[48;2;94;91;90m▀[0m[38;2;94;91;90m[48;2;94;91;90m▀[0m[38;2;94;91;90m[48;2;66;65;66m▀[0m[38;2;66;65;66m[48;2;66;65;66m▀[0m[38;2;223;255;169m[48;2;82;67;54m▀[0m[38;2;223;255;169m[48;2;0;0;8m▀[0m[38;2;82;69;57m[48;2;197;193;183m▀[0m[38;2;255;255;247m[48;2;255;255;247m▀[0m[38;2;82;60;49m[48;2;109;109;98m▀[0m[38;2;180;236;221m[48;2;180;236;221m▀[0m[38;2;22;86;151m[48;2;22;86;151m▀[0m[38;2;22;86;151m[48;2;69;133;198m▀[0m[38;2;69;133;198m[48;2;69;133;198m▀[0m[38;2;69;133;198m[48;2;0;0;0m▀[0m[38;2;0;0;0m▀             
 [38;2;0;0;0m▀[38;2;181;237;220m[48;2;0;0;0m▀[0m[38;2;66;65;66m[48;2;181;237;220m▀[0m[38;2;66;65;66m[48;2;181;237;220m▀[0m[38;2;181;237;220m[48;2;181;237;220m▀[0m[38;2;181;237;220m[48;2;181;237;220m▀[0m[38;2;206;203;173m[48;2;96;91;90m▀[0m[38;2;206;203;173m[48;2;96;91;90m▀[0m[38;2;222;255;255m[48;2;186;203;194m▀[0m[38;2;115;101;74m[48;2;186;203;194m▀[0m[38;2;184;238;224m[48;2;126;205;183m▀[0m[38;2;23;87;152m[48;2;23;87;152m▀[0m[38;2;70;134;199m[48;2;70;134;199m▀[0m[38;2;70;134;199m[48;2;70;134;199m▀[0m[38;2;69;133;198m[48;2;0;0;0m▀[0m[38;2;0;0;0m▀        [38;2;0;0;0m▄[38;2;0;0;0m▄[38;2;0;0;0m▄   
   [38;2;0;0;0m▀[38;2;181;237;220m[48;2;0;0;0m▀[0m[38;2;178;236;219m[48;2;8;0;0m▀[0m[38;2;178;236;219m[48;2;31;132;102m▀[0m[38;2;181;237;220m[48;2;99;93;90m▀[0m[38;2;181;237;220m[48;2;135;210;189m▀[0m[38;2;94;91;90m[48;2;135;210;189m▀[0m[38;2;94;91;90m[48;2;135;210;189m▀[0m[38;2;23;87;152m[48;2;23;87;152m▀[0m[38;2;70;134;199m[48;2;70;134;199m▀[0m[38;2;69;133;198m[48;2;22;86;151m▀[0m[38;2;22;86;151m[48;2;22;86;151m▀[0m[38;2;0;0;0m[48;2;0;0;0m▀[0m [38;2;0;0;0m▄[38;2;0;0;0m▄   [38;2;0;0;0m▄[38;2;0;0;0m[48;2;181;237;220m▀[0m[38;2;0;0;0m[48;2;181;237;220m▀[0m[38;2;181;237;220m[48;2;181;237;220m▀[0m[38;2;181;237;220m[48;2;0;0;0m▀[0m[38;2;0;0;0m▀   
     [38;2;0;0;0m▄[38;2;0;0;0m[48;2;66;65;66m▀[0m[38;2;66;65;66m[48;2;255;255;255m▀[0m[38;2;66;65;66m[48;2;255;255;255m▀[0m[38;2;23;87;152m[48;2;95;90;90m▀[0m[38;2;23;87;152m[48;2;95;90;90m▀[0m[38;2;70;134;199m[48;2;70;134;199m▀[0m[38;2;70;134;199m[48;2;70;134;199m▀[0m[38;2;23;87;152m[48;2;70;134;199m▀[0m[38;2;70;134;199m[48;2;23;87;152m▀[0m[38;2;82;67;54m[48;2;82;67;54m▀[0m[38;2;0;0;8m[48;2;223;255;169m▀[0m[38;2;223;255;169m[48;2;223;255;169m▀[0m[38;2;0;0;8m[48;2;82;67;54m▀[0m[38;2;0;0;0m▄[38;2;0;0;0m▄[38;2;0;0;0m[48;2;207;232;192m▀[0m[38;2;207;232;192m[48;2;68;67;57m▀[0m[38;2;190;241;228m[48;2;66;69;66m▀[0m[38;2;129;206;184m[48;2;129;206;184m▀[0m[38;2;136;211;190m[48;2;136;211;190m▀[0m[38;2;66;65;66m[48;2;136;211;190m▀[0m[38;2;0;0;0m[48;2;136;211;190m▀[0m[38;2;0;0;0m[48;2;0;0;0m▀[0m[38;2;0;0;0m▀ 
    [38;2;0;0;0m▀[38;2;255;255;255m[48;2;8;4;8m▀[0m[38;2;255;255;255m[48;2;172;171;172m▀[0m[38;2;205;191;192m[48;2;255;255;255m▀[0m[38;2;255;255;255m[48;2;255;255;255m▀[0m[38;2;255;255;255m[48;2;255;255;255m▀[0m[38;2;255;255;255m[48;2;255;255;255m▀[0m[38;2;66;65;66m[48;2;66;65;66m▀[0m[38;2;69;133;198m[48;2;69;133;198m▀[0m[38;2;70;134;199m[48;2;70;134;199m▀[0m[38;2;23;87;152m[48;2;70;134;199m▀[0m[38;2;115;147;0m[48;2;115;147;0m▀[0m[38;2;226;255;172m[48;2;226;255;172m▀[0m[38;2;85;78;65m[48;2;85;78;65m▀[0m[38;2;69;133;198m[48;2;85;78;65m▀[0m[38;2;66;65;66m[48;2;226;255;172m▀[0m[38;2;226;255;172m[48;2;226;255;172m▀[0m[38;2;66;65;66m[48;2;66;65;66m▀[0m[38;2;69;133;198m[48;2;69;133;198m▀[0m[38;2;69;133;198m[48;2;69;133;198m▀[0m[38;2;66;65;66m[48;2;66;65;66m▀[0m[38;2;136;211;190m[48;2;136;211;190m▀[0m[38;2;136;211;190m[48;2;66;65;66m▀[0m[38;2;0;0;0m[48;2;0;0;0m▀[0m   
    [38;2;0;0;0m[48;2;0;0;0m▀[0m[38;2;255;255;255m[48;2;255;255;255m▀[0m[38;2;255;255;255m[48;2;255;255;255m▀[0m[38;2;255;255;255m[48;2;255;255;255m▀[0m[38;2;255;255;255m[48;2;255;255;255m▀[0m[38;2;192;191;192m[48;2;255;255;255m▀[0m[38;2;255;255;255m[48;2;66;65;66m▀[0m[38;2;231;255;255m[48;2;41;73;74m▀[0m[38;2;41;73;74m[48;2;72;136;201m▀[0m[38;2;69;133;198m[48;2;69;133;198m▀[0m[38;2;115;147;0m[48;2;115;147;0m▀[0m[38;2;225;255;168m[48;2;225;255;168m▀[0m[38;2;225;255;168m[48;2;225;255;168m▀[0m[38;2;226;255;172m[48;2;226;255;172m▀[0m[38;2;226;255;172m[48;2;210;244;117m▀[0m[38;2;220;255;160m[48;2;203;243;117m▀[0m[38;2;98;139;0m[48;2;203;243;117m▀[0m[38;2;57;73;74m[48;2;210;244;117m▀[0m[38;2;57;73;74m[48;2;57;73;74m▀[0m[38;2;70;134;199m[48;2;23;87;152m▀[0m[38;2;23;87;152m[48;2;70;134;199m▀[0m[38;2;66;65;66m[48;2;66;65;66m▀[0m[38;2;136;211;190m[48;2;136;211;190m▀[0m[38;2;135;210;189m[48;2;0;0;0m▀[0m[38;2;0;0;0m▀  
    [38;2;0;0;0m▀[38;2;172;172;172m[48;2;8;8;8m▀[0m[38;2;255;255;255m[48;2;172;172;172m▀[0m[38;2;255;255;255m[48;2;205;191;192m▀[0m[38;2;205;191;192m[48;2;205;191;192m▀[0m[38;2;206;190;189m[48;2;206;190;189m▀[0m[38;2;66;65;66m[48;2;206;190;189m▀[0m[38;2;69;133;198m[48;2;66;65;66m▀[0m[38;2;69;133;198m[48;2;69;133;198m▀[0m[38;2;69;133;198m[48;2;69;133;198m▀[0m[38;2;115;147;0m[48;2;115;147;0m▀[0m[38;2;207;237;63m[48;2;137;129;98m▀[0m[38;2;137;129;98m[48;2;56;120;185m▀[0m[38;2;131;127;103m[48;2;39;103;168m▀[0m[38;2;213;248;95m[48;2;39;103;168m▀[0m[38;2;212;243;128m[48;2;68;60;51m▀[0m[38;2;68;60;51m[48;2;0;8;16m▀[0m[38;2;66;65;66m[48;2;50;114;179m▀[0m[38;2;69;133;198m[48;2;69;133;198m▀[0m[38;2;69;133;198m[48;2;69;133;198m▀[0m[38;2;69;133;198m[48;2;42;106;171m▀[0m[38;2;66;65;66m[48;2;0;0;0m▀[0m[38;2;0;0;0m▀    
     [38;2;0;0;0m▄[38;2;0;0;0m[48;2;206;190;189m▀[0m[38;2;206;190;189m[48;2;206;190;189m▀[0m[38;2;206;190;189m[48;2;66;65;66m▀[0m[38;2;66;65;66m[48;2;206;190;189m▀[0m[38;2;206;190;189m[48;2;66;65;66m▀[0m[38;2;32;59;63m[48;2;38;102;167m▀[0m[38;2;77;141;206m[48;2;24;8;8m▀[0m[38;2;70;134;199m[48;2;70;134;199m▀[0m[38;2;70;134;199m[48;2;70;134;199m▀[0m[38;2;70;134;199m[48;2;70;134;199m▀[0m[38;2;70;134;199m[48;2;70;134;199m▀[0m[38;2;66;65;66m[48;2;66;65;66m▀[0m[38;2;136;211;190m[48;2;136;211;190m▀[0m[38;2;0;0;0m[48;2;0;0;0m▀[0m [38;2;0;0;0m▀[38;2;42;106;171m[48;2;0;0;0m▀[0m[38;2;42;106;171m[48;2;42;106;171m▀[0m[38;2;42;106;171m[48;2;66;65;66m▀[0m[38;2;0;0;0m[48;2;66;65;66m▀[0m[38;2;0;0;0m▄    
      [38;2;0;0;0m▀[38;2;0;0;0m▀[38;2;66;65;66m[48;2;0;0;0m▀[0m[38;2;82;81;82m[48;2;82;81;82m▀[0m[38;2;43;107;172m[48;2;82;81;82m▀[0m[38;2;0;0;0m[48;2;0;0;0m▀[0m [38;2;0;0;0m[48;2;0;0;0m▀[0m[38;2;77;141;206m[48;2;34;98;163m▀[0m[38;2;69;133;198m[48;2;42;106;171m▀[0m[38;2;42;106;171m[48;2;42;106;171m▀[0m[38;2;66;64;66m[48;2;66;64;66m▀[0m[38;2;0;0;0m[48;2;0;0;0m▀[0m    [38;2;8;0;0m[48;2;8;0;0m▀[0m[38;2;54;58;57m[48;2;143;214;194m▀[0m[38;2;136;211;190m[48;2;136;211;190m▀[0m[38;2;0;0;0m[48;2;136;211;190m▀[0m[38;2;0;0;0m▄   
      [38;2;0;0;0m▄[38;2;8;0;0m[48;2;52;54;55m▀[0m[38;2;96;108;110m[48;2;126;205;183m▀[0m[38;2;136;211;190m[48;2;136;211;190m▀[0m[38;2;136;211;190m[48;2;136;211;190m▀[0m[38;2;0;0;0m[48;2;0;0;0m▀[0m [38;2;0;0;0m▀[38;2;42;106;171m[48;2;0;0;0m▀[0m[38;2;40;104;169m[48;2;94;91;90m▀[0m[38;2;94;91;90m[48;2;94;91;90m▀[0m[38;2;0;0;0m[48;2;0;0;0m▀[0m    [38;2;0;0;0m▄[38;2;0;0;0m[48;2;66;62;60m▀[0m[38;2;66;62;60m[48;2;99;93;90m▀[0m[38;2;136;211;190m[48;2;66;65;66m▀[0m[38;2;136;211;190m[48;2;136;211;190m▀[0m[38;2;0;0;0m[48;2;0;0;0m▀[0m   
     [38;2;0;0;0m▀[38;2;94;91;90m[48;2;0;0;0m▀[0m[38;2;99;93;90m[48;2;0;0;0m▀[0m[38;2;66;62;60m[48;2;0;0;0m▀[0m[38;2;135;210;189m[48;2;0;0;0m▀[0m[38;2;0;0;0m▀   [38;2;0;0;0m[48;2;0;0;0m▀[0m[38;2;93;90;90m[48;2;181;237;220m▀[0m[38;2;181;237;220m[48;2;181;237;220m▀[0m[38;2;181;237;220m[48;2;181;237;220m▀[0m[38;2;0;0;0m[48;2;0;0;0m▀[0m    [38;2;0;0;0m▀[38;2;0;0;0m▀[38;2;0;0;0m▀[38;2;0;0;0m▀    
            [38;2;0;0;0m▄[38;2;0;0;0m[48;2;94;91;90m▀[0m[38;2;94;91;90m[48;2;94;91;90m▀[0m[38;2;66;60;57m[48;2;99;107;104m▀[0m[38;2;177;235;218m[48;2;66;60;57m▀[0m[38;2;181;237;220m[48;2;181;237;220m▀[0m[38;2;0;0;0m[48;2;0;0;0m▀[0m            
             [38;2;0;0;0m▀[38;2;0;0;0m▀[38;2;0;0;0m▀[38;2;0;0;0m▀[38;2;0;0;0m▀             
                                     [0m                                     