    [38;2;0;0;0m▄[38;2;0;0;0m▄              [38;2;0;0;0m▄[38;2;0;0;0m[48;2;60;59;113m▀[0m[38;2;0;0;0m[48;2;60;59;113m▀[0m[38;2;0;0;0m[48;2;60;59;113m▀[0m[38;2;0;0;0m[48;2;60;59;113m▀[0m[38;2;0;0;0m▄              
 [38;2;0;0;0m▄[38;2;0;0;0m▄[38;2;0;0;0m▄[38;2;0;0;0m▀[38;2;60;59;113m[48;2;0;0;0m▀[0m[38;2;0;0;0m[48;2;0;0;0m▀[0m       [38;2;0;0;0m▄[38;2;0;0;0m▄[38;2;0;0;0m[48;2;60;59;113m▀[0m[38;2;0;0;0m[48;2;60;59;113m▀[0m[38;2;0;0;0m[48;2;60;59;113m▀[0m[38;2;16;4;8m[48;2;170;98;136m▀[0m[38;2;43;54;63m[48;2;237;149;196m▀[0m[38;2;237;148;195m[48;2;237;148;195m▀[0m[38;2;237;148;195m[48;2;237;148;195m▀[0m[38;2;237;147;195m[48;2;237;147;195m▀[0m[38;2;60;59;113m[48;2;237;147;195m▀[0m[38;2;0;0;0m[48;2;60;59;113m▀[0m[38;2;0;0;0m▄        [38;2;0;0;0m▄[38;2;0;0;0m▄   
 [38;2;0;0;0m▀[38;2;0;0;0m▀[38;2;0;0;0m▀[38;2;0;0;0m[48;2;0;0;0m▀[0m[38;2;60;59;113m[48;2;60;59;113m▀[0m[38;2;60;59;113m[48;2;60;59;113m▀[0m[38;2;0;0;0m[48;2;60;59;113m▀[0m[38;2;0;0;0m▄   [38;2;0;0;0m▄[38;2;8;0;0m[48;2;104;74;90m▀[0m[38;2;104;74;90m[48;2;218;158;190m▀[0m[38;2;57;85;107m[48;2;57;85;107m▀[0m[38;2;57;85;107m[48;2;212;219;199m▀[0m[38;2;220;227;207m[48;2;220;227;207m▀[0m[38;2;172;73;126m[48;2;172;73;126m▀[0m[38;2;237;148;195m[48;2;237;148;195m▀[0m[38;2;237;148;195m[48;2;237;148;195m▀[0m[38;2;236;147;194m[48;2;236;147;194m▀[0m[38;2;236;147;194m[48;2;172;73;126m▀[0m[38;2;175;76;129m[48;2;175;76;129m▀[0m[38;2;175;76;129m[48;2;175;76;129m▀[0m[38;2;55;62;42m[48;2;206;213;193m▀[0m[38;2;0;0;24m[48;2;55;62;42m▀[0m[38;2;0;0;0m▄    [38;2;0;0;0m▄[38;2;0;0;0m▄ [38;2;0;0;0m[48;2;0;0;0m▀[0m[38;2;0;0;0m[48;2;0;0;0m▀[0m   
 [38;2;0;0;0m▄[38;2;0;0;0m[48;2;60;59;113m▀[0m[38;2;0;0;0m[48;2;0;0;0m▀[0m[38;2;60;59;113m[48;2;60;59;113m▀[0m[38;2;60;59;113m[48;2;60;59;113m▀[0m[38;2;60;59;113m[48;2;60;59;113m▀[0m[38;2;60;59;113m[48;2;60;59;113m▀[0m[38;2;0;0;0m[48;2;0;0;0m▀[0m  [38;2;0;0;0m[48;2;0;0;0m▀[0m[38;2;60;59;113m[48;2;60;59;113m▀[0m[38;2;172;73;126m[48;2;236;147;194m▀[0m[38;2;236;147;194m[48;2;236;147;194m▀[0m[38;2;172;73;126m[48;2;172;73;126m▀[0m[38;2;227;234;214m[48;2;227;234;214m▀[0m[38;2;146;83;117m[48;2;146;83;117m▀[0m[38;2;146;83;117m[48;2;212;219;199m▀[0m[38;2;74;89;90m[48;2;211;218;198m▀[0m[38;2;131;131;90m[48;2;74;89;90m▀[0m[38;2;172;73;126m[48;2;172;73;126m▀[0m[38;2;172;73;126m[48;2;212;219;199m▀[0m[38;2;212;219;199m[48;2;212;219;199m▀[0m[38;2;212;219;199m[48;2;212;219;199m▀[0m[38;2;212;219;199m[48;2;212;219;199m▀[0m[38;2;212;219;199m[48;2;212;219;199m▀[0m[38;2;60;59;113m[48;2;60;59;113m▀[0m[38;2;0;0;0m[48;2;60;59;113m▀[0m[38;2;0;0;0m▄  [38;2;0;0;0m[48;2;0;0;0m▀[0m[38;2;60;59;113m[48;2;60;59;113m▀[0m[38;2;0;0;0m[48;2;60;59;113m▀[0m[38;2;60;59;113m[48;2;0;0;0m▀[0m[38;2;0;0;0m▀[38;2;0;0;0m▄[38;2;0;0;0m▄ 
 [38;2;0;0;0m▀[38;2;0;0;0m▀ [38;2;0;0;0m[48;2;0;0;0m▀[0m[38;2;60;59;113m[48;2;0;0;0m▀[0m[38;2;60;59;113m[48;2;60;59;113m▀[0m[38;2;0;0;0m[48;2;0;0;0m▀[0m  [38;2;0;0;0m[48;2;0;0;0m▀[0m[38;2;60;59;113m[48;2;60;59;113m▀[0m[38;2;212;219;199m[48;2;212;219;199m▀[0m[38;2;172;77;128m[48;2;172;77;128m▀[0m[38;2;234;148;194m[48;2;234;148;194m▀[0m[38;2;237;147;195m[48;2;66;65;66m▀[0m[38;2;66;65;66m[48;2;66;65;66m▀[0m[38;2;148;155;135m[48;2;107;93;90m▀[0m[38;2;224;231;211m[48;2;148;155;135m▀[0m[38;2;212;219;199m[48;2;75;82;62m▀[0m[38;2;212;219;199m[48;2;75;82;62m▀[0m[38;2;74;73;66m[48;2;74;73;66m▀[0m[38;2;227;234;214m[48;2;227;234;214m▀[0m[38;2;212;219;199m[48;2;227;234;214m▀[0m[38;2;212;219;199m[48;2;212;219;199m▀[0m[38;2;212;219;199m[48;2;172;73;126m▀[0m[38;2;172;73;126m[48;2;172;73;126m▀[0m[38;2;172;103;140m[48;2;241;141;194m▀[0m[38;2;55;54;108m[48;2;241;141;194m▀[0m[38;2;0;0;0m[48;2;60;59;113m▀[0m[38;2;0;0;0m▄  [38;2;0;0;0m[48;2;0;0;0m▀[0m[38;2;60;59;113m[48;2;60;59;113m▀[0m[38;2;0;0;0m[48;2;60;59;113m▀[0m[38;2;0;0;0m▄[38;2;0;0;0m[48;2;60;59;113m▀[0m[38;2;0;0;0m[48;2;0;0;0m▀[0m 
      [38;2;0;0;0m▀[38;2;60;59;113m[48;2;0;0;0m▀[0m[38;2;0;0;0m[48;2;0;0;0m▀[0m [38;2;0;0;0m[48;2;0;0;0m▀[0m[38;2;106;83;95m[48;2;106;83;95m▀[0m[38;2;212;219;199m[48;2;106;83;95m▀[0m[38;2;106;83;95m[48;2;212;219;199m▀[0m[38;2;106;83;95m[48;2;106;83;95m▀[0m[38;2;206;109;66m[48;2;206;109;66m▀[0m[38;2;68;47;32m[48;2;0;16;16m▀[0m[38;2;212;219;199m[48;2;66;65;66m▀[0m[38;2;152;159;139m[48;2;152;159;139m▀[0m[38;2;212;219;199m[48;2;212;219;199m▀[0m[38;2;212;219;199m[48;2;66;65;66m▀[0m[38;2;71;69;65m[48;2;71;69;65m▀[0m[38;2;173;78;129m[48;2;71;69;65m▀[0m[38;2;172;77;128m[48;2;234;148;194m▀[0m[38;2;172;77;128m[48;2;234;148;194m▀[0m[38;2;237;148;195m[48;2;237;148;195m▀[0m[38;2;237;148;195m[48;2;237;148;195m▀[0m[38;2;236;147;194m[48;2;236;147;194m▀[0m[38;2;236;147;194m[48;2;172;73;126m▀[0m[38;2;60;59;113m[48;2;212;219;199m▀[0m[38;2;60;59;113m[48;2;60;59;113m▀[0m[38;2;0;0;0m[48;2;0;0;0m▀[0m [38;2;0;0;0m▄[38;2;0;0;0m[48;2;60;59;113m▀[0m[38;2;60;59;113m[48;2;0;0;0m▀[0m[38;2;60;59;113m[48;2;0;0;0m▀[0m[38;2;0;0;0m▀  
      [38;2;0;0;0m[48;2;0;0;0m▀[0m[38;2;60;59;113m[48;2;0;0;0m▀[0m[38;2;0;0;0m▀ [38;2;0;0;0m▀[38;2;52;64;76m[48;2;8;0;0m▀[0m[38;2;159;95;129m[48;2;52;64;76m▀[0m[38;2;227;234;214m[48;2;129;79;106m▀[0m[38;2;129;79;106m[48;2;227;234;214m▀[0m[38;2;74;73;66m[48;2;74;73;66m▀[0m[38;2;206;105;66m[48;2;74;73;66m▀[0m[38;2;82;79;68m[48;2;82;79;68m▀[0m[38;2;82;79;68m[48;2;82;79;68m▀[0m[38;2;74;73;66m[48;2;194;113;76m▀[0m[38;2;74;73;66m[48;2;255;134;82m▀[0m[38;2;255;138;90m[48;2;8;8;0m▀[0m[38;2;172;94;60m[48;2;255;138;90m▀[0m[38;2;137;104;87m[48;2;165;81;49m▀[0m[38;2;239;130;188m[48;2;239;130;188m▀[0m[38;2;234;148;194m[48;2;172;77;128m▀[0m[38;2;234;148;194m[48;2;172;77;128m▀[0m[38;2;172;73;126m[48;2;212;219;199m▀[0m[38;2;212;219;199m[48;2;212;219;199m▀[0m[38;2;174;75;128m[48;2;174;75;128m▀[0m[38;2;60;59;113m[48;2;60;59;113m▀[0m[38;2;0;0;0m[48;2;0;0;0m▀[0m [38;2;0;0;0m[48;2;0;0;0m▀[0m[38;2;0;0;0m[48;2;0;0;0m▀[0m     
      [38;2;0;0;0m▀[38;2;60;59;113m[48;2;0;0;0m▀[0m[38;2;0;0;0m[48;2;60;59;113m▀[0m[38;2;0;0;0m[48;2;0;0;0m▀[0m [38;2;0;0;0m▀[38;2;60;59;113m[48;2;0;0;0m▀[0m[38;2;241;141;194m[48;2;55;54;108m▀[0m[38;2;172;103;140m[48;2;241;141;194m▀[0m[38;2;97;73;86m[48;2;138;124;131m▀[0m[38;2;247;255;255m[48;2;97;73;86m▀[0m[38;2;82;77;66m[48;2;197;195;192m▀[0m[38;2;82;77;66m[48;2;255;255;255m▀[0m[38;2;107;65;41m[48;2;205;189;178m▀[0m[38;2;156;127;109m[48;2;255;251;247m▀[0m[38;2;255;138;82m[48;2;74;69;66m▀[0m[38;2;74;69;66m[48;2;74;69;66m▀[0m[38;2;129;90;111m[48;2;212;219;199m▀[0m[38;2;129;90;111m[48;2;212;219;199m▀[0m[38;2;212;219;199m[48;2;212;219;199m▀[0m[38;2;212;219;199m[48;2;212;219;199m▀[0m[38;2;209;216;196m[48;2;199;69;138m▀[0m[38;2;199;69;138m[48;2;115;137;120m▀[0m[38;2;237;147;195m[48;2;237;147;195m▀[0m[38;2;60;59;113m[48;2;60;59;113m▀[0m[38;2;0;0;0m[48;2;0;0;0m▀[0m [38;2;0;0;0m▀[38;2;60;59;113m[48;2;0;0;0m▀[0m[38;2;0;0;0m[48;2;60;59;113m▀[0m[38;2;0;0;0m▄   
        [38;2;0;0;0m▀[38;2;0;0;0m▀[38;2;0;0;0m▀[38;2;0;0;0m▀[38;2;60;59;113m[48;2;0;0;0m▀[0m[38;2;79;95;102m[48;2;79;95;102m▀[0m[38;2;79;95;102m[48;2;212;219;199m▀[0m[38;2;188;105;149m[48;2;172;104;140m▀[0m[38;2;62;60;68m[48;2;62;60;68m▀[0m[38;2;227;160;196m[48;2;187;67;131m▀[0m[38;2;247;255;255m[48;2;227;160;196m▀[0m[38;2;241;223;233m[48;2;207;186;197m▀[0m[38;2;57;65;66m[48;2;57;65;66m▀[0m[38;2;227;234;214m[48;2;172;73;126m▀[0m[38;2;227;234;214m[48;2;172;73;126m▀[0m[38;2;212;219;199m[48;2;172;73;126m▀[0m[38;2;212;219;199m[48;2;172;73;126m▀[0m[38;2;172;77;128m[48;2;234;148;194m▀[0m[38;2;172;77;128m[48;2;234;148;194m▀[0m[38;2;237;148;195m[48;2;237;148;195m▀[0m[38;2;237;148;195m[48;2;237;148;195m▀[0m[38;2;60;59;113m[48;2;60;59;113m▀[0m[38;2;60;59;113m[48;2;0;0;0m▀[0m[38;2;0;0;0m▀  [38;2;0;0;0m▄[38;2;0;0;0m[48;2;0;0;0m▀[0m[38;2;0;0;0m[48;2;0;0;0m▀[0m   
     [38;2;0;0;0m▄[38;2;0;0;0m▄      [38;2;0;0;0m[48;2;0;0;0m▀[0m[38;2;60;59;113m[48;2;60;59;113m▀[0m[38;2;213;220;200m[48;2;120;71;97m▀[0m[38;2;120;71;97m[48;2;99;106;86m▀[0m[38;2;154;161;141m[48;2;132;108;121m▀[0m[38;2;199;79;143m[48;2;199;79;143m▀[0m[38;2;213;220;200m[48;2;99;106;86m▀[0m[38;2;120;71;97m[48;2;120;71;97m▀[0m[38;2;234;148;194m[48;2;172;77;128m▀[0m[38;2;234;148;194m[48;2;172;77;128m▀[0m[38;2;244;141;196m[48;2;244;141;196m▀[0m[38;2;244;141;196m[48;2;66;65;66m▀[0m[38;2;237;147;195m[48;2;66;65;66m▀[0m[38;2;237;147;195m[48;2;66;65;66m▀[0m[38;2;218;158;190m[48;2;104;74;90m▀[0m[38;2;104;74;90m[48;2;8;0;0m▀[0m[38;2;0;0;0m▀   [38;2;0;0;0m[48;2;0;0;0m▀[0m[38;2;0;0;0m▀[38;2;0;0;0m▀    
  [38;2;0;0;0m▄[38;2;0;0;0m▄ [38;2;0;0;0m▀[38;2;0;0;0m[48;2;0;0;0m▀[0m[38;2;0;0;0m▄ [38;2;0;0;0m▄[38;2;0;0;0m▄  [38;2;0;0;0m[48;2;0;0;0m▀[0m[38;2;60;59;113m[48;2;60;59;113m▀[0m[38;2;212;219;199m[48;2;74;81;61m▀[0m[38;2;74;81;61m[48;2;74;81;61m▀[0m[38;2;240;148;197m[48;2;212;219;199m▀[0m[38;2;240;148;197m[48;2;240;148;197m▀[0m[38;2;147;100;125m[48;2;239;151;198m▀[0m[38;2;66;65;74m[48;2;147;100;125m▀[0m[38;2;212;219;199m[48;2;66;65;66m▀[0m[38;2;212;219;199m[48;2;66;65;66m▀[0m[38;2;57;65;82m[48;2;150;157;137m▀[0m[38;2;150;157;137m[48;2;76;83;63m▀[0m[38;2;76;83;63m[48;2;150;157;137m▀[0m[38;2;150;157;137m[48;2;57;65;82m▀[0m[38;2;60;59;113m[48;2;0;0;0m▀[0m[38;2;0;0;0m▀[38;2;0;0;0m▀[38;2;0;0;0m[48;2;0;0;0m▀[0m[38;2;0;0;0m▄[38;2;0;0;0m[48;2;0;0;0m▀[0m[38;2;0;0;0m▀      
  [38;2;0;0;0m▀[38;2;60;59;113m[48;2;0;0;0m▀[0m[38;2;0;0;0m[48;2;0;0;0m▀[0m[38;2;0;0;0m[48;2;60;59;113m▀[0m[38;2;60;59;113m[48;2;60;59;113m▀[0m[38;2;60;59;113m[48;2;60;59;113m▀[0m[38;2;0;0;0m[48;2;60;59;113m▀[0m[38;2;60;59;113m[48;2;0;0;0m▀[0m[38;2;0;0;0m▀[38;2;0;0;0m[48;2;0;0;0m▀[0m[38;2;0;0;0m▄[38;2;0;0;0m[48;2;60;59;113m▀[0m[38;2;60;59;113m[48;2;60;59;113m▀[0m[38;2;212;219;199m[48;2;212;219;199m▀[0m[38;2;75;82;62m[48;2;75;82;62m▀[0m[38;2;212;219;199m[48;2;212;219;199m▀[0m[38;2;212;219;199m[48;2;212;219;199m▀[0m[38;2;74;81;61m[48;2;74;81;61m▀[0m[38;2;212;219;199m[48;2;74;81;61m▀[0m[38;2;212;219;199m[48;2;212;219;199m▀[0m[38;2;212;219;199m[48;2;152;159;139m▀[0m[38;2;150;157;137m[48;2;75;82;62m▀[0m[38;2;75;82;62m[48;2;150;157;137m▀[0m[38;2;157;164;144m[48;2;66;59;40m▀[0m[38;2;66;59;40m[48;2;0;8;24m▀[0m[38;2;0;0;0m▀            
   [38;2;0;0;0m▄[38;2;0;0;0m▄[38;2;0;0;0m[48;2;60;59;113m▀[0m[38;2;60;59;113m[48;2;0;0;0m▀[0m[38;2;60;59;113m[48;2;0;0;0m▀[0m[38;2;0;0;0m▀ [38;2;0;0;0m▄[38;2;0;0;24m[48;2;55;62;42m▀[0m[38;2;55;62;42m[48;2;206;213;193m▀[0m[38;2;61;68;48m[48;2;227;234;214m▀[0m[38;2;227;234;214m[48;2;61;68;48m▀[0m[38;2;75;82;62m[48;2;221;228;208m▀[0m[38;2;221;228;208m[48;2;221;228;208m▀[0m[38;2;212;219;199m[48;2;212;219;199m▀[0m[38;2;75;82;62m[48;2;75;82;62m▀[0m[38;2;212;219;199m[48;2;212;219;199m▀[0m[38;2;212;219;199m[48;2;212;219;199m▀[0m[38;2;150;157;137m[48;2;150;157;137m▀[0m[38;2;150;157;137m[48;2;76;83;63m▀[0m[38;2;76;83;63m[48;2;150;157;137m▀[0m[38;2;150;157;137m[48;2;57;65;82m▀[0m[38;2;60;59;113m[48;2;0;0;0m▀[0m[38;2;0;0;0m▀             
   [38;2;0;0;0m▀[38;2;0;0;0m▀[38;2;0;0;0m▀    [38;2;0;0;0m[48;2;0;0;0m▀[0m[38;2;60;59;113m[48;2;60;59;113m▀[0m[38;2;212;219;199m[48;2;60;59;113m▀[0m[38;2;75;82;62m[48;2;75;82;62m▀[0m[38;2;212;219;199m[48;2;212;219;199m▀[0m[38;2;221;228;208m[48;2;221;228;208m▀[0m[38;2;221;228;208m[48;2;75;82;62m▀[0m[38;2;75;82;62m[48;2;221;228;208m▀[0m[38;2;221;228;208m[48;2;221;228;208m▀[0m[38;2;227;234;214m[48;2;227;234;214m▀[0m[38;2;199;206;186m[48;2;151;158;138m▀[0m[38;2;150;157;137m[48;2;150;157;137m▀[0m[38;2;75;82;62m[48;2;75;82;62m▀[0m[38;2;150;157;137m[48;2;150;157;137m▀[0m[38;2;60;59;113m[48;2;60;59;113m▀[0m[38;2;0;0;0m[48;2;0;0;0m▀[0m[38;2;0;0;0m▄[38;2;0;0;0m▄  [38;2;0;0;0m▄[38;2;0;0;0m▄[38;2;0;0;0m▄[38;2;0;0;0m[48;2;60;59;113m▀[0m[38;2;0;0;0m[48;2;0;0;0m▀[0m[38;2;0;0;0m[48;2;0;0;0m▀[0m    
           [38;2;0;0;0m▀[38;2;0;0;0m▀[38;2;60;59;113m[48;2;0;0;0m▀[0m[38;2;60;59;113m[48;2;0;0;0m▀[0m[38;2;204;211;191m[48;2;57;60;74m▀[0m[38;2;90;97;77m[48;2;57;60;74m▀[0m[38;2;212;219;199m[48;2;212;219;199m▀[0m[38;2;212;219;199m[48;2;212;219;199m▀[0m[38;2;212;219;199m[48;2;152;159;139m▀[0m[38;2;152;159;139m[48;2;152;159;139m▀[0m[38;2;75;82;62m[48;2;75;82;62m▀[0m[38;2;150;157;137m[48;2;150;157;137m▀[0m[38;2;60;59;113m[48;2;60;59;113m▀[0m[38;2;0;0;0m[48;2;0;0;0m▀[0m [38;2;0;0;0m[48;2;0;0;0m▀[0m[38;2;0;0;0m[48;2;60;59;113m▀[0m[38;2;0;0;0m▄[38;2;0;0;0m[48;2;0;0;0m▀[0m[38;2;60;59;113m[48;2;60;59;113m▀[0m[38;2;60;59;113m[48;2;60;59;113m▀[0m[38;2;60;59;113m[48;2;60;59;113m▀[0m[38;2;0;0;0m[48;2;60;59;113m▀[0m[38;2;0;0;0m▄     
               [38;2;0;0;0m▀[38;2;0;0;0m▀[38;2;60;59;113m[48;2;0;0;0m▀[0m[38;2;60;59;113m[48;2;0;0;0m▀[0m[38;2;60;59;113m[48;2;0;0;0m▀[0m[38;2;76;83;63m[48;2;60;59;113m▀[0m[38;2;150;157;137m[48;2;60;59;113m▀[0m[38;2;60;59;113m[48;2;60;59;113m▀[0m[38;2;60;59;113m[48;2;0;0;0m▀[0m[38;2;0;0;0m▀  [38;2;0;0;0m▀[38;2;0;0;0m▀ [38;2;0;0;0m▀[38;2;60;59;113m[48;2;0;0;0m▀[0m[38;2;60;59;113m[48;2;0;0;0m▀[0m[38;2;0;0;0m▀[38;2;60;59;113m[48;2;0;0;0m▀[0m[38;2;0;0;0m[48;2;0;0;0m▀[0m    
                    [38;2;0;0;0m▀[38;2;0;0;0m▀[38;2;0;0;0m▀       [38;2;0;0;0m[48;2;0;0;0m▀[0m[38;2;60;59;113m[48;2;0;0;0m▀[0m[38;2;0;0;0m▀       
                                     [0m                                     