          [38;2;0;0;0m▄ [38;2;0;0;0m▄[38;2;0;0;0m[48;2;255;65;70m▀[0m[38;2;0;0;0m[48;2;255;65;70m▀[0m[38;2;0;0;0m[48;2;0;0;0m▀[0m         
         [38;2;0;0;0m[48;2;0;0;0m▀[0m[38;2;255;65;70m[48;2;255;65;70m▀[0m[38;2;0;0;0m[48;2;180;57;78m▀[0m[38;2;255;65;70m[48;2;255;65;70m▀[0m[38;2;255;65;70m[48;2;255;65;70m▀[0m[38;2;255;65;70m[48;2;180;57;78m▀[0m[38;2;0;0;0m[48;2;255;65;70m▀[0m[38;2;0;0;0m[48;2;255;65;70m▀[0m[38;2;0;0;0m[48;2;255;65;70m▀[0m[38;2;0;0;0m▄      
         [38;2;0;0;0m▀[38;2;180;57;78m[48;2;0;0;0m▀[0m[38;2;255;65;70m[48;2;255;238;131m▀[0m[38;2;255;238;131m[48;2;230;194;105m▀[0m[38;2;217;153;78m[48;2;154;66;59m▀[0m[38;2;255;65;70m[48;2;255;65;70m▀[0m[38;2;255;65;70m[48;2;0;0;0m▀[0m[38;2;242;53;69m[48;2;0;0;0m▀[0m[38;2;0;0;0m▀       
       [38;2;0;0;0m▄[38;2;0;0;0m[48;2;255;238;131m▀[0m[38;2;0;0;0m[48;2;255;238;131m▀[0m[38;2;255;238;131m[48;2;255;238;131m▀[0m[38;2;255;238;131m[48;2;255;238;131m▀[0m[38;2;255;238;131m[48;2;255;238;131m▀[0m[38;2;255;238;131m[48;2;255;238;131m▀[0m[38;2;0;0;0m[48;2;255;238;131m▀[0m[38;2;0;0;0m▄         
      [38;2;0;0;0m[48;2;0;0;0m▀[0m[38;2;255;238;131m[48;2;255;238;131m▀[0m[38;2;255;238;131m[48;2;255;238;131m▀[0m[38;2;255;238;131m[48;2;255;238;131m▀[0m[38;2;255;238;131m[48;2;255;238;131m▀[0m[38;2;255;238;131m[48;2;255;238;131m▀[0m[38;2;255;238;131m[48;2;217;153;78m▀[0m[38;2;255;238;131m[48;2;154;66;59m▀[0m[38;2;255;238;131m[48;2;255;238;131m▀[0m[38;2;0;0;0m[48;2;0;0;0m▀[0m         
  [38;2;0;0;0m▄[38;2;0;0;0m▄[38;2;0;0;0m▄[38;2;0;0;0m▄[38;2;0;0;0m[48;2;0;0;0m▀[0m[38;2;230;194;105m[48;2;65;65;65m▀[0m[38;2;255;238;131m[48;2;255;238;131m▀[0m[38;2;255;238;131m[48;2;255;238;131m▀[0m[38;2;255;238;131m[48;2;255;238;131m▀[0m[38;2;180;57;78m[48;2;255;255;255m▀[0m[38;2;242;53;69m[48;2;242;53;69m▀[0m[38;2;255;238;131m[48;2;255;238;131m▀[0m[38;2;255;238;131m[48;2;255;238;131m▀[0m[38;2;0;0;0m[48;2;230;194;105m▀[0m[38;2;0;0;0m▄        
 [38;2;0;0;0m[48;2;0;0;0m▀[0m[38;2;154;66;59m[48;2;198;180;178m▀[0m[38;2;217;153;78m[48;2;154;66;59m▀[0m[38;2;217;153;78m[48;2;217;153;78m▀[0m[38;2;217;153;78m[48;2;217;153;78m▀[0m[38;2;65;65;65m[48;2;217;153;78m▀[0m[38;2;255;65;70m[48;2;0;0;0m▀[0m[38;2;255;65;70m[48;2;180;57;78m▀[0m[38;2;180;57;78m[48;2;255;238;131m▀[0m[38;2;255;238;131m[48;2;255;238;131m▀[0m[38;2;0;0;0m[48;2;255;238;131m▀[0m[38;2;217;153;78m[48;2;255;238;131m▀[0m[38;2;255;238;131m[48;2;255;238;131m▀[0m[38;2;255;238;131m[48;2;255;238;131m▀[0m[38;2;255;238;131m[48;2;217;153;78m▀[0m[38;2;0;0;0m[48;2;154;66;59m▀[0m[38;2;0;0;0m▄       
 [38;2;0;0;0m▀[38;2;198;180;178m[48;2;0;0;0m▀[0m[38;2;0;0;0m▀[38;2;0;0;0m▀[38;2;0;0;0m▀[38;2;0;0;0m▀[38;2;0;0;0m▄[38;2;0;0;0m[48;2;217;153;78m▀[0m[38;2;255;238;131m[48;2;255;238;131m▀[0m[38;2;255;238;131m[48;2;255;238;131m▀[0m[38;2;255;238;131m[48;2;255;238;131m▀[0m[38;2;255;238;131m[48;2;255;238;131m▀[0m[38;2;255;238;131m[48;2;255;238;131m▀[0m[38;2;255;238;131m[48;2;217;153;78m▀[0m[38;2;255;238;131m[48;2;154;66;59m▀[0m[38;2;255;238;131m[48;2;255;238;131m▀[0m[38;2;230;194;105m[48;2;255;238;131m▀[0m[38;2;0;0;0m[48;2;255;238;131m▀[0m[38;2;0;0;0m[48;2;255;238;131m▀[0m[38;2;0;0;0m[48;2;230;194;105m▀[0m[38;2;0;0;0m▄[38;2;0;0;0m▄  
      [38;2;0;0;0m▀[38;2;230;194;105m[48;2;0;0;0m▀[0m[38;2;230;194;105m[48;2;217;153;78m▀[0m[38;2;180;57;78m[48;2;136;60;66m▀[0m[38;2;255;238;131m[48;2;180;57;78m▀[0m[38;2;180;57;78m[48;2;180;57;78m▀[0m[38;2;255;238;131m[48;2;255;238;131m▀[0m[38;2;255;238;131m[48;2;217;153;78m▀[0m[38;2;255;238;131m[48;2;255;238;131m▀[0m[38;2;255;238;131m[48;2;255;238;131m▀[0m[38;2;65;65;65m[48;2;255;238;131m▀[0m[38;2;154;66;59m[48;2;0;0;0m▀[0m[38;2;255;238;131m[48;2;0;0;0m▀[0m[38;2;255;238;131m[48;2;154;66;59m▀[0m[38;2;255;238;131m[48;2;255;238;131m▀[0m[38;2;255;238;131m[48;2;217;153;78m▀[0m[38;2;217;153;78m[48;2;255;255;255m▀[0m[38;2;0;0;0m[48;2;0;0;0m▀[0m 
      [38;2;0;0;0m[48;2;0;0;0m▀[0m[38;2;180;57;78m[48;2;180;57;78m▀[0m[38;2;180;57;78m[48;2;180;57;78m▀[0m[38;2;136;60;66m[48;2;180;57;78m▀[0m[38;2;242;53;69m[48;2;136;60;66m▀[0m[38;2;242;53;69m[48;2;242;53;69m▀[0m[38;2;180;57;78m[48;2;180;57;78m▀[0m[38;2;230;194;105m[48;2;242;53;69m▀[0m[38;2;180;57;78m[48;2;242;53;69m▀[0m[38;2;255;238;131m[48;2;180;57;78m▀[0m[38;2;180;57;78m[48;2;242;53;69m▀[0m[38;2;0;0;0m[48;2;242;53;69m▀[0m[38;2;0;0;0m▄[38;2;0;0;0m▀[38;2;0;0;0m[48;2;0;0;0m▀[0m[38;2;255;255;255m[48;2;255;255;255m▀[0m[38;2;198;180;178m[48;2;0;0;0m▀[0m[38;2;0;0;0m▀ 
      [38;2;0;0;0m▄[38;2;0;0;0m[48;2;150;121;121m▀[0m[38;2;180;57;78m[48;2;150;121;121m▀[0m[38;2;180;57;78m[48;2;0;0;0m▀[0m[38;2;180;57;78m[48;2;0;0;0m▀[0m[38;2;0;0;0m▀[38;2;0;0;0m▀[38;2;242;53;69m[48;2;0;0;0m▀[0m[38;2;242;53;69m[48;2;242;53;69m▀[0m[38;2;242;53;69m[48;2;242;53;69m▀[0m[38;2;242;53;69m[48;2;242;53;69m▀[0m[38;2;242;53;69m[48;2;0;0;0m▀[0m[38;2;0;0;0m▀  [38;2;0;0;0m▀   
       [38;2;0;0;0m▀[38;2;0;0;0m▀     [38;2;0;0;0m[48;2;0;0;0m▀[0m[38;2;65;65;65m[48;2;198;180;178m▀[0m[38;2;150;121;121m[48;2;150;121;121m▀[0m[38;2;0;0;0m[48;2;198;180;178m▀[0m[38;2;0;0;0m▄      
                      [38;2;0;0;0m▀[38;2;0;0;0m▀[38;2;0;0;0m▀              
                                     [0m                                     