         [38;2;0;0;0m▄[38;2;0;0;0m[48;2;136;121;113m▀[0m[38;2;0;0;0m▄                        
       [38;2;0;0;0m▄[38;2;0;0;0m[48;2;136;121;113m▀[0m[38;2;136;121;113m[48;2;134;120;112m▀[0m[38;2;136;121;113m[48;2;134;120;112m▀[0m[38;2;0;0;0m[48;2;78;64;55m▀[0m[38;2;8;8;0m▄[38;2;0;0;0m[48;2;138;124;115m▀[0m[38;2;0;0;0m[48;2;8;8;0m▀[0m                     
      [38;2;0;0;0m[48;2;0;0;0m▀[0m[38;2;136;121;113m[48;2;136;121;113m▀[0m[38;2;136;121;113m[48;2;136;121;113m▀[0m[38;2;134;120;112m[48;2;66;65;66m▀[0m[38;2;102;79;81m[48;2;138;124;115m▀[0m[38;2;138;124;115m[48;2;136;121;113m▀[0m[38;2;138;124;115m[48;2;136;121;113m▀[0m[38;2;138;124;115m[48;2;138;124;115m▀[0m[38;2;78;64;55m[48;2;66;65;66m▀[0m[38;2;0;0;0m[48;2;165;151;143m▀[0m[38;2;0;0;0m▄            [38;2;0;4;0m▄[38;2;0;4;0m▄[38;2;0;0;0m[48;2;136;121;113m▀[0m[38;2;0;0;0m▄   
  [38;2;0;0;0m[48;2;0;0;0m▀[0m[38;2;0;0;0m[48;2;165;151;143m▀[0m[38;2;0;0;0m▄[38;2;0;0;0m[48;2;66;65;66m▀[0m[38;2;136;121;113m[48;2;138;124;115m▀[0m[38;2;136;121;113m[48;2;138;124;115m▀[0m[38;2;66;65;66m[48;2;66;65;66m▀[0m[38;2;162;149;140m[48;2;165;151;143m▀[0m[38;2;66;65;66m[48;2;165;151;143m▀[0m[38;2;136;121;113m[48;2;66;65;66m▀[0m[38;2;136;121;113m[48;2;66;65;66m▀[0m[38;2;66;65;66m[48;2;161;147;139m▀[0m[38;2;162;149;140m[48;2;140;126;118m▀[0m[38;2;165;151;143m[48;2;134;120;112m▀[0m[38;2;0;0;0m[48;2;165;151;143m▀[0m[38;2;0;0;0m▄[38;2;0;0;0m▄        [38;2;8;8;0m▄[38;2;0;0;0m[48;2;138;124;115m▀[0m[38;2;77;62;54m[48;2;118;97;95m▀[0m[38;2;142;127;119m[48;2;136;121;113m▀[0m[38;2;136;121;113m[48;2;136;121;113m▀[0m[38;2;0;0;0m[48;2;66;65;66m▀[0m[38;2;0;0;0m▄  
   [38;2;0;0;0m[48;2;8;4;8m▀[0m[38;2;165;151;143m[48;2;171;158;150m▀[0m[38;2;162;149;140m[48;2;134;120;112m▀[0m[38;2;66;65;66m[48;2;165;151;143m▀[0m[38;2;66;65;66m[48;2;165;151;143m▀[0m[38;2;162;149;140m[48;2;134;120;112m▀[0m[38;2;134;120;112m[48;2;138;124;115m▀[0m[38;2;134;120;112m[48;2;138;124;115m▀[0m[38;2;165;151;143m[48;2;41;39;49m▀[0m[38;2;165;151;143m[48;2;41;39;49m▀[0m[38;2;97;74;76m[48;2;118;97;95m▀[0m[38;2;118;97;95m[48;2;136;121;113m▀[0m[38;2;134;120;112m[48;2;136;121;113m▀[0m[38;2;134;120;112m[48;2;136;121;113m▀[0m[38;2;136;121;113m[48;2;138;124;115m▀[0m[38;2;136;121;113m[48;2;8;8;0m▀[0m[38;2;0;0;0m▀     [38;2;0;0;0m▄[38;2;0;0;0m[48;2;136;121;113m▀[0m[38;2;78;64;55m[48;2;118;97;95m▀[0m[38;2;138;124;115m[48;2;136;121;113m▀[0m[38;2;118;97;95m[48;2;134;120;112m▀[0m[38;2;136;121;113m[48;2;102;79;81m▀[0m[38;2;66;65;66m[48;2;134;120;112m▀[0m[38;2;136;121;113m[48;2;134;120;112m▀[0m[38;2;0;0;0m[48;2;77;62;54m▀[0m[38;2;0;4;0m▄ 
  [38;2;0;0;0m▀[38;2;171;158;150m[48;2;8;8;0m▀[0m[38;2;121;107;98m[48;2;138;124;115m▀[0m[38;2;134;120;112m[48;2;68;64;74m▀[0m[38;2;134;120;112m[48;2;138;124;115m▀[0m[38;2;134;120;112m[48;2;138;124;115m▀[0m[38;2;134;120;112m[48;2;8;4;0m▀[0m[38;2;41;37;49m[48;2;255;231;239m▀[0m[38;2;8;8;0m[48;2;16;0;0m▀[0m[38;2;8;8;0m[48;2;0;0;0m▀[0m[38;2;140;126;118m[48;2;136;121;113m▀[0m[38;2;136;121;113m[48;2;136;121;113m▀[0m[38;2;136;121;113m[48;2;136;121;113m▀[0m[38;2;136;121;113m[48;2;133;119;110m▀[0m[38;2;136;121;113m[48;2;66;65;66m▀[0m[38;2;66;65;66m[48;2;118;97;95m▀[0m[38;2;138;124;115m[48;2;133;119;110m▀[0m[38;2;0;0;0m[48;2;138;124;115m▀[0m[38;2;8;8;0m▄[38;2;0;0;0m▄  [38;2;0;0;0m▄[38;2;0;0;0m[48;2;136;121;113m▀[0m[38;2;136;121;113m[48;2;136;121;113m▀[0m[38;2;118;97;95m[48;2;136;121;113m▀[0m[38;2;136;121;113m[48;2;136;121;113m▀[0m[38;2;118;97;95m[48;2;136;121;113m▀[0m[38;2;134;120;112m[48;2;136;121;113m▀[0m[38;2;134;120;112m[48;2;118;97;95m▀[0m[38;2;102;79;81m[48;2;136;121;113m▀[0m[38;2;142;127;119m[48;2;136;121;113m▀[0m[38;2;0;4;0m[48;2;0;0;0m▀[0m 
  [38;2;0;0;0m[48;2;0;0;0m▀[0m[38;2;138;124;115m[48;2;66;60;66m▀[0m[38;2;78;64;55m[48;2;134;120;112m▀[0m[38;2;138;124;115m[48;2;66;65;66m▀[0m[38;2;66;65;66m[48;2;136;121;113m▀[0m[38;2;41;35;49m[48;2;136;121;113m▀[0m[38;2;8;4;0m[48;2;136;121;113m▀[0m[38;2;135;115;119m[48;2;136;121;113m▀[0m[38;2;16;0;0m[48;2;136;121;113m▀[0m[38;2;136;121;113m[48;2;136;121;113m▀[0m[38;2;136;121;113m[48;2;33;32;33m▀[0m[38;2;66;65;66m[48;2;74;66;61m▀[0m[38;2;66;65;66m[48;2;66;65;66m▀[0m[38;2;66;65;66m[48;2;116;96;94m▀[0m[38;2;118;97;95m[48;2;116;96;94m▀[0m[38;2;66;65;66m[48;2;66;65;66m▀[0m[38;2;66;65;66m[48;2;165;151;143m▀[0m[38;2;66;65;66m[48;2;165;151;143m▀[0m[38;2;138;124;115m[48;2;66;65;66m▀[0m[38;2;136;121;113m[48;2;66;65;66m▀[0m[38;2;0;0;0m[48;2;136;121;113m▀[0m[38;2;0;0;0m[48;2;116;96;94m▀[0m[38;2;0;0;0m[48;2;116;96;94m▀[0m[38;2;136;121;113m[48;2;66;65;66m▀[0m[38;2;66;65;66m[48;2;116;96;94m▀[0m[38;2;66;65;66m[48;2;118;97;95m▀[0m[38;2;66;65;66m[48;2;66;65;66m▀[0m[38;2;136;121;113m[48;2;136;121;113m▀[0m[38;2;136;121;113m[48;2;136;121;113m▀[0m[38;2;136;121;113m[48;2;136;121;113m▀[0m[38;2;136;121;113m[48;2;0;0;0m▀[0m[38;2;0;0;0m▀  
 [38;2;0;0;0m[48;2;0;0;0m▀[0m[38;2;165;151;143m[48;2;151;137;128m▀[0m[38;2;159;145;137m[48;2;136;121;113m▀[0m[38;2;134;120;112m[48;2;136;121;113m▀[0m[38;2;136;121;113m[48;2;143;128;120m▀[0m[38;2;136;121;113m[48;2;66;65;66m▀[0m[38;2;136;121;113m[48;2;66;65;66m▀[0m[38;2;66;65;66m[48;2;149;134;126m▀[0m[38;2;66;65;66m[48;2;144;130;121m▀[0m[38;2;66;65;66m[48;2;33;32;33m▀[0m[38;2;33;32;33m[48;2;74;66;61m▀[0m[38;2;33;32;33m[48;2;74;66;61m▀[0m[38;2;74;66;61m[48;2;74;66;61m▀[0m[38;2;74;66;61m[48;2;74;66;61m▀[0m[38;2;66;65;66m[48;2;74;66;61m▀[0m[38;2;66;65;66m[48;2;74;66;61m▀[0m[38;2;66;65;66m[48;2;66;65;66m▀[0m[38;2;165;151;143m[48;2;165;151;143m▀[0m[38;2;165;151;143m[48;2;165;151;143m▀[0m[38;2;110;90;88m[48;2;101;78;81m▀[0m[38;2;136;121;113m[48;2;134;120;112m▀[0m[38;2;66;65;66m[48;2;167;153;145m▀[0m[38;2;66;65;66m[48;2;136;121;113m▀[0m[38;2;116;96;94m[48;2;66;65;66m▀[0m[38;2;116;96;94m[48;2;116;96;94m▀[0m[38;2;116;96;94m[48;2;116;96;94m▀[0m[38;2;66;65;66m[48;2;118;97;95m▀[0m[38;2;133;119;110m[48;2;66;65;66m▀[0m[38;2;66;65;66m[48;2;136;121;113m▀[0m[38;2;66;65;66m[48;2;0;0;0m▀[0m[38;2;0;0;0m▀    
 [38;2;0;0;0m[48;2;0;0;0m▀[0m[38;2;151;137;128m[48;2;136;121;113m▀[0m[38;2;136;121;113m[48;2;0;0;0m▀[0m[38;2;66;65;66m[48;2;149;134;126m▀[0m[38;2;66;65;66m[48;2;149;134;126m▀[0m[38;2;143;128;120m[48;2;0;0;0m▀[0m[38;2;149;134;126m[48;2;33;32;33m▀[0m[38;2;33;32;33m[48;2;66;58;53m▀[0m[38;2;33;32;33m[48;2;64;56;51m▀[0m[38;2;68;60;55m[48;2;72;64;60m▀[0m[38;2;74;66;61m[48;2;74;66;61m▀[0m[38;2;74;66;61m[48;2;74;66;61m▀[0m[38;2;74;66;61m[48;2;64;56;51m▀[0m[38;2;74;66;61m[48;2;72;64;60m▀[0m[38;2;74;66;61m[48;2;33;32;33m▀[0m[38;2;33;32;33m[48;2;165;151;143m▀[0m[38;2;165;151;143m[48;2;165;151;143m▀[0m[38;2;165;151;143m[48;2;165;151;143m▀[0m[38;2;101;78;81m[48;2;102;79;81m▀[0m[38;2;101;78;81m[48;2;116;96;94m▀[0m[38;2;102;79;81m[48;2;134;120;112m▀[0m[38;2;134;120;112m[48;2;102;79;81m▀[0m[38;2;136;121;113m[48;2;102;79;81m▀[0m[38;2;136;121;113m[48;2;102;79;81m▀[0m[38;2;66;65;66m[48;2;131;116;108m▀[0m[38;2;66;65;66m[48;2;66;65;66m▀[0m[38;2;66;65;66m[48;2;136;121;113m▀[0m[38;2;133;119;110m[48;2;136;121;113m▀[0m[38;2;136;121;113m[48;2;118;97;95m▀[0m[38;2;0;0;0m[48;2;0;0;0m▀[0m     
  [38;2;0;0;0m▀ [38;2;0;0;0m▀[38;2;0;0;0m▀ [38;2;0;4;0m[48;2;0;0;0m▀[0m[38;2;33;32;33m[48;2;64;56;51m▀[0m[38;2;64;56;51m[48;2;33;32;33m▀[0m[38;2;33;32;33m[48;2;61;53;48m▀[0m[38;2;74;66;61m[48;2;64;56;51m▀[0m[38;2;64;56;51m[48;2;33;32;33m▀[0m[38;2;33;32;33m[48;2;74;66;61m▀[0m[38;2;33;32;33m[48;2;33;32;33m▀[0m[38;2;165;151;143m[48;2;165;151;143m▀[0m[38;2;165;151;143m[48;2;165;151;143m▀[0m[38;2;165;151;143m[48;2;102;79;81m▀[0m[38;2;101;78;81m[48;2;116;96;94m▀[0m[38;2;102;79;81m[48;2;136;121;113m▀[0m[38;2;102;79;81m[48;2;136;121;113m▀[0m[38;2;134;120;112m[48;2;101;78;81m▀[0m[38;2;167;153;145m[48;2;101;78;81m▀[0m[38;2;134;120;112m[48;2;136;121;113m▀[0m[38;2;134;120;112m[48;2;136;121;113m▀[0m[38;2;110;90;88m[48;2;66;65;66m▀[0m[38;2;66;65;66m[48;2;120;106;97m▀[0m[38;2;120;106;97m[48;2;126;112;103m▀[0m[38;2;66;65;66m[48;2;0;0;0m▀[0m[38;2;0;0;0m▀      
        [38;2;0;0;0m[48;2;0;0;0m▀[0m[38;2;89;81;76m[48;2;89;81;77m▀[0m[38;2;61;53;48m[48;2;33;32;33m▀[0m[38;2;33;32;33m[48;2;64;56;51m▀[0m[38;2;72;64;60m[48;2;72;64;60m▀[0m[38;2;74;66;61m[48;2;55;48;43m▀[0m[38;2;33;32;33m[48;2;55;48;43m▀[0m[38;2;133;119;110m[48;2;33;32;33m▀[0m[38;2;118;97;95m[48;2;136;121;113m▀[0m[38;2;116;96;94m[48;2;136;121;113m▀[0m[38;2;102;79;81m[48;2;136;121;113m▀[0m[38;2;136;121;113m[48;2;101;78;81m▀[0m[38;2;136;121;113m[48;2;101;78;81m▀[0m[38;2;165;151;143m[48;2;102;79;81m▀[0m[38;2;133;119;110m[48;2;134;120;112m▀[0m[38;2;66;65;66m[48;2;131;116;108m▀[0m[38;2;66;65;66m[48;2;66;65;66m▀[0m[38;2;136;121;113m[48;2;102;79;81m▀[0m[38;2;136;121;113m[48;2;102;79;81m▀[0m[38;2;126;112;103m[48;2;0;0;0m▀[0m[38;2;0;0;0m▀       
         [38;2;0;0;0m▀[38;2;89;81;77m[48;2;0;0;0m▀[0m[38;2;64;56;51m[48;2;0;0;0m▀[0m[38;2;55;48;43m[48;2;55;48;43m▀[0m[38;2;55;48;43m[48;2;55;48;43m▀[0m[38;2;55;48;43m[48;2;55;48;43m▀[0m[38;2;33;32;33m[48;2;33;32;33m▀[0m[38;2;66;65;66m[48;2;163;150;142m▀[0m[38;2;66;65;66m[48;2;134;120;112m▀[0m[38;2;136;121;113m[48;2;66;60;66m▀[0m[38;2;133;119;110m[48;2;66;65;66m▀[0m[38;2;165;151;143m[48;2;66;65;66m▀[0m[38;2;134;120;112m[48;2;66;65;66m▀[0m[38;2;102;79;81m[48;2;66;65;66m▀[0m[38;2;66;65;66m[48;2;66;65;66m▀[0m[38;2;110;90;88m[48;2;0;0;0m▀[0m[38;2;0;0;0m▀[38;2;0;0;0m▀         
           [38;2;8;4;0m▄[38;2;0;0;0m[48;2;124;109;101m▀[0m[38;2;33;32;33m[48;2;74;64;66m▀[0m[38;2;33;32;33m[48;2;74;64;66m▀[0m[38;2;33;32;33m[48;2;0;0;0m▀[0m[38;2;8;0;0m▀[38;2;159;145;137m[48;2;0;0;0m▀[0m[38;2;134;120;112m[48;2;136;121;113m▀[0m[38;2;116;96;94m[48;2;137;122;114m▀[0m[38;2;116;96;94m[48;2;33;32;33m▀[0m[38;2;33;32;33m[48;2;74;63;66m▀[0m[38;2;74;63;66m[48;2;74;63;66m▀[0m[38;2;0;0;0m[48;2;0;0;0m▀[0m            
          [38;2;0;0;0m▀[38;2;175;162;154m[48;2;0;0;0m▀[0m[38;2;124;109;101m[48;2;0;0;0m▀[0m[38;2;0;0;0m▀[38;2;74;64;66m[48;2;0;0;0m▀[0m[38;2;118;97;95m[48;2;0;0;0m▀[0m[38;2;0;0;0m▀[38;2;16;12;0m▄[38;2;0;0;0m[48;2;76;61;53m▀[0m[38;2;8;4;0m[48;2;80;70;65m▀[0m[38;2;72;63;81m[48;2;33;32;33m▀[0m[38;2;74;63;66m[48;2;68;62;63m▀[0m[38;2;33;32;33m[48;2;33;32;33m▀[0m[38;2;136;121;113m[48;2;0;0;0m▀[0m[38;2;0;0;0m▀           
                [38;2;0;0;0m▀[38;2;177;163;155m[48;2;0;0;0m▀[0m[38;2;127;113;104m[48;2;0;0;0m▀[0m[38;2;33;32;33m[48;2;165;151;143m▀[0m[38;2;143;128;120m[48;2;0;0;0m▀[0m[38;2;33;32;33m[48;2;165;151;143m▀[0m[38;2;0;0;0m[48;2;0;0;0m▀[0m             
                           [38;2;0;0;0m▀ [38;2;0;0;0m▀                      
                                     [0m                                     