    [38;2;0;0;0m▄ [38;2;0;0;0m▄[38;2;0;0;0m[48;2;66;65;66m▀[0m[38;2;0;0;0m▄[38;2;0;0;0m▄  [38;2;0;0;0m▄[38;2;0;0;0m▄          
   [38;2;0;0;0m[48;2;0;0;0m▀[0m[38;2;66;65;66m[48;2;66;64;66m▀[0m[38;2;0;0;0m[48;2;66;65;66m▀[0m[38;2;66;65;66m[48;2;181;165;154m▀[0m[38;2;66;65;66m[48;2;196;192;181m▀[0m[38;2;66;65;66m[48;2;66;65;66m▀[0m[38;2;66;65;66m[48;2;108;107;108m▀[0m[38;2;0;0;0m[48;2;66;65;66m▀[0m[38;2;0;0;0m[48;2;108;107;108m▀[0m[38;2;107;108;107m[48;2;108;107;108m▀[0m[38;2;0;0;0m[48;2;0;0;0m▀[0m      [38;2;0;0;0m▄[38;2;0;0;0m[48;2;195;191;180m▀[0m[38;2;0;0;0m▄ 
  [38;2;0;0;0m▄[38;2;0;0;0m[48;2;66;65;66m▀[0m[38;2;66;64;66m[48;2;196;192;181m▀[0m[38;2;194;190;179m[48;2;195;191;180m▀[0m[38;2;194;190;179m[48;2;68;68;73m▀[0m[38;2;66;65;66m[48;2;108;108;108m▀[0m[38;2;90;89;90m[48;2;108;108;108m▀[0m[38;2;108;107;108m[48;2;108;108;108m▀[0m[38;2;108;107;108m[48;2;108;108;108m▀[0m[38;2;108;107;108m[48;2;66;65;66m▀[0m[38;2;66;65;66m[48;2;108;107;108m▀[0m[38;2;0;0;0m[48;2;97;96;97m▀[0m[38;2;0;0;0m▄ [38;2;0;0;0m▄[38;2;0;0;0m[48;2;145;123;111m▀[0m[38;2;8;4;0m▄[38;2;0;0;0m[48;2;196;192;181m▀[0m[38;2;195;191;180m[48;2;196;192;181m▀[0m[38;2;195;191;180m[48;2;0;0;0m▀[0m[38;2;0;0;0m▀ 
  [38;2;0;0;0m[48;2;0;0;0m▀[0m[38;2;66;65;66m[48;2;66;65;66m▀[0m[38;2;196;192;181m[48;2;66;65;66m▀[0m[38;2;68;68;73m[48;2;108;107;108m▀[0m[38;2;93;93;100m[48;2;108;107;108m▀[0m[38;2;108;108;108m[48;2;175;89;104m▀[0m[38;2;108;108;108m[48;2;140;32;41m▀[0m[38;2;108;108;108m[48;2;74;69;74m▀[0m[38;2;108;108;108m[48;2;74;69;74m▀[0m[38;2;108;107;108m[48;2;108;107;108m▀[0m[38;2;108;107;108m[48;2;66;65;66m▀[0m[38;2;97;96;97m[48;2;194;190;179m▀[0m[38;2;97;96;97m[48;2;194;190;179m▀[0m[38;2;0;0;0m[48;2;196;192;181m▀[0m[38;2;66;65;66m[48;2;175;157;146m▀[0m[38;2;145;123;111m[48;2;176;159;148m▀[0m[38;2;191;176;166m[48;2;66;65;66m▀[0m[38;2;66;65;66m[48;2;112;111;112m▀[0m[38;2;196;192;181m[48;2;54;55;54m▀[0m[38;2;0;0;0m[48;2;0;0;0m▀[0m  
 [38;2;0;0;0m▀[38;2;66;65;66m[48;2;0;0;0m▀[0m[38;2;66;65;66m[48;2;140;162;198m▀[0m[38;2;108;107;108m[48;2;66;65;66m▀[0m[38;2;108;107;108m[48;2;66;65;66m▀[0m[38;2;66;65;66m[48;2;206;215;247m▀[0m[38;2;175;89;104m[48;2;214;219;239m▀[0m[38;2;247;203;231m[48;2;214;219;239m▀[0m[38;2;214;219;239m[48;2;66;65;66m▀[0m[38;2;74;69;74m[48;2;108;107;108m▀[0m[38;2;108;107;108m[48;2;93;93;100m▀[0m[38;2;108;107;108m[48;2;68;68;73m▀[0m[38;2;66;65;66m[48;2;192;187;176m▀[0m[38;2;181;165;154m[48;2;66;65;66m▀[0m[38;2;196;192;181m[48;2;66;65;66m▀[0m[38;2;196;192;181m[48;2;66;65;66m▀[0m[38;2;176;159;148m[48;2;74;69;57m▀[0m[38;2;66;65;66m[48;2;156;136;123m▀[0m[38;2;112;111;112m[48;2;108;108;108m▀[0m[38;2;0;4;0m[48;2;0;0;0m▀[0m   
 [38;2;0;0;0m[48;2;0;0;0m▀[0m[38;2;140;162;198m[48;2;140;162;198m▀[0m[38;2;140;162;198m[48;2;66;64;66m▀[0m[38;2;140;162;198m[48;2;66;64;66m▀[0m[38;2;159;165;186m[48;2;68;70;71m▀[0m[38;2;66;65;66m[48;2;140;162;198m▀[0m[38;2;66;65;66m[48;2;140;162;198m▀[0m[38;2;66;65;66m[48;2;68;70;71m▀[0m[38;2;108;107;108m[48;2;100;96;93m▀[0m[38;2;108;107;108m[48;2;73;70;68m▀[0m[38;2;68;68;73m[48;2;66;65;66m▀[0m[38;2;195;191;180m[48;2;196;192;181m▀[0m[38;2;180;163;153m[48;2;175;157;146m▀[0m[38;2;180;163;153m[48;2;196;192;181m▀[0m[38;2;196;192;181m[48;2;196;192;181m▀[0m[38;2;196;192;181m[48;2;175;157;146m▀[0m[38;2;177;160;150m[48;2;195;191;180m▀[0m[38;2;156;136;123m[48;2;79;79;79m▀[0m[38;2;108;108;108m[48;2;0;0;0m▀[0m[38;2;0;0;0m▀   
  [38;2;0;0;0m▀[38;2;0;0;0m▀[38;2;0;0;0m▀[38;2;68;70;71m[48;2;0;0;0m▀[0m[38;2;68;70;71m[48;2;107;108;107m▀[0m[38;2;68;70;71m[48;2;108;107;108m▀[0m[38;2;68;70;71m[48;2;108;107;108m▀[0m[38;2;100;96;93m[48;2;66;65;66m▀[0m[38;2;218;215;207m[48;2;217;214;206m▀[0m[38;2;66;65;66m[48;2;66;65;66m▀[0m[38;2;196;192;181m[48;2;207;203;194m▀[0m[38;2;196;192;181m[48;2;196;192;181m▀[0m[38;2;196;192;181m[48;2;196;192;181m▀[0m[38;2;196;192;181m[48;2;195;191;180m▀[0m[38;2;196;192;181m[48;2;195;191;180m▀[0m[38;2;79;79;79m[48;2;195;191;180m▀[0m[38;2;195;191;180m[48;2;0;0;0m▀[0m[38;2;0;0;0m▀    
      [38;2;0;0;0m[48;2;0;0;0m▀[0m[38;2;66;65;66m[48;2;148;170;206m▀[0m[38;2;66;65;66m[48;2;98;114;137m▀[0m[38;2;217;214;206m[48;2;53;62;70m▀[0m[38;2;217;214;206m[48;2;199;195;185m▀[0m[38;2;207;203;194m[48;2;202;198;188m▀[0m[38;2;66;65;66m[48;2;66;65;66m▀[0m[38;2;196;192;181m[48;2;61;65;74m▀[0m[38;2;196;192;181m[48;2;61;65;74m▀[0m[38;2;195;191;180m[48;2;0;0;0m▀[0m[38;2;0;0;0m▀[38;2;0;0;0m▀      
       [38;2;0;4;0m▀[38;2;0;4;0m▀[38;2;8;4;0m▀[38;2;53;62;70m[48;2;0;0;0m▀[0m[38;2;66;65;66m[48;2;148;162;198m▀[0m[38;2;99;123;148m[48;2;54;56;66m▀[0m[38;2;115;130;148m[48;2;140;162;198m▀[0m[38;2;8;0;0m[48;2;0;0;0m▀[0m         
                  [38;2;8;4;0m▀[38;2;8;4;0m▀[38;2;0;0;0m▀                  
                                     [0m                                     