               [38;2;0;0;0m[48;2;0;0;0m▀[0m[38;2;0;0;0m[48;2;255;203;157m▀[0m[38;2;0;0;0m[48;2;255;203;157m▀[0m[38;2;0;0;0m▄  [38;2;0;0;0m▄[38;2;0;0;0m▄[38;2;0;0;0m▄          
                [38;2;0;0;0m▀[38;2;255;203;157m[48;2;0;0;0m▀[0m[38;2;255;203;157m[48;2;255;203;157m▀[0m[38;2;0;0;0m[48;2;196;148;94m▀[0m[38;2;0;0;0m[48;2;196;148;94m▀[0m[38;2;196;148;94m[48;2;196;148;94m▀[0m[38;2;196;148;94m[48;2;0;0;0m▀[0m[38;2;196;148;94m[48;2;0;0;0m▀[0m[38;2;0;0;0m▀         
                [38;2;0;0;0m▄[38;2;0;0;0m[48;2;0;0;0m▀[0m[38;2;196;148;94m[48;2;196;148;94m▀[0m[38;2;196;148;94m[48;2;0;0;0m▀[0m[38;2;0;0;0m▀[38;2;0;0;0m▀            
             [38;2;0;0;0m▄[38;2;0;0;0m[48;2;196;148;94m▀[0m[38;2;0;0;0m[48;2;255;203;157m▀[0m[38;2;255;203;157m[48;2;255;203;157m▀[0m[38;2;255;203;157m[48;2;255;203;157m▀[0m[38;2;255;203;157m[48;2;196;148;94m▀[0m[38;2;255;203;157m[48;2;255;203;157m▀[0m[38;2;0;0;0m[48;2;255;203;157m▀[0m[38;2;0;0;0m[48;2;196;148;94m▀[0m[38;2;0;0;0m▄           
            [38;2;0;0;0m▀[38;2;255;203;157m[48;2;0;0;0m▀[0m[38;2;248;101;86m[48;2;248;101;86m▀[0m[38;2;255;255;255m[48;2;65;65;65m▀[0m[38;2;255;203;157m[48;2;248;101;86m▀[0m[38;2;196;148;94m[48;2;248;101;86m▀[0m[38;2;248;101;86m[48;2;255;255;255m▀[0m[38;2;196;148;94m[48;2;255;255;255m▀[0m[38;2;255;203;157m[48;2;196;148;94m▀[0m[38;2;255;203;157m[48;2;255;255;255m▀[0m[38;2;255;203;157m[48;2;196;148;94m▀[0m[38;2;0;0;0m[48;2;255;203;157m▀[0m[38;2;0;0;0m▄         
    [38;2;0;0;0m▄[38;2;0;0;0m▄[38;2;0;0;0m[48;2;255;255;255m▀[0m[38;2;0;0;0m[48;2;255;255;255m▀[0m[38;2;0;0;0m[48;2;189;180;189m▀[0m[38;2;0;0;0m▄[38;2;0;0;0m▄[38;2;0;0;0m▄[38;2;0;0;0m[48;2;255;255;255m▀[0m[38;2;248;101;86m[48;2;248;101;86m▀[0m[38;2;255;255;255m[48;2;248;101;86m▀[0m[38;2;248;101;86m[48;2;248;101;86m▀[0m[38;2;248;101;86m[48;2;248;101;86m▀[0m[38;2;248;101;86m[48;2;248;101;86m▀[0m[38;2;65;65;65m[48;2;255;255;255m▀[0m[38;2;65;65;65m[48;2;255;255;255m▀[0m[38;2;248;101;86m[48;2;248;101;86m▀[0m[38;2;255;255;255m[48;2;255;255;255m▀[0m[38;2;255;255;255m[48;2;255;255;255m▀[0m[38;2;0;0;0m[48;2;189;180;189m▀[0m[38;2;0;0;0m▄         
 [38;2;0;0;0m▄[38;2;0;0;0m▄[38;2;0;0;0m[48;2;189;180;189m▀[0m[38;2;255;255;255m[48;2;189;180;189m▀[0m[38;2;255;255;255m[48;2;255;255;255m▀[0m[38;2;255;255;255m[48;2;255;255;255m▀[0m[38;2;255;255;255m[48;2;255;255;255m▀[0m[38;2;255;255;255m[48;2;255;255;255m▀[0m[38;2;189;180;189m[48;2;0;0;0m▀[0m[38;2;255;255;255m[48;2;65;65;65m▀[0m[38;2;65;65;65m[48;2;189;180;189m▀[0m[38;2;189;180;189m[48;2;255;255;255m▀[0m[38;2;197;98;115m[48;2;197;98;115m▀[0m[38;2;255;255;255m[48;2;197;98;115m▀[0m[38;2;248;101;86m[48;2;197;98;115m▀[0m[38;2;197;98;115m[48;2;197;98;115m▀[0m[38;2;197;98;115m[48;2;238;172;180m▀[0m[38;2;248;101;86m[48;2;255;255;255m▀[0m[38;2;248;101;86m[48;2;255;255;255m▀[0m[38;2;255;255;255m[48;2;197;98;115m▀[0m[38;2;255;255;255m[48;2;189;180;189m▀[0m[38;2;255;255;255m[48;2;255;255;255m▀[0m[38;2;255;255;255m[48;2;255;255;255m▀[0m[38;2;0;0;0m[48;2;255;255;255m▀[0m[38;2;0;0;0m▄[38;2;0;0;0m▄       
 [38;2;0;0;0m[48;2;0;0;0m▀[0m[38;2;255;255;255m[48;2;220;73;58m▀[0m[38;2;255;255;255m[48;2;220;73;58m▀[0m[38;2;255;255;255m[48;2;220;73;58m▀[0m[38;2;189;180;189m[48;2;255;255;255m▀[0m[38;2;189;180;189m[48;2;255;255;255m▀[0m[38;2;255;255;255m[48;2;189;180;189m▀[0m[38;2;0;0;0m[48;2;0;0;0m▀[0m [38;2;0;0;0m[48;2;0;0;0m▀[0m[38;2;255;255;255m[48;2;255;255;255m▀[0m[38;2;255;255;255m[48;2;115;106;156m▀[0m[38;2;255;255;255m[48;2;115;106;156m▀[0m[38;2;255;255;255m[48;2;189;189;213m▀[0m[38;2;197;98;115m[48;2;255;255;255m▀[0m[38;2;238;172;180m[48;2;255;255;255m▀[0m[38;2;238;172;180m[48;2;255;255;255m▀[0m[38;2;238;172;180m[48;2;255;255;255m▀[0m[38;2;238;172;180m[48;2;255;255;255m▀[0m[38;2;197;98;115m[48;2;255;255;255m▀[0m[38;2;255;255;255m[48;2;255;255;255m▀[0m[38;2;189;180;189m[48;2;255;255;255m▀[0m[38;2;255;255;255m[48;2;189;180;189m▀[0m[38;2;189;180;189m[48;2;65;65;65m▀[0m[38;2;255;255;255m[48;2;255;255;255m▀[0m[38;2;255;255;255m[48;2;255;255;255m▀[0m[38;2;0;0;0m[48;2;189;180;189m▀[0m[38;2;0;0;0m[48;2;255;255;255m▀[0m[38;2;0;0;0m[48;2;65;65;65m▀[0m[38;2;0;0;0m▄   
 [38;2;0;0;0m▀[38;2;115;106;156m[48;2;0;0;0m▀[0m[38;2;248;101;86m[48;2;115;106;156m▀[0m[38;2;248;101;86m[48;2;115;106;156m▀[0m[38;2;220;73;58m[48;2;248;101;86m▀[0m[38;2;189;180;189m[48;2;65;65;65m▀[0m[38;2;255;255;255m[48;2;189;180;189m▀[0m[38;2;189;180;189m[48;2;65;65;65m▀[0m[38;2;0;0;0m[48;2;189;180;189m▀[0m[38;2;0;0;0m[48;2;255;255;255m▀[0m[38;2;255;255;255m[48;2;189;180;189m▀[0m[38;2;189;189;213m[48;2;255;255;255m▀[0m[38;2;115;106;156m[48;2;255;255;255m▀[0m[38;2;115;106;156m[48;2;255;255;255m▀[0m[38;2;115;106;156m[48;2;189;189;213m▀[0m[38;2;115;106;156m[48;2;115;106;156m▀[0m[38;2;115;106;156m[48;2;115;106;156m▀[0m[38;2;115;106;156m[48;2;115;106;156m▀[0m[38;2;189;189;213m[48;2;115;106;156m▀[0m[38;2;255;255;255m[48;2;255;255;255m▀[0m[38;2;255;255;255m[48;2;255;255;255m▀[0m[38;2;255;255;255m[48;2;189;180;189m▀[0m[38;2;189;180;189m[48;2;65;65;65m▀[0m[38;2;189;180;189m[48;2;189;180;189m▀[0m[38;2;65;65;65m[48;2;0;0;0m▀[0m[38;2;0;0;0m▀[38;2;0;0;0m[48;2;0;0;0m▀[0m[38;2;65;65;65m[48;2;255;255;255m▀[0m[38;2;255;255;255m[48;2;255;255;255m▀[0m[38;2;255;255;255m[48;2;189;180;189m▀[0m[38;2;0;0;0m[48;2;0;0;0m▀[0m  
   [38;2;0;0;0m▀[38;2;0;0;0m▀[38;2;0;0;0m▀[38;2;189;180;189m[48;2;0;0;0m▀[0m[38;2;189;180;189m[48;2;0;0;0m▀[0m[38;2;0;0;0m▀[38;2;255;255;255m[48;2;0;0;0m▀[0m[38;2;255;255;255m[48;2;220;73;58m▀[0m[38;2;65;65;65m[48;2;65;65;65m▀[0m[38;2;189;180;189m[48;2;0;0;0m▀[0m[38;2;255;255;255m[48;2;189;180;189m▀[0m[38;2;255;255;255m[48;2;115;106;156m▀[0m[38;2;255;255;255m[48;2;220;73;58m▀[0m[38;2;255;255;255m[48;2;115;106;156m▀[0m[38;2;255;255;255m[48;2;115;106;156m▀[0m[38;2;255;255;255m[48;2;115;106;156m▀[0m[38;2;255;255;255m[48;2;189;180;189m▀[0m[38;2;189;180;189m[48;2;189;180;189m▀[0m[38;2;189;180;189m[48;2;65;65;65m▀[0m[38;2;255;255;255m[48;2;255;255;255m▀[0m[38;2;255;255;255m[48;2;255;255;255m▀[0m[38;2;65;65;65m[48;2;65;65;65m▀[0m[38;2;189;180;189m[48;2;220;73;58m▀[0m[38;2;0;0;0m[48;2;0;0;0m▀[0m[38;2;189;180;189m[48;2;189;180;189m▀[0m[38;2;189;180;189m[48;2;189;180;189m▀[0m[38;2;189;180;189m[48;2;189;180;189m▀[0m[38;2;189;180;189m[48;2;189;180;189m▀[0m[38;2;0;0;0m[48;2;189;180;189m▀[0m[38;2;0;0;0m▄ 
          [38;2;0;0;0m▀[38;2;0;0;0m▀ [38;2;0;0;0m▀[38;2;0;0;0m▀[38;2;115;106;156m[48;2;0;0;0m▀[0m[38;2;220;73;58m[48;2;0;0;0m▀[0m[38;2;220;73;58m[48;2;0;0;0m▀[0m[38;2;220;73;58m[48;2;0;0;0m▀[0m[38;2;115;106;156m[48;2;0;0;0m▀[0m[38;2;0;0;0m▀[38;2;0;0;0m▀[38;2;65;65;65m[48;2;0;0;0m▀[0m[38;2;255;255;255m[48;2;248;101;86m▀[0m[38;2;0;0;0m[48;2;0;0;0m▀[0m[38;2;0;0;0m▀ [38;2;0;0;0m▀[38;2;189;180;189m[48;2;0;0;0m▀[0m[38;2;189;180;189m[48;2;0;0;0m▀[0m[38;2;189;180;189m[48;2;0;0;0m▀[0m[38;2;0;0;0m▀[38;2;0;0;0m▀ 
                                [38;2;0;0;0m▀[38;2;0;0;0m▀                  
                                     [0m                                     