    [38;2;0;0;0m▄[38;2;0;0;0m[48;2;255;203;157m▀[0m[38;2;0;0;0m▄               
    [38;2;0;0;0m[48;2;0;0;0m▀[0m[38;2;255;203;157m[48;2;255;203;157m▀[0m[38;2;0;0;0m[48;2;255;203;157m▀[0m[38;2;0;0;0m▄              
    [38;2;0;0;0m[48;2;0;0;0m▀[0m[38;2;205;156;102m[48;2;205;156;102m▀[0m[38;2;255;203;157m[48;2;255;203;157m▀[0m[38;2;0;0;0m[48;2;255;203;157m▀[0m[38;2;0;0;0m▄[38;2;0;0;0m▄            
     [38;2;0;0;0m[48;2;0;0;0m▀[0m[38;2;205;156;102m[48;2;255;203;157m▀[0m[38;2;255;203;157m[48;2;205;156;102m▀[0m[38;2;255;203;157m[48;2;255;203;157m▀[0m[38;2;65;65;65m[48;2;205;156;102m▀[0m[38;2;0;0;0m[48;2;65;65;65m▀[0m[38;2;0;0;0m▄          
     [38;2;0;0;0m▄[38;2;0;0;0m[48;2;65;65;65m▀[0m[38;2;183;36;21m[48;2;65;65;65m▀[0m[38;2;65;65;65m[48;2;65;65;65m▀[0m[38;2;0;0;0m[48;2;255;255;255m▀[0m[38;2;255;255;255m[48;2;255;255;255m▀[0m[38;2;139;106;189m[48;2;139;106;189m▀[0m[38;2;0;0;0m[48;2;139;106;189m▀[0m[38;2;0;0;0m▄        
   [38;2;0;0;0m▄[38;2;0;0;0m[48;2;214;67;52m▀[0m[38;2;214;67;52m[48;2;255;136;123m▀[0m[38;2;214;67;52m[48;2;214;67;52m▀[0m[38;2;214;67;52m[48;2;65;65;65m▀[0m[38;2;65;65;65m[48;2;65;65;65m▀[0m[38;2;65;65;65m[48;2;214;67;52m▀[0m[38;2;65;65;65m[48;2;214;67;52m▀[0m[38;2;139;106;189m[48;2;65;65;65m▀[0m[38;2;106;82;156m[48;2;139;106;189m▀[0m[38;2;65;65;65m[48;2;139;106;189m▀[0m[38;2;0;0;0m[48;2;139;106;189m▀[0m[38;2;0;0;0m[48;2;65;65;65m▀[0m[38;2;0;0;0m▄     
   [38;2;0;0;0m[48;2;0;0;0m▀[0m[38;2;214;67;52m[48;2;183;36;21m▀[0m[38;2;214;67;52m[48;2;214;67;52m▀[0m[38;2;214;67;52m[48;2;214;67;52m▀[0m[38;2;65;65;65m[48;2;65;65;65m▀[0m[38;2;214;67;52m[48;2;214;67;52m▀[0m[38;2;255;136;123m[48;2;214;67;52m▀[0m[38;2;214;67;52m[48;2;214;67;52m▀[0m[38;2;214;67;52m[48;2;214;67;52m▀[0m[38;2;65;65;65m[48;2;65;65;65m▀[0m[38;2;139;106;189m[48;2;65;65;65m▀[0m[38;2;139;106;189m[48;2;139;106;189m▀[0m[38;2;139;106;189m[48;2;139;106;189m▀[0m[38;2;0;0;0m[48;2;0;0;0m▀[0m[38;2;0;0;0m▄[38;2;0;0;0m▄   
  [38;2;0;0;0m[48;2;0;0;0m▀[0m[38;2;205;156;102m[48;2;106;82;156m▀[0m[38;2;65;65;65m[48;2;65;65;65m▀[0m[38;2;183;36;21m[48;2;65;65;65m▀[0m[38;2;183;36;21m[48;2;65;65;65m▀[0m[38;2;65;65;65m[48;2;65;65;65m▀[0m[38;2;183;36;21m[48;2;65;65;65m▀[0m[38;2;214;67;52m[48;2;183;36;21m▀[0m[38;2;214;67;52m[48;2;183;36;21m▀[0m[38;2;183;36;21m[48;2;65;65;65m▀[0m[38;2;65;65;65m[48;2;205;156;102m▀[0m[38;2;205;156;102m[48;2;65;65;65m▀[0m[38;2;65;65;65m[48;2;65;65;65m▀[0m[38;2;106;82;156m[48;2;65;65;65m▀[0m[38;2;65;65;65m[48;2;106;82;156m▀[0m[38;2;205;156;102m[48;2;65;65;65m▀[0m[38;2;65;65;65m[48;2;106;82;156m▀[0m[38;2;0;0;0m[48;2;183;36;21m▀[0m[38;2;0;0;0m▄ 
 [38;2;0;0;0m[48;2;0;0;0m▀[0m[38;2;183;36;21m[48;2;183;36;21m▀[0m[38;2;106;82;156m[48;2;0;0;0m▀[0m[38;2;0;0;0m▀[38;2;139;106;189m[48;2;0;0;0m▀[0m[38;2;65;65;65m[48;2;0;0;0m▀[0m[38;2;205;156;102m[48;2;65;65;65m▀[0m[38;2;205;156;102m[48;2;205;156;102m▀[0m[38;2;65;65;65m[48;2;205;156;102m▀[0m[38;2;139;106;189m[48;2;65;65;65m▀[0m[38;2;139;106;189m[48;2;65;65;65m▀[0m[38;2;65;65;65m[48;2;183;36;21m▀[0m[38;2;139;106;189m[48;2;0;0;0m▀[0m[38;2;139;106;189m[48;2;65;65;65m▀[0m[38;2;255;203;157m[48;2;139;106;189m▀[0m[38;2;65;65;65m[48;2;139;106;189m▀[0m[38;2;0;0;0m[48;2;0;0;0m▀[0m[38;2;0;0;0m▀[38;2;183;36;21m[48;2;0;0;0m▀[0m[38;2;0;0;0m▀ 
  [38;2;0;0;0m▀    [38;2;0;0;0m▀[38;2;65;65;65m[48;2;0;0;0m▀[0m[38;2;106;82;156m[48;2;0;0;0m▀[0m[38;2;106;82;156m[48;2;0;0;0m▀[0m[38;2;183;36;21m[48;2;0;0;0m▀[0m[38;2;0;0;0m▀ [38;2;0;0;0m▀[38;2;139;106;189m[48;2;0;0;0m▀[0m[38;2;214;67;52m[48;2;214;67;52m▀[0m[38;2;0;0;0m[48;2;0;0;0m▀[0m    
                                     [38;2;0;0;0m▀                           
                                     [0m                                     