       [38;2;0;0;0m▄[38;2;0;0;0m[48;2;255;123;24m▀[0m[38;2;0;0;0m[48;2;255;123;24m▀[0m[38;2;0;0;0m▄                
    [38;2;0;0;0m▄[38;2;0;0;0m[48;2;210;90;1m▀[0m[38;2;0;0;0m[48;2;255;123;24m▀[0m[38;2;0;0;0m[48;2;255;123;24m▀[0m[38;2;255;123;24m[48;2;65;65;65m▀[0m[38;2;255;123;24m[48;2;210;90;1m▀[0m[38;2;210;90;1m[48;2;255;187;136m▀[0m[38;2;0;0;0m[48;2;0;0;0m▀[0m   [38;2;0;0;0m▄[38;2;0;0;0m▄[38;2;0;0;0m[48;2;210;90;1m▀[0m[38;2;0;0;0m[48;2;255;123;24m▀[0m[38;2;0;0;0m[48;2;210;90;1m▀[0m[38;2;0;0;0m▄      
   [38;2;0;0;0m▄[38;2;0;0;0m[48;2;255;123;24m▀[0m[38;2;255;123;24m[48;2;65;65;65m▀[0m[38;2;255;123;24m[48;2;65;65;65m▀[0m[38;2;210;90;1m[48;2;65;65;65m▀[0m[38;2;255;187;136m[48;2;255;187;136m▀[0m[38;2;65;65;65m[48;2;255;187;136m▀[0m[38;2;255;187;136m[48;2;65;65;65m▀[0m[38;2;255;149;71m[48;2;255;187;136m▀[0m[38;2;0;0;0m[48;2;0;0;0m▀[0m[38;2;0;0;0m▄[38;2;0;0;0m[48;2;255;187;136m▀[0m[38;2;255;187;136m[48;2;255;187;136m▀[0m[38;2;255;187;136m[48;2;255;187;136m▀[0m[38;2;210;90;1m[48;2;255;187;136m▀[0m[38;2;255;123;24m[48;2;65;65;65m▀[0m[38;2;255;123;24m[48;2;0;0;0m▀[0m[38;2;0;0;0m▀      
   [38;2;0;0;0m▀[38;2;255;123;24m[48;2;0;0;0m▀[0m[38;2;255;123;24m[48;2;0;0;0m▀[0m[38;2;210;90;1m[48;2;255;187;136m▀[0m[38;2;255;187;136m[48;2;65;65;65m▀[0m[38;2;65;65;65m[48;2;246;149;175m▀[0m[38;2;65;65;65m[48;2;246;149;175m▀[0m[38;2;65;65;65m[48;2;207;110;136m▀[0m[38;2;255;149;71m[48;2;65;65;65m▀[0m[38;2;65;65;65m[48;2;255;149;71m▀[0m[38;2;255;187;136m[48;2;255;149;71m▀[0m[38;2;255;187;136m[48;2;210;90;1m▀[0m[38;2;210;90;1m[48;2;65;65;65m▀[0m[38;2;65;65;65m[48;2;210;90;1m▀[0m[38;2;65;65;65m[48;2;255;187;136m▀[0m[38;2;65;65;65m[48;2;255;187;136m▀[0m[38;2;207;110;136m[48;2;65;65;65m▀[0m[38;2;0;0;0m[48;2;65;65;65m▀[0m[38;2;0;0;0m▄     
    [38;2;0;0;0m▄[38;2;0;0;0m▄[38;2;0;0;0m[48;2;246;149;175m▀[0m[38;2;65;65;65m[48;2;246;149;175m▀[0m[38;2;65;65;65m[48;2;246;149;175m▀[0m[38;2;246;149;175m[48;2;246;149;175m▀[0m[38;2;246;149;175m[48;2;246;149;175m▀[0m[38;2;246;149;175m[48;2;246;149;175m▀[0m[38;2;65;65;65m[48;2;246;149;175m▀[0m[38;2;255;149;71m[48;2;65;65;65m▀[0m[38;2;65;65;65m[48;2;255;149;71m▀[0m[38;2;255;149;71m[48;2;255;149;71m▀[0m[38;2;255;187;136m[48;2;210;90;1m▀[0m[38;2;255;187;136m[48;2;0;0;0m▀[0m[38;2;210;90;1m[48;2;65;65;65m▀[0m[38;2;255;123;24m[48;2;255;123;24m▀[0m[38;2;255;123;24m[48;2;255;123;24m▀[0m[38;2;0;0;0m[48;2;65;65;65m▀[0m[38;2;0;0;0m▄    
  [38;2;0;0;0m▄[38;2;0;0;0m[48;2;255;241;79m▀[0m[38;2;246;149;175m[48;2;246;149;175m▀[0m[38;2;246;149;175m[48;2;246;149;175m▀[0m[38;2;246;149;175m[48;2;255;241;79m▀[0m[38;2;255;241;79m[48;2;246;149;175m▀[0m[38;2;255;241;79m[48;2;246;149;175m▀[0m[38;2;246;149;175m[48;2;255;211;48m▀[0m[38;2;246;149;175m[48;2;246;149;175m▀[0m[38;2;65;65;65m[48;2;246;149;175m▀[0m[38;2;246;149;175m[48;2;65;65;65m▀[0m[38;2;207;110;136m[48;2;207;110;136m▀[0m[38;2;65;65;65m[48;2;65;65;65m▀[0m[38;2;65;65;65m[48;2;255;149;71m▀[0m[38;2;0;0;0m[48;2;255;149;71m▀[0m[38;2;0;0;0m▄[38;2;0;0;0m▀[38;2;65;65;65m[48;2;0;0;0m▀[0m[38;2;65;65;65m[48;2;207;110;136m▀[0m[38;2;207;110;136m[48;2;207;110;136m▀[0m[38;2;0;0;0m[48;2;0;0;0m▀[0m    
 [38;2;0;0;0m▄[38;2;0;0;0m[48;2;255;211;48m▀[0m[38;2;255;241;79m[48;2;246;149;175m▀[0m[38;2;246;149;175m[48;2;246;149;175m▀[0m[38;2;255;241;79m[48;2;255;241;79m▀[0m[38;2;246;149;175m[48;2;246;149;175m▀[0m[38;2;255;241;79m[48;2;246;149;175m▀[0m[38;2;246;149;175m[48;2;255;211;48m▀[0m[38;2;255;211;48m[48;2;246;149;175m▀[0m[38;2;246;149;175m[48;2;65;65;65m▀[0m[38;2;207;110;136m[48;2;177;80;106m▀[0m[38;2;65;65;65m[48;2;207;110;136m▀[0m[38;2;207;110;136m[48;2;0;0;0m▀[0m[38;2;0;0;0m▀[38;2;255;149;71m[48;2;0;0;0m▀[0m[38;2;255;187;136m[48;2;255;187;136m▀[0m[38;2;255;187;136m[48;2;210;90;1m▀[0m[38;2;0;0;0m[48;2;210;90;1m▀[0m[38;2;255;211;48m[48;2;65;65;65m▀[0m[38;2;255;211;48m[48;2;255;211;48m▀[0m[38;2;228;172;0m[48;2;0;0;0m▀[0m[38;2;0;0;0m▀    
 [38;2;0;0;0m[48;2;0;0;0m▀[0m[38;2;246;149;175m[48;2;177;80;106m▀[0m[38;2;246;149;175m[48;2;246;149;175m▀[0m[38;2;246;149;175m[48;2;246;149;175m▀[0m[38;2;246;149;175m[48;2;246;149;175m▀[0m[38;2;255;211;48m[48;2;246;149;175m▀[0m[38;2;255;211;48m[48;2;246;149;175m▀[0m[38;2;246;149;175m[48;2;207;110;136m▀[0m[38;2;65;65;65m[48;2;65;65;65m▀[0m[38;2;65;65;65m[48;2;255;241;79m▀[0m[38;2;65;65;65m[48;2;65;65;65m▀[0m[38;2;207;110;136m[48;2;207;110;136m▀[0m[38;2;0;0;0m[48;2;0;0;0m▀[0m  [38;2;0;0;0m[48;2;0;0;0m▀[0m[38;2;255;123;24m[48;2;255;123;24m▀[0m[38;2;255;123;24m[48;2;210;90;1m▀[0m[38;2;65;65;65m[48;2;65;65;65m▀[0m[38;2;0;0;0m[48;2;0;0;0m▀[0m      
  [38;2;0;0;0m[48;2;0;0;0m▀[0m[38;2;177;80;106m[48;2;65;65;65m▀[0m[38;2;246;149;175m[48;2;65;65;65m▀[0m[38;2;246;149;175m[48;2;65;65;65m▀[0m[38;2;207;110;136m[48;2;65;65;65m▀[0m[38;2;177;80;106m[48;2;65;65;65m▀[0m[38;2;65;65;65m[48;2;65;65;65m▀[0m[38;2;255;241;79m[48;2;65;65;65m▀[0m[38;2;255;211;48m[48;2;65;65;65m▀[0m[38;2;177;80;106m[48;2;207;110;136m▀[0m[38;2;0;0;0m[48;2;0;0;0m▀[0m[38;2;0;0;0m▄[38;2;0;0;0m▄[38;2;0;0;0m[48;2;246;149;175m▀[0m[38;2;246;149;175m[48;2;246;149;175m▀[0m[38;2;65;65;65m[48;2;246;149;175m▀[0m[38;2;65;65;65m[48;2;246;149;175m▀[0m[38;2;246;149;175m[48;2;246;149;175m▀[0m[38;2;246;149;175m[48;2;246;149;175m▀[0m[38;2;0;0;0m[48;2;246;149;175m▀[0m[38;2;0;0;0m▄[38;2;0;0;0m▄[38;2;0;0;0m▄  
   [38;2;0;0;0m▀[38;2;207;110;136m[48;2;0;0;0m▀[0m[38;2;177;80;106m[48;2;0;0;0m▀[0m[38;2;65;65;65m[48;2;207;110;136m▀[0m[38;2;65;65;65m[48;2;207;110;136m▀[0m[38;2;177;80;106m[48;2;207;110;136m▀[0m[38;2;207;110;136m[48;2;0;0;0m▀[0m[38;2;207;110;136m[48;2;0;0;0m▀[0m[38;2;65;65;65m[48;2;177;80;106m▀[0m[38;2;177;80;106m[48;2;177;80;106m▀[0m[38;2;177;80;106m[48;2;65;65;65m▀[0m[38;2;246;149;175m[48;2;246;149;175m▀[0m[38;2;246;149;175m[48;2;255;241;79m▀[0m[38;2;246;149;175m[48;2;246;149;175m▀[0m[38;2;246;149;175m[48;2;246;149;175m▀[0m[38;2;246;149;175m[48;2;177;80;106m▀[0m[38;2;246;149;175m[48;2;246;149;175m▀[0m[38;2;246;149;175m[48;2;207;110;136m▀[0m[38;2;246;149;175m[48;2;246;149;175m▀[0m[38;2;207;110;136m[48;2;246;149;175m▀[0m[38;2;177;80;106m[48;2;177;80;106m▀[0m[38;2;207;110;136m[48;2;207;110;136m▀[0m[38;2;0;0;0m[48;2;0;0;0m▀[0m 
      [38;2;0;0;0m▀[38;2;0;0;0m▀[38;2;0;0;0m▀  [38;2;0;0;0m▀[38;2;0;0;0m▀[38;2;0;0;0m▀[38;2;255;211;48m[48;2;0;0;0m▀[0m[38;2;246;149;175m[48;2;0;0;0m▀[0m[38;2;255;241;79m[48;2;255;211;48m▀[0m[38;2;65;65;65m[48;2;65;65;65m▀[0m[38;2;246;149;175m[48;2;246;149;175m▀[0m[38;2;246;149;175m[48;2;246;149;175m▀[0m[38;2;246;149;175m[48;2;207;110;136m▀[0m[38;2;65;65;65m[48;2;207;110;136m▀[0m[38;2;246;149;175m[48;2;0;0;0m▀[0m[38;2;0;0;0m▀[38;2;0;0;0m▀  
                [38;2;0;0;0m▀[38;2;0;0;0m▀[38;2;0;0;0m▀[38;2;246;149;175m[48;2;0;0;0m▀[0m[38;2;207;110;136m[48;2;0;0;0m▀[0m[38;2;65;65;65m[48;2;0;0;0m▀[0m[38;2;0;0;0m▀    
                                     [0m                                     