         [38;2;0;0;0m▄[38;2;0;0;0m[48;2;38;135;202m▀[0m[38;2;0;0;0m[48;2;72;148;180m▀[0m[38;2;0;0;0m[48;2;111;225;255m▀[0m[38;2;0;0;0m▄  [38;2;0;0;0m▄[38;2;0;0;0m[48;2;73;176;237m▀[0m[38;2;0;0;0m[48;2;73;176;237m▀[0m[38;2;0;0;0m▄         
        [38;2;0;0;0m▀[38;2;38;135;202m[48;2;0;0;0m▀[0m[38;2;38;135;202m[48;2;38;135;202m▀[0m[38;2;37;134;206m[48;2;37;134;206m▀[0m[38;2;37;134;206m[48;2;73;176;237m▀[0m[38;2;218;247;255m[48;2;103;125;143m▀[0m[38;2;0;0;24m[48;2;218;247;255m▀[0m[38;2;0;0;0m[48;2;73;176;237m▀[0m[38;2;73;176;237m[48;2;73;176;237m▀[0m[38;2;73;176;237m[48;2;73;176;237m▀[0m[38;2;73;176;237m[48;2;37;134;206m▀[0m[38;2;100;122;136m[48;2;207;244;255m▀[0m[38;2;0;0;8m[48;2;0;0;8m▀[0m        
   [38;2;0;0;0m▄[38;2;0;0;0m[48;2;38;135;202m▀[0m[38;2;0;0;0m[48;2;38;135;202m▀[0m[38;2;0;0;0m▄   [38;2;0;0;0m▀[38;2;73;176;237m[48;2;0;0;0m▀[0m[38;2;73;176;237m[48;2;73;176;237m▀[0m[38;2;74;175;233m[48;2;74;175;233m▀[0m[38;2;74;175;233m[48;2;74;175;233m▀[0m[38;2;73;176;237m[48;2;73;176;237m▀[0m[38;2;73;176;237m[48;2;37;134;206m▀[0m[38;2;91;125;149m[48;2;91;125;149m▀[0m[38;2;205;238;255m[48;2;0;0;32m▀[0m[38;2;0;0;0m▀ [38;2;0;0;0m▄[38;2;0;0;0m[48;2;73;176;237m▀[0m[38;2;0;0;0m[48;2;73;176;237m▀[0m[38;2;0;0;0m[48;2;73;176;237m▀[0m[38;2;0;0;0m▄   
   [38;2;0;0;0m[48;2;0;0;0m▀[0m[38;2;38;135;202m[48;2;38;135;202m▀[0m[38;2;36;132;207m[48;2;36;132;207m▀[0m[38;2;136;225;255m[48;2;136;225;255m▀[0m[38;2;0;0;0m[48;2;65;64;65m▀[0m[38;2;0;0;0m▄[38;2;0;0;0m[48;2;54;68;82m▀[0m[38;2;0;0;0m[48;2;145;222;255m▀[0m[38;2;168;232;255m[48;2;168;232;255m▀[0m[38;2;65;64;65m[48;2;168;232;255m▀[0m[38;2;73;176;237m[48;2;65;64;65m▀[0m[38;2;73;176;237m[48;2;65;64;65m▀[0m[38;2;36;132;207m[48;2;136;225;255m▀[0m[38;2;36;132;207m[48;2;136;225;255m▀[0m[38;2;136;225;255m[48;2;136;225;255m▀[0m[38;2;36;132;207m[48;2;136;225;255m▀[0m[38;2;0;0;0m[48;2;38;135;202m▀[0m[38;2;0;0;0m▄[38;2;0;0;0m[48;2;73;176;237m▀[0m[38;2;73;176;237m[48;2;73;176;237m▀[0m[38;2;80;178;229m[48;2;80;178;229m▀[0m[38;2;23;130;222m[48;2;218;247;255m▀[0m[38;2;0;0;0m[48;2;0;0;0m▀[0m   
  [38;2;0;0;0m▄[38;2;0;0;0m[48;2;38;135;202m▀[0m[38;2;38;135;202m[48;2;38;135;202m▀[0m[38;2;36;129;200m[48;2;36;129;200m▀[0m[38;2;43;110;152m[48;2;65;60;65m▀[0m[38;2;65;64;65m[48;2;168;232;255m▀[0m[38;2;168;232;255m[48;2;168;232;255m▀[0m[38;2;146;215;253m[48;2;228;250;255m▀[0m[38;2;228;250;255m[48;2;68;180;244m▀[0m[38;2;218;247;255m[48;2;80;178;229m▀[0m[38;2;80;178;229m[48;2;23;130;222m▀[0m[38;2;73;176;237m[48;2;37;134;206m▀[0m[38;2;73;176;237m[48;2;73;176;237m▀[0m[38;2;224;247;255m[48;2;73;176;237m▀[0m[38;2;224;247;255m[48;2;73;176;237m▀[0m[38;2;136;225;255m[48;2;224;247;255m▀[0m[38;2;136;225;255m[48;2;224;247;255m▀[0m[38;2;126;224;255m[48;2;65;64;74m▀[0m[38;2;65;64;74m[48;2;120;156;194m▀[0m[38;2;74;175;233m[48;2;74;175;233m▀[0m[38;2;74;175;233m[48;2;74;175;233m▀[0m[38;2;34;130;209m[48;2;97;170;225m▀[0m[38;2;224;247;255m[48;2;34;130;209m▀[0m[38;2;0;0;0m[48;2;0;0;0m▀[0m   
 [38;2;0;0;0m[48;2;0;0;0m▀[0m[38;2;38;135;202m[48;2;38;135;202m▀[0m[38;2;34;135;205m[48;2;34;135;205m▀[0m[38;2;34;135;205m[48;2;65;64;65m▀[0m[38;2;49;60;90m[48;2;179;237;255m▀[0m[38;2;81;124;152m[48;2;179;237;255m▀[0m[38;2;218;247;255m[48;2;23;130;222m▀[0m[38;2;80;178;229m[48;2;80;178;229m▀[0m[38;2;97;170;225m[48;2;34;130;209m▀[0m[38;2;34;130;209m[48;2;224;247;255m▀[0m[38;2;39;135;207m[48;2;224;247;255m▀[0m[38;2;224;247;255m[48;2;224;247;255m▀[0m[38;2;224;247;255m[48;2;224;247;255m▀[0m[38;2;39;135;207m[48;2;224;247;255m▀[0m[38;2;34;130;209m[48;2;224;247;255m▀[0m[38;2;97;170;225m[48;2;34;130;209m▀[0m[38;2;73;176;237m[48;2;73;176;237m▀[0m[38;2;73;176;237m[48;2;37;134;206m▀[0m[38;2;65;64;65m[48;2;73;176;237m▀[0m[38;2;65;64;65m[48;2;65;64;65m▀[0m[38;2;73;176;237m[48;2;65;64;65m▀[0m[38;2;73;176;237m[48;2;73;176;237m▀[0m[38;2;74;175;233m[48;2;74;175;233m▀[0m[38;2;74;175;233m[48;2;74;175;233m▀[0m[38;2;47;122;168m[48;2;70;183;245m▀[0m[38;2;0;4;8m[48;2;70;183;245m▀[0m[38;2;0;0;0m▄ 
  [38;2;0;0;0m▀[38;2;0;0;0m▀[38;2;0;0;0m[48;2;0;0;0m▀[0m[38;2;136;225;255m[48;2;136;225;255m▀[0m[38;2;224;247;255m[48;2;224;247;255m▀[0m[38;2;60;175;248m[48;2;65;64;65m▀[0m[38;2;60;138;184m[48;2;65;64;65m▀[0m[38;2;224;247;255m[48;2;74;175;233m▀[0m[38;2;224;247;255m[48;2;224;247;255m▀[0m[38;2;222;250;255m[48;2;73;176;237m▀[0m[38;2;73;176;237m[48;2;146;212;251m▀[0m[38;2;73;176;237m[48;2;146;212;251m▀[0m[38;2;222;250;255m[48;2;73;176;237m▀[0m[38;2;224;247;255m[48;2;224;247;255m▀[0m[38;2;224;247;255m[48;2;74;175;233m▀[0m[38;2;60;138;184m[48;2;65;64;65m▀[0m[38;2;60;175;248m[48;2;65;64;65m▀[0m[38;2;74;175;233m[48;2;74;175;233m▀[0m[38;2;74;175;233m[48;2;74;175;233m▀[0m[38;2;227;250;255m[48;2;227;250;255m▀[0m[38;2;52;75;88m[48;2;167;191;197m▀[0m[38;2;52;56;74m[48;2;52;56;74m▀[0m[38;2;90;174;231m[48;2;16;8;0m▀[0m[38;2;84;177;236m[48;2;8;4;0m▀[0m[38;2;46;53;76m[48;2;8;4;0m▀[0m[38;2;0;0;0m▀ 
    [38;2;0;0;0m▀[38;2;31;65;86m[48;2;24;12;0m▀[0m[38;2;31;65;86m[48;2;255;113;62m▀[0m[38;2;65;64;65m[48;2;255;205;121m▀[0m[38;2;255;205;121m[48;2;255;205;121m▀[0m[38;2;65;60;74m[48;2;255;205;119m▀[0m[38;2;137;171;194m[48;2;65;60;74m▀[0m[38;2;136;225;255m[48;2;65;64;65m▀[0m[38;2;136;225;255m[48;2;65;64;65m▀[0m[38;2;136;225;255m[48;2;65;64;65m▀[0m[38;2;136;225;255m[48;2;65;64;65m▀[0m[38;2;115;163;194m[48;2;65;60;74m▀[0m[38;2;65;60;74m[48;2;255;176;97m▀[0m[38;2;255;215;134m[48;2;255;215;134m▀[0m[38;2;255;215;134m[48;2;255;215;134m▀[0m[38;2;65;60;74m[48;2;255;176;97m▀[0m[38;2;115;163;194m[48;2;65;60;74m▀[0m[38;2;179;237;255m[48;2;65;64;65m▀[0m[38;2;179;237;255m[48;2;65;64;65m▀[0m[38;2;0;0;0m[48;2;0;0;0m▀[0m     
     [38;2;0;0;0m▄[38;2;0;0;0m[48;2;224;247;255m▀[0m[38;2;57;60;74m[48;2;146;176;200m▀[0m[38;2;57;60;74m[48;2;193;236;255m▀[0m[38;2;255;145;99m[48;2;57;60;74m▀[0m[38;2;255;117;23m[48;2;57;60;74m▀[0m[38;2;65;64;65m[48;2;65;64;65m▀[0m[38;2;65;64;65m[48;2;65;64;65m▀[0m[38;2;65;64;65m[48;2;65;64;65m▀[0m[38;2;255;100;44m[48;2;65;64;65m▀[0m[38;2;255;176;97m[48;2;65;60;74m▀[0m[38;2;65;60;74m[48;2;115;163;194m▀[0m[38;2;57;60;82m[48;2;213;246;255m▀[0m[38;2;57;60;82m[48;2;100;125;143m▀[0m[38;2;255;145;99m[48;2;57;60;74m▀[0m[38;2;255;117;23m[48;2;57;60;74m▀[0m[38;2;65;64;65m[48;2;65;64;65m▀[0m[38;2;0;0;0m[48;2;0;0;0m▀[0m      
 [38;2;0;0;0m▄[38;2;0;0;0m[48;2;65;64;65m▀[0m[38;2;0;0;0m[48;2;145;222;255m▀[0m[38;2;0;0;0m[48;2;54;68;82m▀[0m[38;2;136;225;255m[48;2;136;225;255m▀[0m[38;2;224;247;255m[48;2;224;247;255m▀[0m[38;2;73;176;237m[48;2;73;176;237m▀[0m[38;2;37;134;206m[48;2;73;176;237m▀[0m[38;2;224;247;255m[48;2;26;130;214m▀[0m[38;2;89;172;225m[48;2;224;247;255m▀[0m[38;2;136;225;255m[48;2;72;175;236m▀[0m[38;2;136;225;255m[48;2;136;225;255m▀[0m[38;2;136;225;255m[48;2;136;225;255m▀[0m[38;2;136;225;255m[48;2;72;175;236m▀[0m[38;2;74;175;233m[48;2;224;247;255m▀[0m[38;2;224;247;255m[48;2;224;247;255m▀[0m[38;2;224;247;255m[48;2;34;130;209m▀[0m[38;2;34;130;209m[48;2;97;170;225m▀[0m[38;2;73;176;237m[48;2;73;176;237m▀[0m[38;2;255;255;255m[48;2;255;255;255m▀[0m[38;2;137;226;255m[48;2;137;226;255m▀[0m[38;2;137;226;255m[48;2;137;226;255m▀[0m[38;2;0;0;0m[48;2;65;64;65m▀[0m[38;2;0;0;0m▄[38;2;0;0;0m▄   
 [38;2;0;0;0m[48;2;0;0;0m▀[0m[38;2;38;135;202m[48;2;38;135;202m▀[0m[38;2;36;132;207m[48;2;36;132;207m▀[0m[38;2;136;225;255m[48;2;36;132;207m▀[0m[38;2;57;60;74m[48;2;81;141;175m▀[0m[38;2;111;225;255m[48;2;57;60;74m▀[0m[38;2;228;250;255m[48;2;146;215;253m▀[0m[38;2;68;180;244m[48;2;228;250;255m▀[0m[38;2;73;176;237m[48;2;65;64;65m▀[0m[38;2;65;64;65m[48;2;65;64;65m▀[0m[38;2;65;64;65m[48;2;65;64;65m▀[0m[38;2;65;64;65m[48;2;65;64;65m▀[0m[38;2;65;64;65m[48;2;65;64;65m▀[0m[38;2;65;64;65m[48;2;65;64;65m▀[0m[38;2;34;135;205m[48;2;65;64;65m▀[0m[38;2;34;135;205m[48;2;65;64;65m▀[0m[38;2;94;172;230m[48;2;94;172;230m▀[0m[38;2;22;126;221m[48;2;242;252;255m▀[0m[38;2;238;253;255m[48;2;28;134;216m▀[0m[38;2;160;216;245m[48;2;160;216;245m▀[0m[38;2;179;237;255m[48;2;65;64;65m▀[0m[38;2;65;64;65m[48;2;179;237;255m▀[0m[38;2;152;212;246m[48;2;26;130;214m▀[0m[38;2;222;250;255m[48;2;84;177;225m▀[0m[38;2;44;121;173m[48;2;66;186;252m▀[0m[38;2;0;0;8m[48;2;0;0;8m▀[0m  
  [38;2;0;0;0m▀[38;2;38;135;202m[48;2;0;0;0m▀[0m[38;2;38;135;202m[48;2;38;135;202m▀[0m[38;2;34;135;205m[48;2;34;135;205m▀[0m[38;2;65;64;65m[48;2;34;135;205m▀[0m[38;2;65;64;65m[48;2;0;0;0m▀[0m[38;2;0;0;0m▀[38;2;82;82;82m[48;2;0;0;0m▀[0m[38;2;82;82;82m[48;2;246;246;246m▀[0m[38;2;65;64;65m[48;2;73;176;237m▀[0m[38;2;73;176;237m[48;2;73;176;237m▀[0m[38;2;73;176;237m[48;2;73;176;237m▀[0m[38;2;65;64;65m[48;2;73;176;237m▀[0m[38;2;65;64;65m[48;2;255;255;255m▀[0m[38;2;65;64;65m[48;2;64;64;65m▀[0m[38;2;60;68;82m[48;2;60;68;82m▀[0m[38;2;145;222;255m[48;2;8;0;0m▀[0m[38;2;145;222;255m[48;2;8;0;0m▀[0m[38;2;60;68;82m[48;2;60;68;82m▀[0m[38;2;37;134;206m[48;2;73;176;237m▀[0m[38;2;73;176;237m[48;2;73;176;237m▀[0m[38;2;74;175;233m[48;2;74;175;233m▀[0m[38;2;74;175;233m[48;2;74;175;233m▀[0m[38;2;73;176;237m[48;2;0;0;0m▀[0m[38;2;0;0;0m▀  
   [38;2;0;0;0m[48;2;0;0;0m▀[0m[38;2;38;135;202m[48;2;38;135;202m▀[0m[38;2;38;135;202m[48;2;38;135;202m▀[0m[38;2;0;0;0m[48;2;0;0;0m▀[0m [38;2;0;0;0m▀[38;2;136;225;255m[48;2;8;0;0m▀[0m[38;2;136;225;255m[48;2;57;68;84m▀[0m[38;2;238;251;255m[48;2;57;64;82m▀[0m[38;2;57;64;82m[48;2;148;157;168m▀[0m[38;2;57;64;82m[48;2;148;157;168m▀[0m[38;2;238;251;255m[48;2;57;64;82m▀[0m[38;2;136;225;255m[48;2;57;68;84m▀[0m[38;2;136;225;255m[48;2;8;0;0m▀[0m[38;2;0;0;0m▀  [38;2;0;0;0m▀[38;2;73;176;237m[48;2;0;0;0m▀[0m[38;2;73;176;237m[48;2;73;176;237m▀[0m[38;2;73;176;237m[48;2;73;176;237m▀[0m[38;2;0;0;0m[48;2;0;0;0m▀[0m    
    [38;2;0;0;0m▀[38;2;0;0;0m▀  [38;2;0;0;0m[48;2;0;0;0m▀[0m[38;2;65;64;65m[48;2;73;176;237m▀[0m[38;2;73;176;237m[48;2;73;176;237m▀[0m[38;2;73;176;237m[48;2;73;176;237m▀[0m[38;2;73;176;237m[48;2;0;0;0m▀[0m[38;2;73;176;237m[48;2;0;0;0m▀[0m[38;2;73;176;237m[48;2;73;176;237m▀[0m[38;2;73;176;237m[48;2;73;176;237m▀[0m[38;2;224;247;255m[48;2;73;176;237m▀[0m[38;2;0;0;0m[48;2;224;247;255m▀[0m[38;2;0;0;0m▄  [38;2;0;0;0m▀[38;2;73;176;237m[48;2;0;0;0m▀[0m[38;2;73;176;237m[48;2;0;0;0m▀[0m[38;2;0;0;0m▀    
         [38;2;0;0;0m▀[38;2;0;0;0m▀[38;2;0;0;0m▀  [38;2;0;0;0m▀[38;2;73;176;237m[48;2;0;0;0m▀[0m[38;2;73;176;237m[48;2;0;0;0m▀[0m[38;2;65;64;65m[48;2;0;0;0m▀[0m[38;2;0;0;0m▀          
                                     [0m                                     