          [38;2;24;24;24m▄[38;2;24;24;24m[48;2;255;239;173m▀[0m[38;2;24;24;24m[48;2;255;239;173m▀[0m[38;2;24;24;24m[48;2;255;239;173m▀[0m[38;2;24;24;24m[48;2;25;155;76m▀[0m[38;2;24;24;24m▄           
         [38;2;24;24;24m[48;2;0;32;4m▀[0m[38;2;255;239;173m[48;2;239;239;181m▀[0m[38;2;255;255;255m[48;2;17;147;68m▀[0m[38;2;255;239;173m[48;2;255;239;173m▀[0m[38;2;25;155;76m[48;2;24;156;72m▀[0m[38;2;255;239;173m[48;2;24;156;72m▀[0m[38;2;22;158;64m[48;2;19;128;38m▀[0m[38;2;24;24;24m[48;2;19;128;38m▀[0m[38;2;24;24;24m[48;2;19;161;52m▀[0m[38;2;24;24;24m▄[38;2;24;24;24m▄[38;2;24;24;24m▄      
         [38;2;0;32;4m[48;2;33;27;23m▀[0m[38;2;90;98;73m[48;2;30;88;45m▀[0m[38;2;17;147;68m[48;2;19;128;38m▀[0m[38;2;17;147;68m[48;2;19;128;38m▀[0m[38;2;24;156;72m[48;2;12;119;28m▀[0m[38;2;12;119;28m[48;2;255;208;107m▀[0m[38;2;19;128;38m[48;2;255;206;107m▀[0m[38;2;255;208;107m[48;2;255;206;107m▀[0m[38;2;20;115;42m[48;2;255;208;107m▀[0m[38;2;20;115;42m[48;2;255;208;107m▀[0m[38;2;255;208;107m[48;2;135;108;52m▀[0m[38;2;255;208;107m[48;2;135;108;52m▀[0m[38;2;24;24;24m[48;2;255;206;107m▀[0m[38;2;24;20;24m▄[38;2;24;24;24m[48;2;3;161;43m▀[0m[38;2;24;24;24m[48;2;27;115;51m▀[0m[38;2;24;24;24m▄ 
        [38;2;24;24;24m[48;2;24;24;24m▀[0m[38;2;24;157;60m[48;2;255;214;123m▀[0m[38;2;24;157;60m[48;2;255;214;123m▀[0m[38;2;255;208;107m[48;2;255;214;123m▀[0m[38;2;19;128;38m[48;2;255;214;123m▀[0m[38;2;255;208;107m[48;2;24;24;24m▀[0m[38;2;255;208;107m[48;2;255;255;255m▀[0m[38;2;255;206;107m[48;2;25;155;76m▀[0m[38;2;255;206;107m[48;2;25;155;76m▀[0m[38;2;255;208;107m[48;2;255;206;107m▀[0m[38;2;135;108;52m[48;2;255;206;107m▀[0m[38;2;255;208;107m[48;2;255;208;107m▀[0m[38;2;255;208;107m[48;2;255;208;107m▀[0m[38;2;144;116;60m[48;2;66;65;66m▀[0m[38;2;255;206;107m[48;2;255;208;107m▀[0m[38;2;52;70;58m[48;2;22;158;64m▀[0m[38;2;27;115;51m[48;2;24;24;24m▀[0m[38;2;24;24;24m▀ 
  [38;2;24;24;24m▄[38;2;24;24;24m[48;2;255;255;255m▀[0m[38;2;24;24;24m[48;2;25;155;76m▀[0m[38;2;24;24;24m▄ [38;2;24;24;24m[48;2;0;66;35m▀[0m[38;2;22;158;64m[48;2;245;207;125m▀[0m[38;2;25;155;76m[48;2;255;214;123m▀[0m[38;2;255;214;123m[48;2;25;155;76m▀[0m[38;2;255;214;123m[48;2;255;208;107m▀[0m[38;2;24;24;24m[48;2;66;65;66m▀[0m[38;2;255;255;255m[48;2;255;255;255m▀[0m[38;2;24;24;24m[48;2;66;65;66m▀[0m[38;2;255;255;255m[48;2;255;255;247m▀[0m[38;2;25;155;76m[48;2;242;178;46m▀[0m[38;2;255;206;107m[48;2;255;208;107m▀[0m[38;2;255;206;107m[48;2;255;208;107m▀[0m[38;2;255;208;107m[48;2;255;208;107m▀[0m[38;2;66;65;66m[48;2;66;65;66m▀[0m[38;2;255;208;107m[48;2;255;208;107m▀[0m[38;2;255;208;107m[48;2;36;128;83m▀[0m[38;2;22;158;64m[48;2;19;161;52m▀[0m[38;2;24;24;24m[48;2;24;24;24m▀[0m  
 [38;2;24;24;24m[48;2;10;28;12m▀[0m[38;2;255;255;255m[48;2;165;221;170m▀[0m[38;2;255;255;255m[48;2;24;156;72m▀[0m[38;2;25;155;76m[48;2;24;156;72m▀[0m[38;2;22;158;64m[48;2;22;158;64m▀[0m[38;2;24;24;24m[48;2;22;158;64m▀[0m[38;2;75;98;72m[48;2;255;214;123m▀[0m[38;2;75;98;72m[48;2;255;214;123m▀[0m[38;2;255;214;123m[48;2;255;208;107m▀[0m[38;2;255;214;123m[48;2;135;108;52m▀[0m[38;2;255;208;107m[48;2;135;108;52m▀[0m[38;2;66;65;66m[48;2;255;208;107m▀[0m[38;2;66;65;66m[48;2;255;206;107m▀[0m[38;2;255;255;255m[48;2;255;206;107m▀[0m[38;2;246;203;113m[48;2;255;206;107m▀[0m[38;2;246;203;113m[48;2;255;206;107m▀[0m[38;2;135;108;52m[48;2;255;208;107m▀[0m[38;2;255;208;107m[48;2;66;65;66m▀[0m[38;2;255;208;107m[48;2;255;208;107m▀[0m[38;2;255;208;107m[48;2;255;208;107m▀[0m[38;2;36;128;83m[48;2;74;69;56m▀[0m[38;2;36;128;83m[48;2;255;204;99m▀[0m[38;2;20;115;42m[48;2;224;171;64m▀[0m[38;2;24;24;24m[48;2;24;24;24m▀[0m  
 [38;2;10;28;12m[48;2;24;24;24m▀[0m[38;2;62;92;64m[48;2;12;119;28m▀[0m[38;2;24;156;72m[48;2;12;119;28m▀[0m[38;2;12;119;28m[48;2;24;24;24m▀[0m[38;2;24;24;24m▀[38;2;22;158;64m[48;2;24;24;24m▀[0m[38;2;25;155;76m[48;2;255;208;107m▀[0m[38;2;255;214;123m[48;2;255;208;107m▀[0m[38;2;135;108;52m[48;2;66;65;66m▀[0m[38;2;255;208;107m[48;2;255;239;173m▀[0m[38;2;255;208;107m[48;2;255;239;173m▀[0m[38;2;255;208;107m[48;2;255;206;107m▀[0m[38;2;255;206;107m[48;2;255;206;107m▀[0m[38;2;255;206;107m[48;2;255;206;107m▀[0m[38;2;255;206;107m[48;2;255;206;107m▀[0m[38;2;255;206;107m[48;2;255;206;107m▀[0m[38;2;255;208;107m[48;2;255;208;107m▀[0m[38;2;255;208;107m[48;2;255;208;107m▀[0m[38;2;66;65;66m[48;2;255;208;107m▀[0m[38;2;66;65;66m[48;2;223;171;64m▀[0m[38;2;255;204;99m[48;2;224;171;63m▀[0m[38;2;200;160;78m[48;2;224;171;63m▀[0m[38;2;224;171;64m[48;2;24;24;24m▀[0m[38;2;24;24;24m▀  
  [38;2;24;24;24m▀[38;2;24;24;24m▀   [38;2;24;24;24m▀[38;2;24;24;24m▀[38;2;255;239;173m[48;2;16;16;24m▀[0m[38;2;255;239;173m[48;2;247;231;173m▀[0m[38;2;255;239;173m[48;2;255;239;173m▀[0m[38;2;255;206;107m[48;2;255;239;173m▀[0m[38;2;255;206;107m[48;2;255;208;107m▀[0m[38;2;255;206;107m[48;2;255;208;107m▀[0m[38;2;255;206;107m[48;2;255;208;107m▀[0m[38;2;255;206;107m[48;2;223;171;64m▀[0m[38;2;255;208;107m[48;2;223;171;64m▀[0m[38;2;223;171;64m[48;2;223;171;64m▀[0m[38;2;223;171;64m[48;2;224;171;63m▀[0m[38;2;223;171;64m[48;2;224;171;63m▀[0m[38;2;224;171;63m[48;2;130;112;71m▀[0m[38;2;137;109;52m[48;2;224;169;56m▀[0m[38;2;24;24;24m[48;2;24;24;24m▀[0m   
         [38;2;16;16;24m[48;2;10;28;12m▀[0m[38;2;93;88;73m[48;2;62;92;64m▀[0m[38;2;206;186;130m[48;2;47;84;54m▀[0m[38;2;206;186;130m[48;2;47;84;54m▀[0m[38;2;223;171;64m[48;2;147;115;51m▀[0m[38;2;223;171;64m[48;2;215;166;65m▀[0m[38;2;223;171;64m[48;2;223;171;64m▀[0m[38;2;223;171;64m[48;2;223;171;64m▀[0m[38;2;223;171;64m[48;2;223;171;64m▀[0m[38;2;223;171;64m[48;2;84;71;43m▀[0m[38;2;224;171;63m[48;2;24;24;24m▀[0m[38;2;137;109;52m[48;2;177;217;179m▀[0m[38;2;16;106;30m[48;2;165;221;170m▀[0m[38;2;224;169;56m[48;2;62;92;64m▀[0m[38;2;24;24;24m[48;2;24;24;24m▀[0m   
         [38;2;10;28;12m▀[38;2;165;221;170m[48;2;24;24;24m▀[0m[38;2;47;84;54m[48;2;24;24;24m▀[0m[38;2;224;171;64m[48;2;24;24;24m▀[0m[38;2;10;28;12m▀[38;2;215;166;65m[48;2;24;24;24m▀[0m[38;2;255;208;107m[48;2;25;155;76m▀[0m[38;2;255;208;107m[48;2;25;155;76m▀[0m[38;2;223;171;64m[48;2;194;162;93m▀[0m[38;2;12;37;32m[48;2;12;44;44m▀[0m [38;2;24;24;24m▀[38;2;10;28;12m▀[38;2;10;28;12m▀    
              [38;2;24;24;24m▀[38;2;255;255;255m[48;2;24;24;24m▀[0m[38;2;255;255;255m[48;2;24;24;24m▀[0m[38;2;104;92;68m[48;2;24;24;24m▀[0m[38;2;12;44;44m▀        
                                     [0m                                     