           [38;2;0;4;0m▄[38;2;0;4;0m[48;2;255;57;76m▀[0m[38;2;0;4;0m▄                       
           [38;2;0;4;0m[48;2;0;4;0m▀[0m[38;2;255;57;76m[48;2;255;57;76m▀[0m[38;2;0;4;0m[48;2;0;4;0m▀[0m              [38;2;0;4;0m▄[38;2;0;4;0m▄[38;2;0;4;0m[48;2;255;57;76m▀[0m[38;2;0;4;0m[48;2;0;4;0m▀[0m     
          [38;2;0;4;0m[48;2;0;4;0m▀[0m[38;2;170;44;57m[48;2;255;66;87m▀[0m[38;2;255;60;81m[48;2;255;60;81m▀[0m[38;2;255;60;81m[48;2;255;60;81m▀[0m[38;2;0;4;0m[48;2;0;4;0m▀[0m          [38;2;0;4;0m▄[38;2;0;4;0m[48;2;255;66;87m▀[0m[38;2;0;4;0m[48;2;170;44;57m▀[0m[38;2;255;60;81m[48;2;255;60;81m▀[0m[38;2;255;60;81m[48;2;255;60;81m▀[0m[38;2;0;4;0m[48;2;0;4;0m▀[0m      
          [38;2;0;4;0m▀[38;2;255;57;76m[48;2;0;4;0m▀[0m[38;2;255;60;81m[48;2;255;60;81m▀[0m[38;2;255;60;81m[48;2;255;60;81m▀[0m[38;2;0;4;0m[48;2;255;114;82m▀[0m[38;2;0;4;0m▄       [38;2;0;4;0m▄[38;2;0;4;0m[48;2;255;57;76m▀[0m[38;2;255;57;76m[48;2;255;57;76m▀[0m[38;2;181;40;51m[48;2;255;57;76m▀[0m[38;2;255;57;76m[48;2;255;57;76m▀[0m[38;2;255;57;76m[48;2;255;57;76m▀[0m[38;2;0;4;0m[48;2;0;4;0m▀[0m       
           [38;2;0;4;0m[48;2;0;4;0m▀[0m[38;2;255;66;91m[48;2;255;66;91m▀[0m[38;2;255;113;70m[48;2;255;239;74m▀[0m[38;2;255;239;66m[48;2;255;239;66m▀[0m[38;2;0;0;16m[48;2;85;79;32m▀[0m[38;2;0;4;0m▄[38;2;0;4;0m▄[38;2;0;4;0m[48;2;193;66;120m▀[0m[38;2;0;4;0m[48;2;193;66;120m▀[0m[38;2;0;4;0m[48;2;193;66;120m▀[0m[38;2;0;4;0m[48;2;193;66;120m▀[0m[38;2;0;4;0m▄[38;2;0;4;0m[48;2;255;57;76m▀[0m[38;2;255;60;83m[48;2;255;114;82m▀[0m[38;2;255;60;83m[48;2;255;60;83m▀[0m[38;2;255;57;76m[48;2;181;40;51m▀[0m[38;2;181;40;51m[48;2;255;57;76m▀[0m[38;2;0;4;0m[48;2;0;4;0m▀[0m        
           [38;2;0;4;0m▀[38;2;85;79;32m[48;2;0;0;16m▀[0m[38;2;255;239;66m[48;2;255;239;66m▀[0m[38;2;255;235;66m[48;2;255;235;66m▀[0m[38;2;66;60;66m[48;2;192;176;66m▀[0m[38;2;193;66;120m[48;2;66;65;66m▀[0m[38;2;193;66;120m[48;2;193;66;120m▀[0m[38;2;193;66;120m[48;2;193;66;120m▀[0m[38;2;193;66;120m[48;2;66;65;66m▀[0m[38;2;193;66;120m[48;2;66;65;66m▀[0m[38;2;193;66;120m[48;2;66;65;66m▀[0m[38;2;66;65;66m[48;2;255;181;74m▀[0m[38;2;255;181;74m[48;2;255;181;74m▀[0m[38;2;255;181;74m[48;2;255;181;74m▀[0m[38;2;255;181;74m[48;2;66;65;66m▀[0m[38;2;239;74;104m[48;2;79;44;35m▀[0m[38;2;0;20;16m[48;2;195;68;122m▀[0m[38;2;0;4;0m▄        
           [38;2;0;4;0m▄[38;2;0;20;16m[48;2;136;67;103m▀[0m[38;2;77;49;51m[48;2;77;49;51m▀[0m[38;2;255;235;66m[48;2;192;176;66m▀[0m[38;2;255;235;66m[48;2;66;60;66m▀[0m[38;2;66;65;66m[48;2;66;65;66m▀[0m[38;2;188;60;115m[48;2;146;62;98m▀[0m[38;2;66;65;66m[48;2;66;65;66m▀[0m[38;2;66;65;66m[48;2;255;239;66m▀[0m[38;2;255;239;66m[48;2;255;239;66m▀[0m[38;2;193;158;66m[48;2;255;239;66m▀[0m[38;2;255;239;66m[48;2;255;239;66m▀[0m[38;2;255;239;66m[48;2;66;65;66m▀[0m[38;2;66;65;66m[48;2;193;66;120m▀[0m[38;2;193;66;120m[48;2;193;66;120m▀[0m[38;2;195;68;122m[48;2;195;68;122m▀[0m[38;2;195;68;122m[48;2;195;68;122m▀[0m[38;2;193;66;120m[48;2;193;66;120m▀[0m[38;2;0;4;0m[48;2;193;66;120m▀[0m[38;2;0;4;0m▄      
          [38;2;0;4;0m▄[38;2;0;4;0m[48;2;193;66;120m▀[0m[38;2;183;167;148m[48;2;112;83;74m▀[0m[38;2;41;0;0m[48;2;255;251;222m▀[0m[38;2;74;60;57m[48;2;255;243;206m▀[0m[38;2;74;60;57m[48;2;194;182;156m▀[0m[38;2;234;170;125m[48;2;234;170;125m▀[0m[38;2;234;170;125m[48;2;234;170;125m▀[0m[38;2;123;57;75m[48;2;189;160;144m▀[0m[38;2;123;57;75m[48;2;255;255;231m▀[0m[38;2;247;235;74m[48;2;0;0;8m▀[0m[38;2;82;78;30m[48;2;0;0;8m▀[0m[38;2;123;57;75m[48;2;255;255;231m▀[0m[38;2;123;57;75m[48;2;189;160;144m▀[0m[38;2;195;68;122m[48;2;138;55;96m▀[0m[38;2;195;68;122m[48;2;195;68;122m▀[0m[38;2;195;68;122m[48;2;195;68;122m▀[0m[38;2;195;68;122m[48;2;195;68;122m▀[0m[38;2;195;68;122m[48;2;195;68;122m▀[0m[38;2;195;68;122m[48;2;195;68;122m▀[0m[38;2;0;4;0m[48;2;193;66;120m▀[0m[38;2;0;4;0m▄     
         [38;2;0;4;0m▄[38;2;0;20;16m[48;2;63;36;47m▀[0m[38;2;131;56;90m[48;2;198;71;125m▀[0m[38;2;195;68;122m[48;2;138;55;96m▀[0m[38;2;195;68;122m[48;2;138;55;96m▀[0m[38;2;233;169;124m[48;2;193;66;120m▀[0m[38;2;233;169;124m[48;2;233;169;124m▀[0m[38;2;63;44;56m[48;2;227;163;118m▀[0m[38;2;227;163;118m[48;2;194;120;82m▀[0m[38;2;228;103;154m[48;2;191;63;118m▀[0m[38;2;255;255;239m[48;2;191;63;118m▀[0m[38;2;0;4;0m[48;2;255;255;255m▀[0m[38;2;0;4;0m[48;2;255;255;255m▀[0m[38;2;255;255;247m[48;2;173;57;87m▀[0m[38;2;207;81;134m[48;2;173;57;87m▀[0m[38;2;138;55;96m[48;2;195;68;122m▀[0m[38;2;195;68;122m[48;2;195;68;122m▀[0m[38;2;195;68;122m[48;2;195;68;122m▀[0m[38;2;195;68;122m[48;2;195;68;122m▀[0m[38;2;195;68;122m[48;2;195;68;122m▀[0m[38;2;195;68;122m[48;2;195;68;122m▀[0m[38;2;193;66;120m[48;2;193;66;120m▀[0m[38;2;0;4;0m[48;2;193;66;120m▀[0m[38;2;0;4;0m▄[38;2;0;4;0m▄   
       [38;2;0;4;0m▄[38;2;0;4;0m[48;2;141;53;95m▀[0m[38;2;141;53;95m[48;2;141;53;95m▀[0m[38;2;66;65;66m[48;2;146;62;98m▀[0m[38;2;188;60;115m[48;2;66;65;66m▀[0m[38;2;205;170;183m[48;2;189;85;124m▀[0m[38;2;205;170;183m[48;2;222;255;255m▀[0m[38;2;162;62;103m[48;2;255;255;255m▀[0m[38;2;162;62;103m[48;2;162;62;103m▀[0m[38;2;159;60;106m[48;2;159;60;106m▀[0m[38;2;159;60;106m[48;2;173;174;173m▀[0m[38;2;159;60;106m[48;2;173;174;173m▀[0m[38;2;159;60;106m[48;2;159;60;106m▀[0m[38;2;195;68;122m[48;2;195;68;122m▀[0m[38;2;195;68;122m[48;2;195;68;122m▀[0m[38;2;195;68;122m[48;2;138;55;96m▀[0m[38;2;195;68;122m[48;2;138;55;96m▀[0m[38;2;138;55;96m[48;2;195;68;122m▀[0m[38;2;195;68;122m[48;2;195;68;122m▀[0m[38;2;195;68;122m[48;2;195;68;122m▀[0m[38;2;195;68;122m[48;2;195;68;122m▀[0m[38;2;195;68;122m[48;2;195;68;122m▀[0m[38;2;195;68;122m[48;2;195;68;122m▀[0m[38;2;195;68;122m[48;2;195;68;122m▀[0m[38;2;195;68;122m[48;2;195;68;122m▀[0m[38;2;195;68;122m[48;2;195;68;122m▀[0m[38;2;195;68;122m[48;2;138;55;96m▀[0m[38;2;0;4;0m[48;2;0;4;0m▀[0m  
    [38;2;0;4;0m▄[38;2;0;4;0m▄[38;2;0;4;0m[48;2;141;53;95m▀[0m[38;2;141;53;95m[48;2;141;53;95m▀[0m[38;2;141;54;97m[48;2;141;54;97m▀[0m[38;2;141;54;97m[48;2;141;54;97m▀[0m[38;2;138;55;96m[48;2;0;4;0m▀[0m[38;2;0;4;0m▀[38;2;206;80;133m[48;2;0;4;0m▀[0m[38;2;206;80;133m[48;2;206;80;133m▀[0m[38;2;255;255;255m[48;2;170;175;172m▀[0m[38;2;255;255;255m[48;2;170;175;172m▀[0m[38;2;255;255;255m[48;2;255;255;255m▀[0m[38;2;255;255;255m[48;2;170;175;172m▀[0m[38;2;170;175;172m[48;2;255;255;255m▀[0m[38;2;170;175;172m[48;2;255;255;255m▀[0m[38;2;138;55;96m[48;2;255;255;255m▀[0m[38;2;138;55;96m[48;2;255;255;255m▀[0m[38;2;164;164;164m[48;2;255;255;255m▀[0m[38;2;164;164;164m[48;2;74;73;74m▀[0m[38;2;66;65;66m[48;2;193;66;120m▀[0m[38;2;193;66;120m[48;2;193;66;120m▀[0m[38;2;193;66;120m[48;2;193;66;120m▀[0m[38;2;193;66;120m[48;2;66;65;66m▀[0m[38;2;195;68;122m[48;2;195;68;122m▀[0m[38;2;195;68;122m[48;2;195;68;122m▀[0m[38;2;195;68;122m[48;2;138;55;96m▀[0m[38;2;195;68;122m[48;2;138;55;96m▀[0m[38;2;141;53;95m[48;2;141;53;95m▀[0m[38;2;141;53;95m[48;2;0;4;0m▀[0m[38;2;0;4;0m▀  
 [38;2;0;4;0m▄[38;2;0;4;0m[48;2;141;53;95m▀[0m[38;2;0;4;0m[48;2;141;53;95m▀[0m[38;2;141;54;97m[48;2;141;54;97m▀[0m[38;2;141;54;97m[48;2;141;54;97m▀[0m[38;2;141;54;97m[48;2;141;54;97m▀[0m[38;2;141;54;97m[48;2;141;54;97m▀[0m[38;2;141;53;95m[48;2;141;53;95m▀[0m[38;2;141;53;95m[48;2;0;4;0m▀[0m[38;2;0;4;0m▀ [38;2;0;4;0m▀[38;2;138;55;96m[48;2;0;4;0m▀[0m[38;2;162;62;103m[48;2;162;62;103m▀[0m[38;2;255;255;255m[48;2;162;62;103m▀[0m[38;2;255;255;255m[48;2;195;68;122m▀[0m[38;2;255;255;255m[48;2;255;255;255m▀[0m[38;2;170;175;172m[48;2;255;255;255m▀[0m[38;2;170;175;172m[48;2;255;255;255m▀[0m[38;2;255;255;255m[48;2;195;68;122m▀[0m[38;2;255;255;255m[48;2;195;68;122m▀[0m[38;2;66;65;66m[48;2;66;65;66m▀[0m[38;2;193;66;120m[48;2;193;66;120m▀[0m[38;2;195;68;122m[48;2;195;68;122m▀[0m[38;2;195;68;122m[48;2;195;68;122m▀[0m[38;2;142;55;97m[48;2;66;65;66m▀[0m[38;2;66;65;66m[48;2;142;55;97m▀[0m[38;2;142;55;97m[48;2;142;55;97m▀[0m[38;2;142;55;97m[48;2;66;65;66m▀[0m[38;2;66;65;66m[48;2;142;55;97m▀[0m[38;2;142;55;97m[48;2;142;55;97m▀[0m[38;2;141;53;95m[48;2;141;53;95m▀[0m[38;2;0;4;0m[48;2;0;4;0m▀[0m   
 [38;2;0;4;0m▄[38;2;0;0;0m[48;2;170;91;61m▀[0m[38;2;120;41;67m[48;2;120;41;67m▀[0m[38;2;138;51;85m[48;2;116;34;81m▀[0m[38;2;116;34;81m[48;2;181;102;72m▀[0m[38;2;138;55;96m[48;2;115;34;77m▀[0m[38;2;138;55;96m[48;2;115;34;77m▀[0m[38;2;120;41;67m[48;2;170;91;61m▀[0m[38;2;0;0;0m[48;2;120;41;67m▀[0m[38;2;0;4;0m▄   [38;2;0;12;8m[48;2;0;12;8m▀[0m[38;2;187;108;78m[48;2;68;45;30m▀[0m[38;2;159;66;91m[48;2;66;56;66m▀[0m[38;2;159;66;91m[48;2;206;66;99m▀[0m[38;2;138;55;96m[48;2;138;55;96m▀[0m[38;2;138;55;96m[48;2;181;102;72m▀[0m[38;2;142;55;97m[48;2;142;55;97m▀[0m[38;2;66;65;66m[48;2;66;65;66m▀[0m[38;2;195;68;122m[48;2;195;68;122m▀[0m[38;2;195;68;122m[48;2;195;68;122m▀[0m[38;2;195;68;122m[48;2;195;68;122m▀[0m[38;2;195;68;122m[48;2;195;68;122m▀[0m[38;2;66;41;53m[48;2;66;41;53m▀[0m[38;2;136;67;103m[48;2;0;20;16m▀[0m[38;2;0;4;0m▀[38;2;66;64;66m[48;2;0;4;0m▀[0m[38;2;141;54;97m[48;2;141;54;97m▀[0m[38;2;141;54;97m[48;2;141;54;97m▀[0m[38;2;141;54;97m[48;2;141;54;97m▀[0m[38;2;141;54;97m[48;2;141;54;97m▀[0m[38;2;0;4;0m[48;2;0;4;0m▀[0m  
 [38;2;0;4;0m▀[38;2;181;102;72m[48;2;0;4;0m▀[0m[38;2;181;102;72m[48;2;181;102;72m▀[0m[38;2;181;102;72m[48;2;66;65;66m▀[0m[38;2;181;102;72m[48;2;181;102;72m▀[0m[38;2;181;102;72m[48;2;181;102;72m▀[0m[38;2;181;102;72m[48;2;66;65;66m▀[0m[38;2;182;103;73m[48;2;182;103;73m▀[0m[38;2;182;103;73m[48;2;182;103;73m▀[0m[38;2;0;4;0m[48;2;0;4;0m▀[0m  [38;2;0;4;0m▀[38;2;187;108;78m[48;2;0;12;8m▀[0m[38;2;68;45;30m[48;2;0;12;8m▀[0m[38;2;187;108;78m[48;2;0;12;8m▀[0m[38;2;68;45;30m[48;2;0;12;8m▀[0m[38;2;0;4;0m▀[38;2;0;4;0m▀[38;2;63;36;47m[48;2;0;20;16m▀[0m[38;2;198;71;125m[48;2;131;56;90m▀[0m[38;2;195;68;122m[48;2;195;68;122m▀[0m[38;2;195;68;122m[48;2;138;55;96m▀[0m[38;2;195;68;122m[48;2;138;55;96m▀[0m[38;2;195;68;122m[48;2;138;55;96m▀[0m[38;2;0;4;0m[48;2;193;66;120m▀[0m[38;2;0;4;0m▄ [38;2;0;4;0m▄[38;2;0;8;16m[48;2;234;170;125m▀[0m[38;2;234;170;125m[48;2;115;51;6m▀[0m[38;2;150;86;41m[48;2;231;167;122m▀[0m[38;2;231;167;122m[48;2;70;40;56m▀[0m[38;2;233;169;124m[48;2;233;169;124m▀[0m[38;2;0;4;0m[48;2;0;4;0m▀[0m 
   [38;2;0;4;0m▀[38;2;0;4;0m▀[38;2;181;102;72m[48;2;0;4;0m▀[0m[38;2;181;102;72m[48;2;0;4;0m▀[0m[38;2;181;102;72m[48;2;0;4;0m▀[0m[38;2;0;4;0m▀[38;2;0;4;0m▀        [38;2;0;4;0m▄[38;2;0;4;0m[48;2;233;169;124m▀[0m[38;2;233;169;124m[48;2;182;103;73m▀[0m[38;2;233;169;124m[48;2;233;169;124m▀[0m[38;2;138;55;96m[48;2;233;169;124m▀[0m[38;2;233;169;124m[48;2;233;169;124m▀[0m[38;2;138;55;96m[48;2;233;169;124m▀[0m[38;2;233;169;124m[48;2;233;169;124m▀[0m[38;2;164;83;60m[48;2;220;156;111m▀[0m[38;2;0;0;0m[48;2;0;0;0m▀[0m  [38;2;0;4;0m▀[38;2;0;4;0m▀[38;2;0;4;0m▀[38;2;0;4;0m▀[38;2;0;4;0m▀  
                  [38;2;0;4;0m▀[38;2;233;169;124m[48;2;0;4;0m▀[0m[38;2;182;103;73m[48;2;182;103;73m▀[0m[38;2;233;169;124m[48;2;233;169;124m▀[0m[38;2;233;169;124m[48;2;182;103;73m▀[0m[38;2;233;169;124m[48;2;233;169;124m▀[0m[38;2;233;169;124m[48;2;182;103;73m▀[0m[38;2;233;169;124m[48;2;233;169;124m▀[0m[38;2;233;169;124m[48;2;0;4;0m▀[0m[38;2;0;4;0m▀         
                    [38;2;0;4;0m▀[38;2;0;4;0m▀[38;2;176;97;67m[48;2;0;4;0m▀[0m[38;2;238;174;129m[48;2;0;4;0m▀[0m[38;2;66;64;66m[48;2;0;4;0m▀[0m[38;2;0;4;0m▀           
                                     [0m                                     