    [38;2;0;0;0m▄[38;2;0;0;0m[48;2;131;219;226m▀[0m[38;2;0;0;0m[48;2;131;219;226m▀[0m[38;2;0;0;0m▄           
  [38;2;0;0;0m▄[38;2;0;0;0m[48;2;131;219;226m▀[0m[38;2;131;219;226m[48;2;131;219;226m▀[0m[38;2;131;219;226m[48;2;65;65;65m▀[0m[38;2;131;219;226m[48;2;79;167;174m▀[0m[38;2;79;167;174m[48;2;131;219;226m▀[0m[38;2;0;0;0m[48;2;0;0;0m▀[0m[38;2;0;0;0m▄[38;2;0;0;0m[48;2;131;219;226m▀[0m[38;2;0;0;0m[48;2;131;219;226m▀[0m[38;2;0;0;0m[48;2;131;219;226m▀[0m[38;2;0;0;0m▄[38;2;0;0;0m▄    
 [38;2;0;0;0m▄[38;2;0;0;0m[48;2;131;219;226m▀[0m[38;2;131;219;226m[48;2;131;219;226m▀[0m[38;2;79;167;174m[48;2;65;65;65m▀[0m[38;2;65;65;65m[48;2;197;197;197m▀[0m[38;2;65;65;65m[48;2;65;65;65m▀[0m[38;2;79;167;174m[48;2;65;65;65m▀[0m[38;2;65;65;65m[48;2;65;65;65m▀[0m[38;2;131;219;226m[48;2;65;65;65m▀[0m[38;2;65;65;65m[48;2;255;255;255m▀[0m[38;2;65;65;65m[48;2;255;255;255m▀[0m[38;2;131;219;226m[48;2;65;65;65m▀[0m[38;2;131;219;226m[48;2;131;219;226m▀[0m[38;2;65;65;65m[48;2;65;65;65m▀[0m[38;2;0;0;0m[48;2;0;0;0m▀[0m   
 [38;2;0;0;0m[48;2;0;0;0m▀[0m[38;2;131;219;226m[48;2;131;219;226m▀[0m[38;2;65;65;65m[48;2;65;65;65m▀[0m[38;2;197;197;197m[48;2;65;65;65m▀[0m[38;2;65;65;65m[48;2;255;255;255m▀[0m[38;2;255;255;255m[48;2;255;255;255m▀[0m[38;2;255;255;255m[48;2;255;255;255m▀[0m[38;2;65;65;65m[48;2;139;139;139m▀[0m[38;2;255;255;255m[48;2;0;0;0m▀[0m[38;2;255;255;255m[48;2;0;0;0m▀[0m[38;2;255;255;255m[48;2;139;139;139m▀[0m[38;2;65;65;65m[48;2;65;65;65m▀[0m[38;2;131;219;226m[48;2;131;219;226m▀[0m[38;2;65;65;65m[48;2;65;65;65m▀[0m[38;2;70;110;115m[48;2;70;110;115m▀[0m[38;2;0;0;0m[48;2;0;0;0m▀[0m  
  [38;2;0;0;0m▀[38;2;0;0;0m[48;2;0;0;0m▀[0m[38;2;65;65;65m[48;2;65;65;65m▀[0m[38;2;224;67;68m[48;2;255;102;103m▀[0m[38;2;224;67;68m[48;2;255;102;103m▀[0m[38;2;224;67;68m[48;2;65;65;65m▀[0m[38;2;65;65;65m[48;2;255;255;255m▀[0m[38;2;255;255;255m[48;2;255;255;255m▀[0m[38;2;255;255;255m[48;2;255;255;255m▀[0m[38;2;255;255;255m[48;2;255;255;255m▀[0m[38;2;171;202;213m[48;2;70;110;115m▀[0m[38;2;65;65;65m[48;2;70;110;115m▀[0m[38;2;70;110;115m[48;2;65;65;65m▀[0m[38;2;70;110;115m[48;2;65;65;65m▀[0m[38;2;70;110;115m[48;2;70;110;115m▀[0m[38;2;0;0;0m[48;2;0;0;0m▀[0m 
   [38;2;0;0;0m[48;2;0;0;0m▀[0m[38;2;70;110;115m[48;2;79;167;174m▀[0m[38;2;65;65;65m[48;2;79;167;174m▀[0m[38;2;65;65;65m[48;2;255;255;255m▀[0m[38;2;255;255;255m[48;2;255;255;255m▀[0m[38;2;255;255;255m[48;2;171;202;213m▀[0m[38;2;255;255;255m[48;2;70;110;115m▀[0m[38;2;255;255;255m[48;2;70;110;115m▀[0m[38;2;70;110;115m[48;2;70;110;115m▀[0m[38;2;70;110;115m[48;2;65;65;65m▀[0m[38;2;65;65;65m[48;2;255;255;255m▀[0m[38;2;255;255;255m[48;2;255;255;255m▀[0m[38;2;255;255;255m[48;2;255;255;255m▀[0m[38;2;65;65;65m[48;2;255;255;255m▀[0m[38;2;0;0;0m[48;2;0;0;0m▀[0m 
  [38;2;0;0;0m▀[38;2;79;167;174m[48;2;0;0;0m▀[0m[38;2;131;219;226m[48;2;79;167;174m▀[0m[38;2;131;219;226m[48;2;79;167;174m▀[0m[38;2;79;167;174m[48;2;79;167;174m▀[0m[38;2;79;167;174m[48;2;131;219;226m▀[0m[38;2;79;167;174m[48;2;131;219;226m▀[0m[38;2;70;110;115m[48;2;79;167;174m▀[0m[38;2;70;110;115m[48;2;70;110;115m▀[0m[38;2;70;110;115m[48;2;70;110;115m▀[0m[38;2;65;65;65m[48;2;65;65;65m▀[0m[38;2;255;255;255m[48;2;255;255;255m▀[0m[38;2;255;255;255m[48;2;255;255;255m▀[0m[38;2;255;255;255m[48;2;171;202;213m▀[0m[38;2;255;255;255m[48;2;255;255;255m▀[0m[38;2;0;0;0m[48;2;0;0;0m▀[0m 
    [38;2;0;0;0m[48;2;0;0;0m▀[0m[38;2;70;110;115m[48;2;42;82;87m▀[0m[38;2;70;110;115m[48;2;70;110;115m▀[0m[38;2;79;167;174m[48;2;42;82;87m▀[0m[38;2;79;167;174m[48;2;70;110;115m▀[0m[38;2;79;167;174m[48;2;42;82;87m▀[0m[38;2;70;110;115m[48;2;42;82;87m▀[0m[38;2;42;82;87m[48;2;197;197;197m▀[0m[38;2;65;65;65m[48;2;65;65;65m▀[0m[38;2;255;255;255m[48;2;197;197;197m▀[0m[38;2;255;255;255m[48;2;255;255;255m▀[0m[38;2;171;202;213m[48;2;255;255;255m▀[0m[38;2;197;197;197m[48;2;0;0;0m▀[0m[38;2;0;0;0m▀ 
     [38;2;0;0;0m▀[38;2;42;82;87m[48;2;0;0;0m▀[0m[38;2;42;82;87m[48;2;65;65;65m▀[0m[38;2;42;82;87m[48;2;65;65;65m▀[0m[38;2;197;197;197m[48;2;65;65;65m▀[0m[38;2;197;197;197m[48;2;197;197;197m▀[0m[38;2;197;197;197m[48;2;197;197;197m▀[0m[38;2;197;197;197m[48;2;197;197;197m▀[0m[38;2;65;65;65m[48;2;65;65;65m▀[0m[38;2;255;255;255m[48;2;197;197;197m▀[0m[38;2;197;197;197m[48;2;0;0;0m▀[0m[38;2;0;0;0m▀  
     [38;2;0;0;0m▀[38;2;224;67;68m[48;2;0;0;0m▀[0m[38;2;224;67;68m[48;2;0;0;0m▀[0m[38;2;224;67;68m[48;2;0;0;0m▀[0m[38;2;0;0;0m▀[38;2;65;65;65m[48;2;0;0;0m▀[0m[38;2;197;197;197m[48;2;224;67;68m▀[0m[38;2;197;197;197m[48;2;224;67;68m▀[0m[38;2;197;197;197m[48;2;0;0;0m▀[0m[38;2;0;0;0m▀    
         [38;2;0;0;0m▀[38;2;255;102;103m[48;2;0;0;0m▀[0m[38;2;65;65;65m[48;2;0;0;0m▀[0m[38;2;255;102;103m[48;2;0;0;0m▀[0m[38;2;0;0;0m▀     
                                     [0m                                     