     [38;2;0;0;0m▄[38;2;0;0;0m[48;2;102;103;102m▀[0m[38;2;0;0;0m[48;2;102;103;102m▀[0m[38;2;0;0;0m▄[38;2;0;0;0m▄                          
    [38;2;0;0;0m[48;2;0;0;0m▀[0m[38;2;106;97;82m[48;2;202;162;15m▀[0m[38;2;202;162;15m[48;2;252;203;14m▀[0m[38;2;202;162;15m[48;2;252;203;14m▀[0m[38;2;106;97;82m[48;2;202;162;15m▀[0m[38;2;0;0;0m[48;2;102;103;102m▀[0m[38;2;0;0;0m▄    [38;2;0;0;0m▄[38;2;0;0;0m[48;2;102;103;102m▀[0m[38;2;0;0;0m[48;2;102;103;102m▀[0m[38;2;0;0;0m[48;2;102;103;102m▀[0m[38;2;0;0;0m[48;2;102;103;102m▀[0m[38;2;0;0;0m▄[38;2;0;0;0m▄              
    [38;2;0;0;0m[48;2;0;0;0m▀[0m[38;2;252;213;25m[48;2;252;213;25m▀[0m[38;2;252;213;25m[48;2;252;213;25m▀[0m[38;2;252;213;25m[48;2;252;213;25m▀[0m[38;2;252;213;25m[48;2;252;213;25m▀[0m[38;2;102;103;102m[48;2;102;103;102m▀[0m[38;2;0;0;0m[48;2;0;0;0m▀[0m   [38;2;0;0;0m[48;2;0;0;0m▀[0m[38;2;101;103;104m[48;2;101;103;104m▀[0m[38;2;101;103;104m[48;2;252;213;25m▀[0m[38;2;219;156;7m[48;2;252;213;25m▀[0m[38;2;219;156;7m[48;2;252;213;25m▀[0m[38;2;202;162;15m[48;2;252;203;14m▀[0m[38;2;106;97;82m[48;2;202;162;15m▀[0m[38;2;0;0;0m[48;2;102;103;102m▀[0m[38;2;0;0;0m▄             
     [38;2;0;0;8m[48;2;0;0;8m▀[0m[38;2;243;206;28m[48;2;122;103;15m▀[0m[38;2;252;213;25m[48;2;252;213;25m▀[0m[38;2;252;213;25m[48;2;101;103;104m▀[0m[38;2;112;89;65m[48;2;65;68;82m▀[0m[38;2;65;68;82m[48;2;144;108;88m▀[0m[38;2;0;0;0m[48;2;172;135;114m▀[0m[38;2;0;0;0m[48;2;172;135;114m▀[0m[38;2;0;0;0m[48;2;65;67;65m▀[0m[38;2;98;101;98m[48;2;98;101;98m▀[0m[38;2;219;156;7m[48;2;252;213;25m▀[0m[38;2;252;213;25m[48;2;252;213;25m▀[0m[38;2;252;213;25m[48;2;252;213;25m▀[0m[38;2;252;213;25m[48;2;252;213;25m▀[0m[38;2;252;213;25m[48;2;252;213;25m▀[0m[38;2;252;213;25m[48;2;252;213;25m▀[0m[38;2;102;103;102m[48;2;102;103;102m▀[0m[38;2;0;0;0m[48;2;0;0;0m▀[0m   [38;2;0;0;0m▄[38;2;0;0;0m▄[38;2;0;0;0m▄       
      [38;2;0;0;0m[48;2;0;0;0m▀[0m[38;2;65;64;65m[48;2;172;135;114m▀[0m[38;2;65;64;65m[48;2;172;135;114m▀[0m[38;2;172;135;114m[48;2;172;135;114m▀[0m[38;2;172;135;114m[48;2;172;135;114m▀[0m[38;2;172;135;114m[48;2;172;135;114m▀[0m[38;2;172;135;114m[48;2;172;135;114m▀[0m[38;2;65;64;74m[48;2;174;137;115m▀[0m[38;2;117;98;63m[48;2;65;64;74m▀[0m[38;2;252;213;25m[48;2;252;213;25m▀[0m[38;2;252;213;25m[48;2;252;213;25m▀[0m[38;2;252;213;25m[48;2;252;213;25m▀[0m[38;2;252;213;25m[48;2;101;103;104m▀[0m[38;2;252;213;25m[48;2;101;103;104m▀[0m[38;2;101;103;104m[48;2;101;103;104m▀[0m[38;2;102;103;102m[48;2;0;0;0m▀[0m[38;2;0;0;0m▀[38;2;0;0;0m▄[38;2;0;0;0m[48;2;102;103;102m▀[0m[38;2;0;0;0m[48;2;102;103;102m▀[0m[38;2;102;103;102m[48;2;0;0;0m▀[0m[38;2;102;103;102m[48;2;0;0;0m▀[0m[38;2;102;103;102m[48;2;0;0;0m▀[0m[38;2;0;0;0m[48;2;102;103;102m▀[0m[38;2;0;0;0m[48;2;102;103;102m▀[0m[38;2;0;0;0m▄[38;2;0;0;0m▄[38;2;0;0;0m▄  
  [38;2;0;0;0m[48;2;0;0;0m▀[0m  [38;2;0;0;0m[48;2;0;0;0m▀[0m[38;2;172;135;114m[48;2;172;135;114m▀[0m[38;2;172;135;114m[48;2;172;135;114m▀[0m[38;2;172;135;114m[48;2;172;135;114m▀[0m[38;2;172;135;114m[48;2;172;135;114m▀[0m[38;2;172;135;114m[48;2;172;135;114m▀[0m[38;2;172;135;114m[48;2;172;135;114m▀[0m[38;2;172;135;114m[48;2;172;135;114m▀[0m[38;2;158;121;101m[48;2;158;121;101m▀[0m[38;2;65;64;65m[48;2;158;121;101m▀[0m[38;2;102;103;102m[48;2;65;64;65m▀[0m[38;2;102;103;102m[48;2;65;64;65m▀[0m[38;2;112;89;65m[48;2;65;68;82m▀[0m[38;2;65;68;82m[48;2;144;108;88m▀[0m[38;2;68;45;21m[48;2;144;108;88m▀[0m[38;2;0;4;16m[48;2;0;4;16m▀[0m [38;2;0;0;0m▄[38;2;0;0;0m[48;2;102;103;102m▀[0m[38;2;102;103;102m[48;2;0;0;0m▀[0m[38;2;0;0;0m▀   [38;2;0;0;0m[48;2;0;0;0m▀[0m[38;2;102;103;102m[48;2;102;103;102m▀[0m[38;2;102;103;102m[48;2;102;103;102m▀[0m[38;2;102;103;102m[48;2;65;64;65m▀[0m[38;2;102;103;102m[48;2;0;0;0m▀[0m[38;2;0;0;0m▀ 
 [38;2;0;0;0m▀[38;2;0;0;0m▀[38;2;0;0;0m▄[38;2;0;0;0m[48;2;0;0;0m▀[0m[38;2;174;137;115m[48;2;174;137;115m▀[0m[38;2;74;58;30m[48;2;0;4;24m▀[0m[38;2;255;250;164m[48;2;16;0;0m▀[0m[38;2;141;105;86m[48;2;141;105;86m▀[0m[38;2;172;135;114m[48;2;172;135;114m▀[0m[38;2;172;135;114m[48;2;172;135;114m▀[0m[38;2;172;135;114m[48;2;172;135;114m▀[0m[38;2;172;135;114m[48;2;172;135;114m▀[0m[38;2;172;135;114m[48;2;172;135;114m▀[0m[38;2;172;135;114m[48;2;172;135;114m▀[0m[38;2;172;135;114m[48;2;172;135;114m▀[0m[38;2;172;135;114m[48;2;172;135;114m▀[0m[38;2;172;135;114m[48;2;172;135;114m▀[0m[38;2;138;102;83m[48;2;138;102;83m▀[0m[38;2;138;102;83m[48;2;138;102;83m▀[0m[38;2;0;0;0m[48;2;138;102;83m▀[0m[38;2;0;0;0m▄[38;2;0;0;0m▀[38;2;102;103;102m[48;2;0;0;0m▀[0m[38;2;0;0;0m[48;2;102;103;102m▀[0m[38;2;0;0;0m▄   [38;2;0;0;0m▀[38;2;102;103;102m[48;2;0;0;0m▀[0m[38;2;65;67;65m[48;2;65;67;65m▀[0m[38;2;98;101;98m[48;2;0;0;0m▀[0m[38;2;0;0;0m[48;2;0;0;0m▀[0m  
  [38;2;0;0;0m▄[38;2;0;0;0m▄[38;2;0;0;0m[48;2;0;0;0m▀[0m[38;2;255;255;238m[48;2;65;76;65m▀[0m[38;2;107;75;57m[48;2;255;255;238m▀[0m[38;2;0;0;0m[48;2;158;121;101m▀[0m[38;2;158;121;101m[48;2;158;121;101m▀[0m[38;2;172;135;114m[48;2;172;135;114m▀[0m[38;2;172;135;114m[48;2;172;135;114m▀[0m[38;2;141;105;86m[48;2;141;105;86m▀[0m[38;2;255;250;164m[48;2;16;0;0m▀[0m[38;2;74;58;30m[48;2;0;4;24m▀[0m[38;2;174;137;115m[48;2;174;137;115m▀[0m[38;2;172;135;114m[48;2;172;135;114m▀[0m[38;2;172;135;114m[48;2;172;135;114m▀[0m[38;2;158;121;101m[48;2;65;64;65m▀[0m[38;2;158;121;101m[48;2;158;121;101m▀[0m[38;2;65;64;65m[48;2;65;64;65m▀[0m[38;2;138;102;83m[48;2;65;64;65m▀[0m[38;2;0;0;0m[48;2;0;0;0m▀[0m [38;2;0;0;0m▀[38;2;102;103;102m[48;2;0;0;0m▀[0m[38;2;0;0;0m[48;2;102;103;102m▀[0m[38;2;0;0;0m▄    [38;2;0;0;0m▀    
    [38;2;0;0;0m▀[38;2;138;102;83m[48;2;0;0;0m▀[0m[38;2;138;102;83m[48;2;138;102;83m▀[0m[38;2;106;87;79m[48;2;106;87;79m▀[0m[38;2;32;4;0m[48;2;255;255;238m▀[0m[38;2;172;135;114m[48;2;65;64;65m▀[0m[38;2;172;135;114m[48;2;65;64;65m▀[0m[38;2;172;135;114m[48;2;172;135;114m▀[0m[38;2;107;75;57m[48;2;172;135;114m▀[0m[38;2;0;16;24m[48;2;255;255;238m▀[0m[38;2;255;255;238m[48;2;76;36;32m▀[0m[38;2;213;195;176m[48;2;65;64;65m▀[0m[38;2;65;64;65m[48;2;213;195;176m▀[0m[38;2;65;64;65m[48;2;172;135;114m▀[0m[38;2;65;64;65m[48;2;65;64;65m▀[0m[38;2;138;102;83m[48;2;138;102;83m▀[0m[38;2;65;64;65m[48;2;138;102;83m▀[0m[38;2;138;102;83m[48;2;138;102;83m▀[0m[38;2;0;0;0m[48;2;0;0;0m▀[0m  [38;2;0;0;0m[48;2;0;0;0m▀[0m[38;2;102;103;102m[48;2;102;103;102m▀[0m[38;2;0;0;0m[48;2;0;0;0m▀[0m        
    [38;2;0;0;0m[48;2;0;0;0m▀[0m[38;2;138;102;83m[48;2;138;102;83m▀[0m[38;2;65;64;65m[48;2;65;64;65m▀[0m[38;2;199;152;14m[48;2;150;121;49m▀[0m[38;2;98;60;32m[48;2;252;203;18m▀[0m[38;2;172;135;114m[48;2;138;102;83m▀[0m[38;2;172;135;114m[48;2;138;102;83m▀[0m[38;2;172;135;114m[48;2;172;135;114m▀[0m[38;2;172;135;114m[48;2;172;135;114m▀[0m[38;2;213;195;176m[48;2;172;135;114m▀[0m[38;2;255;255;238m[48;2;172;135;114m▀[0m[38;2;213;195;176m[48;2;168;131;110m▀[0m[38;2;82;48;65m[48;2;168;131;110m▀[0m[38;2;65;64;65m[48;2;172;135;114m▀[0m[38;2;172;135;114m[48;2;65;64;65m▀[0m[38;2;138;102;83m[48;2;65;64;65m▀[0m[38;2;138;102;83m[48;2;138;102;83m▀[0m[38;2;141;105;86m[48;2;141;105;86m▀[0m[38;2;0;12;24m[48;2;68;49;24m▀[0m[38;2;0;0;0m▄[38;2;0;0;0m[48;2;102;103;102m▀[0m[38;2;102;103;102m[48;2;102;103;102m▀[0m[38;2;102;103;102m[48;2;0;0;0m▀[0m[38;2;0;0;0m▀        
     [38;2;0;0;0m▀[38;2;0;0;0m▀[38;2;252;213;25m[48;2;0;0;0m▀[0m[38;2;252;213;25m[48;2;252;213;25m▀[0m[38;2;252;213;25m[48;2;252;213;25m▀[0m[38;2;252;213;25m[48;2;252;213;25m▀[0m[38;2;142;106;87m[48;2;252;196;15m▀[0m[38;2;142;106;87m[48;2;90;44;24m▀[0m[38;2;65;64;65m[48;2;172;135;114m▀[0m[38;2;172;135;114m[48;2;172;135;114m▀[0m[38;2;158;121;101m[48;2;65;64;65m▀[0m[38;2;158;121;101m[48;2;158;121;101m▀[0m[38;2;139;103;84m[48;2;139;103;84m▀[0m[38;2;139;103;84m[48;2;139;103;84m▀[0m[38;2;139;103;84m[48;2;139;103;84m▀[0m[38;2;139;103;84m[48;2;139;103;84m▀[0m[38;2;65;67;65m[48;2;0;0;0m▀[0m[38;2;98;101;98m[48;2;0;0;0m▀[0m[38;2;102;103;102m[48;2;0;0;0m▀[0m[38;2;0;0;0m▀[38;2;0;0;0m▀          
      [38;2;0;0;0m▀[38;2;144;108;88m[48;2;0;0;8m▀[0m[38;2;95;64;47m[48;2;0;0;8m▀[0m[38;2;147;97;5m[48;2;0;0;0m▀[0m[38;2;219;145;9m[48;2;0;0;0m▀[0m[38;2;221;156;7m[48;2;221;156;7m▀[0m[38;2;221;156;7m[48;2;221;156;7m▀[0m[38;2;65;64;65m[48;2;219;156;7m▀[0m[38;2;65;64;65m[48;2;219;156;7m▀[0m[38;2;139;103;84m[48;2;139;103;84m▀[0m[38;2;139;103;84m[48;2;139;103;84m▀[0m[38;2;138;102;83m[48;2;65;64;65m▀[0m[38;2;138;102;83m[48;2;65;64;65m▀[0m[38;2;138;102;83m[48;2;0;0;0m▀[0m[38;2;0;0;0m▀               
           [38;2;0;0;0m▀[38;2;0;0;0m▀[38;2;0;0;0m▀[38;2;65;64;65m[48;2;0;0;0m▀[0m[38;2;65;64;65m[48;2;140;104;85m▀[0m[38;2;65;64;65m[48;2;102;70;53m▀[0m[38;2;95;64;47m[48;2;144;108;88m▀[0m[38;2;0;0;8m[48;2;0;0;8m▀[0m                 
                [38;2;0;0;0m▀[38;2;0;0;0m▀[38;2;0;0;0m▀                    
                                     [0m                                     