  [38;2;0;0;0m▄[38;2;0;0;0m[48;2;238;140;181m▀[0m[38;2;0;0;0m▄      [38;2;0;0;0m▄        
  [38;2;0;0;0m[48;2;0;0;0m▀[0m[38;2;238;140;181m[48;2;238;140;181m▀[0m[38;2;238;140;181m[48;2;238;140;181m▀[0m[38;2;0;0;0m[48;2;65;65;65m▀[0m[38;2;0;0;0m▄[38;2;0;0;0m[48;2;255;173;234m▀[0m[38;2;0;0;0m▄[38;2;0;0;0m▄[38;2;0;0;0m[48;2;238;140;181m▀[0m[38;2;238;140;181m[48;2;238;140;181m▀[0m[38;2;0;0;0m[48;2;0;0;0m▀[0m       
  [38;2;0;0;0m▀[38;2;238;140;181m[48;2;0;0;0m▀[0m[38;2;184;106;153m[48;2;184;106;153m▀[0m[38;2;255;173;234m[48;2;224;115;202m▀[0m[38;2;65;65;65m[48;2;255;173;234m▀[0m[38;2;255;173;234m[48;2;255;173;234m▀[0m[38;2;255;173;234m[48;2;115;115;115m▀[0m[38;2;184;106;153m[48;2;238;140;181m▀[0m[38;2;238;140;181m[48;2;224;115;202m▀[0m[38;2;224;115;202m[48;2;255;173;234m▀[0m[38;2;0;0;0m[48;2;0;0;0m▀[0m   [38;2;0;0;0m▄   
  [38;2;0;0;0m▄[38;2;0;0;0m[48;2;184;106;153m▀[0m[38;2;255;173;234m[48;2;115;115;115m▀[0m[38;2;255;173;234m[48;2;115;115;115m▀[0m[38;2;115;115;115m[48;2;238;140;181m▀[0m[38;2;255;173;234m[48;2;115;115;115m▀[0m[38;2;115;115;115m[48;2;238;140;181m▀[0m[38;2;238;140;181m[48;2;184;106;153m▀[0m[38;2;255;173;234m[48;2;255;173;234m▀[0m[38;2;255;173;234m[48;2;0;0;0m▀[0m[38;2;0;0;0m▀  [38;2;0;0;0m[48;2;0;0;0m▀[0m[38;2;238;140;181m[48;2;238;140;181m▀[0m[38;2;0;0;0m[48;2;0;0;0m▀[0m  
  [38;2;0;0;0m[48;2;0;0;0m▀[0m[38;2;238;140;181m[48;2;238;140;181m▀[0m[38;2;238;140;181m[48;2;238;140;181m▀[0m[38;2;238;140;181m[48;2;255;255;255m▀[0m[38;2;254;243;204m[48;2;206;165;90m▀[0m[38;2;254;243;204m[48;2;254;243;204m▀[0m[38;2;238;140;181m[48;2;254;243;204m▀[0m[38;2;238;140;181m[48;2;238;140;181m▀[0m[38;2;115;115;115m[48;2;238;140;181m▀[0m[38;2;0;0;0m[48;2;0;0;0m▀[0m  [38;2;0;0;0m[48;2;0;0;0m▀[0m[38;2;238;140;181m[48;2;238;140;181m▀[0m[38;2;238;140;181m[48;2;238;140;181m▀[0m[38;2;238;140;181m[48;2;0;0;0m▀[0m[38;2;0;0;0m▀ 
 [38;2;0;0;0m[48;2;0;0;0m▀[0m[38;2;254;243;204m[48;2;206;165;90m▀[0m[38;2;254;243;204m[48;2;254;243;204m▀[0m[38;2;254;243;204m[48;2;254;243;204m▀[0m[38;2;0;0;0m[48;2;0;0;0m▀[0m[38;2;254;243;204m[48;2;254;243;204m▀[0m[38;2;206;197;165m[48;2;206;197;165m▀[0m[38;2;254;243;204m[48;2;206;197;165m▀[0m[38;2;238;140;181m[48;2;184;106;153m▀[0m[38;2;184;106;153m[48;2;0;0;0m▀[0m[38;2;0;0;0m▀[38;2;0;0;0m▄[38;2;0;0;0m[48;2;238;140;181m▀[0m[38;2;65;65;65m[48;2;238;140;181m▀[0m[38;2;238;140;181m[48;2;184;106;153m▀[0m[38;2;0;0;0m[48;2;0;0;0m▀[0m   
  [38;2;0;0;0m▀[38;2;0;0;0m▀[38;2;254;243;204m[48;2;0;0;0m▀[0m[38;2;254;243;204m[48;2;0;0;0m▀[0m[38;2;206;197;165m[48;2;115;115;115m▀[0m[38;2;184;106;153m[48;2;184;106;153m▀[0m[38;2;184;106;153m[48;2;184;106;153m▀[0m[38;2;184;106;153m[48;2;238;140;181m▀[0m[38;2;0;0;0m[48;2;238;140;181m▀[0m[38;2;0;0;0m[48;2;238;140;181m▀[0m[38;2;238;140;181m[48;2;238;140;181m▀[0m[38;2;238;140;181m[48;2;238;140;181m▀[0m[38;2;255;173;234m[48;2;238;140;181m▀[0m[38;2;238;140;181m[48;2;238;140;181m▀[0m[38;2;184;106;153m[48;2;255;173;234m▀[0m[38;2;0;0;0m[48;2;0;0;0m▀[0m  
      [38;2;0;0;0m[48;2;0;0;0m▀[0m[38;2;238;140;181m[48;2;255;173;234m▀[0m[38;2;255;173;234m[48;2;206;197;165m▀[0m[38;2;238;140;181m[48;2;255;173;234m▀[0m[38;2;238;140;181m[48;2;255;173;234m▀[0m[38;2;255;173;234m[48;2;206;197;165m▀[0m[38;2;255;173;234m[48;2;206;197;165m▀[0m[38;2;206;197;165m[48;2;254;243;204m▀[0m[38;2;255;173;234m[48;2;174;165;133m▀[0m[38;2;255;173;234m[48;2;206;197;165m▀[0m[38;2;206;197;165m[48;2;254;243;204m▀[0m[38;2;0;0;0m[48;2;65;65;65m▀[0m  
      [38;2;0;0;0m▀[38;2;174;165;133m[48;2;0;0;0m▀[0m[38;2;254;243;204m[48;2;174;165;133m▀[0m[38;2;206;197;165m[48;2;254;243;204m▀[0m[38;2;206;197;165m[48;2;254;243;204m▀[0m[38;2;254;243;204m[48;2;254;243;204m▀[0m[38;2;254;243;204m[48;2;206;197;165m▀[0m[38;2;174;165;133m[48;2;0;0;0m▀[0m[38;2;0;0;0m▀[38;2;0;0;0m▀[38;2;254;243;204m[48;2;0;0;0m▀[0m[38;2;206;197;165m[48;2;206;197;165m▀[0m[38;2;0;0;0m[48;2;0;0;0m▀[0m 
       [38;2;0;0;0m[48;2;0;0;0m▀[0m[38;2;206;197;165m[48;2;115;115;115m▀[0m[38;2;115;115;115m[48;2;0;0;0m▀[0m[38;2;174;165;133m[48;2;0;0;0m▀[0m[38;2;254;243;204m[48;2;254;243;204m▀[0m[38;2;0;0;0m[48;2;0;0;0m▀[0m   [38;2;0;0;0m[48;2;0;0;0m▀[0m[38;2;115;115;115m[48;2;0;0;0m▀[0m[38;2;0;0;0m▀ 
       [38;2;0;0;0m▀[38;2;0;0;0m▀ [38;2;0;0;0m[48;2;0;0;0m▀[0m[38;2;115;115;115m[48;2;0;0;0m▀[0m[38;2;0;0;0m▀       
                                     [0m                                     