    [38;2;0;0;0m[48;2;0;0;0m▀[0m[38;2;0;0;0m[48;2;255;67;86m▀[0m[38;2;0;0;0m▄ [38;2;0;0;0m▄                    
 [38;2;0;0;0m[48;2;0;0;0m▀[0m[38;2;0;0;0m[48;2;255;67;86m▀[0m[38;2;0;0;0m[48;2;255;67;86m▀[0m[38;2;207;47;48m[48;2;255;67;86m▀[0m[38;2;255;67;86m[48;2;255;67;86m▀[0m[38;2;255;67;86m[48;2;207;47;48m▀[0m[38;2;0;0;0m[48;2;208;206;198m▀[0m[38;2;208;206;198m[48;2;208;206;198m▀[0m[38;2;0;0;0m[48;2;0;0;0m▀[0m  [38;2;0;0;0m▄[38;2;0;0;0m▄[38;2;0;0;0m[48;2;208;206;198m▀[0m[38;2;0;0;0m[48;2;0;0;0m▀[0m[38;2;0;0;0m▄[38;2;0;0;0m[48;2;255;67;86m▀[0m[38;2;0;0;0m[48;2;255;67;86m▀[0m[38;2;0;0;0m[48;2;255;67;86m▀[0m[38;2;0;0;0m▄        
  [38;2;0;0;0m▀[38;2;207;47;48m[48;2;0;0;0m▀[0m[38;2;255;67;86m[48;2;255;67;86m▀[0m[38;2;255;67;86m[48;2;207;47;48m▀[0m[38;2;207;47;48m[48;2;208;206;198m▀[0m[38;2;208;206;198m[48;2;208;206;198m▀[0m[38;2;208;206;198m[48;2;169;167;159m▀[0m[38;2;114;112;108m[48;2;114;112;108m▀[0m[38;2;0;0;0m[48;2;65;65;65m▀[0m[38;2;0;0;0m[48;2;208;206;198m▀[0m[38;2;208;206;198m[48;2;208;206;198m▀[0m[38;2;208;206;198m[48;2;131;17;35m▀[0m[38;2;131;17;35m[48;2;207;47;48m▀[0m[38;2;255;67;86m[48;2;255;67;86m▀[0m[38;2;255;67;86m[48;2;255;67;86m▀[0m[38;2;255;67;86m[48;2;193;38;54m▀[0m[38;2;193;38;54m[48;2;255;67;86m▀[0m[38;2;0;0;0m[48;2;255;67;86m▀[0m[38;2;0;0;0m▄[38;2;0;0;0m▄       
  [38;2;0;0;0m▀[38;2;255;67;86m[48;2;0;0;0m▀[0m[38;2;255;67;86m[48;2;193;38;54m▀[0m[38;2;193;38;54m[48;2;193;38;54m▀[0m[38;2;208;206;198m[48;2;169;167;159m▀[0m[38;2;169;167;159m[48;2;208;206;198m▀[0m[38;2;169;167;159m[48;2;208;206;198m▀[0m[38;2;208;206;198m[48;2;208;206;198m▀[0m[38;2;208;206;198m[48;2;208;206;198m▀[0m[38;2;208;206;198m[48;2;208;206;198m▀[0m[38;2;169;167;159m[48;2;131;17;35m▀[0m[38;2;131;17;35m[48;2;255;67;86m▀[0m[38;2;255;67;86m[48;2;255;67;86m▀[0m[38;2;255;67;86m[48;2;255;67;86m▀[0m[38;2;255;67;86m[48;2;255;67;86m▀[0m[38;2;255;67;86m[48;2;255;67;86m▀[0m[38;2;255;67;86m[48;2;255;67;86m▀[0m[38;2;255;67;86m[48;2;207;47;48m▀[0m[38;2;255;67;86m[48;2;0;0;0m▀[0m[38;2;255;67;86m[48;2;0;0;0m▀[0m[38;2;0;0;0m▀      
   [38;2;0;0;0m▄[38;2;0;0;0m[48;2;0;0;0m▀[0m[38;2;193;38;54m[48;2;208;206;198m▀[0m[38;2;208;206;198m[48;2;208;206;198m▀[0m[38;2;208;206;198m[48;2;169;167;159m▀[0m[38;2;208;206;198m[48;2;208;206;198m▀[0m[38;2;208;206;198m[48;2;255;67;86m▀[0m[38;2;208;206;198m[48;2;255;255;255m▀[0m[38;2;208;206;198m[48;2;208;206;198m▀[0m[38;2;207;47;48m[48;2;255;255;255m▀[0m[38;2;207;47;48m[48;2;255;255;255m▀[0m[38;2;255;67;86m[48;2;65;65;65m▀[0m[38;2;255;67;86m[48;2;255;67;86m▀[0m[38;2;255;67;86m[48;2;255;67;86m▀[0m[38;2;255;67;86m[48;2;255;67;86m▀[0m[38;2;255;67;86m[48;2;255;67;86m▀[0m[38;2;255;67;86m[48;2;255;67;86m▀[0m[38;2;0;0;0m[48;2;255;67;86m▀[0m[38;2;0;0;0m▄       
  [38;2;0;0;0m▀[38;2;207;47;48m[48;2;0;0;0m▀[0m[38;2;208;206;198m[48;2;0;0;0m▀[0m[38;2;208;206;198m[48;2;255;255;255m▀[0m[38;2;169;167;159m[48;2;255;255;255m▀[0m[38;2;208;206;198m[48;2;255;255;255m▀[0m[38;2;0;0;0m[48;2;255;255;255m▀[0m[38;2;193;38;54m[48;2;255;255;255m▀[0m[38;2;255;255;255m[48;2;214;214;214m▀[0m[38;2;255;255;255m[48;2;115;115;115m▀[0m[38;2;214;214;214m[48;2;115;115;115m▀[0m[38;2;65;65;65m[48;2;169;167;159m▀[0m[38;2;169;167;159m[48;2;161;117;213m▀[0m[38;2;65;65;65m[48;2;161;117;213m▀[0m[38;2;131;17;35m[48;2;98;74;149m▀[0m[38;2;255;67;86m[48;2;0;0;0m▀[0m[38;2;255;67;86m[48;2;0;0;0m▀[0m[38;2;0;0;0m▀[38;2;0;0;0m▀        
   [38;2;0;0;0m▄[38;2;0;0;0m▄[38;2;0;0;0m[48;2;98;74;149m▀[0m[38;2;98;74;149m[48;2;161;117;213m▀[0m[38;2;98;74;149m[48;2;161;117;213m▀[0m[38;2;98;74;149m[48;2;0;0;0m▀[0m[38;2;114;112;108m[48;2;0;0;0m▀[0m[38;2;114;112;108m[48;2;0;0;0m▀[0m[38;2;169;167;159m[48;2;169;167;159m▀[0m[38;2;169;167;159m[48;2;214;214;214m▀[0m[38;2;169;167;159m[48;2;169;167;159m▀[0m[38;2;98;74;149m[48;2;169;167;159m▀[0m[38;2;161;117;213m[48;2;98;74;149m▀[0m[38;2;161;117;213m[48;2;161;117;213m▀[0m[38;2;161;117;213m[48;2;161;117;213m▀[0m[38;2;98;74;149m[48;2;161;117;213m▀[0m[38;2;0;0;0m[48;2;161;117;213m▀[0m[38;2;0;0;0m[48;2;161;117;213m▀[0m[38;2;0;0;0m▄ [38;2;0;0;0m▄[38;2;0;0;0m[48;2;208;206;198m▀[0m[38;2;0;0;0m[48;2;208;206;198m▀[0m[38;2;0;0;0m[48;2;208;206;198m▀[0m[38;2;0;0;0m▄ 
  [38;2;0;0;0m[48;2;0;0;0m▀[0m[38;2;115;115;115m[48;2;0;0;0m▀[0m[38;2;0;0;0m▀[38;2;161;117;213m[48;2;0;0;0m▀[0m[38;2;161;117;213m[48;2;0;0;0m▀[0m[38;2;0;0;0m▀ [38;2;0;0;0m▄[38;2;0;0;0m▄[38;2;0;0;0m[48;2;156;156;156m▀[0m[38;2;156;156;156m[48;2;156;156;156m▀[0m[38;2;214;214;214m[48;2;214;214;214m▀[0m[38;2;169;167;159m[48;2;65;65;65m▀[0m[38;2;65;65;65m[48;2;115;115;115m▀[0m[38;2;65;65;65m[48;2;115;115;115m▀[0m[38;2;161;117;213m[48;2;65;65;65m▀[0m[38;2;161;117;213m[48;2;98;74;149m▀[0m[38;2;161;117;213m[48;2;98;74;149m▀[0m[38;2;98;74;149m[48;2;114;112;108m▀[0m[38;2;0;0;0m[48;2;208;206;198m▀[0m[38;2;0;0;0m[48;2;208;206;198m▀[0m[38;2;208;206;198m[48;2;208;206;198m▀[0m[38;2;208;206;198m[48;2;208;206;198m▀[0m[38;2;208;206;198m[48;2;0;0;0m▀[0m[38;2;0;0;0m▀  
       [38;2;0;0;0m▄[38;2;0;0;0m[48;2;161;117;213m▀[0m[38;2;188;135;235m[48;2;161;117;213m▀[0m[38;2;161;117;213m[48;2;188;135;235m▀[0m[38;2;161;117;213m[48;2;161;117;213m▀[0m[38;2;214;214;214m[48;2;161;117;213m▀[0m[38;2;98;74;149m[48;2;98;74;149m▀[0m[38;2;65;65;65m[48;2;161;117;213m▀[0m[38;2;115;115;115m[48;2;65;65;65m▀[0m[38;2;65;65;65m[48;2;65;65;65m▀[0m[38;2;161;117;213m[48;2;255;67;86m▀[0m[38;2;161;117;213m[48;2;161;117;213m▀[0m[38;2;98;74;149m[48;2;255;67;86m▀[0m[38;2;169;167;159m[48;2;98;74;149m▀[0m[38;2;169;167;159m[48;2;169;167;159m▀[0m[38;2;208;206;198m[48;2;169;167;159m▀[0m[38;2;208;206;198m[48;2;0;0;0m▀[0m[38;2;169;167;159m[48;2;0;0;0m▀[0m[38;2;0;0;0m▀   
       [38;2;0;0;0m▄[38;2;0;0;0m[48;2;65;65;65m▀[0m[38;2;65;65;65m[48;2;65;65;65m▀[0m[38;2;65;65;65m[48;2;0;0;0m▀[0m[38;2;161;117;213m[48;2;0;0;0m▀[0m[38;2;98;74;149m[48;2;0;0;0m▀[0m[38;2;98;74;149m[48;2;161;117;213m▀[0m[38;2;161;117;213m[48;2;161;117;213m▀[0m[38;2;161;117;213m[48;2;161;117;213m▀[0m[38;2;255;67;86m[48;2;161;117;213m▀[0m[38;2;255;67;86m[48;2;161;117;213m▀[0m[38;2;255;67;86m[48;2;161;117;213m▀[0m[38;2;161;117;213m[48;2;161;117;213m▀[0m[38;2;161;117;213m[48;2;161;117;213m▀[0m[38;2;98;74;149m[48;2;161;117;213m▀[0m[38;2;0;0;0m[48;2;161;117;213m▀[0m[38;2;0;0;0m▄     
        [38;2;0;0;0m▀[38;2;0;0;0m▀  [38;2;0;0;0m▀[38;2;0;0;0m▀[38;2;0;0;0m▀[38;2;98;74;149m[48;2;0;0;0m▀[0m[38;2;161;117;213m[48;2;0;0;0m▀[0m[38;2;0;0;0m[48;2;65;65;65m▀[0m[38;2;65;65;65m[48;2;65;65;65m▀[0m[38;2;0;0;0m[48;2;0;0;0m▀[0m[38;2;161;117;213m[48;2;0;0;0m▀[0m[38;2;0;0;0m▀[38;2;0;0;0m▀      
                            [38;2;0;0;0m▀[38;2;0;0;0m▀                      
                                     [0m                                     