    [38;2;0;0;0m▄[38;2;0;0;0m▄[38;2;0;0;0m[48;2;180;222;238m▀[0m[38;2;0;0;0m[48;2;180;222;238m▀[0m[38;2;0;0;0m[48;2;180;222;238m▀[0m[38;2;0;0;0m[48;2;180;222;238m▀[0m[38;2;0;0;0m▄[38;2;0;0;0m▄    
  [38;2;0;0;0m▄[38;2;0;0;0m[48;2;187;132;224m▀[0m[38;2;180;222;238m[48;2;180;222;238m▀[0m[38;2;180;222;238m[48;2;180;222;238m▀[0m[38;2;180;222;238m[48;2;98;131;139m▀[0m[38;2;98;131;139m[48;2;222;106;69m▀[0m[38;2;98;131;139m[48;2;98;131;139m▀[0m[38;2;180;222;238m[48;2;98;131;139m▀[0m[38;2;180;222;238m[48;2;98;131;139m▀[0m[38;2;180;222;238m[48;2;180;222;238m▀[0m[38;2;0;0;0m[48;2;180;222;238m▀[0m[38;2;0;0;0m▄  
 [38;2;0;0;0m▄[38;2;0;0;0m[48;2;187;132;224m▀[0m[38;2;180;222;238m[48;2;180;222;238m▀[0m[38;2;180;222;238m[48;2;98;131;139m▀[0m[38;2;98;131;139m[48;2;123;156;172m▀[0m[38;2;123;156;172m[48;2;123;156;172m▀[0m[38;2;98;131;139m[48;2;123;156;172m▀[0m[38;2;98;131;139m[48;2;123;156;172m▀[0m[38;2;222;106;69m[48;2;98;131;139m▀[0m[38;2;222;106;69m[48;2;98;131;139m▀[0m[38;2;98;131;139m[48;2;65;65;65m▀[0m[38;2;65;65;65m[48;2;187;132;224m▀[0m[38;2;0;0;0m[48;2;65;65;65m▀[0m[38;2;0;0;0m▄ 
 [38;2;0;0;0m[48;2;0;0;0m▀[0m[38;2;187;132;224m[48;2;187;132;224m▀[0m[38;2;98;131;139m[48;2;98;131;139m▀[0m[38;2;222;106;69m[48;2;222;106;69m▀[0m[38;2;98;131;139m[48;2;98;131;139m▀[0m[38;2;123;156;172m[48;2;123;156;172m▀[0m[38;2;123;156;172m[48;2;123;156;172m▀[0m[38;2;123;156;172m[48;2;98;131;139m▀[0m[38;2;123;156;172m[48;2;98;131;139m▀[0m[38;2;123;156;172m[48;2;98;131;139m▀[0m[38;2;65;65;65m[48;2;65;65;65m▀[0m[38;2;187;132;224m[48;2;187;132;224m▀[0m[38;2;65;65;65m[48;2;65;65;65m▀[0m[38;2;0;0;0m[48;2;0;0;0m▀[0m 
  [38;2;0;0;0m[48;2;0;0;0m▀[0m[38;2;98;131;139m[48;2;152;99;189m▀[0m[38;2;222;106;69m[48;2;98;131;139m▀[0m[38;2;180;222;238m[48;2;222;106;69m▀[0m[38;2;98;131;139m[48;2;98;131;139m▀[0m[38;2;98;131;139m[48;2;180;222;238m▀[0m[38;2;222;106;69m[48;2;222;106;69m▀[0m[38;2;222;106;69m[48;2;222;106;69m▀[0m[38;2;222;106;69m[48;2;65;65;65m▀[0m[38;2;65;65;65m[48;2;187;132;224m▀[0m[38;2;187;132;224m[48;2;65;65;65m▀[0m[38;2;0;0;0m[48;2;0;0;0m▀[0m  
   [38;2;0;0;0m▀[38;2;152;99;189m[48;2;0;0;0m▀[0m[38;2;65;65;65m[48;2;0;0;0m▀[0m[38;2;123;156;172m[48;2;65;65;65m▀[0m[38;2;98;131;139m[48;2;123;156;172m▀[0m[38;2;222;106;69m[48;2;98;131;139m▀[0m[38;2;222;106;69m[48;2;65;65;65m▀[0m[38;2;65;65;65m[48;2;152;99;189m▀[0m[38;2;152;99;189m[48;2;0;0;0m▀[0m[38;2;0;0;0m▀   
    [38;2;0;0;0m▄[38;2;0;0;0m[48;2;152;99;189m▀[0m[38;2;152;99;189m[48;2;65;65;65m▀[0m[38;2;65;65;65m[48;2;152;99;189m▀[0m[38;2;65;65;65m[48;2;187;132;224m▀[0m[38;2;152;99;189m[48;2;65;65;65m▀[0m[38;2;0;0;0m[48;2;187;132;224m▀[0m[38;2;0;0;0m▄    
   [38;2;0;0;0m[48;2;0;0;0m▀[0m[38;2;152;99;189m[48;2;152;99;189m▀[0m[38;2;65;65;65m[48;2;0;0;0m▀[0m[38;2;0;0;0m▀[38;2;187;132;224m[48;2;0;0;0m▀[0m[38;2;98;131;139m[48;2;98;131;139m▀[0m[38;2;187;132;224m[48;2;98;131;139m▀[0m[38;2;65;65;65m[48;2;0;0;0m▀[0m[38;2;187;132;224m[48;2;65;65;65m▀[0m[38;2;0;0;0m[48;2;187;132;224m▀[0m[38;2;0;0;0m▄  
    [38;2;0;0;0m▀   [38;2;0;0;0m▀[38;2;0;0;0m▀ [38;2;0;0;0m[48;2;0;0;0m▀[0m[38;2;187;132;224m[48;2;187;132;224m▀[0m[38;2;0;0;0m[48;2;0;0;0m▀[0m  
           [38;2;0;0;0m▀[38;2;187;132;224m[48;2;0;0;0m▀[0m[38;2;0;0;0m▀  
                                     [0m                                     