           [38;2;0;4;0m▄[38;2;0;4;0m▄[38;2;0;4;0m▄[38;2;0;4;0m▄[38;2;0;4;0m▄[38;2;0;4;0m[48;2;153;159;145m▀[0m[38;2;0;4;0m[48;2;153;159;145m▀[0m[38;2;0;4;0m[48;2;153;159;145m▀[0m[38;2;0;4;0m▄     [38;2;0;4;0m▄[38;2;0;4;0m▄         
      [38;2;0;4;0m▄[38;2;0;4;0m▄[38;2;0;4;0m[48;2;151;157;143m▀[0m[38;2;0;4;0m[48;2;72;78;64m▀[0m[38;2;0;4;0m[48;2;153;159;145m▀[0m[38;2;153;159;145m[48;2;153;159;145m▀[0m[38;2;153;159;145m[48;2;153;159;145m▀[0m[38;2;153;159;145m[48;2;153;159;145m▀[0m[38;2;153;159;145m[48;2;153;159;145m▀[0m[38;2;153;159;145m[48;2;153;159;145m▀[0m[38;2;95;101;87m[48;2;153;159;145m▀[0m[38;2;153;159;145m[48;2;95;101;87m▀[0m[38;2;0;4;0m[48;2;94;100;86m▀[0m[38;2;0;4;0m▄    [38;2;0;4;0m[48;2;0;4;0m▀[0m[38;2;152;158;144m[48;2;95;101;87m▀[0m[38;2;152;158;144m[48;2;95;101;87m▀[0m[38;2;0;4;0m[48;2;47;53;39m▀[0m[38;2;0;4;0m▄       
    [38;2;0;4;0m▄[38;2;0;4;0m[48;2;247;246;245m▀[0m[38;2;202;196;191m[48;2;202;196;191m▀[0m[38;2;153;159;145m[48;2;153;159;145m▀[0m[38;2;210;204;199m[48;2;153;159;145m▀[0m[38;2;210;204;199m[48;2;210;204;199m▀[0m[38;2;202;196;191m[48;2;153;159;145m▀[0m[38;2;153;159;145m[48;2;153;159;145m▀[0m[38;2;153;159;145m[48;2;153;159;145m▀[0m[38;2;153;159;145m[48;2;153;159;145m▀[0m[38;2;153;159;145m[48;2;153;159;145m▀[0m[38;2;153;159;145m[48;2;153;159;145m▀[0m[38;2;153;159;145m[48;2;74;60;66m▀[0m[38;2;74;60;66m[48;2;217;116;126m▀[0m[38;2;94;100;86m[48;2;94;100;86m▀[0m[38;2;0;4;0m[48;2;94;100;86m▀[0m[38;2;0;4;0m▄  [38;2;0;4;0m[48;2;0;4;0m▀[0m[38;2;95;101;87m[48;2;153;159;145m▀[0m[38;2;153;159;145m[48;2;153;159;145m▀[0m[38;2;153;159;145m[48;2;153;159;145m▀[0m[38;2;153;159;145m[48;2;153;159;145m▀[0m[38;2;153;159;145m[48;2;153;159;145m▀[0m[38;2;0;4;0m[48;2;153;159;145m▀[0m[38;2;0;4;0m▄     
  [38;2;0;4;0m▄[38;2;0;4;0m[48;2;247;246;245m▀[0m[38;2;247;246;245m[48;2;247;246;245m▀[0m[38;2;202;196;191m[48;2;247;246;245m▀[0m[38;2;153;159;145m[48;2;202;196;191m▀[0m[38;2;153;159;145m[48;2;202;196;191m▀[0m[38;2;153;159;145m[48;2;153;159;145m▀[0m[38;2;153;159;145m[48;2;153;159;145m▀[0m[38;2;153;159;145m[48;2;153;159;145m▀[0m[38;2;153;159;145m[48;2;153;159;145m▀[0m[38;2;153;159;145m[48;2;153;159;145m▀[0m[38;2;153;159;145m[48;2;95;101;87m▀[0m[38;2;153;159;145m[48;2;0;4;0m▀[0m[38;2;0;4;0m▀[38;2;0;4;0m▀[38;2;206;105;115m[48;2;0;4;0m▀[0m[38;2;94;100;86m[48;2;94;100;86m▀[0m[38;2;94;100;86m[48;2;94;100;86m▀[0m[38;2;0;4;0m[48;2;0;4;0m▀[0m [38;2;0;4;0m[48;2;0;4;0m▀[0m[38;2;94;100;86m[48;2;94;100;86m▀[0m[38;2;153;159;145m[48;2;153;159;145m▀[0m[38;2;153;159;145m[48;2;153;159;145m▀[0m[38;2;153;159;145m[48;2;153;159;145m▀[0m[38;2;153;159;145m[48;2;202;196;191m▀[0m[38;2;202;196;191m[48;2;247;246;245m▀[0m[38;2;202;196;191m[48;2;247;246;245m▀[0m[38;2;151;157;143m[48;2;72;78;64m▀[0m[38;2;0;4;0m[48;2;0;4;0m▀[0m    
 [38;2;0;4;0m▄[38;2;0;4;0m[48;2;247;246;245m▀[0m[38;2;247;246;245m[48;2;247;246;245m▀[0m[38;2;247;246;245m[48;2;247;246;245m▀[0m[38;2;247;246;245m[48;2;247;246;245m▀[0m[38;2;247;246;245m[48;2;247;246;245m▀[0m[38;2;247;246;245m[48;2;247;246;245m▀[0m[38;2;202;196;191m[48;2;202;196;191m▀[0m[38;2;153;159;145m[48;2;153;159;145m▀[0m[38;2;153;159;145m[48;2;0;4;0m▀[0m[38;2;153;159;145m[48;2;0;4;0m▀[0m[38;2;0;4;0m▀[38;2;0;4;0m▀ [38;2;0;4;0m▄[38;2;8;8;0m[48;2;97;103;89m▀[0m[38;2;49;55;41m[48;2;152;158;144m▀[0m[38;2;82;78;68m[48;2;153;159;145m▀[0m[38;2;153;159;145m[48;2;153;159;145m▀[0m[38;2;198;195;173m[48;2;95;101;87m▀[0m[38;2;0;4;0m[48;2;95;101;87m▀[0m[38;2;95;101;87m[48;2;152;158;144m▀[0m[38;2;95;101;87m[48;2;46;52;38m▀[0m[38;2;153;159;145m[48;2;153;159;145m▀[0m[38;2;153;159;145m[48;2;247;246;245m▀[0m[38;2;153;159;145m[48;2;247;246;245m▀[0m[38;2;153;159;145m[48;2;153;159;145m▀[0m[38;2;202;196;191m[48;2;153;159;145m▀[0m[38;2;202;196;191m[48;2;153;159;145m▀[0m[38;2;153;159;145m[48;2;153;159;145m▀[0m[38;2;153;159;145m[48;2;153;159;145m▀[0m[38;2;0;4;0m[48;2;0;4;0m▀[0m   
 [38;2;0;4;0m▀[38;2;183;175;169m[48;2;0;12;8m▀[0m[38;2;236;233;230m[48;2;183;175;169m▀[0m[38;2;247;246;245m[48;2;133;121;109m▀[0m[38;2;247;246;245m[48;2;247;246;245m▀[0m[38;2;247;246;245m[48;2;247;246;245m▀[0m[38;2;247;246;245m[48;2;66;65;66m▀[0m[38;2;247;246;245m[48;2;0;4;0m▀[0m[38;2;0;4;0m▀ [38;2;0;4;0m▀[38;2;0;4;0m[48;2;0;4;0m▀[0m[38;2;0;4;0m▄[38;2;49;20;0m[48;2;116;110;104m▀[0m[38;2;255;255;247m[48;2;116;110;104m▀[0m[38;2;95;101;87m[48;2;153;159;145m▀[0m[38;2;153;159;145m[48;2;153;159;145m▀[0m[38;2;94;100;86m[48;2;255;255;247m▀[0m[38;2;94;100;86m[48;2;0;4;0m▀[0m[38;2;255;251;255m[48;2;0;0;0m▀[0m[38;2;255;251;255m[48;2;85;83;85m▀[0m[38;2;95;101;87m[48;2;95;101;87m▀[0m[38;2;66;65;66m[48;2;66;65;66m▀[0m[38;2;153;159;145m[48;2;153;159;145m▀[0m[38;2;153;159;145m[48;2;202;196;191m▀[0m[38;2;153;159;145m[48;2;202;196;191m▀[0m[38;2;153;159;145m[48;2;153;159;145m▀[0m[38;2;153;159;145m[48;2;210;204;199m▀[0m[38;2;210;204;199m[48;2;210;204;199m▀[0m[38;2;210;204;199m[48;2;210;204;199m▀[0m[38;2;153;159;145m[48;2;210;204;199m▀[0m[38;2;0;4;0m[48;2;247;246;245m▀[0m[38;2;0;4;0m▄  
  [38;2;0;4;0m▀[38;2;197;191;185m[48;2;0;4;0m▀[0m[38;2;131;119;108m[48;2;199;193;187m▀[0m[38;2;199;193;187m[48;2;131;119;108m▀[0m[38;2;197;191;185m[48;2;197;191;185m▀[0m[38;2;0;4;0m[48;2;197;191;185m▀[0m[38;2;0;4;0m▄ [38;2;0;4;0m▀[38;2;0;4;0m▀[38;2;0;8;0m[48;2;0;8;0m▀[0m[38;2;234;230;227m[48;2;174;166;159m▀[0m[38;2;116;110;104m[48;2;255;243;255m▀[0m[38;2;156;162;148m[48;2;135;123;111m▀[0m[38;2;255;178;198m[48;2;204;198;193m▀[0m[38;2;247;246;245m[48;2;204;198;193m▀[0m[38;2;82;52;24m[48;2;173;163;153m▀[0m[38;2;255;251;231m[48;2;173;163;153m▀[0m[38;2;255;255;255m[48;2;247;246;245m▀[0m[38;2;255;255;255m[48;2;247;246;245m▀[0m[38;2;137;127;112m[48;2;198;192;186m▀[0m[38;2;153;159;145m[48;2;198;192;186m▀[0m[38;2;66;65;66m[48;2;66;65;66m▀[0m[38;2;247;246;245m[48;2;247;246;245m▀[0m[38;2;247;246;245m[48;2;247;246;245m▀[0m[38;2;202;196;191m[48;2;247;246;245m▀[0m[38;2;247;246;245m[48;2;247;246;245m▀[0m[38;2;247;246;245m[48;2;247;246;245m▀[0m[38;2;247;246;245m[48;2;247;246;245m▀[0m[38;2;247;246;245m[48;2;247;246;245m▀[0m[38;2;247;246;245m[48;2;247;246;245m▀[0m[38;2;0;4;0m[48;2;247;246;245m▀[0m[38;2;0;4;0m▄ 
    [38;2;0;4;0m▀[38;2;0;4;0m▀[38;2;0;4;0m▀[38;2;0;4;0m▀  [38;2;0;4;0m▄[38;2;0;4;0m▄[38;2;0;4;0m▄[38;2;0;4;0m[48;2;94;100;86m▀[0m[38;2;135;123;111m[48;2;135;123;111m▀[0m[38;2;255;255;255m[48;2;135;123;111m▀[0m[38;2;255;255;255m[48;2;202;196;191m▀[0m[38;2;255;255;255m[48;2;202;196;191m▀[0m[38;2;66;65;66m[48;2;198;192;186m▀[0m[38;2;66;65;66m[48;2;198;192;186m▀[0m[38;2;66;65;66m[48;2;198;192;186m▀[0m[38;2;66;65;66m[48;2;198;192;186m▀[0m[38;2;197;191;185m[48;2;138;133;129m▀[0m[38;2;197;191;185m[48;2;0;4;0m▀[0m[38;2;0;4;0m▀[38;2;0;4;0m▀[38;2;247;246;245m[48;2;0;4;0m▀[0m[38;2;247;246;245m[48;2;247;246;245m▀[0m[38;2;247;246;245m[48;2;247;246;245m▀[0m[38;2;247;246;245m[48;2;133;121;109m▀[0m[38;2;247;246;245m[48;2;247;246;245m▀[0m[38;2;247;246;245m[48;2;202;196;191m▀[0m[38;2;247;246;245m[48;2;135;123;111m▀[0m[38;2;196;190;184m[48;2;196;190;184m▀[0m[38;2;0;4;0m[48;2;0;4;0m▀[0m 
         [38;2;0;4;0m[48;2;0;4;0m▀[0m[38;2;94;100;86m[48;2;94;100;86m▀[0m[38;2;94;100;86m[48;2;94;100;86m▀[0m[38;2;82;77;66m[48;2;98;104;90m▀[0m[38;2;82;77;66m[48;2;225;231;217m▀[0m[38;2;123;117;112m[48;2;225;231;217m▀[0m[38;2;176;168;160m[48;2;123;117;112m▀[0m[38;2;198;192;186m[48;2;138;134;130m▀[0m[38;2;198;192;186m[48;2;138;134;130m▀[0m[38;2;198;192;186m[48;2;66;65;66m▀[0m[38;2;138;134;130m[48;2;66;65;66m▀[0m[38;2;75;81;67m[48;2;152;158;144m▀[0m[38;2;66;56;49m[48;2;152;158;144m▀[0m[38;2;66;65;66m[48;2;153;159;145m▀[0m[38;2;153;159;145m[48;2;153;159;145m▀[0m[38;2;0;4;0m[48;2;0;4;0m▀[0m [38;2;0;4;0m▀[38;2;197;191;185m[48;2;0;4;0m▀[0m[38;2;207;201;196m[48;2;207;201;196m▀[0m[38;2;109;98;87m[48;2;0;8;8m▀[0m[38;2;198;192;186m[48;2;198;192;186m▀[0m[38;2;198;192;186m[48;2;198;192;186m▀[0m[38;2;111;100;89m[48;2;0;8;0m▀[0m[38;2;209;203;198m[48;2;0;8;0m▀[0m[38;2;0;4;0m▀ 
         [38;2;0;4;0m▄[38;2;0;4;8m[48;2;174;165;155m▀[0m[38;2;174;165;155m[48;2;71;62;49m▀[0m[38;2;225;231;217m[48;2;66;65;66m▀[0m[38;2;225;231;217m[48;2;66;65;66m▀[0m[38;2;66;65;66m[48;2;217;178;152m▀[0m[38;2;66;65;66m[48;2;217;178;152m▀[0m[38;2;66;65;66m[48;2;66;65;66m▀[0m[38;2;66;65;66m[48;2;225;231;217m▀[0m[38;2;225;231;217m[48;2;94;100;86m▀[0m[38;2;225;231;217m[48;2;225;231;217m▀[0m[38;2;66;65;66m[48;2;240;246;232m▀[0m[38;2;66;65;66m[48;2;147;153;139m▀[0m[38;2;66;65;66m[48;2;153;159;145m▀[0m[38;2;153;159;145m[48;2;153;159;145m▀[0m[38;2;158;164;150m[48;2;50;56;42m▀[0m[38;2;0;8;0m[48;2;0;8;0m▀[0m [38;2;0;4;0m▀[38;2;0;4;0m▀ [38;2;0;4;0m▀[38;2;0;4;0m▀    
        [38;2;0;8;0m[48;2;0;8;0m▀[0m[38;2;174;166;159m[48;2;234;230;227m▀[0m[38;2;184;175;166m[48;2;197;191;185m▀[0m[38;2;197;191;185m[48;2;163;130;104m▀[0m[38;2;164;130;105m[48;2;215;177;151m▀[0m[38;2;215;177;151m[48;2;215;177;151m▀[0m[38;2;215;177;151m[48;2;215;177;151m▀[0m[38;2;215;177;151m[48;2;215;177;151m▀[0m[38;2;217;178;152m[48;2;217;178;152m▀[0m[38;2;66;65;66m[48;2;217;178;152m▀[0m[38;2;66;65;66m[48;2;137;106;79m▀[0m[38;2;125;131;117m[48;2;66;65;66m▀[0m[38;2;240;246;232m[48;2;66;65;66m▀[0m[38;2;147;153;139m[48;2;66;65;66m▀[0m[38;2;153;159;145m[48;2;66;65;66m▀[0m[38;2;66;65;66m[48;2;116;110;104m▀[0m[38;2;247;246;245m[48;2;247;246;245m▀[0m[38;2;0;4;0m[48;2;247;246;245m▀[0m[38;2;0;4;0m▄         
        [38;2;0;4;0m▀[38;2;247;246;245m[48;2;0;4;0m▀[0m[38;2;197;191;185m[48;2;197;191;185m▀[0m[38;2;137;106;79m[48;2;197;191;185m▀[0m[38;2;217;178;152m[48;2;137;106;79m▀[0m[38;2;217;178;152m[48;2;169;135;110m▀[0m[38;2;169;135;110m[48;2;169;135;110m▀[0m[38;2;217;178;152m[48;2;169;135;110m▀[0m[38;2;217;178;152m[48;2;169;135;110m▀[0m[38;2;169;135;110m[48;2;169;135;110m▀[0m[38;2;136;105;80m[48;2;195;189;183m▀[0m[38;2;195;189;183m[48;2;136;103;78m▀[0m[38;2;247;246;245m[48;2;247;246;245m▀[0m[38;2;247;246;245m[48;2;202;196;191m▀[0m[38;2;247;246;245m[48;2;247;246;245m▀[0m[38;2;247;246;245m[48;2;247;246;245m▀[0m[38;2;247;246;245m[48;2;199;193;187m▀[0m[38;2;199;193;187m[48;2;199;193;187m▀[0m[38;2;0;4;0m[48;2;0;4;0m▀[0m         
          [38;2;0;4;0m▀[38;2;66;64;66m[48;2;0;4;0m▀[0m[38;2;82;81;74m[48;2;112;118;104m▀[0m[38;2;173;139;113m[48;2;82;81;74m▀[0m[38;2;169;135;110m[48;2;74;73;66m▀[0m[38;2;74;73;66m[48;2;74;73;66m▀[0m[38;2;169;135;110m[48;2;0;4;8m▀[0m[38;2;169;135;110m[48;2;104;76;56m▀[0m[38;2;173;139;113m[48;2;82;81;74m▀[0m[38;2;82;81;74m[48;2;112;118;104m▀[0m[38;2;199;193;187m[48;2;82;78;68m▀[0m[38;2;199;193;187m[48;2;82;78;68m▀[0m[38;2;199;193;187m[48;2;82;78;68m▀[0m[38;2;199;193;187m[48;2;82;78;68m▀[0m[38;2;209;203;198m[48;2;76;67;54m▀[0m[38;2;0;8;0m[48;2;0;8;0m▀[0m          
          [38;2;0;4;0m▀[38;2;197;191;185m[48;2;0;4;0m▀[0m[38;2;197;191;185m[48;2;0;4;0m▀[0m[38;2;197;191;185m[48;2;0;4;0m▀[0m[38;2;197;191;185m[48;2;0;4;0m▀[0m[38;2;0;4;0m▀ [38;2;0;4;0m▀[38;2;112;118;104m[48;2;0;4;0m▀[0m[38;2;112;118;104m[48;2;0;4;0m▀[0m[38;2;112;118;104m[48;2;74;65;57m▀[0m[38;2;112;118;104m[48;2;104;97;79m▀[0m[38;2;112;118;104m[48;2;199;193;187m▀[0m[38;2;112;118;104m[48;2;199;193;187m▀[0m[38;2;0;4;0m[48;2;0;4;0m▀[0m           
                    [38;2;0;4;0m▀[38;2;155;148;140m[48;2;0;4;0m▀[0m[38;2;108;100;93m[48;2;0;8;0m▀[0m[38;2;156;149;142m[48;2;0;8;0m▀[0m[38;2;0;4;0m▀           
                                     [0m                                     