             [38;2;0;0;0m▄[38;2;0;0;0m[48;2;74;90;106m▀[0m[38;2;0;0;0m▄  [38;2;0;0;0m▄               [38;2;0;0;0m▄[38;2;0;0;0m▄[38;2;0;0;0m▄     
            [38;2;0;0;0m[48;2;0;0;0m▀[0m[38;2;74;90;106m[48;2;74;90;106m▀[0m[38;2;74;90;106m[48;2;0;0;0m▀[0m[38;2;0;0;0m▀ [38;2;0;0;0m[48;2;0;0;0m▀[0m[38;2;139;139;131m[48;2;139;139;131m▀[0m[38;2;0;0;0m[48;2;0;0;0m▀[0m   [38;2;0;0;0m▄[38;2;0;0;0m[48;2;139;139;131m▀[0m[38;2;0;0;0m[48;2;0;0;0m▀[0m  [38;2;0;0;0m▄ [38;2;0;0;0m▄[38;2;0;0;0m[48;2;252;246;125m▀[0m[38;2;0;0;0m[48;2;252;246;125m▀[0m[38;2;0;0;0m[48;2;156;106;57m▀[0m[38;2;156;106;57m[48;2;252;246;125m▀[0m[38;2;252;246;125m[48;2;252;246;125m▀[0m[38;2;156;106;57m[48;2;252;246;125m▀[0m[38;2;0;0;0m[48;2;0;0;0m▀[0m    
           [38;2;0;0;0m[48;2;0;0;0m▀[0m[38;2;74;90;106m[48;2;74;90;106m▀[0m[38;2;74;90;106m[48;2;0;0;0m▀[0m[38;2;0;0;0m▀ [38;2;0;0;0m▄[38;2;0;0;0m[48;2;139;139;131m▀[0m[38;2;139;139;131m[48;2;139;139;131m▀[0m[38;2;0;0;0m[48;2;0;0;0m▀[0m [38;2;0;0;0m▄[38;2;0;0;0m[48;2;139;139;131m▀[0m[38;2;139;139;131m[48;2;139;139;131m▀[0m[38;2;0;0;0m[48;2;0;0;0m▀[0m  [38;2;0;0;0m[48;2;0;0;0m▀[0m[38;2;139;139;131m[48;2;139;139;131m▀[0m[38;2;0;0;0m[48;2;65;65;65m▀[0m[38;2;255;164;148m[48;2;255;131;98m▀[0m[38;2;252;246;125m[48;2;255;131;98m▀[0m[38;2;156;106;57m[48;2;65;65;65m▀[0m[38;2;255;131;98m[48;2;65;65;65m▀[0m[38;2;255;131;98m[48;2;255;131;98m▀[0m[38;2;252;246;125m[48;2;255;131;98m▀[0m[38;2;252;246;125m[48;2;156;106;57m▀[0m[38;2;156;106;57m[48;2;252;246;125m▀[0m[38;2;0;0;0m[48;2;252;246;125m▀[0m[38;2;0;0;0m[48;2;156;106;57m▀[0m[38;2;0;0;0m▄ 
          [38;2;0;0;0m▄[38;2;0;0;0m[48;2;74;90;106m▀[0m[38;2;74;90;106m[48;2;65;65;65m▀[0m[38;2;65;65;65m[48;2;171;202;24m▀[0m[38;2;0;0;0m[48;2;171;202;24m▀[0m[38;2;0;0;0m[48;2;171;202;24m▀[0m[38;2;0;0;0m[48;2;65;65;65m▀[0m[38;2;139;139;131m[48;2;139;139;131m▀[0m[38;2;139;139;131m[48;2;139;139;131m▀[0m[38;2;65;65;65m[48;2;65;65;65m▀[0m[38;2;0;0;0m[48;2;139;139;131m▀[0m[38;2;139;139;131m[48;2;139;139;131m▀[0m[38;2;139;139;131m[48;2;0;0;0m▀[0m[38;2;0;0;0m▀  [38;2;0;0;0m[48;2;0;0;0m▀[0m[38;2;139;139;131m[48;2;139;139;131m▀[0m[38;2;139;139;131m[48;2;139;139;131m▀[0m[38;2;65;65;65m[48;2;65;65;65m▀[0m[38;2;255;131;98m[48;2;65;65;65m▀[0m[38;2;65;65;65m[48;2;139;139;131m▀[0m[38;2;139;139;131m[48;2;65;65;65m▀[0m[38;2;65;65;65m[48;2;255;131;98m▀[0m[38;2;255;131;98m[48;2;255;131;98m▀[0m[38;2;255;131;98m[48;2;156;106;57m▀[0m[38;2;156;106;57m[48;2;255;131;98m▀[0m[38;2;255;131;98m[48;2;255;131;98m▀[0m[38;2;255;164;148m[48;2;255;131;98m▀[0m[38;2;252;246;125m[48;2;255;131;98m▀[0m[38;2;0;0;0m[48;2;0;0;0m▀[0m 
         [38;2;0;0;0m▄[38;2;0;0;0m[48;2;171;202;24m▀[0m[38;2;65;65;65m[48;2;171;202;24m▀[0m[38;2;171;202;24m[48;2;171;202;24m▀[0m[38;2;171;202;24m[48;2;171;202;24m▀[0m[38;2;171;202;24m[48;2;171;202;24m▀[0m[38;2;171;202;24m[48;2;65;65;65m▀[0m[38;2;65;65;65m[48;2;171;202;24m▀[0m[38;2;139;139;131m[48;2;139;139;131m▀[0m[38;2;65;65;65m[48;2;65;65;65m▀[0m[38;2;139;139;131m[48;2;139;139;131m▀[0m[38;2;139;139;131m[48;2;65;65;65m▀[0m[38;2;65;65;65m[48;2;171;202;24m▀[0m[38;2;0;0;0m[48;2;171;202;24m▀[0m[38;2;0;0;0m▄ [38;2;0;0;0m▄[38;2;0;0;0m[48;2;139;139;131m▀[0m[38;2;139;139;131m[48;2;139;139;131m▀[0m[38;2;65;65;65m[48;2;65;65;65m▀[0m[38;2;65;65;65m[48;2;139;139;131m▀[0m[38;2;139;139;131m[48;2;139;139;131m▀[0m[38;2;139;139;131m[48;2;65;65;65m▀[0m[38;2;65;65;65m[48;2;255;131;98m▀[0m[38;2;255;131;98m[48;2;255;131;98m▀[0m[38;2;255;131;98m[48;2;156;106;57m▀[0m[38;2;156;106;57m[48;2;255;131;98m▀[0m[38;2;255;131;98m[48;2;255;131;98m▀[0m[38;2;255;131;98m[48;2;255;131;98m▀[0m[38;2;255;131;98m[48;2;255;131;98m▀[0m[38;2;0;0;0m[48;2;0;0;0m▀[0m  
         [38;2;0;0;0m[48;2;0;0;0m▀[0m[38;2;171;202;24m[48;2;107;131;1m▀[0m[38;2;171;202;24m[48;2;0;0;0m▀[0m[38;2;107;131;1m[48;2;255;255;255m▀[0m[38;2;107;131;1m[48;2;255;255;255m▀[0m[38;2;65;65;65m[48;2;65;65;65m▀[0m[38;2;171;202;24m[48;2;171;202;24m▀[0m[38;2;171;202;24m[48;2;171;202;24m▀[0m[38;2;65;65;65m[48;2;171;202;24m▀[0m[38;2;139;139;131m[48;2;65;65;65m▀[0m[38;2;65;65;65m[48;2;171;202;24m▀[0m[38;2;171;202;24m[48;2;171;202;24m▀[0m[38;2;171;202;24m[48;2;171;202;24m▀[0m[38;2;171;202;24m[48;2;171;202;24m▀[0m[38;2;0;0;0m[48;2;171;202;24m▀[0m[38;2;0;0;0m▄[38;2;0;0;0m[48;2;65;65;65m▀[0m[38;2;139;139;131m[48;2;139;139;131m▀[0m[38;2;65;65;65m[48;2;65;65;65m▀[0m[38;2;139;139;131m[48;2;139;139;131m▀[0m[38;2;139;139;131m[48;2;65;65;65m▀[0m[38;2;65;65;65m[48;2;65;65;65m▀[0m[38;2;65;65;65m[48;2;203;229;59m▀[0m[38;2;255;131;98m[48;2;107;131;1m▀[0m[38;2;156;106;57m[48;2;107;131;1m▀[0m[38;2;255;131;98m[48;2;255;131;98m▀[0m[38;2;255;131;98m[48;2;255;131;98m▀[0m[38;2;255;131;98m[48;2;255;131;98m▀[0m[38;2;255;131;98m[48;2;0;0;0m▀[0m[38;2;0;0;0m▀   
       [38;2;0;0;0m▄[38;2;0;0;0m▄[38;2;0;0;0m[48;2;219;201;100m▀[0m[38;2;219;201;100m[48;2;219;201;100m▀[0m[38;2;0;0;0m[48;2;107;131;1m▀[0m[38;2;255;255;255m[48;2;171;202;24m▀[0m[38;2;65;65;65m[48;2;65;65;65m▀[0m[38;2;107;131;1m[48;2;255;255;255m▀[0m[38;2;171;202;24m[48;2;107;131;1m▀[0m[38;2;171;202;24m[48;2;171;202;24m▀[0m[38;2;171;202;24m[48;2;171;202;24m▀[0m[38;2;171;202;24m[48;2;171;202;24m▀[0m[38;2;171;202;24m[48;2;171;202;24m▀[0m[38;2;171;202;24m[48;2;171;202;24m▀[0m[38;2;171;202;24m[48;2;107;131;1m▀[0m[38;2;171;202;24m[48;2;65;65;65m▀[0m[38;2;65;65;65m[48;2;171;202;24m▀[0m[38;2;171;202;24m[48;2;171;202;24m▀[0m[38;2;65;65;65m[48;2;65;65;65m▀[0m[38;2;65;65;65m[48;2;65;65;65m▀[0m[38;2;139;139;131m[48;2;65;65;65m▀[0m[38;2;65;65;65m[48;2;171;202;24m▀[0m[38;2;65;65;65m[48;2;171;202;24m▀[0m[38;2;171;202;24m[48;2;171;202;24m▀[0m[38;2;65;65;65m[48;2;171;202;24m▀[0m[38;2;203;229;59m[48;2;65;65;65m▀[0m[38;2;203;229;59m[48;2;203;229;59m▀[0m[38;2;107;131;1m[48;2;203;229;59m▀[0m[38;2;255;131;98m[48;2;0;0;0m▀[0m[38;2;0;0;0m▀     
   [38;2;0;0;0m▄[38;2;0;0;0m▄[38;2;0;0;0m[48;2;219;201;100m▀[0m[38;2;0;0;0m[48;2;219;201;100m▀[0m[38;2;219;201;100m[48;2;219;201;100m▀[0m[38;2;219;201;100m[48;2;150;134;68m▀[0m[38;2;219;201;100m[48;2;0;0;0m▀[0m[38;2;150;134;68m[48;2;0;0;0m▀[0m[38;2;0;0;0m▀[38;2;171;202;24m[48;2;0;0;0m▀[0m[38;2;65;65;65m[48;2;0;0;0m▀[0m[38;2;255;255;255m[48;2;65;65;65m▀[0m[38;2;107;131;1m[48;2;107;131;1m▀[0m[38;2;107;131;1m[48;2;252;246;125m▀[0m[38;2;171;202;24m[48;2;107;131;1m▀[0m[38;2;0;0;0m[48;2;0;0;0m▀[0m[38;2;107;131;1m[48;2;255;255;255m▀[0m[38;2;255;255;255m[48;2;255;255;255m▀[0m[38;2;255;255;255m[48;2;65;65;65m▀[0m[38;2;65;65;65m[48;2;171;202;24m▀[0m[38;2;171;202;24m[48;2;107;131;1m▀[0m[38;2;171;202;24m[48;2;171;202;24m▀[0m[38;2;171;202;24m[48;2;171;202;24m▀[0m[38;2;65;65;65m[48;2;171;202;24m▀[0m[38;2;171;202;24m[48;2;171;202;24m▀[0m[38;2;171;202;24m[48;2;171;202;24m▀[0m[38;2;171;202;24m[48;2;171;202;24m▀[0m[38;2;171;202;24m[48;2;171;202;24m▀[0m[38;2;171;202;24m[48;2;171;202;24m▀[0m[38;2;65;65;65m[48;2;171;202;24m▀[0m[38;2;203;229;59m[48;2;65;65;65m▀[0m[38;2;203;229;59m[48;2;171;202;24m▀[0m[38;2;171;202;24m[48;2;171;202;24m▀[0m[38;2;0;0;0m[48;2;0;0;0m▀[0m     
 [38;2;0;0;0m▄[38;2;0;0;0m[48;2;219;201;100m▀[0m[38;2;219;201;100m[48;2;219;201;100m▀[0m[38;2;219;201;100m[48;2;0;0;0m▀[0m[38;2;219;201;100m[48;2;0;0;0m▀[0m[38;2;0;0;0m▀[38;2;0;0;0m▀[38;2;0;0;0m▀    [38;2;0;0;0m▄[38;2;0;0;0m[48;2;252;246;125m▀[0m[38;2;252;246;125m[48;2;252;246;125m▀[0m[38;2;252;246;125m[48;2;252;246;125m▀[0m[38;2;252;246;125m[48;2;252;246;125m▀[0m[38;2;107;131;1m[48;2;252;246;125m▀[0m[38;2;171;202;24m[48;2;107;131;1m▀[0m[38;2;171;202;24m[48;2;171;202;24m▀[0m[38;2;171;202;24m[48;2;65;65;65m▀[0m[38;2;65;65;65m[48;2;65;65;65m▀[0m[38;2;255;255;255m[48;2;255;255;255m▀[0m[38;2;0;0;0m[48;2;0;0;0m▀[0m[38;2;171;202;24m[48;2;107;131;1m▀[0m[38;2;107;131;1m[48;2;107;131;1m▀[0m[38;2;171;202;24m[48;2;0;0;0m▀[0m[38;2;171;202;24m[48;2;107;131;1m▀[0m[38;2;107;131;1m[48;2;255;255;255m▀[0m[38;2;107;131;1m[48;2;255;255;255m▀[0m[38;2;171;202;24m[48;2;171;202;24m▀[0m[38;2;65;65;65m[48;2;171;202;24m▀[0m[38;2;171;202;24m[48;2;65;65;65m▀[0m[38;2;171;202;24m[48;2;171;202;24m▀[0m[38;2;171;202;24m[48;2;171;202;24m▀[0m[38;2;0;0;0m[48;2;0;0;0m▀[0m     
  [38;2;0;0;0m▀[38;2;0;0;0m▀       [38;2;0;0;0m▄[38;2;0;0;0m[48;2;252;246;125m▀[0m[38;2;252;246;125m[48;2;252;246;125m▀[0m[38;2;252;246;125m[48;2;252;246;125m▀[0m[38;2;252;246;125m[48;2;150;134;68m▀[0m[38;2;150;134;68m[48;2;0;0;0m▀[0m[38;2;0;0;0m▀[38;2;0;0;0m▀[38;2;65;65;65m[48;2;0;0;0m▀[0m[38;2;65;65;65m[48;2;65;65;65m▀[0m[38;2;65;65;65m[48;2;65;65;65m▀[0m[38;2;65;65;65m[48;2;65;65;65m▀[0m[38;2;65;65;65m[48;2;65;65;65m▀[0m[38;2;252;246;125m[48;2;252;246;125m▀[0m[38;2;252;246;125m[48;2;252;246;125m▀[0m[38;2;107;131;1m[48;2;252;246;125m▀[0m[38;2;0;0;0m[48;2;107;131;1m▀[0m[38;2;255;255;255m[48;2;171;202;24m▀[0m[38;2;255;255;255m[48;2;171;202;24m▀[0m[38;2;171;202;24m[48;2;171;202;24m▀[0m[38;2;171;202;24m[48;2;65;65;65m▀[0m[38;2;65;65;65m[48;2;107;131;1m▀[0m[38;2;171;202;24m[48;2;107;131;1m▀[0m[38;2;171;202;24m[48;2;171;202;24m▀[0m[38;2;0;0;0m[48;2;0;0;0m▀[0m      
         [38;2;0;0;0m▄[38;2;0;0;0m[48;2;252;246;125m▀[0m[38;2;252;246;125m[48;2;252;246;125m▀[0m[38;2;252;246;125m[48;2;0;0;0m▀[0m[38;2;252;246;125m[48;2;0;0;0m▀[0m[38;2;0;0;0m▀[38;2;0;0;0m▀    [38;2;0;0;0m▀[38;2;0;0;0m▀[38;2;65;65;65m[48;2;0;0;0m▀[0m[38;2;252;246;125m[48;2;252;246;125m▀[0m[38;2;252;246;125m[48;2;252;246;125m▀[0m[38;2;252;246;125m[48;2;150;134;68m▀[0m[38;2;150;134;68m[48;2;65;65;65m▀[0m[38;2;219;201;100m[48;2;65;65;65m▀[0m[38;2;65;65;65m[48;2;65;65;65m▀[0m[38;2;65;65;65m[48;2;65;65;65m▀[0m[38;2;65;65;65m[48;2;65;65;65m▀[0m[38;2;107;131;1m[48;2;65;65;65m▀[0m[38;2;107;131;1m[48;2;65;65;65m▀[0m[38;2;65;65;65m[48;2;65;65;65m▀[0m[38;2;0;0;0m[48;2;0;0;0m▀[0m       
         [38;2;0;0;0m▀[38;2;252;246;125m[48;2;0;0;0m▀[0m[38;2;0;0;0m▀         [38;2;0;0;0m[48;2;0;0;0m▀[0m[38;2;252;246;125m[48;2;252;246;125m▀[0m[38;2;252;246;125m[48;2;252;246;125m▀[0m[38;2;65;65;65m[48;2;65;65;65m▀[0m[38;2;65;65;65m[48;2;65;65;65m▀[0m[38;2;65;65;65m[48;2;219;201;100m▀[0m[38;2;65;65;65m[48;2;0;0;0m▀[0m[38;2;0;0;0m▀[38;2;0;0;0m▀[38;2;65;65;65m[48;2;0;0;0m▀[0m[38;2;65;65;65m[48;2;0;0;0m▀[0m[38;2;65;65;65m[48;2;65;65;65m▀[0m[38;2;0;0;0m[48;2;0;0;0m▀[0m        
                    [38;2;0;0;0m[48;2;0;0;0m▀[0m[38;2;252;246;125m[48;2;252;246;125m▀[0m[38;2;252;246;125m[48;2;65;65;65m▀[0m[38;2;65;65;65m[48;2;219;201;100m▀[0m[38;2;65;65;65m[48;2;219;201;100m▀[0m[38;2;219;201;100m[48;2;150;144;23m▀[0m[38;2;219;201;100m[48;2;219;201;100m▀[0m[38;2;0;0;0m[48;2;219;201;100m▀[0m[38;2;0;0;0m▄ [38;2;0;0;0m▄[38;2;0;0;0m▄[38;2;0;0;0m[48;2;219;201;100m▀[0m[38;2;219;201;100m[48;2;219;201;100m▀[0m[38;2;0;0;0m[48;2;0;0;0m▀[0m       
                   [38;2;0;0;0m▄[38;2;0;0;0m[48;2;238;238;238m▀[0m[38;2;65;65;65m[48;2;219;201;100m▀[0m[38;2;219;201;100m[48;2;150;144;23m▀[0m[38;2;150;144;23m[48;2;219;201;100m▀[0m[38;2;150;144;23m[48;2;219;201;100m▀[0m[38;2;219;201;100m[48;2;219;201;100m▀[0m[38;2;219;201;100m[48;2;65;65;65m▀[0m[38;2;65;65;65m[48;2;219;201;100m▀[0m[38;2;65;65;65m[48;2;150;144;23m▀[0m[38;2;0;0;0m[48;2;252;246;125m▀[0m[38;2;252;246;125m[48;2;252;246;125m▀[0m[38;2;252;246;125m[48;2;150;144;23m▀[0m[38;2;252;246;125m[48;2;252;246;125m▀[0m[38;2;0;0;0m[48;2;0;0;0m▀[0m        
                    [38;2;0;0;0m▀[38;2;0;0;0m▀[38;2;238;238;238m[48;2;0;0;0m▀[0m[38;2;219;201;100m[48;2;0;0;0m▀[0m[38;2;0;0;0m▀[38;2;0;0;0m▀[38;2;255;255;255m[48;2;0;0;0m▀[0m[38;2;150;144;23m[48;2;150;144;23m▀[0m[38;2;252;246;125m[48;2;252;246;125m▀[0m[38;2;252;246;125m[48;2;0;0;0m▀[0m[38;2;150;144;23m[48;2;150;144;23m▀[0m[38;2;252;246;125m[48;2;252;246;125m▀[0m[38;2;252;246;125m[48;2;0;0;0m▀[0m[38;2;0;0;0m▀        
                          [38;2;0;0;0m▀[38;2;255;255;255m[48;2;0;0;0m▀[0m[38;2;0;0;0m▀ [38;2;0;0;0m▀[38;2;255;255;255m[48;2;0;0;0m▀[0m[38;2;0;0;0m▀         
                                     [0m                                     