      [38;2;0;0;0m▄[38;2;0;0;0m[48;2;111;69;132m▀[0m[38;2;0;0;0m[48;2;111;69;132m▀[0m[38;2;0;0;0m[48;2;111;69;132m▀[0m[38;2;0;0;0m▄                      
     [38;2;0;0;0m▄[38;2;0;0;0m[48;2;111;69;132m▀[0m[38;2;111;69;132m[48;2;0;0;0m▀[0m[38;2;0;0;0m▀[38;2;0;0;0m[48;2;0;0;0m▀[0m[38;2;0;0;0m[48;2;131;117;54m▀[0m[38;2;0;0;0m[48;2;131;117;54m▀[0m[38;2;0;0;0m▄   [38;2;0;0;0m▄[38;2;0;0;0m▄   [38;2;0;0;0m▄[38;2;0;0;0m▄[38;2;0;0;0m[48;2;137;95;158m▀[0m[38;2;0;0;0m[48;2;137;95;158m▀[0m[38;2;0;0;0m▄       
    [38;2;0;0;0m▄[38;2;0;0;0m[48;2;111;69;132m▀[0m[38;2;111;69;132m[48;2;0;0;0m▀[0m[38;2;0;0;0m▀ [38;2;0;0;0m▀[38;2;131;117;54m[48;2;0;0;0m▀[0m[38;2;65;65;65m[48;2;240;240;106m▀[0m[38;2;131;117;54m[48;2;65;65;65m▀[0m[38;2;0;0;0m[48;2;65;65;65m▀[0m[38;2;0;0;0m[48;2;131;117;54m▀[0m[38;2;0;0;0m[48;2;0;0;0m▀[0m[38;2;182;184;177m[48;2;182;184;177m▀[0m[38;2;182;184;177m[48;2;182;184;177m▀[0m[38;2;0;0;0m[48;2;182;184;177m▀[0m[38;2;0;0;0m[48;2;65;65;65m▀[0m[38;2;0;0;0m[48;2;135;135;127m▀[0m[38;2;135;135;127m[48;2;182;184;177m▀[0m[38;2;182;184;177m[48;2;135;135;127m▀[0m[38;2;0;0;0m[48;2;0;0;0m▀[0m[38;2;0;0;0m▀[38;2;137;95;158m[48;2;0;0;0m▀[0m[38;2;0;0;0m[48;2;137;95;158m▀[0m[38;2;0;0;0m▄     
   [38;2;0;0;0m▄[38;2;0;0;0m[48;2;111;69;132m▀[0m[38;2;111;69;132m[48;2;0;0;0m▀[0m[38;2;0;0;0m▀   [38;2;0;0;0m[48;2;0;0;0m▀[0m[38;2;65;65;65m[48;2;160;80;87m▀[0m[38;2;65;65;65m[48;2;65;65;65m▀[0m[38;2;160;80;87m[48;2;65;65;65m▀[0m[38;2;65;65;65m[48;2;0;0;0m▀[0m[38;2;0;0;0m[48;2;158;66;74m▀[0m[38;2;161;150;97m[48;2;197;80;91m▀[0m[38;2;182;184;177m[48;2;161;150;97m▀[0m[38;2;161;150;97m[48;2;243;232;109m▀[0m[38;2;161;150;97m[48;2;232;214;64m▀[0m[38;2;182;184;177m[48;2;161;150;97m▀[0m[38;2;135;135;127m[48;2;0;0;0m▀[0m[38;2;0;0;0m▀   [38;2;0;0;0m[48;2;0;0;0m▀[0m[38;2;137;95;158m[48;2;137;95;158m▀[0m[38;2;0;0;0m[48;2;137;95;158m▀[0m[38;2;0;0;0m▄   
 [38;2;0;0;0m▄[38;2;0;0;0m[48;2;111;69;132m▀[0m[38;2;111;69;132m[48;2;111;69;132m▀[0m[38;2;111;69;132m[48;2;0;0;0m▀[0m[38;2;0;0;0m▀   [38;2;0;0;0m[48;2;0;0;0m▀[0m[38;2;131;117;54m[48;2;131;117;54m▀[0m[38;2;65;65;65m[48;2;0;0;0m▀[0m[38;2;131;117;54m[48;2;131;117;54m▀[0m[38;2;131;117;54m[48;2;131;117;54m▀[0m[38;2;0;0;0m[48;2;0;0;0m▀[0m[38;2;197;80;91m[48;2;131;117;54m▀[0m[38;2;158;66;74m[48;2;131;117;54m▀[0m[38;2;131;117;54m[48;2;161;150;97m▀[0m[38;2;232;214;64m[48;2;131;117;54m▀[0m[38;2;243;232;109m[48;2;131;117;54m▀[0m[38;2;131;117;54m[48;2;161;150;97m▀[0m[38;2;0;0;0m[48;2;135;135;127m▀[0m[38;2;0;0;0m▄    [38;2;0;0;0m[48;2;0;0;0m▀[0m[38;2;137;95;158m[48;2;137;95;158m▀[0m[38;2;137;95;158m[48;2;137;95;158m▀[0m[38;2;0;0;0m[48;2;0;0;0m▀[0m  
 [38;2;0;0;0m[48;2;0;0;0m▀[0m[38;2;111;69;132m[48;2;111;69;132m▀[0m[38;2;111;69;132m[48;2;111;69;132m▀[0m[38;2;0;0;0m[48;2;111;69;132m▀[0m[38;2;0;0;0m▄   [38;2;0;0;0m▀[38;2;0;0;0m▀ [38;2;0;0;0m[48;2;0;0;0m▀[0m[38;2;0;0;0m[48;2;200;188;125m▀[0m[38;2;197;80;91m[48;2;65;65;65m▀[0m[38;2;161;150;97m[48;2;197;80;91m▀[0m[38;2;161;150;97m[48;2;131;117;54m▀[0m[38;2;158;66;74m[48;2;197;80;91m▀[0m[38;2;197;80;91m[48;2;158;66;74m▀[0m[38;2;161;150;97m[48;2;131;117;54m▀[0m[38;2;182;184;177m[48;2;182;184;177m▀[0m[38;2;182;184;177m[48;2;182;184;177m▀[0m[38;2;0;0;0m[48;2;0;0;0m▀[0m     [38;2;0;0;0m[48;2;0;0;0m▀[0m[38;2;137;95;158m[48;2;137;95;158m▀[0m[38;2;137;95;158m[48;2;137;95;158m▀[0m[38;2;0;0;0m[48;2;0;0;0m▀[0m 
  [38;2;0;0;0m[48;2;0;0;0m▀[0m[38;2;111;69;132m[48;2;111;69;132m▀[0m[38;2;111;69;132m[48;2;111;69;132m▀[0m[38;2;0;0;0m[48;2;111;69;132m▀[0m[38;2;0;0;0m▄   [38;2;0;0;0m▄[38;2;0;0;0m[48;2;200;188;125m▀[0m[38;2;200;188;125m[48;2;200;188;125m▀[0m[38;2;131;117;54m[48;2;200;188;125m▀[0m[38;2;200;188;125m[48;2;161;150;97m▀[0m[38;2;161;150;97m[48;2;0;0;0m▀[0m[38;2;0;0;0m[48;2;131;117;54m▀[0m[38;2;0;0;0m[48;2;161;150;97m▀[0m[38;2;0;0;0m[48;2;0;0;0m▀[0m[38;2;0;0;0m▀[38;2;0;0;0m[48;2;0;0;0m▀[0m[38;2;182;184;177m[48;2;182;184;177m▀[0m[38;2;0;0;0m[48;2;0;0;0m▀[0m    [38;2;0;0;0m▄[38;2;0;0;0m[48;2;137;95;158m▀[0m[38;2;137;95;158m[48;2;137;95;158m▀[0m[38;2;137;95;158m[48;2;137;95;158m▀[0m[38;2;0;0;0m[48;2;0;0;0m▀[0m 
   [38;2;0;0;0m[48;2;0;0;0m▀[0m[38;2;111;69;132m[48;2;111;69;132m▀[0m[38;2;111;69;132m[48;2;204;204;17m▀[0m[38;2;111;69;132m[48;2;111;69;132m▀[0m[38;2;0;0;0m[48;2;111;69;132m▀[0m[38;2;0;0;0m▄[38;2;0;0;0m[48;2;200;188;125m▀[0m[38;2;200;188;125m[48;2;161;150;97m▀[0m[38;2;161;150;97m[48;2;200;188;125m▀[0m[38;2;200;188;125m[48;2;161;150;97m▀[0m[38;2;161;150;97m[48;2;0;0;0m▀[0m[38;2;0;0;0m[48;2;131;117;54m▀[0m[38;2;0;0;0m[48;2;131;117;54m▀[0m[38;2;161;150;97m[48;2;0;0;0m▀[0m[38;2;131;117;54m[48;2;161;150;97m▀[0m[38;2;161;150;97m[48;2;131;117;54m▀[0m[38;2;0;0;0m[48;2;161;150;97m▀[0m[38;2;0;0;0m▄[38;2;0;0;0m▀    [38;2;0;0;0m▄[38;2;0;0;0m[48;2;240;240;106m▀[0m[38;2;137;95;158m[48;2;137;95;158m▀[0m[38;2;137;95;158m[48;2;240;240;106m▀[0m[38;2;137;95;158m[48;2;0;0;0m▀[0m[38;2;0;0;0m▀ 
    [38;2;0;0;0m[48;2;0;0;0m▀[0m[38;2;111;69;132m[48;2;204;204;17m▀[0m[38;2;204;204;17m[48;2;204;204;17m▀[0m[38;2;204;204;17m[48;2;204;204;17m▀[0m[38;2;0;0;0m[48;2;0;0;0m▀[0m[38;2;200;188;125m[48;2;0;0;0m▀[0m[38;2;200;188;125m[48;2;0;0;0m▀[0m[38;2;161;150;97m[48;2;0;0;0m▀[0m[38;2;0;0;0m▀ [38;2;0;0;0m[48;2;0;0;0m▀[0m[38;2;131;117;54m[48;2;131;117;54m▀[0m[38;2;0;0;0m[48;2;131;117;54m▀[0m[38;2;0;0;0m[48;2;0;0;0m▀[0m[38;2;161;150;97m[48;2;0;0;0m▀[0m[38;2;131;117;54m[48;2;161;150;97m▀[0m[38;2;161;150;97m[48;2;161;150;97m▀[0m[38;2;0;0;0m[48;2;0;0;0m▀[0m   [38;2;0;0;0m▄[38;2;0;0;0m[48;2;240;240;106m▀[0m[38;2;137;95;158m[48;2;240;240;106m▀[0m[38;2;240;240;106m[48;2;240;240;106m▀[0m[38;2;240;240;106m[48;2;240;240;106m▀[0m[38;2;0;0;0m[48;2;0;0;0m▀[0m  
    [38;2;0;0;0m▀[38;2;204;204;17m[48;2;0;0;0m▀[0m[38;2;204;204;17m[48;2;204;204;17m▀[0m[38;2;204;204;17m[48;2;204;204;17m▀[0m[38;2;204;204;17m[48;2;0;0;0m▀[0m[38;2;204;204;17m[48;2;0;0;0m▀[0m[38;2;0;0;0m▀    [38;2;0;0;0m▀[38;2;131;117;54m[48;2;0;0;0m▀[0m[38;2;0;0;0m▀ [38;2;0;0;0m▀[38;2;0;0;0m▀[38;2;0;0;0m▀  [38;2;0;0;0m▄[38;2;0;0;0m[48;2;240;240;106m▀[0m[38;2;240;240;106m[48;2;137;95;158m▀[0m[38;2;240;240;106m[48;2;240;240;106m▀[0m[38;2;240;240;106m[48;2;137;95;158m▀[0m[38;2;240;240;106m[48;2;240;240;106m▀[0m[38;2;0;0;0m[48;2;0;0;0m▀[0m  
      [38;2;0;0;0m▀[38;2;0;0;0m▀               [38;2;0;0;0m▀[38;2;240;240;106m[48;2;0;0;0m▀[0m[38;2;65;65;65m[48;2;0;0;0m▀[0m[38;2;240;240;106m[48;2;240;240;106m▀[0m[38;2;65;65;65m[48;2;65;65;65m▀[0m[38;2;240;240;106m[48;2;240;240;106m▀[0m[38;2;0;0;0m[48;2;0;0;0m▀[0m   
                             [38;2;0;0;0m▀[38;2;0;0;0m▀[38;2;0;0;0m▀       
                                     [0m                                     