         [38;2;0;0;0m▄[38;2;0;0;0m[48;2;232;232;232m▀[0m[38;2;0;0;0m[48;2;0;0;0m▀[0m                             
    [38;2;0;0;0m▄[38;2;0;0;0m[48;2;232;232;232m▀[0m[38;2;0;0;8m▄ [38;2;0;0;0m[48;2;0;0;0m▀[0m[38;2;232;232;232m[48;2;232;232;232m▀[0m[38;2;232;232;232m[48;2;0;0;8m▀[0m[38;2;0;0;0m▀[38;2;0;0;0m▄[38;2;0;0;0m[48;2;232;232;232m▀[0m[38;2;0;0;0m[48;2;232;232;232m▀[0m[38;2;0;0;0m[48;2;0;0;0m▀[0m                         
   [38;2;0;4;16m▄[38;2;0;0;0m[48;2;44;44;44m▀[0m[38;2;232;232;232m[48;2;232;232;232m▀[0m[38;2;89;89;89m[48;2;66;65;66m▀[0m[38;2;0;0;0m[48;2;232;232;232m▀[0m[38;2;232;232;232m[48;2;232;232;232m▀[0m[38;2;232;232;232m[48;2;66;65;66m▀[0m[38;2;89;89;89m[48;2;232;232;232m▀[0m[38;2;0;0;0m[48;2;232;232;232m▀[0m[38;2;232;232;232m[48;2;232;232;232m▀[0m[38;2;232;232;232m[48;2;66;65;66m▀[0m[38;2;0;0;0m[48;2;66;65;66m▀[0m[38;2;0;0;0m▄[38;2;0;0;0m▄[38;2;0;0;0m▄                       
   [38;2;0;4;16m[48;2;0;0;0m▀[0m[38;2;121;121;121m[48;2;232;232;232m▀[0m[38;2;232;232;232m[48;2;170;168;159m▀[0m[38;2;232;232;232m[48;2;232;232;232m▀[0m[38;2;232;232;232m[48;2;170;168;159m▀[0m[38;2;170;168;159m[48;2;170;168;159m▀[0m[38;2;232;232;232m[48;2;232;232;232m▀[0m[38;2;232;232;232m[48;2;170;168;159m▀[0m[38;2;232;232;232m[48;2;232;232;232m▀[0m[38;2;66;65;66m[48;2;232;232;232m▀[0m[38;2;232;232;232m[48;2;232;232;232m▀[0m[38;2;232;232;232m[48;2;232;232;232m▀[0m[38;2;232;232;232m[48;2;66;66;66m▀[0m[38;2;232;232;232m[48;2;0;0;0m▀[0m[38;2;0;0;0m▀ [38;2;0;0;0m▄[38;2;0;0;0m[48;2;107;99;100m▀[0m[38;2;0;0;0m[48;2;0;0;0m▀[0m   [38;2;0;0;0m▄[38;2;0;0;0m▄   [38;2;0;0;0m▄[38;2;0;0;0m▄         
    [38;2;0;0;0m[48;2;0;0;0m▀[0m[38;2;170;168;159m[48;2;113;112;105m▀[0m[38;2;170;168;159m[48;2;167;165;155m▀[0m[38;2;170;168;159m[48;2;170;168;159m▀[0m[38;2;170;168;159m[48;2;170;168;159m▀[0m[38;2;170;168;159m[48;2;115;114;108m▀[0m[38;2;170;168;159m[48;2;170;168;159m▀[0m[38;2;232;232;232m[48;2;186;185;177m▀[0m[38;2;170;168;159m[48;2;186;185;177m▀[0m[38;2;232;232;232m[48;2;225;225;225m▀[0m[38;2;66;65;66m[48;2;225;225;225m▀[0m[38;2;66;66;66m[48;2;225;225;225m▀[0m[38;2;0;0;0m[48;2;225;225;225m▀[0m[38;2;15;11;11m▄[38;2;0;0;0m[48;2;118;111;111m▀[0m[38;2;107;99;100m[48;2;94;77;74m▀[0m[38;2;107;99;100m[48;2;66;65;66m▀[0m[38;2;0;0;0m[48;2;66;66;66m▀[0m[38;2;0;0;0m▄[38;2;0;0;0m[48;2;138;130;130m▀[0m[38;2;0;0;0m[48;2;66;65;66m▀[0m[38;2;107;99;100m[48;2;94;77;74m▀[0m[38;2;0;0;0m[48;2;66;65;66m▀[0m[38;2;0;4;8m▄[38;2;0;4;8m▄[38;2;0;0;0m[48;2;138;130;130m▀[0m[38;2;138;130;130m[48;2;5;4;4m▀[0m[38;2;0;0;0m▀ [38;2;0;0;0m▄[38;2;0;0;0m▄[38;2;0;0;0m[48;2;107;99;101m▀[0m[38;2;0;0;0m[48;2;0;0;0m▀[0m    
  [38;2;0;0;0m▄[38;2;0;0;0m▄[38;2;0;0;0m▄[38;2;3;2;2m[48;2;170;168;159m▀[0m[38;2;167;165;155m[48;2;170;168;159m▀[0m[38;2;170;168;159m[48;2;113;112;105m▀[0m[38;2;99;97;92m[48;2;3;2;2m▀[0m[38;2;0;0;16m[48;2;163;161;153m▀[0m[38;2;59;58;56m[48;2;163;161;153m▀[0m[38;2;186;185;177m[48;2;146;105;188m▀[0m[38;2;108;67;160m[48;2;115;73;165m▀[0m[38;2;110;69;161m[48;2;154;115;194m▀[0m[38;2;149;146;142m[48;2;173;138;208m▀[0m[38;2;185;185;185m[48;2;66;65;66m▀[0m[38;2;63;63;61m[48;2;66;65;66m▀[0m[38;2;56;53;53m[48;2;59;54;55m▀[0m[38;2;56;53;53m[48;2;59;54;55m▀[0m[38;2;66;65;66m[48;2;59;54;55m▀[0m[38;2;94;77;74m[48;2;66;65;66m▀[0m[38;2;66;66;66m[48;2;136;130;130m▀[0m[38;2;66;66;66m[48;2;136;130;130m▀[0m[38;2;138;130;130m[48;2;66;65;66m▀[0m[38;2;66;65;66m[48;2;56;53;51m▀[0m[38;2;66;65;66m[48;2;56;53;51m▀[0m[38;2;94;77;74m[48;2;66;65;66m▀[0m[38;2;61;57;57m[48;2;138;130;130m▀[0m[38;2;144;136;136m[48;2;138;130;130m▀[0m[38;2;138;130;130m[48;2;115;106;108m▀[0m[38;2;61;58;58m[48;2;73;58;65m▀[0m[38;2;0;0;0m[48;2;59;58;58m▀[0m[38;2;0;0;0m[48;2;69;60;62m▀[0m[38;2;107;99;100m[48;2;66;65;66m▀[0m[38;2;107;99;101m[48;2;66;65;66m▀[0m[38;2;0;0;0m[48;2;50;43;43m▀[0m[38;2;12;9;10m▄    
 [38;2;0;0;0m[48;2;0;0;0m▀[0m[38;2;170;168;159m[48;2;170;168;159m▀[0m[38;2;111;110;103m[48;2;170;168;159m▀[0m[38;2;167;165;155m[48;2;170;168;159m▀[0m[38;2;170;168;159m[48;2;174;172;163m▀[0m[38;2;170;168;159m[48;2;62;61;59m▀[0m[38;2;167;165;155m[48;2;141;137;129m▀[0m[38;2;167;165;155m[48;2;66;65;66m▀[0m[38;2;87;37;96m[48;2;180;130;189m▀[0m[38;2;91;89;85m[48;2;128;78;137m▀[0m[38;2;162;161;151m[48;2;196;195;188m▀[0m[38;2;162;161;151m[48;2;66;65;66m▀[0m[38;2;74;52;74m[48;2;99;97;92m▀[0m[38;2;74;52;74m[48;2;99;97;92m▀[0m[38;2;184;151;215m[48;2;64;64;63m▀[0m[38;2;184;151;215m[48;2;172;137;207m▀[0m[38;2;66;65;66m[48;2;183;150;214m▀[0m[38;2;66;65;66m[48;2;182;149;214m▀[0m[38;2;59;54;55m[48;2;66;65;66m▀[0m[38;2;66;65;66m[48;2;66;65;66m▀[0m[38;2;136;130;130m[48;2;149;147;144m▀[0m[38;2;136;129;129m[48;2;88;85;77m▀[0m[38;2;66;65;66m[48;2;99;97;92m▀[0m[38;2;56;53;51m[48;2;232;232;232m▀[0m[38;2;56;53;51m[48;2;186;185;184m▀[0m[38;2;66;65;66m[48;2;57;53;50m▀[0m[38;2;138;130;130m[48;2;66;65;66m▀[0m[38;2;66;65;66m[48;2;59;54;55m▀[0m[38;2;73;58;65m[48;2;59;54;55m▀[0m[38;2;94;77;74m[48;2;59;54;55m▀[0m[38;2;56;52;52m[48;2;93;76;73m▀[0m[38;2;69;60;62m[48;2;71;58;56m▀[0m[38;2;64;54;55m[48;2;64;54;56m▀[0m[38;2;64;54;55m[48;2;24;18;18m▀[0m[38;2;73;60;63m[48;2;72;58;56m▀[0m[38;2;73;60;63m[48;2;72;58;56m▀[0m[38;2;0;0;0m[48;2;64;54;56m▀[0m[38;2;0;0;0m[48;2;24;18;18m▀[0m[38;2;0;0;0m▄ 
  [38;2;0;0;0m▀[38;2;170;168;159m[48;2;0;0;0m▀[0m[38;2;0;0;0m▀[38;2;174;172;163m[48;2;0;0;0m▀[0m[38;2;0;0;24m▀[38;2;66;65;66m[48;2;5;3;3m▀[0m[38;2;227;177;236m[48;2;192;142;201m▀[0m[38;2;128;78;137m[48;2;169;119;178m▀[0m[38;2;180;179;170m[48;2;163;161;153m▀[0m[38;2;66;65;66m[48;2;58;57;55m▀[0m[38;2;196;195;188m[48;2;231;231;231m▀[0m[38;2;66;65;66m[48;2;196;195;188m▀[0m[38;2;99;97;92m[48;2;66;65;66m▀[0m[38;2;95;91;88m[48;2;170;168;159m▀[0m[38;2;64;64;63m[48;2;170;168;159m▀[0m[38;2;183;150;214m[48;2;59;59;58m▀[0m[38;2;183;150;214m[48;2;204;177;229m▀[0m[38;2;184;151;215m[48;2;99;97;92m▀[0m[38;2;66;65;66m[48;2;99;97;92m▀[0m[38;2;89;85;76m[48;2;232;232;232m▀[0m[38;2;190;189;188m[48;2;232;232;232m▀[0m[38;2;232;232;232m[48;2;186;185;184m▀[0m[38;2;232;232;232m[48;2;57;53;50m▀[0m[38;2;57;53;50m[48;2;59;54;55m▀[0m[38;2;94;77;74m[48;2;59;54;55m▀[0m[38;2;59;54;55m[48;2;95;77;75m▀[0m[38;2;59;54;55m[48;2;59;54;55m▀[0m[38;2;95;77;75m[48;2;65;53;51m▀[0m[38;2;94;77;74m[48;2;65;53;51m▀[0m[38;2;93;76;73m[48;2;0;0;0m▀[0m[38;2;93;76;73m[48;2;0;0;0m▀[0m[38;2;24;18;18m▀[38;2;24;18;18m▀[38;2;0;0;0m▀[38;2;0;0;0m▀[38;2;24;18;18m▀[38;2;24;18;18m▀[38;2;0;0;0m▀ 
      [38;2;0;0;0m[48;2;0;0;0m▀[0m[38;2;192;142;201m[48;2;63;63;61m▀[0m[38;2;158;108;167m[48;2;172;171;162m▀[0m[38;2;163;161;153m[48;2;66;65;66m▀[0m[38;2;66;65;66m[48;2;232;232;232m▀[0m[38;2;231;231;231m[48;2;222;222;222m▀[0m[38;2;116;115;112m[48;2;108;107;103m▀[0m[38;2;66;65;66m[48;2;66;65;66m▀[0m[38;2;196;195;188m[48;2;186;185;177m▀[0m[38;2;170;168;159m[48;2;170;168;159m▀[0m[38;2;170;168;159m[48;2;99;97;92m▀[0m[38;2;133;130;123m[48;2;167;165;155m▀[0m[38;2;112;108;101m[48;2;129;128;122m▀[0m[38;2;232;232;232m[48;2;232;232;232m▀[0m[38;2;232;232;232m[48;2;232;232;232m▀[0m[38;2;232;232;232m[48;2;232;232;232m▀[0m[38;2;232;232;232m[48;2;62;58;55m▀[0m[38;2;57;53;50m[48;2;59;54;55m▀[0m[38;2;94;77;74m[48;2;59;54;55m▀[0m[38;2;59;54;55m[48;2;95;77;75m▀[0m[38;2;95;77;75m[48;2;95;77;75m▀[0m[38;2;94;77;74m[48;2;98;86;86m▀[0m[38;2;94;77;74m[48;2;143;126;127m▀[0m[38;2;59;54;55m[48;2;0;0;0m▀[0m[38;2;65;53;51m▀          
      [38;2;0;0;0m▄[38;2;0;0;33m[48;2;170;168;159m▀[0m[38;2;63;63;61m[48;2;170;168;159m▀[0m[38;2;66;65;66m[48;2;170;168;159m▀[0m[38;2;232;232;232m[48;2;66;65;66m▀[0m[38;2;108;107;103m[48;2;66;65;66m▀[0m[38;2;45;44;40m[48;2;99;97;92m▀[0m[38;2;186;185;177m[48;2;232;232;232m▀[0m[38;2;186;185;177m[48;2;232;232;232m▀[0m[38;2;170;168;159m[48;2;66;65;66m▀[0m[38;2;99;97;92m[48;2;66;65;66m▀[0m[38;2;167;165;155m[48;2;129;128;122m▀[0m[38;2;58;56;56m[48;2;167;165;155m▀[0m[38;2;99;97;92m[48;2;99;97;92m▀[0m[38;2;232;232;232m[48;2;232;232;232m▀[0m[38;2;62;58;55m[48;2;232;232;232m▀[0m[38;2;62;58;55m[48;2;99;97;92m▀[0m[38;2;56;52;52m[48;2;95;77;75m▀[0m[38;2;59;54;55m[48;2;94;77;74m▀[0m[38;2;59;54;55m[48;2;79;74;74m▀[0m[38;2;94;77;74m[48;2;122;112;112m▀[0m[38;2;143;126;127m[48;2;145;130;131m▀[0m[38;2;3;2;3m[48;2;0;0;0m▀[0m            
    [38;2;0;0;0m▄[38;2;0;0;0m[48;2;99;97;92m▀[0m[38;2;170;168;159m[48;2;170;168;159m▀[0m[38;2;170;168;159m[48;2;66;65;66m▀[0m[38;2;170;168;159m[48;2;170;168;159m▀[0m[38;2;170;168;159m[48;2;66;65;66m▀[0m[38;2;66;65;66m[48;2;66;65;66m▀[0m[38;2;99;97;92m[48;2;66;65;66m▀[0m[38;2;66;65;66m[48;2;184;151;215m▀[0m[38;2;232;232;232m[48;2;66;65;66m▀[0m[38;2;66;65;66m[48;2;170;168;159m▀[0m[38;2;170;168;159m[48;2;170;168;159m▀[0m[38;2;170;168;159m[48;2;170;168;159m▀[0m[38;2;58;56;56m[48;2;170;168;159m▀[0m[38;2;167;165;155m[48;2;66;65;66m▀[0m[38;2;99;97;92m[48;2;232;232;232m▀[0m[38;2;232;232;232m[48;2;232;232;232m▀[0m[38;2;232;232;232m[48;2;232;232;232m▀[0m[38;2;232;232;232m[48;2;232;232;232m▀[0m[38;2;99;97;92m[48;2;156;153;146m▀[0m[38;2;95;77;75m[48;2;96;96;95m▀[0m[38;2;117;94;92m[48;2;95;77;75m▀[0m[38;2;122;112;112m[48;2;66;65;65m▀[0m[38;2;0;0;0m[48;2;0;0;0m▀[0m             
    [38;2;0;0;0m▀[38;2;99;97;92m[48;2;0;0;0m▀[0m[38;2;170;168;159m[48;2;170;168;159m▀[0m[38;2;66;65;66m[48;2;0;0;0m▀[0m[38;2;170;168;159m[48;2;66;66;66m▀[0m[38;2;66;65;66m[48;2;64;54;55m▀[0m[38;2;232;232;232m[48;2;65;64;66m▀[0m[38;2;184;151;215m[48;2;184;151;215m▀[0m[38;2;66;65;66m[48;2;66;65;66m▀[0m[38;2;170;168;159m[48;2;170;168;159m▀[0m[38;2;170;168;159m[48;2;66;65;66m▀[0m[38;2;170;168;159m[48;2;170;168;159m▀[0m[38;2;170;168;159m[48;2;66;65;66m▀[0m[38;2;170;168;159m[48;2;170;168;159m▀[0m[38;2;66;65;66m[48;2;66;65;66m▀[0m[38;2;232;232;232m[48;2;87;84;76m▀[0m[38;2;232;232;232m[48;2;87;84;76m▀[0m[38;2;99;97;92m[48;2;59;54;55m▀[0m[38;2;99;97;92m[48;2;59;54;55m▀[0m[38;2;96;96;95m[48;2;59;54;55m▀[0m[38;2;81;65;68m[48;2;59;54;55m▀[0m[38;2;94;77;74m[48;2;65;53;51m▀[0m[38;2;94;77;74m[48;2;65;53;51m▀[0m[38;2;0;0;0m[48;2;0;0;0m▀[0m             
      [38;2;0;0;0m▀ [38;2;0;0;0m[48;2;0;0;0m▀[0m[38;2;64;54;56m[48;2;49;40;38m▀[0m[38;2;64;54;56m[48;2;64;54;56m▀[0m[38;2;66;65;66m[48;2;68;63;62m▀[0m[38;2;66;65;66m[48;2;232;232;232m▀[0m[38;2;170;168;159m[48;2;66;65;66m▀[0m[38;2;66;65;66m[48;2;66;65;66m▀[0m[38;2;170;168;159m[48;2;196;195;188m▀[0m[38;2;66;65;66m[48;2;66;65;66m▀[0m[38;2;170;168;159m[48;2;66;65;66m▀[0m[38;2;66;65;66m[48;2;66;65;66m▀[0m[38;2;100;91;96m[48;2;94;77;74m▀[0m[38;2;70;68;67m[48;2;59;54;55m▀[0m[38;2;94;77;74m[48;2;59;54;54m▀[0m[38;2;95;77;75m[48;2;59;54;54m▀[0m[38;2;95;77;75m[48;2;94;77;74m▀[0m[38;2;59;54;55m[48;2;95;77;75m▀[0m[38;2;59;54;55m[48;2;94;77;74m▀[0m[38;2;65;53;51m[48;2;0;0;0m▀[0m              
         [38;2;49;40;38m▀[38;2;49;40;38m[48;2;0;0;0m▀[0m[38;2;68;63;62m[48;2;69;57;54m▀[0m[38;2;68;63;62m[48;2;70;57;55m▀[0m[38;2;232;232;232m[48;2;66;64;65m▀[0m[38;2;232;232;232m[48;2;66;64;65m▀[0m[38;2;66;65;66m[48;2;184;151;215m▀[0m[38;2;184;151;215m[48;2;184;151;215m▀[0m[38;2;184;151;215m[48;2;184;151;215m▀[0m[38;2;66;65;66m[48;2;184;151;215m▀[0m[38;2;59;54;55m[48;2;65;58;56m▀[0m[38;2;59;54;55m[48;2;96;84;82m▀[0m[38;2;59;54;54m[48;2;93;76;73m▀[0m[38;2;59;54;54m[48;2;93;76;73m▀[0m[38;2;59;54;55m[48;2;59;54;55m▀[0m[38;2;94;77;74m[48;2;59;54;55m▀[0m[38;2;94;77;74m[48;2;0;0;0m▀[0m[38;2;0;0;0m▀              
        [38;2;0;0;0m▄[38;2;0;0;0m[48;2;95;89;89m▀[0m[38;2;107;99;100m[48;2;75;69;69m▀[0m[38;2;66;64;65m[48;2;107;99;100m▀[0m[38;2;66;64;65m[48;2;107;99;100m▀[0m[38;2;69;57;54m[48;2;0;0;0m▀[0m[38;2;69;57;54m[48;2;0;0;0m▀[0m[38;2;0;0;0m▀[38;2;0;0;0m▀[38;2;0;0;0m▀[38;2;0;0;0m▀[38;2;3;2;2m▀[38;2;3;2;2m▀[38;2;93;76;73m[48;2;38;31;30m▀[0m[38;2;93;76;73m[48;2;38;31;30m▀[0m[38;2;84;67;65m[48;2;70;57;55m▀[0m[38;2;84;67;65m[48;2;69;57;54m▀[0m[38;2;0;0;0m[48;2;72;58;56m▀[0m[38;2;0;0;0m▄              
         [38;2;3;2;2m▀[38;2;3;2;2m▀[38;2;0;0;0m▀[38;2;0;0;0m▀      [38;2;0;0;0m▄[38;2;0;0;0m[48;2;138;130;130m▀[0m[38;2;70;56;58m[48;2;64;54;56m▀[0m[38;2;54;53;53m[48;2;138;130;130m▀[0m[38;2;66;64;65m[48;2;138;130;130m▀[0m[38;2;66;64;65m[48;2;64;54;55m▀[0m[38;2;72;58;56m[48;2;61;57;57m▀[0m[38;2;0;0;0m[48;2;0;4;8m▀[0m              
                   [38;2;0;0;0m▀[38;2;0;0;0m▀[38;2;138;130;130m[48;2;0;0;0m▀[0m[38;2;138;130;130m[48;2;0;0;0m▀[0m[38;2;64;54;56m[48;2;0;0;0m▀[0m[38;2;138;130;130m[48;2;0;0;0m▀[0m[38;2;143;135;135m[48;2;0;0;0m▀[0m[38;2;0;4;8m▀              
                                     [0m                                     