         [38;2;0;0;0m▄[38;2;0;0;0m▄[38;2;11;2;14m▄[38;2;0;0;0m[48;2;203;140;239m▀[0m[38;2;0;0;0m[48;2;212;148;240m▀[0m[38;2;0;0;0m[48;2;166;86;218m▀[0m[38;2;0;0;0m[48;2;140;73;181m▀[0m[38;2;0;0;0m[48;2;195;202;193m▀[0m[38;2;0;0;0m[48;2;195;202;193m▀[0m[38;2;0;0;0m[48;2;195;202;193m▀[0m[38;2;0;0;0m[48;2;195;202;193m▀[0m[38;2;0;0;0m[48;2;195;202;193m▀[0m[38;2;0;0;0m▄[38;2;0;0;0m▄          
     [38;2;0;0;0m▄[38;2;0;0;0m▄[38;2;0;0;0m[48;2;73;78;69m▀[0m[38;2;0;0;0m[48;2;73;78;69m▀[0m[38;2;212;148;240m[48;2;187;115;229m▀[0m[38;2;212;148;240m[48;2;187;115;229m▀[0m[38;2;203;140;239m[48;2;166;86;218m▀[0m[38;2;139;94;164m[48;2;166;86;218m▀[0m[38;2;166;86;218m[48;2;166;86;218m▀[0m[38;2;166;86;218m[48;2;166;86;218m▀[0m[38;2;140;73;181m[48;2;140;73;181m▀[0m[38;2;140;73;181m[48;2;140;73;181m▀[0m[38;2;195;202;193m[48;2;195;202;193m▀[0m[38;2;195;202;193m[48;2;112;119;110m▀[0m[38;2;195;202;193m[48;2;112;119;110m▀[0m[38;2;112;119;110m[48;2;195;202;193m▀[0m[38;2;112;119;110m[48;2;204;211;200m▀[0m[38;2;112;119;110m[48;2;137;142;134m▀[0m[38;2;0;0;0m[48;2;0;0;0m▀[0m         
   [38;2;0;0;0m▄[38;2;0;0;0m[48;2;255;255;255m▀[0m[38;2;255;255;255m[48;2;255;255;255m▀[0m[38;2;255;255;255m[48;2;234;237;232m▀[0m[38;2;246;248;246m[48;2;234;237;232m▀[0m[38;2;246;248;246m[48;2;234;237;232m▀[0m[38;2;73;78;69m[48;2;234;237;232m▀[0m[38;2;73;78;69m[48;2;234;237;232m▀[0m[38;2;166;86;218m[48;2;72;83;74m▀[0m[38;2;166;86;218m[48;2;156;138;160m▀[0m[38;2;166;86;218m[48;2;166;85;218m▀[0m[38;2;166;86;218m[48;2;126;64;165m▀[0m[38;2;140;73;181m[48;2;195;202;193m▀[0m[38;2;195;202;193m[48;2;195;202;193m▀[0m[38;2;195;202;193m[48;2;195;202;193m▀[0m[38;2;195;202;193m[48;2;112;119;110m▀[0m[38;2;195;202;193m[48;2;110;115;108m▀[0m[38;2;195;202;193m[48;2;110;115;108m▀[0m[38;2;137;142;134m[48;2;4;4;3m▀[0m[38;2;4;4;3m[48;2;4;4;3m▀[0m[38;2;0;0;0m▄         
  [38;2;0;0;0m[48;2;0;0;0m▀[0m[38;2;255;255;255m[48;2;73;78;69m▀[0m[38;2;255;255;255m[48;2;73;78;69m▀[0m[38;2;234;237;232m[48;2;73;78;69m▀[0m[38;2;234;237;232m[48;2;234;237;232m▀[0m[38;2;234;237;232m[48;2;246;248;246m▀[0m[38;2;234;237;232m[48;2;66;65;66m▀[0m[38;2;234;237;232m[48;2;82;83;82m▀[0m[38;2;234;237;232m[48;2;82;83;82m▀[0m[38;2;237;207;250m[48;2;234;237;232m▀[0m[38;2;72;83;74m[48;2;73;77;71m▀[0m[38;2;166;85;218m[48;2;126;64;165m▀[0m[38;2;126;64;165m[48;2;195;202;193m▀[0m[38;2;195;202;193m[48;2;195;202;193m▀[0m[38;2;195;202;193m[48;2;195;202;193m▀[0m[38;2;112;119;110m[48;2;195;202;193m▀[0m[38;2;195;202;193m[48;2;195;202;193m▀[0m[38;2;195;203;192m[48;2;150;157;147m▀[0m[38;2;68;72;67m[48;2;66;65;66m▀[0m[38;2;52;42;44m[48;2;61;50;52m▀[0m[38;2;77;64;66m[48;2;65;64;66m▀[0m[38;2;76;62;59m[48;2;67;52;54m▀[0m[38;2;0;0;0m[48;2;69;55;53m▀[0m[38;2;0;0;0m[48;2;50;40;38m▀[0m[38;2;50;40;38m▄      
 [38;2;0;0;0m[48;2;0;0;0m▀[0m[38;2;234;237;232m[48;2;212;217;210m▀[0m[38;2;234;237;232m[48;2;234;237;232m▀[0m[38;2;234;237;232m[48;2;195;202;193m▀[0m[38;2;180;183;177m[48;2;195;202;193m▀[0m[38;2;73;78;69m[48;2;195;202;193m▀[0m[38;2;66;65;66m[48;2;66;65;74m▀[0m[38;2;246;248;246m[48;2;247;248;246m▀[0m[38;2;0;0;0m[48;2;0;0;0m▀[0m[38;2;247;251;247m[48;2;247;251;247m▀[0m[38;2;73;77;71m[48;2;66;65;66m▀[0m[38;2;180;183;178m[48;2;195;202;193m▀[0m[38;2;195;202;193m[48;2;195;202;193m▀[0m[38;2;195;202;193m[48;2;195;202;193m▀[0m[38;2;195;202;193m[48;2;195;202;193m▀[0m[38;2;195;202;193m[48;2;195;202;193m▀[0m[38;2;195;202;193m[48;2;204;211;200m▀[0m[38;2;149;156;146m[48;2;137;142;134m▀[0m[38;2;66;65;66m[48;2;50;45;46m▀[0m[38;2;66;65;66m[48;2;100;93;94m▀[0m[38;2;61;50;52m[48;2;66;65;66m▀[0m[38;2;61;50;52m[48;2;66;65;66m▀[0m[38;2;71;68;68m[48;2;90;83;84m▀[0m[38;2;71;68;68m[48;2;90;83;84m▀[0m[38;2;61;50;52m[48;2;65;64;66m▀[0m[38;2;50;40;38m[48;2;61;50;52m▀[0m[38;2;0;0;0m[48;2;25;19;19m▀[0m[38;2;25;19;19m▄    
 [38;2;0;0;0m[48;2;0;0;0m▀[0m[38;2;212;217;210m[48;2;195;202;193m▀[0m[38;2;195;202;193m[48;2;112;119;110m▀[0m[38;2;195;202;193m[48;2;195;202;193m▀[0m[38;2;195;202;193m[48;2;195;202;193m▀[0m[38;2;195;202;193m[48;2;195;202;193m▀[0m[38;2;187;188;187m[48;2;195;202;193m▀[0m[38;2;66;65;74m[48;2;195;202;193m▀[0m[38;2;82;83;82m[48;2;195;202;193m▀[0m[38;2;82;83;82m[48;2;112;119;110m▀[0m[38;2;195;202;193m[48;2;194;201;192m▀[0m[38;2;195;202;193m[48;2;194;201;192m▀[0m[38;2;195;202;193m[48;2;195;202;193m▀[0m[38;2;195;202;193m[48;2;195;202;193m▀[0m[38;2;195;202;193m[48;2;204;211;200m▀[0m[38;2;195;202;193m[48;2;137;142;134m▀[0m[38;2;137;142;134m[48;2;0;0;0m▀[0m[38;2;4;4;3m▀[38;2;4;4;3m▀[38;2;4;4;3m▀[38;2;66;65;66m[48;2;0;4;8m▀[0m[38;2;90;83;84m[48;2;59;55;55m▀[0m[38;2;90;83;84m[48;2;58;56;56m▀[0m[38;2;66;65;66m[48;2;88;82;83m▀[0m[38;2;65;64;66m[48;2;61;50;52m▀[0m[38;2;65;64;66m[48;2;61;50;52m▀[0m[38;2;61;50;52m[48;2;66;65;66m▀[0m[38;2;25;19;19m[48;2;61;54;55m▀[0m[38;2;0;0;0m▄   
  [38;2;0;0;0m▀[38;2;195;202;193m[48;2;0;0;0m▀[0m[38;2;112;119;110m[48;2;0;0;0m▀[0m[38;2;195;202;193m[48;2;195;202;193m▀[0m[38;2;195;202;193m[48;2;87;65;101m▀[0m[38;2;66;65;66m[48;2;126;64;165m▀[0m[38;2;195;202;193m[48;2;65;64;66m▀[0m[38;2;112;119;110m[48;2;66;65;66m▀[0m[38;2;195;202;193m[48;2;195;202;193m▀[0m[38;2;255;255;255m[48;2;195;202;193m▀[0m[38;2;194;201;192m[48;2;195;202;193m▀[0m[38;2;195;202;193m[48;2;195;203;192m▀[0m[38;2;195;202;193m[48;2;151;157;149m▀[0m[38;2;137;142;134m[48;2;64;66;64m▀[0m[38;2;4;4;3m[48;2;151;157;149m▀[0m[38;2;0;0;0m▄ [38;2;3;4;3m▄[38;2;3;4;3m▄[38;2;0;4;8m[48;2;61;50;52m▀[0m[38;2;120;114;114m[48;2;66;65;66m▀[0m[38;2;86;81;81m[48;2;111;107;107m▀[0m[38;2;58;56;56m[48;2;111;107;107m▀[0m[38;2;65;64;66m[48;2;111;107;107m▀[0m[38;2;61;50;52m[48;2;66;65;66m▀[0m[38;2;66;65;66m[48;2;61;54;55m▀[0m[38;2;61;54;55m[48;2;104;83;80m▀[0m[38;2;0;0;0m[48;2;104;83;80m▀[0m[38;2;0;0;0m▄  
    [38;2;0;0;0m[48;2;0;0;0m▀[0m[38;2;87;65;101m[48;2;150;157;147m▀[0m[38;2;87;65;101m[48;2;66;65;66m▀[0m[38;2;126;64;165m[48;2;87;65;101m▀[0m[38;2;126;64;165m[48;2;87;65;101m▀[0m[38;2;66;65;66m[48;2;87;65;101m▀[0m[38;2;195;202;193m[48;2;87;65;101m▀[0m[38;2;195;202;193m[48;2;150;157;147m▀[0m[38;2;195;202;193m[48;2;150;157;147m▀[0m[38;2;151;157;149m[48;2;70;72;69m▀[0m[38;2;64;66;64m[48;2;136;141;134m▀[0m[38;2;151;157;149m[48;2;195;202;193m▀[0m[38;2;195;203;192m[48;2;195;202;193m▀[0m[38;2;195;202;193m[48;2;66;65;66m▀[0m[38;2;0;0;0m[48;2;66;65;66m▀[0m[38;2;59;55;55m[48;2;58;56;56m▀[0m[38;2;119;114;113m[48;2;86;81;81m▀[0m[38;2;66;65;66m[48;2;111;107;107m▀[0m[38;2;61;50;52m[48;2;66;65;66m▀[0m[38;2;66;65;66m[48;2;61;50;52m▀[0m[38;2;110;106;106m[48;2;65;64;66m▀[0m[38;2;111;107;107m[48;2;91;88;89m▀[0m[38;2;66;65;66m[48;2;47;43;44m▀[0m[38;2;61;54;55m[48;2;61;54;55m▀[0m[38;2;104;83;80m[48;2;104;83;80m▀[0m[38;2;104;83;80m[48;2;104;83;80m▀[0m[38;2;0;0;0m[48;2;0;0;0m▀[0m  
   [38;2;0;0;0m[48;2;0;0;0m▀[0m[38;2;200;204;199m[48;2;200;204;199m▀[0m[38;2;66;65;66m[48;2;66;65;66m▀[0m[38;2;150;157;147m[48;2;66;65;66m▀[0m[38;2;87;65;101m[48;2;150;157;147m▀[0m[38;2;150;157;147m[48;2;150;157;147m▀[0m[38;2;87;65;101m[48;2;150;157;147m▀[0m[38;2;150;157;147m[48;2;0;0;0m▀[0m[38;2;0;0;0m▀[38;2;0;0;0m[48;2;0;0;0m▀[0m[38;2;7;0;1m[48;2;251;251;250m▀[0m[38;2;203;211;200m[48;2;64;67;63m▀[0m[38;2;195;202;193m[48;2;61;64;59m▀[0m[38;2;66;65;66m[48;2;152;154;150m▀[0m[38;2;255;255;255m[48;2;255;255;255m▀[0m[38;2;66;65;66m[48;2;255;255;255m▀[0m[38;2;88;82;83m[48;2;66;67;65m▀[0m[38;2;58;56;56m[48;2;67;66;65m▀[0m[38;2;111;107;107m[48;2;86;81;81m▀[0m[38;2;111;107;107m[48;2;74;60;66m▀[0m[38;2;65;64;66m[48;2;61;54;55m▀[0m[38;2;65;64;66m[48;2;61;54;55m▀[0m[38;2;47;43;44m[48;2;102;82;79m▀[0m[38;2;87;69;67m[48;2;102;82;79m▀[0m[38;2;104;83;80m[48;2;104;83;80m▀[0m[38;2;61;54;55m[48;2;104;83;80m▀[0m[38;2;104;83;80m[48;2;152;136;137m▀[0m[38;2;0;0;0m[48;2;152;136;137m▀[0m[38;2;0;0;0m▄ 
   [38;2;0;0;0m▀[38;2;200;204;199m[48;2;0;0;0m▀[0m[38;2;200;204;199m[48;2;200;204;199m▀[0m[38;2;200;204;199m[48;2;0;0;0m▀[0m[38;2;0;0;0m▀[38;2;0;0;0m▀[38;2;0;0;0m▀  [38;2;0;0;0m[48;2;0;0;0m▀[0m[38;2;158;159;157m[48;2;158;159;157m▀[0m[38;2;251;251;250m[48;2;251;251;250m▀[0m[38;2;152;154;150m[48;2;150;157;147m▀[0m[38;2;243;244;241m[48;2;255;255;255m▀[0m[38;2;150;157;147m[48;2;156;157;155m▀[0m[38;2;255;255;255m[48;2;247;248;246m▀[0m[38;2;66;67;65m[48;2;61;54;55m▀[0m[38;2;104;83;80m[48;2;104;83;80m▀[0m[38;2;74;60;66m[48;2;104;83;80m▀[0m[38;2;92;87;87m[48;2;67;66;65m▀[0m[38;2;61;54;55m[48;2;81;64;62m▀[0m[38;2;104;83;80m[48;2;58;50;51m▀[0m[38;2;102;82;79m[48;2;67;66;65m▀[0m[38;2;102;82;79m[48;2;67;66;65m▀[0m[38;2;104;83;80m[48;2;57;65;66m▀[0m[38;2;153;137;138m[48;2;142;123;121m▀[0m[38;2;152;136;137m[48;2;153;137;138m▀[0m[38;2;152;136;137m[48;2;0;0;0m▀[0m[38;2;0;0;0m▀ 
     [38;2;0;0;0m▀     [38;2;0;0;0m[48;2;0;0;0m▀[0m[38;2;76;62;59m[48;2;61;50;52m▀[0m[38;2;64;67;63m[48;2;65;64;66m▀[0m[38;2;251;251;250m[48;2;65;64;66m▀[0m[38;2;150;157;147m[48;2;156;157;155m▀[0m[38;2;255;255;255m[48;2;247;248;246m▀[0m[38;2;64;66;64m[48;2;66;67;65m▀[0m[38;2;64;66;64m[48;2;104;83;80m▀[0m[38;2;61;54;55m[48;2;61;54;55m▀[0m[38;2;61;54;55m[48;2;61;54;55m▀[0m[38;2;104;83;80m[48;2;104;83;80m▀[0m[38;2;67;66;65m[48;2;67;66;65m▀[0m[38;2;85;84;84m[48;2;61;54;55m▀[0m[38;2;85;84;84m[48;2;61;54;55m▀[0m[38;2;104;83;80m[48;2;61;54;55m▀[0m[38;2;104;83;80m[48;2;61;54;55m▀[0m[38;2;116;102;101m[48;2;104;83;80m▀[0m[38;2;57;65;66m[48;2;104;83;80m▀[0m[38;2;153;137;138m[48;2;0;0;0m▀[0m[38;2;0;0;0m▀  
           [38;2;0;0;0m[48;2;0;0;0m▀[0m[38;2;61;50;52m[48;2;76;62;59m▀[0m[38;2;61;50;52m[48;2;67;52;54m▀[0m[38;2;65;64;66m[48;2;72;71;68m▀[0m[38;2;64;66;64m[48;2;93;75;72m▀[0m[38;2;64;66;64m[48;2;54;48;49m▀[0m[38;2;104;83;80m[48;2;61;54;55m▀[0m[38;2;104;83;80m[48;2;61;54;55m▀[0m[38;2;61;54;55m[48;2;58;50;51m▀[0m[38;2;104;83;80m[48;2;85;84;84m▀[0m[38;2;67;66;65m[48;2;104;83;80m▀[0m[38;2;104;83;80m[48;2;61;54;55m▀[0m[38;2;104;83;80m[48;2;60;53;54m▀[0m[38;2;104;83;80m[48;2;60;53;54m▀[0m[38;2;104;83;80m[48;2;104;83;80m▀[0m[38;2;61;54;55m[48;2;104;83;80m▀[0m[38;2;61;54;55m[48;2;104;83;80m▀[0m[38;2;104;83;80m[48;2;104;83;80m▀[0m[38;2;0;0;0m[48;2;0;0;0m▀[0m   
            [38;2;0;0;0m▀[38;2;72;58;55m[48;2;37;30;29m▀[0m[38;2;72;58;55m[48;2;37;30;29m▀[0m[38;2;94;90;90m[48;2;75;61;58m▀[0m[38;2;93;75;72m[48;2;66;64;65m▀[0m[38;2;104;83;80m[48;2;76;76;76m▀[0m[38;2;104;83;80m[48;2;47;43;44m▀[0m[38;2;81;64;62m[48;2;61;54;55m▀[0m[38;2;85;84;84m[48;2;61;54;55m▀[0m[38;2;61;54;55m[48;2;67;59;57m▀[0m[38;2;61;54;55m[48;2;101;88;86m▀[0m[38;2;60;53;54m[48;2;102;82;79m▀[0m[38;2;60;53;54m[48;2;102;82;79m▀[0m[38;2;61;54;55m[48;2;61;54;55m▀[0m[38;2;104;83;80m[48;2;61;54;55m▀[0m[38;2;104;83;80m[48;2;106;86;82m▀[0m[38;2;0;0;0m[48;2;0;0;0m▀[0m    
           [38;2;0;0;0m▄[38;2;0;0;0m[48;2;90;83;84m▀[0m[38;2;90;83;84m[48;2;50;45;46m▀[0m[38;2;66;65;65m[48;2;100;93;94m▀[0m[38;2;66;64;65m[48;2;100;93;94m▀[0m[38;2;75;61;58m[48;2;50;45;46m▀[0m[38;2;65;53;50m[48;2;76;62;59m▀[0m[38;2;76;76;76m[48;2;0;0;0m▀[0m[38;2;0;0;0m▀[38;2;0;0;0m▀[38;2;3;2;2m▀[38;2;3;2;2m▀[38;2;102;82;79m[48;2;15;11;11m▀[0m[38;2;102;82;79m[48;2;55;47;48m▀[0m[38;2;104;83;80m[48;2;71;68;68m▀[0m[38;2;104;83;80m[48;2;69;55;53m▀[0m[38;2;71;57;55m[48;2;71;63;62m▀[0m[38;2;0;0;0m[48;2;0;0;0m▀[0m    
            [38;2;0;0;0m▀[38;2;6;5;4m▀[38;2;6;5;4m▀[38;2;6;5;4m▀[38;2;6;5;4m▀[38;2;0;0;0m▀   [38;2;0;0;0m▄[38;2;0;0;0m[48;2;111;107;107m▀[0m[38;2;80;68;69m[48;2;111;107;107m▀[0m[38;2;55;47;48m[48;2;59;56;56m▀[0m[38;2;67;52;54m[48;2;106;101;101m▀[0m[38;2;71;68;68m[48;2;74;48;55m▀[0m[38;2;71;63;62m[48;2;111;107;107m▀[0m[38;2;0;0;0m[48;2;0;0;0m▀[0m    
                     [38;2;0;0;0m▀[38;2;0;0;0m▀[38;2;6;5;4m▀[38;2;111;107;107m[48;2;0;0;0m▀[0m[38;2;106;101;101m[48;2;0;0;0m▀[0m[38;2;92;78;79m[48;2;0;0;0m▀[0m[38;2;111;107;107m[48;2;0;0;0m▀[0m[38;2;0;0;0m▀    
                                     [0m                                     