         [38;2;0;0;0m[48;2;0;0;0m▀[0m[38;2;0;0;0m[48;2;189;189;189m▀[0m[38;2;0;0;0m▄      [38;2;0;0;0m▄     
      [38;2;0;0;0m▄[38;2;0;0;0m▄ [38;2;0;0;0m[48;2;0;0;0m▀[0m[38;2;189;189;189m[48;2;189;189;189m▀[0m[38;2;0;0;0m[48;2;189;189;189m▀[0m[38;2;0;0;0m▄    [38;2;0;0;0m▄[38;2;255;255;255m[48;2;255;255;255m▀[0m[38;2;0;0;0m[48;2;255;255;255m▀[0m[38;2;0;0;0m▄   
   [38;2;0;0;0m▄[38;2;0;0;0m[48;2;255;246;204m▀[0m[38;2;0;0;0m[48;2;216;127;0m▀[0m[38;2;230;134;203m[48;2;0;0;0m▀[0m[38;2;0;0;0m▀ [38;2;0;0;0m▀[38;2;132;132;115m[48;2;0;0;0m▀[0m[38;2;189;189;189m[48;2;0;0;0m▀[0m[38;2;0;0;0m[48;2;230;134;203m▀[0m[38;2;0;0;0m[48;2;230;134;203m▀[0m[38;2;0;0;0m[48;2;230;134;203m▀[0m[38;2;0;0;0m▄[38;2;0;0;0m▄[38;2;0;0;0m[48;2;255;255;255m▀[0m[38;2;255;255;255m[48;2;255;255;255m▀[0m[38;2;255;255;255m[48;2;189;189;189m▀[0m[38;2;0;0;0m[48;2;0;0;0m▀[0m[38;2;0;0;0m▄  
  [38;2;0;0;0m▄[38;2;0;0;0m[48;2;65;65;65m▀[0m[38;2;216;127;0m[48;2;65;65;65m▀[0m[38;2;175;83;0m[48;2;0;0;0m▀[0m[38;2;0;0;0m▀  [38;2;0;0;0m▀[38;2;255;255;255m[48;2;0;0;0m▀[0m[38;2;189;189;189m[48;2;255;255;255m▀[0m[38;2;188;92;161m[48;2;230;134;203m▀[0m[38;2;230;134;203m[48;2;230;134;203m▀[0m[38;2;230;134;203m[48;2;0;0;0m▀[0m[38;2;230;134;203m[48;2;65;65;65m▀[0m[38;2;65;65;65m[48;2;255;255;255m▀[0m[38;2;255;255;255m[48;2;255;255;255m▀[0m[38;2;255;255;255m[48;2;189;189;189m▀[0m[38;2;132;132;115m[48;2;255;255;255m▀[0m[38;2;255;255;255m[48;2;0;0;0m▀[0m[38;2;0;0;0m▀  
 [38;2;0;0;0m[48;2;0;0;0m▀[0m[38;2;255;246;204m[48;2;216;127;0m▀[0m[38;2;216;127;0m[48;2;175;83;0m▀[0m[38;2;0;0;0m[48;2;0;0;0m▀[0m    [38;2;0;0;0m▄[38;2;0;0;0m[48;2;230;134;203m▀[0m[38;2;188;92;161m[48;2;230;134;203m▀[0m[38;2;230;134;203m[48;2;230;134;203m▀[0m[38;2;255;255;255m[48;2;0;0;0m▀[0m[38;2;0;0;0m[48;2;156;66;82m▀[0m[38;2;65;65;65m[48;2;188;92;161m▀[0m[38;2;255;255;255m[48;2;65;65;65m▀[0m[38;2;255;255;255m[48;2;255;255;255m▀[0m[38;2;255;255;255m[48;2;189;189;189m▀[0m[38;2;255;255;255m[48;2;0;0;0m▀[0m[38;2;0;0;0m▀   
  [38;2;0;0;0m[48;2;0;0;0m▀[0m[38;2;65;65;65m[48;2;230;134;203m▀[0m[38;2;0;0;0m[48;2;230;134;203m▀[0m[38;2;0;0;0m▄   [38;2;0;0;0m▀[38;2;230;134;203m[48;2;0;0;0m▀[0m[38;2;230;134;203m[48;2;230;134;203m▀[0m[38;2;230;134;203m[48;2;230;134;203m▀[0m[38;2;230;134;203m[48;2;230;134;203m▀[0m[38;2;230;134;203m[48;2;65;65;65m▀[0m[38;2;188;92;161m[48;2;188;92;161m▀[0m[38;2;65;65;65m[48;2;0;0;0m▀[0m[38;2;0;0;0m▀[38;2;0;0;0m▀     
  [38;2;0;0;0m▀[38;2;188;92;161m[48;2;0;0;0m▀[0m[38;2;230;134;203m[48;2;255;255;255m▀[0m[38;2;230;134;203m[48;2;188;92;161m▀[0m[38;2;0;0;0m[48;2;188;92;161m▀[0m[38;2;0;0;0m[48;2;188;92;161m▀[0m[38;2;0;0;0m▄[38;2;0;0;0m▄[38;2;0;0;0m▄[38;2;0;0;0m[48;2;188;92;161m▀[0m[38;2;65;65;65m[48;2;65;65;65m▀[0m[38;2;65;65;65m[48;2;255;255;255m▀[0m[38;2;189;189;189m[48;2;189;189;189m▀[0m[38;2;188;92;161m[48;2;65;65;65m▀[0m[38;2;0;0;0m[48;2;188;92;161m▀[0m[38;2;0;0;0m[48;2;188;92;161m▀[0m[38;2;0;0;0m[48;2;188;92;161m▀[0m[38;2;0;0;0m▄[38;2;0;0;0m▄   
    [38;2;0;0;0m▀[38;2;189;189;189m[48;2;0;0;0m▀[0m[38;2;189;189;189m[48;2;0;0;0m▀[0m[38;2;188;92;161m[48;2;189;189;189m▀[0m[38;2;188;92;161m[48;2;189;189;189m▀[0m[38;2;188;92;161m[48;2;189;189;189m▀[0m[38;2;188;92;161m[48;2;65;65;65m▀[0m[38;2;65;65;65m[48;2;255;255;255m▀[0m[38;2;255;255;255m[48;2;255;255;255m▀[0m[38;2;255;255;255m[48;2;189;189;189m▀[0m[38;2;188;92;161m[48;2;65;65;65m▀[0m[38;2;65;65;65m[48;2;188;92;161m▀[0m[38;2;188;92;161m[48;2;188;92;161m▀[0m[38;2;188;92;161m[48;2;188;92;161m▀[0m[38;2;188;92;161m[48;2;188;92;161m▀[0m[38;2;188;92;161m[48;2;188;92;161m▀[0m[38;2;188;92;161m[48;2;188;92;161m▀[0m[38;2;0;0;0m[48;2;188;92;161m▀[0m[38;2;0;0;0m▄ 
       [38;2;0;0;0m▀[38;2;0;0;0m▀[38;2;0;0;0m[48;2;0;0;0m▀[0m[38;2;255;255;255m[48;2;255;255;255m▀[0m[38;2;255;255;255m[48;2;255;255;255m▀[0m[38;2;255;255;255m[48;2;255;255;255m▀[0m[38;2;188;92;161m[48;2;188;92;161m▀[0m[38;2;65;65;65m[48;2;188;92;161m▀[0m[38;2;188;92;161m[48;2;65;65;65m▀[0m[38;2;188;92;161m[48;2;159;62;131m▀[0m[38;2;188;92;161m[48;2;159;62;131m▀[0m[38;2;159;62;131m[48;2;188;92;161m▀[0m[38;2;188;92;161m[48;2;188;92;161m▀[0m[38;2;188;92;161m[48;2;188;92;161m▀[0m[38;2;188;92;161m[48;2;188;92;161m▀[0m[38;2;0;0;0m[48;2;0;0;0m▀[0m 
         [38;2;0;0;0m▀[38;2;189;189;189m[48;2;0;0;0m▀[0m[38;2;255;255;255m[48;2;189;189;189m▀[0m[38;2;255;255;255m[48;2;189;189;189m▀[0m[38;2;189;189;189m[48;2;189;189;189m▀[0m[38;2;188;92;161m[48;2;189;189;189m▀[0m[38;2;188;92;161m[48;2;188;92;161m▀[0m[38;2;188;92;161m[48;2;188;92;161m▀[0m[38;2;188;92;161m[48;2;188;92;161m▀[0m[38;2;188;92;161m[48;2;189;189;189m▀[0m[38;2;188;92;161m[48;2;189;189;189m▀[0m[38;2;189;189;189m[48;2;0;0;0m▀[0m[38;2;0;0;0m▀  
           [38;2;0;0;0m▀[38;2;0;0;0m▀[38;2;189;189;189m[48;2;0;0;0m▀[0m[38;2;189;189;189m[48;2;0;0;0m▀[0m[38;2;189;189;189m[48;2;0;0;0m▀[0m[38;2;189;189;189m[48;2;0;0;0m▀[0m[38;2;189;189;189m[48;2;0;0;0m▀[0m[38;2;0;0;0m▀[38;2;0;0;0m▀    
                                     [0m                                     