           [38;2;0;0;0m▄[38;2;0;0;0m▄[38;2;0;0;0m[48;2;231;202;81m▀[0m[38;2;0;0;0m[48;2;0;0;0m▀[0m    [38;2;0;0;0m▄[38;2;0;0;0m▄                  
          [38;2;0;0;0m[48;2;0;0;0m▀[0m[38;2;231;202;81m[48;2;231;202;81m▀[0m[38;2;231;202;81m[48;2;232;205;84m▀[0m[38;2;0;0;0m[48;2;0;0;8m▀[0m  [38;2;0;0;0m▄[38;2;0;0;0m[48;2;115;178;88m▀[0m[38;2;0;0;0m[48;2;113;177;87m▀[0m[38;2;112;176;85m[48;2;113;177;87m▀[0m[38;2;63;65;65m[48;2;63;65;65m▀[0m[38;2;0;0;0m[48;2;231;202;81m▀[0m[38;2;0;0;0m[48;2;231;202;81m▀[0m[38;2;0;0;0m[48;2;231;202;81m▀[0m[38;2;0;0;0m▄              
      [38;2;0;0;0m▄  [38;2;0;0;0m▄[38;2;0;0;0m[48;2;231;202;81m▀[0m[38;2;231;202;81m[48;2;231;202;81m▀[0m[38;2;232;205;84m[48;2;63;65;65m▀[0m[38;2;69;72;37m[48;2;113;177;87m▀[0m[38;2;0;0;0m[48;2;43;134;37m▀[0m[38;2;0;0;0m[48;2;43;134;37m▀[0m[38;2;43;134;37m[48;2;63;65;65m▀[0m[38;2;115;178;88m[48;2;63;65;65m▀[0m[38;2;113;177;87m[48;2;63;65;65m▀[0m[38;2;63;65;65m[48;2;231;202;81m▀[0m[38;2;231;202;81m[48;2;231;202;81m▀[0m[38;2;231;202;81m[48;2;231;202;81m▀[0m[38;2;231;202;81m[48;2;0;0;0m▀[0m[38;2;0;0;0m▀               
     [38;2;0;0;0m[48;2;0;0;0m▀[0m[38;2;43;132;35m[48;2;43;134;37m▀[0m[38;2;0;0;0m[48;2;43;134;37m▀[0m[38;2;0;0;8m▄[38;2;0;0;0m[48;2;232;205;84m▀[0m[38;2;231;202;81m[48;2;231;202;81m▀[0m[38;2;63;65;65m[48;2;77;80;48m▀[0m[38;2;113;177;87m[48;2;139;195;113m▀[0m[38;2;113;177;87m[48;2;77;80;48m▀[0m[38;2;63;65;65m[48;2;231;202;81m▀[0m[38;2;63;65;65m[48;2;231;202;81m▀[0m[38;2;231;202;81m[48;2;63;65;65m▀[0m[38;2;231;202;81m[48;2;63;65;65m▀[0m[38;2;231;202;81m[48;2;63;65;65m▀[0m[38;2;231;202;81m[48;2;63;65;65m▀[0m[38;2;63;65;65m[48;2;113;177;87m▀[0m[38;2;63;65;65m[48;2;146;200;120m▀[0m[38;2;63;65;65m[48;2;138;194;112m▀[0m[38;2;0;0;0m[48;2;138;194;112m▀[0m[38;2;0;0;0m[48;2;146;200;120m▀[0m[38;2;0;0;0m▄             
     [38;2;0;0;0m▀[38;2;43;134;37m[48;2;0;0;0m▀[0m[38;2;43;134;37m[48;2;43;134;37m▀[0m[38;2;69;72;37m[48;2;63;65;65m▀[0m[38;2;232;205;84m[48;2;63;65;65m▀[0m[38;2;77;80;48m[48;2;115;178;88m▀[0m[38;2;139;195;113m[48;2;115;178;88m▀[0m[38;2;77;80;48m[48;2;63;65;65m▀[0m[38;2;219;183;41m[48;2;63;65;65m▀[0m[38;2;231;202;81m[48;2;63;65;65m▀[0m[38;2;63;65;65m[48;2;113;177;87m▀[0m[38;2;113;177;87m[48;2;115;178;88m▀[0m[38;2;63;65;65m[48;2;115;178;88m▀[0m[38;2;113;177;87m[48;2;113;177;87m▀[0m[38;2;113;177;87m[48;2;63;65;65m▀[0m[38;2;146;200;120m[48;2;63;65;65m▀[0m[38;2;146;200;120m[48;2;63;65;65m▀[0m[38;2;138;194;112m[48;2;0;0;0m▀[0m[38;2;0;0;0m▀[38;2;0;0;0m▀              
      [38;2;0;0;0m▀[38;2;43;134;37m[48;2;0;0;0m▀[0m[38;2;60;149;53m[48;2;113;177;87m▀[0m[38;2;107;172;81m[48;2;113;177;87m▀[0m[38;2;115;178;88m[48;2;54;143;47m▀[0m[38;2;115;178;88m[48;2;101;168;75m▀[0m[38;2;113;177;87m[48;2;63;65;65m▀[0m[38;2;113;177;87m[48;2;63;65;65m▀[0m[38;2;113;177;87m[48;2;63;65;65m▀[0m[38;2;113;177;87m[48;2;115;178;88m▀[0m[38;2;115;178;88m[48;2;113;177;87m▀[0m[38;2;115;178;88m[48;2;113;177;87m▀[0m[38;2;113;177;87m[48;2;115;178;88m▀[0m[38;2;113;177;87m[48;2;63;65;65m▀[0m[38;2;113;177;87m[48;2;63;65;65m▀[0m[38;2;63;65;65m[48;2;146;62;111m▀[0m[38;2;63;65;65m[48;2;146;66;113m▀[0m[38;2;0;0;0m[48;2;146;66;113m▀[0m[38;2;0;0;0m▄              
    [38;2;0;0;0m▄[38;2;0;0;0m▄[38;2;0;16;8m▄[38;2;0;0;0m[48;2;160;210;136m▀[0m[38;2;146;200;120m[48;2;125;185;98m▀[0m[38;2;113;177;87m[48;2;63;65;65m▀[0m[38;2;54;143;47m[48;2;63;65;65m▀[0m[38;2;66;50;65m[48;2;147;69;115m▀[0m[38;2;146;62;111m[48;2;123;40;41m▀[0m[38;2;146;62;111m[48;2;0;16;16m▀[0m[38;2;106;67;74m[48;2;255;56;57m▀[0m[38;2;63;65;65m[48;2;121;157;196m▀[0m[38;2;63;65;65m[48;2;143;66;111m▀[0m[38;2;63;65;65m[48;2;143;66;111m▀[0m[38;2;63;65;65m[48;2;136;58;103m▀[0m[38;2;128;64;68m[48;2;136;58;103m▀[0m[38;2;146;62;111m[48;2;135;74;113m▀[0m[38;2;146;62;111m[48;2;0;0;0m▀[0m[38;2;0;0;0m▀[38;2;0;0;0m▀[38;2;0;0;0m▄[38;2;0;0;0m▄[38;2;0;0;0m▄ [38;2;0;0;0m▄          
   [38;2;0;0;0m▀[38;2;188;114;157m[48;2;0;0;0m▀[0m[38;2;188;114;157m[48;2;0;0;0m▀[0m[38;2;161;96;134m[48;2;182;82;141m▀[0m[38;2;68;47;41m[48;2;182;82;141m▀[0m[38;2;63;65;65m[48;2;182;82;141m▀[0m[38;2;179;95;144m[48;2;182;82;141m▀[0m[38;2;147;69;115m[48;2;0;0;0m▀[0m[38;2;113;79;101m[48;2;0;0;0m▀[0m[38;2;246;64;65m[48;2;130;166;205m▀[0m[38;2;246;64;65m[48;2;130;166;205m▀[0m[38;2;121;157;196m[48;2;128;164;203m▀[0m[38;2;121;157;196m[48;2;84;84;110m▀[0m[38;2;143;66;111m[48;2;181;84;146m▀[0m[38;2;178;84;142m[48;2;181;84;146m▀[0m[38;2;194;88;154m[48;2;0;0;0m▀[0m[38;2;8;4;0m▀[38;2;135;74;113m[48;2;0;0;0m▀[0m[38;2;135;74;113m[48;2;0;0;0m▀[0m[38;2;0;0;0m[48;2;181;81;143m▀[0m[38;2;0;0;0m[48;2;181;81;143m▀[0m[38;2;181;81;143m[48;2;0;0;0m▀[0m[38;2;181;81;143m[48;2;0;0;0m▀[0m[38;2;179;86;147m[48;2;0;0;0m▀[0m[38;2;0;0;0m[48;2;179;86;147m▀[0m[38;2;179;86;147m[48;2;181;81;143m▀[0m[38;2;0;0;0m[48;2;181;81;143m▀[0m[38;2;0;0;0m[48;2;179;86;147m▀[0m[38;2;0;0;0m▄       
      [38;2;0;0;0m▀[38;2;0;0;0m▀[38;2;0;0;0m▀[38;2;0;0;0m▀  [38;2;0;0;0m▀[38;2;0;0;0m▀[38;2;32;8;0m▀[38;2;111;74;87m[48;2;0;0;0m▀[0m[38;2;181;84;146m[48;2;178;84;142m▀[0m[38;2;181;84;146m[48;2;178;84;142m▀[0m[38;2;0;0;0m[48;2;64;69;108m▀[0m[38;2;24;4;0m▄[38;2;0;0;0m▄ [38;2;0;0;0m▀[38;2;0;0;0m▀   [38;2;0;0;0m▀[38;2;0;0;0m▀[38;2;0;0;0m▀[38;2;0;0;0m▀        
               [38;2;0;0;0m[48;2;0;0;0m▀[0m[38;2;104;84;126m[48;2;130;166;205m▀[0m[38;2;104;84;126m[48;2;130;166;205m▀[0m[38;2;127;163;202m[48;2;133;169;208m▀[0m[38;2;64;69;108m[48;2;100;136;175m▀[0m[38;2;147;66;114m[48;2;93;86;123m▀[0m[38;2;0;0;0m[48;2;124;73;107m▀[0m[38;2;0;0;0m▄                
  [38;2;0;0;0m▄[38;2;0;0;0m▄[38;2;0;0;0m▄[38;2;0;0;0m[48;2;146;66;113m▀[0m[38;2;0;0;0m[48;2;146;66;113m▀[0m[38;2;0;0;0m[48;2;146;66;113m▀[0m[38;2;0;0;0m[48;2;146;66;113m▀[0m[38;2;0;0;0m▄[38;2;0;0;0m▄[38;2;0;0;0m[48;2;146;66;113m▀[0m[38;2;0;0;0m▄[38;2;0;0;0m[48;2;146;66;113m▀[0m[38;2;0;0;0m[48;2;147;66;114m▀[0m[38;2;147;66;114m[48;2;0;0;0m▀[0m[38;2;63;65;65m[48;2;55;38;46m▀[0m[38;2;130;166;205m[48;2;81;78;110m▀[0m[38;2;100;136;175m[48;2;134;170;209m▀[0m[38;2;133;169;208m[48;2;134;170;209m▀[0m[38;2;130;166;205m[48;2;63;65;65m▀[0m[38;2;93;86;123m[48;2;146;62;111m▀[0m[38;2;63;65;65m[48;2;146;62;111m▀[0m[38;2;0;0;0m[48;2;146;62;111m▀[0m[38;2;0;0;0m▄[38;2;0;0;0m[48;2;181;81;143m▀[0m[38;2;0;0;0m▄[38;2;0;0;0m[48;2;181;81;143m▀[0m[38;2;0;0;0m▄  [38;2;0;0;0m▄[38;2;0;0;0m▄[38;2;0;0;0m▄     
 [38;2;0;0;0m▀[38;2;146;66;113m[48;2;0;0;0m▀[0m[38;2;146;66;113m[48;2;0;0;0m▀[0m[38;2;146;66;113m[48;2;0;0;0m▀[0m[38;2;146;66;113m[48;2;147;66;114m▀[0m[38;2;146;66;113m[48;2;135;74;113m▀[0m[38;2;146;66;113m[48;2;135;74;113m▀[0m[38;2;146;66;113m[48;2;130;78;113m▀[0m[38;2;146;66;113m[48;2;130;78;113m▀[0m[38;2;146;66;113m[48;2;0;0;0m▀[0m[38;2;146;66;113m[48;2;0;0;0m▀[0m[38;2;146;66;113m[48;2;0;0;0m▀[0m[38;2;0;0;0m▀[38;2;0;0;0m▀[38;2;0;0;0m▄[38;2;0;8;8m[48;2;181;81;143m▀[0m[38;2;162;95;136m[48;2;181;81;143m▀[0m[38;2;63;65;65m[48;2;187;88;147m▀[0m[38;2;63;65;65m[48;2;126;57;97m▀[0m[38;2;146;62;111m[48;2;103;72;90m▀[0m[38;2;146;62;111m[48;2;78;81;110m▀[0m[38;2;63;65;65m[48;2;111;119;186m▀[0m[38;2;146;62;111m[48;2;38;39;57m▀[0m[38;2;181;81;143m[48;2;0;0;0m▀[0m[38;2;181;81;143m[48;2;0;0;0m▀[0m[38;2;181;81;143m[48;2;188;100;151m▀[0m[38;2;181;81;143m[48;2;188;100;151m▀[0m[38;2;189;115;151m[48;2;181;84;147m▀[0m[38;2;0;0;0m[48;2;189;115;151m▀[0m[38;2;0;0;0m[48;2;181;84;147m▀[0m[38;2;189;115;151m[48;2;189;115;151m▀[0m[38;2;189;115;151m[48;2;146;62;109m▀[0m[38;2;189;115;151m[48;2;146;62;109m▀[0m[38;2;0;0;0m[48;2;135;78;111m▀[0m[38;2;0;0;0m▄[38;2;0;0;0m▄  
     [38;2;0;0;0m▀[38;2;0;0;0m▀[38;2;135;74;113m[48;2;0;0;0m▀[0m[38;2;0;0;0m▀[38;2;0;0;0m▀      [38;2;0;0;0m▀[38;2;0;0;0m▀[38;2;0;0;0m▀[38;2;0;0;0m▀[38;2;78;81;110m[48;2;0;0;0m▀[0m[38;2;119;127;194m[48;2;119;127;194m▀[0m[38;2;111;119;186m[48;2;0;0;0m▀[0m[38;2;0;4;0m▀  [38;2;0;0;0m▀[38;2;0;0;0m▀[38;2;189;115;151m[48;2;0;8;8m▀[0m[38;2;181;84;147m[48;2;187;88;147m▀[0m[38;2;189;115;151m[48;2;185;97;146m▀[0m[38;2;189;115;151m[48;2;185;97;146m▀[0m[38;2;189;115;151m[48;2;189;115;151m▀[0m[38;2;189;115;151m[48;2;189;115;151m▀[0m[38;2;196;115;163m[48;2;0;0;0m▀[0m[38;2;196;115;163m[48;2;0;0;0m▀[0m[38;2;189;115;151m[48;2;0;0;0m▀[0m[38;2;0;0;0m▀ 
                  [38;2;0;0;0m▄[38;2;0;0;0m[48;2;147;66;114m▀[0m[38;2;119;127;194m[48;2;72;76;108m▀[0m[38;2;0;0;0m[48;2;142;150;219m▀[0m[38;2;0;0;0m▄[38;2;0;0;0m▄[38;2;0;0;0m▄[38;2;0;0;0m[48;2;146;66;113m▀[0m[38;2;0;0;0m[48;2;146;66;113m▀[0m[38;2;0;0;0m[48;2;146;66;113m▀[0m[38;2;126;61;97m[48;2;146;62;111m▀[0m[38;2;63;35;50m[48;2;146;62;111m▀[0m[38;2;63;65;65m[48;2;147;66;114m▀[0m[38;2;63;65;65m[48;2;0;0;0m▀[0m[38;2;63;44;53m[48;2;0;0;0m▀[0m[38;2;0;4;8m▀     
                   [38;2;0;0;0m▀[38;2;8;4;0m▀[38;2;8;4;0m▀[38;2;146;66;113m[48;2;0;0;0m▀[0m[38;2;146;66;113m[48;2;0;0;0m▀[0m[38;2;146;66;113m[48;2;0;0;0m▀[0m[38;2;146;66;113m[48;2;147;66;114m▀[0m[38;2;146;66;113m[48;2;146;66;113m▀[0m[38;2;146;66;113m[48;2;146;66;113m▀[0m[38;2;63;65;65m[48;2;146;66;113m▀[0m[38;2;63;65;65m[48;2;146;66;113m▀[0m[38;2;0;0;0m[48;2;147;66;114m▀[0m[38;2;0;0;0m▄       
                         [38;2;0;0;0m▀[38;2;146;66;113m[48;2;0;0;0m▀[0m[38;2;146;66;113m[48;2;0;0;0m▀[0m[38;2;0;0;0m▀[38;2;0;0;0m▀[38;2;0;0;0m▀        
                                     [0m                                     