 [38;2;0;0;0m▄[38;2;0;0;0m[48;2;255;238;180m▀[0m[38;2;0;0;0m▄                [38;2;0;0;0m▄[38;2;0;0;0m▄                
 [38;2;0;0;0m▀[38;2;255;238;180m[48;2;0;0;0m▀[0m[38;2;0;0;0m[48;2;255;238;180m▀[0m[38;2;0;0;0m▄             [38;2;0;0;0m▄[38;2;0;0;0m[48;2;255;238;180m▀[0m[38;2;255;238;180m[48;2;0;0;0m▀[0m[38;2;0;0;0m▀                
  [38;2;0;0;0m[48;2;0;0;0m▀[0m[38;2;255;238;180m[48;2;255;238;180m▀[0m[38;2;0;0;0m[48;2;65;65;65m▀[0m[38;2;0;0;0m▄           [38;2;0;0;0m▄[38;2;0;0;0m[48;2;255;238;180m▀[0m[38;2;255;238;180m[48;2;65;65;65m▀[0m[38;2;0;0;0m[48;2;0;0;0m▀[0m                 
   [38;2;0;0;0m▀[38;2;255;238;180m[48;2;0;0;0m▀[0m[38;2;65;65;65m[48;2;255;238;180m▀[0m[38;2;0;0;0m[48;2;222;205;164m▀[0m[38;2;0;0;0m[48;2;222;205;164m▀[0m[38;2;0;0;0m▄ [38;2;0;0;0m▄[38;2;0;0;0m[48;2;141;208;144m▀[0m[38;2;0;0;0m[48;2;141;208;144m▀[0m[38;2;0;0;0m▄[38;2;0;0;0m[48;2;255;238;180m▀[0m[38;2;0;0;0m[48;2;255;238;180m▀[0m[38;2;0;0;0m[48;2;255;238;180m▀[0m[38;2;255;238;180m[48;2;0;0;0m▀[0m[38;2;65;65;65m[48;2;0;0;0m▀[0m[38;2;0;0;0m▀                  
     [38;2;0;0;0m▀[38;2;0;0;0m▀[38;2;65;65;65m[48;2;0;0;0m▀[0m[38;2;222;205;164m[48;2;222;205;164m▀[0m[38;2;0;0;0m[48;2;65;65;65m▀[0m[38;2;141;208;144m[48;2;85;153;93m▀[0m[38;2;141;208;144m[48;2;65;65;65m▀[0m[38;2;65;65;65m[48;2;255;238;180m▀[0m[38;2;255;238;180m[48;2;65;65;65m▀[0m[38;2;65;65;65m[48;2;141;208;144m▀[0m[38;2;0;0;0m[48;2;0;0;0m▀[0m[38;2;0;0;0m▀        [38;2;0;0;0m▄[38;2;0;0;0m▄           
       [38;2;65;65;65m[48;2;0;0;0m▀[0m[38;2;65;65;65m[48;2;141;208;144m▀[0m[38;2;141;208;144m[48;2;141;208;144m▀[0m[38;2;141;208;144m[48;2;141;208;144m▀[0m[38;2;65;65;65m[48;2;65;65;65m▀[0m[38;2;255;238;180m[48;2;65;65;65m▀[0m[38;2;65;65;65m[48;2;141;208;144m▀[0m[38;2;141;208;144m[48;2;141;208;144m▀[0m[38;2;141;208;144m[48;2;141;208;144m▀[0m[38;2;0;0;0m[48;2;141;208;144m▀[0m[38;2;0;0;0m▄      [38;2;0;0;0m[48;2;0;0;0m▀[0m[38;2;141;208;144m[48;2;141;208;144m▀[0m[38;2;141;208;144m[48;2;161;71;182m▀[0m[38;2;0;0;0m[48;2;141;208;144m▀[0m[38;2;0;0;0m▄         
      [38;2;0;0;0m[48;2;0;0;0m▀[0m[38;2;141;208;144m[48;2;141;208;144m▀[0m[38;2;141;208;144m[48;2;141;208;144m▀[0m[38;2;141;208;144m[48;2;141;208;144m▀[0m[38;2;141;208;144m[48;2;141;208;144m▀[0m[38;2;141;208;144m[48;2;141;208;144m▀[0m[38;2;141;208;144m[48;2;50;119;53m▀[0m[38;2;141;208;144m[48;2;50;119;53m▀[0m[38;2;141;208;144m[48;2;141;208;144m▀[0m[38;2;141;208;144m[48;2;141;208;144m▀[0m[38;2;141;208;144m[48;2;141;208;144m▀[0m[38;2;0;0;0m[48;2;141;208;144m▀[0m[38;2;0;0;0m▄    [38;2;0;0;0m▄[38;2;0;0;0m[48;2;141;208;144m▀[0m[38;2;141;208;144m[48;2;141;208;144m▀[0m[38;2;161;71;182m[48;2;161;71;182m▀[0m[38;2;161;71;182m[48;2;193;103;175m▀[0m[38;2;141;208;144m[48;2;141;208;144m▀[0m[38;2;0;0;0m[48;2;0;0;0m▀[0m        
     [38;2;0;0;0m[48;2;0;0;0m▀[0m[38;2;141;208;144m[48;2;141;208;144m▀[0m[38;2;141;208;144m[48;2;141;208;144m▀[0m[38;2;141;208;144m[48;2;141;208;144m▀[0m[38;2;141;208;144m[48;2;141;208;144m▀[0m[38;2;141;208;144m[48;2;141;208;144m▀[0m[38;2;255;255;255m[48;2;0;0;0m▀[0m[38;2;0;0;0m[48;2;0;0;0m▀[0m[38;2;255;255;255m[48;2;255;255;255m▀[0m[38;2;50;119;53m[48;2;50;119;53m▀[0m[38;2;141;208;144m[48;2;141;208;144m▀[0m[38;2;141;208;144m[48;2;141;208;144m▀[0m[38;2;141;208;144m[48;2;141;208;144m▀[0m[38;2;0;0;0m[48;2;0;0;0m▀[0m   [38;2;0;0;0m▄[38;2;0;0;0m[48;2;85;153;93m▀[0m[38;2;141;208;144m[48;2;161;71;182m▀[0m[38;2;161;71;182m[48;2;193;103;175m▀[0m[38;2;161;71;182m[48;2;161;71;182m▀[0m[38;2;193;103;175m[48;2;193;103;175m▀[0m[38;2;193;103;175m[48;2;193;103;175m▀[0m[38;2;141;208;144m[48;2;141;208;144m▀[0m[38;2;0;0;0m[48;2;0;0;0m▀[0m       
   [38;2;0;0;0m▄[38;2;0;0;0m[48;2;174;231;167m▀[0m[38;2;174;231;167m[48;2;174;231;167m▀[0m[38;2;174;231;167m[48;2;174;231;167m▀[0m[38;2;174;231;167m[48;2;174;231;167m▀[0m[38;2;141;208;144m[48;2;174;231;167m▀[0m[38;2;141;208;144m[48;2;141;208;144m▀[0m[38;2;141;208;144m[48;2;141;208;144m▀[0m[38;2;65;65;65m[48;2;65;65;65m▀[0m[38;2;0;0;0m[48;2;189;164;131m▀[0m[38;2;255;255;255m[48;2;255;255;255m▀[0m[38;2;85;153;93m[48;2;141;208;144m▀[0m[38;2;141;208;144m[48;2;141;208;144m▀[0m[38;2;141;208;144m[48;2;141;208;144m▀[0m[38;2;141;208;144m[48;2;141;208;144m▀[0m[38;2;0;0;0m[48;2;141;208;144m▀[0m[38;2;0;0;0m▄ [38;2;0;0;0m▄[38;2;0;0;0m[48;2;85;153;93m▀[0m[38;2;85;153;93m[48;2;161;71;182m▀[0m[38;2;161;71;182m[48;2;193;103;175m▀[0m[38;2;193;103;175m[48;2;0;0;0m▀[0m[38;2;161;71;182m[48;2;0;0;0m▀[0m[38;2;0;0;0m▀[38;2;0;0;0m▀[38;2;193;103;175m[48;2;0;0;0m▀[0m[38;2;141;208;144m[48;2;141;208;144m▀[0m[38;2;0;0;0m[48;2;0;0;0m▀[0m      
   [38;2;0;0;0m[48;2;0;0;0m▀[0m[38;2;141;208;144m[48;2;141;208;144m▀[0m[38;2;174;231;167m[48;2;141;208;144m▀[0m[38;2;174;231;167m[48;2;141;208;144m▀[0m[38;2;174;231;167m[48;2;141;208;144m▀[0m[38;2;141;208;144m[48;2;141;208;144m▀[0m[38;2;141;208;144m[48;2;141;208;144m▀[0m[38;2;141;208;144m[48;2;141;208;144m▀[0m[38;2;141;208;144m[48;2;141;208;144m▀[0m[38;2;141;208;144m[48;2;141;208;144m▀[0m[38;2;141;208;144m[48;2;141;208;144m▀[0m[38;2;141;208;144m[48;2;50;119;53m▀[0m[38;2;85;153;93m[48;2;85;153;93m▀[0m[38;2;141;208;144m[48;2;141;208;144m▀[0m[38;2;141;208;144m[48;2;141;208;144m▀[0m[38;2;141;208;144m[48;2;141;208;144m▀[0m[38;2;65;65;65m[48;2;141;208;144m▀[0m[38;2;0;0;0m[48;2;65;65;65m▀[0m[38;2;85;153;93m[48;2;161;71;182m▀[0m[38;2;161;71;182m[48;2;161;71;182m▀[0m[38;2;161;71;182m[48;2;161;71;182m▀[0m[38;2;0;0;0m[48;2;0;0;0m▀[0m     [38;2;0;0;0m▀       
   [38;2;0;0;0m▀[38;2;141;208;144m[48;2;0;0;0m▀[0m[38;2;141;208;144m[48;2;141;208;144m▀[0m[38;2;141;208;144m[48;2;141;208;144m▀[0m[38;2;141;208;144m[48;2;50;119;53m▀[0m[38;2;141;208;144m[48;2;141;208;144m▀[0m[38;2;141;208;144m[48;2;141;208;144m▀[0m[38;2;141;208;144m[48;2;141;208;144m▀[0m[38;2;141;208;144m[48;2;141;208;144m▀[0m[38;2;141;208;144m[48;2;141;208;144m▀[0m[38;2;141;208;144m[48;2;65;65;65m▀[0m[38;2;65;65;65m[48;2;189;164;131m▀[0m[38;2;141;208;144m[48;2;141;208;144m▀[0m[38;2;141;208;144m[48;2;141;208;144m▀[0m[38;2;141;208;144m[48;2;141;208;144m▀[0m[38;2;141;208;144m[48;2;141;208;144m▀[0m[38;2;141;208;144m[48;2;141;208;144m▀[0m[38;2;141;208;144m[48;2;141;208;144m▀[0m[38;2;65;65;65m[48;2;141;208;144m▀[0m[38;2;161;71;182m[48;2;65;65;65m▀[0m[38;2;0;0;0m[48;2;0;0;0m▀[0m[38;2;0;0;0m▄             
    [38;2;0;0;0m▄[38;2;0;0;0m[48;2;85;153;93m▀[0m[38;2;141;208;144m[48;2;65;65;65m▀[0m[38;2;141;208;144m[48;2;65;65;65m▀[0m[38;2;141;208;144m[48;2;65;65;65m▀[0m[38;2;141;208;144m[48;2;65;65;65m▀[0m[38;2;141;208;144m[48;2;65;65;65m▀[0m[38;2;65;65;65m[48;2;255;238;180m▀[0m[38;2;65;65;65m[48;2;255;238;180m▀[0m[38;2;255;238;180m[48;2;255;238;180m▀[0m[38;2;255;238;180m[48;2;189;164;131m▀[0m[38;2;189;164;131m[48;2;189;164;131m▀[0m[38;2;141;208;144m[48;2;141;208;144m▀[0m[38;2;141;208;144m[48;2;141;208;144m▀[0m[38;2;141;208;144m[48;2;141;208;144m▀[0m[38;2;141;208;144m[48;2;141;208;144m▀[0m[38;2;141;208;144m[48;2;141;208;144m▀[0m[38;2;141;208;144m[48;2;141;208;144m▀[0m[38;2;141;208;144m[48;2;141;208;144m▀[0m[38;2;141;208;144m[48;2;141;208;144m▀[0m[38;2;141;208;144m[48;2;174;231;167m▀[0m[38;2;0;0;0m[48;2;174;231;167m▀[0m[38;2;0;0;0m[48;2;174;231;167m▀[0m[38;2;0;0;0m▄    [38;2;0;0;0m▄[38;2;0;0;0m▄[38;2;0;0;0m[48;2;85;153;93m▀[0m[38;2;0;0;0m[48;2;85;153;93m▀[0m[38;2;0;0;0m▄ 
   [38;2;0;0;0m[48;2;0;0;0m▀[0m[38;2;85;153;93m[48;2;65;65;65m▀[0m[38;2;85;153;93m[48;2;85;153;93m▀[0m[38;2;85;153;93m[48;2;85;153;93m▀[0m[38;2;85;153;93m[48;2;85;153;93m▀[0m[38;2;85;153;93m[48;2;0;0;0m▀[0m[38;2;85;153;93m[48;2;0;0;0m▀[0m[38;2;50;119;53m[48;2;50;119;53m▀[0m[38;2;189;164;131m[48;2;255;238;180m▀[0m[38;2;189;164;131m[48;2;255;238;180m▀[0m[38;2;189;164;131m[48;2;255;238;180m▀[0m[38;2;255;238;180m[48;2;255;238;180m▀[0m[38;2;255;238;180m[48;2;189;164;131m▀[0m[38;2;189;164;131m[48;2;255;238;180m▀[0m[38;2;141;208;144m[48;2;189;164;131m▀[0m[38;2;141;208;144m[48;2;141;208;144m▀[0m[38;2;65;65;65m[48;2;141;208;144m▀[0m[38;2;65;65;65m[48;2;141;208;144m▀[0m[38;2;65;65;65m[48;2;50;119;53m▀[0m[38;2;141;208;144m[48;2;65;65;65m▀[0m[38;2;141;208;144m[48;2;141;208;144m▀[0m[38;2;174;231;167m[48;2;141;208;144m▀[0m[38;2;174;231;167m[48;2;174;231;167m▀[0m[38;2;174;231;167m[48;2;174;231;167m▀[0m[38;2;174;231;167m[48;2;174;231;167m▀[0m[38;2;0;0;0m[48;2;141;208;144m▀[0m[38;2;0;0;0m[48;2;65;65;65m▀[0m[38;2;0;0;0m[48;2;85;153;93m▀[0m[38;2;0;0;0m[48;2;85;153;93m▀[0m[38;2;85;153;93m[48;2;85;153;93m▀[0m[38;2;85;153;93m[48;2;85;153;93m▀[0m[38;2;85;153;93m[48;2;85;153;93m▀[0m[38;2;85;153;93m[48;2;0;0;0m▀[0m[38;2;0;0;0m▀ 
    [38;2;0;0;0m▀[38;2;0;0;0m▀[38;2;0;0;0m▀[38;2;0;0;0m▀  [38;2;0;0;0m[48;2;0;0;0m▀[0m[38;2;189;164;131m[48;2;255;238;180m▀[0m[38;2;189;164;131m[48;2;255;238;180m▀[0m[38;2;189;164;131m[48;2;255;238;180m▀[0m[38;2;189;164;131m[48;2;255;238;180m▀[0m[38;2;255;238;180m[48;2;255;238;180m▀[0m[38;2;255;238;180m[48;2;255;238;180m▀[0m[38;2;255;238;180m[48;2;189;164;131m▀[0m[38;2;189;164;131m[48;2;189;164;131m▀[0m[38;2;141;208;144m[48;2;189;164;131m▀[0m[38;2;141;208;144m[48;2;141;208;144m▀[0m[38;2;141;208;144m[48;2;141;208;144m▀[0m[38;2;65;65;65m[48;2;141;208;144m▀[0m[38;2;141;208;144m[48;2;65;65;65m▀[0m[38;2;141;208;144m[48;2;141;208;144m▀[0m[38;2;141;208;144m[48;2;141;208;144m▀[0m[38;2;141;208;144m[48;2;85;153;93m▀[0m[38;2;141;208;144m[48;2;85;153;93m▀[0m[38;2;85;153;93m[48;2;255;255;255m▀[0m[38;2;65;65;65m[48;2;65;65;65m▀[0m[38;2;85;153;93m[48;2;85;153;93m▀[0m[38;2;85;153;93m[48;2;85;153;93m▀[0m[38;2;85;153;93m[48;2;85;153;93m▀[0m[38;2;85;153;93m[48;2;85;153;93m▀[0m[38;2;85;153;93m[48;2;0;0;0m▀[0m[38;2;0;0;0m▀  
        [38;2;0;0;0m▄[38;2;0;0;0m[48;2;85;153;93m▀[0m[38;2;85;153;93m[48;2;85;153;93m▀[0m[38;2;65;65;65m[48;2;65;65;65m▀[0m[38;2;255;238;180m[48;2;189;164;131m▀[0m[38;2;255;238;180m[48;2;189;164;131m▀[0m[38;2;255;238;180m[48;2;189;164;131m▀[0m[38;2;255;238;180m[48;2;189;164;131m▀[0m[38;2;189;164;131m[48;2;255;238;180m▀[0m[38;2;189;164;131m[48;2;255;238;180m▀[0m[38;2;255;238;180m[48;2;255;238;180m▀[0m[38;2;255;238;180m[48;2;189;164;131m▀[0m[38;2;189;164;131m[48;2;50;119;53m▀[0m[38;2;50;119;53m[48;2;141;208;144m▀[0m[38;2;141;208;144m[48;2;174;231;167m▀[0m[38;2;141;208;144m[48;2;174;231;167m▀[0m[38;2;65;65;65m[48;2;141;208;144m▀[0m[38;2;65;65;65m[48;2;141;208;144m▀[0m[38;2;255;255;255m[48;2;65;65;65m▀[0m[38;2;65;65;65m[48;2;65;65;65m▀[0m[38;2;65;65;65m[48;2;85;153;93m▀[0m[38;2;85;153;93m[48;2;85;153;93m▀[0m[38;2;85;153;93m[48;2;85;153;93m▀[0m[38;2;85;153;93m[48;2;85;153;93m▀[0m[38;2;85;153;93m[48;2;0;0;0m▀[0m[38;2;0;0;0m▀    
        [38;2;0;0;0m[48;2;0;0;0m▀[0m[38;2;85;153;93m[48;2;85;153;93m▀[0m[38;2;85;153;93m[48;2;85;153;93m▀[0m[38;2;85;153;93m[48;2;85;153;93m▀[0m[38;2;65;65;65m[48;2;85;153;93m▀[0m[38;2;255;238;180m[48;2;65;65;65m▀[0m[38;2;255;238;180m[48;2;189;164;131m▀[0m[38;2;255;238;180m[48;2;189;164;131m▀[0m[38;2;255;238;180m[48;2;189;164;131m▀[0m[38;2;189;164;131m[48;2;189;164;131m▀[0m[38;2;189;164;131m[48;2;222;205;164m▀[0m[38;2;222;205;164m[48;2;50;119;53m▀[0m[38;2;50;119;53m[48;2;141;208;144m▀[0m[38;2;174;231;167m[48;2;174;231;167m▀[0m[38;2;174;231;167m[48;2;174;231;167m▀[0m[38;2;174;231;167m[48;2;174;231;167m▀[0m[38;2;174;231;167m[48;2;174;231;167m▀[0m[38;2;141;208;144m[48;2;141;208;144m▀[0m[38;2;141;208;144m[48;2;141;208;144m▀[0m[38;2;65;65;65m[48;2;141;208;144m▀[0m[38;2;85;153;93m[48;2;65;65;65m▀[0m[38;2;85;153;93m[48;2;0;0;0m▀[0m[38;2;0;0;0m▀[38;2;0;0;0m▀      
         [38;2;0;0;0m▀[38;2;85;153;93m[48;2;0;0;0m▀[0m[38;2;85;153;93m[48;2;85;153;93m▀[0m[38;2;85;153;93m[48;2;85;153;93m▀[0m[38;2;85;153;93m[48;2;85;153;93m▀[0m[38;2;65;65;65m[48;2;85;153;93m▀[0m[38;2;65;65;65m[48;2;85;153;93m▀[0m[38;2;222;205;164m[48;2;65;65;65m▀[0m[38;2;222;205;164m[48;2;0;0;0m▀[0m[38;2;222;205;164m[48;2;0;0;0m▀[0m[38;2;50;119;53m[48;2;0;0;0m▀[0m[38;2;141;208;144m[48;2;141;208;144m▀[0m[38;2;141;208;144m[48;2;141;208;144m▀[0m[38;2;174;231;167m[48;2;141;208;144m▀[0m[38;2;174;231;167m[48;2;141;208;144m▀[0m[38;2;141;208;144m[48;2;141;208;144m▀[0m[38;2;141;208;144m[48;2;141;208;144m▀[0m[38;2;141;208;144m[48;2;141;208;144m▀[0m[38;2;141;208;144m[48;2;85;153;93m▀[0m[38;2;0;0;0m[48;2;0;0;0m▀[0m         
          [38;2;0;0;0m▄[38;2;0;0;0m[48;2;50;119;53m▀[0m[38;2;65;65;65m[48;2;85;153;93m▀[0m[38;2;85;153;93m[48;2;85;153;93m▀[0m[38;2;85;153;93m[48;2;0;0;0m▀[0m[38;2;85;153;93m[48;2;0;0;0m▀[0m[38;2;0;0;0m▀   [38;2;0;0;0m▀[38;2;141;208;144m[48;2;0;0;0m▀[0m[38;2;141;208;144m[48;2;65;65;65m▀[0m[38;2;141;208;144m[48;2;85;153;93m▀[0m[38;2;141;208;144m[48;2;85;153;93m▀[0m[38;2;141;208;144m[48;2;141;208;144m▀[0m[38;2;85;153;93m[48;2;141;208;144m▀[0m[38;2;0;0;0m[48;2;0;0;0m▀[0m          
          [38;2;0;0;0m▀[38;2;213;213;213m[48;2;0;0;0m▀[0m[38;2;85;153;93m[48;2;0;0;0m▀[0m[38;2;0;0;0m▀        [38;2;0;0;0m[48;2;0;0;0m▀[0m[38;2;141;208;144m[48;2;255;255;255m▀[0m[38;2;141;208;144m[48;2;85;153;93m▀[0m[38;2;141;208;144m[48;2;85;153;93m▀[0m[38;2;85;153;93m[48;2;255;255;255m▀[0m[38;2;0;0;0m[48;2;0;0;0m▀[0m          
                      [38;2;0;0;0m▀[38;2;65;65;65m[48;2;0;0;0m▀[0m[38;2;255;255;255m[48;2;0;0;0m▀[0m[38;2;255;255;255m[48;2;0;0;0m▀[0m[38;2;0;0;0m▀           
                                     [0m                                     