                   [38;2;0;0;0m▄[38;2;0;0;0m▄[38;2;0;0;0m[48;2;198;148;78m▀[0m[38;2;0;0;0m[48;2;198;148;78m▀[0m[38;2;0;0;0m[48;2;198;148;78m▀[0m[38;2;0;0;0m▄[38;2;0;0;0m▄              
                 [38;2;0;0;0m▄[38;2;0;0;0m[48;2;198;148;78m▀[0m[38;2;198;148;78m[48;2;198;148;78m▀[0m[38;2;198;148;78m[48;2;198;148;78m▀[0m[38;2;198;148;78m[48;2;198;148;78m▀[0m[38;2;198;148;78m[48;2;198;148;78m▀[0m[38;2;198;148;78m[48;2;198;148;78m▀[0m[38;2;198;148;78m[48;2;198;148;78m▀[0m[38;2;198;148;78m[48;2;198;148;78m▀[0m[38;2;0;0;0m[48;2;0;0;0m▀[0m             
                 [38;2;0;0;0m[48;2;0;0;0m▀[0m[38;2;198;148;78m[48;2;198;148;78m▀[0m[38;2;198;148;78m[48;2;198;148;78m▀[0m[38;2;198;148;78m[48;2;198;148;78m▀[0m[38;2;198;148;78m[48;2;0;0;0m▀[0m[38;2;66;65;66m[48;2;0;0;0m▀[0m[38;2;66;65;66m[48;2;238;232;118m▀[0m[38;2;198;148;78m[48;2;238;232;118m▀[0m[38;2;198;148;78m[48;2;198;148;78m▀[0m[38;2;198;148;78m[48;2;198;148;78m▀[0m[38;2;0;0;0m[48;2;0;0;0m▀[0m [38;2;0;0;0m▄[38;2;0;0;0m▄[38;2;0;0;0m▄[38;2;0;0;0m▄       
          [38;2;0;0;0m▄[38;2;0;4;0m▄[38;2;0;4;0m▄[38;2;0;0;0m▄  [38;2;0;0;0m[48;2;0;0;0m▀[0m[38;2;198;148;78m[48;2;198;148;78m▀[0m[38;2;198;148;78m[48;2;198;148;78m▀[0m[38;2;198;148;78m[48;2;198;148;78m▀[0m[38;2;0;0;0m[48;2;0;0;0m▀[0m  [38;2;0;0;0m[48;2;0;0;0m▀[0m[38;2;238;232;118m[48;2;238;232;118m▀[0m[38;2;238;232;118m[48;2;238;232;118m▀[0m[38;2;198;148;78m[48;2;198;148;78m▀[0m[38;2;66;65;66m[48;2;66;65;66m▀[0m[38;2;0;0;0m[48;2;239;247;239m▀[0m[38;2;239;247;239m[48;2;239;247;239m▀[0m[38;2;239;247;239m[48;2;239;247;239m▀[0m[38;2;239;247;239m[48;2;239;247;239m▀[0m[38;2;239;247;239m[48;2;239;247;239m▀[0m[38;2;0;0;0m[48;2;239;247;239m▀[0m[38;2;0;0;0m▄     
       [38;2;0;0;0m▄[38;2;0;0;0m[48;2;239;239;231m▀[0m[38;2;0;0;0m[48;2;239;247;239m▀[0m[38;2;239;247;239m[48;2;239;247;239m▀[0m[38;2;255;255;247m[48;2;189;189;173m▀[0m[38;2;170;171;164m[48;2;239;247;239m▀[0m[38;2;189;190;173m[48;2;239;247;239m▀[0m[38;2;0;0;0m[48;2;239;247;239m▀[0m[38;2;0;0;0m[48;2;239;247;239m▀[0m[38;2;66;65;66m[48;2;239;247;239m▀[0m[38;2;198;148;78m[48;2;49;73;74m▀[0m[38;2;198;148;78m[48;2;198;192;78m▀[0m[38;2;198;148;78m[48;2;0;0;0m▀[0m[38;2;0;0;0m▀ [38;2;0;0;0m[48;2;0;0;0m▀[0m[38;2;238;232;118m[48;2;237;231;117m▀[0m[38;2;238;232;118m[48;2;237;231;117m▀[0m[38;2;198;148;78m[48;2;198;148;78m▀[0m[38;2;198;148;78m[48;2;198;148;78m▀[0m[38;2;66;65;66m[48;2;198;148;78m▀[0m[38;2;239;247;239m[48;2;66;65;66m▀[0m[38;2;239;247;239m[48;2;239;247;239m▀[0m[38;2;239;247;239m[48;2;239;247;239m▀[0m[38;2;239;247;239m[48;2;239;247;239m▀[0m[38;2;239;247;239m[48;2;239;247;239m▀[0m[38;2;239;247;239m[48;2;189;190;173m▀[0m[38;2;0;0;0m[48;2;0;0;0m▀[0m [38;2;0;0;0m▄   
      [38;2;0;0;0m▄[38;2;0;0;0m[48;2;66;65;66m▀[0m[38;2;159;159;154m[48;2;66;65;66m▀[0m[38;2;239;247;239m[48;2;156;147;131m▀[0m[38;2;239;247;239m[48;2;239;247;239m▀[0m[38;2;239;247;239m[48;2;239;247;239m▀[0m[38;2;239;247;239m[48;2;239;247;239m▀[0m[38;2;239;247;239m[48;2;239;247;239m▀[0m[38;2;189;189;173m[48;2;239;247;239m▀[0m[38;2;189;189;173m[48;2;239;247;239m▀[0m[38;2;239;247;239m[48;2;156;147;131m▀[0m[38;2;231;251;239m[48;2;239;247;239m▀[0m[38;2;231;251;239m[48;2;239;247;239m▀[0m[38;2;0;0;0m[48;2;239;247;239m▀[0m[38;2;0;0;0m▄[38;2;0;0;0m[48;2;238;232;118m▀[0m[38;2;238;232;118m[48;2;238;232;118m▀[0m[38;2;237;231;117m[48;2;207;201;87m▀[0m[38;2;237;231;117m[48;2;74;77;66m▀[0m[38;2;198;148;78m[48;2;57;69;66m▀[0m[38;2;198;148;78m[48;2;198;192;78m▀[0m[38;2;198;148;78m[48;2;198;148;78m▀[0m[38;2;66;65;66m[48;2;198;148;78m▀[0m[38;2;239;247;239m[48;2;66;65;66m▀[0m[38;2;198;148;78m[48;2;198;148;78m▀[0m[38;2;239;247;239m[48;2;239;247;239m▀[0m[38;2;239;247;239m[48;2;239;247;239m▀[0m[38;2;189;190;173m[48;2;239;247;239m▀[0m[38;2;189;190;173m[48;2;181;186;181m▀[0m[38;2;0;0;0m[48;2;239;247;239m▀[0m[38;2;239;247;239m[48;2;239;247;239m▀[0m[38;2;0;0;0m[48;2;0;0;0m▀[0m  
  [38;2;0;0;0m▄[38;2;0;0;0m[48;2;198;148;78m▀[0m[38;2;0;0;0m[48;2;198;148;78m▀[0m[38;2;8;4;8m▄[38;2;0;0;0m[48;2;43;60;60m▀[0m[38;2;255;166;214m[48;2;247;154;206m▀[0m[38;2;66;65;66m[48;2;66;65;66m▀[0m[38;2;92;91;92m[48;2;118;81;30m▀[0m[38;2;239;247;239m[48;2;92;91;92m▀[0m[38;2;66;65;66m[48;2;66;65;66m▀[0m[38;2;66;65;66m[48;2;66;65;66m▀[0m[38;2;66;65;66m[48;2;66;65;66m▀[0m[38;2;239;247;239m[48;2;66;65;66m▀[0m[38;2;239;247;239m[48;2;239;247;239m▀[0m[38;2;239;247;239m[48;2;239;247;239m▀[0m[38;2;189;189;173m[48;2;239;247;239m▀[0m[38;2;239;247;239m[48;2;239;247;239m▀[0m[38;2;239;247;239m[48;2;239;247;239m▀[0m[38;2;79;82;79m[48;2;239;247;239m▀[0m[38;2;239;247;239m[48;2;66;65;66m▀[0m[38;2;238;232;118m[48;2;239;247;239m▀[0m[38;2;129;136;123m[48;2;239;247;239m▀[0m[38;2;239;255;239m[48;2;239;247;239m▀[0m[38;2;222;255;247m[48;2;66;65;66m▀[0m[38;2;57;69;66m[48;2;66;65;66m▀[0m[38;2;198;148;78m[48;2;57;69;66m▀[0m[38;2;198;148;78m[48;2;198;192;78m▀[0m[38;2;198;148;78m[48;2;198;148;78m▀[0m[38;2;198;148;78m[48;2;198;148;78m▀[0m[38;2;198;148;78m[48;2;66;69;66m▀[0m[38;2;239;247;239m[48;2;173;199;189m▀[0m[38;2;239;247;239m[48;2;239;247;239m▀[0m[38;2;66;65;66m[48;2;239;247;239m▀[0m[38;2;239;247;239m[48;2;66;65;66m▀[0m[38;2;0;0;0m[48;2;66;65;66m▀[0m[38;2;0;0;0m▄  
 [38;2;0;0;0m[48;2;0;0;0m▀[0m[38;2;198;148;78m[48;2;193;143;73m▀[0m[38;2;198;148;78m[48;2;198;148;78m▀[0m[38;2;198;148;78m[48;2;66;65;66m▀[0m[38;2;198;148;78m[48;2;198;148;78m▀[0m[38;2;198;148;78m[48;2;198;148;78m▀[0m[38;2;57;69;82m[48;2;198;148;78m▀[0m[38;2;57;69;82m[48;2;198;148;78m▀[0m[38;2;118;81;30m[48;2;198;148;78m▀[0m[38;2;66;65;66m[48;2;198;148;78m▀[0m[38;2;239;138;198m[48;2;247;154;206m▀[0m[38;2;239;138;198m[48;2;247;154;206m▀[0m[38;2;66;65;66m[48;2;66;65;66m▀[0m[38;2;66;65;66m[48;2;66;65;66m▀[0m[38;2;66;65;66m[48;2;66;69;66m▀[0m[38;2;239;247;239m[48;2;239;255;239m▀[0m[38;2;239;247;239m[48;2;239;247;239m▀[0m[38;2;189;189;173m[48;2;239;247;239m▀[0m[38;2;239;247;239m[48;2;156;147;131m▀[0m[38;2;239;247;239m[48;2;239;247;239m▀[0m[38;2;66;65;66m[48;2;239;247;239m▀[0m[38;2;239;247;239m[48;2;66;65;66m▀[0m[38;2;239;247;239m[48;2;239;247;239m▀[0m[38;2;239;247;239m[48;2;189;189;173m▀[0m[38;2;239;247;239m[48;2;186;186;176m▀[0m[38;2;239;247;239m[48;2;247;247;231m▀[0m[38;2;222;255;247m[48;2;66;65;66m▀[0m[38;2;57;69;66m[48;2;198;148;78m▀[0m[38;2;198;148;78m[48;2;198;148;78m▀[0m[38;2;198;148;78m[48;2;238;232;118m▀[0m[38;2;193;187;73m[48;2;198;192;78m▀[0m[38;2;66;69;66m[48;2;66;65;66m▀[0m[38;2;189;189;173m[48;2;189;190;173m▀[0m[38;2;239;247;239m[48;2;66;65;66m▀[0m[38;2;239;247;239m[48;2;189;190;173m▀[0m[38;2;239;247;239m[48;2;189;190;173m▀[0m[38;2;189;190;173m[48;2;0;0;0m▀[0m[38;2;0;0;0m▀ 
 [38;2;0;0;0m[48;2;0;0;0m▀[0m[38;2;117;69;1m[48;2;238;232;118m▀[0m[38;2;198;148;78m[48;2;238;232;118m▀[0m[38;2;198;148;78m[48;2;196;190;76m▀[0m[38;2;198;148;78m[48;2;198;148;78m▀[0m[38;2;198;148;78m[48;2;238;232;118m▀[0m[38;2;238;232;118m[48;2;238;232;118m▀[0m[38;2;198;148;78m[48;2;197;191;77m▀[0m[38;2;198;148;78m[48;2;66;65;66m▀[0m[38;2;238;232;118m[48;2;197;191;77m▀[0m[38;2;198;148;78m[48;2;238;232;118m▀[0m[38;2;198;148;78m[48;2;238;232;118m▀[0m[38;2;238;232;118m[48;2;235;229;115m▀[0m[38;2;238;232;118m[48;2;66;65;66m▀[0m[38;2;181;193;181m[48;2;238;232;118m▀[0m[38;2;66;69;66m[48;2;66;65;66m▀[0m[38;2;239;247;239m[48;2;239;247;239m▀[0m[38;2;239;247;239m[48;2;239;247;239m▀[0m[38;2;156;147;131m[48;2;189;190;173m▀[0m[38;2;239;247;239m[48;2;66;65;66m▀[0m[38;2;181;186;181m[48;2;181;186;181m▀[0m[38;2;66;65;66m[48;2;66;65;66m▀[0m[38;2;239;247;239m[48;2;239;247;239m▀[0m[38;2;239;247;239m[48;2;239;247;239m▀[0m[38;2;186;186;176m[48;2;239;247;239m▀[0m[38;2;66;65;66m[48;2;189;189;173m▀[0m[38;2;198;148;78m[48;2;57;69;66m▀[0m[38;2;198;148;78m[48;2;198;192;78m▀[0m[38;2;238;232;118m[48;2;57;69;66m▀[0m[38;2;198;148;78m[48;2;198;192;78m▀[0m[38;2;239;233;119m[48;2;201;151;81m▀[0m[38;2;66;65;66m[48;2;51;60;60m▀[0m[38;2;189;190;173m[48;2;0;0;0m▀[0m[38;2;189;190;173m[48;2;0;0;0m▀[0m[38;2;0;0;0m▀[38;2;0;0;0m▀   
  [38;2;0;0;0m▀[38;2;196;190;76m[48;2;0;0;0m▀[0m[38;2;57;65;66m[48;2;189;190;173m▀[0m[38;2;238;232;118m[48;2;66;65;66m▀[0m[38;2;238;232;118m[48;2;66;65;66m▀[0m[38;2;238;232;118m[48;2;238;232;118m▀[0m[38;2;66;65;66m[48;2;238;232;118m▀[0m[38;2;238;232;118m[48;2;148;158;148m▀[0m[38;2;66;65;66m[48;2;66;65;66m▀[0m[38;2;238;232;118m[48;2;79;82;79m▀[0m[38;2;66;65;66m[48;2;239;247;239m▀[0m[38;2;66;65;66m[48;2;189;190;173m▀[0m[38;2;235;229;115m[48;2;0;0;0m▀[0m[38;2;197;191;77m[48;2;191;185;71m▀[0m[38;2;66;65;66m[48;2;103;97;1m▀[0m[38;2;189;189;173m[48;2;189;189;173m▀[0m[38;2;189;189;173m[48;2;189;189;173m▀[0m[38;2;189;190;173m[48;2;189;190;173m▀[0m[38;2;66;65;66m[48;2;66;65;66m▀[0m[38;2;66;65;66m[48;2;189;189;173m▀[0m[38;2;239;247;239m[48;2;239;247;239m▀[0m[38;2;239;247;239m[48;2;239;247;239m▀[0m[38;2;239;247;239m[48;2;239;247;239m▀[0m[38;2;239;247;239m[48;2;239;247;239m▀[0m[38;2;189;189;173m[48;2;239;247;239m▀[0m[38;2;222;255;247m[48;2;239;247;239m▀[0m[38;2;57;69;66m[48;2;239;247;239m▀[0m[38;2;222;255;247m[48;2;239;247;239m▀[0m[38;2;57;69;66m[48;2;189;189;173m▀[0m[38;2;51;60;60m[48;2;189;189;172m▀[0m[38;2;16;4;8m[48;2;156;147;131m▀[0m[38;2;0;0;0m▄      
    [38;2;0;0;0m▀[38;2;239;247;239m[48;2;0;0;0m▀[0m[38;2;239;247;239m[48;2;0;0;0m▀[0m[38;2;66;65;66m[48;2;159;162;154m▀[0m[38;2;66;65;66m[48;2;239;243;231m▀[0m[38;2;66;65;66m[48;2;239;243;231m▀[0m[38;2;231;251;231m[48;2;159;162;154m▀[0m[38;2;239;247;239m[48;2;0;0;0m▀[0m[38;2;0;0;0m▀[38;2;0;0;0m▀ [38;2;0;0;0m▀[38;2;103;97;1m[48;2;0;0;0m▀[0m[38;2;189;189;173m[48;2;66;64;66m▀[0m[38;2;189;189;173m[48;2;66;64;66m▀[0m[38;2;66;65;66m[48;2;156;150;132m▀[0m[38;2;148;148;137m[48;2;156;150;132m▀[0m[38;2;189;189;173m[48;2;156;150;132m▀[0m[38;2;189;189;173m[48;2;183;182;167m▀[0m[38;2;239;247;239m[48;2;239;247;239m▀[0m[38;2;239;247;239m[48;2;239;247;239m▀[0m[38;2;239;247;239m[48;2;156;147;131m▀[0m[38;2;239;247;239m[48;2;239;247;239m▀[0m[38;2;183;182;167m[48;2;239;247;239m▀[0m[38;2;156;150;132m[48;2;239;247;239m▀[0m[38;2;189;189;173m[48;2;159;156;148m▀[0m[38;2;189;189;173m[48;2;159;156;148m▀[0m[38;2;189;189;172m[48;2;156;150;132m▀[0m[38;2;189;189;172m[48;2;0;0;0m▀[0m[38;2;189;190;173m[48;2;0;0;0m▀[0m[38;2;0;0;0m▀     
       [38;2;0;0;0m▀[38;2;239;243;231m[48;2;0;0;0m▀[0m[38;2;239;243;231m[48;2;0;0;0m▀[0m[38;2;0;0;0m▀      [38;2;0;0;0m▀[38;2;0;0;0m▀[38;2;0;0;0m▀[38;2;156;150;132m[48;2;0;0;0m▀[0m[38;2;239;247;239m[48;2;255;255;247m▀[0m[38;2;239;247;239m[48;2;170;171;164m▀[0m[38;2;156;147;131m[48;2;0;0;0m▀[0m[38;2;239;247;239m[48;2;0;0;0m▀[0m[38;2;239;247;239m[48;2;239;247;239m▀[0m[38;2;156;147;131m[48;2;239;247;239m▀[0m[38;2;189;189;173m[48;2;0;0;0m▀[0m[38;2;239;247;239m[48;2;0;0;0m▀[0m[38;2;239;235;222m[48;2;0;0;0m▀[0m[38;2;0;0;0m▀[38;2;0;0;0m▀        
                     [38;2;0;4;0m▀[38;2;0;4;0m▀  [38;2;0;0;0m▀[38;2;0;0;0m▀             
                                     [0m                                     