           [38;2;0;0;0m▄    [38;2;0;0;0m▄[38;2;0;0;0m[48;2;192;67;124m▀[0m[38;2;0;0;0m▄      [38;2;0;0;0m▄[38;2;0;0;0m[48;2;228;148;174m▀[0m[38;2;0;0;0m▄                          
         [38;2;0;0;0m▄[38;2;0;0;0m[48;2;244;164;190m▀[0m[38;2;244;164;190m[48;2;244;164;190m▀[0m[38;2;0;0;0m[48;2;244;164;190m▀[0m[38;2;0;0;0m▄[38;2;0;0;0m▄[38;2;0;8;0m[48;2;190;75;128m▀[0m[38;2;190;75;128m[48;2;86;39;59m▀[0m[38;2;57;75;78m[48;2;107;150;156m▀[0m[38;2;8;0;0m[48;2;57;75;78m▀[0m[38;2;0;0;0m▄[38;2;0;0;0m[48;2;244;164;190m▀[0m[38;2;0;0;0m[48;2;244;164;190m▀[0m[38;2;0;0;0m[48;2;244;164;190m▀[0m[38;2;0;0;0m[48;2;244;164;190m▀[0m[38;2;0;0;0m[48;2;244;164;190m▀[0m[38;2;228;148;174m[48;2;244;164;190m▀[0m[38;2;228;148;174m[48;2;244;164;190m▀[0m[38;2;0;0;0m[48;2;66;65;66m▀[0m[38;2;0;0;0m▄[38;2;0;0;0m▄   [38;2;0;0;0m▄         [38;2;0;0;0m▄[38;2;0;0;0m[48;2;255;255;255m▀[0m[38;2;0;0;0m[48;2;0;0;0m▀[0m   [38;2;0;0;0m[48;2;0;0;0m▀[0m[38;2;0;0;0m[48;2;255;255;255m▀[0m[38;2;0;0;0m▄  
      [38;2;0;0;0m▄[38;2;0;0;0m[48;2;192;67;124m▀[0m[38;2;0;0;0m▄[38;2;0;0;0m[48;2;132;67;102m▀[0m[38;2;240;160;186m[48;2;240;160;186m▀[0m[38;2;244;164;190m[48;2;244;164;190m▀[0m[38;2;244;164;190m[48;2;66;65;66m▀[0m[38;2;66;65;66m[48;2;197;66;127m▀[0m[38;2;197;66;127m[48;2;197;66;127m▀[0m[38;2;66;65;66m[48;2;66;65;66m▀[0m[38;2;93;157;164m[48;2;93;157;164m▀[0m[38;2;56;70;64m[48;2;56;70;64m▀[0m[38;2;242;162;188m[48;2;124;98;110m▀[0m[38;2;242;162;188m[48;2;242;162;188m▀[0m[38;2;242;162;188m[48;2;242;162;188m▀[0m[38;2;244;164;190m[48;2;244;164;190m▀[0m[38;2;244;164;190m[48;2;101;110;101m▀[0m[38;2;242;162;188m[48;2;242;162;188m▀[0m[38;2;242;162;188m[48;2;242;162;188m▀[0m[38;2;255;184;207m[48;2;53;63;78m▀[0m[38;2;53;63;78m[48;2;123;119;148m▀[0m[38;2;93;157;164m[48;2;93;157;164m▀[0m[38;2;66;65;66m[48;2;66;65;66m▀[0m[38;2;244;164;190m[48;2;244;164;190m▀[0m[38;2;0;0;0m[48;2;244;164;190m▀[0m[38;2;0;0;0m▄[38;2;0;0;0m[48;2;192;67;124m▀[0m[38;2;200;65;128m[48;2;200;65;128m▀[0m[38;2;0;0;0m[48;2;0;0;0m▀[0m       [38;2;0;0;0m[48;2;0;0;0m▀[0m[38;2;255;255;255m[48;2;255;255;255m▀[0m[38;2;0;0;0m[48;2;0;0;0m▀[0m [38;2;0;0;0m▄[38;2;0;0;0m▄[38;2;0;0;0m▄[38;2;0;0;0m▄[38;2;0;0;0m[48;2;255;255;255m▀[0m[38;2;255;255;255m[48;2;255;255;255m▀[0m[38;2;0;0;0m[48;2;0;0;0m▀[0m 
      [38;2;0;0;0m▀[38;2;200;65;128m[48;2;0;0;0m▀[0m[38;2;200;65;128m[48;2;200;65;128m▀[0m[38;2;150;47;105m[48;2;190;78;142m▀[0m[38;2;239;159;185m[48;2;150;47;105m▀[0m[38;2;244;164;190m[48;2;244;164;190m▀[0m[38;2;66;65;66m[48;2;66;65;66m▀[0m[38;2;197;66;127m[48;2;197;66;127m▀[0m[38;2;66;65;66m[48;2;66;65;66m▀[0m[38;2;255;255;255m[48;2;255;255;255m▀[0m[38;2;66;65;66m[48;2;66;65;66m▀[0m[38;2;244;164;190m[48;2;244;164;190m▀[0m[38;2;101;110;101m[48;2;244;164;190m▀[0m[38;2;242;162;188m[48;2;242;162;188m▀[0m[38;2;242;162;188m[48;2;242;162;188m▀[0m[38;2;101;110;101m[48;2;101;110;101m▀[0m[38;2;244;164;190m[48;2;244;164;190m▀[0m[38;2;128;97;117m[48;2;244;164;190m▀[0m[38;2;244;164;190m[48;2;56;70;64m▀[0m[38;2;66;65;66m[48;2;93;157;164m▀[0m[38;2;93;157;164m[48;2;93;157;164m▀[0m[38;2;120;133;134m[48;2;252;254;255m▀[0m[38;2;53;63;78m[48;2;53;63;78m▀[0m[38;2;244;164;190m[48;2;244;164;190m▀[0m[38;2;244;164;190m[48;2;66;65;66m▀[0m[38;2;66;65;66m[48;2;197;66;127m▀[0m[38;2;197;66;127m[48;2;197;66;127m▀[0m[38;2;196;69;127m[48;2;196;69;127m▀[0m[38;2;196;69;127m[48;2;196;69;127m▀[0m[38;2;0;0;0m[48;2;66;65;66m▀[0m[38;2;0;0;0m▄[38;2;0;0;0m[48;2;244;164;190m▀[0m[38;2;0;0;0m[48;2;244;164;190m▀[0m[38;2;0;0;0m▄  [38;2;0;0;0m▀[38;2;255;255;255m[48;2;0;0;0m▀[0m[38;2;255;255;255m[48;2;255;255;255m▀[0m[38;2;0;0;0m[48;2;197;102;190m▀[0m[38;2;197;102;190m[48;2;197;102;190m▀[0m[38;2;96;156;164m[48;2;96;156;164m▀[0m[38;2;96;156;164m[48;2;196;69;121m▀[0m[38;2;173;104;136m[48;2;173;104;136m▀[0m[38;2;255;249;252m[48;2;101;24;56m▀[0m[38;2;255;255;255m[48;2;0;0;0m▀[0m[38;2;0;0;0m▀ 
    [38;2;0;0;0m▄[38;2;0;0;0m[48;2;244;164;190m▀[0m[38;2;0;0;0m[48;2;244;164;190m▀[0m[38;2;150;47;105m[48;2;239;159;185m▀[0m[38;2;190;78;142m[48;2;150;47;105m▀[0m[38;2;196;69;127m[48;2;196;69;127m▀[0m[38;2;196;69;127m[48;2;196;69;127m▀[0m[38;2;133;55;88m[48;2;200;77;135m▀[0m[38;2;63;35;47m[48;2;5;17;12m▀[0m[38;2;197;66;127m[48;2;197;66;127m▀[0m[38;2;197;66;127m[48;2;66;65;66m▀[0m[38;2;66;65;66m[48;2;66;65;66m▀[0m[38;2;244;164;190m[48;2;244;164;190m▀[0m[38;2;244;164;190m[48;2;66;65;66m▀[0m[38;2;244;164;190m[48;2;66;65;66m▀[0m[38;2;244;164;190m[48;2;66;65;66m▀[0m[38;2;244;164;190m[48;2;66;65;66m▀[0m[38;2;242;162;188m[48;2;242;162;188m▀[0m[38;2;242;162;188m[48;2;242;162;188m▀[0m[38;2;244;164;190m[48;2;244;164;190m▀[0m[38;2;66;65;66m[48;2;66;65;66m▀[0m[38;2;255;255;255m[48;2;255;255;255m▀[0m[38;2;0;0;0m[48;2;255;255;255m▀[0m[38;2;255;255;255m[48;2;255;255;255m▀[0m[38;2;66;65;66m[48;2;66;65;66m▀[0m[38;2;235;155;181m[48;2;66;60;66m▀[0m[38;2;66;60;66m[48;2;176;101;136m▀[0m[38;2;196;69;127m[48;2;196;69;127m▀[0m[38;2;196;69;127m[48;2;196;69;127m▀[0m[38;2;190;78;142m[48;2;150;47;105m▀[0m[38;2;150;47;105m[48;2;239;159;185m▀[0m[38;2;242;162;188m[48;2;242;162;188m▀[0m[38;2;242;162;188m[48;2;242;162;188m▀[0m[38;2;244;164;190m[48;2;244;164;190m▀[0m[38;2;0;8;0m[48;2;78;51;69m▀[0m[38;2;0;0;0m▄[38;2;0;0;0m▄   [38;2;0;0;0m▀[38;2;0;0;0m▀[38;2;192;67;124m[48;2;0;0;0m▀[0m[38;2;198;67;121m[48;2;143;51;110m▀[0m[38;2;198;67;121m[48;2;143;51;110m▀[0m[38;2;192;67;124m[48;2;0;0;0m▀[0m[38;2;0;0;0m▀   
    [38;2;0;0;0m▄[38;2;0;4;0m[48;2;179;92;132m▀[0m[38;2;235;155;181m[48;2;81;45;60m▀[0m[38;2;242;162;188m[48;2;242;162;188m▀[0m[38;2;242;162;188m[48;2;242;162;188m▀[0m[38;2;140;55;114m[48;2;0;0;0m▀[0m[38;2;0;0;0m▀[38;2;0;0;0m▀ [38;2;0;0;0m▀[38;2;255;255;255m[48;2;0;0;0m▀[0m[38;2;255;255;255m[48;2;255;255;255m▀[0m[38;2;66;65;66m[48;2;255;255;255m▀[0m[38;2;212;190;212m[48;2;82;60;57m▀[0m[38;2;82;60;57m[48;2;125;101;106m▀[0m[38;2;143;53;116m[48;2;143;53;116m▀[0m[38;2;143;53;116m[48;2;143;53;116m▀[0m[38;2;71;53;62m[48;2;142;82;114m▀[0m[38;2;236;156;182m[48;2;71;53;62m▀[0m[38;2;66;65;66m[48;2;143;51;114m▀[0m[38;2;143;51;114m[48;2;143;51;114m▀[0m[38;2;93;63;91m[48;2;93;63;91m▀[0m[38;2;255;255;255m[48;2;93;63;91m▀[0m[38;2;66;65;66m[48;2;244;164;190m▀[0m[38;2;244;164;190m[48;2;244;164;190m▀[0m[38;2;66;65;66m[48;2;66;65;66m▀[0m[38;2;197;66;127m[48;2;197;66;127m▀[0m[38;2;196;69;127m[48;2;196;69;127m▀[0m[38;2;196;69;127m[48;2;196;69;127m▀[0m[38;2;147;53;124m[48;2;147;53;124m▀[0m[38;2;244;164;190m[48;2;244;164;190m▀[0m[38;2;244;164;190m[48;2;244;164;190m▀[0m[38;2;244;164;190m[48;2;147;53;124m▀[0m[38;2;147;53;124m[48;2;197;70;128m▀[0m[38;2;197;70;128m[48;2;197;70;128m▀[0m[38;2;200;65;128m[48;2;200;65;128m▀[0m[38;2;200;65;128m[48;2;0;0;0m▀[0m[38;2;0;0;0m▀   [38;2;0;0;0m▀[38;2;244;164;190m[48;2;0;0;0m▀[0m[38;2;242;162;188m[48;2;242;162;188m▀[0m[38;2;242;162;188m[48;2;242;162;188m▀[0m[38;2;0;0;0m[48;2;0;0;0m▀[0m    
   [38;2;0;0;0m[48;2;0;0;0m▀[0m[38;2;200;65;128m[48;2;200;65;128m▀[0m[38;2;170;87;166m[48;2;150;47;89m▀[0m[38;2;150;47;89m[48;2;107;154;173m▀[0m[38;2;81;45;69m[48;2;132;67;110m▀[0m[38;2;0;4;0m[48;2;0;4;0m▀[0m    [38;2;0;0;0m▀[38;2;255;255;255m[48;2;0;0;0m▀[0m[38;2;255;255;255m[48;2;0;0;0m▀[0m[38;2;0;0;0m▀[38;2;239;152;212m[48;2;0;8;0m▀[0m[38;2;75;48;73m[48;2;239;152;212m▀[0m[38;2;66;65;66m[48;2;244;161;206m▀[0m[38;2;66;65;66m[48;2;66;65;66m▀[0m[38;2;71;53;62m[48;2;241;150;200m▀[0m[38;2;142;82;114m[48;2;71;53;62m▀[0m[38;2;136;66;124m[48;2;73;44;57m▀[0m[38;2;136;66;124m[48;2;229;130;208m▀[0m[38;2;66;65;66m[48;2;66;65;66m▀[0m[38;2;255;255;255m[48;2;255;255;255m▀[0m[38;2;66;65;66m[48;2;255;255;255m▀[0m[38;2;66;65;66m[48;2;255;255;255m▀[0m[38;2;84;47;63m[48;2;255;251;253m▀[0m[38;2;162;125;143m[48;2;84;47;63m▀[0m[38;2;196;69;127m[48;2;196;69;127m▀[0m[38;2;196;69;127m[48;2;196;69;127m▀[0m[38;2;197;70;128m[48;2;197;70;128m▀[0m[38;2;147;53;124m[48;2;197;70;128m▀[0m[38;2;241;128;190m[48;2;73;44;72m▀[0m[38;2;139;69;110m[48;2;201;97;152m▀[0m[38;2;197;70;128m[48;2;197;70;128m▀[0m[38;2;197;70;128m[48;2;147;53;124m▀[0m[38;2;142;79;124m[48;2;240;160;186m▀[0m[38;2;70;48;72m[48;2;240;160;186m▀[0m[38;2;0;0;0m[48;2;244;164;190m▀[0m[38;2;0;0;0m[48;2;244;164;190m▀[0m[38;2;0;0;0m▄[38;2;0;0;0m▄[38;2;0;0;0m[48;2;140;55;114m▀[0m[38;2;140;55;114m[48;2;140;55;114m▀[0m[38;2;140;55;114m[48;2;140;55;114m▀[0m[38;2;0;0;0m[48;2;0;0;0m▀[0m     
 [38;2;0;0;0m▄[38;2;0;0;0m[48;2;255;255;255m▀[0m[38;2;139;38;94m[48;2;255;251;253m▀[0m[38;2;194;118;164m[48;2;139;38;94m▀[0m[38;2;147;53;124m[48;2;147;53;124m▀[0m[38;2;94;158;168m[48;2;147;53;124m▀[0m[38;2;140;55;114m[48;2;0;0;0m▀[0m[38;2;0;0;0m▀         [38;2;0;0;0m▀[38;2;0;0;0m▀[38;2;226;143;206m[48;2;0;0;0m▀[0m[38;2;227;143;202m[48;2;8;8;0m▀[0m[38;2;227;143;202m[48;2;69;47;62m▀[0m[38;2;229;141;208m[48;2;66;65;66m▀[0m[38;2;66;65;66m[48;2;229;141;208m▀[0m[38;2;81;57;82m[48;2;196;175;190m▀[0m[38;2;255;251;253m[48;2;81;57;82m▀[0m[38;2;255;255;255m[48;2;255;255;255m▀[0m[38;2;66;65;66m[48;2;255;255;255m▀[0m[38;2;77;69;83m[48;2;77;69;83m▀[0m[38;2;244;161;206m[48;2;77;69;83m▀[0m[38;2;71;53;62m[48;2;241;150;200m▀[0m[38;2;71;53;62m[48;2;142;82;114m▀[0m[38;2;66;65;66m[48;2;200;62;138m▀[0m[38;2;66;65;66m[48;2;138;64;101m▀[0m[38;2;142;79;124m[48;2;243;155;203m▀[0m[38;2;70;48;72m[48;2;243;155;203m▀[0m[38;2;142;79;124m[48;2;70;48;72m▀[0m[38;2;240;160;186m[48;2;240;160;186m▀[0m[38;2;242;162;188m[48;2;242;162;188m▀[0m[38;2;242;162;188m[48;2;242;162;188m▀[0m[38;2;244;164;190m[48;2;147;53;124m▀[0m[38;2;147;53;124m[48;2;147;53;124m▀[0m[38;2;228;148;174m[48;2;228;148;174m▀[0m[38;2;228;148;174m[48;2;228;148;174m▀[0m[38;2;136;66;124m[48;2;221;141;167m▀[0m[38;2;136;66;124m[48;2;73;44;57m▀[0m[38;2;140;55;114m[48;2;0;0;0m▀[0m[38;2;0;0;0m▀     
 [38;2;0;0;0m[48;2;0;0;0m▀[0m[38;2;255;255;255m[48;2;255;255;255m▀[0m[38;2;66;65;66m[48;2;0;0;0m▀[0m[38;2;0;0;0m▀[38;2;125;94;116m[48;2;0;0;8m▀[0m[38;2;125;94;116m[48;2;234;205;219m▀[0m[38;2;232;229;223m[48;2;232;229;223m▀[0m[38;2;0;0;0m[48;2;0;0;0m▀[0m             [38;2;0;0;0m▀[38;2;116;69;125m[48;2;0;0;0m▀[0m[38;2;116;69;125m[48;2;116;69;125m▀[0m[38;2;82;66;117m[48;2;147;53;124m▀[0m[38;2;82;66;117m[48;2;147;53;124m▀[0m[38;2;66;65;66m[48;2;143;51;114m▀[0m[38;2;66;65;66m[48;2;143;51;114m▀[0m[38;2;72;66;97m[48;2;72;66;97m▀[0m[38;2;72;66;97m[48;2;226;143;206m▀[0m[38;2;244;161;206m[48;2;244;161;206m▀[0m[38;2;147;53;124m[48;2;147;53;124m▀[0m[38;2;196;69;127m[48;2;196;69;127m▀[0m[38;2;196;69;127m[48;2;196;69;127m▀[0m[38;2;147;53;124m[48;2;147;53;124m▀[0m[38;2;244;161;206m[48;2;244;161;206m▀[0m[38;2;241;150;193m[48;2;66;60;66m▀[0m[38;2;66;60;66m[48;2;176;101;136m▀[0m[38;2;66;65;66m[48;2;197;66;127m▀[0m[38;2;66;65;66m[48;2;197;66;127m▀[0m[38;2;66;65;66m[48;2;197;66;127m▀[0m[38;2;197;66;127m[48;2;66;65;66m▀[0m[38;2;146;60;118m[48;2;217;97;187m▀[0m[38;2;217;97;187m[48;2;0;0;0m▀[0m[38;2;228;148;174m[48;2;0;0;0m▀[0m[38;2;0;0;0m▀       
  [38;2;0;0;0m▀   [38;2;0;0;0m▀[38;2;232;229;223m[48;2;0;0;0m▀[0m[38;2;0;0;0m▀              [38;2;0;0;0m▀[38;2;226;143;206m[48;2;0;0;0m▀[0m[38;2;91;71;118m[48;2;229;142;206m▀[0m[38;2;91;71;118m[48;2;229;142;206m▀[0m[38;2;91;71;118m[48;2;229;142;206m▀[0m[38;2;91;71;118m[48;2;229;142;206m▀[0m[38;2;229;142;206m[48;2;229;142;206m▀[0m[38;2;229;142;206m[48;2;91;71;118m▀[0m[38;2;102;64;120m[48;2;146;63;131m▀[0m[38;2;193;62;121m[48;2;146;63;131m▀[0m[38;2;197;70;128m[48;2;197;70;128m▀[0m[38;2;197;70;128m[48;2;147;53;124m▀[0m[38;2;93;63;91m[48;2;93;63;91m▀[0m[38;2;93;63;91m[48;2;255;255;255m▀[0m[38;2;255;255;255m[48;2;255;255;255m▀[0m[38;2;66;65;66m[48;2;66;65;66m▀[0m[38;2;196;69;121m[48;2;196;69;121m▀[0m[38;2;96;156;164m[48;2;96;156;164m▀[0m[38;2;96;156;164m[48;2;96;156;164m▀[0m[38;2;196;69;121m[48;2;196;69;121m▀[0m[38;2;0;0;0m[48;2;66;65;66m▀[0m[38;2;0;0;0m▄         
                      [38;2;0;0;0m▄[38;2;8;0;8m[48;2;127;59;121m▀[0m[38;2;233;143;210m[48;2;233;143;210m▀[0m[38;2;57;60;66m[48;2;226;138;205m▀[0m[38;2;120;82;128m[48;2;57;60;66m▀[0m[38;2;82;66;117m[48;2;147;53;124m▀[0m[38;2;82;66;117m[48;2;147;53;124m▀[0m[38;2;82;66;117m[48;2;82;66;117m▀[0m[38;2;147;53;124m[48;2;82;66;117m▀[0m[38;2;147;53;124m[48;2;82;66;117m▀[0m[38;2;147;53;124m[48;2;82;66;117m▀[0m[38;2;67;64;92m[48;2;228;145;208m▀[0m[38;2;228;145;208m[48;2;67;64;92m▀[0m[38;2;66;65;66m[48;2;66;65;66m▀[0m[38;2;255;255;255m[48;2;255;255;255m▀[0m[38;2;66;65;66m[48;2;66;65;66m▀[0m[38;2;197;66;127m[48;2;66;65;66m▀[0m[38;2;196;69;127m[48;2;196;69;127m▀[0m[38;2;196;69;127m[48;2;196;69;127m▀[0m[38;2;197;66;127m[48;2;197;66;127m▀[0m[38;2;197;66;127m[48;2;66;65;66m▀[0m[38;2;66;65;66m[48;2;232;229;223m▀[0m[38;2;232;229;223m[48;2;232;229;223m▀[0m[38;2;0;0;0m[48;2;0;0;0m▀[0m        
                     [38;2;0;0;0m▄[38;2;0;0;0m[48;2;226;143;206m▀[0m[38;2;229;141;208m[48;2;229;141;208m▀[0m[38;2;147;53;124m[48;2;229;141;208m▀[0m[38;2;226;143;206m[48;2;0;0;0m▀[0m[38;2;226;143;206m[48;2;0;0;0m▀[0m[38;2;66;65;66m[48;2;66;65;66m▀[0m[38;2;66;65;66m[48;2;102;108;105m▀[0m[38;2;227;143;202m[48;2;69;47;62m▀[0m[38;2;227;143;202m[48;2;8;8;0m▀[0m[38;2;229;142;208m[48;2;229;142;208m▀[0m[38;2;229;142;208m[48;2;229;142;208m▀[0m[38;2;229;141;208m[48;2;229;141;208m▀[0m[38;2;66;65;66m[48;2;229;141;208m▀[0m[38;2;227;143;202m[48;2;8;8;0m▀[0m[38;2;69;47;62m[48;2;227;143;202m▀[0m[38;2;229;141;208m[48;2;147;53;124m▀[0m[38;2;147;53;124m[48;2;228;148;174m▀[0m[38;2;66;65;66m[48;2;228;148;174m▀[0m[38;2;66;65;66m[48;2;66;65;66m▀[0m[38;2;66;65;66m[48;2;66;65;66m▀[0m[38;2;228;148;174m[48;2;228;148;174m▀[0m[38;2;87;65;88m[48;2;182;150;178m▀[0m[38;2;243;220;239m[48;2;0;0;8m▀[0m[38;2;0;0;0m▀        
                     [38;2;0;0;0m▀[38;2;140;55;114m[48;2;0;0;0m▀[0m[38;2;232;229;223m[48;2;232;229;223m▀[0m[38;2;0;0;0m[48;2;0;0;0m▀[0m  [38;2;0;0;0m▀[38;2;102;108;105m[48;2;0;0;0m▀[0m[38;2;0;0;0m▀ [38;2;0;0;0m▀[38;2;0;0;0m▀[38;2;0;0;0m▀[38;2;0;0;0m▀ [38;2;0;0;0m▀[38;2;0;0;0m▀[38;2;228;148;174m[48;2;0;0;0m▀[0m[38;2;219;171;212m[48;2;150;47;121m▀[0m[38;2;150;47;121m[48;2;254;252;255m▀[0m[38;2;66;65;66m[48;2;66;65;66m▀[0m[38;2;66;65;66m[48;2;0;0;0m▀[0m[38;2;255;255;255m[48;2;255;255;255m▀[0m[38;2;0;0;0m[48;2;0;0;0m▀[0m         
                       [38;2;0;0;0m▀               [38;2;0;0;0m▀[38;2;255;255;255m[48;2;0;0;0m▀[0m[38;2;0;0;0m▀ [38;2;0;0;0m▀          
                                     [0m                                     