                    [38;2;0;4;0m▄[38;2;0;4;0m[48;2;255;116;74m▀[0m[38;2;0;4;0m▄                   
 [38;2;0;4;0m▄[38;2;0;4;0m[48;2;242;100;55m▀[0m[38;2;0;4;0m▄[38;2;0;4;0m▄            [38;2;0;4;0m▄[38;2;0;4;0m[48;2;242;100;55m▀[0m[38;2;0;4;0m[48;2;200;92;58m▀[0m[38;2;255;110;66m[48;2;200;92;58m▀[0m[38;2;179;74;39m[48;2;242;97;52m▀[0m[38;2;0;4;0m[48;2;242;97;52m▀[0m[38;2;0;4;0m▄                  
 [38;2;0;4;0m▀[38;2;242;100;55m[48;2;0;4;0m▀[0m[38;2;242;100;55m[48;2;242;100;55m▀[0m[38;2;242;100;55m[48;2;242;100;55m▀[0m[38;2;0;4;0m[48;2;242;97;52m▀[0m[38;2;0;4;0m[48;2;242;97;52m▀[0m[38;2;0;4;0m▄      [38;2;0;4;0m▄[38;2;0;4;0m[48;2;242;97;52m▀[0m[38;2;0;4;0m[48;2;242;97;52m▀[0m[38;2;242;100;55m[48;2;242;97;52m▀[0m[38;2;242;100;55m[48;2;242;97;52m▀[0m[38;2;242;100;55m[48;2;242;100;55m▀[0m[38;2;242;100;55m[48;2;242;100;55m▀[0m[38;2;242;97;52m[48;2;191;90;59m▀[0m[38;2;242;97;52m[48;2;250;101;55m▀[0m[38;2;66;64;66m[48;2;66;65;66m▀[0m[38;2;0;4;0m[48;2;97;77;70m▀[0m[38;2;0;4;0m[48;2;97;78;71m▀[0m[38;2;0;4;0m[48;2;97;78;71m▀[0m[38;2;0;4;0m▄              
  [38;2;0;4;0m▀[38;2;200;92;58m[48;2;0;4;0m▀[0m[38;2;242;100;55m[48;2;196;91;58m▀[0m[38;2;242;97;52m[48;2;242;100;55m▀[0m[38;2;242;97;52m[48;2;242;100;55m▀[0m[38;2;242;100;55m[48;2;200;92;58m▀[0m[38;2;0;4;0m[48;2;242;100;55m▀[0m[38;2;0;4;0m[48;2;242;97;52m▀[0m[38;2;0;4;0m[48;2;242;97;52m▀[0m[38;2;0;5;5m▄[38;2;0;5;5m▄[38;2;0;4;0m[48;2;0;0;0m▀[0m[38;2;242;100;55m[48;2;53;81;65m▀[0m[38;2;242;97;52m[48;2;66;69;66m▀[0m[38;2;242;97;52m[48;2;66;69;66m▀[0m[38;2;242;97;52m[48;2;242;100;55m▀[0m[38;2;242;97;52m[48;2;242;100;55m▀[0m[38;2;242;100;55m[48;2;242;100;55m▀[0m[38;2;200;92;58m[48;2;200;92;58m▀[0m[38;2;250;101;55m[48;2;250;101;55m▀[0m[38;2;74;65;66m[48;2;66;65;66m▀[0m[38;2;97;77;70m[48;2;146;106;96m▀[0m[38;2;97;77;70m[48;2;146;106;96m▀[0m[38;2;97;78;71m[48;2;146;106;94m▀[0m[38;2;97;78;71m[48;2;97;77;70m▀[0m[38;2;66;64;66m[48;2;66;65;66m▀[0m[38;2;0;4;0m[48;2;97;79;74m▀[0m[38;2;0;4;0m[48;2;97;77;70m▀[0m[38;2;0;4;0m[48;2;97;77;70m▀[0m[38;2;0;4;0m▄          
   [38;2;0;4;0m▀[38;2;196;91;58m[48;2;0;4;0m▀[0m[38;2;200;92;58m[48;2;116;80;69m▀[0m[38;2;242;100;55m[48;2;242;100;55m▀[0m[38;2;200;92;58m[48;2;242;100;55m▀[0m[38;2;242;100;55m[48;2;242;100;55m▀[0m[38;2;242;97;52m[48;2;201;98;67m▀[0m[38;2;242;97;52m[48;2;116;80;69m▀[0m[38;2;241;106;64m[48;2;116;83;72m▀[0m[38;2;80;40;27m[48;2;131;221;154m▀[0m[38;2;141;227;169m[48;2;131;221;154m▀[0m[38;2;141;227;169m[48;2;131;221;154m▀[0m[38;2;121;219;132m[48;2;64;168;78m▀[0m[38;2;100;159;106m[48;2;64;168;78m▀[0m[38;2;66;65;66m[48;2;63;170;80m▀[0m[38;2;242;100;55m[48;2;82;69;65m▀[0m[38;2;242;100;55m[48;2;242;100;55m▀[0m[38;2;242;100;55m[48;2;242;100;55m▀[0m[38;2;188;90;59m[48;2;242;100;55m▀[0m[38;2;66;65;66m[48;2;242;100;55m▀[0m[38;2;146;106;96m[48;2;66;65;66m▀[0m[38;2;146;106;96m[48;2;146;106;94m▀[0m[38;2;146;106;94m[48;2;97;77;70m▀[0m[38;2;146;106;94m[48;2;97;77;70m▀[0m[38;2;146;106;94m[48;2;146;106;96m▀[0m[38;2;66;65;66m[48;2;146;106;96m▀[0m[38;2;146;106;94m[48;2;66;65;66m▀[0m[38;2;97;77;70m[48;2;148;107;97m▀[0m[38;2;99;79;73m[48;2;146;106;94m▀[0m[38;2;0;4;0m[48;2;66;65;66m▀[0m[38;2;0;4;0m▄        
   [38;2;0;5;5m▄[38;2;0;4;0m[48;2;129;60;39m▀[0m[38;2;242;100;55m[48;2;251;100;54m▀[0m[38;2;242;100;55m[48;2;251;100;54m▀[0m[38;2;242;100;55m[48;2;101;84;72m▀[0m[38;2;116;80;69m[48;2;121;219;141m▀[0m[38;2;116;80;69m[48;2;131;221;154m▀[0m[38;2;170;230;165m[48;2;64;168;78m▀[0m[38;2;131;221;154m[48;2;64;168;78m▀[0m[38;2;131;221;154m[48;2;64;168;78m▀[0m[38;2;89;171;109m[48;2;108;133;115m▀[0m[38;2;46;130;63m[48;2;255;255;255m▀[0m[38;2;64;168;78m[48;2;54;130;74m▀[0m[38;2;64;168;78m[48;2;116;83;72m▀[0m[38;2;82;69;65m[48;2;113;80;69m▀[0m[38;2;82;69;65m[48;2;251;100;54m▀[0m[38;2;116;80;69m[48;2;66;60;66m▀[0m[38;2;242;100;55m[48;2;124;78;63m▀[0m[38;2;242;100;55m[48;2;255;110;66m▀[0m[38;2;200;92;58m[48;2;218;95;57m▀[0m[38;2;66;65;66m[48;2;251;100;54m▀[0m[38;2;97;79;74m[48;2;66;65;66m▀[0m[38;2;146;106;94m[48;2;74;56;66m▀[0m[38;2;146;106;94m[48;2;139;107;99m▀[0m[38;2;146;106;96m[48;2;146;106;94m▀[0m[38;2;146;106;96m[48;2;97;79;74m▀[0m[38;2;66;65;66m[48;2;97;77;70m▀[0m[38;2;148;107;97m[48;2;66;65;66m▀[0m[38;2;97;79;74m[48;2;97;78;71m▀[0m[38;2;66;65;66m[48;2;97;78;71m▀[0m[38;2;99;79;73m[48;2;56;49;47m▀[0m[38;2;0;4;0m[48;2;0;3;0m▀[0m       
  [38;2;0;4;0m▄[38;2;0;5;5m[48;2;242;100;55m▀[0m[38;2;255;116;74m[48;2;66;65;66m▀[0m[38;2;251;100;54m[48;2;242;100;55m▀[0m[38;2;113;80;69m[48;2;116;80;69m▀[0m[38;2;121;219;141m[48;2;63;170;80m▀[0m[38;2;112;164;115m[48;2;63;170;80m▀[0m[38;2;64;168;78m[48;2;63;170;80m▀[0m[38;2;64;168;78m[48;2;63;170;80m▀[0m[38;2;64;168;78m[48;2;82;82;82m▀[0m[38;2;64;168;78m[48;2;82;82;82m▀[0m[38;2;34;74;45m[48;2;255;255;255m▀[0m[38;2;255;255;255m[48;2;255;255;255m▀[0m[38;2;54;130;74m[48;2;63;134;75m▀[0m[38;2;116;83;72m[48;2;108;81;73m▀[0m[38;2;251;100;54m[48;2;242;100;55m▀[0m[38;2;251;100;54m[48;2;242;100;55m▀[0m[38;2;241;99;55m[48;2;242;100;55m▀[0m[38;2;66;60;66m[48;2;66;65;66m▀[0m[38;2;116;83;72m[48;2;74;60;56m▀[0m[38;2;255;110;66m[48;2;81;97;83m▀[0m[38;2;251;100;54m[48;2;117;81;69m▀[0m[38;2;251;100;54m[48;2;241;99;55m▀[0m[38;2;255;99;49m[48;2;242;100;55m▀[0m[38;2;74;56;66m[48;2;242;100;55m▀[0m[38;2;66;67;63m[48;2;250;101;55m▀[0m[38;2;97;79;74m[48;2;74;65;66m▀[0m[38;2;97;77;70m[48;2;66;65;66m▀[0m[38;2;66;65;66m[48;2;66;65;66m▀[0m[38;2;97;78;71m[48;2;66;65;66m▀[0m[38;2;97;78;71m[48;2;66;65;66m▀[0m[38;2;56;49;47m[48;2;66;65;66m▀[0m[38;2;97;85;81m[48;2;66;65;66m▀[0m[38;2;0;4;0m[48;2;222;109;74m▀[0m[38;2;0;4;24m▄ [38;2;0;4;0m▄   
  [38;2;0;4;0m▀[38;2;242;100;55m[48;2;0;4;0m▀[0m[38;2;242;100;55m[48;2;0;4;0m▀[0m[38;2;242;100;55m[48;2;242;100;55m▀[0m[38;2;242;100;55m[48;2;242;100;55m▀[0m[38;2;116;80;69m[48;2;242;100;55m▀[0m[38;2;63;170;80m[48;2;116;80;69m▀[0m[38;2;66;65;66m[48;2;64;168;78m▀[0m[38;2;66;65;66m[48;2;64;168;78m▀[0m[38;2;247;247;247m[48;2;26;132;44m▀[0m[38;2;0;0;0m[48;2;243;254;244m▀[0m[38;2;255;255;255m[48;2;207;247;212m▀[0m[38;2;255;255;255m[48;2;74;115;83m▀[0m[38;2;63;134;75m[48;2;63;170;80m▀[0m[38;2;43;166;71m[48;2;63;170;80m▀[0m[38;2;116;80;69m[48;2;66;65;66m▀[0m[38;2;242;100;55m[48;2;113;80;69m▀[0m[38;2;66;65;66m[48;2;201;138;67m▀[0m[38;2;66;65;66m[48;2;66;65;66m▀[0m[38;2;74;129;79m[48;2;62;132;78m▀[0m[38;2;74;60;56m[48;2;62;132;78m▀[0m[38;2;57;56;74m[48;2;55;129;71m▀[0m[38;2;117;81;69m[48;2;66;65;66m▀[0m[38;2;116;80;69m[48;2;66;65;66m▀[0m[38;2;116;80;69m[48;2;66;65;66m▀[0m[38;2;191;90;59m[48;2;113;80;69m▀[0m[38;2;250;101;55m[48;2;113;80;69m▀[0m[38;2;255;110;66m[48;2;113;80;69m▀[0m[38;2;255;110;66m[48;2;113;80;69m▀[0m[38;2;250;101;55m[48;2;113;80;69m▀[0m[38;2;188;90;59m[48;2;113;80;69m▀[0m[38;2;242;100;55m[48;2;72;83;72m▀[0m[38;2;242;100;55m[48;2;74;68;66m▀[0m[38;2;146;78;57m[48;2;66;65;66m▀[0m[38;2;72;49;41m[48;2;66;65;66m▀[0m[38;2;0;4;0m[48;2;199;92;58m▀[0m[38;2;196;91;58m[48;2;199;92;58m▀[0m[38;2;0;4;0m[48;2;0;4;0m▀[0m  
     [38;2;0;4;0m▀[38;2;0;4;0m▀[38;2;242;100;55m[48;2;0;4;0m▀[0m[38;2;116;80;69m[48;2;63;170;80m▀[0m[38;2;64;168;78m[48;2;63;170;80m▀[0m[38;2;64;168;78m[48;2;63;170;80m▀[0m[38;2;88;163;100m[48;2;66;65;66m▀[0m[38;2;88;163;100m[48;2;55;129;71m▀[0m[38;2;128;168;135m[48;2;63;170;80m▀[0m[38;2;22;73;35m[48;2;66;65;66m▀[0m[38;2;66;65;66m[48;2;66;65;66m▀[0m[38;2;63;170;80m[48;2;66;65;66m▀[0m[38;2;66;65;66m[48;2;162;116;62m▀[0m[38;2;66;65;66m[48;2;66;56;66m▀[0m[38;2;201;138;67m[48;2;201;138;67m▀[0m[38;2;201;138;67m[48;2;201;138;67m▀[0m[38;2;82;62;56m[48;2;66;60;66m▀[0m[38;2;83;95;82m[48;2;241;99;55m▀[0m[38;2;55;129;71m[48;2;116;83;72m▀[0m[38;2;55;129;71m[48;2;54;130;74m▀[0m[38;2;55;129;71m[48;2;47;98;56m▀[0m[38;2;55;129;71m[48;2;57;131;78m▀[0m[38;2;66;65;66m[48;2;56;132;76m▀[0m[38;2;66;65;66m[48;2;56;132;76m▀[0m[38;2;66;65;66m[48;2;57;131;78m▀[0m[38;2;66;65;66m[48;2;57;131;78m▀[0m[38;2;66;65;66m[48;2;47;98;56m▀[0m[38;2;66;65;66m[48;2;57;131;78m▀[0m[38;2;74;68;66m[48;2;56;132;76m▀[0m[38;2;56;101;63m[48;2;56;132;76m▀[0m[38;2;42;97;52m[48;2;66;65;66m▀[0m[38;2;42;97;52m[48;2;42;97;52m▀[0m[38;2;66;65;66m[48;2;42;97;52m▀[0m[38;2;199;92;58m[48;2;42;97;52m▀[0m[38;2;0;4;0m[48;2;0;4;0m▀[0m  
        [38;2;0;4;0m▀[38;2;63;170;80m[48;2;0;4;0m▀[0m[38;2;0;4;0m▀[38;2;66;65;66m[48;2;8;8;24m▀[0m[38;2;66;65;66m[48;2;130;38;59m▀[0m[38;2;66;65;66m[48;2;164;72;93m▀[0m[38;2;66;65;66m[48;2;66;65;66m▀[0m[38;2;255;190;99m[48;2;255;187;99m▀[0m[38;2;66;65;66m[48;2;255;187;99m▀[0m[38;2;66;56;66m[48;2;116;96;72m▀[0m[38;2;211;142;60m[48;2;200;139;70m▀[0m[38;2;201;138;67m[48;2;201;138;67m▀[0m[38;2;66;65;66m[48;2;49;70;59m▀[0m[38;2;124;78;63m[48;2;116;83;72m▀[0m[38;2;241;99;55m[48;2;200;89;54m▀[0m[38;2;116;83;72m[48;2;108;81;72m▀[0m[38;2;54;130;74m[48;2;43;130;67m▀[0m[38;2;57;131;78m[48;2;56;132;76m▀[0m[38;2;47;98;56m[48;2;56;132;76m▀[0m[38;2;56;132;76m[48;2;105;101;82m▀[0m[38;2;56;132;76m[48;2;44;81;69m▀[0m[38;2;57;131;78m[48;2;74;68;66m▀[0m[38;2;47;98;56m[48;2;56;101;63m▀[0m[38;2;57;131;78m[48;2;57;131;78m▀[0m[38;2;57;131;78m[48;2;57;131;78m▀[0m[38;2;56;132;76m[48;2;47;98;56m▀[0m[38;2;56;132;76m[48;2;47;98;56m▀[0m[38;2;42;97;52m[48;2;55;129;71m▀[0m[38;2;66;65;66m[48;2;66;65;66m▀[0m[38;2;42;97;52m[48;2;56;101;63m▀[0m[38;2;42;97;52m[48;2;8;2;0m▀[0m[38;2;47;98;56m[48;2;0;4;0m▀[0m[38;2;0;4;0m▀ 
        [38;2;0;4;0m[48;2;0;4;0m▀[0m[38;2;197;139;73m[48;2;255;190;99m▀[0m[38;2;0;4;0m[48;2;193;147;85m▀[0m[38;2;89;71;51m[48;2;116;96;72m▀[0m[38;2;255;191;107m[48;2;255;190;99m▀[0m[38;2;66;65;66m[48;2;255;187;99m▀[0m[38;2;66;65;66m[48;2;255;187;99m▀[0m[38;2;255;187;99m[48;2;255;190;99m▀[0m[38;2;255;187;99m[48;2;255;190;99m▀[0m[38;2;200;139;70m[48;2;197;139;73m▀[0m[38;2;200;139;70m[48;2;197;139;73m▀[0m[38;2;49;70;59m[48;2;66;65;66m▀[0m[38;2;70;174;84m[48;2;63;170;80m▀[0m[38;2;116;83;72m[48;2;63;170;80m▀[0m[38;2;200;89;54m[48;2;116;80;69m▀[0m[38;2;108;81;72m[48;2;64;168;78m▀[0m[38;2;84;117;84m[48;2;64;168;78m▀[0m[38;2;56;132;76m[48;2;52;93;56m▀[0m[38;2;56;132;76m[48;2;56;130;67m▀[0m[38;2;44;81;69m[48;2;66;60;66m▀[0m[38;2;188;116;83m[48;2;197;102;73m▀[0m[38;2;72;83;72m[48;2;124;71;55m▀[0m[38;2;74;68;66m[48;2;187;107;83m▀[0m[38;2;57;131;78m[48;2;0;4;0m▀[0m[38;2;47;98;56m[48;2;62;132;78m▀[0m[38;2;57;131;78m[48;2;92;133;100m▀[0m[38;2;57;131;78m[48;2;36;97;47m▀[0m[38;2;55;129;71m[48;2;92;133;100m▀[0m[38;2;55;129;71m[48;2;36;97;47m▀[0m[38;2;33;52;34m[48;2;0;4;0m▀[0m    
       [38;2;0;4;0m[48;2;0;4;0m▀[0m[38;2;47;98;56m[48;2;59;94;66m▀[0m[38;2;66;65;66m[48;2;158;178;158m▀[0m[38;2;255;190;99m[48;2;34;59;38m▀[0m[38;2;255;190;99m[48;2;66;65;74m▀[0m[38;2;255;190;99m[48;2;246;203;132m▀[0m[38;2;255;187;99m[48;2;255;190;99m▀[0m[38;2;255;187;99m[48;2;255;190;99m▀[0m[38;2;255;190;99m[48;2;0;4;0m▀[0m[38;2;197;138;70m[48;2;0;4;0m▀[0m[38;2;197;139;73m[48;2;0;4;0m▀[0m[38;2;0;4;0m▀[38;2;66;65;66m[48;2;0;7;0m▀[0m[38;2;63;170;80m[48;2;145;170;147m▀[0m[38;2;63;170;80m[48;2;34;120;56m▀[0m[38;2;63;170;80m[48;2;93;155;109m▀[0m[38;2;64;168;78m[48;2;34;120;56m▀[0m[38;2;64;168;78m[48;2;93;155;109m▀[0m[38;2;63;170;80m[48;2;63;170;80m▀[0m[38;2;53;66;52m[48;2;0;4;0m▀[0m[38;2;197;102;73m[48;2;0;4;0m▀[0m[38;2;109;79;69m[48;2;0;4;0m▀[0m[38;2;0;4;0m▀[38;2;0;4;0m▀ [38;2;0;4;0m[48;2;0;4;0m▀[0m[38;2;36;97;47m[48;2;101;116;103m▀[0m[38;2;227;238;239m[48;2;203;232;211m▀[0m[38;2;36;97;47m[48;2;101;116;103m▀[0m[38;2;227;238;239m[48;2;203;232;211m▀[0m[38;2;0;4;0m[48;2;0;4;0m▀[0m    
       [38;2;0;4;0m▀[38;2;40;62;42m[48;2;0;4;0m▀[0m[38;2;158;178;158m[48;2;0;4;0m▀[0m[38;2;78;103;80m[48;2;0;4;0m▀[0m[38;2;186;135;113m[48;2;0;4;0m▀[0m[38;2;66;65;74m[48;2;0;4;0m▀[0m[38;2;0;4;0m▀[38;2;0;4;0m▀   [38;2;0;4;0m[48;2;0;4;0m▀[0m[38;2;220;249;224m[48;2;255;255;255m▀[0m[38;2;68;93;68m[48;2;81;93;81m▀[0m[38;2;243;254;244m[48;2;255;255;255m▀[0m[38;2;34;120;56m[48;2;81;93;81m▀[0m[38;2;243;254;244m[48;2;255;255;255m▀[0m[38;2;34;120;56m[48;2;81;93;81m▀[0m[38;2;0;4;0m[48;2;0;4;0m▀[0m       [38;2;0;4;0m▀[38;2;0;4;0m▀[38;2;0;4;0m▀[38;2;0;4;0m▀     
                   [38;2;0;5;0m▀[38;2;0;5;0m▀[38;2;0;5;0m▀[38;2;0;5;0m▀[38;2;0;5;0m▀[38;2;0;5;0m▀                 
                                     [0m                                     