     [38;2;0;4;0m▄[38;2;0;4;0m[48;2;1;219;245m▀[0m[38;2;0;4;0m▄                  
    [38;2;0;4;0m▄[38;2;0;4;0m[48;2;1;219;245m▀[0m[38;2;1;219;245m[48;2;1;219;245m▀[0m[38;2;0;4;0m[48;2;0;4;0m▀[0m                  
    [38;2;0;4;0m▀[38;2;1;219;245m[48;2;0;4;0m▀[0m[38;2;1;219;245m[48;2;1;219;245m▀[0m[38;2;0;4;0m[48;2;1;219;245m▀[0m[38;2;0;4;0m▄                 
     [38;2;0;4;0m▀[38;2;66;64;66m[48;2;0;4;0m▀[0m[38;2;1;214;242m[48;2;66;65;66m▀[0m[38;2;66;65;66m[48;2;1;186;218m▀[0m[38;2;0;4;0m[48;2;90;154;210m▀[0m[38;2;0;4;0m[48;2;90;154;210m▀[0m[38;2;0;4;0m[48;2;90;154;210m▀[0m[38;2;0;4;0m[48;2;90;154;210m▀[0m[38;2;0;4;0m▄[38;2;0;4;0m▄           
    [38;2;0;4;0m▄[38;2;0;8;8m[48;2;132;121;189m▀[0m[38;2;132;121;189m[48;2;88;83;128m▀[0m[38;2;1;181;214m[48;2;1;214;242m▀[0m[38;2;1;214;242m[48;2;66;60;66m▀[0m[38;2;66;65;66m[48;2;90;154;210m▀[0m[38;2;90;154;210m[48;2;90;154;210m▀[0m[38;2;138;191;237m[48;2;93;157;213m▀[0m[38;2;93;157;213m[48;2;93;157;213m▀[0m[38;2;95;158;213m[48;2;95;158;213m▀[0m[38;2;55;105;150m[48;2;95;158;213m▀[0m[38;2;0;4;0m[48;2;55;105;150m▀[0m[38;2;0;4;0m▄         
   [38;2;0;4;0m[48;2;0;4;0m▀[0m[38;2;140;121;189m[48;2;140;121;189m▀[0m[38;2;123;124;197m[48;2;1;169;204m▀[0m[38;2;1;169;204m[48;2;1;189;221m▀[0m[38;2;1;221;246m[48;2;1;221;246m▀[0m[38;2;66;65;66m[48;2;66;65;66m▀[0m[38;2;90;154;210m[48;2;90;154;210m▀[0m[38;2;90;154;210m[48;2;253;122;198m▀[0m[38;2;253;124;199m[48;2;253;124;199m▀[0m[38;2;253;124;199m[48;2;253;124;199m▀[0m[38;2;90;154;210m[48;2;252;66;170m▀[0m[38;2;90;154;210m[48;2;90;154;210m▀[0m[38;2;90;154;210m[48;2;90;154;210m▀[0m[38;2;0;4;0m[48;2;0;4;0m▀[0m   [38;2;0;4;0m▄[38;2;0;4;0m▄[38;2;0;4;0m▄   
  [38;2;0;4;0m[48;2;0;4;0m▀[0m[38;2;137;121;189m[48;2;137;121;189m▀[0m[38;2;137;121;189m[48;2;137;121;189m▀[0m[38;2;1;175;208m[48;2;1;175;208m▀[0m[38;2;1;209;238m[48;2;66;60;66m▀[0m[38;2;57;65;74m[48;2;86;155;216m▀[0m[38;2;69;108;142m[48;2;86;155;216m▀[0m[38;2;85;117;146m[48;2;140;163;183m▀[0m[38;2;246;54;158m[48;2;249;252;255m▀[0m[38;2;125;130;135m[48;2;254;254;255m▀[0m[38;2;0;12;0m[48;2;254;254;255m▀[0m[38;2;255;255;255m[48;2;255;255;255m▀[0m[38;2;105;154;197m[48;2;1;230;252m▀[0m[38;2;0;4;0m[48;2;0;4;0m▀[0m  [38;2;0;4;0m▄[38;2;0;4;0m[48;2;88;157;218m▀[0m[38;2;59;105;146m[48;2;88;157;218m▀[0m[38;2;92;156;212m[48;2;92;156;212m▀[0m[38;2;92;156;212m[48;2;92;156;212m▀[0m[38;2;0;4;0m[48;2;90;154;210m▀[0m[38;2;0;4;0m▄ 
  [38;2;0;4;0m▀[38;2;132;121;198m[48;2;0;4;0m▀[0m[38;2;88;82;132m[48;2;0;4;0m▀[0m[38;2;0;4;0m▀[38;2;55;105;150m[48;2;0;4;0m▀[0m[38;2;95;158;213m[48;2;55;105;150m▀[0m[38;2;55;105;150m[48;2;95;158;213m▀[0m[38;2;92;156;212m[48;2;92;156;212m▀[0m[38;2;92;156;212m[48;2;92;156;212m▀[0m[38;2;255;255;255m[48;2;55;105;150m▀[0m[38;2;255;255;255m[48;2;55;105;150m▀[0m[38;2;1;219;245m[48;2;0;4;0m▀[0m[38;2;0;4;0m▀  [38;2;0;4;0m[48;2;0;4;0m▀[0m[38;2;59;105;146m[48;2;88;157;218m▀[0m[38;2;66;144;213m[48;2;66;60;66m▀[0m[38;2;66;60;66m[48;2;7;235;254m▀[0m[38;2;66;60;66m[48;2;7;235;254m▀[0m[38;2;66;144;213m[48;2;66;60;66m▀[0m[38;2;55;105;150m[48;2;55;105;150m▀[0m[38;2;0;4;0m[48;2;0;4;0m▀[0m 
   [38;2;0;4;0m▄[38;2;0;4;0m▄[38;2;8;4;0m[48;2;61;108;150m▀[0m[38;2;35;57;76m[48;2;61;108;150m▀[0m[38;2;53;64;78m[48;2;77;114;146m▀[0m[38;2;53;64;78m[48;2;16;4;0m▀[0m[38;2;97;98;99m[48;2;0;4;0m▀[0m[38;2;97;98;99m[48;2;66;66;66m▀[0m[38;2;94;96;97m[48;2;55;105;150m▀[0m[38;2;55;105;150m[48;2;55;105;150m▀[0m[38;2;37;56;73m[48;2;66;108;145m▀[0m[38;2;8;4;0m[48;2;95;159;216m▀[0m[38;2;0;4;0m[48;2;90;154;210m▀[0m[38;2;0;4;0m▄[38;2;16;4;0m[48;2;49;63;74m▀[0m[38;2;100;159;212m[48;2;49;63;74m▀[0m[38;2;66;65;66m[48;2;1;229;251m▀[0m[38;2;1;229;251m[48;2;1;229;251m▀[0m[38;2;1;224;248m[48;2;66;65;66m▀[0m[38;2;66;65;66m[48;2;44;103;156m▀[0m[38;2;55;105;150m[48;2;0;4;0m▀[0m[38;2;0;4;0m▀ 
  [38;2;0;4;0m[48;2;0;4;0m▀[0m[38;2;239;41;144m[48;2;239;41;144m▀[0m[38;2;242;47;150m[48;2;239;41;144m▀[0m[38;2;0;4;0m[48;2;0;4;0m▀[0m[38;2;0;4;0m▀[38;2;0;4;0m▀ [38;2;0;4;0m▄[38;2;0;4;0m[48;2;1;157;192m▀[0m[38;2;1;169;204m[48;2;1;230;251m▀[0m[38;2;44;99;147m[48;2;1;169;204m▀[0m[38;2;61;108;150m[48;2;61;108;150m▀[0m[38;2;35;57;76m[48;2;8;4;0m▀[0m[38;2;0;4;0m▀[38;2;90;154;210m[48;2;0;4;0m▀[0m[38;2;86;155;216m[48;2;57;65;74m▀[0m[38;2;69;108;142m[48;2;86;155;216m▀[0m[38;2;66;65;66m[48;2;66;65;66m▀[0m[38;2;66;65;66m[48;2;55;105;150m▀[0m[38;2;55;105;150m[48;2;55;105;150m▀[0m[38;2;55;105;150m[48;2;0;4;0m▀[0m[38;2;0;4;0m▀  
 [38;2;0;4;0m[48;2;0;4;0m▀[0m[38;2;252;66;170m[48;2;252;66;170m▀[0m[38;2;253;69;174m[48;2;229;26;128m▀[0m[38;2;229;26;128m[48;2;0;4;8m▀[0m[38;2;252;66;170m[48;2;0;4;0m▀[0m[38;2;0;4;0m▀ [38;2;0;4;0m▄[38;2;0;0;0m[48;2;67;75;82m▀[0m[38;2;135;150;164m[48;2;204;226;245m▀[0m[38;2;255;255;255m[48;2;255;255;255m▀[0m[38;2;1;219;245m[48;2;255;255;255m▀[0m[38;2;1;160;195m[48;2;1;160;195m▀[0m[38;2;90;154;210m[48;2;90;154;210m▀[0m[38;2;0;4;0m[48;2;0;4;0m▀[0m[38;2;0;4;0m▄[38;2;16;4;0m[48;2;77;114;146m▀[0m[38;2;53;64;78m[48;2;53;64;78m▀[0m[38;2;253;124;199m[48;2;253;124;199m▀[0m[38;2;66;65;66m[48;2;253;124;199m▀[0m[38;2;223;19;120m[48;2;223;19;120m▀[0m[38;2;1;4;8m[48;2;253;116;195m▀[0m[38;2;0;4;0m▄  
  [38;2;0;4;0m▀[38;2;0;4;0m▀ [38;2;0;4;0m▄[38;2;0;4;0m[48;2;55;105;150m▀[0m[38;2;0;4;0m[48;2;55;105;150m▀[0m[38;2;55;105;150m[48;2;55;105;150m▀[0m[38;2;79;86;93m[48;2;79;86;93m▀[0m[38;2;249;252;255m[48;2;1;5;11m▀[0m[38;2;255;255;255m[48;2;255;255;255m▀[0m[38;2;255;255;255m[48;2;255;255;255m▀[0m[38;2;249;252;255m[48;2;46;105;158m▀[0m[38;2;46;105;158m[48;2;112;153;189m▀[0m[38;2;90;154;210m[48;2;90;154;210m▀[0m[38;2;66;65;66m[48;2;90;154;210m▀[0m[38;2;61;108;150m[48;2;35;57;76m▀[0m[38;2;61;108;150m[48;2;8;4;0m▀[0m[38;2;0;4;0m▀[38;2;253;124;199m[48;2;0;4;0m▀[0m[38;2;253;128;200m[48;2;0;4;8m▀[0m[38;2;193;1;92m[48;2;0;4;8m▀[0m[38;2;0;4;0m▀  
     [38;2;0;4;0m▄[38;2;0;4;0m[48;2;252;66;170m▀[0m[38;2;67;71;74m[48;2;229;26;128m▀[0m[38;2;229;26;128m[48;2;253;68;172m▀[0m[38;2;0;4;0m[48;2;0;4;0m▀[0m [38;2;0;4;0m▀[38;2;0;4;0m▀[38;2;0;4;0m▀[38;2;55;105;150m[48;2;0;4;0m▀[0m[38;2;90;154;210m[48;2;66;65;66m▀[0m[38;2;90;154;210m[48;2;66;65;66m▀[0m[38;2;0;4;0m[48;2;55;105;150m▀[0m[38;2;0;4;0m▄       
      [38;2;0;4;0m▀[38;2;0;4;0m▀[38;2;0;4;0m▀      [38;2;0;4;0m▀[38;2;253;124;199m[48;2;0;4;0m▀[0m[38;2;226;23;125m[48;2;0;4;8m▀[0m[38;2;253;128;200m[48;2;0;4;8m▀[0m[38;2;0;4;0m▀      
                                     [0m                                     