             [38;2;0;0;0m▄[38;2;0;0;0m[48;2;242;243;243m▀[0m[38;2;0;0;0m[48;2;242;243;243m▀[0m[38;2;0;0;0m[48;2;0;0;0m▀[0m              
           [38;2;0;0;0m▄[38;2;0;0;0m[48;2;242;243;243m▀[0m[38;2;242;243;243m[48;2;242;243;243m▀[0m[38;2;242;243;243m[48;2;242;243;243m▀[0m[38;2;66;65;66m[48;2;66;65;66m▀[0m[38;2;160;171;165m[48;2;160;171;165m▀[0m[38;2;0;0;0m[48;2;0;0;0m▀[0m             
        [38;2;0;0;0m▄[38;2;0;0;0m▄[38;2;0;0;0m▄[38;2;0;0;0m▀[38;2;242;243;243m[48;2;0;16;16m▀[0m[38;2;242;243;243m[48;2;131;135;135m▀[0m[38;2;66;65;66m[48;2;66;65;66m▀[0m[38;2;160;171;165m[48;2;66;65;66m▀[0m[38;2;160;171;165m[48;2;160;171;165m▀[0m[38;2;160;171;165m[48;2;160;171;165m▀[0m[38;2;0;0;0m[48;2;0;0;0m▀[0m            
       [38;2;0;0;0m[48;2;0;0;0m▀[0m[38;2;199;214;213m[48;2;199;214;213m▀[0m[38;2;66;65;66m[48;2;199;214;213m▀[0m[38;2;203;215;213m[48;2;66;65;66m▀[0m[38;2;66;65;66m[48;2;127;137;136m▀[0m[38;2;66;65;66m[48;2;66;65;66m▀[0m[38;2;199;214;213m[48;2;199;214;213m▀[0m[38;2;66;65;66m[48;2;66;65;66m▀[0m[38;2;210;222;221m[48;2;210;222;221m▀[0m[38;2;66;69;66m[48;2;166;176;168m▀[0m[38;2;128;138;131m[48;2;66;69;66m▀[0m[38;2;135;142;137m[48;2;135;142;137m▀[0m[38;2;0;0;0m[48;2;0;0;0m▀[0m           
      [38;2;0;0;0m[48;2;0;0;0m▀[0m[38;2;199;214;213m[48;2;199;214;213m▀[0m[38;2;199;214;213m[48;2;199;214;213m▀[0m[38;2;199;214;213m[48;2;199;214;213m▀[0m[38;2;66;65;66m[48;2;199;214;213m▀[0m[38;2;66;65;66m[48;2;199;214;213m▀[0m[38;2;198;214;212m[48;2;198;214;212m▀[0m[38;2;198;214;212m[48;2;221;228;227m▀[0m[38;2;198;210;207m[48;2;160;171;165m▀[0m[38;2;221;228;227m[48;2;160;171;165m▀[0m[38;2;160;171;165m[48;2;66;65;66m▀[0m[38;2;160;171;165m[48;2;160;171;165m▀[0m[38;2;60;59;57m[48;2;60;59;57m▀[0m[38;2;8;8;8m[48;2;138;146;142m▀[0m[38;2;0;0;0m▄          
     [38;2;0;0;0m▄[38;2;0;0;0m[48;2;199;214;213m▀[0m[38;2;199;214;213m[48;2;199;214;213m▀[0m[38;2;199;214;213m[48;2;199;214;213m▀[0m[38;2;199;214;213m[48;2;199;214;213m▀[0m[38;2;198;214;212m[48;2;221;228;227m▀[0m[38;2;221;228;227m[48;2;221;228;227m▀[0m[38;2;221;228;227m[48;2;160;170;165m▀[0m[38;2;160;170;165m[48;2;160;170;165m▀[0m[38;2;160;171;165m[48;2;160;171;165m▀[0m[38;2;160;171;165m[48;2;66;65;66m▀[0m[38;2;66;65;66m[48;2;66;65;66m▀[0m[38;2;160;171;165m[48;2;160;171;165m▀[0m[38;2;153;166;163m[48;2;66;69;66m▀[0m[38;2;66;69;66m[48;2;204;218;214m▀[0m[38;2;0;0;0m[48;2;0;0;0m▀[0m          
     [38;2;0;0;0m[48;2;0;0;0m▀[0m[38;2;221;228;227m[48;2;221;228;227m▀[0m[38;2;221;228;227m[48;2;221;228;227m▀[0m[38;2;221;228;227m[48;2;221;228;227m▀[0m[38;2;221;228;227m[48;2;160;170;165m▀[0m[38;2;221;228;227m[48;2;160;170;165m▀[0m[38;2;160;170;165m[48;2;160;170;165m▀[0m[38;2;160;171;165m[48;2;160;171;165m▀[0m[38;2;160;171;165m[48;2;0;0;0m▀[0m[38;2;66;65;57m[48;2;157;113;86m▀[0m[38;2;250;168;120m[48;2;250;168;120m▀[0m[38;2;66;65;66m[48;2;66;65;66m▀[0m[38;2;160;171;165m[48;2;66;65;66m▀[0m[38;2;74;69;66m[48;2;199;214;213m▀[0m[38;2;199;214;213m[48;2;128;139;137m▀[0m[38;2;160;171;165m[48;2;160;171;165m▀[0m[38;2;0;0;0m[48;2;0;0;0m▀[0m         
      [38;2;0;0;0m[48;2;0;0;0m▀[0m[38;2;221;228;227m[48;2;221;228;227m▀[0m[38;2;160;171;165m[48;2;160;171;165m▀[0m[38;2;160;171;165m[48;2;160;171;165m▀[0m[38;2;160;171;165m[48;2;66;65;66m▀[0m[38;2;66;65;66m[48;2;160;171;165m▀[0m[38;2;66;65;66m[48;2;66;65;66m▀[0m[38;2;169;104;71m[48;2;66;65;66m▀[0m[38;2;151;123;110m[48;2;66;65;57m▀[0m[38;2;66;65;57m[48;2;153;166;163m▀[0m[38;2;153;166;163m[48;2;66;69;66m▀[0m[38;2;66;69;66m[48;2;204;218;214m▀[0m[38;2;199;214;213m[48;2;136;142;137m▀[0m[38;2;136;142;137m[48;2;136;142;137m▀[0m[38;2;135;141;137m[48;2;135;141;137m▀[0m[38;2;160;171;165m[48;2;160;171;165m▀[0m[38;2;0;0;0m[48;2;0;0;0m▀[0m        
      [38;2;0;0;0m▀[38;2;66;67;66m[48;2;0;0;0m▀[0m[38;2;221;228;227m[48;2;66;65;66m▀[0m[38;2;162;172;172m[48;2;221;228;227m▀[0m[38;2;66;65;66m[48;2;66;65;66m▀[0m[38;2;66;65;66m[48;2;160;171;165m▀[0m[38;2;154;168;167m[48;2;51;60;80m▀[0m[38;2;51;60;80m[48;2;93;103;117m▀[0m[38;2;105;113;138m[48;2;49;51;80m▀[0m[38;2;49;51;80m[48;2;192;208;213m▀[0m[38;2;199;214;213m[48;2;85;89;96m▀[0m[38;2;129;140;141m[48;2;85;89;96m▀[0m[38;2;136;142;137m[48;2;136;142;137m▀[0m[38;2;136;142;137m[48;2;136;142;137m▀[0m[38;2;136;142;137m[48;2;136;142;137m▀[0m[38;2;136;142;137m[48;2;136;142;137m▀[0m[38;2;150;158;152m[48;2;150;158;152m▀[0m[38;2;0;0;0m[48;2;0;0;0m▀[0m       
    [38;2;0;0;0m▄[38;2;0;0;0m▄[38;2;0;0;0m▄[38;2;0;0;0m[48;2;66;67;66m▀[0m[38;2;155;167;164m[48;2;204;218;214m▀[0m[38;2;74;69;66m[48;2;155;167;164m▀[0m[38;2;66;65;66m[48;2;66;65;66m▀[0m[38;2;160;171;165m[48;2;66;65;66m▀[0m[38;2;66;65;66m[48;2;199;214;213m▀[0m[38;2;66;65;66m[48;2;199;214;213m▀[0m[38;2;199;214;213m[48;2;199;214;213m▀[0m[38;2;136;142;137m[48;2;136;142;137m▀[0m[38;2;135;143;137m[48;2;135;143;137m▀[0m[38;2;135;143;137m[48;2;85;91;96m▀[0m[38;2;85;91;96m[48;2;135;143;137m▀[0m[38;2;135;143;137m[48;2;135;143;137m▀[0m[38;2;126;135;131m[48;2;74;69;66m▀[0m[38;2;160;171;165m[48;2;160;171;165m▀[0m[38;2;153;166;163m[48;2;206;221;216m▀[0m[38;2;153;166;163m[48;2;91;95;96m▀[0m[38;2;0;0;0m[48;2;85;93;98m▀[0m[38;2;0;0;0m[48;2;57;59;63m▀[0m[38;2;0;0;0m[48;2;199;214;213m▀[0m[38;2;0;0;0m▄   
 [38;2;0;0;0m▄[38;2;0;0;0m[48;2;160;171;165m▀[0m[38;2;0;0;0m[48;2;160;171;165m▀[0m[38;2;160;171;165m[48;2;160;171;165m▀[0m[38;2;160;171;165m[48;2;160;171;165m▀[0m[38;2;160;171;165m[48;2;160;171;165m▀[0m[38;2;66;65;66m[48;2;66;65;66m▀[0m[38;2;221;228;227m[48;2;198;214;212m▀[0m[38;2;221;228;227m[48;2;198;214;212m▀[0m[38;2;198;214;212m[48;2;221;228;227m▀[0m[38;2;198;214;212m[48;2;221;228;227m▀[0m[38;2;198;214;212m[48;2;221;228;227m▀[0m[38;2;198;214;212m[48;2;221;228;227m▀[0m[38;2;205;219;218m[48;2;205;219;218m▀[0m[38;2;135;142;137m[48;2;205;219;218m▀[0m[38;2;135;143;137m[48;2;135;143;137m▀[0m[38;2;85;91;96m[48;2;135;143;137m▀[0m[38;2;85;91;96m[48;2;135;143;137m▀[0m[38;2;135;143;137m[48;2;85;91;96m▀[0m[38;2;135;143;137m[48;2;135;143;137m▀[0m[38;2;66;65;66m[48;2;66;65;66m▀[0m[38;2;85;90;96m[48;2;199;214;213m▀[0m[38;2;199;214;213m[48;2;85;90;96m▀[0m[38;2;199;214;213m[48;2;89;94;96m▀[0m[38;2;66;60;66m[48;2;199;214;213m▀[0m[38;2;204;218;214m[48;2;74;69;66m▀[0m[38;2;155;167;164m[48;2;155;167;164m▀[0m[38;2;0;0;0m[48;2;136;144;138m▀[0m[38;2;0;0;0m▄ 
 [38;2;0;0;0m▀[38;2;52;60;90m[48;2;0;0;0m▀[0m[38;2;52;60;90m[48;2;78;90;134m▀[0m[38;2;160;171;165m[48;2;66;65;66m▀[0m[38;2;160;171;165m[48;2;160;171;165m▀[0m[38;2;153;166;163m[48;2;66;69;66m▀[0m[38;2;66;69;66m[48;2;204;218;214m▀[0m[38;2;211;225;221m[48;2;66;65;66m▀[0m[38;2;211;225;221m[48;2;211;225;221m▀[0m[38;2;198;214;212m[48;2;221;228;227m▀[0m[38;2;198;214;212m[48;2;221;228;227m▀[0m[38;2;198;214;212m[48;2;221;228;227m▀[0m[38;2;198;214;212m[48;2;221;228;227m▀[0m[38;2;198;214;212m[48;2;221;228;227m▀[0m[38;2;198;214;212m[48;2;221;228;227m▀[0m[38;2;135;141;137m[48;2;160;171;165m▀[0m[38;2;135;141;137m[48;2;135;141;137m▀[0m[38;2;135;143;137m[48;2;85;91;96m▀[0m[38;2;85;91;96m[48;2;135;143;137m▀[0m[38;2;127;137;136m[48;2;66;65;66m▀[0m[38;2;66;65;66m[48;2;203;215;213m▀[0m[38;2;85;89;96m[48;2;221;228;227m▀[0m[38;2;221;228;227m[48;2;221;228;227m▀[0m[38;2;199;214;213m[48;2;199;214;213m▀[0m[38;2;199;214;213m[48;2;199;214;213m▀[0m[38;2;66;65;66m[48;2;160;171;165m▀[0m[38;2;160;171;165m[48;2;66;65;66m▀[0m[38;2;136;144;138m[48;2;0;0;0m▀[0m[38;2;0;0;0m▀ 
  [38;2;0;0;0m▀[38;2;61;86;160m[48;2;0;0;0m▀[0m[38;2;63;63;60m[48;2;0;0;0m▀[0m[38;2;160;171;165m[48;2;63;63;60m▀[0m[38;2;66;65;66m[48;2;66;65;66m▀[0m[38;2;199;214;213m[48;2;199;214;213m▀[0m[38;2;66;65;66m[48;2;211;225;221m▀[0m[38;2;211;225;221m[48;2;211;225;221m▀[0m[38;2;221;228;227m[48;2;160;170;165m▀[0m[38;2;221;228;227m[48;2;160;170;165m▀[0m[38;2;160;171;165m[48;2;160;171;165m▀[0m[38;2;160;171;165m[48;2;160;171;165m▀[0m[38;2;160;171;165m[48;2;66;65;66m▀[0m[38;2;66;65;66m[48;2;160;171;165m▀[0m[38;2;160;171;165m[48;2;160;171;165m▀[0m[38;2;135;141;137m[48;2;135;141;137m▀[0m[38;2;101;106;132m[48;2;71;67;66m▀[0m[38;2;71;67;66m[48;2;108;147;221m▀[0m[38;2;211;225;221m[48;2;66;65;66m▀[0m[38;2;211;225;221m[48;2;211;225;221m▀[0m[38;2;221;228;227m[48;2;221;228;227m▀[0m[38;2;221;228;227m[48;2;66;65;66m▀[0m[38;2;66;65;66m[48;2;61;86;160m▀[0m[38;2;66;65;66m[48;2;66;65;66m▀[0m[38;2;160;171;165m[48;2;160;171;165m▀[0m[38;2;0;0;0m[48;2;0;0;0m▀[0m   
    [38;2;0;0;0m▄[38;2;0;0;0m[48;2;160;171;165m▀[0m[38;2;66;69;66m[48;2;153;166;163m▀[0m[38;2;204;218;214m[48;2;66;69;66m▀[0m[38;2;66;65;66m[48;2;96;145;224m▀[0m[38;2;66;65;66m[48;2;96;145;224m▀[0m[38;2;160;171;165m[48;2;66;65;66m▀[0m[38;2;160;171;165m[48;2;66;65;66m▀[0m[38;2;160;171;165m[48;2;160;171;165m▀[0m[38;2;160;171;165m[48;2;160;171;165m▀[0m[38;2;160;171;165m[48;2;160;171;165m▀[0m[38;2;160;171;165m[48;2;160;171;165m▀[0m[38;2;160;171;165m[48;2;160;171;165m▀[0m[38;2;160;171;165m[48;2;160;171;165m▀[0m[38;2;66;65;66m[48;2;66;65;66m▀[0m[38;2;45;59;101m[48;2;45;59;101m▀[0m[38;2;96;145;224m[48;2;63;66;76m▀[0m[38;2;63;66;76m[48;2;96;145;224m▀[0m[38;2;45;59;101m[48;2;45;59;101m▀[0m[38;2;61;86;159m[48;2;45;59;101m▀[0m[38;2;50;91;163m[48;2;52;64;100m▀[0m[38;2;57;60;66m[48;2;52;64;100m▀[0m[38;2;160;171;165m[48;2;0;0;0m▀[0m[38;2;0;0;0m▀   
   [38;2;0;0;0m▄[38;2;0;0;0m[48;2;160;171;165m▀[0m[38;2;160;171;165m[48;2;160;171;165m▀[0m[38;2;160;171;165m[48;2;160;171;165m▀[0m[38;2;74;69;66m[48;2;126;135;131m▀[0m[38;2;96;138;224m[48;2;63;62;66m▀[0m[38;2;96;138;224m[48;2;79;100;146m▀[0m[38;2;45;59;101m[48;2;96;145;224m▀[0m[38;2;45;59;101m[48;2;45;59;101m▀[0m[38;2;66;65;66m[48;2;45;59;101m▀[0m[38;2;66;65;66m[48;2;45;59;101m▀[0m[38;2;63;66;71m[48;2;63;66;71m▀[0m[38;2;160;171;165m[48;2;63;66;71m▀[0m[38;2;160;171;165m[48;2;66;65;66m▀[0m[38;2;66;65;66m[48;2;66;65;66m▀[0m[38;2;160;171;165m[48;2;160;171;165m▀[0m[38;2;66;65;66m[48;2;66;65;66m▀[0m[38;2;50;91;163m[48;2;57;60;66m▀[0m[38;2;52;64;100m[48;2;52;64;100m▀[0m[38;2;61;84;159m[48;2;61;84;159m▀[0m[38;2;45;57;101m[48;2;61;84;159m▀[0m[38;2;45;59;101m[48;2;65;65;65m▀[0m[38;2;65;65;65m[48;2;65;65;65m▀[0m[38;2;0;0;0m[48;2;160;171;165m▀[0m[38;2;0;0;0m▄   
  [38;2;0;0;0m▄[38;2;0;0;0m[48;2;61;86;160m▀[0m[38;2;135;142;137m[48;2;0;0;0m▀[0m[38;2;135;142;137m[48;2;135;142;137m▀[0m[38;2;136;142;137m[48;2;136;142;137m▀[0m[38;2;136;142;137m[48;2;136;142;137m▀[0m[38;2;135;143;137m[48;2;135;143;137m▀[0m[38;2;66;65;66m[48;2;135;143;137m▀[0m[38;2;61;86;160m[48;2;0;0;0m▀[0m[38;2;61;86;160m[48;2;0;0;0m▀[0m[38;2;61;86;160m[48;2;0;0;0m▀[0m[38;2;61;86;160m[48;2;0;0;0m▀[0m[38;2;45;62;101m[48;2;0;0;0m▀[0m[38;2;45;62;101m[48;2;0;0;0m▀[0m[38;2;55;69;84m[48;2;0;0;0m▀[0m[38;2;55;69;84m[48;2;0;0;0m▀[0m[38;2;160;171;165m[48;2;160;171;165m▀[0m[38;2;160;171;165m[48;2;160;171;165m▀[0m[38;2;151;166;163m[48;2;200;217;213m▀[0m[38;2;66;69;66m[48;2;200;217;213m▀[0m[38;2;66;65;66m[48;2;199;214;213m▀[0m[38;2;66;65;66m[48;2;199;214;213m▀[0m[38;2;199;214;213m[48;2;160;171;165m▀[0m[38;2;199;214;213m[48;2;160;171;165m▀[0m[38;2;160;171;165m[48;2;160;171;165m▀[0m[38;2;0;0;0m[48;2;0;0;0m▀[0m   
  [38;2;0;0;0m▀[38;2;0;0;0m▀[38;2;0;0;0m▀[38;2;0;0;0m▀[38;2;0;0;0m▀[38;2;0;0;0m▀[38;2;0;0;0m▀[38;2;0;0;0m▀        [38;2;0;0;0m▀[38;2;160;171;165m[48;2;0;0;0m▀[0m[38;2;138;151;149m[48;2;8;8;8m▀[0m[38;2;206;221;220m[48;2;206;221;220m▀[0m[38;2;200;217;213m[48;2;200;217;213m▀[0m[38;2;151;166;163m[48;2;66;69;66m▀[0m[38;2;66;65;66m[48;2;96;145;224m▀[0m[38;2;66;65;66m[48;2;96;145;224m▀[0m[38;2;160;171;165m[48;2;0;0;0m▀[0m[38;2;0;0;0m▀   
                     [38;2;0;0;0m▀[38;2;0;0;0m▀[38;2;0;0;0m▀[38;2;0;0;0m▀[38;2;0;0;0m▀[38;2;0;0;0m▀    
                                     [0m                                     