           [38;2;0;0;0m▄[38;2;0;0;0m▄[38;2;0;0;0m[48;2;8;163;106m▀[0m[38;2;0;0;0m[48;2;8;163;106m▀[0m[38;2;0;0;0m[48;2;8;163;106m▀[0m[38;2;0;0;0m[48;2;8;163;106m▀[0m[38;2;0;0;0m[48;2;8;163;106m▀[0m[38;2;0;0;0m[48;2;8;163;106m▀[0m[38;2;0;0;0m▄[38;2;0;0;0m▄[38;2;0;0;0m▄       [38;2;0;0;0m▄[38;2;0;0;0m▄ 
        [38;2;0;0;0m▄[38;2;0;0;0m[48;2;1;122;79m▀[0m[38;2;0;0;0m[48;2;8;163;106m▀[0m[38;2;1;122;79m[48;2;8;163;106m▀[0m[38;2;1;122;79m[48;2;8;163;106m▀[0m[38;2;1;122;79m[48;2;8;163;106m▀[0m[38;2;1;122;79m[48;2;8;163;106m▀[0m[38;2;145;180;199m[48;2;1;122;79m▀[0m[38;2;145;180;199m[48;2;1;122;79m▀[0m[38;2;228;245;255m[48;2;145;180;199m▀[0m[38;2;228;245;255m[48;2;228;245;255m▀[0m[38;2;145;180;199m[48;2;228;245;255m▀[0m[38;2;8;163;106m[48;2;145;180;199m▀[0m[38;2;8;163;106m[48;2;145;180;199m▀[0m[38;2;0;0;0m[48;2;8;163;106m▀[0m[38;2;0;0;0m[48;2;8;163;106m▀[0m[38;2;0;0;0m[48;2;8;163;106m▀[0m[38;2;0;0;0m[48;2;8;163;106m▀[0m[38;2;0;0;0m▄[38;2;0;0;0m▄[38;2;0;0;0m[48;2;8;163;106m▀[0m[38;2;55;208;153m[48;2;8;163;106m▀[0m[38;2;0;0;0m[48;2;0;0;0m▀[0m 
      [38;2;0;0;0m▄[38;2;0;0;0m[48;2;8;163;106m▀[0m[38;2;8;163;106m[48;2;8;163;106m▀[0m[38;2;8;163;106m[48;2;8;163;106m▀[0m[38;2;8;163;106m[48;2;8;163;106m▀[0m[38;2;8;163;106m[48;2;8;163;106m▀[0m[38;2;8;163;106m[48;2;8;163;106m▀[0m[38;2;8;163;106m[48;2;8;163;106m▀[0m[38;2;8;163;106m[48;2;235;255;158m▀[0m[38;2;8;163;106m[48;2;8;163;106m▀[0m[38;2;8;163;106m[48;2;8;163;106m▀[0m[38;2;1;122;79m[48;2;8;163;106m▀[0m[38;2;1;122;79m[48;2;8;163;106m▀[0m[38;2;228;245;255m[48;2;1;122;79m▀[0m[38;2;145;180;199m[48;2;228;245;255m▀[0m[38;2;228;245;255m[48;2;228;245;255m▀[0m[38;2;228;245;255m[48;2;228;245;255m▀[0m[38;2;145;180;199m[48;2;145;180;199m▀[0m[38;2;145;180;199m[48;2;228;245;255m▀[0m[38;2;8;163;106m[48;2;228;245;255m▀[0m[38;2;8;163;106m[48;2;228;245;255m▀[0m[38;2;8;163;106m[48;2;0;0;0m▀[0m[38;2;0;0;0m▀[38;2;0;0;0m▀  
     [38;2;0;0;0m▄[38;2;0;0;0m[48;2;55;208;153m▀[0m[38;2;55;208;153m[48;2;55;208;153m▀[0m[38;2;8;163;106m[48;2;8;163;106m▀[0m[38;2;8;163;106m[48;2;8;163;106m▀[0m[38;2;8;163;106m[48;2;235;255;158m▀[0m[38;2;8;163;106m[48;2;235;255;158m▀[0m[38;2;235;255;158m[48;2;173;220;43m▀[0m[38;2;8;163;106m[48;2;8;163;106m▀[0m[38;2;8;163;106m[48;2;8;163;106m▀[0m[38;2;8;163;106m[48;2;8;163;106m▀[0m[38;2;173;220;43m[48;2;8;163;106m▀[0m[38;2;8;163;106m[48;2;8;163;106m▀[0m[38;2;8;163;106m[48;2;8;163;106m▀[0m[38;2;8;163;106m[48;2;8;163;106m▀[0m[38;2;1;122;79m[48;2;0;0;0m▀[0m[38;2;0;0;0m▀[38;2;0;0;0m▀[38;2;228;245;255m[48;2;0;0;0m▀[0m[38;2;228;245;255m[48;2;0;0;0m▀[0m[38;2;0;0;0m▀[38;2;0;0;0m▀     
     [38;2;0;0;0m[48;2;0;0;0m▀[0m[38;2;55;208;153m[48;2;8;163;106m▀[0m[38;2;8;163;106m[48;2;8;163;106m▀[0m[38;2;8;163;106m[48;2;8;163;106m▀[0m[38;2;235;255;158m[48;2;235;255;158m▀[0m[38;2;0;0;0m[48;2;232;117;147m▀[0m[38;2;232;117;147m[48;2;232;117;147m▀[0m[38;2;235;255;158m[48;2;173;220;43m▀[0m[38;2;8;163;106m[48;2;8;163;106m▀[0m[38;2;8;163;106m[48;2;65;65;65m▀[0m[38;2;8;163;106m[48;2;65;65;65m▀[0m[38;2;8;163;106m[48;2;8;163;106m▀[0m[38;2;8;163;106m[48;2;8;163;106m▀[0m[38;2;8;163;106m[48;2;8;163;106m▀[0m[38;2;8;163;106m[48;2;8;163;106m▀[0m[38;2;0;0;0m[48;2;0;0;0m▀[0m      [38;2;0;0;0m▄[38;2;0;0;0m[48;2;8;163;106m▀[0m[38;2;0;0;0m[48;2;0;0;0m▀[0m  
    [38;2;0;0;0m[48;2;0;0;0m▀[0m[38;2;232;117;147m[48;2;255;255;255m▀[0m[38;2;232;117;147m[48;2;232;117;147m▀[0m[38;2;8;163;106m[48;2;232;117;147m▀[0m[38;2;8;163;106m[48;2;232;117;147m▀[0m[38;2;235;255;158m[48;2;232;117;147m▀[0m[38;2;235;255;158m[48;2;197;65;96m▀[0m[38;2;173;220;43m[48;2;197;65;96m▀[0m[38;2;8;163;106m[48;2;232;117;147m▀[0m[38;2;197;65;96m[48;2;232;117;147m▀[0m[38;2;65;65;65m[48;2;65;65;65m▀[0m[38;2;145;180;199m[48;2;228;245;255m▀[0m[38;2;1;122;79m[48;2;1;122;79m▀[0m[38;2;8;163;106m[48;2;65;65;65m▀[0m[38;2;8;163;106m[48;2;55;208;153m▀[0m[38;2;0;0;0m[48;2;0;0;0m▀[0m   [38;2;0;0;0m▄[38;2;0;0;0m▄[38;2;0;0;0m[48;2;145;180;199m▀[0m[38;2;0;0;0m[48;2;228;245;255m▀[0m[38;2;228;245;255m[48;2;8;163;106m▀[0m[38;2;8;163;106m[48;2;0;0;0m▀[0m[38;2;0;0;0m▀  
  [38;2;0;0;0m▄[38;2;0;0;0m[48;2;189;189;189m▀[0m[38;2;65;65;65m[48;2;8;163;106m▀[0m[38;2;255;255;255m[48;2;65;65;65m▀[0m[38;2;65;65;65m[48;2;8;163;106m▀[0m[38;2;232;117;147m[48;2;65;65;65m▀[0m[38;2;255;255;255m[48;2;255;255;255m▀[0m[38;2;232;117;147m[48;2;65;65;65m▀[0m[38;2;232;117;147m[48;2;197;65;96m▀[0m[38;2;255;255;255m[48;2;255;255;255m▀[0m[38;2;232;117;147m[48;2;197;65;96m▀[0m[38;2;65;65;65m[48;2;65;65;65m▀[0m[38;2;228;245;255m[48;2;228;245;255m▀[0m[38;2;145;180;199m[48;2;1;122;79m▀[0m[38;2;1;122;79m[48;2;8;163;106m▀[0m[38;2;65;65;65m[48;2;8;163;106m▀[0m[38;2;55;208;153m[48;2;65;65;65m▀[0m[38;2;55;208;153m[48;2;55;208;153m▀[0m[38;2;0;0;0m[48;2;55;208;153m▀[0m[38;2;0;0;0m[48;2;65;65;65m▀[0m[38;2;0;0;0m[48;2;228;245;255m▀[0m[38;2;145;180;199m[48;2;228;245;255m▀[0m[38;2;228;245;255m[48;2;145;180;199m▀[0m[38;2;145;180;199m[48;2;8;163;106m▀[0m[38;2;8;163;106m[48;2;8;163;106m▀[0m[38;2;8;163;106m[48;2;0;0;0m▀[0m[38;2;0;0;0m▀   
 [38;2;0;0;0m▄[38;2;0;0;0m[48;2;1;122;79m▀[0m[38;2;255;255;255m[48;2;197;65;96m▀[0m[38;2;1;122;79m[48;2;232;117;147m▀[0m[38;2;8;163;106m[48;2;197;65;96m▀[0m[38;2;1;122;79m[48;2;189;189;189m▀[0m[38;2;8;163;106m[48;2;1;122;79m▀[0m[38;2;65;65;65m[48;2;8;163;106m▀[0m[38;2;0;0;0m[48;2;0;0;0m▀[0m[38;2;0;0;0m▀[38;2;0;0;0m▀[38;2;0;0;0m[48;2;0;0;0m▀[0m[38;2;228;245;255m[48;2;228;245;255m▀[0m[38;2;228;245;255m[48;2;228;245;255m▀[0m[38;2;1;122;79m[48;2;1;122;79m▀[0m[38;2;8;163;106m[48;2;1;122;79m▀[0m[38;2;8;163;106m[48;2;8;163;106m▀[0m[38;2;8;163;106m[48;2;8;163;106m▀[0m[38;2;65;65;65m[48;2;8;163;106m▀[0m[38;2;55;208;153m[48;2;65;65;65m▀[0m[38;2;55;208;153m[48;2;55;208;153m▀[0m[38;2;65;65;65m[48;2;55;208;153m▀[0m[38;2;65;65;65m[48;2;235;255;158m▀[0m[38;2;65;65;65m[48;2;55;208;153m▀[0m[38;2;8;163;106m[48;2;65;65;65m▀[0m[38;2;1;122;79m[48;2;0;0;0m▀[0m[38;2;0;0;0m▀    
 [38;2;0;0;0m[48;2;0;0;0m▀[0m[38;2;189;189;189m[48;2;255;255;255m▀[0m[38;2;232;117;147m[48;2;0;0;0m▀[0m[38;2;235;255;158m[48;2;173;220;43m▀[0m[38;2;232;117;147m[48;2;232;117;147m▀[0m[38;2;255;255;255m[48;2;1;122;79m▀[0m[38;2;1;122;79m[48;2;0;0;0m▀[0m[38;2;0;0;0m▀   [38;2;0;0;0m▀[38;2;228;245;255m[48;2;0;0;0m▀[0m[38;2;228;245;255m[48;2;228;245;255m▀[0m[38;2;228;245;255m[48;2;228;245;255m▀[0m[38;2;1;122;79m[48;2;228;245;255m▀[0m[38;2;1;122;79m[48;2;145;180;199m▀[0m[38;2;8;163;106m[48;2;1;122;79m▀[0m[38;2;8;163;106m[48;2;1;122;79m▀[0m[38;2;65;65;65m[48;2;1;122;79m▀[0m[38;2;55;208;153m[48;2;65;65;65m▀[0m[38;2;55;208;153m[48;2;255;255;255m▀[0m[38;2;55;208;153m[48;2;55;208;153m▀[0m[38;2;235;255;158m[48;2;235;255;158m▀[0m[38;2;235;255;158m[48;2;235;255;158m▀[0m[38;2;0;0;0m[48;2;8;163;106m▀[0m[38;2;0;0;0m▄    
  [38;2;0;0;0m▀ [38;2;0;0;0m▀[38;2;0;0;0m▀[38;2;0;0;0m▀       [38;2;0;0;0m▀[38;2;145;180;199m[48;2;0;0;0m▀[0m[38;2;228;245;255m[48;2;0;0;0m▀[0m[38;2;228;245;255m[48;2;0;0;0m▀[0m[38;2;145;180;199m[48;2;0;0;0m▀[0m[38;2;65;65;65m[48;2;145;180;199m▀[0m[38;2;65;65;65m[48;2;145;180;199m▀[0m[38;2;255;255;255m[48;2;65;65;65m▀[0m[38;2;189;189;189m[48;2;0;0;0m▀[0m[38;2;8;163;106m[48;2;0;0;0m▀[0m[38;2;55;208;153m[48;2;189;189;189m▀[0m[38;2;55;208;153m[48;2;255;255;255m▀[0m[38;2;255;255;255m[48;2;0;0;0m▀[0m[38;2;0;0;0m[48;2;0;0;0m▀[0m    
                   [38;2;0;0;0m▀[38;2;0;0;0m▀[38;2;0;0;0m▀  [38;2;0;0;0m▀[38;2;255;255;255m[48;2;0;0;0m▀[0m[38;2;0;0;0m▀     
                                     [0m                                     