        [38;2;0;0;0m▄[38;2;0;0;0m▄[38;2;0;0;0m[48;2;255;251;231m▀[0m[38;2;0;0;0m[48;2;255;255;255m▀[0m[38;2;0;0;0m[48;2;255;255;255m▀[0m[38;2;0;0;0m[48;2;255;255;255m▀[0m[38;2;0;0;0m[48;2;255;255;255m▀[0m[38;2;0;0;0m[48;2;255;255;255m▀[0m[38;2;0;0;0m[48;2;255;255;255m▀[0m[38;2;0;0;0m[48;2;255;255;255m▀[0m[38;2;0;0;0m▄[38;2;0;0;0m▄        
     [38;2;0;0;0m▄[38;2;0;0;0m[48;2;255;255;255m▀[0m[38;2;0;0;0m[48;2;255;255;255m▀[0m[38;2;255;255;255m[48;2;255;255;255m▀[0m[38;2;255;251;231m[48;2;165;105;57m▀[0m[38;2;255;251;231m[48;2;165;105;57m▀[0m[38;2;255;239;181m[48;2;255;255;255m▀[0m[38;2;255;255;255m[48;2;255;255;255m▀[0m[38;2;255;255;255m[48;2;255;255;255m▀[0m[38;2;255;255;255m[48;2;255;255;255m▀[0m[38;2;255;255;255m[48;2;255;255;255m▀[0m[38;2;255;255;255m[48;2;255;255;255m▀[0m[38;2;255;255;255m[48;2;255;255;255m▀[0m[38;2;255;255;255m[48;2;255;255;255m▀[0m[38;2;255;255;255m[48;2;255;255;255m▀[0m[38;2;0;0;0m[48;2;255;255;255m▀[0m[38;2;0;0;0m[48;2;255;255;255m▀[0m[38;2;0;0;0m▄     
   [38;2;0;0;0m▄[38;2;0;0;0m[48;2;255;255;255m▀[0m[38;2;255;255;255m[48;2;255;255;255m▀[0m[38;2;255;255;255m[48;2;255;255;255m▀[0m[38;2;255;255;255m[48;2;255;255;255m▀[0m[38;2;255;255;255m[48;2;255;255;255m▀[0m[38;2;255;255;255m[48;2;255;255;255m▀[0m[38;2;255;255;255m[48;2;255;255;255m▀[0m[38;2;255;255;255m[48;2;255;255;255m▀[0m[38;2;255;255;255m[48;2;255;255;255m▀[0m[38;2;255;255;255m[48;2;255;255;255m▀[0m[38;2;255;255;255m[48;2;255;255;255m▀[0m[38;2;255;255;255m[48;2;255;255;255m▀[0m[38;2;255;255;255m[48;2;255;255;255m▀[0m[38;2;255;255;255m[48;2;255;255;255m▀[0m[38;2;255;255;255m[48;2;255;255;255m▀[0m[38;2;255;255;255m[48;2;255;255;255m▀[0m[38;2;255;255;255m[48;2;255;255;255m▀[0m[38;2;255;255;255m[48;2;255;255;255m▀[0m[38;2;255;255;255m[48;2;255;255;255m▀[0m[38;2;0;0;0m[48;2;255;255;255m▀[0m[38;2;0;0;0m▄   
  [38;2;0;0;0m▄[38;2;0;0;0m[48;2;255;255;255m▀[0m[38;2;255;255;255m[48;2;227;207;189m▀[0m[38;2;255;255;255m[48;2;173;113;57m▀[0m[38;2;255;255;255m[48;2;255;255;255m▀[0m[38;2;255;255;255m[48;2;255;255;255m▀[0m[38;2;255;255;255m[48;2;255;255;255m▀[0m[38;2;255;255;255m[48;2;255;255;255m▀[0m[38;2;255;255;255m[48;2;255;255;255m▀[0m[38;2;255;255;255m[48;2;255;255;255m▀[0m[38;2;255;255;255m[48;2;255;255;255m▀[0m[38;2;255;255;255m[48;2;255;255;255m▀[0m[38;2;255;255;255m[48;2;255;255;255m▀[0m[38;2;173;113;57m[48;2;226;194;189m▀[0m[38;2;227;207;189m[48;2;171;73;59m▀[0m[38;2;255;255;255m[48;2;255;255;255m▀[0m[38;2;255;255;255m[48;2;255;255;255m▀[0m[38;2;255;255;255m[48;2;255;255;255m▀[0m[38;2;255;255;255m[48;2;255;255;255m▀[0m[38;2;255;255;255m[48;2;165;109;57m▀[0m[38;2;255;255;255m[48;2;255;255;255m▀[0m[38;2;255;255;255m[48;2;255;255;255m▀[0m[38;2;0;0;0m[48;2;255;255;255m▀[0m[38;2;0;0;0m▄  
 [38;2;0;0;0m▄[38;2;0;0;0m[48;2;255;255;255m▀[0m[38;2;255;255;255m[48;2;255;255;255m▀[0m[38;2;173;113;57m[48;2;255;255;255m▀[0m[38;2;227;207;189m[48;2;255;255;231m▀[0m[38;2;255;255;255m[48;2;68;56;49m▀[0m[38;2;66;65;66m[48;2;177;100;85m▀[0m[38;2;255;255;255m[48;2;65;66;65m▀[0m[38;2;255;255;255m[48;2;255;255;255m▀[0m[38;2;255;255;255m[48;2;255;255;255m▀[0m[38;2;255;255;255m[48;2;255;255;255m▀[0m[38;2;255;255;255m[48;2;255;255;255m▀[0m[38;2;255;255;255m[48;2;255;255;255m▀[0m[38;2;255;255;255m[48;2;255;255;255m▀[0m[38;2;255;255;255m[48;2;65;66;65m▀[0m[38;2;255;255;255m[48;2;65;66;65m▀[0m[38;2;255;255;255m[48;2;255;255;255m▀[0m[38;2;255;255;255m[48;2;255;255;255m▀[0m[38;2;255;255;255m[48;2;255;255;255m▀[0m[38;2;255;255;255m[48;2;255;255;255m▀[0m[38;2;165;109;57m[48;2;255;255;255m▀[0m[38;2;225;206;189m[48;2;255;239;181m▀[0m[38;2;255;255;255m[48;2;255;255;255m▀[0m[38;2;255;255;255m[48;2;255;255;255m▀[0m[38;2;0;0;0m[48;2;255;255;255m▀[0m[38;2;0;0;0m▄ 
 [38;2;0;0;0m[48;2;0;0;0m▀[0m[38;2;255;255;255m[48;2;247;251;247m▀[0m[38;2;255;255;255m[48;2;255;255;255m▀[0m[38;2;255;255;255m[48;2;255;255;255m▀[0m[38;2;68;56;49m[48;2;66;65;66m▀[0m[38;2;171;93;79m[48;2;177;99;85m▀[0m[38;2;177;100;85m[48;2;177;99;85m▀[0m[38;2;65;66;65m[48;2;177;99;85m▀[0m[38;2;255;255;255m[48;2;66;65;66m▀[0m[38;2;255;255;255m[48;2;255;255;255m▀[0m[38;2;255;255;255m[48;2;254;237;232m▀[0m[38;2;255;255;255m[48;2;68;56;49m▀[0m[38;2;255;255;255m[48;2;66;65;66m▀[0m[38;2;66;65;66m[48;2;177;99;85m▀[0m[38;2;177;100;85m[48;2;177;99;85m▀[0m[38;2;177;100;85m[48;2;177;99;85m▀[0m[38;2;66;65;66m[48;2;66;65;66m▀[0m[38;2;255;255;255m[48;2;255;255;255m▀[0m[38;2;255;255;255m[48;2;255;255;255m▀[0m[38;2;255;255;255m[48;2;255;255;255m▀[0m[38;2;255;255;255m[48;2;255;255;255m▀[0m[38;2;255;255;255m[48;2;255;255;255m▀[0m[38;2;255;255;255m[48;2;255;255;255m▀[0m[38;2;255;255;255m[48;2;255;255;255m▀[0m[38;2;255;255;255m[48;2;255;255;255m▀[0m[38;2;0;0;0m[48;2;0;0;0m▀[0m 
 [38;2;0;0;0m[48;2;0;0;0m▀[0m[38;2;82;83;82m[48;2;177;100;85m▀[0m[38;2;255;255;255m[48;2;65;66;65m▀[0m[38;2;66;65;66m[48;2;65;66;65m▀[0m[38;2;177;99;85m[48;2;177;99;85m▀[0m[38;2;177;99;85m[48;2;177;99;85m▀[0m[38;2;177;99;85m[48;2;177;99;85m▀[0m[38;2;177;99;85m[48;2;177;99;85m▀[0m[38;2;66;65;66m[48;2;177;99;85m▀[0m[38;2;255;255;255m[48;2;66;65;66m▀[0m[38;2;68;56;49m[48;2;177;99;85m▀[0m[38;2;171;93;79m[48;2;177;99;85m▀[0m[38;2;177;99;85m[48;2;177;99;85m▀[0m[38;2;177;99;85m[48;2;177;99;85m▀[0m[38;2;177;99;85m[48;2;177;99;85m▀[0m[38;2;177;99;85m[48;2;177;99;85m▀[0m[38;2;66;65;66m[48;2;66;65;66m▀[0m[38;2;255;255;255m[48;2;255;255;255m▀[0m[38;2;255;255;255m[48;2;255;255;255m▀[0m[38;2;255;255;255m[48;2;255;255;255m▀[0m[38;2;255;239;181m[48;2;225;206;189m▀[0m[38;2;255;255;255m[48;2;165;109;57m▀[0m[38;2;255;255;255m[48;2;255;255;255m▀[0m[38;2;255;255;255m[48;2;255;239;181m▀[0m[38;2;255;255;255m[48;2;255;239;181m▀[0m[38;2;0;0;0m[48;2;0;0;0m▀[0m 
 [38;2;0;0;0m▀[38;2;177;100;85m[48;2;0;0;0m▀[0m[38;2;177;100;85m[48;2;177;99;85m▀[0m[38;2;177;100;85m[48;2;177;99;85m▀[0m[38;2;177;99;85m[48;2;66;65;66m▀[0m[38;2;66;65;66m[48;2;143;96;81m▀[0m[38;2;66;65;66m[48;2;237;190;175m▀[0m[38;2;177;99;85m[48;2;66;65;66m▀[0m[38;2;177;99;85m[48;2;177;99;85m▀[0m[38;2;177;99;85m[48;2;177;99;85m▀[0m[38;2;177;99;85m[48;2;165;87;73m▀[0m[38;2;177;99;85m[48;2;73;57;57m▀[0m[38;2;177;99;85m[48;2;66;69;66m▀[0m[38;2;177;99;85m[48;2;177;100;79m▀[0m[38;2;177;99;85m[48;2;177;99;85m▀[0m[38;2;177;99;85m[48;2;177;99;85m▀[0m[38;2;66;65;66m[48;2;177;99;85m▀[0m[38;2;255;255;255m[48;2;66;65;66m▀[0m[38;2;255;255;255m[48;2;65;62;62m▀[0m[38;2;255;255;255m[48;2;65;62;62m▀[0m[38;2;255;255;255m[48;2;255;239;181m▀[0m[38;2;165;109;57m[48;2;255;239;181m▀[0m[38;2;255;255;255m[48;2;255;239;181m▀[0m[38;2;255;239;181m[48;2;255;239;181m▀[0m[38;2;255;239;181m[48;2;0;0;0m▀[0m[38;2;0;0;0m▀ 
  [38;2;0;0;0m[48;2;0;0;0m▀[0m[38;2;66;65;66m[48;2;120;61;51m▀[0m[38;2;177;99;85m[48;2;65;66;65m▀[0m[38;2;66;65;66m[48;2;226;187;184m▀[0m[38;2;143;96;81m[48;2;170;69;59m▀[0m[38;2;237;190;175m[48;2;163;74;58m▀[0m[38;2;66;65;66m[48;2;237;190;175m▀[0m[38;2;177;99;85m[48;2;66;65;66m▀[0m[38;2;177;99;85m[48;2;66;65;66m▀[0m[38;2;73;57;57m[48;2;237;190;175m▀[0m[38;2;244;179;159m[48;2;237;190;175m▀[0m[38;2;130;83;68m[48;2;144;97;82m▀[0m[38;2;66;69;66m[48;2;237;190;175m▀[0m[38;2;177;99;85m[48;2;65;62;62m▀[0m[38;2;177;99;85m[48;2;177;90;77m▀[0m[38;2;177;99;85m[48;2;177;98;85m▀[0m[38;2;177;99;85m[48;2;120;59;51m▀[0m[38;2;177;90;77m[48;2;131;70;62m▀[0m[38;2;121;76;70m[48;2;65;52;49m▀[0m[38;2;66;65;66m[48;2;255;239;181m▀[0m[38;2;255;239;181m[48;2;255;239;181m▀[0m[38;2;255;239;181m[48;2;255;239;181m▀[0m[38;2;255;239;181m[48;2;0;0;0m▀[0m[38;2;0;0;0m▀  
  [38;2;0;0;0m▀[38;2;120;61;51m[48;2;0;0;0m▀[0m[38;2;65;66;65m[48;2;164;98;110m▀[0m[38;2;198;128;121m[48;2;66;69;74m▀[0m[38;2;254;249;247m[48;2;188;94;87m▀[0m[38;2;163;74;58m[48;2;197;134;128m▀[0m[38;2;237;190;175m[48;2;244;178;167m▀[0m[38;2;237;190;175m[48;2;237;190;175m▀[0m[38;2;237;190;175m[48;2;237;190;175m▀[0m[38;2;163;74;58m[48;2;254;243;239m▀[0m[38;2;163;74;58m[48;2;162;54;43m▀[0m[38;2;237;190;175m[48;2;142;86;83m▀[0m[38;2;237;190;175m[48;2;211;119;118m▀[0m[38;2;65;62;62m[48;2;66;65;66m▀[0m[38;2;121;76;70m[48;2;66;65;66m▀[0m[38;2;120;59;51m[48;2;120;61;51m▀[0m[38;2;120;59;51m[48;2;65;66;65m▀[0m[38;2;65;52;49m[48;2;255;239;181m▀[0m[38;2;255;239;165m[48;2;255;239;181m▀[0m[38;2;255;239;181m[48;2;255;239;181m▀[0m[38;2;255;239;181m[48;2;255;239;181m▀[0m[38;2;255;239;181m[48;2;0;0;0m▀[0m[38;2;0;0;0m▀   
    [38;2;0;0;0m[48;2;0;0;0m▀[0m[38;2;170;112;121m[48;2;164;98;110m▀[0m[38;2;66;69;74m[48;2;164;98;110m▀[0m[38;2;197;134;128m[48;2;66;69;74m▀[0m[38;2;105;51;50m[48;2;188;94;87m▀[0m[38;2;193;141;133m[48;2;111;77;77m▀[0m[38;2;105;51;50m[48;2;203;119;118m▀[0m[38;2;208;145;141m[48;2;188;94;87m▀[0m[38;2;208;145;141m[48;2;66;69;74m▀[0m[38;2;211;119;118m[48;2;66;59;57m▀[0m[38;2;74;55;49m[48;2;162;93;107m▀[0m[38;2;164;98;110m[48;2;164;98;110m▀[0m[38;2;164;98;110m[48;2;66;65;66m▀[0m[38;2;65;66;65m[48;2;113;72;67m▀[0m[38;2;120;61;51m[48;2;75;48;45m▀[0m[38;2;66;65;66m[48;2;255;239;181m▀[0m[38;2;255;239;181m[48;2;0;0;0m▀[0m[38;2;255;239;181m[48;2;0;0;0m▀[0m[38;2;0;0;0m▀     
    [38;2;0;0;0m▄[38;2;0;0;0m[48;2;164;98;110m▀[0m[38;2;164;98;110m[48;2;164;98;110m▀[0m[38;2;170;112;121m[48;2;105;62;69m▀[0m[38;2;66;69;74m[48;2;164;98;110m▀[0m[38;2;66;59;57m[48;2;164;98;110m▀[0m[38;2;66;59;57m[48;2;164;98;110m▀[0m[38;2;66;69;74m[48;2;105;62;69m▀[0m[38;2;170;112;121m[48;2;164;98;110m▀[0m[38;2;162;93;107m[48;2;164;98;111m▀[0m[38;2;106;70;78m[48;2;164;98;111m▀[0m[38;2;66;65;66m[48;2;164;98;110m▀[0m[38;2;127;69;68m[48;2;0;0;0m▀[0m[38;2;0;0;0m▀[38;2;0;0;0m▀[38;2;0;0;0m▀        
    [38;2;0;0;0m▀[38;2;164;98;110m[48;2;0;0;0m▀[0m[38;2;66;65;66m[48;2;131;100;98m▀[0m[38;2;164;98;110m[48;2;66;65;66m▀[0m[38;2;164;98;110m[48;2;66;65;66m▀[0m[38;2;66;65;66m[48;2;130;99;97m▀[0m[38;2;164;98;110m[48;2;66;65;66m▀[0m[38;2;164;98;110m[48;2;66;73;66m▀[0m[38;2;105;62;69m[48;2;164;98;109m▀[0m[38;2;164;98;111m[48;2;164;98;109m▀[0m[38;2;164;98;111m[48;2;66;73;66m▀[0m[38;2;164;98;110m[48;2;68;55;44m▀[0m[38;2;164;98;110m[48;2;0;0;8m▀[0m[38;2;0;0;0m▀          
     [38;2;0;0;0m▀[38;2;131;100;98m[48;2;0;0;0m▀[0m[38;2;130;99;97m[48;2;131;100;98m▀[0m[38;2;66;65;66m[48;2;0;0;0m▀[0m[38;2;130;99;97m[48;2;131;100;98m▀[0m[38;2;130;99;97m[48;2;131;100;98m▀[0m[38;2;111;80;78m[48;2;88;57;55m▀[0m[38;2;66;73;66m[48;2;0;0;0m▀[0m[38;2;66;73;66m[48;2;0;0;0m▀[0m[38;2;111;80;78m[48;2;131;100;98m▀[0m[38;2;134;103;101m[48;2;131;100;98m▀[0m[38;2;0;0;8m[48;2;131;100;98m▀[0m[38;2;0;0;0m▄          
       [38;2;0;0;0m▀ [38;2;0;0;0m▀[38;2;131;100;98m[48;2;0;0;0m▀[0m[38;2;0;0;0m[48;2;0;0;0m▀[0m  [38;2;0;0;0m▀[38;2;0;0;0m▀[38;2;0;0;0m▀           
                                     [0m                                     