        [38;2;0;0;0m▄[38;2;0;0;0m[48;2;248;246;174m▀[0m[38;2;0;0;0m[48;2;239;235;33m▀[0m[38;2;0;0;0m▄           
       [38;2;0;0;0m[48;2;0;0;0m▀[0m[38;2;248;246;174m[48;2;248;246;174m▀[0m[38;2;65;65;65m[48;2;65;65;65m▀[0m[38;2;210;194;1m[48;2;210;194;1m▀[0m[38;2;0;0;0m[48;2;0;0;0m▀[0m  [38;2;0;0;0m▄[38;2;0;0;0m[48;2;248;246;174m▀[0m[38;2;0;0;0m[48;2;239;235;33m▀[0m[38;2;0;0;0m▄     
       [38;2;0;0;0m[48;2;0;0;0m▀[0m[38;2;239;235;33m[48;2;239;235;33m▀[0m[38;2;210;194;1m[48;2;115;100;1m▀[0m[38;2;210;194;1m[48;2;115;100;1m▀[0m[38;2;0;0;0m[48;2;210;194;1m▀[0m[38;2;0;0;0m[48;2;210;194;1m▀[0m[38;2;0;0;0m[48;2;65;65;65m▀[0m[38;2;248;246;174m[48;2;248;246;174m▀[0m[38;2;65;65;65m[48;2;65;65;65m▀[0m[38;2;210;194;1m[48;2;210;194;1m▀[0m[38;2;0;0;0m[48;2;0;0;0m▀[0m     
      [38;2;0;0;0m▄[38;2;0;0;0m[48;2;210;194;1m▀[0m[38;2;115;100;1m[48;2;239;235;33m▀[0m[38;2;239;235;33m[48;2;239;235;33m▀[0m[38;2;248;246;174m[48;2;239;235;33m▀[0m[38;2;248;246;174m[48;2;239;235;33m▀[0m[38;2;210;194;1m[48;2;65;65;65m▀[0m[38;2;65;65;65m[48;2;248;246;174m▀[0m[38;2;248;246;174m[48;2;239;235;33m▀[0m[38;2;210;194;1m[48;2;239;235;33m▀[0m[38;2;210;194;1m[48;2;65;65;65m▀[0m[38;2;0;0;0m[48;2;0;0;0m▀[0m     
   [38;2;0;0;0m▄[38;2;0;0;0m▄[38;2;0;0;0m[48;2;0;0;0m▀[0m[38;2;115;100;1m[48;2;239;235;33m▀[0m[38;2;255;255;255m[48;2;239;235;33m▀[0m[38;2;210;194;1m[48;2;0;0;0m▀[0m[38;2;239;235;33m[48;2;239;235;33m▀[0m[38;2;239;235;33m[48;2;239;235;33m▀[0m[38;2;239;235;33m[48;2;239;235;33m▀[0m[38;2;239;235;33m[48;2;255;255;255m▀[0m[38;2;239;235;33m[48;2;210;194;1m▀[0m[38;2;239;235;33m[48;2;239;235;33m▀[0m[38;2;239;235;33m[48;2;239;235;33m▀[0m[38;2;210;194;1m[48;2;239;235;33m▀[0m[38;2;0;0;0m[48;2;210;194;1m▀[0m[38;2;0;0;0m▄    
 [38;2;0;0;0m▄[38;2;0;0;0m[48;2;210;194;1m▀[0m[38;2;65;65;65m[48;2;65;65;65m▀[0m[38;2;210;194;1m[48;2;210;194;1m▀[0m[38;2;65;65;65m[48;2;65;65;65m▀[0m[38;2;239;235;33m[48;2;65;65;65m▀[0m[38;2;155;144;48m[48;2;239;235;33m▀[0m[38;2;239;235;33m[48;2;155;144;48m▀[0m[38;2;239;235;33m[48;2;210;194;1m▀[0m[38;2;239;235;33m[48;2;239;235;33m▀[0m[38;2;0;0;0m[48;2;155;144;48m▀[0m[38;2;255;255;255m[48;2;239;235;33m▀[0m[38;2;210;194;1m[48;2;239;235;33m▀[0m[38;2;239;235;33m[48;2;239;235;33m▀[0m[38;2;239;235;33m[48;2;239;235;33m▀[0m[38;2;239;235;33m[48;2;210;194;1m▀[0m[38;2;210;194;1m[48;2;115;100;1m▀[0m[38;2;0;0;0m[48;2;0;0;0m▀[0m    
 [38;2;0;0;0m▀[38;2;255;255;255m[48;2;0;0;0m▀[0m[38;2;210;194;1m[48;2;255;255;255m▀[0m[38;2;65;65;65m[48;2;210;194;1m▀[0m[38;2;0;0;0m[48;2;0;0;0m▀[0m[38;2;210;194;1m[48;2;65;65;65m▀[0m[38;2;210;194;1m[48;2;210;194;1m▀[0m[38;2;239;235;33m[48;2;65;65;65m▀[0m[38;2;239;235;33m[48;2;65;65;65m▀[0m[38;2;155;144;48m[48;2;239;235;33m▀[0m[38;2;239;235;33m[48;2;239;235;33m▀[0m[38;2;239;235;33m[48;2;65;65;65m▀[0m[38;2;239;235;33m[48;2;65;65;65m▀[0m[38;2;239;235;33m[48;2;65;65;65m▀[0m[38;2;65;65;65m[48;2;210;194;1m▀[0m[38;2;65;65;65m[48;2;65;65;65m▀[0m[38;2;65;65;65m[48;2;65;65;65m▀[0m[38;2;210;194;1m[48;2;239;235;33m▀[0m[38;2;0;0;0m[48;2;239;235;33m▀[0m[38;2;0;0;0m▄  
   [38;2;0;0;0m▀[38;2;0;0;0m▀[38;2;0;0;0m▄[38;2;0;0;0m[48;2;115;100;1m▀[0m[38;2;210;194;1m[48;2;65;65;65m▀[0m[38;2;65;65;65m[48;2;210;194;1m▀[0m[38;2;65;65;65m[48;2;65;65;65m▀[0m[38;2;65;65;65m[48;2;210;194;1m▀[0m[38;2;210;194;1m[48;2;210;194;1m▀[0m[38;2;210;194;1m[48;2;65;65;65m▀[0m[38;2;210;194;1m[48;2;65;65;65m▀[0m[38;2;210;194;1m[48;2;65;65;65m▀[0m[38;2;65;65;65m[48;2;115;100;1m▀[0m[38;2;65;65;65m[48;2;0;0;0m▀[0m[38;2;239;235;33m[48;2;65;65;65m▀[0m[38;2;65;65;65m[48;2;239;235;33m▀[0m[38;2;65;65;65m[48;2;239;235;33m▀[0m[38;2;65;65;65m[48;2;239;235;33m▀[0m[38;2;0;0;0m[48;2;0;0;0m▀[0m 
     [38;2;0;0;0m▀[38;2;210;194;1m[48;2;0;0;0m▀[0m[38;2;210;194;1m[48;2;0;0;0m▀[0m[38;2;0;0;0m▀[38;2;0;0;0m▀[38;2;210;194;1m[48;2;0;0;0m▀[0m[38;2;210;194;1m[48;2;0;0;0m▀[0m[38;2;210;194;1m[48;2;0;0;0m▀[0m[38;2;115;100;1m[48;2;65;65;65m▀[0m[38;2;0;0;0m[48;2;210;194;1m▀[0m[38;2;0;0;0m[48;2;0;0;0m▀[0m [38;2;0;0;0m[48;2;0;0;0m▀[0m[38;2;210;194;1m[48;2;255;255;255m▀[0m[38;2;255;255;255m[48;2;210;194;1m▀[0m[38;2;210;194;1m[48;2;255;255;255m▀[0m[38;2;0;0;0m[48;2;0;0;0m▀[0m 
            [38;2;0;0;0m▀[38;2;210;194;1m[48;2;0;0;0m▀[0m[38;2;210;194;1m[48;2;0;0;0m▀[0m[38;2;0;0;0m▀  [38;2;0;0;0m▀[38;2;0;0;0m▀[38;2;0;0;0m▀  
                                     [0m                                     