     [38;2;0;0;0m▄[38;2;0;0;0m[48;2;121;85;60m▀[0m[38;2;0;0;0m[48;2;121;85;60m▀[0m[38;2;0;0;0m[48;2;121;85;60m▀[0m[38;2;0;0;0m▄     [38;2;0;0;0m▄[38;2;0;0;0m▄[38;2;0;0;0m▄                      
    [38;2;0;0;0m▄[38;2;0;0;0m[48;2;121;85;60m▀[0m[38;2;121;85;60m[48;2;121;85;60m▀[0m[38;2;121;85;60m[48;2;121;85;60m▀[0m[38;2;121;85;60m[48;2;121;85;60m▀[0m[38;2;121;85;60m[48;2;121;85;60m▀[0m[38;2;0;0;0m[48;2;0;0;0m▀[0m [38;2;0;0;0m▄[38;2;0;0;0m[48;2;143;107;82m▀[0m[38;2;0;0;0m[48;2;143;107;82m▀[0m[38;2;143;107;82m[48;2;143;107;82m▀[0m[38;2;143;107;82m[48;2;143;107;82m▀[0m[38;2;147;111;86m[48;2;61;62;61m▀[0m[38;2;0;4;0m[48;2;61;62;61m▀[0m[38;2;0;0;0m▄                    
    [38;2;0;0;0m▀[38;2;121;85;60m[48;2;0;0;0m▀[0m[38;2;121;85;60m[48;2;121;85;60m▀[0m[38;2;121;85;60m[48;2;121;85;60m▀[0m[38;2;121;85;60m[48;2;65;64;65m▀[0m[38;2;121;85;60m[48;2;65;64;65m▀[0m[38;2;121;85;60m[48;2;65;64;65m▀[0m[38;2;0;4;0m[48;2;60;62;60m▀[0m[38;2;145;109;84m[48;2;145;109;84m▀[0m[38;2;142;106;81m[48;2;142;106;81m▀[0m[38;2;142;106;81m[48;2;65;64;65m▀[0m[38;2;65;64;65m[48;2;196;193;190m▀[0m[38;2;65;64;65m[48;2;196;193;190m▀[0m[38;2;199;151;90m[48;2;199;151;90m▀[0m[38;2;65;64;65m[48;2;199;151;90m▀[0m[38;2;0;0;0m[48;2;0;0;0m▀[0m                    
    [38;2;0;0;0m▄[38;2;0;4;0m[48;2;145;109;84m▀[0m[38;2;60;62;60m[48;2;145;109;84m▀[0m[38;2;143;107;82m[48;2;143;107;82m▀[0m[38;2;143;107;82m[48;2;143;107;82m▀[0m[38;2;142;106;81m[48;2;142;106;81m▀[0m[38;2;65;64;65m[48;2;142;106;81m▀[0m[38;2;142;106;81m[48;2;142;106;81m▀[0m[38;2;142;106;81m[48;2;65;64;65m▀[0m[38;2;65;64;65m[48;2;255;255;255m▀[0m[38;2;191;191;191m[48;2;255;255;255m▀[0m[38;2;255;255;255m[48;2;213;164;90m▀[0m[38;2;213;164;90m[48;2;213;164;90m▀[0m[38;2;234;192;88m[48;2;234;192;88m▀[0m[38;2;234;192;88m[48;2;0;0;0m▀[0m[38;2;0;0;0m▀                    
  [38;2;0;0;0m▄[38;2;0;0;0m[48;2;255;255;255m▀[0m[38;2;255;255;255m[48;2;255;255;255m▀[0m[38;2;142;106;81m[48;2;255;255;255m▀[0m[38;2;142;106;81m[48;2;142;106;81m▀[0m[38;2;255;255;255m[48;2;255;255;255m▀[0m[38;2;142;106;81m[48;2;142;106;81m▀[0m[38;2;142;106;81m[48;2;142;106;81m▀[0m[38;2;142;106;81m[48;2;255;255;255m▀[0m[38;2;143;107;82m[48;2;143;107;82m▀[0m[38;2;143;107;82m[48;2;143;107;82m▀[0m[38;2;143;107;82m[48;2;143;107;82m▀[0m[38;2;199;151;90m[48;2;143;107;82m▀[0m[38;2;234;192;88m[48;2;0;0;0m▀[0m[38;2;0;0;0m▀[38;2;0;0;0m▀              [38;2;0;0;0m▄[38;2;0;0;0m▄[38;2;0;0;0m▄[38;2;0;0;0m▄[38;2;0;0;0m▄[38;2;0;0;0m▄  
 [38;2;0;0;0m▄[38;2;0;0;0m[48;2;255;255;255m▀[0m[38;2;255;255;255m[48;2;149;113;88m▀[0m[38;2;84;48;23m[48;2;255;255;255m▀[0m[38;2;255;255;255m[48;2;255;255;255m▀[0m[38;2;255;255;255m[48;2;255;255;255m▀[0m[38;2;255;255;255m[48;2;255;255;255m▀[0m[38;2;142;106;81m[48;2;255;255;255m▀[0m[38;2;255;255;255m[48;2;255;255;255m▀[0m[38;2;255;255;255m[48;2;0;0;0m▀[0m[38;2;255;255;255m[48;2;255;255;255m▀[0m[38;2;142;106;81m[48;2;255;255;255m▀[0m[38;2;143;107;82m[48;2;143;107;82m▀[0m[38;2;143;107;82m[48;2;143;107;82m▀[0m[38;2;0;0;0m[48;2;143;107;82m▀[0m[38;2;0;0;0m▄          [38;2;0;0;0m▄[38;2;0;0;0m▄[38;2;0;0;0m[48;2;143;107;82m▀[0m[38;2;0;0;0m[48;2;143;107;82m▀[0m[38;2;0;0;0m[48;2;143;107;82m▀[0m[38;2;143;107;82m[48;2;143;107;82m▀[0m[38;2;143;107;82m[48;2;143;107;82m▀[0m[38;2;143;107;82m[48;2;143;107;82m▀[0m[38;2;143;107;82m[48;2;143;107;82m▀[0m[38;2;143;107;82m[48;2;0;0;0m▀[0m[38;2;143;107;82m[48;2;0;0;0m▀[0m[38;2;0;0;0m▀ 
 [38;2;0;0;0m[48;2;0;0;0m▀[0m[38;2;234;192;88m[48;2;234;192;88m▀[0m[38;2;78;69;51m[48;2;228;192;99m▀[0m[38;2;6;3;1m[48;2;78;69;51m▀[0m[38;2;255;255;255m[48;2;255;255;255m▀[0m[38;2;255;255;255m[48;2;199;194;190m▀[0m[38;2;255;255;255m[48;2;255;255;255m▀[0m[38;2;255;255;255m[48;2;255;255;255m▀[0m[38;2;113;77;52m[48;2;113;77;52m▀[0m[38;2;255;255;255m[48;2;9;5;1m▀[0m[38;2;0;0;0m[48;2;108;72;47m▀[0m[38;2;255;250;255m[48;2;255;250;255m▀[0m[38;2;142;106;81m[48;2;255;255;255m▀[0m[38;2;142;106;81m[48;2;142;106;81m▀[0m[38;2;149;113;88m[48;2;108;72;47m▀[0m[38;2;0;4;0m[48;2;0;4;0m▀[0m       [38;2;0;0;0m▄[38;2;0;0;0m[48;2;143;107;82m▀[0m[38;2;0;0;0m[48;2;143;107;82m▀[0m[38;2;143;107;82m[48;2;143;107;82m▀[0m[38;2;143;107;82m[48;2;143;107;82m▀[0m[38;2;143;107;82m[48;2;143;107;82m▀[0m[38;2;143;107;82m[48;2;143;107;82m▀[0m[38;2;142;106;81m[48;2;142;106;81m▀[0m[38;2;142;106;81m[48;2;65;64;65m▀[0m[38;2;144;108;83m[48;2;0;0;0m▀[0m[38;2;60;59;60m[48;2;0;0;0m▀[0m[38;2;0;0;0m▀    
 [38;2;0;0;0m▄[38;2;0;0;0m[48;2;65;64;65m▀[0m[38;2;234;192;88m[48;2;234;192;88m▀[0m[38;2;255;255;255m[48;2;255;255;255m▀[0m[38;2;159;64;74m[48;2;159;64;74m▀[0m[38;2;159;64;74m[48;2;159;64;74m▀[0m[38;2;156;64;74m[48;2;131;40;53m▀[0m[38;2;156;64;74m[48;2;131;40;53m▀[0m[38;2;255;255;255m[48;2;255;255;255m▀[0m[38;2;89;53;28m[48;2;255;255;255m▀[0m[38;2;255;255;255m[48;2;234;192;88m▀[0m[38;2;234;192;88m[48;2;234;192;88m▀[0m[38;2;234;192;88m[48;2;234;192;88m▀[0m[38;2;120;84;59m[48;2;120;84;59m▀[0m[38;2;122;86;61m[48;2;122;86;61m▀[0m[38;2;0;0;0m[48;2;65;64;65m▀[0m[38;2;0;0;0m▄[38;2;0;0;0m▄[38;2;0;0;0m[48;2;255;255;255m▀[0m[38;2;0;0;0m▄  [38;2;0;0;0m[48;2;0;0;0m▀[0m[38;2;143;107;82m[48;2;143;107;82m▀[0m[38;2;143;107;82m[48;2;143;107;82m▀[0m[38;2;143;107;82m[48;2;143;107;82m▀[0m[38;2;143;107;82m[48;2;143;107;82m▀[0m[38;2;143;107;82m[48;2;143;107;82m▀[0m[38;2;142;106;81m[48;2;142;106;81m▀[0m[38;2;142;106;81m[48;2;121;85;60m▀[0m[38;2;143;107;82m[48;2;143;107;82m▀[0m[38;2;143;107;82m[48;2;143;107;82m▀[0m[38;2;143;107;82m[48;2;0;0;0m▀[0m[38;2;143;107;82m[48;2;0;0;0m▀[0m[38;2;0;0;0m▀    
 [38;2;0;0;0m[48;2;0;0;0m▀[0m[38;2;196;193;190m[48;2;65;64;63m▀[0m[38;2;65;64;65m[48;2;191;191;191m▀[0m[38;2;255;255;255m[48;2;65;64;65m▀[0m[38;2;255;255;255m[48;2;98;52;57m▀[0m[38;2;98;52;57m[48;2;202;187;189m▀[0m[38;2;255;129;106m[48;2;255;129;106m▀[0m[38;2;255;129;106m[48;2;199;193;189m▀[0m[38;2;255;255;255m[48;2;199;194;190m▀[0m[38;2;255;255;255m[48;2;199;194;190m▀[0m[38;2;234;192;88m[48;2;120;84;59m▀[0m[38;2;234;192;88m[48;2;120;84;59m▀[0m[38;2;100;64;39m[48;2;74;76;74m▀[0m[38;2;74;76;74m[48;2;255;255;255m▀[0m[38;2;65;64;65m[48;2;255;255;255m▀[0m[38;2;255;255;255m[48;2;255;255;255m▀[0m[38;2;255;255;255m[48;2;255;255;255m▀[0m[38;2;255;255;255m[48;2;255;255;255m▀[0m[38;2;255;255;255m[48;2;255;255;255m▀[0m[38;2;255;255;255m[48;2;65;64;65m▀[0m[38;2;0;0;0m[48;2;65;64;65m▀[0m[38;2;0;0;0m▄ [38;2;0;0;0m▀[38;2;143;107;82m[48;2;0;0;0m▀[0m[38;2;143;107;82m[48;2;143;107;82m▀[0m[38;2;142;106;81m[48;2;121;85;60m▀[0m[38;2;142;106;81m[48;2;121;85;60m▀[0m[38;2;121;85;60m[48;2;142;106;81m▀[0m[38;2;142;106;81m[48;2;121;85;60m▀[0m[38;2;71;70;71m[48;2;130;94;69m▀[0m[38;2;0;0;0m[48;2;130;94;69m▀[0m[38;2;0;0;0m▄      
 [38;2;0;0;0m▀[38;2;199;151;90m[48;2;0;0;0m▀[0m[38;2;72;66;59m[48;2;167;150;127m▀[0m[38;2;215;192;161m[48;2;72;66;59m▀[0m[38;2;196;193;190m[48;2;65;64;65m▀[0m[38;2;65;64;65m[48;2;196;193;190m▀[0m[38;2;65;60;65m[48;2;197;190;189m▀[0m[38;2;65;60;65m[48;2;109;103;106m▀[0m[38;2;121;85;60m[48;2;121;85;60m▀[0m[38;2;121;85;60m[48;2;121;85;60m▀[0m[38;2;100;64;39m[48;2;74;76;74m▀[0m[38;2;74;76;74m[48;2;255;255;255m▀[0m[38;2;255;255;255m[48;2;255;255;255m▀[0m[38;2;255;255;255m[48;2;255;255;255m▀[0m[38;2;255;255;255m[48;2;255;255;255m▀[0m[38;2;255;255;255m[48;2;65;64;65m▀[0m[38;2;248;240;201m[48;2;71;64;53m▀[0m[38;2;71;64;53m[48;2;189;181;152m▀[0m[38;2;65;64;65m[48;2;234;192;88m▀[0m[38;2;234;192;88m[48;2;234;192;88m▀[0m[38;2;234;192;88m[48;2;234;192;88m▀[0m[38;2;0;0;0m[48;2;234;192;88m▀[0m[38;2;0;0;0m▄[38;2;0;0;0m▄[38;2;0;0;0m▄[38;2;0;0;0m[48;2;121;85;60m▀[0m[38;2;121;85;60m[48;2;121;85;60m▀[0m[38;2;121;85;60m[48;2;121;85;60m▀[0m[38;2;108;72;47m[48;2;0;4;0m▀[0m[38;2;149;113;88m[48;2;0;4;0m▀[0m[38;2;0;0;0m▀[38;2;0;0;0m▀       
  [38;2;0;0;0m▀[38;2;199;151;90m[48;2;0;0;0m▀[0m[38;2;199;151;90m[48;2;199;151;90m▀[0m[38;2;199;151;90m[48;2;199;151;90m▀[0m[38;2;65;64;65m[48;2;199;151;90m▀[0m[38;2;72;66;59m[48;2;167;150;127m▀[0m[38;2;215;192;161m[48;2;72;66;59m▀[0m[38;2;199;194;190m[48;2;255;255;255m▀[0m[38;2;199;194;190m[48;2;255;255;255m▀[0m[38;2;255;255;255m[48;2;255;255;255m▀[0m[38;2;255;255;255m[48;2;255;255;255m▀[0m[38;2;255;255;255m[48;2;255;255;255m▀[0m[38;2;255;255;255m[48;2;255;255;255m▀[0m[38;2;255;255;255m[48;2;255;255;255m▀[0m[38;2;255;255;255m[48;2;199;194;190m▀[0m[38;2;135;99;74m[48;2;196;193;190m▀[0m[38;2;65;68;74m[48;2;196;193;190m▀[0m[38;2;234;192;88m[48;2;65;64;65m▀[0m[38;2;234;192;88m[48;2;234;192;88m▀[0m[38;2;234;192;88m[48;2;234;192;88m▀[0m[38;2;234;192;88m[48;2;197;151;90m▀[0m[38;2;65;64;65m[48;2;0;0;0m▀[0m[38;2;122;86;61m[48;2;0;0;0m▀[0m[38;2;121;85;60m[48;2;0;0;0m▀[0m[38;2;0;0;0m▀[38;2;0;0;0m▀[38;2;0;0;0m▀           
    [38;2;0;0;0m▀[38;2;0;0;0m▀[38;2;199;151;90m[48;2;0;0;0m▀[0m[38;2;200;156;99m[48;2;0;0;8m▀[0m[38;2;67;53;36m[48;2;0;0;8m▀[0m[38;2;172;172;172m[48;2;8;8;8m▀[0m[38;2;255;255;255m[48;2;172;172;172m▀[0m[38;2;255;255;255m[48;2;199;194;190m▀[0m[38;2;255;255;255m[48;2;199;194;190m▀[0m[38;2;255;255;255m[48;2;199;194;190m▀[0m[38;2;199;194;190m[48;2;199;194;190m▀[0m[38;2;199;193;189m[48;2;199;193;189m▀[0m[38;2;199;193;189m[48;2;199;193;189m▀[0m[38;2;196;193;190m[48;2;196;193;190m▀[0m[38;2;196;193;190m[48;2;65;64;65m▀[0m[38;2;72;66;59m[48;2;215;192;161m▀[0m[38;2;167;150;127m[48;2;72;66;59m▀[0m[38;2;199;151;90m[48;2;0;0;0m▀[0m[38;2;0;0;0m▀                 
          [38;2;0;0;0m▀[38;2;0;0;0m▀[38;2;196;193;190m[48;2;0;0;0m▀[0m[38;2;65;64;65m[48;2;0;0;0m▀[0m[38;2;0;0;0m▀[38;2;0;0;0m▀[38;2;0;0;0m▀[38;2;0;0;0m▀[38;2;0;0;0m▀[38;2;196;193;190m[48;2;0;0;0m▀[0m[38;2;0;0;0m▀                   
                                     [0m                                     