         [38;2;0;0;0m▄[38;2;0;0;0m[48;2;243;255;58m▀[0m[38;2;0;0;0m▄             
      [38;2;0;0;0m▄[38;2;0;0;0m▄[38;2;0;0;0m[48;2;243;255;58m▀[0m[38;2;189;187;58m[48;2;243;255;58m▀[0m[38;2;243;255;58m[48;2;243;255;58m▀[0m[38;2;0;0;0m[48;2;189;187;58m▀[0m[38;2;0;0;0m▄            
     [38;2;0;0;0m[48;2;0;0;0m▀[0m[38;2;189;187;58m[48;2;189;187;58m▀[0m[38;2;53;53;53m[48;2;189;187;58m▀[0m[38;2;189;187;58m[48;2;53;53;53m▀[0m[38;2;243;255;58m[48;2;243;255;58m▀[0m[38;2;243;255;58m[48;2;189;187;58m▀[0m[38;2;243;255;58m[48;2;0;0;0m▀[0m[38;2;0;0;0m▀ [38;2;0;0;0m▄[38;2;0;0;0m▄         
    [38;2;0;0;0m▄[38;2;0;0;0m[48;2;189;187;58m▀[0m[38;2;189;187;58m[48;2;189;187;58m▀[0m[38;2;58;88;115m[48;2;53;53;53m▀[0m[38;2;53;53;53m[48;2;189;187;58m▀[0m[38;2;243;255;58m[48;2;243;255;58m▀[0m[38;2;53;53;53m[48;2;53;53;53m▀[0m[38;2;58;88;115m[48;2;58;88;115m▀[0m[38;2;0;0;0m[48;2;53;53;53m▀[0m[38;2;0;0;0m[48;2;189;187;58m▀[0m[38;2;243;255;58m[48;2;243;255;58m▀[0m[38;2;0;0;0m[48;2;0;0;0m▀[0m         
    [38;2;0;0;0m[48;2;0;0;0m▀[0m[38;2;189;187;58m[48;2;189;187;58m▀[0m[38;2;58;88;115m[48;2;58;88;115m▀[0m[38;2;53;53;53m[48;2;53;53;53m▀[0m[38;2;243;255;58m[48;2;243;255;58m▀[0m[38;2;189;187;58m[48;2;53;53;53m▀[0m[38;2;53;53;53m[48;2;91;212;220m▀[0m[38;2;58;88;115m[48;2;58;88;115m▀[0m[38;2;53;53;53m[48;2;58;88;115m▀[0m[38;2;243;255;58m[48;2;53;53;53m▀[0m[38;2;243;255;58m[48;2;243;255;58m▀[0m[38;2;58;88;115m[48;2;58;88;115m▀[0m[38;2;0;0;0m[48;2;0;0;0m▀[0m[38;2;0;0;0m▄[38;2;0;0;0m▄      
    [38;2;0;0;0m[48;2;0;0;0m▀[0m[38;2;189;187;58m[48;2;189;187;58m▀[0m[38;2;53;53;53m[48;2;189;187;58m▀[0m[38;2;189;187;58m[48;2;243;255;58m▀[0m[38;2;243;255;58m[48;2;243;255;58m▀[0m[38;2;53;53;53m[48;2;53;53;53m▀[0m[38;2;91;212;220m[48;2;80;170;194m▀[0m[38;2;58;88;115m[48;2;80;170;194m▀[0m[38;2;91;212;220m[48;2;91;212;220m▀[0m[38;2;243;255;58m[48;2;243;255;58m▀[0m[38;2;243;255;58m[48;2;58;88;115m▀[0m[38;2;58;88;115m[48;2;80;170;194m▀[0m[38;2;58;88;115m[48;2;91;212;220m▀[0m[38;2;80;170;194m[48;2;91;212;220m▀[0m[38;2;91;212;220m[48;2;0;0;0m▀[0m[38;2;0;0;0m▀     
   [38;2;0;0;0m▄[38;2;0;0;0m▄[38;2;0;0;0m[48;2;53;53;53m▀[0m[38;2;189;187;58m[48;2;58;88;115m▀[0m[38;2;243;255;58m[48;2;243;255;58m▀[0m[38;2;243;255;58m[48;2;189;187;58m▀[0m[38;2;255;255;255m[48;2;243;255;58m▀[0m[38;2;0;0;0m[48;2;243;255;58m▀[0m[38;2;255;255;255m[48;2;243;255;58m▀[0m[38;2;243;255;58m[48;2;243;255;58m▀[0m[38;2;243;255;58m[48;2;80;170;194m▀[0m[38;2;80;170;194m[48;2;91;212;220m▀[0m[38;2;91;212;220m[48;2;91;212;220m▀[0m[38;2;91;212;220m[48;2;53;53;53m▀[0m[38;2;0;0;0m[48;2;0;0;0m▀[0m       
 [38;2;0;0;0m▄[38;2;0;0;0m[48;2;80;170;194m▀[0m[38;2;53;53;53m[48;2;80;170;194m▀[0m[38;2;53;53;53m[48;2;80;170;194m▀[0m[38;2;53;53;53m[48;2;0;0;0m▀[0m[38;2;53;53;53m[48;2;0;0;0m▀[0m[38;2;243;255;58m[48;2;58;88;115m▀[0m[38;2;243;255;58m[48;2;80;170;194m▀[0m[38;2;243;255;58m[48;2;80;170;194m▀[0m[38;2;189;187;58m[48;2;80;170;194m▀[0m[38;2;80;170;194m[48;2;91;212;220m▀[0m[38;2;80;170;194m[48;2;53;53;53m▀[0m[38;2;91;212;220m[48;2;53;53;53m▀[0m[38;2;53;53;53m[48;2;58;88;115m▀[0m[38;2;53;53;53m[48;2;58;88;115m▀[0m[38;2;58;88;115m[48;2;58;88;115m▀[0m[38;2;53;53;53m[48;2;58;88;115m▀[0m[38;2;0;0;0m[48;2;58;88;115m▀[0m[38;2;0;0;0m▄[38;2;0;0;0m▄    
  [38;2;0;0;0m▀[38;2;0;0;0m▀[38;2;0;0;0m▀[38;2;0;0;0m▄[38;2;0;0;0m[48;2;189;189;189m▀[0m[38;2;189;189;189m[48;2;189;189;189m▀[0m[38;2;80;170;194m[48;2;80;170;194m▀[0m[38;2;91;212;220m[48;2;91;212;220m▀[0m[38;2;255;255;255m[48;2;255;255;255m▀[0m[38;2;255;255;255m[48;2;101;139;161m▀[0m[38;2;101;139;161m[48;2;58;88;115m▀[0m[38;2;58;88;115m[48;2;58;88;115m▀[0m[38;2;53;53;53m[48;2;53;53;53m▀[0m[38;2;58;88;115m[48;2;53;53;53m▀[0m[38;2;58;88;115m[48;2;53;53;53m▀[0m[38;2;58;88;115m[48;2;58;88;115m▀[0m[38;2;58;88;115m[48;2;58;88;115m▀[0m[38;2;58;88;115m[48;2;58;88;115m▀[0m[38;2;58;88;115m[48;2;58;88;115m▀[0m[38;2;0;0;0m[48;2;0;0;0m▀[0m   
    [38;2;0;0;0m▄[38;2;0;0;0m[48;2;189;187;58m▀[0m[38;2;189;189;189m[48;2;53;53;53m▀[0m[38;2;80;170;194m[48;2;91;212;220m▀[0m[38;2;91;212;220m[48;2;91;212;220m▀[0m[38;2;80;170;194m[48;2;189;189;189m▀[0m[38;2;255;255;255m[48;2;255;255;255m▀[0m[38;2;255;255;255m[48;2;58;88;115m▀[0m[38;2;101;139;161m[48;2;255;255;255m▀[0m[38;2;58;88;115m[48;2;58;88;115m▀[0m[38;2;58;88;115m[48;2;58;88;115m▀[0m[38;2;53;53;53m[48;2;53;53;53m▀[0m[38;2;91;212;220m[48;2;91;212;220m▀[0m[38;2;53;53;53m[48;2;91;212;220m▀[0m[38;2;58;88;115m[48;2;53;53;53m▀[0m[38;2;58;88;115m[48;2;58;88;115m▀[0m[38;2;58;88;115m[48;2;58;88;115m▀[0m[38;2;58;88;115m[48;2;58;88;115m▀[0m[38;2;0;0;0m[48;2;0;0;0m▀[0m  
     [38;2;0;0;0m▀[38;2;91;212;220m[48;2;0;0;0m▀[0m[38;2;91;212;220m[48;2;80;170;194m▀[0m[38;2;91;212;220m[48;2;91;212;220m▀[0m[38;2;255;255;255m[48;2;58;88;115m▀[0m[38;2;101;139;161m[48;2;58;88;115m▀[0m[38;2;255;255;255m[48;2;58;88;115m▀[0m[38;2;101;139;161m[48;2;58;88;115m▀[0m[38;2;58;88;115m[48;2;58;88;115m▀[0m[38;2;58;88;115m[48;2;58;88;115m▀[0m[38;2;58;88;115m[48;2;58;88;115m▀[0m[38;2;53;53;53m[48;2;58;88;115m▀[0m[38;2;91;212;220m[48;2;0;0;0m▀[0m[38;2;91;212;220m[48;2;91;212;220m▀[0m[38;2;91;212;220m[48;2;91;212;220m▀[0m[38;2;58;88;115m[48;2;91;212;220m▀[0m[38;2;58;88;115m[48;2;91;212;220m▀[0m[38;2;91;212;220m[48;2;91;212;220m▀[0m[38;2;0;0;0m[48;2;0;0;0m▀[0m 
       [38;2;0;0;0m▀[38;2;0;0;0m▀[38;2;0;0;0m▀[38;2;58;88;115m[48;2;0;0;0m▀[0m[38;2;58;88;115m[48;2;0;0;0m▀[0m[38;2;58;88;115m[48;2;243;255;58m▀[0m[38;2;58;88;115m[48;2;189;187;58m▀[0m[38;2;58;88;115m[48;2;243;255;58m▀[0m[38;2;58;88;115m[48;2;0;0;0m▀[0m[38;2;0;0;0m▀ [38;2;0;0;0m▀[38;2;0;0;0m▀[38;2;91;212;220m[48;2;0;0;0m▀[0m[38;2;91;212;220m[48;2;0;0;0m▀[0m[38;2;91;212;220m[48;2;0;0;0m▀[0m[38;2;0;0;0m[48;2;0;0;0m▀[0m 
                   [38;2;0;0;0m▀[38;2;0;0;0m▀[38;2;0;0;0m▀                 
                                     [0m                                     