        [38;2;7;7;7m▄[38;2;7;7;7m▄[38;2;7;7;7m[48;2;248;248;248m▀[0m[38;2;7;7;7m[48;2;248;248;248m▀[0m[38;2;7;7;7m[48;2;248;248;248m▀[0m[38;2;7;7;7m▄ [38;2;7;7;7m▄[38;2;7;7;7m[48;2;248;248;248m▀[0m[38;2;7;7;7m[48;2;248;248;248m▀[0m[38;2;7;7;7m[48;2;248;248;248m▀[0m[38;2;7;7;7m[48;2;248;248;248m▀[0m[38;2;7;7;7m▄[38;2;7;7;7m▄               
       [38;2;7;7;7m▄[38;2;7;7;7m[48;2;238;234;246m▀[0m[38;2;248;248;248m[48;2;248;248;248m▀[0m[38;2;248;248;248m[48;2;7;7;7m▀[0m[38;2;7;7;7m▀[38;2;248;248;248m[48;2;7;7;7m▀[0m[38;2;248;248;248m[48;2;238;234;246m▀[0m[38;2;7;7;7m[48;2;7;7;7m▀[0m[38;2;248;248;248m[48;2;238;234;246m▀[0m[38;2;248;248;248m[48;2;7;7;7m▀[0m[38;2;7;7;7m▀[38;2;7;7;7m▀[38;2;248;248;248m[48;2;7;7;7m▀[0m[38;2;248;248;248m[48;2;238;234;246m▀[0m[38;2;7;7;7m[48;2;248;248;248m▀[0m[38;2;7;7;7m▄              
       [38;2;7;7;7m[48;2;7;7;7m▀[0m[38;2;238;234;246m[48;2;238;234;246m▀[0m[38;2;7;7;7m[48;2;7;7;7m▀[0m [38;2;7;7;7m[48;2;7;7;7m▀[0m[38;2;238;234;246m[48;2;7;7;7m▀[0m[38;2;7;7;7m▀ [38;2;7;7;7m▀[38;2;238;234;246m[48;2;7;7;7m▀[0m[38;2;7;7;7m[48;2;7;7;7m▀[0m  [38;2;7;7;7m[48;2;7;7;7m▀[0m[38;2;238;234;246m[48;2;238;234;246m▀[0m[38;2;7;7;7m[48;2;7;7;7m▀[0m              
        [38;2;7;7;7m[48;2;7;7;7m▀[0m[38;2;238;234;246m[48;2;238;234;246m▀[0m[38;2;7;7;7m[48;2;181;173;173m▀[0m[38;2;66;66;66m[48;2;66;66;66m▀[0m[38;2;240;124;104m[48;2;240;124;104m▀[0m[38;2;7;7;7m[48;2;7;7;7m▀[0m [38;2;7;7;7m▄[38;2;7;7;7m▄[38;2;7;7;7m▄[38;2;7;7;7m[48;2;240;124;104m▀[0m[38;2;7;7;7m▄[38;2;7;7;7m[48;2;238;234;246m▀[0m[38;2;238;234;246m[48;2;181;173;173m▀[0m[38;2;7;7;7m[48;2;7;7;7m▀[0m              
         [38;2;7;7;7m▀[38;2;238;234;246m[48;2;7;7;7m▀[0m[38;2;66;66;66m[48;2;66;66;66m▀[0m[38;2;240;124;104m[48;2;66;66;66m▀[0m[38;2;240;124;104m[48;2;240;124;104m▀[0m[38;2;7;7;7m[48;2;66;66;66m▀[0m[38;2;238;234;246m[48;2;238;234;246m▀[0m[38;2;248;248;248m[48;2;66;66;66m▀[0m[38;2;66;66;66m[48;2;240;124;104m▀[0m[38;2;240;124;104m[48;2;240;124;104m▀[0m[38;2;66;66;66m[48;2;66;66;66m▀[0m[38;2;181;173;173m[48;2;7;7;7m▀[0m[38;2;7;7;7m▀               
        [38;2;7;7;7m[48;2;7;7;7m▀[0m[38;2;7;7;7m[48;2;181;173;173m▀[0m[38;2;240;124;104m[48;2;66;66;66m▀[0m[38;2;240;124;104m[48;2;240;124;104m▀[0m[38;2;240;124;104m[48;2;66;66;66m▀[0m[38;2;66;66;66m[48;2;239;171;238m▀[0m[38;2;238;234;246m[48;2;66;66;66m▀[0m[38;2;66;66;66m[48;2;240;124;104m▀[0m[38;2;66;66;66m[48;2;240;124;104m▀[0m[38;2;66;66;66m[48;2;240;124;104m▀[0m[38;2;240;124;104m[48;2;66;66;66m▀[0m[38;2;66;66;66m[48;2;238;234;246m▀[0m[38;2;238;234;246m[48;2;238;234;246m▀[0m[38;2;7;7;7m[48;2;238;234;246m▀[0m[38;2;7;7;7m▄[38;2;7;7;7m▄      [38;2;7;7;7m▄[38;2;7;7;7m▄     
       [38;2;7;7;7m[48;2;7;7;7m▀[0m[38;2;181;173;173m[48;2;181;173;173m▀[0m[38;2;66;66;66m[48;2;66;66;66m▀[0m[38;2;66;66;66m[48;2;255;227;140m▀[0m[38;2;66;66;66m[48;2;66;66;66m▀[0m[38;2;239;171;238m[48;2;239;171;238m▀[0m[38;2;239;171;238m[48;2;177;90;147m▀[0m[38;2;177;90;147m[48;2;239;171;238m▀[0m[38;2;66;66;66m[48;2;239;171;238m▀[0m[38;2;240;124;104m[48;2;177;90;147m▀[0m[38;2;66;66;66m[48;2;177;90;147m▀[0m[38;2;238;234;246m[48;2;177;90;147m▀[0m[38;2;238;234;246m[48;2;238;234;246m▀[0m[38;2;238;234;246m[48;2;238;234;246m▀[0m[38;2;238;234;246m[48;2;66;66;66m▀[0m[38;2;66;66;66m[48;2;239;171;238m▀[0m[38;2;239;171;238m[48;2;198;124;180m▀[0m[38;2;7;7;7m[48;2;7;7;7m▀[0m  [38;2;7;7;7m▄[38;2;7;7;7m[48;2;142;123;132m▀[0m[38;2;7;7;7m[48;2;219;151;176m▀[0m[38;2;219;151;176m[48;2;219;151;176m▀[0m[38;2;219;151;176m[48;2;219;151;176m▀[0m[38;2;7;7;7m[48;2;219;151;176m▀[0m[38;2;7;7;7m[48;2;219;151;176m▀[0m[38;2;7;7;7m▄  
       [38;2;7;7;7m▀[38;2;181;173;173m[48;2;7;7;7m▀[0m[38;2;66;66;66m[48;2;66;66;66m▀[0m[38;2;255;227;140m[48;2;255;227;140m▀[0m[38;2;66;66;66m[48;2;156;138;82m▀[0m[38;2;239;171;238m[48;2;66;66;66m▀[0m[38;2;177;90;147m[48;2;239;171;238m▀[0m[38;2;239;171;238m[48;2;66;66;66m▀[0m[38;2;7;7;7m[48;2;248;248;248m▀[0m[38;2;255;227;140m[48;2;156;138;82m▀[0m[38;2;255;227;140m[48;2;255;227;140m▀[0m[38;2;239;171;238m[48;2;177;90;147m▀[0m[38;2;238;234;246m[48;2;238;234;246m▀[0m[38;2;66;66;66m[48;2;66;66;66m▀[0m[38;2;239;171;238m[48;2;177;90;147m▀[0m[38;2;177;90;147m[48;2;177;90;147m▀[0m[38;2;198;124;180m[48;2;198;124;180m▀[0m[38;2;7;7;7m[48;2;7;7;7m▀[0m [38;2;7;7;7m[48;2;7;7;7m▀[0m[38;2;240;124;104m[48;2;178;85;76m▀[0m[38;2;240;124;104m[48;2;240;124;104m▀[0m[38;2;142;123;132m[48;2;142;123;132m▀[0m[38;2;219;151;176m[48;2;219;151;176m▀[0m[38;2;219;151;176m[48;2;142;123;132m▀[0m[38;2;219;151;176m[48;2;219;151;176m▀[0m[38;2;142;123;132m[48;2;142;123;132m▀[0m[38;2;240;124;104m[48;2;240;124;104m▀[0m[38;2;7;7;7m[48;2;7;7;7m▀[0m 
        [38;2;7;7;7m[48;2;7;7;7m▀[0m[38;2;239;171;238m[48;2;239;171;238m▀[0m[38;2;66;66;66m[48;2;239;171;238m▀[0m[38;2;66;66;66m[48;2;66;66;66m▀[0m[38;2;239;171;238m[48;2;66;66;66m▀[0m[38;2;66;66;66m[48;2;239;171;238m▀[0m[38;2;255;227;140m[48;2;66;66;66m▀[0m[38;2;156;138;82m[48;2;66;66;66m▀[0m[38;2;255;227;140m[48;2;66;66;66m▀[0m[38;2;66;66;66m[48;2;239;171;238m▀[0m[38;2;66;66;66m[48;2;239;171;238m▀[0m[38;2;239;171;238m[48;2;239;171;238m▀[0m[38;2;238;234;246m[48;2;238;234;246m▀[0m[38;2;177;90;147m[48;2;198;124;180m▀[0m[38;2;198;124;180m[48;2;7;7;7m▀[0m[38;2;7;7;7m▀ [38;2;7;7;7m[48;2;7;7;7m▀[0m[38;2;240;124;104m[48;2;240;124;104m▀[0m[38;2;66;66;66m[48;2;66;66;66m▀[0m[38;2;142;123;132m[48;2;156;98;118m▀[0m[38;2;219;151;176m[48;2;156;98;118m▀[0m[38;2;142;123;132m[48;2;142;123;132m▀[0m[38;2;240;124;104m[48;2;240;124;104m▀[0m[38;2;142;123;132m[48;2;142;123;132m▀[0m[38;2;219;151;176m[48;2;156;98;118m▀[0m[38;2;142;123;132m[48;2;7;7;7m▀[0m[38;2;7;7;7m▀ 
        [38;2;7;7;7m▄[38;2;7;7;7m[48;2;181;173;173m▀[0m[38;2;238;234;246m[48;2;66;66;66m▀[0m[38;2;248;248;248m[48;2;66;66;66m▀[0m[38;2;248;248;248m[48;2;66;66;66m▀[0m[38;2;66;66;66m[48;2;248;248;248m▀[0m[38;2;239;171;238m[48;2;248;248;248m▀[0m[38;2;239;171;238m[48;2;238;234;246m▀[0m[38;2;239;171;238m[48;2;66;66;66m▀[0m[38;2;239;171;238m[48;2;239;171;238m▀[0m[38;2;239;171;238m[48;2;239;171;238m▀[0m[38;2;238;234;246m[48;2;198;124;180m▀[0m[38;2;198;124;180m[48;2;7;7;7m▀[0m[38;2;7;7;7m▀ [38;2;7;7;7m▄[38;2;7;7;7m[48;2;7;7;7m▀[0m[38;2;142;123;132m[48;2;219;151;176m▀[0m[38;2;142;123;132m[48;2;219;151;176m▀[0m[38;2;219;151;176m[48;2;156;98;118m▀[0m[38;2;66;66;66m[48;2;7;7;7m▀[0m[38;2;7;7;7m▀[38;2;178;85;76m[48;2;7;7;7m▀[0m[38;2;178;85;76m[48;2;7;7;7m▀[0m[38;2;7;7;7m▀[38;2;7;7;7m▀   
     [38;2;7;7;7m▄[38;2;7;7;7m▄[38;2;7;7;7m[48;2;178;85;76m▀[0m[38;2;66;66;66m[48;2;66;66;66m▀[0m[38;2;66;66;66m[48;2;178;85;76m▀[0m[38;2;66;66;66m[48;2;156;98;118m▀[0m[38;2;181;173;173m[48;2;66;66;66m▀[0m[38;2;238;234;246m[48;2;66;66;66m▀[0m[38;2;238;234;246m[48;2;66;66;66m▀[0m[38;2;66;66;66m[48;2;198;124;180m▀[0m[38;2;66;66;66m[48;2;198;124;180m▀[0m[38;2;198;124;180m[48;2;198;124;180m▀[0m[38;2;198;124;180m[48;2;66;66;66m▀[0m[38;2;198;124;180m[48;2;66;66;66m▀[0m[38;2;66;66;66m[48;2;66;66;66m▀[0m[38;2;66;66;66m[48;2;178;85;76m▀[0m[38;2;7;7;7m[48;2;66;66;66m▀[0m[38;2;7;7;7m[48;2;156;98;118m▀[0m[38;2;219;151;176m[48;2;66;66;66m▀[0m[38;2;66;66;66m[48;2;178;85;76m▀[0m[38;2;66;66;66m[48;2;178;85;76m▀[0m[38;2;156;98;118m[48;2;7;7;7m▀[0m[38;2;7;7;7m▀         
    [38;2;7;7;7m[48;2;7;7;7m▀[0m[38;2;239;171;238m[48;2;239;171;238m▀[0m[38;2;66;66;66m[48;2;66;66;66m▀[0m[38;2;178;85;76m[48;2;156;98;118m▀[0m[38;2;156;98;118m[48;2;156;98;118m▀[0m[38;2;66;66;66m[48;2;219;151;176m▀[0m[38;2;156;98;118m[48;2;66;66;66m▀[0m[38;2;156;98;118m[48;2;66;66;66m▀[0m[38;2;178;85;76m[48;2;156;98;118m▀[0m[38;2;178;85;76m[48;2;178;85;76m▀[0m[38;2;66;66;66m[48;2;178;85;76m▀[0m[38;2;66;66;66m[48;2;156;98;118m▀[0m[38;2;66;66;66m[48;2;66;66;66m▀[0m[38;2;156;98;118m[48;2;66;66;66m▀[0m[38;2;66;66;66m[48;2;156;98;118m▀[0m[38;2;156;98;118m[48;2;156;98;118m▀[0m[38;2;178;85;76m[48;2;156;98;118m▀[0m[38;2;66;66;66m[48;2;66;66;66m▀[0m[38;2;66;66;66m[48;2;239;171;238m▀[0m[38;2;156;98;118m[48;2;7;7;7m▀[0m[38;2;7;7;7m▀[38;2;7;7;7m▀           
    [38;2;7;7;7m▀[38;2;239;171;238m[48;2;7;7;7m▀[0m[38;2;239;171;238m[48;2;239;171;238m▀[0m[38;2;66;66;66m[48;2;178;85;76m▀[0m[38;2;156;98;118m[48;2;66;66;66m▀[0m[38;2;219;151;176m[48;2;142;123;132m▀[0m[38;2;142;123;132m[48;2;240;124;104m▀[0m[38;2;240;124;104m[48;2;240;124;104m▀[0m[38;2;66;66;66m[48;2;142;123;132m▀[0m[38;2;66;66;66m[48;2;219;151;176m▀[0m[38;2;66;66;66m[48;2;219;151;176m▀[0m[38;2;66;66;66m[48;2;142;123;132m▀[0m[38;2;142;123;132m[48;2;240;124;104m▀[0m[38;2;240;124;104m[48;2;240;124;104m▀[0m[38;2;156;98;118m[48;2;142;123;132m▀[0m[38;2;156;98;118m[48;2;66;66;66m▀[0m[38;2;66;66;66m[48;2;66;66;66m▀[0m[38;2;198;124;180m[48;2;239;171;238m▀[0m[38;2;239;171;238m[48;2;239;171;238m▀[0m[38;2;239;171;238m[48;2;240;124;104m▀[0m[38;2;7;7;7m[48;2;7;7;7m▀[0m            
     [38;2;7;7;7m▄[38;2;7;7;7m[48;2;198;124;180m▀[0m[38;2;198;124;180m[48;2;198;124;180m▀[0m[38;2;198;124;180m[48;2;66;66;66m▀[0m[38;2;66;66;66m[48;2;66;66;66m▀[0m[38;2;66;66;66m[48;2;198;124;180m▀[0m[38;2;142;123;132m[48;2;66;66;66m▀[0m[38;2;219;151;176m[48;2;66;66;66m▀[0m[38;2;219;151;176m[48;2;66;66;66m▀[0m[38;2;219;151;176m[48;2;66;66;66m▀[0m[38;2;219;151;176m[48;2;66;66;66m▀[0m[38;2;142;123;132m[48;2;66;66;66m▀[0m[38;2;66;66;66m[48;2;198;124;180m▀[0m[38;2;66;66;66m[48;2;66;66;66m▀[0m[38;2;66;66;66m[48;2;198;124;180m▀[0m[38;2;239;171;238m[48;2;240;124;104m▀[0m[38;2;239;171;238m[48;2;239;171;238m▀[0m[38;2;239;171;238m[48;2;7;7;7m▀[0m[38;2;7;7;7m▀             
   [38;2;7;7;7m▄[38;2;7;7;7m▄[38;2;7;7;7m[48;2;238;234;246m▀[0m[38;2;66;66;66m[48;2;181;173;173m▀[0m[38;2;66;66;66m[48;2;66;66;66m▀[0m[38;2;198;124;180m[48;2;66;66;66m▀[0m[38;2;198;124;180m[48;2;66;66;66m▀[0m[38;2;198;124;180m[48;2;198;124;180m▀[0m[38;2;198;124;180m[48;2;198;124;180m▀[0m[38;2;178;85;76m[48;2;198;124;180m▀[0m[38;2;198;124;180m[48;2;198;124;180m▀[0m[38;2;198;124;180m[48;2;198;124;180m▀[0m[38;2;198;124;180m[48;2;198;124;180m▀[0m[38;2;198;124;180m[48;2;178;85;76m▀[0m[38;2;198;124;180m[48;2;198;124;180m▀[0m[38;2;66;66;66m[48;2;198;124;180m▀[0m[38;2;198;124;180m[48;2;66;66;66m▀[0m[38;2;198;124;180m[48;2;66;66;66m▀[0m[38;2;198;124;180m[48;2;198;124;180m▀[0m[38;2;66;66;66m[48;2;198;124;180m▀[0m[38;2;7;7;7m[48;2;66;66;66m▀[0m[38;2;7;7;7m[48;2;181;173;173m▀[0m[38;2;7;7;7m▄  [38;2;7;7;7m▄        
 [38;2;7;7;7m▄[38;2;7;7;7m[48;2;181;173;173m▀[0m[38;2;181;173;173m[48;2;181;173;173m▀[0m[38;2;181;173;173m[48;2;238;234;246m▀[0m[38;2;238;234;246m[48;2;238;234;246m▀[0m[38;2;238;234;246m[48;2;238;234;246m▀[0m[38;2;66;66;66m[48;2;181;173;173m▀[0m[38;2;181;173;173m[48;2;238;234;246m▀[0m[38;2;238;234;246m[48;2;238;234;246m▀[0m[38;2;66;66;66m[48;2;238;234;246m▀[0m[38;2;66;66;66m[48;2;181;173;173m▀[0m[38;2;66;66;66m[48;2;181;173;173m▀[0m[38;2;66;66;66m[48;2;181;173;173m▀[0m[38;2;198;124;180m[48;2;66;66;66m▀[0m[38;2;198;124;180m[48;2;66;66;66m▀[0m[38;2;66;66;66m[48;2;181;173;173m▀[0m[38;2;66;66;66m[48;2;181;173;173m▀[0m[38;2;66;66;66m[48;2;66;66;66m▀[0m[38;2;181;173;173m[48;2;181;173;173m▀[0m[38;2;181;173;173m[48;2;181;173;173m▀[0m[38;2;66;66;66m[48;2;238;234;246m▀[0m[38;2;66;66;66m[48;2;238;234;246m▀[0m[38;2;238;234;246m[48;2;238;234;246m▀[0m[38;2;181;173;173m[48;2;238;234;246m▀[0m[38;2;181;173;173m[48;2;181;173;173m▀[0m[38;2;7;7;7m[48;2;181;173;173m▀[0m[38;2;7;7;7m[48;2;181;173;173m▀[0m[38;2;181;173;173m[48;2;7;7;7m▀[0m[38;2;7;7;7m▀       
 [38;2;7;7;7m▀[38;2;181;173;173m[48;2;7;7;7m▀[0m[38;2;181;173;173m[48;2;181;173;173m▀[0m[38;2;238;234;246m[48;2;181;173;173m▀[0m[38;2;238;234;246m[48;2;238;234;246m▀[0m[38;2;238;234;246m[48;2;238;234;246m▀[0m[38;2;238;234;246m[48;2;238;234;246m▀[0m[38;2;238;234;246m[48;2;238;234;246m▀[0m[38;2;238;234;246m[48;2;238;234;246m▀[0m[38;2;238;234;246m[48;2;238;234;246m▀[0m[38;2;238;234;246m[48;2;238;234;246m▀[0m[38;2;181;173;173m[48;2;181;173;173m▀[0m[38;2;181;173;173m[48;2;181;173;173m▀[0m[38;2;181;173;173m[48;2;238;234;246m▀[0m[38;2;181;173;173m[48;2;238;234;246m▀[0m[38;2;181;173;173m[48;2;238;234;246m▀[0m[38;2;181;173;173m[48;2;238;234;246m▀[0m[38;2;238;234;246m[48;2;238;234;246m▀[0m[38;2;238;234;246m[48;2;238;234;246m▀[0m[38;2;238;234;246m[48;2;238;234;246m▀[0m[38;2;181;173;173m[48;2;238;234;246m▀[0m[38;2;238;234;246m[48;2;181;173;173m▀[0m[38;2;238;234;246m[48;2;238;234;246m▀[0m[38;2;238;234;246m[48;2;181;173;173m▀[0m[38;2;181;173;173m[48;2;181;173;173m▀[0m[38;2;66;66;66m[48;2;7;7;7m▀[0m[38;2;7;7;7m▀         
  [38;2;7;7;7m▀[38;2;181;173;173m[48;2;7;7;7m▀[0m[38;2;181;173;173m[48;2;181;173;173m▀[0m[38;2;181;173;173m[48;2;181;173;173m▀[0m[38;2;238;234;246m[48;2;181;173;173m▀[0m[38;2;238;234;246m[48;2;181;173;173m▀[0m[38;2;238;234;246m[48;2;238;234;246m▀[0m[38;2;238;234;246m[48;2;238;234;246m▀[0m[38;2;238;234;246m[48;2;238;234;246m▀[0m[38;2;238;234;246m[48;2;181;173;173m▀[0m[38;2;181;173;173m[48;2;181;173;173m▀[0m[38;2;181;173;173m[48;2;238;234;246m▀[0m[38;2;238;234;246m[48;2;238;234;246m▀[0m[38;2;238;234;246m[48;2;238;234;246m▀[0m[38;2;238;234;246m[48;2;238;234;246m▀[0m[38;2;238;234;246m[48;2;238;234;246m▀[0m[38;2;238;234;246m[48;2;238;234;246m▀[0m[38;2;238;234;246m[48;2;238;234;246m▀[0m[38;2;238;234;246m[48;2;238;234;246m▀[0m[38;2;238;234;246m[48;2;181;173;173m▀[0m[38;2;181;173;173m[48;2;181;173;173m▀[0m[38;2;181;173;173m[48;2;181;173;173m▀[0m[38;2;181;173;173m[48;2;7;7;7m▀[0m[38;2;7;7;7m▀           
    [38;2;7;7;7m▀[38;2;181;173;173m[48;2;7;7;7m▀[0m[38;2;181;173;173m[48;2;7;7;7m▀[0m[38;2;181;173;173m[48;2;181;173;173m▀[0m[38;2;181;173;173m[48;2;181;173;173m▀[0m[38;2;181;173;173m[48;2;7;7;7m▀[0m[38;2;181;173;173m[48;2;7;7;7m▀[0m[38;2;181;173;173m[48;2;7;7;7m▀[0m[38;2;181;173;173m[48;2;181;173;173m▀[0m[38;2;181;173;173m[48;2;181;173;173m▀[0m[38;2;181;173;173m[48;2;7;7;7m▀[0m[38;2;238;234;246m[48;2;7;7;7m▀[0m[38;2;238;234;246m[48;2;7;7;7m▀[0m[38;2;238;234;246m[48;2;181;173;173m▀[0m[38;2;181;173;173m[48;2;181;173;173m▀[0m[38;2;181;173;173m[48;2;181;173;173m▀[0m[38;2;181;173;173m[48;2;181;173;173m▀[0m[38;2;181;173;173m[48;2;7;7;7m▀[0m[38;2;7;7;7m▀[38;2;7;7;7m▀             
       [38;2;7;7;7m▀[38;2;7;7;7m▀   [38;2;7;7;7m▀[38;2;7;7;7m▀   [38;2;7;7;7m▀[38;2;7;7;7m▀[38;2;7;7;7m▀[38;2;7;7;7m▀                
                                     [0m                                     