    [38;2;0;4;0m▄[38;2;0;4;0m[48;2;40;207;30m▀[0m[38;2;0;4;0m▄                         [38;2;0;4;0m▄[38;2;0;4;0m▄   
    [38;2;0;4;0m[48;2;0;8;0m▀[0m[38;2;40;207;30m[48;2;49;86;82m▀[0m[38;2;0;4;0m[48;2;42;210;33m▀[0m[38;2;0;20;8m▄              [38;2;0;4;0m▄[38;2;0;4;0m[48;2;101;255;92m▀[0m[38;2;0;4;0m▄    [38;2;0;4;0m▄[38;2;0;4;0m[48;2;101;255;92m▀[0m[38;2;0;4;0m[48;2;101;255;92m▀[0m[38;2;101;255;92m[48;2;0;4;0m▀[0m[38;2;101;255;92m[48;2;0;4;0m▀[0m[38;2;0;4;0m▀  
    [38;2;0;8;0m[48;2;0;4;0m▀[0m[38;2;74;125;123m[48;2;74;121;123m▀[0m[38;2;60;68;63m[48;2;49;93;74m▀[0m[38;2;42;210;33m[48;2;37;205;27m▀[0m[38;2;0;4;0m[48;2;40;207;30m▀[0m[38;2;0;8;0m▄        [38;2;0;4;0m▄[38;2;0;4;0m▄[38;2;0;16;0m▄[38;2;0;4;0m[48;2;108;255;99m▀[0m[38;2;0;63;0m[48;2;112;255;102m▀[0m[38;2;101;255;92m[48;2;37;205;27m▀[0m[38;2;0;4;0m[48;2;0;4;0m▀[0m  [38;2;0;4;0m▄[38;2;0;4;0m[48;2;101;255;92m▀[0m[38;2;101;255;92m[48;2;101;255;92m▀[0m[38;2;101;255;92m[48;2;0;63;0m▀[0m[38;2;0;4;0m[48;2;0;63;0m▀[0m[38;2;0;4;0m▄[38;2;0;4;0m▄[38;2;0;4;0m▄  
    [38;2;0;4;0m▀[38;2;74;121;123m[48;2;0;4;0m▀[0m[38;2;90;116;109m[48;2;74;121;123m▀[0m[38;2;49;93;74m[48;2;57;91;73m▀[0m[38;2;40;207;30m[48;2;40;207;30m▀[0m[38;2;0;38;0m[48;2;40;207;30m▀[0m[38;2;0;4;0m[48;2;0;72;0m▀[0m[38;2;0;0;0m▄[38;2;0;4;0m▄  [38;2;0;4;0m▄[38;2;0;4;0m[48;2;101;255;92m▀[0m[38;2;0;4;0m[48;2;101;255;92m▀[0m[38;2;101;255;92m[48;2;90;255;80m▀[0m[38;2;101;255;92m[48;2;41;89;74m▀[0m[38;2;108;255;99m[48;2;57;91;73m▀[0m[38;2;77;77;71m[48;2;57;91;73m▀[0m[38;2;57;93;74m[48;2;40;207;30m▀[0m[38;2;37;205;27m[48;2;0;4;0m▀[0m[38;2;0;4;0m▀ [38;2;0;4;0m▄[38;2;0;4;0m[48;2;101;255;92m▀[0m[38;2;101;255;92m[48;2;117;255;109m▀[0m[38;2;0;52;0m[48;2;0;52;0m▀[0m[38;2;0;63;0m[48;2;40;207;30m▀[0m[38;2;40;207;30m[48;2;40;207;30m▀[0m[38;2;40;207;30m[48;2;0;4;0m▀[0m[38;2;40;207;30m[48;2;0;4;0m▀[0m[38;2;40;207;30m[48;2;0;4;0m▀[0m[38;2;0;4;0m▀ 
     [38;2;0;4;0m▀[38;2;74;121;123m[48;2;8;0;0m▀[0m[38;2;74;121;123m[48;2;90;113;115m▀[0m[38;2;60;78;68m[48;2;0;66;0m▀[0m[38;2;60;78;68m[48;2;73;241;63m▀[0m[38;2;152;255;145m[48;2;152;255;145m▀[0m[38;2;152;255;145m[48;2;152;255;145m▀[0m[38;2;101;255;92m[48;2;152;255;145m▀[0m[38;2;0;4;0m[48;2;101;255;92m▀[0m[38;2;0;4;0m[48;2;101;255;92m▀[0m[38;2;101;255;92m[48;2;101;255;92m▀[0m[38;2;101;255;92m[48;2;57;91;73m▀[0m[38;2;57;93;74m[48;2;74;121;123m▀[0m[38;2;41;89;74m[48;2;74;121;123m▀[0m[38;2;101;124;120m[48;2;74;121;123m▀[0m[38;2;74;121;123m[48;2;60;68;63m▀[0m[38;2;57;91;73m[48;2;42;210;33m▀[0m[38;2;40;207;30m[48;2;0;4;0m▀[0m[38;2;0;4;0m▀  [38;2;0;4;0m[48;2;0;4;0m▀[0m[38;2;101;255;92m[48;2;101;255;92m▀[0m[38;2;0;52;0m[48;2;0;59;0m▀[0m[38;2;31;199;22m[48;2;36;203;26m▀[0m[38;2;40;207;30m[48;2;0;4;0m▀[0m[38;2;0;4;0m▀     
   [38;2;0;4;0m▄[38;2;0;4;0m▄[38;2;0;4;0m[48;2;40;207;30m▀[0m[38;2;62;75;76m[48;2;90;65;99m▀[0m[38;2;62;75;76m[48;2;90;65;99m▀[0m[38;2;73;241;63m[48;2;101;255;92m▀[0m[38;2;255;255;255m[48;2;173;73;49m▀[0m[38;2;222;85;84m[48;2;206;85;82m▀[0m[38;2;152;255;145m[48;2;90;255;80m▀[0m[38;2;101;255;92m[48;2;101;255;92m▀[0m[38;2;101;255;92m[48;2;101;255;92m▀[0m[38;2;101;255;92m[48;2;101;255;92m▀[0m[38;2;57;93;74m[48;2;101;255;92m▀[0m[38;2;74;121;123m[48;2;57;93;74m▀[0m[38;2;74;121;123m[48;2;57;93;74m▀[0m[38;2;57;91;73m[48;2;40;207;30m▀[0m[38;2;57;91;73m[48;2;0;4;0m▀[0m[38;2;42;210;33m[48;2;0;4;0m▀[0m[38;2;0;20;8m▀    [38;2;0;4;0m▀[38;2;101;255;92m[48;2;0;4;0m▀[0m[38;2;128;255;120m[48;2;101;255;92m▀[0m[38;2;36;203;26m[48;2;0;4;0m▀[0m[38;2;0;4;0m▀      
 [38;2;0;4;0m▄[38;2;0;4;0m[48;2;40;207;30m▀[0m[38;2;40;207;30m[48;2;40;207;30m▀[0m[38;2;40;207;30m[48;2;40;207;30m▀[0m[38;2;0;91;0m[48;2;0;4;0m▀[0m[38;2;90;65;99m[48;2;150;116;162m▀[0m[38;2;255;255;255m[48;2;79;58;93m▀[0m[38;2;44;212;34m[48;2;40;207;30m▀[0m[38;2;101;255;92m[48;2;101;255;92m▀[0m[38;2;90;255;80m[48;2;33;200;23m▀[0m[38;2;51;218;41m[48;2;117;255;109m▀[0m[38;2;101;255;92m[48;2;0;0;24m▀[0m[38;2;0;52;0m[48;2;255;231;255m▀[0m[38;2;0;52;0m[48;2;139;104;153m▀[0m[38;2;101;255;92m[48;2;98;58;117m▀[0m[38;2;101;255;92m[48;2;101;255;92m▀[0m[38;2;101;255;92m[48;2;101;255;92m▀[0m[38;2;0;4;0m[48;2;101;255;92m▀[0m[38;2;0;4;0m▄[38;2;0;4;0m▄      [38;2;0;4;0m▀[38;2;101;255;92m[48;2;0;4;0m▀[0m[38;2;0;4;0m[48;2;101;255;92m▀[0m[38;2;0;4;0m▄      
  [38;2;0;4;0m▀[38;2;0;4;0m▀[38;2;0;4;0m▀ [38;2;8;0;24m[48;2;0;4;0m▀[0m[38;2;76;243;66m[48;2;0;4;0m▀[0m[38;2;101;255;92m[48;2;101;255;92m▀[0m[38;2;101;255;92m[48;2;101;255;92m▀[0m[38;2;117;255;109m[48;2;101;255;92m▀[0m[38;2;0;59;0m[48;2;101;255;92m▀[0m[38;2;127;115;139m[48;2;99;65;115m▀[0m[38;2;127;115;139m[48;2;99;65;115m▀[0m[38;2;98;58;117m[48;2;40;207;30m▀[0m[38;2;33;200;23m[48;2;40;207;30m▀[0m[38;2;40;207;30m[48;2;0;52;0m▀[0m[38;2;101;255;92m[48;2;0;4;0m▀[0m[38;2;101;255;92m[48;2;101;255;92m▀[0m[38;2;101;255;92m[48;2;101;255;92m▀[0m[38;2;101;255;92m[48;2;108;255;99m▀[0m[38;2;0;4;0m[48;2;108;255;99m▀[0m[38;2;0;4;0m▄     [38;2;0;4;0m[48;2;0;8;0m▀[0m[38;2;101;255;92m[48;2;155;255;149m▀[0m[38;2;0;4;0m[48;2;0;4;0m▀[0m      
       [38;2;0;4;0m▀[38;2;0;4;0m▀[38;2;0;119;0m[48;2;0;4;0m▀[0m[38;2;101;255;92m[48;2;0;4;0m▀[0m[38;2;40;207;30m[48;2;0;4;0m▀[0m[38;2;40;207;30m[48;2;40;207;30m▀[0m[38;2;40;207;30m[48;2;40;207;30m▀[0m[38;2;40;207;30m[48;2;0;106;0m▀[0m[38;2;0;106;0m[48;2;40;207;30m▀[0m[38;2;0;4;0m[48;2;9;177;0m▀[0m[38;2;8;12;8m▄[38;2;0;4;0m▀[38;2;0;4;0m▀[38;2;0;70;0m[48;2;0;4;0m▀[0m[38;2;0;8;0m[48;2;0;63;0m▀[0m[38;2;0;4;0m▄   [38;2;0;8;0m▄[38;2;0;4;0m[48;2;40;207;30m▀[0m[38;2;15;182;5m[48;2;0;52;0m▀[0m[38;2;0;8;0m[48;2;0;4;0m▀[0m       
            [38;2;0;4;0m[48;2;8;12;8m▀[0m[38;2;40;207;30m[48;2;9;177;0m▀[0m[38;2;40;207;30m[48;2;40;207;30m▀[0m[38;2;40;207;30m[48;2;101;255;92m▀[0m[38;2;128;255;120m[48;2;101;255;92m▀[0m[38;2;128;255;120m[48;2;101;255;92m▀[0m[38;2;0;4;0m[48;2;101;255;92m▀[0m[38;2;0;4;0m[48;2;101;255;92m▀[0m[38;2;101;255;92m[48;2;101;255;92m▀[0m[38;2;101;255;92m[48;2;101;255;92m▀[0m[38;2;101;255;92m[48;2;101;255;92m▀[0m[38;2;0;4;0m[48;2;101;255;92m▀[0m[38;2;0;4;0m[48;2;40;207;30m▀[0m[38;2;0;4;0m[48;2;40;207;30m▀[0m[38;2;40;207;30m[48;2;0;4;0m▀[0m[38;2;0;38;0m[48;2;0;4;0m▀[0m[38;2;0;4;0m▀        
           [38;2;0;4;0m[48;2;0;4;0m▀[0m[38;2;128;255;120m[48;2;117;255;109m▀[0m[38;2;128;255;120m[48;2;117;255;109m▀[0m[38;2;101;255;92m[48;2;101;255;92m▀[0m[38;2;101;255;92m[48;2;101;255;92m▀[0m[38;2;101;255;92m[48;2;101;255;92m▀[0m[38;2;101;255;92m[48;2;101;255;92m▀[0m[38;2;101;255;92m[48;2;40;207;30m▀[0m[38;2;101;255;92m[48;2;0;4;0m▀[0m[38;2;101;255;92m[48;2;9;177;0m▀[0m[38;2;101;255;92m[48;2;128;255;120m▀[0m[38;2;101;255;92m[48;2;101;255;92m▀[0m[38;2;101;255;92m[48;2;101;255;92m▀[0m[38;2;0;38;0m[48;2;0;4;0m▀[0m[38;2;0;8;0m▀           
           [38;2;0;4;0m▀[38;2;33;200;23m[48;2;0;4;0m▀[0m[38;2;0;59;0m[48;2;40;207;30m▀[0m[38;2;101;255;92m[48;2;0;52;0m▀[0m[38;2;101;255;92m[48;2;101;255;92m▀[0m[38;2;101;255;92m[48;2;101;255;92m▀[0m[38;2;40;207;30m[48;2;0;4;0m▀[0m[38;2;0;4;0m▀ [38;2;8;12;8m[48;2;0;4;0m▀[0m[38;2;128;255;120m[48;2;40;207;30m▀[0m[38;2;101;255;92m[48;2;128;255;120m▀[0m[38;2;101;255;92m[48;2;36;203;26m▀[0m[38;2;0;4;0m[48;2;40;207;30m▀[0m[38;2;0;4;0m▄           
            [38;2;0;4;0m[48;2;0;4;0m▀[0m[38;2;40;207;30m[48;2;40;207;30m▀[0m[38;2;0;52;0m[48;2;0;59;0m▀[0m[38;2;101;255;92m[48;2;117;255;109m▀[0m[38;2;101;255;92m[48;2;0;4;0m▀[0m[38;2;0;4;0m▀   [38;2;0;4;0m▀[38;2;0;59;0m[48;2;0;0;0m▀[0m[38;2;36;203;26m[48;2;29;196;19m▀[0m[38;2;40;207;30m[48;2;40;207;30m▀[0m[38;2;0;4;0m[48;2;0;4;0m▀[0m           
             [38;2;0;4;0m[48;2;0;4;0m▀[0m[38;2;33;200;23m[48;2;101;255;92m▀[0m[38;2;117;255;109m[48;2;0;63;0m▀[0m[38;2;0;4;0m[48;2;0;4;0m▀[0m      [38;2;0;84;0m[48;2;0;4;0m▀[0m[38;2;40;207;30m[48;2;0;4;0m▀[0m[38;2;0;4;0m▀           
                     [38;2;0;4;0m▀[38;2;0;4;0m▀                             
                                     [0m                                     