                     [38;2;0;0;0m▄[38;2;0;0;0m[48;2;255;170;127m▀[0m[38;2;0;0;0m[48;2;0;0;0m▀[0m               
                    [38;2;0;0;0m[48;2;0;0;0m▀[0m[38;2;255;170;127m[48;2;255;170;127m▀[0m[38;2;255;170;127m[48;2;0;0;0m▀[0m[38;2;0;0;0m▀               
     [38;2;0;0;0m▄[38;2;0;0;0m[48;2;156;54;3m▀[0m[38;2;0;0;0m[48;2;156;54;3m▀[0m[38;2;0;0;0m[48;2;156;54;3m▀[0m[38;2;0;0;0m▄[38;2;0;0;0m▄        [38;2;0;0;0m[48;2;0;0;0m▀[0m[38;2;255;170;127m[48;2;210;108;57m▀[0m[38;2;255;170;127m[48;2;0;0;0m▀[0m[38;2;0;0;0m▀    [38;2;0;0;0m▄[38;2;0;0;0m▄[38;2;0;0;0m▄[38;2;0;0;0m▄        
      [38;2;0;0;0m▀[38;2;0;0;0m▀[38;2;156;54;3m[48;2;0;0;0m▀[0m[38;2;156;54;3m[48;2;156;54;3m▀[0m[38;2;156;54;3m[48;2;157;55;4m▀[0m[38;2;0;0;0m[48;2;157;55;4m▀[0m[38;2;0;0;0m▄     [38;2;0;0;0m[48;2;0;0;0m▀[0m[38;2;201;99;48m[48;2;199;97;46m▀[0m[38;2;210;108;57m[48;2;201;99;48m▀[0m[38;2;0;0;0m[48;2;0;0;0m▀[0m  [38;2;6;6;6m▄[38;2;0;0;0m[48;2;255;177;137m▀[0m[38;2;0;0;0m[48;2;255;170;127m▀[0m[38;2;255;170;127m[48;2;255;170;127m▀[0m[38;2;255;170;127m[48;2;0;0;0m▀[0m[38;2;255;170;127m[48;2;0;0;0m▀[0m[38;2;255;170;127m[48;2;0;0;0m▀[0m[38;2;0;0;0m▀       
  [38;2;0;0;0m▄[38;2;0;0;0m▄[38;2;0;0;0m▄[38;2;0;0;0m▄[38;2;0;0;0m▄[38;2;0;0;0m▄ [38;2;0;0;0m▀[38;2;157;55;4m[48;2;0;0;0m▀[0m[38;2;157;55;4m[48;2;141;48;1m▀[0m[38;2;156;54;3m[48;2;157;55;4m▀[0m[38;2;0;0;0m[48;2;157;55;4m▀[0m[38;2;0;0;0m▄  [38;2;0;0;0m[48;2;0;0;0m▀[0m[38;2;199;97;46m[48;2;200;98;47m▀[0m[38;2;199;97;46m[48;2;200;98;47m▀[0m[38;2;0;0;0m[48;2;0;0;0m▀[0m [38;2;0;0;0m▄[38;2;0;0;0m[48;2;199;97;46m▀[0m[38;2;209;107;56m[48;2;197;95;44m▀[0m[38;2;255;177;137m[48;2;223;121;70m▀[0m[38;2;255;170;127m[48;2;0;0;0m▀[0m[38;2;0;0;0m▀[38;2;0;0;0m▄[38;2;0;0;0m▄[38;2;0;0;0m▄[38;2;0;0;0m[48;2;156;54;3m▀[0m[38;2;0;0;0m[48;2;156;54;3m▀[0m[38;2;0;0;0m[48;2;156;54;3m▀[0m[38;2;0;0;0m[48;2;156;54;3m▀[0m[38;2;0;0;0m[48;2;156;54;3m▀[0m[38;2;0;0;0m[48;2;156;54;3m▀[0m[38;2;0;0;0m▄ 
 [38;2;0;0;0m▀[38;2;255;170;127m[48;2;0;0;0m▀[0m[38;2;255;170;127m[48;2;0;0;0m▀[0m[38;2;255;170;127m[48;2;0;0;0m▀[0m[38;2;255;170;127m[48;2;201;99;48m▀[0m[38;2;210;108;57m[48;2;199;97;46m▀[0m[38;2;210;108;57m[48;2;199;97;46m▀[0m[38;2;0;0;0m[48;2;200;98;47m▀[0m[38;2;0;0;0m[48;2;200;98;47m▀[0m[38;2;70;70;70m[48;2;204;102;51m▀[0m[38;2;70;70;70m[48;2;65;65;65m▀[0m[38;2;157;55;4m[48;2;69;69;69m▀[0m[38;2;157;55;4m[48;2;139;47;1m▀[0m[38;2;156;54;3m[48;2;155;53;2m▀[0m[38;2;0;0;0m[48;2;155;53;2m▀[0m[38;2;0;0;0m▄[38;2;0;0;0m[48;2;70;70;70m▀[0m[38;2;157;55;4m[48;2;157;55;4m▀[0m[38;2;157;55;4m[48;2;157;55;4m▀[0m[38;2;64;64;64m[48;2;64;64;64m▀[0m[38;2;0;0;0m[48;2;200;98;47m▀[0m[38;2;199;97;46m[48;2;200;98;47m▀[0m[38;2;199;97;46m[48;2;200;98;47m▀[0m[38;2;197;95;44m[48;2;64;64;64m▀[0m[38;2;65;65;65m[48;2;64;64;64m▀[0m[38;2;64;64;64m[48;2;155;53;2m▀[0m[38;2;0;0;0m[48;2;155;53;2m▀[0m[38;2;156;54;3m[48;2;155;53;2m▀[0m[38;2;156;54;3m[48;2;155;53;2m▀[0m[38;2;156;54;3m[48;2;156;54;3m▀[0m[38;2;156;54;3m[48;2;0;0;0m▀[0m[38;2;156;54;3m[48;2;0;0;0m▀[0m[38;2;0;0;0m▀[38;2;0;0;0m▀[38;2;0;0;0m▀[38;2;0;0;0m▀  
     [38;2;0;0;0m▀[38;2;0;0;0m▀[38;2;0;0;0m▀[38;2;200;98;47m[48;2;0;0;0m▀[0m[38;2;200;98;47m[48;2;0;0;0m▀[0m[38;2;65;65;65m[48;2;193;91;40m▀[0m[38;2;255;167;123m[48;2;77;77;77m▀[0m[38;2;255;170;127m[48;2;65;65;65m▀[0m[38;2;69;69;69m[48;2;255;167;123m▀[0m[38;2;64;64;64m[48;2;255;174;133m▀[0m[38;2;155;53;2m[48;2;69;69;69m▀[0m[38;2;141;48;1m[48;2;155;53;2m▀[0m[38;2;70;70;70m[48;2;64;64;64m▀[0m[38;2;157;55;4m[48;2;155;53;2m▀[0m[38;2;157;55;4m[48;2;64;64;64m▀[0m[38;2;64;64;64m[48;2;200;98;47m▀[0m[38;2;200;98;47m[48;2;200;98;47m▀[0m[38;2;200;98;47m[48;2;155;53;2m▀[0m[38;2;64;64;64m[48;2;64;64;64m▀[0m[38;2;64;64;64m[48;2;139;47;1m▀[0m[38;2;155;53;2m[48;2;69;69;69m▀[0m[38;2;155;53;2m[48;2;64;64;64m▀[0m[38;2;64;64;64m[48;2;255;170;127m▀[0m[38;2;64;64;64m[48;2;255;170;127m▀[0m[38;2;64;64;64m[48;2;255;170;127m▀[0m[38;2;0;0;0m[48;2;255;170;127m▀[0m[38;2;0;0;0m▄       
          [38;2;0;0;0m▀[38;2;154;52;1m[48;2;0;0;0m▀[0m[38;2;204;102;51m[48;2;158;56;5m▀[0m[38;2;65;65;65m[48;2;198;96;45m▀[0m[38;2;208;106;55m[48;2;64;64;64m▀[0m[38;2;208;106;55m[48;2;155;53;2m▀[0m[38;2;64;64;64m[48;2;198;96;45m▀[0m[38;2;155;53;2m[48;2;64;64;64m▀[0m[38;2;155;53;2m[48;2;155;53;2m▀[0m[38;2;64;64;64m[48;2;155;53;2m▀[0m[38;2;200;98;47m[48;2;155;53;2m▀[0m[38;2;157;55;4m[48;2;64;64;64m▀[0m[38;2;64;64;64m[48;2;63;63;63m▀[0m[38;2;64;64;64m[48;2;255;170;127m▀[0m[38;2;69;69;69m[48;2;255;167;123m▀[0m[38;2;255;170;127m[48;2;204;102;51m▀[0m[38;2;255;170;127m[48;2;64;64;64m▀[0m[38;2;255;170;127m[48;2;64;64;64m▀[0m[38;2;203;101;50m[48;2;64;64;64m▀[0m[38;2;63;63;63m[48;2;64;64;64m▀[0m[38;2;0;0;0m[48;2;66;66;66m▀[0m[38;2;2;2;2m▄[38;2;0;0;0m▄[38;2;0;0;0m▄[38;2;0;0;0m▄    
        [38;2;0;0;0m▄[38;2;0;0;0m[48;2;193;195;125m▀[0m[38;2;0;0;0m[48;2;194;196;126m▀[0m[38;2;64;64;64m[48;2;194;196;126m▀[0m[38;2;61;61;61m[48;2;64;64;64m▀[0m[38;2;158;56;5m[48;2;64;64;64m▀[0m[38;2;155;53;2m[48;2;155;53;2m▀[0m[38;2;64;64;64m[48;2;155;53;2m▀[0m[38;2;161;59;8m[48;2;157;55;4m▀[0m[38;2;64;64;64m[48;2;157;55;4m▀[0m[38;2;64;64;64m[48;2;64;64;64m▀[0m[38;2;155;53;2m[48;2;155;53;2m▀[0m[38;2;155;53;2m[48;2;61;61;61m▀[0m[38;2;64;64;64m[48;2;198;96;45m▀[0m[38;2;255;170;127m[48;2;161;59;8m▀[0m[38;2;203;101;50m[48;2;64;64;64m▀[0m[38;2;65;65;65m[48;2;64;64;64m▀[0m[38;2;65;65;65m[48;2;200;98;47m▀[0m[38;2;64;64;64m[48;2;199;97;46m▀[0m[38;2;64;64;64m[48;2;199;97;46m▀[0m[38;2;200;98;47m[48;2;199;97;46m▀[0m[38;2;200;98;47m[48;2;199;97;46m▀[0m[38;2;208;106;55m[48;2;0;0;0m▀[0m[38;2;208;106;55m[48;2;0;0;0m▀[0m[38;2;255;170;127m[48;2;0;0;0m▀[0m[38;2;255;170;127m[48;2;0;0;0m▀[0m[38;2;255;170;127m[48;2;0;0;0m▀[0m[38;2;0;0;0m▀   
     [38;2;0;0;0m▄[38;2;0;0;0m[48;2;120;109;70m▀[0m[38;2;0;0;0m[48;2;193;195;125m▀[0m[38;2;193;195;125m[48;2;194;196;126m▀[0m[38;2;193;195;125m[48;2;194;196;126m▀[0m[38;2;194;196;126m[48;2;194;196;126m▀[0m[38;2;194;196;126m[48;2;194;196;126m▀[0m[38;2;193;195;125m[48;2;193;195;125m▀[0m[38;2;64;64;64m[48;2;193;195;125m▀[0m[38;2;64;64;64m[48;2;64;64;64m▀[0m[38;2;155;53;2m[48;2;64;64;64m▀[0m[38;2;157;55;4m[48;2;64;64;64m▀[0m[38;2;157;55;4m[48;2;64;64;64m▀[0m[38;2;155;53;2m[48;2;155;53;2m▀[0m[38;2;64;64;64m[48;2;155;53;2m▀[0m[38;2;198;96;45m[48;2;157;55;4m▀[0m[38;2;158;56;5m[48;2;157;55;4m▀[0m[38;2;64;64;64m[48;2;198;96;45m▀[0m[38;2;198;96;45m[48;2;198;96;45m▀[0m[38;2;200;98;47m[48;2;64;64;64m▀[0m[38;2;200;98;47m[48;2;64;64;64m▀[0m[38;2;199;97;46m[48;2;0;0;0m▀[0m[38;2;0;0;0m▀[38;2;0;0;0m▀[38;2;0;0;0m▀         
     [38;2;0;0;0m[48;2;0;0;0m▀[0m[38;2;193;195;125m[48;2;0;0;0m▀[0m[38;2;193;195;125m[48;2;193;195;125m▀[0m[38;2;194;196;126m[48;2;194;196;126m▀[0m[38;2;194;196;126m[48;2;194;196;126m▀[0m[38;2;194;196;126m[48;2;193;195;125m▀[0m[38;2;194;196;126m[48;2;193;195;125m▀[0m[38;2;193;195;125m[48;2;64;64;64m▀[0m[38;2;64;64;64m[48;2;255;251;180m▀[0m[38;2;64;64;64m[48;2;254;250;179m▀[0m[38;2;255;251;180m[48;2;254;250;179m▀[0m[38;2;255;251;180m[48;2;254;250;179m▀[0m[38;2;255;251;180m[48;2;254;250;179m▀[0m[38;2;64;64;64m[48;2;254;250;179m▀[0m[38;2;64;64;64m[48;2;254;250;179m▀[0m[38;2;157;55;4m[48;2;69;69;69m▀[0m[38;2;157;55;4m[48;2;139;47;1m▀[0m[38;2;158;56;5m[48;2;64;64;64m▀[0m[38;2;61;61;61m[48;2;255;251;180m▀[0m[38;2;64;64;64m[48;2;254;250;179m▀[0m[38;2;255;251;180m[48;2;254;250;179m▀[0m[38;2;255;251;180m[48;2;255;251;180m▀[0m[38;2;0;0;0m[48;2;255;251;180m▀[0m[38;2;0;0;0m[48;2;255;252;201m▀[0m[38;2;0;0;0m▄         
       [38;2;0;0;0m[48;2;0;0;0m▀[0m[38;2;194;196;126m[48;2;194;196;126m▀[0m[38;2;194;196;126m[48;2;194;196;126m▀[0m[38;2;193;195;125m[48;2;64;64;64m▀[0m[38;2;64;64;64m[48;2;166;154;126m▀[0m[38;2;255;251;180m[48;2;254;250;179m▀[0m[38;2;255;251;180m[48;2;254;250;179m▀[0m[38;2;254;250;179m[48;2;176;164;136m▀[0m[38;2;254;250;179m[48;2;255;252;201m▀[0m[38;2;254;250;179m[48;2;255;251;180m▀[0m[38;2;254;250;179m[48;2;255;251;180m▀[0m[38;2;254;250;179m[48;2;255;251;180m▀[0m[38;2;254;250;179m[48;2;255;251;180m▀[0m[38;2;255;251;180m[48;2;255;251;180m▀[0m[38;2;69;69;69m[48;2;64;64;64m▀[0m[38;2;255;251;180m[48;2;255;252;201m▀[0m[38;2;255;251;180m[48;2;119;108;69m▀[0m[38;2;254;250;179m[48;2;137;126;87m▀[0m[38;2;254;250;179m[48;2;0;0;0m▀[0m[38;2;119;108;69m[48;2;253;253;253m▀[0m[38;2;255;251;180m[48;2;237;233;162m▀[0m[38;2;255;252;201m[48;2;254;250;179m▀[0m[38;2;247;247;247m[48;2;254;250;179m▀[0m[38;2;0;0;0m[48;2;255;251;180m▀[0m[38;2;0;0;0m▄       
      [38;2;0;0;0m[48;2;0;0;0m▀[0m[38;2;119;108;69m[48;2;193;195;125m▀[0m[38;2;194;196;126m[48;2;193;195;125m▀[0m[38;2;194;196;126m[48;2;64;64;64m▀[0m[38;2;64;64;64m[48;2;64;64;64m▀[0m[38;2;255;251;188m[48;2;255;251;180m▀[0m[38;2;254;250;179m[48;2;254;250;179m▀[0m[38;2;254;250;179m[48;2;254;250;179m▀[0m[38;2;247;247;247m[48;2;252;252;252m▀[0m[38;2;0;0;0m[48;2;0;0;0m▀[0m[38;2;119;108;69m[48;2;255;255;255m▀[0m[38;2;119;108;69m[48;2;255;255;255m▀[0m[38;2;119;108;69m[48;2;181;173;111m▀[0m[38;2;255;251;180m[48;2;255;251;180m▀[0m[38;2;64;64;64m[48;2;64;64;64m▀[0m[38;2;255;251;180m[48;2;255;251;180m▀[0m[38;2;255;252;201m[48;2;254;250;179m▀[0m[38;2;247;247;247m[48;2;254;250;179m▀[0m[38;2;251;251;251m[48;2;175;177;107m▀[0m[38;2;251;251;251m[48;2;175;177;107m▀[0m[38;2;178;180;110m[48;2;255;251;180m▀[0m[38;2;237;233;162m[48;2;255;251;180m▀[0m[38;2;254;250;179m[48;2;249;245;174m▀[0m[38;2;254;250;179m[48;2;142;94;83m▀[0m[38;2;255;251;180m[48;2;143;95;84m▀[0m[38;2;0;0;0m[48;2;193;195;125m▀[0m[38;2;0;0;0m▄      
       [38;2;0;0;0m▀[38;2;193;195;125m[48;2;0;0;0m▀[0m[38;2;64;64;64m[48;2;64;64;64m▀[0m[38;2;255;251;180m[48;2;144;96;85m▀[0m[38;2;255;251;180m[48;2;144;96;85m▀[0m[38;2;254;250;179m[48;2;255;251;180m▀[0m[38;2;254;250;179m[48;2;255;251;180m▀[0m[38;2;255;254;235m[48;2;255;251;180m▀[0m[38;2;252;252;252m[48;2;255;251;180m▀[0m[38;2;255;255;255m[48;2;255;251;180m▀[0m[38;2;180;172;110m[48;2;255;251;180m▀[0m[38;2;255;251;180m[48;2;255;251;180m▀[0m[38;2;255;251;180m[48;2;255;251;180m▀[0m[38;2;64;64;64m[48;2;193;195;125m▀[0m[38;2;255;251;180m[48;2;64;64;64m▀[0m[38;2;254;250;179m[48;2;254;250;179m▀[0m[38;2;254;250;179m[48;2;254;250;179m▀[0m[38;2;255;251;180m[48;2;254;250;179m▀[0m[38;2;255;251;180m[48;2;254;250;179m▀[0m[38;2;142;94;83m[48;2;254;250;179m▀[0m[38;2;142;94;83m[48;2;254;250;179m▀[0m[38;2;142;94;83m[48;2;255;251;180m▀[0m[38;2;249;245;174m[48;2;194;196;126m▀[0m[38;2;193;195;125m[48;2;193;195;125m▀[0m[38;2;193;195;125m[48;2;0;0;0m▀[0m[38;2;0;0;0m▀      
         [38;2;0;0;0m▀[38;2;187;189;119m[48;2;1;1;1m▀[0m[38;2;253;253;253m[48;2;196;198;128m▀[0m[38;2;142;94;83m[48;2;254;122;138m▀[0m[38;2;142;94;83m[48;2;254;122;138m▀[0m[38;2;142;94;83m[48;2;254;122;138m▀[0m[38;2;142;94;83m[48;2;192;60;93m▀[0m[38;2;142;94;83m[48;2;254;254;254m▀[0m[38;2;142;94;83m[48;2;142;94;83m▀[0m[38;2;255;251;180m[48;2;194;196;126m▀[0m[38;2;194;196;126m[48;2;194;196;126m▀[0m[38;2;193;195;125m[48;2;201;203;133m▀[0m[38;2;64;64;64m[48;2;64;64;64m▀[0m[38;2;254;250;179m[48;2;59;59;59m▀[0m[38;2;254;250;179m[48;2;247;243;172m▀[0m[38;2;254;250;179m[48;2;255;251;180m▀[0m[38;2;254;250;179m[48;2;255;251;180m▀[0m[38;2;254;250;179m[48;2;194;196;126m▀[0m[38;2;254;250;179m[48;2;194;196;126m▀[0m[38;2;194;196;126m[48;2;193;195;125m▀[0m[38;2;194;196;126m[48;2;193;195;125m▀[0m[38;2;193;195;125m[48;2;0;0;0m▀[0m[38;2;0;0;0m▀       
          [38;2;1;1;1m▀[38;2;64;64;64m[48;2;0;0;0m▀[0m[38;2;194;196;126m[48;2;60;60;60m▀[0m[38;2;254;122;138m[48;2;60;60;60m▀[0m[38;2;254;122;138m[48;2;193;195;125m▀[0m[38;2;254;122;138m[48;2;193;195;125m▀[0m[38;2;196;64;97m[48;2;193;195;125m▀[0m[38;2;186;188;118m[48;2;193;195;125m▀[0m[38;2;194;196;126m[48;2;64;64;64m▀[0m[38;2;194;196;126m[48;2;64;64;64m▀[0m[38;2;64;64;64m[48;2;112;103;1m▀[0m[38;2;178;165;1m[48;2;112;103;1m▀[0m[38;2;140;129;1m[48;2;143;132;1m▀[0m[38;2;59;59;59m[48;2;143;132;1m▀[0m[38;2;64;64;64m[48;2;64;64;64m▀[0m[38;2;190;192;122m[48;2;0;0;0m▀[0m[38;2;194;196;126m[48;2;0;0;0m▀[0m[38;2;194;196;126m[48;2;0;0;0m▀[0m[38;2;0;0;0m▀[38;2;0;0;0m▀         
           [38;2;0;0;0m▄[38;2;9;9;9m[48;2;66;66;66m▀[0m[38;2;191;177;1m[48;2;112;103;1m▀[0m[38;2;64;64;64m[48;2;188;173;1m▀[0m[38;2;64;64;64m[48;2;188;173;1m▀[0m[38;2;64;64;64m[48;2;188;173;1m▀[0m[38;2;64;64;64m[48;2;188;173;1m▀[0m[38;2;187;172;1m[48;2;188;173;1m▀[0m[38;2;187;172;1m[48;2;188;173;1m▀[0m[38;2;185;171;1m[48;2;143;132;1m▀[0m[38;2;149;137;1m[48;2;113;104;1m▀[0m[38;2;143;132;1m[48;2;113;104;1m▀[0m[38;2;117;107;1m[48;2;64;64;64m▀[0m[38;2;0;0;0m[48;2;0;0;0m▀[0m              
          [38;2;0;0;0m[48;2;0;0;0m▀[0m[38;2;143;132;1m[48;2;113;104;1m▀[0m[38;2;144;133;1m[48;2;113;104;1m▀[0m[38;2;66;66;66m[48;2;113;104;1m▀[0m[38;2;115;106;1m[48;2;64;64;64m▀[0m[38;2;115;106;1m[48;2;185;171;1m▀[0m[38;2;115;106;1m[48;2;185;171;1m▀[0m[38;2;115;106;1m[48;2;185;171;1m▀[0m[38;2;115;106;1m[48;2;144;133;1m▀[0m[38;2;115;106;1m[48;2;144;133;1m▀[0m[38;2;113;104;1m[48;2;144;133;1m▀[0m[38;2;143;132;1m[48;2;66;66;66m▀[0m[38;2;64;64;64m[48;2;188;173;1m▀[0m[38;2;188;173;1m[48;2;188;173;1m▀[0m[38;2;189;174;1m[48;2;188;173;1m▀[0m[38;2;0;0;0m[48;2;188;173;1m▀[0m[38;2;0;0;0m▄            
          [38;2;15;15;15m▄[38;2;0;0;0m[48;2;112;104;1m▀[0m[38;2;143;132;1m[48;2;64;64;64m▀[0m[38;2;143;132;1m[48;2;64;64;64m▀[0m[38;2;150;138;1m[48;2;66;66;66m▀[0m[38;2;64;64;64m[48;2;112;103;1m▀[0m[38;2;62;62;62m[48;2;64;64;64m▀[0m[38;2;149;137;1m[48;2;0;0;0m▀[0m[38;2;144;133;1m[48;2;0;0;0m▀[0m[38;2;144;133;1m[48;2;0;0;0m▀[0m[38;2;66;66;66m[48;2;0;0;0m▀[0m[38;2;112;103;1m[48;2;189;174;1m▀[0m[38;2;188;173;1m[48;2;115;106;1m▀[0m[38;2;188;173;1m[48;2;115;106;1m▀[0m[38;2;188;173;1m[48;2;115;106;1m▀[0m[38;2;188;173;1m[48;2;115;106;1m▀[0m[38;2;113;104;1m[48;2;189;174;1m▀[0m[38;2;0;0;0m[48;2;0;0;0m▀[0m           
         [38;2;0;0;0m▀[38;2;255;255;255m[48;2;0;0;0m▀[0m[38;2;113;104;1m[48;2;0;0;0m▀[0m[38;2;144;133;1m[48;2;255;255;255m▀[0m[38;2;144;133;1m[48;2;102;94;1m▀[0m[38;2;144;133;1m[48;2;143;132;1m▀[0m[38;2;144;133;1m[48;2;0;0;0m▀[0m[38;2;0;0;0m▀   [38;2;0;0;0m▄[38;2;0;0;0m[48;2;187;172;1m▀[0m[38;2;188;173;1m[48;2;64;64;64m▀[0m[38;2;188;173;1m[48;2;64;64;64m▀[0m[38;2;188;173;1m[48;2;64;64;64m▀[0m[38;2;188;173;1m[48;2;64;64;64m▀[0m[38;2;0;0;0m[48;2;187;172;1m▀[0m[38;2;0;0;0m▄           
            [38;2;2;2;2m▀[38;2;2;2;2m▀[38;2;0;0;0m▀     [38;2;0;0;0m▀[38;2;187;172;1m[48;2;0;0;0m▀[0m[38;2;113;104;1m[48;2;255;255;255m▀[0m[38;2;188;173;1m[48;2;102;94;1m▀[0m[38;2;188;173;1m[48;2;102;94;1m▀[0m[38;2;113;104;1m[48;2;255;255;255m▀[0m[38;2;187;172;1m[48;2;0;0;0m▀[0m[38;2;0;0;0m▀           
                      [38;2;2;2;2m▀[38;2;2;2;2m▀[38;2;2;2;2m▀[38;2;2;2;2m▀             
                                     [0m                                     