                       [38;2;0;0;0m▄[38;2;0;0;0m▄[38;2;0;0;0m▄[38;2;0;0;0m[48;2;177;165;57m▀[0m[38;2;0;0;0m[48;2;177;165;57m▀[0m[38;2;0;0;0m▄   
                  [38;2;0;0;0m▄[38;2;0;0;0m▄   [38;2;0;0;0m[48;2;0;0;0m▀[0m[38;2;177;165;57m[48;2;177;165;57m▀[0m[38;2;115;109;54m[48;2;115;109;54m▀[0m[38;2;177;165;57m[48;2;177;165;57m▀[0m[38;2;177;165;57m[48;2;115;109;54m▀[0m[38;2;0;0;0m[48;2;177;165;57m▀[0m[38;2;0;0;0m[48;2;177;165;57m▀[0m[38;2;0;0;0m[48;2;0;0;0m▀[0m 
        [38;2;0;0;0m▄[38;2;0;0;0m▄  [38;2;0;0;0m[48;2;0;0;0m▀[0m[38;2;0;0;0m[48;2;168;159;128m▀[0m[38;2;0;0;0m▄[38;2;0;0;0m▄[38;2;0;0;0m[48;2;168;159;128m▀[0m[38;2;0;0;0m[48;2;65;65;65m▀[0m[38;2;168;159;128m[48;2;168;159;128m▀[0m[38;2;0;0;0m[48;2;65;65;65m▀[0m[38;2;0;0;0m▄ [38;2;0;0;0m[48;2;0;0;0m▀[0m[38;2;145;135;51m[48;2;145;135;51m▀[0m[38;2;177;165;57m[48;2;115;109;54m▀[0m[38;2;115;109;54m[48;2;145;135;51m▀[0m[38;2;177;165;57m[48;2;115;109;54m▀[0m[38;2;115;109;54m[48;2;177;165;57m▀[0m[38;2;177;165;57m[48;2;177;165;57m▀[0m[38;2;177;165;57m[48;2;0;0;0m▀[0m[38;2;0;0;0m▀ 
     [38;2;0;0;0m▄[38;2;0;0;0m[48;2;247;137;66m▀[0m[38;2;0;0;0m[48;2;0;0;0m▀[0m[38;2;247;137;66m[48;2;247;137;66m▀[0m[38;2;0;0;0m[48;2;189;103;66m▀[0m[38;2;0;0;0m▄[38;2;0;0;0m▄[38;2;0;0;0m[48;2;168;159;128m▀[0m[38;2;168;159;128m[48;2;115;109;54m▀[0m[38;2;168;159;128m[48;2;115;109;54m▀[0m[38;2;168;159;128m[48;2;168;159;128m▀[0m[38;2;168;159;128m[48;2;156;140;66m▀[0m[38;2;168;159;128m[48;2;168;159;128m▀[0m[38;2;156;140;66m[48;2;156;140;66m▀[0m[38;2;224;215;185m[48;2;224;215;185m▀[0m[38;2;65;65;65m[48;2;224;215;185m▀[0m[38;2;0;0;0m[48;2;224;215;185m▀[0m[38;2;65;65;65m[48;2;224;215;185m▀[0m[38;2;145;135;51m[48;2;65;65;65m▀[0m[38;2;115;109;54m[48;2;145;135;51m▀[0m[38;2;145;135;51m[48;2;115;109;54m▀[0m[38;2;115;109;54m[48;2;145;135;51m▀[0m[38;2;145;135;51m[48;2;145;135;51m▀[0m[38;2;115;109;54m[48;2;0;0;0m▀[0m[38;2;0;0;0m▀  
     [38;2;0;0;0m[48;2;0;0;0m▀[0m[38;2;247;137;66m[48;2;140;64;49m▀[0m[38;2;189;103;66m[48;2;189;103;66m▀[0m[38;2;140;64;49m[48;2;140;64;49m▀[0m[38;2;189;103;66m[48;2;189;103;66m▀[0m[38;2;65;65;65m[48;2;189;103;66m▀[0m[38;2;145;135;51m[48;2;65;65;65m▀[0m[38;2;145;135;51m[48;2;65;65;65m▀[0m[38;2;145;135;51m[48;2;145;135;51m▀[0m[38;2;145;135;51m[48;2;145;135;51m▀[0m[38;2;156;140;66m[48;2;65;65;65m▀[0m[38;2;224;215;185m[48;2;224;215;185m▀[0m[38;2;156;140;66m[48;2;224;215;185m▀[0m[38;2;224;215;185m[48;2;224;215;185m▀[0m[38;2;224;215;185m[48;2;224;215;185m▀[0m[38;2;224;215;185m[48;2;224;215;185m▀[0m[38;2;168;159;128m[48;2;224;215;185m▀[0m[38;2;0;0;0m[48;2;224;215;185m▀[0m[38;2;65;65;65m[48;2;145;135;51m▀[0m[38;2;65;65;65m[48;2;145;135;51m▀[0m[38;2;115;109;54m[48;2;65;65;65m▀[0m[38;2;145;135;51m[48;2;0;0;0m▀[0m[38;2;0;0;0m▀    
    [38;2;0;0;0m[48;2;0;0;0m▀[0m[38;2;247;137;66m[48;2;247;137;66m▀[0m[38;2;140;64;49m[48;2;189;103;66m▀[0m[38;2;189;103;66m[48;2;140;64;49m▀[0m[38;2;189;103;66m[48;2;189;103;66m▀[0m[38;2;189;103;66m[48;2;65;65;65m▀[0m[38;2;65;65;65m[48;2;177;165;57m▀[0m[38;2;177;165;57m[48;2;177;165;57m▀[0m[38;2;177;165;57m[48;2;177;165;57m▀[0m[38;2;65;65;65m[48;2;177;165;57m▀[0m[38;2;65;65;65m[48;2;177;165;57m▀[0m[38;2;177;165;57m[48;2;177;165;57m▀[0m[38;2;177;165;57m[48;2;177;165;57m▀[0m[38;2;115;109;54m[48;2;177;165;57m▀[0m[38;2;168;159;128m[48;2;115;109;54m▀[0m[38;2;224;215;185m[48;2;115;109;54m▀[0m[38;2;224;215;185m[48;2;65;65;65m▀[0m[38;2;224;215;185m[48;2;224;215;185m▀[0m[38;2;145;135;51m[48;2;224;215;185m▀[0m[38;2;177;165;57m[48;2;145;135;51m▀[0m[38;2;177;165;57m[48;2;177;165;57m▀[0m[38;2;145;135;51m[48;2;177;165;57m▀[0m[38;2;145;135;51m[48;2;145;135;51m▀[0m[38;2;0;0;0m[48;2;145;135;51m▀[0m[38;2;0;0;0m▄   
     [38;2;0;0;0m[48;2;0;0;0m▀[0m[38;2;189;103;66m[48;2;65;65;65m▀[0m[38;2;189;103;66m[48;2;189;103;66m▀[0m[38;2;189;103;66m[48;2;0;0;0m▀[0m[38;2;197;197;197m[48;2;255;255;255m▀[0m[38;2;177;165;57m[48;2;145;135;51m▀[0m[38;2;145;135;51m[48;2;0;0;0m▀[0m[38;2;0;0;0m▀[38;2;0;0;0m▀[38;2;0;0;0m▀[38;2;145;135;51m[48;2;0;0;0m▀[0m[38;2;177;165;57m[48;2;177;165;57m▀[0m[38;2;177;165;57m[48;2;177;165;57m▀[0m[38;2;177;165;57m[48;2;177;165;57m▀[0m[38;2;177;165;57m[48;2;177;165;57m▀[0m[38;2;177;165;57m[48;2;145;135;51m▀[0m[38;2;65;65;65m[48;2;145;135;51m▀[0m[38;2;177;165;57m[48;2;65;65;65m▀[0m[38;2;177;165;57m[48;2;177;165;57m▀[0m[38;2;177;165;57m[48;2;177;165;57m▀[0m[38;2;115;109;54m[48;2;115;109;54m▀[0m[38;2;177;165;57m[48;2;177;165;57m▀[0m[38;2;145;135;51m[48;2;115;109;54m▀[0m[38;2;0;0;0m[48;2;145;135;51m▀[0m[38;2;0;0;0m▄  
    [38;2;0;0;0m[48;2;0;0;0m▀[0m[38;2;255;226;114m[48;2;255;226;114m▀[0m[38;2;216;174;66m[48;2;255;226;114m▀[0m[38;2;65;65;65m[48;2;65;65;65m▀[0m[38;2;255;255;255m[48;2;216;174;66m▀[0m[38;2;145;135;51m[48;2;145;135;51m▀[0m[38;2;145;135;51m[48;2;0;0;0m▀[0m[38;2;0;0;0m▀  [38;2;0;0;0m[48;2;0;0;0m▀[0m[38;2;145;135;51m[48;2;0;0;0m▀[0m[38;2;177;165;57m[48;2;115;109;54m▀[0m[38;2;115;109;54m[48;2;115;109;54m▀[0m[38;2;177;165;57m[48;2;177;165;57m▀[0m[38;2;115;109;54m[48;2;115;109;54m▀[0m[38;2;145;135;51m[48;2;115;109;54m▀[0m[38;2;145;135;51m[48;2;65;65;65m▀[0m[38;2;65;65;65m[48;2;177;165;57m▀[0m[38;2;177;165;57m[48;2;177;165;57m▀[0m[38;2;177;165;57m[48;2;115;109;54m▀[0m[38;2;115;109;54m[48;2;177;165;57m▀[0m[38;2;177;165;57m[48;2;177;165;57m▀[0m[38;2;115;109;54m[48;2;115;109;54m▀[0m[38;2;145;135;51m[48;2;145;135;51m▀[0m[38;2;0;0;0m[48;2;0;0;0m▀[0m  
  [38;2;0;0;0m▄[38;2;0;0;0m[48;2;255;226;114m▀[0m[38;2;255;226;114m[48;2;255;226;114m▀[0m[38;2;255;226;114m[48;2;65;65;65m▀[0m[38;2;65;65;65m[48;2;216;174;66m▀[0m[38;2;216;174;66m[48;2;0;0;0m▀[0m[38;2;0;0;0m▀[38;2;0;0;0m▀      [38;2;0;0;0m[48;2;0;0;0m▀[0m[38;2;145;135;51m[48;2;65;65;65m▀[0m[38;2;115;109;54m[48;2;65;65;65m▀[0m[38;2;115;109;54m[48;2;145;135;51m▀[0m[38;2;145;135;51m[48;2;145;135;51m▀[0m[38;2;65;65;65m[48;2;65;65;65m▀[0m[38;2;177;165;57m[48;2;224;215;185m▀[0m[38;2;177;165;57m[48;2;168;159;128m▀[0m[38;2;115;109;54m[48;2;65;65;65m▀[0m[38;2;177;165;57m[48;2;224;215;185m▀[0m[38;2;115;109;54m[48;2;65;65;65m▀[0m[38;2;168;159;128m[48;2;168;159;128m▀[0m[38;2;0;0;0m[48;2;0;0;0m▀[0m   
 [38;2;0;0;0m▄[38;2;0;0;0m[48;2;255;226;114m▀[0m[38;2;255;226;114m[48;2;0;0;0m▀[0m[38;2;255;226;114m[48;2;0;0;0m▀[0m[38;2;0;0;0m▀[38;2;0;0;0m▀        [38;2;0;0;0m[48;2;0;0;0m▀[0m[38;2;255;226;114m[48;2;216;174;66m▀[0m[38;2;216;174;66m[48;2;0;0;0m▀[0m[38;2;0;0;0m▀[38;2;0;0;0m▀[38;2;65;65;65m[48;2;0;0;0m▀[0m[38;2;224;215;185m[48;2;224;215;185m▀[0m[38;2;224;215;185m[48;2;168;159;128m▀[0m[38;2;65;65;65m[48;2;65;65;65m▀[0m[38;2;224;215;185m[48;2;224;215;185m▀[0m[38;2;65;65;65m[48;2;0;0;0m▀[0m[38;2;168;159;128m[48;2;0;0;0m▀[0m[38;2;0;0;0m▀    
 [38;2;0;0;0m▀[38;2;0;0;0m▀             [38;2;0;0;0m▀[38;2;0;0;0m▀  [38;2;0;0;0m▀[38;2;168;159;128m[48;2;0;0;0m▀[0m[38;2;65;65;65m[48;2;0;0;0m▀[0m[38;2;0;0;0m▀[38;2;0;0;0m▀       
                                     [0m                                     