     [38;2;0;0;0m[48;2;0;0;0m▀[0m[38;2;0;0;0m[48;2;177;176;194m▀[0m[38;2;0;0;0m▄[38;2;0;0;0m▄[38;2;0;0;0m[48;2;177;176;194m▀[0m[38;2;0;0;0m[48;2;0;0;0m▀[0m        
     [38;2;0;0;0m[48;2;0;0;0m▀[0m[38;2;177;176;194m[48;2;148;147;165m▀[0m[38;2;177;176;194m[48;2;177;176;194m▀[0m[38;2;177;176;194m[48;2;65;65;65m▀[0m[38;2;177;176;194m[48;2;177;176;194m▀[0m[38;2;0;0;0m[48;2;0;0;0m▀[0m        
     [38;2;0;0;0m▀[38;2;122;121;139m[48;2;0;0;0m▀[0m[38;2;177;176;194m[48;2;177;176;194m▀[0m[38;2;65;65;65m[48;2;65;65;65m▀[0m[38;2;177;176;194m[48;2;0;0;0m▀[0m[38;2;0;0;0m▀        
    [38;2;0;0;0m▄[38;2;0;0;0m▄[38;2;0;0;0m[48;2;223;178;222m▀[0m[38;2;148;147;165m[48;2;223;178;222m▀[0m[38;2;148;147;165m[48;2;161;116;160m▀[0m[38;2;0;0;0m[48;2;223;178;222m▀[0m[38;2;0;0;0m[48;2;223;178;222m▀[0m[38;2;0;0;0m▄[38;2;0;0;0m▄ [38;2;0;0;0m▄[38;2;0;0;0m[48;2;177;176;194m▀[0m[38;2;0;0;0m▄  
  [38;2;0;0;0m▄[38;2;0;0;0m[48;2;191;146;190m▀[0m[38;2;223;178;222m[48;2;223;178;222m▀[0m[38;2;223;178;222m[48;2;223;178;222m▀[0m[38;2;223;178;222m[48;2;191;146;190m▀[0m[38;2;223;178;222m[48;2;191;146;190m▀[0m[38;2;223;178;222m[48;2;223;178;222m▀[0m[38;2;161;116;160m[48;2;223;178;222m▀[0m[38;2;223;178;222m[48;2;161;116;160m▀[0m[38;2;223;178;222m[48;2;223;178;222m▀[0m[38;2;161;116;160m[48;2;223;178;222m▀[0m[38;2;0;0;0m[48;2;65;65;65m▀[0m[38;2;177;176;194m[48;2;177;176;194m▀[0m[38;2;177;176;194m[48;2;0;0;0m▀[0m[38;2;0;0;0m▀  
 [38;2;0;0;0m▄[38;2;0;0;0m[48;2;223;178;222m▀[0m[38;2;191;146;190m[48;2;191;146;190m▀[0m[38;2;191;146;190m[48;2;191;146;190m▀[0m[38;2;223;178;222m[48;2;223;178;222m▀[0m[38;2;223;178;222m[48;2;65;65;65m▀[0m[38;2;65;65;65m[48;2;148;148;148m▀[0m[38;2;65;65;65m[48;2;65;65;65m▀[0m[38;2;223;178;222m[48;2;65;65;65m▀[0m[38;2;161;116;160m[48;2;223;178;222m▀[0m[38;2;223;178;222m[48;2;161;116;160m▀[0m[38;2;223;178;222m[48;2;223;178;222m▀[0m[38;2;223;178;222m[48;2;223;178;222m▀[0m[38;2;122;121;139m[48;2;148;147;165m▀[0m[38;2;0;0;0m[48;2;148;147;165m▀[0m[38;2;0;0;0m▄  
 [38;2;0;0;0m[48;2;0;0;0m▀[0m[38;2;223;178;222m[48;2;223;178;222m▀[0m[38;2;223;178;222m[48;2;223;178;222m▀[0m[38;2;223;178;222m[48;2;223;178;222m▀[0m[38;2;223;178;222m[48;2;191;146;190m▀[0m[38;2;65;65;65m[48;2;255;255;255m▀[0m[38;2;255;255;255m[48;2;65;65;65m▀[0m[38;2;148;148;148m[48;2;255;255;255m▀[0m[38;2;65;65;65m[48;2;65;65;65m▀[0m[38;2;223;178;222m[48;2;65;65;65m▀[0m[38;2;161;116;160m[48;2;161;116;160m▀[0m[38;2;223;178;222m[48;2;223;178;222m▀[0m[38;2;223;178;222m[48;2;191;146;190m▀[0m[38;2;65;65;65m[48;2;65;65;65m▀[0m[38;2;122;121;139m[48;2;0;0;0m▀[0m[38;2;0;0;0m▀  
  [38;2;0;0;0m[48;2;0;0;0m▀[0m[38;2;223;178;222m[48;2;223;178;222m▀[0m[38;2;223;178;222m[48;2;161;116;160m▀[0m[38;2;191;146;190m[48;2;223;178;222m▀[0m[38;2;255;255;255m[48;2;65;65;65m▀[0m[38;2;0;0;0m[48;2;255;255;255m▀[0m[38;2;255;255;255m[48;2;148;148;148m▀[0m[38;2;65;65;65m[48;2;65;65;65m▀[0m[38;2;65;65;65m[48;2;191;146;190m▀[0m[38;2;161;116;160m[48;2;161;116;160m▀[0m[38;2;191;146;190m[48;2;65;65;65m▀[0m[38;2;161;116;160m[48;2;65;65;65m▀[0m[38;2;65;65;65m[48;2;148;147;165m▀[0m[38;2;148;147;165m[48;2;148;147;165m▀[0m[38;2;0;0;0m[48;2;0;0;0m▀[0m  
 [38;2;0;0;0m[48;2;0;0;0m▀[0m[38;2;247;140;140m[48;2;65;65;65m▀[0m[38;2;247;140;140m[48;2;214;99;107m▀[0m[38;2;247;140;140m[48;2;214;99;107m▀[0m[38;2;223;178;222m[48;2;214;99;107m▀[0m[38;2;65;65;65m[48;2;223;178;222m▀[0m[38;2;65;65;65m[48;2;65;65;65m▀[0m[38;2;65;65;65m[48;2;65;65;65m▀[0m[38;2;65;65;65m[48;2;161;116;160m▀[0m[38;2;161;116;160m[48;2;148;147;165m▀[0m[38;2;177;176;194m[48;2;177;176;194m▀[0m[38;2;177;176;194m[48;2;122;121;139m▀[0m[38;2;65;65;65m[48;2;177;176;194m▀[0m[38;2;65;65;65m[48;2;177;176;194m▀[0m[38;2;148;147;165m[48;2;0;0;0m▀[0m[38;2;148;147;165m[48;2;0;0;0m▀[0m[38;2;0;0;0m▀ 
  [38;2;0;0;0m▀[38;2;191;146;190m[48;2;0;0;0m▀[0m[38;2;247;140;140m[48;2;0;0;0m▀[0m[38;2;247;140;140m[48;2;191;146;190m▀[0m[38;2;214;99;107m[48;2;191;146;190m▀[0m[38;2;191;146;190m[48;2;65;65;65m▀[0m[38;2;191;146;190m[48;2;0;0;0m▀[0m[38;2;161;116;160m[48;2;0;0;0m▀[0m[38;2;65;65;65m[48;2;0;0;0m▀[0m[38;2;177;176;194m[48;2;0;0;0m▀[0m[38;2;177;176;194m[48;2;177;176;194m▀[0m[38;2;122;121;139m[48;2;177;176;194m▀[0m[38;2;0;0;0m[48;2;0;0;0m▀[0m    
     [38;2;0;0;0m▀[38;2;0;0;0m▀[38;2;0;0;0m▀    [38;2;0;0;0m▀[38;2;0;0;0m▀     
                                     [0m                                     