   [38;2;0;0;0m▄[38;2;0;0;0m[48;2;208;206;198m▀[0m[38;2;0;0;0m▄             
  [38;2;0;0;0m[48;2;0;0;0m▀[0m[38;2;197;49;16m[48;2;197;49;16m▀[0m[38;2;208;206;198m[48;2;169;167;159m▀[0m[38;2;0;0;0m[48;2;208;206;198m▀[0m[38;2;0;0;0m▄   [38;2;0;0;0m▄[38;2;0;0;0m▄[38;2;0;0;0m[48;2;208;206;198m▀[0m[38;2;0;0;0m[48;2;208;206;198m▀[0m[38;2;0;0;0m[48;2;0;0;0m▀[0m    
 [38;2;0;0;0m[48;2;0;0;0m▀[0m[38;2;197;49;16m[48;2;255;63;41m▀[0m[38;2;255;63;41m[48;2;255;63;41m▀[0m[38;2;197;49;16m[48;2;197;49;16m▀[0m[38;2;208;206;198m[48;2;208;206;198m▀[0m[38;2;0;0;0m[48;2;0;0;0m▀[0m [38;2;0;0;0m▄[38;2;0;0;0m[48;2;208;206;198m▀[0m[38;2;208;206;198m[48;2;208;206;198m▀[0m[38;2;208;206;198m[48;2;197;49;16m▀[0m[38;2;208;206;198m[48;2;197;49;16m▀[0m[38;2;197;49;16m[48;2;255;63;41m▀[0m[38;2;197;49;16m[48;2;255;63;41m▀[0m[38;2;0;0;0m[48;2;0;0;0m▀[0m   
 [38;2;0;0;0m▀[38;2;255;63;41m[48;2;0;0;0m▀[0m[38;2;255;63;41m[48;2;197;49;16m▀[0m[38;2;255;63;41m[48;2;65;65;65m▀[0m[38;2;114;112;108m[48;2;169;167;159m▀[0m[38;2;65;65;65m[48;2;208;206;198m▀[0m[38;2;0;0;0m[48;2;169;167;159m▀[0m[38;2;208;206;198m[48;2;208;206;198m▀[0m[38;2;208;206;198m[48;2;197;49;16m▀[0m[38;2;197;49;16m[48;2;255;63;41m▀[0m[38;2;255;63;41m[48;2;255;63;41m▀[0m[38;2;255;63;41m[48;2;255;63;41m▀[0m[38;2;197;49;16m[48;2;255;63;41m▀[0m[38;2;0;0;0m[48;2;0;0;0m▀[0m [38;2;0;0;0m▄  
  [38;2;0;0;0m▄[38;2;0;0;0m[48;2;169;167;159m▀[0m[38;2;208;206;198m[48;2;208;206;198m▀[0m[38;2;208;206;198m[48;2;208;206;198m▀[0m[38;2;208;206;198m[48;2;208;206;198m▀[0m[38;2;208;206;198m[48;2;208;206;198m▀[0m[38;2;208;206;198m[48;2;208;206;198m▀[0m[38;2;197;49;16m[48;2;208;206;198m▀[0m[38;2;255;63;41m[48;2;197;49;16m▀[0m[38;2;255;63;41m[48;2;65;65;65m▀[0m[38;2;255;63;41m[48;2;65;65;65m▀[0m[38;2;65;65;65m[48;2;114;112;108m▀[0m[38;2;0;0;0m[48;2;208;206;198m▀[0m[38;2;0;0;0m[48;2;255;63;41m▀[0m[38;2;255;63;41m[48;2;255;63;41m▀[0m[38;2;0;0;0m[48;2;0;0;0m▀[0m 
 [38;2;0;0;0m▄[38;2;0;0;0m[48;2;65;65;65m▀[0m[38;2;208;206;198m[48;2;255;255;255m▀[0m[38;2;208;206;198m[48;2;208;206;198m▀[0m[38;2;208;206;198m[48;2;65;65;65m▀[0m[38;2;65;65;65m[48;2;255;255;255m▀[0m[38;2;65;65;65m[48;2;197;49;16m▀[0m[38;2;208;206;198m[48;2;208;206;198m▀[0m[38;2;208;206;198m[48;2;255;255;255m▀[0m[38;2;255;255;255m[48;2;255;255;255m▀[0m[38;2;255;255;255m[48;2;65;65;65m▀[0m[38;2;65;65;65m[48;2;114;112;108m▀[0m[38;2;208;206;198m[48;2;208;206;198m▀[0m[38;2;208;206;198m[48;2;208;206;198m▀[0m[38;2;208;206;198m[48;2;208;206;198m▀[0m[38;2;208;206;198m[48;2;208;206;198m▀[0m[38;2;0;0;0m[48;2;0;0;0m▀[0m 
 [38;2;0;0;0m▀[38;2;255;255;255m[48;2;0;0;0m▀[0m[38;2;255;255;255m[48;2;0;0;0m▀[0m[38;2;255;255;255m[48;2;255;255;255m▀[0m[38;2;255;255;255m[48;2;255;255;255m▀[0m[38;2;197;49;16m[48;2;214;214;214m▀[0m[38;2;255;63;41m[48;2;214;214;214m▀[0m[38;2;255;255;255m[48;2;65;65;65m▀[0m[38;2;214;214;214m[48;2;65;65;65m▀[0m[38;2;65;65;65m[48;2;169;167;159m▀[0m[38;2;169;167;159m[48;2;208;206;198m▀[0m[38;2;208;206;198m[48;2;208;206;198m▀[0m[38;2;114;112;108m[48;2;114;112;108m▀[0m[38;2;208;206;198m[48;2;114;112;108m▀[0m[38;2;208;206;198m[48;2;0;0;0m▀[0m[38;2;114;112;108m[48;2;0;0;0m▀[0m[38;2;0;0;0m▀ 
    [38;2;0;0;0m▀[38;2;0;0;0m▀[38;2;65;65;65m[48;2;0;0;0m▀[0m[38;2;65;65;65m[48;2;169;167;159m▀[0m[38;2;169;167;159m[48;2;114;112;108m▀[0m[38;2;169;167;159m[48;2;208;206;198m▀[0m[38;2;208;206;198m[48;2;208;206;198m▀[0m[38;2;114;112;108m[48;2;0;0;0m▀[0m[38;2;208;206;198m[48;2;0;0;0m▀[0m[38;2;208;206;198m[48;2;208;206;198m▀[0m[38;2;0;0;0m[48;2;0;0;0m▀[0m    
     [38;2;0;0;0m▀[38;2;169;167;159m[48;2;0;0;0m▀[0m[38;2;114;112;108m[48;2;0;0;0m▀[0m[38;2;65;65;65m[48;2;208;206;198m▀[0m[38;2;208;206;198m[48;2;169;167;159m▀[0m[38;2;0;0;0m[48;2;0;0;0m▀[0m [38;2;0;0;0m▀[38;2;0;0;0m▀     
                        [38;2;0;0;0m▀[38;2;0;0;0m▀                          
                                     [0m                                     