         [38;2;0;0;0m▄[38;2;0;0;0m[48;2;82;134;247m▀[0m[38;2;0;0;0m▄ [38;2;0;0;0m▄                   
         [38;2;0;0;0m[48;2;0;0;0m▀[0m[38;2;82;134;247m[48;2;82;134;247m▀[0m[38;2;39;109;180m[48;2;82;134;247m▀[0m[38;2;0;0;0m[48;2;65;65;65m▀[0m[38;2;82;134;247m[48;2;82;134;247m▀[0m[38;2;0;0;0m[48;2;0;0;0m▀[0m    [38;2;0;0;0m▄ [38;2;0;0;0m▄[38;2;0;0;0m[48;2;82;134;247m▀[0m[38;2;0;0;0m▄         
       [38;2;0;0;0m[48;2;0;0;0m▀[0m[38;2;0;0;0m[48;2;82;134;247m▀[0m[38;2;39;109;180m[48;2;39;109;180m▀[0m[38;2;82;134;247m[48;2;39;109;180m▀[0m[38;2;82;134;247m[48;2;82;134;247m▀[0m[38;2;39;109;180m[48;2;82;134;247m▀[0m[38;2;82;134;247m[48;2;82;134;247m▀[0m[38;2;0;0;0m[48;2;65;65;65m▀[0m[38;2;0;0;0m▄  [38;2;0;0;0m[48;2;0;0;0m▀[0m[38;2;82;134;247m[48;2;82;134;247m▀[0m[38;2;0;0;0m[48;2;65;65;65m▀[0m[38;2;39;109;180m[48;2;82;134;247m▀[0m[38;2;82;134;247m[48;2;82;134;247m▀[0m[38;2;0;0;0m[48;2;0;0;0m▀[0m         
       [38;2;0;0;0m▀[38;2;82;134;247m[48;2;0;0;0m▀[0m[38;2;82;134;247m[48;2;82;134;247m▀[0m[38;2;39;109;180m[48;2;82;134;247m▀[0m[38;2;82;134;247m[48;2;82;134;247m▀[0m[38;2;82;134;247m[48;2;65;65;65m▀[0m[38;2;65;65;65m[48;2;68;204;158m▀[0m[38;2;68;204;158m[48;2;68;204;158m▀[0m[38;2;68;204;158m[48;2;68;204;158m▀[0m[38;2;0;0;0m[48;2;68;204;158m▀[0m[38;2;0;0;0m[48;2;65;65;65m▀[0m[38;2;39;109;180m[48;2;65;65;65m▀[0m[38;2;82;134;247m[48;2;82;134;247m▀[0m[38;2;39;109;180m[48;2;82;134;247m▀[0m[38;2;82;134;247m[48;2;82;134;247m▀[0m[38;2;82;134;247m[48;2;39;109;180m▀[0m[38;2;0;0;0m[48;2;39;109;180m▀[0m[38;2;0;0;0m[48;2;0;0;0m▀[0m        
        [38;2;0;0;0m[48;2;0;0;0m▀[0m[38;2;65;65;65m[48;2;68;204;158m▀[0m[38;2;82;134;247m[48;2;65;65;65m▀[0m[38;2;65;65;65m[48;2;68;155;132m▀[0m[38;2;68;204;158m[48;2;119;238;204m▀[0m[38;2;68;204;158m[48;2;65;65;65m▀[0m[38;2;65;65;65m[48;2;255;255;255m▀[0m[38;2;68;204;158m[48;2;65;65;65m▀[0m[38;2;68;204;158m[48;2;68;204;158m▀[0m[38;2;68;204;158m[48;2;68;204;158m▀[0m[38;2;65;65;65m[48;2;68;204;158m▀[0m[38;2;68;204;158m[48;2;68;155;132m▀[0m[38;2;68;204;158m[48;2;68;204;158m▀[0m[38;2;39;109;180m[48;2;68;204;158m▀[0m[38;2;39;109;180m[48;2;39;109;180m▀[0m[38;2;39;109;180m[48;2;0;0;0m▀[0m[38;2;0;0;0m▀        
      [38;2;0;0;0m▄[38;2;0;0;0m[48;2;119;238;204m▀[0m[38;2;68;204;158m[48;2;68;155;132m▀[0m[38;2;68;204;158m[48;2;68;155;132m▀[0m[38;2;68;155;132m[48;2;119;238;204m▀[0m[38;2;119;238;204m[48;2;119;238;204m▀[0m[38;2;68;204;158m[48;2;0;0;0m▀[0m[38;2;189;41;66m[48;2;247;99;99m▀[0m[38;2;255;255;255m[48;2;68;204;158m▀[0m[38;2;65;65;65m[48;2;250;239;115m▀[0m[38;2;219;194;106m[48;2;250;239;115m▀[0m[38;2;68;204;158m[48;2;219;194;106m▀[0m[38;2;68;204;158m[48;2;68;204;158m▀[0m[38;2;68;204;158m[48;2;68;155;132m▀[0m[38;2;68;155;132m[48;2;68;155;132m▀[0m[38;2;65;65;65m[48;2;119;238;204m▀[0m[38;2;65;65;65m[48;2;68;155;132m▀[0m[38;2;0;0;0m[48;2;65;65;65m▀[0m[38;2;0;0;0m▄  [38;2;0;0;0m▄ [38;2;0;0;0m▄   
    [38;2;0;0;0m▄[38;2;0;0;0m▄[38;2;0;0;0m[48;2;68;155;132m▀[0m[38;2;119;238;204m[48;2;65;65;65m▀[0m[38;2;119;238;204m[48;2;119;238;204m▀[0m[38;2;119;238;204m[48;2;65;65;65m▀[0m[38;2;119;238;204m[48;2;68;204;158m▀[0m[38;2;68;204;158m[48;2;255;255;255m▀[0m[38;2;68;204;158m[48;2;68;204;158m▀[0m[38;2;255;255;255m[48;2;219;194;106m▀[0m[38;2;219;194;106m[48;2;250;239;115m▀[0m[38;2;250;239;115m[48;2;250;239;115m▀[0m[38;2;250;239;115m[48;2;250;239;115m▀[0m[38;2;219;194;106m[48;2;68;204;158m▀[0m[38;2;68;204;158m[48;2;68;204;158m▀[0m[38;2;68;155;132m[48;2;65;65;65m▀[0m[38;2;119;238;204m[48;2;65;65;65m▀[0m[38;2;68;155;132m[48;2;68;204;158m▀[0m[38;2;68;204;158m[48;2;68;155;132m▀[0m[38;2;68;204;158m[48;2;68;155;132m▀[0m[38;2;68;204;158m[48;2;68;204;158m▀[0m[38;2;0;0;0m[48;2;68;155;132m▀[0m[38;2;0;0;0m[48;2;65;65;65m▀[0m[38;2;39;109;180m[48;2;39;109;180m▀[0m[38;2;0;0;0m[48;2;39;109;180m▀[0m[38;2;39;109;180m[48;2;39;109;180m▀[0m[38;2;0;0;0m[48;2;0;0;0m▀[0m[38;2;0;0;0m▄ 
 [38;2;0;0;0m▄[38;2;0;0;0m[48;2;189;189;181m▀[0m[38;2;0;0;0m[48;2;65;65;65m▀[0m[38;2;68;155;132m[48;2;68;155;132m▀[0m[38;2;68;155;132m[48;2;68;155;132m▀[0m[38;2;68;155;132m[48;2;68;155;132m▀[0m[38;2;65;65;65m[48;2;68;155;132m▀[0m[38;2;68;204;158m[48;2;65;65;65m▀[0m[38;2;250;239;115m[48;2;0;0;0m▀[0m[38;2;250;239;115m[48;2;250;239;115m▀[0m[38;2;219;194;106m[48;2;250;239;115m▀[0m[38;2;250;239;115m[48;2;250;239;115m▀[0m[38;2;250;239;115m[48;2;250;239;115m▀[0m[38;2;250;239;115m[48;2;65;65;65m▀[0m[38;2;250;239;115m[48;2;65;65;65m▀[0m[38;2;65;65;65m[48;2;68;204;158m▀[0m[38;2;68;204;158m[48;2;68;204;158m▀[0m[38;2;68;204;158m[48;2;68;204;158m▀[0m[38;2;68;204;158m[48;2;68;204;158m▀[0m[38;2;68;204;158m[48;2;65;65;65m▀[0m[38;2;65;65;65m[48;2;68;155;132m▀[0m[38;2;119;238;204m[48;2;68;155;132m▀[0m[38;2;119;238;204m[48;2;68;155;132m▀[0m[38;2;68;155;132m[48;2;68;204;158m▀[0m[38;2;68;204;158m[48;2;68;204;158m▀[0m[38;2;65;65;65m[48;2;65;65;65m▀[0m[38;2;39;109;180m[48;2;65;65;65m▀[0m[38;2;39;109;180m[48;2;65;65;65m▀[0m[38;2;65;65;65m[48;2;68;155;132m▀[0m[38;2;68;155;132m[48;2;68;155;132m▀[0m[38;2;0;0;0m[48;2;0;0;0m▀[0m 
  [38;2;0;0;0m▀[38;2;189;189;181m[48;2;0;0;0m▀[0m[38;2;65;65;65m[48;2;0;0;0m▀[0m[38;2;68;155;132m[48;2;0;0;0m▀[0m[38;2;68;155;132m[48;2;0;0;0m▀[0m[38;2;0;0;0m▀[38;2;0;0;0m▀ [38;2;0;0;0m▀[38;2;0;0;0m[48;2;0;0;0m▀[0m[38;2;65;65;65m[48;2;68;155;132m▀[0m[38;2;68;204;158m[48;2;65;65;65m▀[0m[38;2;68;204;158m[48;2;68;155;132m▀[0m[38;2;68;204;158m[48;2;68;204;158m▀[0m[38;2;68;204;158m[48;2;68;155;132m▀[0m[38;2;68;204;158m[48;2;68;155;132m▀[0m[38;2;68;155;132m[48;2;68;204;158m▀[0m[38;2;68;204;158m[48;2;65;65;65m▀[0m[38;2;65;65;65m[48;2;255;255;255m▀[0m[38;2;119;238;204m[48;2;68;155;132m▀[0m[38;2;119;238;204m[48;2;68;155;132m▀[0m[38;2;68;155;132m[48;2;68;204;158m▀[0m[38;2;68;204;158m[48;2;65;65;65m▀[0m[38;2;65;65;65m[48;2;65;65;65m▀[0m[38;2;68;155;132m[48;2;68;155;132m▀[0m[38;2;68;155;132m[48;2;68;155;132m▀[0m[38;2;68;155;132m[48;2;68;155;132m▀[0m[38;2;68;155;132m[48;2;68;155;132m▀[0m[38;2;0;0;0m[48;2;0;0;0m▀[0m  
          [38;2;0;0;0m[48;2;0;0;0m▀[0m[38;2;68;155;132m[48;2;68;155;132m▀[0m[38;2;68;155;132m[48;2;68;155;132m▀[0m[38;2;65;65;65m[48;2;65;65;65m▀[0m[38;2;68;204;158m[48;2;68;204;158m▀[0m[38;2;68;204;158m[48;2;68;204;158m▀[0m[38;2;68;204;158m[48;2;68;204;158m▀[0m[38;2;68;204;158m[48;2;68;204;158m▀[0m[38;2;68;204;158m[48;2;68;155;132m▀[0m[38;2;65;65;65m[48;2;250;239;115m▀[0m[38;2;65;65;65m[48;2;65;65;65m▀[0m[38;2;255;255;255m[48;2;65;65;65m▀[0m[38;2;65;65;65m[48;2;68;204;158m▀[0m[38;2;255;255;255m[48;2;65;65;65m▀[0m[38;2;65;65;65m[48;2;68;204;158m▀[0m[38;2;68;204;158m[48;2;68;204;158m▀[0m[38;2;65;65;65m[48;2;65;65;65m▀[0m[38;2;68;155;132m[48;2;0;0;0m▀[0m[38;2;68;155;132m[48;2;0;0;0m▀[0m[38;2;0;0;0m▀   
          [38;2;0;0;0m▄[38;2;0;0;0m[48;2;189;189;181m▀[0m[38;2;68;155;132m[48;2;68;155;132m▀[0m[38;2;68;155;132m[48;2;68;155;132m▀[0m[38;2;65;65;65m[48;2;68;155;132m▀[0m[38;2;219;194;106m[48;2;65;65;65m▀[0m[38;2;68;204;158m[48;2;219;194;106m▀[0m[38;2;68;155;132m[48;2;250;239;115m▀[0m[38;2;250;239;115m[48;2;250;239;115m▀[0m[38;2;250;239;115m[48;2;68;155;132m▀[0m[38;2;68;155;132m[48;2;68;204;158m▀[0m[38;2;68;204;158m[48;2;65;65;65m▀[0m[38;2;68;204;158m[48;2;68;204;158m▀[0m[38;2;68;204;158m[48;2;68;204;158m▀[0m[38;2;68;204;158m[48;2;68;204;158m▀[0m[38;2;68;204;158m[48;2;0;0;0m▀[0m[38;2;0;0;0m▀      
          [38;2;0;0;0m▀[38;2;65;65;65m[48;2;0;0;0m▀[0m[38;2;189;189;181m[48;2;0;0;0m▀[0m[38;2;0;0;0m▀[38;2;189;189;181m[48;2;0;0;0m▀[0m[38;2;0;0;0m▀[38;2;0;0;0m▀[38;2;219;194;106m[48;2;0;0;0m▀[0m[38;2;68;155;132m[48;2;0;0;0m▀[0m[38;2;68;204;158m[48;2;0;0;0m▀[0m[38;2;65;65;65m[48;2;0;0;0m▀[0m[38;2;68;204;158m[48;2;65;65;65m▀[0m[38;2;65;65;65m[48;2;68;204;158m▀[0m[38;2;65;65;65m[48;2;68;204;158m▀[0m[38;2;65;65;65m[48;2;68;204;158m▀[0m[38;2;68;204;158m[48;2;68;204;158m▀[0m[38;2;0;0;0m[48;2;255;255;255m▀[0m[38;2;0;0;0m▄     
                     [38;2;0;0;0m▀[38;2;0;0;0m▀[38;2;255;255;255m[48;2;0;0;0m▀[0m[38;2;65;65;65m[48;2;0;0;0m▀[0m[38;2;255;255;255m[48;2;0;0;0m▀[0m[38;2;65;65;65m[48;2;0;0;0m▀[0m[38;2;0;0;0m▀     
                                     [0m                                     