                             [38;2;0;4;0m▄[38;2;0;4;0m[48;2;187;46;67m▀[0m[38;2;0;4;0m[48;2;187;46;67m▀[0m[38;2;0;4;0m[48;2;187;46;67m▀[0m[38;2;0;4;0m[48;2;187;46;67m▀[0m[38;2;0;4;0m▄         
         [38;2;0;4;0m▄[38;2;0;4;0m▄[38;2;0;4;0m[48;2;242;120;141m▀[0m[38;2;0;4;0m[48;2;242;120;141m▀[0m[38;2;0;4;0m[48;2;242;120;141m▀[0m[38;2;0;4;0m[48;2;242;120;141m▀[0m[38;2;0;4;0m[48;2;242;120;141m▀[0m[38;2;0;4;0m▄[38;2;0;4;0m▄       [38;2;0;4;0m▄ [38;2;0;4;0m▄[38;2;0;4;0m[48;2;187;46;67m▀[0m[38;2;187;46;67m[48;2;187;46;67m▀[0m[38;2;187;46;67m[48;2;0;4;0m▀[0m[38;2;0;4;0m▀[38;2;0;4;0m▀[38;2;187;46;67m[48;2;0;4;0m▀[0m[38;2;187;46;67m[48;2;187;46;67m▀[0m[38;2;0;4;0m[48;2;0;4;0m▀[0m        
       [38;2;0;4;0m▄[38;2;0;4;0m[48;2;217;82;103m▀[0m[38;2;242;120;141m[48;2;182;40;61m▀[0m[38;2;242;120;141m[48;2;8;4;8m▀[0m[38;2;0;4;0m▀[38;2;0;4;0m▀[38;2;0;4;0m▀[38;2;0;4;0m▀[38;2;0;4;0m▀[38;2;242;120;141m[48;2;0;4;0m▀[0m[38;2;245;127;148m[48;2;0;8;0m▀[0m[38;2;0;8;0m[48;2;209;72;92m▀[0m[38;2;0;4;0m[48;2;217;82;103m▀[0m[38;2;0;4;0m▄  [38;2;0;4;0m▄[38;2;0;4;0m[48;2;217;82;103m▀[0m[38;2;244;124;144m[48;2;244;124;144m▀[0m[38;2;0;8;0m[48;2;206;68;89m▀[0m[38;2;66;65;66m[48;2;66;65;66m▀[0m[38;2;187;46;67m[48;2;187;46;67m▀[0m[38;2;0;4;0m[48;2;66;64;66m▀[0m[38;2;0;4;0m▄[38;2;0;4;0m▄[38;2;0;4;0m[48;2;242;120;141m▀[0m[38;2;66;65;66m[48;2;242;120;141m▀[0m[38;2;66;65;66m[48;2;242;120;141m▀[0m[38;2;0;4;0m[48;2;66;64;66m▀[0m[38;2;0;4;0m▄       
     [38;2;0;4;0m▄[38;2;0;4;0m[48;2;217;82;103m▀[0m[38;2;220;86;106m[48;2;184;43;64m▀[0m[38;2;184;43;64m[48;2;0;4;0m▀[0m[38;2;0;4;0m▀   [38;2;0;4;0m▄[38;2;0;4;0m▄[38;2;0;4;0m▄  [38;2;0;4;0m[48;2;0;4;0m▀[0m[38;2;218;83;104m[48;2;66;65;66m▀[0m[38;2;218;83;104m[48;2;66;65;66m▀[0m[38;2;0;4;0m[48;2;255;255;255m▀[0m[38;2;0;4;0m[48;2;255;255;255m▀[0m[38;2;71;72;68m[48;2;71;72;68m▀[0m[38;2;242;120;141m[48;2;214;79;99m▀[0m[38;2;242;120;141m[48;2;242;120;141m▀[0m[38;2;242;120;141m[48;2;216;81;102m▀[0m[38;2;66;65;66m[48;2;82;78;68m▀[0m[38;2;66;65;66m[48;2;66;65;66m▀[0m[38;2;57;60;57m[48;2;241;118;139m▀[0m[38;2;241;118;139m[48;2;194;54;75m▀[0m[38;2;242;120;141m[48;2;0;4;0m▀[0m[38;2;0;4;0m▀[38;2;0;4;0m▀[38;2;66;64;66m[48;2;0;4;0m▀[0m[38;2;193;53;74m[48;2;57;60;57m▀[0m[38;2;239;114;135m[48;2;193;53;74m▀[0m[38;2;0;4;0m[48;2;242;120;141m▀[0m[38;2;0;4;0m▄     
     [38;2;0;4;0m[48;2;0;4;0m▀[0m[38;2;219;84;105m[48;2;183;42;62m▀[0m[38;2;0;4;0m[48;2;0;4;0m▀[0m     [38;2;0;4;0m▀[38;2;190;183;86m[48;2;0;4;0m▀[0m[38;2;190;183;86m[48;2;190;183;86m▀[0m[38;2;0;4;0m[48;2;190;183;86m▀[0m[38;2;0;4;0m[48;2;66;66;66m▀[0m[38;2;120;118;84m[48;2;120;118;84m▀[0m[38;2;220;213;116m[48;2;124;122;88m▀[0m[38;2;255;255;255m[48;2;220;213;116m▀[0m[38;2;255;255;255m[48;2;255;255;255m▀[0m[38;2;255;255;255m[48;2;255;255;255m▀[0m[38;2;249;242;145m[48;2;249;242;145m▀[0m[38;2;82;81;66m[48;2;249;242;145m▀[0m[38;2;82;81;66m[48;2;239;232;135m▀[0m[38;2;82;81;66m[48;2;239;232;135m▀[0m[38;2;66;65;66m[48;2;66;65;66m▀[0m[38;2;242;120;141m[48;2;66;65;66m▀[0m[38;2;66;73;66m[48;2;66;73;66m▀[0m[38;2;66;73;66m[48;2;239;232;135m▀[0m[38;2;231;224;127m[48;2;127;125;91m▀[0m[38;2;0;0;0m[48;2;127;125;91m▀[0m[38;2;0;0;0m[48;2;235;228;131m▀[0m[38;2;74;73;71m[48;2;74;73;71m▀[0m[38;2;187;46;67m[48;2;187;46;67m▀[0m[38;2;66;65;66m[48;2;66;65;66m▀[0m[38;2;242;120;141m[48;2;182;40;61m▀[0m[38;2;8;4;8m[48;2;242;120;141m▀[0m[38;2;0;4;0m▄    
    [38;2;0;4;0m[48;2;0;4;0m▀[0m[38;2;218;83;104m[48;2;218;83;104m▀[0m[38;2;0;4;0m[48;2;0;4;0m▀[0m       [38;2;0;4;0m▀[38;2;79;81;79m[48;2;8;8;8m▀[0m[38;2;79;81;79m[48;2;241;234;137m▀[0m[38;2;242;120;141m[48;2;242;120;141m▀[0m[38;2;255;207;66m[48;2;255;207;66m▀[0m[38;2;119;101;66m[48;2;0;0;33m▀[0m[38;2;119;101;66m[48;2;239;203;99m▀[0m[38;2;208;71;91m[48;2;208;71;91m▀[0m[38;2;239;232;135m[48;2;208;71;91m▀[0m[38;2;239;232;135m[48;2;118;115;82m▀[0m[38;2;239;232;135m[48;2;118;115;82m▀[0m[38;2;239;232;135m[48;2;118;115;82m▀[0m[38;2;239;232;135m[48;2;118;115;82m▀[0m[38;2;239;232;135m[48;2;118;115;82m▀[0m[38;2;239;232;135m[48;2;118;115;82m▀[0m[38;2;208;71;91m[48;2;208;71;91m▀[0m[38;2;208;71;91m[48;2;239;232;135m▀[0m[38;2;131;128;94m[48;2;57;60;57m▀[0m[38;2;57;60;57m[48;2;233;226;129m▀[0m[38;2;66;65;66m[48;2;239;232;135m▀[0m[38;2;239;232;135m[48;2;66;65;66m▀[0m[38;2;66;65;66m[48;2;239;232;135m▀[0m[38;2;66;65;66m[48;2;66;65;66m▀[0m[38;2;66;65;66m[48;2;66;65;66m▀[0m[38;2;242;120;141m[48;2;242;120;141m▀[0m[38;2;0;4;0m[48;2;0;4;0m▀[0m    
    [38;2;0;4;0m[48;2;0;4;0m▀[0m[38;2;218;83;104m[48;2;218;83;104m▀[0m[38;2;0;4;0m[48;2;0;4;0m▀[0m       [38;2;0;4;0m[48;2;0;4;0m▀[0m[38;2;118;115;82m[48;2;191;184;87m▀[0m[38;2;255;255;255m[48;2;118;115;82m▀[0m[38;2;241;119;140m[48;2;239;215;140m▀[0m[38;2;239;215;140m[48;2;241;119;140m▀[0m[38;2;0;32;33m[48;2;255;215;74m▀[0m[38;2;255;215;74m[48;2;193;53;74m▀[0m[38;2;217;82;103m[48;2;239;232;135m▀[0m[38;2;239;232;135m[48;2;239;232;135m▀[0m[38;2;216;81;102m[48;2;216;81;102m▀[0m[38;2;242;120;141m[48;2;242;120;141m▀[0m[38;2;255;207;66m[48;2;255;207;66m▀[0m[38;2;0;4;0m[48;2;0;4;0m▀[0m[38;2;255;207;66m[48;2;255;207;66m▀[0m[38;2;242;120;141m[48;2;242;120;141m▀[0m[38;2;217;82;103m[48;2;217;82;103m▀[0m[38;2;239;232;135m[48;2;239;232;135m▀[0m[38;2;66;65;66m[48;2;239;232;135m▀[0m[38;2;239;232;135m[48;2;66;65;66m▀[0m[38;2;233;226;129m[48;2;57;60;57m▀[0m[38;2;57;60;57m[48;2;131;128;94m▀[0m[38;2;131;128;94m[48;2;182;175;78m▀[0m[38;2;55;58;55m[48;2;0;4;0m▀[0m[38;2;0;4;0m▀[38;2;187;46;67m[48;2;0;4;0m▀[0m[38;2;242;120;141m[48;2;242;120;141m▀[0m[38;2;0;4;0m[48;2;0;4;0m▀[0m   
    [38;2;0;4;0m[48;2;0;4;0m▀[0m[38;2;218;83;104m[48;2;218;83;104m▀[0m[38;2;0;4;0m[48;2;0;4;0m▀[0m      [38;2;0;4;0m▄[38;2;0;4;0m[48;2;239;232;135m▀[0m[38;2;66;65;66m[48;2;241;234;137m▀[0m[38;2;188;181;84m[48;2;66;65;66m▀[0m[38;2;119;116;82m[48;2;190;183;86m▀[0m[38;2;119;116;82m[48;2;190;183;86m▀[0m[38;2;239;116;136m[48;2;82;105;90m▀[0m[38;2;240;233;136m[48;2;82;105;90m▀[0m[38;2;239;232;135m[48;2;118;115;82m▀[0m[38;2;239;232;135m[48;2;239;232;135m▀[0m[38;2;239;232;135m[48;2;239;232;135m▀[0m[38;2;217;82;103m[48;2;239;232;135m▀[0m[38;2;126;148;112m[48;2;255;131;149m▀[0m[38;2;231;219;140m[48;2;208;71;91m▀[0m[38;2;217;82;103m[48;2;239;232;135m▀[0m[38;2;217;82;103m[48;2;239;232;135m▀[0m[38;2;239;232;135m[48;2;118;115;82m▀[0m[38;2;239;232;135m[48;2;118;115;82m▀[0m[38;2;119;116;82m[48;2;119;116;82m▀[0m[38;2;119;116;82m[48;2;190;183;86m▀[0m[38;2;119;116;82m[48;2;190;183;86m▀[0m[38;2;190;183;86m[48;2;190;183;86m▀[0m[38;2;71;70;65m[48;2;71;70;65m▀[0m[38;2;71;70;65m[48;2;188;47;68m▀[0m[38;2;0;4;0m[48;2;63;73;68m▀[0m[38;2;63;73;68m[48;2;63;73;68m▀[0m[38;2;242;120;141m[48;2;242;120;141m▀[0m[38;2;0;4;0m[48;2;0;4;0m▀[0m   
  [38;2;0;4;0m▄[38;2;8;4;8m[48;2;242;121;142m▀[0m[38;2;183;42;62m[48;2;183;42;62m▀[0m[38;2;216;81;102m[48;2;216;81;102m▀[0m[38;2;188;47;68m[48;2;188;47;68m▀[0m[38;2;0;4;0m[48;2;242;120;141m▀[0m[38;2;0;4;0m▄   [38;2;0;4;0m[48;2;0;4;0m▀[0m[38;2;239;232;135m[48;2;0;4;0m▀[0m[38;2;239;232;135m[48;2;0;4;0m▀[0m[38;2;0;4;0m▀[38;2;0;4;0m▀[38;2;190;183;86m[48;2;8;8;0m▀[0m[38;2;190;183;86m[48;2;63;63;57m▀[0m[38;2;189;182;85m[48;2;189;182;85m▀[0m[38;2;189;182;85m[48;2;189;182;85m▀[0m[38;2;187;180;83m[48;2;66;65;66m▀[0m[38;2;122;119;86m[48;2;66;65;66m▀[0m[38;2;119;116;82m[48;2;190;183;86m▀[0m[38;2;119;116;82m[48;2;190;183;86m▀[0m[38;2;119;116;82m[48;2;190;183;86m▀[0m[38;2;119;116;82m[48;2;190;183;86m▀[0m[38;2;119;116;82m[48;2;190;183;86m▀[0m[38;2;119;116;82m[48;2;190;183;86m▀[0m[38;2;189;182;85m[48;2;189;182;85m▀[0m[38;2;189;182;85m[48;2;189;182;85m▀[0m[38;2;188;181;84m[48;2;66;65;66m▀[0m[38;2;66;65;66m[48;2;241;234;137m▀[0m[38;2;119;116;82m[48;2;66;65;66m▀[0m[38;2;66;65;66m[48;2;66;65;66m▀[0m[38;2;187;46;67m[48;2;66;65;66m▀[0m[38;2;187;46;67m[48;2;66;65;66m▀[0m[38;2;187;46;67m[48;2;66;65;66m▀[0m[38;2;66;65;66m[48;2;66;65;66m▀[0m[38;2;242;120;141m[48;2;242;120;141m▀[0m[38;2;0;4;0m[48;2;0;4;0m▀[0m   
 [38;2;0;12;0m[48;2;0;12;0m▀[0m[38;2;202;64;84m[48;2;197;190;93m▀[0m[38;2;242;120;141m[48;2;216;81;102m▀[0m[38;2;242;120;141m[48;2;216;81;102m▀[0m[38;2;188;47;68m[48;2;218;83;104m▀[0m[38;2;241;119;140m[48;2;218;83;104m▀[0m[38;2;237;111;132m[48;2;221;87;108m▀[0m[38;2;221;87;108m[48;2;192;185;88m▀[0m[38;2;0;4;0m[48;2;0;4;0m▀[0m        [38;2;0;4;0m[48;2;0;4;0m▀[0m[38;2;66;65;66m[48;2;119;116;82m▀[0m[38;2;66;65;66m[48;2;66;65;66m▀[0m[38;2;239;232;135m[48;2;239;232;135m▀[0m[38;2;239;232;135m[48;2;239;232;135m▀[0m[38;2;57;60;57m[48;2;0;4;0m▀[0m[38;2;190;183;86m[48;2;0;4;0m▀[0m[38;2;190;183;86m[48;2;8;8;0m▀[0m[38;2;190;183;86m[48;2;63;63;57m▀[0m[38;2;192;185;88m[48;2;63;67;63m▀[0m[38;2;63;67;63m[48;2;8;12;8m▀[0m[38;2;0;4;0m▀[38;2;0;4;0m▀[38;2;239;232;135m[48;2;0;4;0m▀[0m[38;2;239;232;135m[48;2;0;4;0m▀[0m[38;2;239;232;135m[48;2;239;232;135m▀[0m[38;2;66;65;66m[48;2;66;65;66m▀[0m[38;2;119;116;82m[48;2;66;65;66m▀[0m[38;2;119;116;82m[48;2;66;65;66m▀[0m[38;2;201;62;83m[48;2;74;65;66m▀[0m[38;2;74;65;66m[48;2;242;120;141m▀[0m[38;2;242;121;142m[48;2;181;39;60m▀[0m[38;2;0;4;0m[48;2;0;4;0m▀[0m   
  [38;2;0;4;0m[48;2;0;4;0m▀[0m[38;2;114;111;78m[48;2;192;185;88m▀[0m[38;2;192;185;88m[48;2;0;8;0m▀[0m[38;2;190;183;86m[48;2;0;4;0m▀[0m[38;2;190;183;86m[48;2;0;4;0m▀[0m[38;2;114;111;78m[48;2;192;185;88m▀[0m[38;2;0;8;0m[48;2;0;8;0m▀[0m         [38;2;0;4;0m▀[38;2;0;4;0m▀[38;2;0;4;0m▀[38;2;239;232;135m[48;2;0;4;0m▀[0m[38;2;0;4;0m▀   [38;2;0;4;0m▀[38;2;119;116;82m[48;2;0;4;0m▀[0m[38;2;0;4;0m[48;2;0;4;0m▀[0m    [38;2;0;4;0m▀[38;2;66;64;66m[48;2;0;4;0m▀[0m[38;2;66;65;66m[48;2;221;88;109m▀[0m[38;2;241;118;139m[48;2;241;118;139m▀[0m[38;2;188;47;68m[48;2;241;119;140m▀[0m[38;2;241;119;140m[48;2;188;47;68m▀[0m[38;2;188;47;68m[48;2;241;119;140m▀[0m[38;2;241;119;140m[48;2;241;119;140m▀[0m[38;2;0;4;0m[48;2;217;82;103m▀[0m[38;2;0;4;0m▄ 
   [38;2;0;4;0m▀   [38;2;0;4;0m▀                          [38;2;0;4;0m▀[38;2;195;188;91m[48;2;0;16;8m▀[0m[38;2;203;65;86m[48;2;203;65;86m▀[0m[38;2;216;81;102m[48;2;190;183;86m▀[0m[38;2;216;81;102m[48;2;190;183;86m▀[0m[38;2;213;76;97m[48;2;190;183;86m▀[0m[38;2;213;76;97m[48;2;213;76;97m▀[0m[38;2;190;183;86m[48;2;0;4;0m▀[0m[38;2;0;4;0m▀ 
                                   [38;2;0;4;0m▀[38;2;190;183;86m[48;2;0;4;0m▀[0m[38;2;0;4;0m▀[38;2;0;4;0m▀[38;2;0;4;0m▀[38;2;190;183;86m[48;2;0;4;0m▀[0m[38;2;0;4;0m▀  
                                     [0m                                     