    [38;2;0;0;0m▄[38;2;0;0;0m▄[38;2;0;0;0m[48;2;255;255;255m▀[0m[38;2;0;0;0m[48;2;255;255;255m▀[0m[38;2;0;0;0m[48;2;255;255;255m▀[0m[38;2;0;0;0m[48;2;211;203;186m▀[0m[38;2;0;0;0m▄[38;2;0;0;0m▄[38;2;0;0;0m▄          
  [38;2;0;0;0m▄[38;2;0;0;0m[48;2;255;255;255m▀[0m[38;2;255;255;255m[48;2;211;203;186m▀[0m[38;2;255;255;255m[48;2;255;255;255m▀[0m[38;2;65;65;65m[48;2;167;159;142m▀[0m[38;2;255;255;255m[48;2;255;255;255m▀[0m[38;2;255;255;255m[48;2;167;159;142m▀[0m[38;2;255;255;255m[48;2;167;159;142m▀[0m[38;2;255;255;255m[48;2;255;255;255m▀[0m[38;2;255;255;255m[48;2;255;255;255m▀[0m[38;2;167;159;142m[48;2;255;255;255m▀[0m[38;2;0;0;0m[48;2;0;0;0m▀[0m         
 [38;2;0;0;0m[48;2;0;0;0m▀[0m[38;2;65;65;65m[48;2;65;65;65m▀[0m[38;2;255;255;255m[48;2;65;65;65m▀[0m[38;2;211;203;186m[48;2;255;255;255m▀[0m[38;2;167;159;142m[48;2;255;255;255m▀[0m[38;2;255;255;255m[48;2;255;255;255m▀[0m[38;2;167;159;142m[48;2;167;159;142m▀[0m[38;2;255;255;255m[48;2;255;255;255m▀[0m[38;2;255;255;255m[48;2;211;203;186m▀[0m[38;2;167;159;142m[48;2;255;255;255m▀[0m[38;2;255;255;255m[48;2;255;255;255m▀[0m[38;2;255;255;255m[48;2;167;159;142m▀[0m[38;2;211;203;186m[48;2;211;203;186m▀[0m[38;2;0;0;0m[48;2;0;0;0m▀[0m        
  [38;2;0;0;0m[48;2;0;0;0m▀[0m[38;2;164;87;116m[48;2;65;65;65m▀[0m[38;2;167;159;142m[48;2;255;255;255m▀[0m[38;2;255;255;255m[48;2;167;159;142m▀[0m[38;2;255;255;255m[48;2;167;159;142m▀[0m[38;2;255;255;255m[48;2;211;203;186m▀[0m[38;2;167;159;142m[48;2;211;203;186m▀[0m[38;2;211;203;186m[48;2;65;65;65m▀[0m[38;2;255;255;255m[48;2;65;65;65m▀[0m[38;2;65;65;65m[48;2;65;65;65m▀[0m[38;2;65;65;65m[48;2;223;116;141m▀[0m[38;2;211;203;186m[48;2;0;0;0m▀[0m[38;2;0;0;0m▀        
   [38;2;0;0;0m[48;2;0;0;0m▀[0m[38;2;0;0;0m[48;2;245;154;176m▀[0m[38;2;245;154;176m[48;2;255;176;195m▀[0m[38;2;255;176;195m[48;2;255;176;195m▀[0m[38;2;255;176;195m[48;2;255;255;255m▀[0m[38;2;245;154;176m[48;2;0;0;0m▀[0m[38;2;223;116;141m[48;2;245;154;176m▀[0m[38;2;65;65;65m[48;2;0;0;0m▀[0m[38;2;223;116;141m[48;2;223;116;141m▀[0m[38;2;65;65;65m[48;2;65;65;65m▀[0m[38;2;65;65;65m[48;2;65;65;65m▀[0m[38;2;0;0;0m[48;2;0;0;0m▀[0m        
 [38;2;0;0;0m▄[38;2;0;0;0m[48;2;245;154;176m▀[0m[38;2;0;0;0m[48;2;164;87;116m▀[0m[38;2;223;116;141m[48;2;65;65;65m▀[0m[38;2;255;176;195m[48;2;223;116;141m▀[0m[38;2;255;176;195m[48;2;223;116;141m▀[0m[38;2;65;65;65m[48;2;223;116;141m▀[0m[38;2;0;0;0m[48;2;164;87;116m▀[0m[38;2;223;116;141m[48;2;164;87;116m▀[0m[38;2;65;65;65m[48;2;167;159;142m▀[0m[38;2;0;0;0m[48;2;255;255;255m▀[0m[38;2;0;0;0m[48;2;167;159;142m▀[0m[38;2;0;0;0m[48;2;255;255;255m▀[0m[38;2;211;203;186m[48;2;211;203;186m▀[0m[38;2;0;0;0m[48;2;0;0;0m▀[0m   [38;2;0;0;0m▄[38;2;0;0;0m▄  
  [38;2;0;0;0m▀[38;2;167;159;142m[48;2;0;0;0m▀[0m[38;2;255;255;255m[48;2;255;255;255m▀[0m[38;2;65;65;65m[48;2;255;255;255m▀[0m[38;2;65;65;65m[48;2;211;203;186m▀[0m[38;2;65;65;65m[48;2;255;255;255m▀[0m[38;2;167;159;142m[48;2;211;203;186m▀[0m[38;2;211;203;186m[48;2;255;255;255m▀[0m[38;2;255;255;255m[48;2;255;255;255m▀[0m[38;2;255;255;255m[48;2;255;255;255m▀[0m[38;2;255;255;255m[48;2;211;203;186m▀[0m[38;2;255;255;255m[48;2;167;159;142m▀[0m[38;2;211;203;186m[48;2;0;0;0m▀[0m[38;2;0;0;0m▀  [38;2;0;0;0m[48;2;0;0;0m▀[0m[38;2;255;255;255m[48;2;24;225;24m▀[0m[38;2;24;225;24m[48;2;106;255;106m▀[0m[38;2;0;0;0m[48;2;0;0;0m▀[0m 
   [38;2;0;0;0m▄[38;2;65;65;65m[48;2;245;154;176m▀[0m[38;2;65;65;65m[48;2;223;116;141m▀[0m[38;2;255;255;255m[48;2;65;65;65m▀[0m[38;2;255;255;255m[48;2;65;65;65m▀[0m[38;2;255;255;255m[48;2;65;65;65m▀[0m[38;2;167;159;142m[48;2;245;154;176m▀[0m[38;2;211;203;186m[48;2;65;65;65m▀[0m[38;2;211;203;186m[48;2;65;65;65m▀[0m[38;2;65;65;65m[48;2;245;154;176m▀[0m[38;2;245;154;176m[48;2;65;65;65m▀[0m[38;2;255;176;195m[48;2;0;0;0m▀[0m[38;2;0;0;0m▀[38;2;0;0;0m▄[38;2;0;0;0m▄[38;2;0;0;0m[48;2;223;116;141m▀[0m[38;2;0;0;0m[48;2;0;0;0m▀[0m[38;2;0;0;0m▀  
   [38;2;0;0;0m▀[38;2;245;154;176m[48;2;0;0;0m▀[0m[38;2;164;87;116m[48;2;164;87;116m▀[0m[38;2;245;154;176m[48;2;223;116;141m▀[0m[38;2;245;154;176m[48;2;245;154;176m▀[0m[38;2;245;154;176m[48;2;245;154;176m▀[0m[38;2;164;87;116m[48;2;164;87;116m▀[0m[38;2;245;154;176m[48;2;245;154;176m▀[0m[38;2;255;176;195m[48;2;255;176;195m▀[0m[38;2;255;176;195m[48;2;255;176;195m▀[0m[38;2;245;154;176m[48;2;245;154;176m▀[0m[38;2;223;116;141m[48;2;223;116;141m▀[0m[38;2;0;0;0m[48;2;65;65;65m▀[0m[38;2;223;116;141m[48;2;164;87;116m▀[0m[38;2;65;65;65m[48;2;65;65;65m▀[0m[38;2;164;87;116m[48;2;0;0;0m▀[0m[38;2;0;0;0m▀   
   [38;2;0;0;0m▀[38;2;211;203;186m[48;2;0;0;0m▀[0m[38;2;223;116;141m[48;2;0;0;0m▀[0m[38;2;0;0;0m▀[38;2;0;0;0m▀[38;2;245;154;176m[48;2;0;0;0m▀[0m[38;2;245;154;176m[48;2;0;0;0m▀[0m[38;2;164;87;116m[48;2;0;0;0m▀[0m[38;2;245;154;176m[48;2;65;65;65m▀[0m[38;2;245;154;176m[48;2;164;87;116m▀[0m[38;2;223;116;141m[48;2;164;87;116m▀[0m[38;2;65;65;65m[48;2;0;0;0m▀[0m[38;2;164;87;116m[48;2;0;0;0m▀[0m[38;2;0;0;0m▀[38;2;0;0;0m▀     
          [38;2;0;0;0m▀[38;2;211;203;186m[48;2;0;0;0m▀[0m[38;2;223;116;141m[48;2;0;0;0m▀[0m[38;2;0;0;0m▀         
                                     [0m                                     