         [38;2;0;0;0m▄[38;2;0;0;0m[48;2;61;128;39m▀[0m[38;2;0;0;0m[48;2;61;128;39m▀[0m[38;2;0;0;0m▄                        
        [38;2;0;0;0m[48;2;0;0;0m▀[0m[38;2;61;128;39m[48;2;61;128;39m▀[0m[38;2;59;125;39m[48;2;59;125;39m▀[0m[38;2;59;125;39m[48;2;59;125;39m▀[0m[38;2;61;128;39m[48;2;61;128;39m▀[0m[38;2;0;0;0m[48;2;0;0;0m▀[0m                       
    [38;2;0;0;0m▄  [38;2;0;0;0m[48;2;0;0;0m▀[0m[38;2;59;125;39m[48;2;59;125;39m▀[0m[38;2;59;125;39m[48;2;59;125;39m▀[0m[38;2;59;125;39m[48;2;59;125;39m▀[0m[38;2;59;125;39m[48;2;59;125;39m▀[0m[38;2;59;125;39m[48;2;59;125;39m▀[0m[38;2;59;125;39m[48;2;59;125;39m▀[0m[38;2;0;0;0m[48;2;61;128;39m▀[0m[38;2;0;0;0m[48;2;61;128;39m▀[0m[38;2;0;0;0m▄          [38;2;0;0;0m▄[38;2;0;0;0m▄[38;2;0;0;0m▄       
   [38;2;0;0;0m[48;2;0;0;0m▀[0m[38;2;132;174;74m[48;2;132;174;74m▀[0m[38;2;0;0;8m[48;2;66;87;41m▀[0m[38;2;0;0;0m▄[38;2;0;0;0m[48;2;64;124;41m▀[0m[38;2;59;125;39m[48;2;59;125;39m▀[0m[38;2;59;125;39m[48;2;59;125;39m▀[0m[38;2;59;125;39m[48;2;59;125;39m▀[0m[38;2;59;125;39m[48;2;59;125;39m▀[0m[38;2;59;127;38m[48;2;66;65;66m▀[0m[38;2;59;127;38m[48;2;66;65;66m▀[0m[38;2;59;127;38m[48;2;66;65;66m▀[0m[38;2;59;127;38m[48;2;59;127;38m▀[0m[38;2;61;128;39m[48;2;61;128;39m▀[0m[38;2;0;0;0m[48;2;0;0;0m▀[0m     [38;2;0;0;0m▄[38;2;0;0;0m▄[38;2;0;0;0m[48;2;245;252;148m▀[0m[38;2;0;0;0m[48;2;245;252;148m▀[0m[38;2;245;252;148m[48;2;245;252;148m▀[0m[38;2;245;252;148m[48;2;155;154;60m▀[0m[38;2;245;252;148m[48;2;155;154;60m▀[0m[38;2;0;0;0m[48;2;144;153;66m▀[0m[38;2;0;0;0m▄     
   [38;2;0;0;0m▄[38;2;0;0;8m[48;2;66;87;41m▀[0m[38;2;132;174;74m[48;2;132;174;74m▀[0m[38;2;66;65;66m[48;2;66;65;66m▀[0m[38;2;59;127;38m[48;2;59;127;38m▀[0m[38;2;72;125;53m[48;2;66;62;60m▀[0m[38;2;66;62;60m[48;2;77;183;43m▀[0m[38;2;66;65;66m[48;2;84;184;51m▀[0m[38;2;66;65;66m[48;2;84;184;51m▀[0m[38;2;82;183;51m[48;2;82;183;51m▀[0m[38;2;82;183;51m[48;2;82;183;51m▀[0m[38;2;67;176;51m[48;2;63;139;55m▀[0m[38;2;66;73;66m[48;2;63;139;55m▀[0m[38;2;64;124;41m[48;2;0;0;0m▀[0m[38;2;0;0;0m▀   [38;2;0;0;0m▄[38;2;0;0;0m[48;2;245;252;148m▀[0m[38;2;245;252;148m[48;2;245;252;148m▀[0m[38;2;245;252;148m[48;2;155;154;60m▀[0m[38;2;245;252;148m[48;2;155;154;60m▀[0m[38;2;148;153;61m[48;2;200;210;99m▀[0m[38;2;148;153;61m[48;2;200;210;99m▀[0m[38;2;205;208;99m[48;2;205;208;99m▀[0m[38;2;205;208;99m[48;2;205;208;99m▀[0m[38;2;155;151;60m[48;2;204;201;104m▀[0m[38;2;253;250;148m[48;2;155;151;60m▀[0m[38;2;5;8;0m[48;2;131;123;70m▀[0m[38;2;5;8;0m[48;2;254;234;140m▀[0m[38;2;0;0;0m[48;2;245;252;148m▀[0m[38;2;0;0;0m▄ 
  [38;2;0;0;0m[48;2;0;0;0m▀[0m[38;2;88;132;38m[48;2;88;132;38m▀[0m[38;2;66;65;57m[48;2;96;124;57m▀[0m[38;2;126;183;57m[48;2;66;65;57m▀[0m[38;2;132;182;66m[48;2;132;182;66m▀[0m[38;2;66;68;54m[48;2;99;125;60m▀[0m[38;2;84;184;51m[48;2;60;125;39m▀[0m[38;2;60;125;39m[48;2;84;184;51m▀[0m[38;2;86;134;73m[48;2;67;78;48m▀[0m[38;2;67;78;48m[48;2;217;249;108m▀[0m[38;2;67;78;48m[48;2;217;249;108m▀[0m[38;2;86;134;73m[48;2;67;78;48m▀[0m[38;2;60;104;57m[48;2;136;161;57m▀[0m[38;2;136;161;57m[48;2;77;79;44m▀[0m[38;2;0;0;0m[48;2;90;130;41m▀[0m[38;2;0;0;0m▄ [38;2;0;0;0m▄[38;2;0;0;0m[48;2;245;252;148m▀[0m[38;2;245;252;148m[48;2;245;252;148m▀[0m[38;2;254;244;140m[48;2;138;136;79m▀[0m[38;2;138;136;79m[48;2;77;81;49m▀[0m[38;2;205;208;99m[48;2;205;208;99m▀[0m[38;2;205;208;99m[48;2;205;208;99m▀[0m[38;2;205;208;99m[48;2;205;208;99m▀[0m[38;2;205;208;99m[48;2;205;208;99m▀[0m[38;2;200;210;99m[48;2;148;153;61m▀[0m[38;2;200;210;99m[48;2;200;210;99m▀[0m[38;2;205;208;99m[48;2;205;208;99m▀[0m[38;2;205;208;99m[48;2;205;208;99m▀[0m[38;2;200;210;99m[48;2;200;210;99m▀[0m[38;2;148;153;61m[48;2;200;210;99m▀[0m[38;2;144;153;66m[48;2;0;0;0m▀[0m[38;2;0;0;0m▀ 
  [38;2;0;0;0m▀[38;2;90;130;41m[48;2;0;0;0m▀[0m[38;2;66;65;66m[48;2;84;193;68m▀[0m[38;2;84;193;68m[48;2;84;193;68m▀[0m[38;2;90;130;41m[48;2;63;126;42m▀[0m[38;2;90;130;41m[48;2;63;126;42m▀[0m[38;2;74;125;54m[48;2;87;184;50m▀[0m[38;2;87;184;50m[48;2;61;65;59m▀[0m[38;2;66;65;66m[48;2;238;214;107m▀[0m[38;2;238;214;107m[48;2;238;214;107m▀[0m[38;2;238;217;112m[48;2;255;255;255m▀[0m[38;2;238;217;112m[48;2;238;217;112m▀[0m[38;2;60;78;49m[48;2;60;78;49m▀[0m[38;2;90;117;66m[48;2;0;0;16m▀[0m[38;2;0;0;0m▀ [38;2;0;0;0m▄[38;2;0;0;0m[48;2;245;252;148m▀[0m[38;2;247;231;132m[48;2;57;73;57m▀[0m[38;2;57;73;57m[48;2;152;152;94m▀[0m[38;2;66;65;57m[48;2;66;65;57m▀[0m[38;2;126;183;57m[48;2;96;124;57m▀[0m[38;2;66;65;66m[48;2;66;65;66m▀[0m[38;2;200;210;99m[48;2;66;65;66m▀[0m[38;2;205;208;99m[48;2;205;208;99m▀[0m[38;2;205;208;99m[48;2;205;208;99m▀[0m[38;2;200;210;99m[48;2;200;210;99m▀[0m[38;2;148;153;61m[48;2;200;210;99m▀[0m[38;2;136;145;66m[48;2;0;0;0m▀[0m[38;2;205;218;99m[48;2;0;0;0m▀[0m[38;2;200;210;99m[48;2;0;0;0m▀[0m[38;2;0;0;0m▀   
  [38;2;0;0;0m[48;2;0;0;0m▀[0m[38;2;79;193;75m[48;2;79;193;75m▀[0m[38;2;87;198;78m[48;2;87;198;78m▀[0m[38;2;87;198;78m[48;2;239;252;223m▀[0m[38;2;85;201;76m[48;2;85;201;76m▀[0m[38;2;73;166;55m[48;2;62;131;34m▀[0m[38;2;65;86;56m[48;2;200;210;99m▀[0m[38;2;65;86;56m[48;2;65;86;56m▀[0m[38;2;238;220;115m[48;2;238;220;115m▀[0m[38;2;0;0;16m[48;2;74;78;49m▀[0m[38;2;238;214;107m[48;2;238;214;107m▀[0m[38;2;238;214;107m[48;2;66;65;66m▀[0m[38;2;66;65;57m[48;2;222;227;132m▀[0m[38;2;170;173;107m[48;2;222;227;132m▀[0m[38;2;0;0;0m[48;2;173;170;82m▀[0m[38;2;0;0;0m▄[38;2;0;0;0m[48;2;0;0;0m▀[0m[38;2;245;252;148m[48;2;245;252;148m▀[0m[38;2;60;72;60m[48;2;148;138;49m▀[0m[38;2;104;105;54m[48;2;60;72;60m▀[0m[38;2;88;132;38m[48;2;88;132;38m▀[0m[38;2;66;65;66m[48;2;88;132;38m▀[0m[38;2;96;124;57m[48;2;66;65;57m▀[0m[38;2;126;183;57m[48;2;66;65;57m▀[0m[38;2;66;65;66m[48;2;200;210;99m▀[0m[38;2;200;210;99m[48;2;200;210;99m▀[0m[38;2;200;210;99m[48;2;200;210;99m▀[0m[38;2;0;0;0m[48;2;200;210;99m▀[0m[38;2;0;0;0m▄      
 [38;2;0;0;0m[48;2;0;0;0m▀[0m[38;2;82;183;51m[48;2;82;183;51m▀[0m[38;2;82;183;51m[48;2;82;183;51m▀[0m[38;2;85;201;76m[48;2;73;166;55m▀[0m[38;2;85;201;76m[48;2;62;131;34m▀[0m[38;2;66;161;56m[48;2;61;137;33m▀[0m[38;2;61;137;33m[48;2;176;216;99m▀[0m[38;2;200;210;99m[48;2;66;65;66m▀[0m[38;2;66;65;66m[48;2;66;65;66m▀[0m[38;2;236;210;109m[48;2;236;210;109m▀[0m[38;2;236;210;109m[48;2;200;210;99m▀[0m[38;2;192;170;93m[48;2;66;65;66m▀[0m[38;2;66;65;66m[48;2;192;170;93m▀[0m[38;2;214;227;140m[48;2;177;170;82m▀[0m[38;2;214;227;140m[48;2;177;170;82m▀[0m[38;2;164;178;82m[48;2;55;62;38m▀[0m[38;2;0;4;16m[48;2;110;120;60m▀[0m[38;2;0;0;0m▄[38;2;0;0;0m[48;2;0;0;0m▀[0m[38;2;206;177;90m[48;2;57;73;57m▀[0m[38;2;57;73;57m[48;2;106;108;68m▀[0m[38;2;106;108;68m[48;2;57;73;57m▀[0m[38;2;57;73;57m[48;2;206;177;90m▀[0m[38;2;205;208;99m[48;2;205;208;99m▀[0m[38;2;205;208;99m[48;2;205;208;99m▀[0m[38;2;148;153;61m[48;2;200;210;99m▀[0m[38;2;200;210;99m[48;2;148;153;61m▀[0m[38;2;200;210;99m[48;2;0;0;0m▀[0m[38;2;200;210;99m[48;2;0;0;0m▀[0m[38;2;0;0;0m▀      
 [38;2;0;0;0m[48;2;0;0;0m▀[0m[38;2;66;161;56m[48;2;61;137;33m▀[0m[38;2;61;137;33m[48;2;176;216;99m▀[0m[38;2;58;94;49m[48;2;200;210;99m▀[0m[38;2;200;210;99m[48;2;58;94;49m▀[0m[38;2;206;177;90m[48;2;57;73;57m▀[0m[38;2;57;73;57m[48;2;106;108;68m▀[0m[38;2;88;132;38m[48;2;88;132;38m▀[0m[38;2;66;65;66m[48;2;88;132;38m▀[0m[38;2;204;211;107m[48;2;0;0;8m▀[0m[38;2;64;70;41m[48;2;0;0;8m▀[0m[38;2;0;0;0m▀[38;2;0;0;0m▀[38;2;173;170;82m[48;2;0;0;0m▀[0m[38;2;173;170;82m[48;2;0;0;0m▀[0m[38;2;90;132;38m[48;2;173;170;82m▀[0m[38;2;90;132;38m[48;2;90;132;38m▀[0m[38;2;88;132;38m[48;2;88;132;38m▀[0m[38;2;88;132;38m[48;2;66;65;66m▀[0m[38;2;88;132;38m[48;2;0;0;0m▀[0m[38;2;88;132;38m[48;2;0;0;0m▀[0m[38;2;0;0;0m▀[38;2;200;210;99m[48;2;0;0;0m▀[0m[38;2;205;208;99m[48;2;205;208;99m▀[0m[38;2;205;208;99m[48;2;205;208;99m▀[0m[38;2;0;0;0m[48;2;0;0;0m▀[0m          
  [38;2;0;0;0m▀[38;2;0;0;0m▀[38;2;49;64;35m[48;2;8;4;16m▀[0m[38;2;90;125;54m[48;2;132;186;74m▀[0m[38;2;132;181;71m[48;2;66;65;66m▀[0m[38;2;132;181;71m[48;2;132;181;71m▀[0m[38;2;88;132;38m[48;2;88;132;38m▀[0m[38;2;0;0;0m[48;2;0;0;0m▀[0m     [38;2;0;0;0m▄[38;2;0;4;16m[48;2;197;181;99m▀[0m[38;2;197;181;99m[48;2;66;64;43m▀[0m[38;2;178;170;85m[48;2;178;170;85m▀[0m[38;2;90;130;41m[48;2;178;170;85m▀[0m[38;2;0;0;0m[48;2;90;130;41m▀[0m[38;2;0;0;0m▄[38;2;0;0;0m▄ [38;2;0;0;0m▀[38;2;0;0;0m▀           
     [38;2;0;0;0m▀[38;2;0;0;0m▀[38;2;0;0;0m▀[38;2;0;0;0m▀ [38;2;0;0;0m▄[38;2;0;0;0m[48;2;200;210;99m▀[0m[38;2;0;0;0m[48;2;200;210;99m▀[0m[38;2;0;0;0m▄[38;2;0;0;0m[48;2;200;210;99m▀[0m[38;2;200;210;99m[48;2;200;210;99m▀[0m[38;2;200;210;99m[48;2;200;210;99m▀[0m[38;2;200;210;99m[48;2;66;65;66m▀[0m[38;2;66;65;66m[48;2;191;187;115m▀[0m[38;2;66;65;66m[48;2;254;244;140m▀[0m[38;2;222;250;140m[48;2;78;153;75m▀[0m[38;2;60;108;41m[48;2;60;108;41m▀[0m[38;2;140;141;71m[48;2;67;70;43m▀[0m[38;2;0;4;16m[48;2;211;212;99m▀[0m[38;2;0;0;0m▄            
          [38;2;4;15;0m[48;2;4;15;0m▀[0m[38;2;203;249;141m[48;2;95;131;70m▀[0m[38;2;66;65;66m[48;2;254;244;140m▀[0m[38;2;191;187;115m[48;2;66;65;66m▀[0m[38;2;66;65;66m[48;2;192;170;93m▀[0m[38;2;192;170;93m[48;2;66;65;66m▀[0m[38;2;200;210;99m[48;2;66;65;66m▀[0m[38;2;66;65;66m[48;2;200;210;99m▀[0m[38;2;245;252;148m[48;2;245;252;148m▀[0m[38;2;84;184;51m[48;2;84;184;51m▀[0m[38;2;84;184;51m[48;2;60;125;39m▀[0m[38;2;60;125;39m[48;2;60;125;39m▀[0m[38;2;59;127;38m[48;2;59;127;38m▀[0m[38;2;66;65;66m[48;2;59;127;38m▀[0m[38;2;0;0;0m[48;2;0;0;0m▀[0m            
          [38;2;0;0;0m▀[38;2;84;184;51m[48;2;0;0;0m▀[0m[38;2;245;252;148m[48;2;84;184;51m▀[0m[38;2;245;252;148m[48;2;84;184;51m▀[0m[38;2;66;65;66m[48;2;200;210;99m▀[0m[38;2;66;65;66m[48;2;200;210;99m▀[0m[38;2;245;252;148m[48;2;65;153;42m▀[0m[38;2;245;252;148m[48;2;65;153;42m▀[0m[38;2;84;184;51m[48;2;60;125;39m▀[0m[38;2;60;125;39m[48;2;60;125;39m▀[0m[38;2;68;167;61m[48;2;68;167;61m▀[0m[38;2;59;125;39m[48;2;59;125;39m▀[0m[38;2;61;128;39m[48;2;61;128;39m▀[0m[38;2;0;0;0m[48;2;0;0;0m▀[0m             
            [38;2;0;0;0m▀[38;2;84;184;51m[48;2;0;0;0m▀[0m[38;2;61;128;39m[48;2;0;0;0m▀[0m[38;2;61;128;39m[48;2;61;128;39m▀[0m[38;2;59;125;39m[48;2;59;125;39m▀[0m[38;2;59;125;39m[48;2;59;125;39m▀[0m[38;2;68;167;61m[48;2;68;167;61m▀[0m[38;2;59;125;39m[48;2;68;167;61m▀[0m[38;2;62;169;58m[48;2;0;0;0m▀[0m[38;2;62;169;58m[48;2;0;0;0m▀[0m[38;2;0;0;0m▀              
               [38;2;0;0;0m▀[38;2;0;0;0m▀[38;2;0;0;0m▀[38;2;0;0;0m▀[38;2;0;0;0m▀                 
                                     [0m                                     