                     [38;2;8;0;0m▄[38;2;0;0;0m[48;2;255;243;173m▀[0m[38;2;0;0;0m▄        
                    [38;2;0;0;0m[48;2;0;0;0m▀[0m[38;2;255;243;173m[48;2;255;243;181m▀[0m[38;2;172;162;115m[48;2;189;161;76m▀[0m[38;2;0;0;0m[48;2;255;243;181m▀[0m[38;2;0;0;0m▄       
                [38;2;0;0;0m▄[38;2;0;0;0m[48;2;255;243;181m▀[0m[38;2;0;0;0m▄[38;2;0;0;0m[48;2;255;243;181m▀[0m[38;2;255;243;181m[48;2;255;243;181m▀[0m[38;2;255;243;181m[48;2;255;243;181m▀[0m[38;2;255;243;181m[48;2;255;243;181m▀[0m[38;2;255;243;181m[48;2;255;243;181m▀[0m[38;2;255;243;181m[48;2;255;243;181m▀[0m[38;2;0;0;0m[48;2;0;0;0m▀[0m      
   [38;2;0;0;0m▄[38;2;0;0;0m[48;2;206;105;66m▀[0m[38;2;0;0;0m▄         [38;2;0;0;0m▄[38;2;0;0;0m[48;2;255;243;181m▀[0m[38;2;255;243;181m[48;2;255;243;181m▀[0m[38;2;255;243;181m[48;2;255;243;181m▀[0m[38;2;255;243;181m[48;2;66;65;66m▀[0m[38;2;255;243;181m[48;2;66;65;66m▀[0m[38;2;255;243;181m[48;2;255;243;181m▀[0m[38;2;255;243;181m[48;2;255;243;181m▀[0m[38;2;255;243;181m[48;2;255;243;181m▀[0m[38;2;255;243;181m[48;2;255;243;181m▀[0m[38;2;189;162;82m[48;2;189;161;76m▀[0m[38;2;0;0;0m[48;2;255;243;181m▀[0m[38;2;0;0;0m▄    
  [38;2;0;0;0m[48;2;0;0;0m▀[0m[38;2;206;105;66m[48;2;209;105;63m▀[0m[38;2;206;105;66m[48;2;209;105;63m▀[0m[38;2;0;0;0m[48;2;0;0;0m▀[0m   [38;2;0;0;0m▄    [38;2;0;0;0m▄[38;2;0;0;0m[48;2;255;223;156m▀[0m[38;2;255;243;181m[48;2;74;60;57m▀[0m[38;2;66;65;66m[48;2;255;138;82m▀[0m[38;2;66;65;66m[48;2;255;138;82m▀[0m[38;2;255;138;82m[48;2;255;138;82m▀[0m[38;2;255;138;82m[48;2;66;65;66m▀[0m[38;2;66;65;66m[48;2;255;243;181m▀[0m[38;2;255;243;181m[48;2;255;243;181m▀[0m[38;2;255;243;181m[48;2;255;243;181m▀[0m[38;2;189;161;76m[48;2;255;243;181m▀[0m[38;2;255;243;181m[48;2;255;243;181m▀[0m[38;2;255;243;181m[48;2;255;243;181m▀[0m[38;2;0;0;0m[48;2;0;0;0m▀[0m    
 [38;2;0;0;0m[48;2;0;0;0m▀[0m[38;2;206;105;66m[48;2;206;105;66m▀[0m[38;2;209;105;63m[48;2;209;105;63m▀[0m[38;2;209;105;63m[48;2;209;105;63m▀[0m[38;2;206;105;66m[48;2;206;109;66m▀[0m[38;2;0;0;0m[48;2;0;12;16m▀[0m [38;2;0;0;0m[48;2;0;0;0m▀[0m[38;2;255;243;181m[48;2;255;243;181m▀[0m[38;2;0;0;0m[48;2;255;243;181m▀[0m[38;2;0;0;0m▄ [38;2;0;0;0m[48;2;0;0;0m▀[0m[38;2;255;138;82m[48;2;255;138;82m▀[0m[38;2;74;60;57m[48;2;255;138;82m▀[0m[38;2;194;168;123m[48;2;66;65;66m▀[0m[38;2;255;138;82m[48;2;66;65;66m▀[0m[38;2;66;65;66m[48;2;66;65;66m▀[0m[38;2;255;138;82m[48;2;194;168;123m▀[0m[38;2;66;65;66m[48;2;74;60;57m▀[0m[38;2;255;243;181m[48;2;255;243;181m▀[0m[38;2;255;243;181m[48;2;255;243;181m▀[0m[38;2;255;243;181m[48;2;255;243;181m▀[0m[38;2;255;243;181m[48;2;255;243;181m▀[0m[38;2;255;243;181m[48;2;255;243;181m▀[0m[38;2;255;243;181m[48;2;255;243;181m▀[0m[38;2;0;0;0m[48;2;172;162;104m▀[0m[38;2;8;0;0m▄[38;2;0;0;0m[48;2;255;243;181m▀[0m[38;2;0;0;0m▄ 
 [38;2;0;0;0m▀[38;2;206;105;66m[48;2;0;0;0m▀[0m[38;2;209;105;63m[48;2;206;105;66m▀[0m[38;2;209;105;63m[48;2;206;105;66m▀[0m[38;2;206;109;66m[48;2;66;65;66m▀[0m[38;2;68;44;32m[48;2;66;65;66m▀[0m[38;2;0;0;0m[48;2;255;243;181m▀[0m[38;2;255;243;181m[48;2;255;243;181m▀[0m[38;2;255;243;181m[48;2;255;243;181m▀[0m[38;2;255;243;181m[48;2;255;243;181m▀[0m[38;2;0;0;0m[48;2;247;231;148m▀[0m[38;2;0;0;8m▄[38;2;0;0;0m[48;2;255;138;82m▀[0m[38;2;255;138;82m[48;2;66;65;66m▀[0m[38;2;66;65;66m[48;2;66;65;66m▀[0m[38;2;66;65;66m[48;2;52;94;112m▀[0m[38;2;66;65;66m[48;2;49;93;115m▀[0m[38;2;255;138;82m[48;2;255;138;82m▀[0m[38;2;74;60;57m[48;2;66;65;66m▀[0m[38;2;255;223;156m[48;2;255;243;181m▀[0m[38;2;255;243;181m[48;2;255;243;181m▀[0m[38;2;255;243;181m[48;2;255;243;181m▀[0m[38;2;255;243;181m[48;2;255;243;181m▀[0m[38;2;255;243;181m[48;2;255;243;181m▀[0m[38;2;255;243;181m[48;2;255;243;181m▀[0m[38;2;255;243;181m[48;2;255;243;181m▀[0m[38;2;172;162;104m[48;2;255;243;181m▀[0m[38;2;255;243;156m[48;2;255;243;181m▀[0m[38;2;255;243;181m[48;2;247;219;107m▀[0m[38;2;0;0;0m[48;2;0;0;0m▀[0m 
  [38;2;0;0;0m▀[38;2;206;105;66m[48;2;0;0;0m▀[0m[38;2;66;65;66m[48;2;255;243;181m▀[0m[38;2;255;243;181m[48;2;255;243;181m▀[0m[38;2;255;243;181m[48;2;255;243;181m▀[0m[38;2;255;243;181m[48;2;255;243;181m▀[0m[38;2;255;243;181m[48;2;211;105;65m▀[0m[38;2;255;243;181m[48;2;247;219;107m▀[0m[38;2;255;243;181m[48;2;247;219;107m▀[0m[38;2;247;231;148m[48;2;66;65;66m▀[0m[38;2;82;77;54m[48;2;255;138;82m▀[0m[38;2;255;138;82m[48;2;66;65;66m▀[0m[38;2;66;65;66m[48;2;52;94;112m▀[0m[38;2;52;94;112m[48;2;49;93;115m▀[0m[38;2;52;94;112m[48;2;49;93;115m▀[0m[38;2;49;93;115m[48;2;194;168;123m▀[0m[38;2;255;138;82m[48;2;74;60;57m▀[0m[38;2;66;65;66m[48;2;255;243;181m▀[0m[38;2;255;243;181m[48;2;255;243;181m▀[0m[38;2;255;243;181m[48;2;255;243;181m▀[0m[38;2;255;243;181m[48;2;255;243;181m▀[0m[38;2;255;243;181m[48;2;255;243;181m▀[0m[38;2;255;243;181m[48;2;255;243;181m▀[0m[38;2;255;243;181m[48;2;255;243;181m▀[0m[38;2;255;243;181m[48;2;255;243;181m▀[0m[38;2;255;243;181m[48;2;255;251;173m▀[0m[38;2;255;243;181m[48;2;206;170;66m▀[0m[38;2;0;0;0m[48;2;0;0;0m▀[0m  
   [38;2;0;0;0m[48;2;8;0;0m▀[0m[38;2;255;243;181m[48;2;255;174;99m▀[0m[38;2;255;243;181m[48;2;255;243;181m▀[0m[38;2;255;243;181m[48;2;255;243;181m▀[0m[38;2;255;243;181m[48;2;255;255;156m▀[0m[38;2;255;243;181m[48;2;241;207;120m▀[0m[38;2;208;105;63m[48;2;208;106;62m▀[0m[38;2;208;105;63m[48;2;255;138;82m▀[0m[38;2;66;65;66m[48;2;255;136;85m▀[0m[38;2;255;138;82m[48;2;255;136;85m▀[0m[38;2;66;65;66m[48;2;255;138;82m▀[0m[38;2;52;94;112m[48;2;255;138;82m▀[0m[38;2;255;138;82m[48;2;66;65;66m▀[0m[38;2;255;138;82m[48;2;66;65;66m▀[0m[38;2;74;60;57m[48;2;255;243;181m▀[0m[38;2;255;223;156m[48;2;255;243;181m▀[0m[38;2;255;243;181m[48;2;255;243;181m▀[0m[38;2;255;243;181m[48;2;255;243;181m▀[0m[38;2;255;243;181m[48;2;255;243;181m▀[0m[38;2;255;243;181m[48;2;255;243;181m▀[0m[38;2;255;243;181m[48;2;255;243;181m▀[0m[38;2;255;243;181m[48;2;255;243;181m▀[0m[38;2;255;243;181m[48;2;255;243;181m▀[0m[38;2;255;243;181m[48;2;247;219;107m▀[0m[38;2;230;210;119m[48;2;247;219;107m▀[0m[38;2;230;210;119m[48;2;247;219;107m▀[0m[38;2;0;0;0m[48;2;0;0;0m▀[0m  
  [38;2;0;0;0m[48;2;0;0;0m▀[0m[38;2;255;174;99m[48;2;85;58;40m▀[0m[38;2;172;116;66m[48;2;255;142;90m▀[0m[38;2;247;219;107m[48;2;208;106;62m▀[0m[38;2;247;219;107m[48;2;208;106;62m▀[0m[38;2;241;207;120m[48;2;194;111;76m▀[0m[38;2;214;113;49m[48;2;255;134;82m▀[0m[38;2;255;138;82m[48;2;255;138;82m▀[0m[38;2;255;138;82m[48;2;255;138;82m▀[0m[38;2;255;136;85m[48;2;255;134;82m▀[0m[38;2;255;136;85m[48;2;82;77;66m▀[0m[38;2;255;138;82m[48;2;66;65;66m▀[0m[38;2;66;65;66m[48;2;255;243;181m▀[0m[38;2;255;243;181m[48;2;255;243;181m▀[0m[38;2;66;65;66m[48;2;255;243;181m▀[0m[38;2;255;243;181m[48;2;74;65;57m▀[0m[38;2;255;243;181m[48;2;74;65;57m▀[0m[38;2;255;243;181m[48;2;255;235;156m▀[0m[38;2;255;243;181m[48;2;255;235;156m▀[0m[38;2;255;243;181m[48;2;247;219;107m▀[0m[38;2;255;243;181m[48;2;247;219;107m▀[0m[38;2;247;219;107m[48;2;255;243;181m▀[0m[38;2;255;243;181m[48;2;247;219;107m▀[0m[38;2;247;219;107m[48;2;255;251;173m▀[0m[38;2;247;219;107m[48;2;230;210;119m▀[0m[38;2;247;219;107m[48;2;247;219;107m▀[0m[38;2;0;0;0m[48;2;189;162;79m▀[0m[38;2;0;0;0m▄  
  [38;2;0;0;0m▄[38;2;0;16;16m[48;2;255;138;82m▀[0m[38;2;255;142;90m[48;2;255;138;82m▀[0m[38;2;255;138;82m[48;2;255;136;85m▀[0m[38;2;255;138;82m[48;2;255;136;85m▀[0m[38;2;255;134;82m[48;2;66;65;66m▀[0m[38;2;74;65;66m[48;2;66;65;66m▀[0m[38;2;66;65;66m[48;2;255;247;239m▀[0m[38;2;66;65;66m[48;2;90;77;74m▀[0m[38;2;255;134;82m[48;2;209;105;63m▀[0m[38;2;197;115;76m[48;2;209;105;63m▀[0m[38;2;66;65;66m[48;2;66;65;66m▀[0m[38;2;255;243;181m[48;2;247;219;107m▀[0m[38;2;255;243;181m[48;2;255;243;181m▀[0m[38;2;255;243;181m[48;2;255;243;181m▀[0m[38;2;164;156;111m[48;2;255;243;173m▀[0m[38;2;255;247;165m[48;2;255;243;173m▀[0m[38;2;66;65;66m[48;2;66;65;66m▀[0m[38;2;255;235;156m[48;2;255;178;99m▀[0m[38;2;247;219;107m[48;2;247;218;107m▀[0m[38;2;255;243;181m[48;2;247;218;107m▀[0m[38;2;247;219;107m[48;2;247;218;107m▀[0m[38;2;255;243;181m[48;2;247;218;107m▀[0m[38;2;230;210;119m[48;2;247;218;107m▀[0m[38;2;206;170;66m[48;2;247;218;107m▀[0m[38;2;247;219;107m[48;2;189;162;82m▀[0m[38;2;247;219;107m[48;2;0;0;0m▀[0m[38;2;247;219;107m[48;2;0;0;0m▀[0m[38;2;0;0;0m▀ 
  [38;2;0;0;0m▀[38;2;255;138;82m[48;2;0;4;8m▀[0m[38;2;82;81;66m[48;2;247;142;90m▀[0m[38;2;255;136;85m[48;2;255;134;82m▀[0m[38;2;255;136;85m[48;2;255;134;82m▀[0m[38;2;66;65;66m[48;2;255;138;82m▀[0m[38;2;52;94;112m[48;2;208;106;62m▀[0m[38;2;90;77;74m[48;2;206;105;66m▀[0m[38;2;145;133;129m[48;2;206;105;66m▀[0m[38;2;209;105;63m[48;2;164;131;82m▀[0m[38;2;209;105;63m[48;2;74;56;66m▀[0m[38;2;66;65;66m[48;2;247;218;107m▀[0m[38;2;247;219;107m[48;2;247;218;107m▀[0m[38;2;255;243;181m[48;2;247;219;107m▀[0m[38;2;255;243;181m[48;2;255;243;181m▀[0m[38;2;164;156;111m[48;2;255;223;156m▀[0m[38;2;74;69;49m[48;2;74;60;57m▀[0m[38;2;255;178;99m[48;2;255;136;85m▀[0m[38;2;66;65;66m[48;2;255;136;85m▀[0m[38;2;247;218;107m[48;2;66;65;66m▀[0m[38;2;247;218;107m[48;2;247;219;107m▀[0m[38;2;247;218;107m[48;2;247;219;107m▀[0m[38;2;247;218;107m[48;2;247;219;107m▀[0m[38;2;247;218;107m[48;2;247;219;107m▀[0m[38;2;247;218;107m[48;2;0;0;0m▀[0m[38;2;0;0;0m▀    
  [38;2;0;0;0m▄[38;2;0;4;8m[48;2;255;243;181m▀[0m[38;2;82;50;35m[48;2;255;243;181m▀[0m[38;2;123;69;49m[48;2;66;65;66m▀[0m[38;2;211;112;71m[48;2;66;65;66m▀[0m[38;2;208;106;62m[48;2;66;65;66m▀[0m[38;2;208;106;62m[48;2;66;65;66m▀[0m[38;2;206;105;66m[48;2;66;65;66m▀[0m[38;2;66;65;66m[48;2;247;219;107m▀[0m[38;2;74;56;66m[48;2;247;218;107m▀[0m[38;2;255;207;99m[48;2;247;218;107m▀[0m[38;2;247;218;107m[48;2;247;218;107m▀[0m[38;2;247;218;107m[48;2;247;218;107m▀[0m[38;2;247;219;107m[48;2;247;218;107m▀[0m[38;2;255;243;181m[48;2;247;218;107m▀[0m[38;2;74;60;57m[48;2;66;65;66m▀[0m[38;2;194;168;123m[48;2;255;178;99m▀[0m[38;2;255;136;85m[48;2;255;138;82m▀[0m[38;2;255;136;85m[48;2;255;138;82m▀[0m[38;2;66;65;66m[48;2;206;105;66m▀[0m[38;2;247;219;107m[48;2;0;0;0m▀[0m[38;2;0;0;0m▀[38;2;0;0;0m▀[38;2;0;0;0m▀      
  [38;2;0;0;0m▀[38;2;255;243;181m[48;2;0;0;0m▀[0m[38;2;255;243;181m[48;2;255;243;181m▀[0m[38;2;255;243;181m[48;2;255;243;181m▀[0m[38;2;255;243;181m[48;2;255;243;181m▀[0m[38;2;255;243;181m[48;2;255;243;181m▀[0m[38;2;255;243;181m[48;2;255;243;181m▀[0m[38;2;247;219;107m[48;2;255;243;181m▀[0m[38;2;247;219;107m[48;2;247;219;107m▀[0m[38;2;247;218;107m[48;2;247;218;107m▀[0m[38;2;247;218;107m[48;2;247;218;107m▀[0m[38;2;247;218;107m[48;2;247;219;107m▀[0m[38;2;247;218;107m[48;2;247;219;107m▀[0m[38;2;247;218;107m[48;2;189;162;82m▀[0m[38;2;247;218;107m[48;2;0;0;0m▀[0m[38;2;255;178;99m[48;2;0;0;0m▀[0m[38;2;66;65;66m[48;2;206;105;66m▀[0m[38;2;255;138;82m[48;2;209;105;63m▀[0m[38;2;208;106;62m[48;2;209;105;63m▀[0m[38;2;206;105;66m[48;2;206;105;66m▀[0m[38;2;0;0;0m[48;2;0;0;0m▀[0m         
    [38;2;0;0;0m[48;2;0;0;0m▀[0m[38;2;247;219;107m[48;2;66;65;66m▀[0m[38;2;247;219;107m[48;2;66;65;66m▀[0m[38;2;255;243;181m[48;2;247;219;115m▀[0m[38;2;255;243;181m[48;2;247;219;115m▀[0m[38;2;247;219;107m[48;2;247;219;107m▀[0m[38;2;247;219;107m[48;2;247;219;107m▀[0m[38;2;247;218;107m[48;2;66;65;66m▀[0m[38;2;247;218;107m[48;2;66;65;66m▀[0m[38;2;247;219;107m[48;2;68;44;32m▀[0m[38;2;66;65;66m[48;2;206;109;66m▀[0m[38;2;0;0;0m[48;2;0;0;0m▀[0m [38;2;0;0;0m▄[38;2;0;0;0m[48;2;255;138;82m▀[0m[38;2;209;105;63m[48;2;127;69;45m▀[0m[38;2;209;105;63m[48;2;255;138;90m▀[0m[38;2;0;0;0m[48;2;0;0;0m▀[0m          
    [38;2;0;0;0m▀[38;2;206;105;66m[48;2;0;0;0m▀[0m[38;2;206;105;66m[48;2;0;0;0m▀[0m[38;2;82;73;49m[48;2;0;0;0m▀[0m[38;2;0;0;16m▀[38;2;66;65;66m[48;2;0;0;0m▀[0m[38;2;66;65;66m[48;2;255;138;82m▀[0m[38;2;206;105;66m[48;2;127;69;45m▀[0m[38;2;206;105;66m[48;2;255;138;90m▀[0m[38;2;206;109;66m[48;2;127;73;49m▀[0m[38;2;0;12;16m[48;2;0;0;0m▀[0m   [38;2;0;0;0m▀[38;2;0;0;0m▀[38;2;0;0;0m▀           
          [38;2;0;0;0m▀[38;2;0;0;0m▀[38;2;0;0;0m▀[38;2;0;0;0m▀                  
                                     [0m                                     