         [38;2;0;0;0m▄[38;2;0;0;0m▄[38;2;0;0;0m[48;2;226;217;63m▀[0m[38;2;0;0;0m[48;2;192;170;42m▀[0m[38;2;0;0;0m▄             
     [38;2;0;0;0m▄[38;2;0;0;0m▄[38;2;0;0;0m[48;2;226;217;63m▀[0m[38;2;0;0;0m[48;2;226;217;63m▀[0m[38;2;226;217;63m[48;2;192;170;42m▀[0m[38;2;192;170;42m[48;2;192;170;42m▀[0m[38;2;192;170;42m[48;2;65;65;65m▀[0m[38;2;65;65;65m[48;2;192;170;42m▀[0m[38;2;0;0;0m[48;2;0;0;0m▀[0m             
   [38;2;0;0;0m▄[38;2;0;0;0m[48;2;252;247;196m▀[0m[38;2;252;247;196m[48;2;252;247;196m▀[0m[38;2;226;217;63m[48;2;226;217;63m▀[0m[38;2;226;217;63m[48;2;226;217;63m▀[0m[38;2;226;217;63m[48;2;226;217;63m▀[0m[38;2;226;217;63m[48;2;226;217;63m▀[0m[38;2;65;65;65m[48;2;226;217;63m▀[0m[38;2;192;170;42m[48;2;65;65;65m▀[0m[38;2;0;0;0m[48;2;0;0;0m▀[0m[38;2;0;0;0m▄             
  [38;2;0;0;0m▄[38;2;0;0;0m[48;2;226;217;63m▀[0m[38;2;252;247;196m[48;2;226;217;63m▀[0m[38;2;226;217;63m[48;2;226;217;63m▀[0m[38;2;226;217;63m[48;2;226;217;63m▀[0m[38;2;239;226;160m[48;2;252;247;196m▀[0m[38;2;252;247;196m[48;2;132;132;115m▀[0m[38;2;226;217;63m[48;2;226;217;63m▀[0m[38;2;226;217;63m[48;2;226;217;63m▀[0m[38;2;65;65;65m[48;2;192;170;42m▀[0m[38;2;223;231;216m[48;2;65;65;65m▀[0m[38;2;223;231;216m[48;2;223;231;216m▀[0m[38;2;0;0;0m[48;2;223;231;216m▀[0m[38;2;0;0;0m▄      [38;2;0;0;0m▄[38;2;0;0;0m▄   
 [38;2;0;0;0m[48;2;0;0;0m▀[0m[38;2;226;217;63m[48;2;65;65;65m▀[0m[38;2;226;217;63m[48;2;65;65;65m▀[0m[38;2;226;217;63m[48;2;226;217;63m▀[0m[38;2;226;217;63m[48;2;239;226;160m▀[0m[38;2;226;217;63m[48;2;252;247;196m▀[0m[38;2;0;0;0m[48;2;0;0;0m▀[0m[38;2;255;255;255m[48;2;239;226;160m▀[0m[38;2;226;217;63m[48;2;0;0;0m▀[0m[38;2;192;170;42m[48;2;0;0;0m▀[0m[38;2;192;170;42m[48;2;192;170;42m▀[0m[38;2;65;65;65m[48;2;65;65;65m▀[0m[38;2;223;231;216m[48;2;223;231;216m▀[0m[38;2;223;231;216m[48;2;223;231;216m▀[0m[38;2;0;0;0m[48;2;0;0;0m▀[0m   [38;2;0;0;0m▄[38;2;0;0;0m[48;2;239;226;160m▀[0m[38;2;0;0;0m[48;2;239;226;160m▀[0m[38;2;239;226;160m[48;2;0;0;0m▀[0m[38;2;0;0;0m▀   
 [38;2;0;0;0m▄[38;2;0;0;0m[48;2;239;226;160m▀[0m[38;2;239;226;160m[48;2;65;65;65m▀[0m[38;2;252;247;196m[48;2;65;65;65m▀[0m[38;2;252;247;196m[48;2;239;226;160m▀[0m[38;2;252;247;196m[48;2;252;247;196m▀[0m[38;2;252;247;196m[48;2;252;247;196m▀[0m[38;2;252;247;196m[48;2;192;170;42m▀[0m[38;2;192;170;42m[48;2;192;170;42m▀[0m[38;2;192;170;42m[48;2;65;65;65m▀[0m[38;2;65;65;65m[48;2;179;189;170m▀[0m[38;2;223;231;216m[48;2;179;189;170m▀[0m[38;2;223;231;216m[48;2;65;65;65m▀[0m[38;2;0;0;0m[48;2;0;0;0m▀[0m   [38;2;0;0;0m[48;2;0;0;0m▀[0m[38;2;239;226;160m[48;2;239;226;160m▀[0m[38;2;239;226;160m[48;2;65;65;65m▀[0m[38;2;65;65;65m[48;2;252;247;196m▀[0m[38;2;65;65;65m[48;2;252;247;196m▀[0m[38;2;0;0;0m[48;2;252;247;196m▀[0m[38;2;0;0;0m[48;2;252;247;196m▀[0m[38;2;0;0;0m▄ 
 [38;2;0;0;0m▀[38;2;239;226;160m[48;2;0;0;0m▀[0m[38;2;65;65;65m[48;2;0;0;0m▀[0m[38;2;223;231;216m[48;2;223;231;216m▀[0m[38;2;65;65;65m[48;2;223;231;216m▀[0m[38;2;65;65;65m[48;2;65;65;65m▀[0m[38;2;239;226;160m[48;2;239;226;160m▀[0m[38;2;192;170;42m[48;2;65;65;65m▀[0m[38;2;65;65;65m[48;2;179;189;170m▀[0m[38;2;179;189;170m[48;2;65;65;65m▀[0m[38;2;65;65;65m[48;2;252;247;196m▀[0m[38;2;65;65;65m[48;2;252;247;196m▀[0m[38;2;226;217;63m[48;2;226;217;63m▀[0m[38;2;192;170;42m[48;2;226;217;63m▀[0m[38;2;0;0;0m[48;2;0;0;0m▀[0m [38;2;0;0;0m[48;2;0;0;0m▀[0m[38;2;192;170;42m[48;2;192;170;42m▀[0m[38;2;65;65;65m[48;2;65;65;65m▀[0m[38;2;252;247;196m[48;2;252;247;196m▀[0m[38;2;252;247;196m[48;2;252;247;196m▀[0m[38;2;252;247;196m[48;2;0;0;0m▀[0m[38;2;0;0;0m▀[38;2;0;0;0m▀  
    [38;2;0;0;0m▀[38;2;223;231;216m[48;2;0;0;0m▀[0m[38;2;65;65;65m[48;2;179;189;170m▀[0m[38;2;239;226;160m[48;2;65;65;65m▀[0m[38;2;65;65;65m[48;2;239;226;160m▀[0m[38;2;223;231;216m[48;2;65;65;65m▀[0m[38;2;65;65;65m[48;2;223;231;216m▀[0m[38;2;65;65;65m[48;2;65;65;65m▀[0m[38;2;252;247;196m[48;2;65;65;65m▀[0m[38;2;252;247;196m[48;2;93;140;200m▀[0m[38;2;93;140;200m[48;2;109;186;240m▀[0m[38;2;179;189;170m[48;2;93;140;200m▀[0m[38;2;0;0;0m[48;2;179;189;170m▀[0m[38;2;192;170;42m[48;2;65;65;65m▀[0m[38;2;65;65;65m[48;2;192;170;42m▀[0m[38;2;226;217;63m[48;2;226;217;63m▀[0m[38;2;226;217;63m[48;2;226;217;63m▀[0m[38;2;226;217;63m[48;2;0;0;0m▀[0m[38;2;0;0;0m▀    
     [38;2;0;0;0m▀[38;2;179;189;170m[48;2;0;0;0m▀[0m[38;2;65;65;65m[48;2;65;65;65m▀[0m[38;2;252;247;196m[48;2;192;170;42m▀[0m[38;2;252;247;196m[48;2;252;247;196m▀[0m[38;2;65;65;65m[48;2;252;247;196m▀[0m[38;2;179;189;170m[48;2;65;65;65m▀[0m[38;2;179;189;170m[48;2;65;65;65m▀[0m[38;2;179;189;170m[48;2;179;189;170m▀[0m[38;2;93;140;200m[48;2;179;189;170m▀[0m[38;2;93;140;200m[48;2;179;189;170m▀[0m[38;2;179;189;170m[48;2;65;65;65m▀[0m[38;2;65;65;65m[48;2;192;170;42m▀[0m[38;2;192;170;42m[48;2;0;0;0m▀[0m[38;2;192;170;42m[48;2;0;0;0m▀[0m[38;2;0;0;0m▀      
      [38;2;0;0;0m▀[38;2;192;170;42m[48;2;0;0;0m▀[0m[38;2;65;65;65m[48;2;0;0;0m▀[0m[38;2;192;170;42m[48;2;0;0;0m▀[0m[38;2;192;170;42m[48;2;0;0;0m▀[0m[38;2;165;144;38m[48;2;0;0;0m▀[0m[38;2;226;217;63m[48;2;65;65;65m▀[0m[38;2;65;65;65m[48;2;226;217;63m▀[0m[38;2;65;65;65m[48;2;226;217;63m▀[0m[38;2;0;0;0m[48;2;0;0;0m▀[0m[38;2;0;0;0m▀[38;2;0;0;0m▀         
                  [38;2;0;0;0m▀[38;2;0;0;0m▀[38;2;0;0;0m▀                  
                                     [0m                                     