     [38;2;0;0;0m▄[38;2;0;0;0m[48;2;189;132;239m▀[0m[38;2;0;0;0m[48;2;189;132;239m▀[0m[38;2;0;0;0m▄  [38;2;0;0;0m▄[38;2;0;0;0m▄[38;2;0;0;0m▄  [38;2;0;0;0m▄[38;2;0;0;0m▄          
  [38;2;0;0;0m▄[38;2;0;0;0m[48;2;189;132;239m▀[0m[38;2;0;0;0m[48;2;189;132;239m▀[0m[38;2;255;173;239m[48;2;189;132;239m▀[0m[38;2;189;132;239m[48;2;148;66;222m▀[0m[38;2;189;132;239m[48;2;247;99;99m▀[0m[38;2;189;132;239m[48;2;65;65;65m▀[0m[38;2;0;0;0m[48;2;247;99;99m▀[0m[38;2;0;0;0m[48;2;247;99;99m▀[0m[38;2;247;99;99m[48;2;247;99;99m▀[0m[38;2;247;99;99m[48;2;255;173;239m▀[0m[38;2;247;99;99m[48;2;247;99;99m▀[0m[38;2;0;0;0m[48;2;247;99;99m▀[0m[38;2;0;0;0m[48;2;65;65;65m▀[0m[38;2;189;132;239m[48;2;189;132;239m▀[0m[38;2;189;132;239m[48;2;189;132;239m▀[0m[38;2;0;0;0m[48;2;255;173;239m▀[0m[38;2;0;0;0m[48;2;189;132;239m▀[0m[38;2;0;0;0m▄       
 [38;2;0;0;0m▄[38;2;0;0;0m[48;2;189;132;239m▀[0m[38;2;189;132;239m[48;2;65;65;65m▀[0m[38;2;255;173;239m[48;2;65;65;65m▀[0m[38;2;65;65;65m[48;2;247;99;99m▀[0m[38;2;247;99;99m[48;2;65;65;65m▀[0m[38;2;65;65;65m[48;2;157;135;194m▀[0m[38;2;157;135;194m[48;2;118;96;155m▀[0m[38;2;65;65;65m[48;2;65;65;65m▀[0m[38;2;255;222;49m[48;2;65;65;65m▀[0m[38;2;247;99;99m[48;2;65;65;65m▀[0m[38;2;255;173;239m[48;2;247;99;99m▀[0m[38;2;255;173;239m[48;2;65;65;65m▀[0m[38;2;65;65;65m[48;2;157;135;194m▀[0m[38;2;247;99;99m[48;2;65;65;65m▀[0m[38;2;148;66;222m[48;2;247;99;99m▀[0m[38;2;189;132;239m[48;2;148;66;222m▀[0m[38;2;189;132;239m[48;2;148;66;222m▀[0m[38;2;189;132;239m[48;2;189;132;239m▀[0m[38;2;0;0;0m[48;2;255;173;239m▀[0m[38;2;0;0;0m▄      
 [38;2;0;0;0m▀[38;2;65;65;65m[48;2;0;0;0m▀[0m[38;2;206;58;74m[48;2;247;99;99m▀[0m[38;2;255;173;239m[48;2;247;99;99m▀[0m[38;2;247;99;99m[48;2;65;65;65m▀[0m[38;2;65;65;65m[48;2;157;135;194m▀[0m[38;2;157;135;194m[48;2;118;96;155m▀[0m[38;2;65;65;65m[48;2;255;255;255m▀[0m[38;2;255;255;255m[48;2;255;255;255m▀[0m[38;2;255;255;255m[48;2;206;206;206m▀[0m[38;2;255;255;255m[48;2;206;206;206m▀[0m[38;2;65;65;65m[48;2;206;206;206m▀[0m[38;2;65;65;65m[48;2;118;96;155m▀[0m[38;2;157;135;194m[48;2;157;135;194m▀[0m[38;2;65;65;65m[48;2;65;65;65m▀[0m[38;2;247;99;99m[48;2;247;99;99m▀[0m[38;2;247;99;99m[48;2;247;99;99m▀[0m[38;2;247;99;99m[48;2;247;99;99m▀[0m[38;2;148;66;222m[48;2;148;66;222m▀[0m[38;2;189;132;239m[48;2;189;132;239m▀[0m[38;2;189;132;239m[48;2;189;132;239m▀[0m[38;2;0;0;0m[48;2;0;0;0m▀[0m     
 [38;2;0;0;0m▄[38;2;0;0;0m[48;2;206;58;74m▀[0m[38;2;247;99;99m[48;2;65;65;65m▀[0m[38;2;65;65;65m[48;2;206;206;206m▀[0m[38;2;65;65;65m[48;2;255;255;255m▀[0m[38;2;157;135;194m[48;2;118;96;155m▀[0m[38;2;255;255;255m[48;2;255;255;255m▀[0m[38;2;255;255;255m[48;2;206;206;206m▀[0m[38;2;206;206;206m[48;2;255;255;255m▀[0m[38;2;255;255;255m[48;2;118;96;155m▀[0m[38;2;255;255;255m[48;2;118;96;155m▀[0m[38;2;118;96;155m[48;2;157;135;194m▀[0m[38;2;157;135;194m[48;2;165;165;165m▀[0m[38;2;65;65;65m[48;2;65;65;65m▀[0m[38;2;247;99;99m[48;2;206;58;74m▀[0m[38;2;247;99;99m[48;2;255;222;49m▀[0m[38;2;247;99;99m[48;2;247;99;99m▀[0m[38;2;206;58;74m[48;2;247;99;99m▀[0m[38;2;65;65;65m[48;2;247;99;99m▀[0m[38;2;189;132;239m[48;2;65;65;65m▀[0m[38;2;255;173;239m[48;2;189;132;239m▀[0m[38;2;0;0;0m[48;2;189;132;239m▀[0m[38;2;0;0;0m▄    
 [38;2;0;0;0m[48;2;0;0;0m▀[0m[38;2;65;65;65m[48;2;148;66;222m▀[0m[38;2;255;255;255m[48;2;65;65;65m▀[0m[38;2;255;255;255m[48;2;65;65;65m▀[0m[38;2;65;65;65m[48;2;65;65;65m▀[0m[38;2;65;65;65m[48;2;255;255;255m▀[0m[38;2;255;255;255m[48;2;255;255;255m▀[0m[38;2;255;255;255m[48;2;255;255;255m▀[0m[38;2;118;96;155m[48;2;65;65;65m▀[0m[38;2;157;135;194m[48;2;6;133;255m▀[0m[38;2;157;135;194m[48;2;255;255;255m▀[0m[38;2;255;255;255m[48;2;165;165;165m▀[0m[38;2;206;206;206m[48;2;65;65;65m▀[0m[38;2;255;255;255m[48;2;255;255;255m▀[0m[38;2;65;65;65m[48;2;255;255;255m▀[0m[38;2;247;99;99m[48;2;65;65;65m▀[0m[38;2;247;99;99m[48;2;206;58;74m▀[0m[38;2;247;99;99m[48;2;148;66;222m▀[0m[38;2;247;99;99m[48;2;65;65;65m▀[0m[38;2;65;65;65m[48;2;0;0;0m▀[0m[38;2;0;0;0m▀[38;2;189;132;239m[48;2;0;0;0m▀[0m[38;2;0;0;0m▀    
  [38;2;0;0;0m[48;2;0;0;0m▀[0m[38;2;148;66;222m[48;2;189;132;239m▀[0m[38;2;247;99;99m[48;2;206;58;74m▀[0m[38;2;247;99;99m[48;2;247;99;99m▀[0m[38;2;65;65;65m[48;2;247;99;99m▀[0m[38;2;165;165;165m[48;2;65;65;65m▀[0m[38;2;255;255;255m[48;2;65;65;65m▀[0m[38;2;255;255;255m[48;2;65;65;65m▀[0m[38;2;206;206;206m[48;2;206;58;74m▀[0m[38;2;206;58;74m[48;2;247;99;99m▀[0m[38;2;206;58;74m[48;2;255;222;49m▀[0m[38;2;247;99;99m[48;2;247;99;99m▀[0m[38;2;65;65;65m[48;2;65;65;65m▀[0m[38;2;255;255;255m[48;2;255;255;255m▀[0m[38;2;255;255;255m[48;2;255;255;255m▀[0m[38;2;65;65;65m[48;2;65;65;65m▀[0m[38;2;189;132;239m[48;2;255;173;239m▀[0m[38;2;189;132;239m[48;2;189;132;239m▀[0m[38;2;0;0;0m[48;2;189;132;239m▀[0m[38;2;0;0;0m▄  [38;2;0;0;0m▄[38;2;0;0;0m[48;2;157;135;194m▀[0m[38;2;0;0;0m[48;2;0;0;0m▀[0m 
 [38;2;0;0;0m[48;2;0;0;0m▀[0m[38;2;255;173;239m[48;2;189;132;239m▀[0m[38;2;189;132;239m[48;2;0;0;0m▀[0m[38;2;65;65;65m[48;2;0;0;0m▀[0m[38;2;206;58;74m[48;2;65;65;65m▀[0m[38;2;247;99;99m[48;2;65;65;65m▀[0m[38;2;247;99;99m[48;2;206;206;206m▀[0m[38;2;247;99;99m[48;2;1;91;178m▀[0m[38;2;247;99;99m[48;2;65;65;65m▀[0m[38;2;247;99;99m[48;2;1;102;200m▀[0m[38;2;247;99;99m[48;2;206;58;74m▀[0m[38;2;247;99;99m[48;2;206;58;74m▀[0m[38;2;247;99;99m[48;2;65;65;65m▀[0m[38;2;247;99;99m[48;2;0;0;0m▀[0m[38;2;0;0;0m▀[38;2;65;65;65m[48;2;0;0;0m▀[0m[38;2;189;132;239m[48;2;148;66;222m▀[0m[38;2;189;132;239m[48;2;189;132;239m▀[0m[38;2;189;132;239m[48;2;189;132;239m▀[0m[38;2;148;66;222m[48;2;255;173;239m▀[0m[38;2;0;0;0m[48;2;0;0;0m▀[0m[38;2;0;0;0m▄[38;2;0;0;0m▄[38;2;0;0;0m[48;2;157;135;194m▀[0m[38;2;157;135;194m[48;2;0;0;0m▀[0m[38;2;0;0;0m▀ 
  [38;2;0;0;0m▀ [38;2;0;0;0m▀[38;2;206;206;206m[48;2;0;0;0m▀[0m[38;2;206;206;206m[48;2;65;65;65m▀[0m[38;2;82;60;119m[48;2;118;96;155m▀[0m[38;2;82;60;119m[48;2;82;60;119m▀[0m[38;2;1;102;200m[48;2;157;135;194m▀[0m[38;2;157;135;194m[48;2;157;135;194m▀[0m[38;2;65;65;65m[48;2;65;65;65m▀[0m[38;2;206;206;206m[48;2;255;255;255m▀[0m[38;2;0;0;0m[48;2;255;255;255m▀[0m[38;2;0;0;0m▄  [38;2;0;0;0m[48;2;0;0;0m▀[0m[38;2;189;132;239m[48;2;189;132;239m▀[0m[38;2;148;66;222m[48;2;82;60;119m▀[0m[38;2;82;60;119m[48;2;157;135;194m▀[0m[38;2;157;135;194m[48;2;157;135;194m▀[0m[38;2;157;135;194m[48;2;118;96;155m▀[0m[38;2;118;96;155m[48;2;157;135;194m▀[0m[38;2;0;0;0m[48;2;0;0;0m▀[0m   
      [38;2;0;0;0m[48;2;0;0;0m▀[0m[38;2;118;96;155m[48;2;118;96;155m▀[0m[38;2;118;96;155m[48;2;118;96;155m▀[0m[38;2;82;60;119m[48;2;118;96;155m▀[0m[38;2;157;135;194m[48;2;82;60;119m▀[0m[38;2;157;135;194m[48;2;82;60;119m▀[0m[38;2;65;65;65m[48;2;118;96;155m▀[0m[38;2;255;255;255m[48;2;65;65;65m▀[0m[38;2;255;255;255m[48;2;65;65;65m▀[0m[38;2;0;0;0m[48;2;82;60;119m▀[0m[38;2;0;0;0m[48;2;118;96;155m▀[0m[38;2;82;60;119m[48;2;82;60;119m▀[0m[38;2;255;173;239m[48;2;82;60;119m▀[0m[38;2;82;60;119m[48;2;118;96;155m▀[0m[38;2;118;96;155m[48;2;157;135;194m▀[0m[38;2;118;96;155m[48;2;157;135;194m▀[0m[38;2;157;135;194m[48;2;0;0;0m▀[0m[38;2;0;0;0m▀    
       [38;2;0;0;0m▀[38;2;0;0;0m▀[38;2;118;96;155m[48;2;0;0;0m▀[0m[38;2;118;96;155m[48;2;118;96;155m▀[0m[38;2;82;60;119m[48;2;82;60;119m▀[0m[38;2;118;96;155m[48;2;82;60;119m▀[0m[38;2;82;60;119m[48;2;82;60;119m▀[0m[38;2;157;135;194m[48;2;118;96;155m▀[0m[38;2;157;135;194m[48;2;118;96;155m▀[0m[38;2;118;96;155m[48;2;0;0;0m▀[0m[38;2;157;135;194m[48;2;0;0;0m▀[0m[38;2;157;135;194m[48;2;0;0;0m▀[0m[38;2;157;135;194m[48;2;0;0;0m▀[0m[38;2;0;0;0m▀[38;2;0;0;0m▀      
         [38;2;0;0;0m▄[38;2;0;0;0m[48;2;118;96;155m▀[0m[38;2;118;96;155m[48;2;0;0;0m▀[0m[38;2;82;60;119m[48;2;0;0;0m▀[0m[38;2;118;96;155m[48;2;157;135;194m▀[0m[38;2;0;0;0m[48;2;0;0;0m▀[0m[38;2;0;0;0m▀            
         [38;2;0;0;0m▀[38;2;0;0;0m▀ [38;2;0;0;0m▀[38;2;157;135;194m[48;2;0;0;0m▀[0m[38;2;157;135;194m[48;2;157;135;194m▀[0m[38;2;0;0;0m[48;2;0;0;0m▀[0m            
                          [38;2;0;0;0m▀[38;2;0;0;0m▀                        
                                     [0m                                     