              [38;2;0;0;0m▄[38;2;0;0;0m▄[38;2;0;0;0m[48;2;36;151;180m▀[0m[38;2;8;0;0m[48;2;38;146;176m▀[0m[38;2;8;0;0m[48;2;49;73;57m▀[0m[38;2;0;0;0m▄[38;2;0;0;0m▄[38;2;0;0;0m▄                 
           [38;2;0;0;0m▄[38;2;0;0;0m[48;2;36;151;180m▀[0m[38;2;0;0;0m[48;2;36;151;180m▀[0m[38;2;36;151;180m[48;2;36;151;180m▀[0m[38;2;50;166;181m[48;2;66;69;66m▀[0m[38;2;66;69;66m[48;2;113;233;240m▀[0m[38;2;66;65;66m[48;2;102;229;226m▀[0m[38;2;102;229;226m[48;2;102;229;226m▀[0m[38;2;102;229;226m[48;2;102;229;226m▀[0m[38;2;102;229;226m[48;2;0;0;0m▀[0m[38;2;102;229;226m[48;2;0;0;0m▀[0m[38;2;0;0;0m▀                
        [38;2;0;0;0m▄[38;2;0;0;0m▄[38;2;0;0;0m[48;2;36;151;180m▀[0m[38;2;33;145;176m[48;2;33;145;176m▀[0m[38;2;33;145;176m[48;2;66;65;66m▀[0m[38;2;66;65;66m[48;2;102;229;226m▀[0m[38;2;66;65;66m[48;2;102;229;226m▀[0m[38;2;102;229;229m[48;2;102;229;229m▀[0m[38;2;102;229;229m[48;2;102;229;229m▀[0m[38;2;102;229;226m[48;2;0;0;0m▀[0m[38;2;0;0;0m▀[38;2;0;0;0m▀                   
      [38;2;0;0;0m▄[38;2;0;0;0m[48;2;36;151;180m▀[0m[38;2;36;151;180m[48;2;36;151;180m▀[0m[38;2;33;145;176m[48;2;66;65;66m▀[0m[38;2;33;145;176m[48;2;66;65;66m▀[0m[38;2;66;65;66m[48;2;102;229;226m▀[0m[38;2;102;229;226m[48;2;102;229;226m▀[0m[38;2;102;229;229m[48;2;102;229;229m▀[0m[38;2;102;229;229m[48;2;102;229;229m▀[0m[38;2;102;229;226m[48;2;0;0;0m▀[0m[38;2;0;0;0m▀                      
   [38;2;0;0;0m▄[38;2;0;0;0m▄[38;2;0;0;8m[48;2;132;242;242m▀[0m[38;2;48;179;192m[48;2;132;242;242m▀[0m[38;2;46;153;172m[48;2;164;245;246m▀[0m[38;2;57;77;74m[48;2;98;212;223m▀[0m[38;2;102;229;226m[48;2;102;229;226m▀[0m[38;2;102;229;226m[48;2;104;93;93m▀[0m[38;2;102;229;226m[48;2;104;93;93m▀[0m[38;2;102;229;226m[48;2;104;93;93m▀[0m[38;2;102;229;226m[48;2;104;93;93m▀[0m[38;2;102;229;226m[48;2;102;229;226m▀[0m[38;2;0;0;0m[48;2;36;151;180m▀[0m[38;2;0;0;0m▄        [38;2;0;0;0m▄[38;2;0;0;0m▄[38;2;0;0;0m▄           
 [38;2;0;0;0m▄[38;2;0;0;0m[48;2;255;184;125m▀[0m[38;2;247;255;239m[48;2;57;77;57m▀[0m[38;2;57;77;57m[48;2;152;166;148m▀[0m[38;2;164;245;246m[48;2;103;229;229m▀[0m[38;2;164;245;246m[48;2;164;245;246m▀[0m[38;2;164;245;246m[48;2;164;245;246m▀[0m[38;2;164;245;246m[48;2;101;93;93m▀[0m[38;2;104;94;93m[48;2;233;135;61m▀[0m[38;2;233;135;61m[48;2;233;135;61m▀[0m[38;2;233;135;61m[48;2;255;255;255m▀[0m[38;2;233;135;61m[48;2;233;135;61m▀[0m[38;2;221;139;77m[48;2;221;139;77m▀[0m[38;2;107;81;82m[48;2;255;167;101m▀[0m[38;2;45;139;157m[48;2;45;139;157m▀[0m[38;2;0;0;0m[48;2;0;0;0m▀[0m  [38;2;0;0;0m▄[38;2;0;0;0m▄[38;2;0;0;0m▄[38;2;0;0;0m[48;2;255;184;125m▀[0m[38;2;0;0;0m[48;2;255;184;125m▀[0m[38;2;0;0;0m[48;2;255;184;125m▀[0m[38;2;255;184;125m[48;2;198;235;132m▀[0m[38;2;255;184;125m[48;2;198;235;132m▀[0m[38;2;255;184;125m[48;2;255;184;125m▀[0m[38;2;0;0;0m[48;2;0;0;0m▀[0m   [38;2;0;0;0m▄      
 [38;2;0;0;0m[48;2;0;0;0m▀[0m[38;2;255;184;125m[48;2;255;184;125m▀[0m[38;2;141;89;60m[48;2;141;89;60m▀[0m[38;2;107;207;115m[48;2;115;161;104m▀[0m[38;2;102;229;229m[48;2;102;229;229m▀[0m[38;2;102;229;229m[48;2;102;229;229m▀[0m[38;2;102;229;226m[48;2;102;229;226m▀[0m[38;2;104;93;93m[48;2;104;93;93m▀[0m[38;2;233;135;61m[48;2;233;135;61m▀[0m[38;2;233;135;61m[48;2;66;65;66m▀[0m[38;2;66;65;66m[48;2;255;184;125m▀[0m[38;2;66;65;66m[48;2;66;65;66m▀[0m[38;2;74;60;66m[48;2;208;132;84m▀[0m[38;2;255;172;117m[48;2;255;172;117m▀[0m[38;2;0;0;0m[48;2;0;0;0m▀[0m  [38;2;0;0;0m[48;2;0;0;0m▀[0m[38;2;255;116;61m[48;2;245;188;113m▀[0m[38;2;245;188;113m[48;2;214;231;140m▀[0m[38;2;255;184;125m[48;2;198;235;132m▀[0m[38;2;198;235;132m[48;2;198;235;132m▀[0m[38;2;195;235;129m[48;2;195;235;129m▀[0m[38;2;195;235;129m[48;2;195;235;129m▀[0m[38;2;198;235;132m[48;2;198;235;132m▀[0m[38;2;198;235;132m[48;2;255;184;125m▀[0m[38;2;255;184;125m[48;2;90;66;43m▀[0m[38;2;0;12;8m[48;2;255;184;125m▀[0m[38;2;0;0;0m▄ [38;2;0;0;0m[48;2;0;0;0m▀[0m[38;2;255;184;125m[48;2;255;184;125m▀[0m[38;2;0;0;0m[48;2;0;0;0m▀[0m [38;2;0;0;0m▄[38;2;0;0;0m▄[38;2;0;0;0m▄ 
  [38;2;0;0;0m▀[38;2;148;143;88m[48;2;16;0;0m▀[0m[38;2;214;215;132m[48;2;214;215;132m▀[0m[38;2;36;151;180m[48;2;198;235;132m▀[0m[38;2;36;151;180m[48;2;198;235;132m▀[0m[38;2;45;139;157m[48;2;198;235;132m▀[0m[38;2;45;139;157m[48;2;198;235;132m▀[0m[38;2;216;112;54m[48;2;110;75;82m▀[0m[38;2;66;77;74m[48;2;216;112;54m▀[0m[38;2;66;65;66m[48;2;233;135;61m▀[0m[38;2;66;65;66m[48;2;233;135;61m▀[0m[38;2;185;117;66m[48;2;255;178;121m▀[0m[38;2;255;178;121m[48;2;8;0;0m▀[0m[38;2;0;0;0m▀ [38;2;0;0;0m▄[38;2;0;0;0m[48;2;233;135;61m▀[0m[38;2;234;190;105m[48;2;253;118;54m▀[0m[38;2;198;235;132m[48;2;198;235;132m▀[0m[38;2;195;235;129m[48;2;195;235;129m▀[0m[38;2;195;235;129m[48;2;195;235;129m▀[0m[38;2;195;235;129m[48;2;195;235;129m▀[0m[38;2;195;235;129m[48;2;195;235;129m▀[0m[38;2;253;226;125m[48;2;253;226;125m▀[0m[38;2;253;226;125m[48;2;66;65;66m▀[0m[38;2;90;66;43m[48;2;0;12;8m▀[0m[38;2;255;184;125m[48;2;255;184;125m▀[0m[38;2;230;234;128m[48;2;230;234;128m▀[0m[38;2;0;4;8m[48;2;76;77;49m▀[0m[38;2;255;184;125m[48;2;255;184;125m▀[0m[38;2;198;235;132m[48;2;198;235;132m▀[0m[38;2;255;184;125m[48;2;255;184;125m▀[0m[38;2;0;12;8m[48;2;90;66;43m▀[0m[38;2;255;184;125m[48;2;198;235;132m▀[0m[38;2;255;184;125m[48;2;255;184;125m▀[0m[38;2;0;0;0m[48;2;0;0;0m▀[0m 
    [38;2;0;0;0m▀[38;2;0;0;0m▀[38;2;198;235;132m[48;2;0;0;0m▀[0m[38;2;126;148;106m[48;2;0;0;8m▀[0m[38;2;189;223;156m[48;2;0;0;8m▀[0m[38;2;206;235;140m[48;2;16;0;24m▀[0m[38;2;79;78;62m[48;2;79;78;62m▀[0m[38;2;103;93;90m[48;2;140;174;66m▀[0m[38;2;103;93;90m[48;2;140;174;66m▀[0m[38;2;0;0;0m[48;2;140;174;66m▀[0m[38;2;0;0;0m▄  [38;2;0;0;0m[48;2;0;0;0m▀[0m[38;2;233;135;61m[48;2;233;135;61m▀[0m[38;2;140;174;66m[48;2;140;174;66m▀[0m[38;2;140;174;66m[48;2;230;131;59m▀[0m[38;2;198;235;132m[48;2;253;118;54m▀[0m[38;2;198;235;132m[48;2;234;190;105m▀[0m[38;2;255;184;125m[48;2;0;0;0m▀[0m[38;2;255;184;125m[48;2;0;0;0m▀[0m[38;2;233;135;61m[48;2;0;0;0m▀[0m[38;2;0;0;0m▀ [38;2;0;0;0m▀[38;2;255;184;125m[48;2;0;12;8m▀[0m[38;2;255;184;125m[48;2;90;66;43m▀[0m[38;2;66;65;66m[48;2;66;65;66m▀[0m[38;2;255;184;125m[48;2;255;184;125m▀[0m[38;2;87;56;40m[48;2;0;4;8m▀[0m[38;2;255;177;122m[48;2;0;4;8m▀[0m[38;2;255;184;125m[48;2;0;0;0m▀[0m[38;2;0;0;0m▀  
          [38;2;0;0;0m▀[38;2;132;166;76m[48;2;0;4;0m▀[0m[38;2;132;166;76m[48;2;198;247;115m▀[0m[38;2;140;174;66m[48;2;198;235;132m▀[0m[38;2;198;235;132m[48;2;198;235;132m▀[0m[38;2;0;0;8m[48;2;198;231;132m▀[0m[38;2;0;0;8m[48;2;66;77;49m▀[0m[38;2;233;135;61m[48;2;233;135;61m▀[0m[38;2;233;135;61m[48;2;0;0;0m▀[0m[38;2;233;135;61m[48;2;0;0;0m▀[0m[38;2;0;0;0m▀[38;2;0;0;0m▀[38;2;0;0;0m▀      [38;2;0;0;0m▄[38;2;0;0;0m[48;2;102;229;226m▀[0m[38;2;102;229;226m[48;2;0;0;0m▀[0m[38;2;0;0;0m▀      
     [38;2;0;0;0m▄[38;2;0;0;0m[48;2;255;255;255m▀[0m[38;2;0;0;0m[48;2;132;162;82m▀[0m[38;2;0;0;0m[48;2;198;243;123m▀[0m[38;2;0;0;0m▄[38;2;0;0;0m▄[38;2;0;0;0m[48;2;198;235;132m▀[0m[38;2;198;235;132m[48;2;198;235;132m▀[0m[38;2;198;235;132m[48;2;66;65;66m▀[0m[38;2;198;235;132m[48;2;66;65;66m▀[0m[38;2;198;235;132m[48;2;66;65;66m▀[0m[38;2;198;235;132m[48;2;198;235;132m▀[0m[38;2;0;0;0m[48;2;198;235;132m▀[0m[38;2;0;0;0m▄      [38;2;0;0;0m▄[38;2;0;0;0m▄[38;2;0;0;0m[48;2;165;227;123m▀[0m[38;2;0;0;0m[48;2;165;227;123m▀[0m[38;2;165;227;123m[48;2;165;227;123m▀[0m[38;2;0;0;0m[48;2;0;0;0m▀[0m        
     [38;2;0;0;0m▀[38;2;66;65;66m[48;2;0;0;0m▀[0m[38;2;255;255;255m[48;2;0;0;0m▀[0m[38;2;0;0;0m[48;2;255;255;255m▀[0m[38;2;140;162;82m[48;2;0;0;16m▀[0m[38;2;70;81;49m[48;2;70;81;49m▀[0m[38;2;198;235;132m[48;2;198;235;132m▀[0m[38;2;66;65;66m[48;2;66;65;66m▀[0m[38;2;192;195;159m[48;2;255;255;214m▀[0m[38;2;192;195;159m[48;2;66;77;49m▀[0m[38;2;192;193;173m[48;2;255;255;231m▀[0m[38;2;66;69;57m[48;2;66;69;57m▀[0m[38;2;198;235;132m[48;2;198;235;132m▀[0m[38;2;198;235;132m[48;2;66;65;66m▀[0m[38;2;0;0;0m[48;2;102;229;226m▀[0m[38;2;0;0;0m[48;2;102;229;226m▀[0m[38;2;0;0;0m▄[38;2;0;0;0m[48;2;102;229;226m▀[0m[38;2;0;0;0m[48;2;198;235;132m▀[0m[38;2;0;0;0m[48;2;198;235;132m▀[0m[38;2;102;229;229m[48;2;102;229;229m▀[0m[38;2;198;235;132m[48;2;102;229;229m▀[0m[38;2;198;235;132m[48;2;198;235;132m▀[0m[38;2;198;235;132m[48;2;0;0;0m▀[0m[38;2;0;0;0m▀         
        [38;2;0;0;0m[48;2;0;0;0m▀[0m[38;2;33;146;177m[48;2;60;105;79m▀[0m[38;2;33;146;177m[48;2;33;146;177m▀[0m[38;2;66;65;66m[48;2;66;65;66m▀[0m[38;2;198;235;132m[48;2;198;235;132m▀[0m[38;2;66;65;66m[48;2;198;235;132m▀[0m[38;2;198;235;132m[48;2;198;235;132m▀[0m[38;2;66;65;66m[48;2;198;235;132m▀[0m[38;2;198;235;132m[48;2;66;65;66m▀[0m[38;2;57;69;74m[48;2;48;165;183m▀[0m[38;2;105;233;236m[48;2;105;233;236m▀[0m[38;2;99;229;228m[48;2;99;229;228m▀[0m[38;2;99;229;228m[48;2;36;151;180m▀[0m[38;2;101;129;93m[48;2;189;243;132m▀[0m[38;2;57;73;74m[48;2;57;73;74m▀[0m[38;2;102;229;229m[48;2;102;229;229m▀[0m[38;2;198;235;132m[48;2;198;235;132m▀[0m[38;2;165;227;123m[48;2;0;0;0m▀[0m[38;2;114;236;217m[48;2;0;0;0m▀[0m[38;2;0;0;0m▀           
        [38;2;0;0;0m▀[38;2;132;170;74m[48;2;0;0;8m▀[0m[38;2;88;113;52m[48;2;132;170;74m▀[0m[38;2;79;104;71m[48;2;140;174;66m▀[0m[38;2;49;69;74m[48;2;140;174;66m▀[0m[38;2;137;170;74m[48;2;68;85;41m▀[0m[38;2;137;170;74m[48;2;0;0;8m▀[0m[38;2;140;174;66m[48;2;140;174;66m▀[0m[38;2;66;65;66m[48;2;140;174;66m▀[0m[38;2;48;155;174m[48;2;49;81;82m▀[0m[38;2;48;155;174m[48;2;189;243;140m▀[0m[38;2;36;151;180m[48;2;198;235;132m▀[0m[38;2;198;235;132m[48;2;198;235;132m▀[0m[38;2;198;247;115m[48;2;132;166;76m▀[0m[38;2;132;166;76m[48;2;0;4;0m▀[0m[38;2;66;65;66m[48;2;0;0;0m▀[0m[38;2;0;0;0m▀              
          [38;2;0;0;0m[48;2;0;0;0m▀[0m[38;2;66;65;66m[48;2;140;174;66m▀[0m[38;2;66;65;66m[48;2;140;174;66m▀[0m[38;2;0;0;0m[48;2;0;0;0m▀[0m [38;2;0;0;0m▀[38;2;0;0;0m▀[38;2;0;0;0m▀[38;2;66;65;66m[48;2;0;0;0m▀[0m[38;2;140;174;66m[48;2;66;65;66m▀[0m[38;2;140;174;66m[48;2;66;65;66m▀[0m[38;2;0;0;0m[48;2;0;0;0m▀[0m                 
          [38;2;0;0;0m▀[38;2;36;151;180m[48;2;0;0;0m▀[0m[38;2;36;151;180m[48;2;0;0;0m▀[0m[38;2;0;0;0m▀  [38;2;0;0;0m▄[38;2;0;16;8m[48;2;132;172;96m▀[0m[38;2;198;251;140m[48;2;198;251;140m▀[0m[38;2;132;166;76m[48;2;198;247;115m▀[0m[38;2;132;166;76m[48;2;0;4;0m▀[0m[38;2;0;0;0m▀                 
                [38;2;0;0;0m▀[38;2;102;229;226m[48;2;0;0;0m▀[0m[38;2;102;229;226m[48;2;0;0;0m▀[0m[38;2;66;65;66m[48;2;0;0;0m▀[0m[38;2;0;0;0m▀                  
                                     [0m                                     