      [38;2;0;0;0m▄[38;2;0;0;0m▄[38;2;0;0;0m[48;2;90;131;82m▀[0m[38;2;0;0;0m[48;2;98;172;98m▀[0m[38;2;0;0;0m▄     
  [38;2;0;0;0m▄[38;2;0;0;0m▄[38;2;0;0;0m▄[38;2;0;0;0m[48;2;0;0;0m▀[0m[38;2;65;65;65m[48;2;98;172;98m▀[0m[38;2;98;172;98m[48;2;98;172;98m▀[0m[38;2;98;172;98m[48;2;98;172;98m▀[0m[38;2;90;131;82m[48;2;90;131;82m▀[0m[38;2;98;172;98m[48;2;98;172;98m▀[0m[38;2;0;0;0m[48;2;0;0;0m▀[0m    
 [38;2;0;0;0m[48;2;0;0;0m▀[0m[38;2;65;65;65m[48;2;82;156;123m▀[0m[38;2;82;156;123m[48;2;65;65;65m▀[0m[38;2;65;65;65m[48;2;106;197;164m▀[0m[38;2;65;65;65m[48;2;106;197;164m▀[0m[38;2;98;172;98m[48;2;65;65;65m▀[0m[38;2;98;172;98m[48;2;98;172;98m▀[0m[38;2;98;172;98m[48;2;98;172;98m▀[0m[38;2;98;172;98m[48;2;65;65;65m▀[0m[38;2;90;131;82m[48;2;65;65;65m▀[0m[38;2;98;172;98m[48;2;98;172;98m▀[0m[38;2;0;0;0m[48;2;0;0;0m▀[0m[38;2;0;0;0m▄  
  [38;2;0;0;0m[48;2;0;0;0m▀[0m[38;2;65;65;65m[48;2;82;156;123m▀[0m[38;2;82;156;123m[48;2;65;65;65m▀[0m[38;2;82;156;123m[48;2;82;156;123m▀[0m[38;2;106;197;164m[48;2;82;156;123m▀[0m[38;2;65;65;65m[48;2;106;197;164m▀[0m[38;2;65;65;65m[48;2;106;197;164m▀[0m[38;2;106;197;164m[48;2;106;197;164m▀[0m[38;2;106;197;164m[48;2;106;197;164m▀[0m[38;2;65;65;65m[48;2;82;156;123m▀[0m[38;2;82;156;123m[48;2;106;197;164m▀[0m[38;2;106;197;164m[48;2;65;65;65m▀[0m[38;2;0;0;0m[48;2;0;0;0m▀[0m 
  [38;2;0;0;0m▄[38;2;0;0;0m[48;2;65;65;65m▀[0m[38;2;106;197;164m[48;2;106;197;164m▀[0m[38;2;106;197;164m[48;2;106;197;164m▀[0m[38;2;106;197;164m[48;2;106;197;164m▀[0m[38;2;106;197;164m[48;2;65;65;65m▀[0m[38;2;65;65;65m[48;2;65;65;65m▀[0m[38;2;106;197;164m[48;2;65;65;65m▀[0m[38;2;106;197;164m[48;2;65;65;65m▀[0m[38;2;65;65;65m[48;2;195;180;92m▀[0m[38;2;106;197;164m[48;2;0;0;0m▀[0m[38;2;0;0;0m▀  
  [38;2;0;0;0m[48;2;0;0;0m▀[0m[38;2;0;147;119m[48;2;232;217;131m▀[0m[38;2;65;65;65m[48;2;232;217;131m▀[0m[38;2;106;197;164m[48;2;65;65;65m▀[0m[38;2;65;65;65m[48;2;232;217;131m▀[0m[38;2;65;65;65m[48;2;0;147;119m▀[0m[38;2;255;255;255m[48;2;0;147;119m▀[0m[38;2;195;180;92m[48;2;0;147;119m▀[0m[38;2;232;217;131m[48;2;232;217;131m▀[0m[38;2;232;217;131m[48;2;232;217;131m▀[0m[38;2;0;0;0m[48;2;0;0;0m▀[0m   
  [38;2;0;0;0m▄[38;2;0;0;0m[48;2;82;156;123m▀[0m[38;2;232;217;131m[48;2;65;65;65m▀[0m[38;2;232;217;131m[48;2;65;65;65m▀[0m[38;2;232;217;131m[48;2;232;217;131m▀[0m[38;2;72;190;161m[48;2;232;217;131m▀[0m[38;2;0;147;119m[48;2;232;217;131m▀[0m[38;2;72;190;161m[48;2;65;65;65m▀[0m[38;2;232;217;131m[48;2;65;65;65m▀[0m[38;2;65;65;65m[48;2;65;65;65m▀[0m[38;2;0;0;0m[48;2;82;156;123m▀[0m[38;2;0;0;0m▄  
 [38;2;0;0;0m[48;2;0;0;0m▀[0m[38;2;197;197;197m[48;2;197;197;197m▀[0m[38;2;82;156;123m[48;2;0;0;0m▀[0m[38;2;82;156;123m[48;2;65;65;65m▀[0m[38;2;65;65;65m[48;2;195;180;92m▀[0m[38;2;65;65;65m[48;2;65;65;65m▀[0m[38;2;65;65;65m[48;2;137;182;4m▀[0m[38;2;65;65;65m[48;2;65;65;65m▀[0m[38;2;106;197;164m[48;2;106;197;164m▀[0m[38;2;106;197;164m[48;2;106;197;164m▀[0m[38;2;106;197;164m[48;2;106;197;164m▀[0m[38;2;65;65;65m[48;2;255;255;255m▀[0m[38;2;82;156;123m[48;2;65;65;65m▀[0m[38;2;0;0;0m[48;2;0;0;0m▀[0m 
 [38;2;0;0;0m▀[38;2;0;0;0m▀ [38;2;0;0;0m▀[38;2;195;180;92m[48;2;0;0;0m▀[0m[38;2;95;140;0m[48;2;195;180;92m▀[0m[38;2;95;140;0m[48;2;0;0;0m▀[0m[38;2;137;182;4m[48;2;0;0;0m▀[0m[38;2;65;65;65m[48;2;232;217;131m▀[0m[38;2;255;255;255m[48;2;65;65;65m▀[0m[38;2;255;255;255m[48;2;255;255;255m▀[0m[38;2;255;255;255m[48;2;0;0;0m▀[0m[38;2;0;0;0m▀  
           [38;2;0;0;0m▀  [38;2;0;0;0m▀[38;2;0;0;0m▀[38;2;0;0;0m▀         
                                     [0m                                     