        [38;2;0;0;0m▄[38;2;0;0;0m▄[38;2;0;0;0m[48;2;173;197;197m▀[0m[38;2;0;0;0m▄[38;2;0;0;0m▄        
       [38;2;0;0;0m▄[38;2;0;0;0m[48;2;65;65;65m▀[0m[38;2;237;231;196m[48;2;173;197;197m▀[0m[38;2;132;132;181m[48;2;237;231;196m▀[0m[38;2;237;231;196m[48;2;132;132;181m▀[0m[38;2;0;0;0m[48;2;0;0;0m▀[0m        
     [38;2;0;0;0m▄[38;2;0;0;0m[48;2;112;219;194m▀[0m[38;2;112;219;194m[48;2;112;219;194m▀[0m[38;2;237;231;196m[48;2;237;231;196m▀[0m[38;2;237;231;196m[48;2;112;219;194m▀[0m[38;2;237;231;196m[48;2;112;219;194m▀[0m[38;2;237;231;196m[48;2;112;219;194m▀[0m[38;2;112;219;194m[48;2;237;231;196m▀[0m[38;2;0;0;0m[48;2;112;219;194m▀[0m[38;2;0;0;0m▄      
  [38;2;0;0;0m▄[38;2;0;0;0m▄ [38;2;0;0;0m[48;2;0;0;0m▀[0m[38;2;6;113;88m[48;2;214;82;90m▀[0m[38;2;112;219;194m[48;2;112;219;194m▀[0m[38;2;112;219;194m[48;2;112;219;194m▀[0m[38;2;112;219;194m[48;2;6;113;88m▀[0m[38;2;68;175;150m[48;2;112;219;194m▀[0m[38;2;112;219;194m[48;2;112;219;194m▀[0m[38;2;112;219;194m[48;2;112;219;194m▀[0m[38;2;112;219;194m[48;2;112;219;194m▀[0m[38;2;0;0;0m[48;2;0;0;0m▀[0m      
 [38;2;0;0;0m[48;2;0;0;0m▀[0m[38;2;237;231;196m[48;2;237;231;196m▀[0m[38;2;112;219;194m[48;2;112;219;194m▀[0m[38;2;0;0;0m[48;2;112;219;194m▀[0m[38;2;0;0;0m[48;2;112;219;194m▀[0m[38;2;112;219;194m[48;2;65;65;65m▀[0m[38;2;112;219;194m[48;2;132;132;181m▀[0m[38;2;112;219;194m[48;2;112;219;194m▀[0m[38;2;214;82;90m[48;2;112;219;194m▀[0m[38;2;112;219;194m[48;2;112;219;194m▀[0m[38;2;112;219;194m[48;2;112;219;194m▀[0m[38;2;112;219;194m[48;2;132;132;181m▀[0m[38;2;68;175;150m[48;2;0;0;0m▀[0m[38;2;0;0;0m▀      
  [38;2;0;0;0m▀[38;2;237;231;196m[48;2;0;0;0m▀[0m[38;2;237;231;196m[48;2;0;0;0m▀[0m[38;2;0;0;0m[48;2;0;0;0m▀[0m[38;2;237;231;196m[48;2;237;231;196m▀[0m[38;2;112;219;194m[48;2;68;175;150m▀[0m[38;2;132;132;181m[48;2;237;231;196m▀[0m[38;2;132;132;181m[48;2;112;219;194m▀[0m[38;2;132;132;181m[48;2;237;231;196m▀[0m[38;2;132;132;181m[48;2;112;219;194m▀[0m[38;2;237;231;196m[48;2;237;231;196m▀[0m[38;2;65;65;65m[48;2;0;0;0m▀[0m[38;2;0;0;0m[48;2;112;219;194m▀[0m[38;2;0;0;0m[48;2;112;219;194m▀[0m[38;2;0;0;0m▄[38;2;0;0;0m▄[38;2;0;0;0m▄  
     [38;2;0;0;0m▄[38;2;0;0;0m[48;2;237;231;196m▀[0m[38;2;65;65;65m[48;2;112;219;194m▀[0m[38;2;237;231;196m[48;2;65;65;65m▀[0m[38;2;68;175;150m[48;2;65;65;65m▀[0m[38;2;237;231;196m[48;2;65;65;65m▀[0m[38;2;68;175;150m[48;2;6;113;88m▀[0m[38;2;0;0;0m[48;2;0;0;0m▀[0m [38;2;0;0;0m▀[38;2;237;231;196m[48;2;0;0;0m▀[0m[38;2;112;219;194m[48;2;237;231;196m▀[0m[38;2;112;219;194m[48;2;237;231;196m▀[0m[38;2;237;231;196m[48;2;237;231;196m▀[0m[38;2;0;0;0m[48;2;0;0;0m▀[0m 
    [38;2;0;0;0m[48;2;0;0;0m▀[0m[38;2;237;231;196m[48;2;237;231;196m▀[0m[38;2;237;231;196m[48;2;112;219;194m▀[0m[38;2;112;219;194m[48;2;68;175;150m▀[0m[38;2;68;175;150m[48;2;0;0;0m▀[0m[38;2;0;0;0m▀[38;2;68;175;150m[48;2;0;0;0m▀[0m[38;2;112;219;194m[48;2;112;219;194m▀[0m[38;2;68;175;150m[48;2;112;219;194m▀[0m[38;2;0;0;0m[48;2;237;231;196m▀[0m[38;2;0;0;0m▄ [38;2;0;0;0m▀[38;2;0;0;0m▀[38;2;0;0;0m▀  
    [38;2;0;0;0m▀[38;2;112;219;194m[48;2;0;0;0m▀[0m[38;2;0;0;0m▀[38;2;0;0;0m▀  [38;2;0;0;0m▀[38;2;112;219;194m[48;2;0;0;0m▀[0m[38;2;112;219;194m[48;2;112;219;194m▀[0m[38;2;237;231;196m[48;2;112;219;194m▀[0m[38;2;237;231;196m[48;2;237;231;196m▀[0m[38;2;0;0;0m[48;2;0;0;0m▀[0m     
            [38;2;0;0;0m▀[38;2;0;0;0m▀[38;2;112;219;194m[48;2;0;0;0m▀[0m[38;2;0;0;0m▀     
                                     [0m                                     