    [38;2;0;0;0m▄[38;2;0;0;0m[48;2;74;140;156m▀[0m[38;2;0;0;0m[48;2;247;247;82m▀[0m[38;2;0;0;0m[48;2;49;107;123m▀[0m[38;2;0;0;0m▄  [38;2;0;0;0m▄[38;2;0;0;0m▄[38;2;0;0;0m▄      
    [38;2;0;0;0m[48;2;0;0;0m▀[0m[38;2;247;247;82m[48;2;247;247;82m▀[0m[38;2;247;247;82m[48;2;0;0;0m▀[0m[38;2;82;181;206m[48;2;82;181;206m▀[0m[38;2;74;140;156m[48;2;74;140;156m▀[0m[38;2;0;0;0m[48;2;65;65;65m▀[0m[38;2;0;0;0m[48;2;247;247;82m▀[0m[38;2;247;247;82m[48;2;247;247;82m▀[0m[38;2;82;181;206m[48;2;247;247;82m▀[0m[38;2;49;107;123m[48;2;82;181;206m▀[0m[38;2;0;0;0m[48;2;0;0;0m▀[0m     
  [38;2;0;0;0m▄[38;2;0;0;0m[48;2;82;181;206m▀[0m[38;2;65;65;65m[48;2;74;140;156m▀[0m[38;2;247;247;82m[48;2;82;181;206m▀[0m[38;2;0;0;0m[48;2;247;247;82m▀[0m[38;2;82;181;206m[48;2;58;90;173m▀[0m[38;2;74;140;156m[48;2;58;90;173m▀[0m[38;2;65;65;65m[48;2;65;65;65m▀[0m[38;2;247;247;82m[48;2;247;247;82m▀[0m[38;2;0;0;0m[48;2;0;0;0m▀[0m[38;2;247;247;82m[48;2;247;247;82m▀[0m[38;2;82;181;206m[48;2;82;181;206m▀[0m[38;2;65;65;65m[48;2;65;65;65m▀[0m[38;2;0;0;0m[48;2;255;255;255m▀[0m[38;2;0;0;0m[48;2;255;255;255m▀[0m[38;2;0;0;0m▄  
  [38;2;0;0;0m▀[38;2;82;181;206m[48;2;0;0;0m▀[0m[38;2;255;255;255m[48;2;255;255;255m▀[0m[38;2;255;255;255m[48;2;255;255;255m▀[0m[38;2;74;140;156m[48;2;189;189;173m▀[0m[38;2;58;90;173m[48;2;255;255;255m▀[0m[38;2;74;140;156m[48;2;255;255;255m▀[0m[38;2;82;181;206m[48;2;82;181;206m▀[0m[38;2;247;247;82m[48;2;165;214;148m▀[0m[38;2;247;247;82m[48;2;247;247;82m▀[0m[38;2;247;247;82m[48;2;165;214;148m▀[0m[38;2;82;181;206m[48;2;82;181;206m▀[0m[38;2;65;65;65m[48;2;82;181;206m▀[0m[38;2;255;255;255m[48;2;65;65;65m▀[0m[38;2;255;255;255m[48;2;255;255;255m▀[0m[38;2;255;255;255m[48;2;255;255;255m▀[0m[38;2;0;0;0m[48;2;0;0;0m▀[0m 
   [38;2;0;0;0m▀[38;2;65;65;65m[48;2;0;0;0m▀[0m[38;2;82;181;206m[48;2;65;65;65m▀[0m[38;2;82;181;206m[48;2;65;65;65m▀[0m[38;2;255;255;255m[48;2;82;181;206m▀[0m[38;2;255;255;255m[48;2;82;181;206m▀[0m[38;2;82;181;206m[48;2;82;181;206m▀[0m[38;2;82;181;206m[48;2;82;181;206m▀[0m[38;2;82;181;206m[48;2;82;181;206m▀[0m[38;2;82;181;206m[48;2;65;65;65m▀[0m[38;2;82;181;206m[48;2;65;65;65m▀[0m[38;2;74;140;156m[48;2;65;65;65m▀[0m[38;2;65;65;65m[48;2;189;189;173m▀[0m[38;2;255;255;255m[48;2;132;132;115m▀[0m[38;2;132;132;115m[48;2;0;0;0m▀[0m[38;2;0;0;0m▀ 
     [38;2;0;0;0m[48;2;0;0;0m▀[0m[38;2;0;0;0m[48;2;82;181;206m▀[0m[38;2;65;65;65m[48;2;65;65;65m▀[0m[38;2;65;65;65m[48;2;189;189;173m▀[0m[38;2;65;65;65m[48;2;189;189;173m▀[0m[38;2;65;65;65m[48;2;189;189;173m▀[0m[38;2;65;65;65m[48;2;189;189;173m▀[0m[38;2;189;189;173m[48;2;65;65;65m▀[0m[38;2;65;65;65m[48;2;74;140;156m▀[0m[38;2;189;189;173m[48;2;65;65;65m▀[0m[38;2;189;189;173m[48;2;189;189;173m▀[0m[38;2;189;189;173m[48;2;0;0;0m▀[0m[38;2;0;0;0m▀  
  [38;2;0;0;0m▄[38;2;0;0;0m▄[38;2;0;0;0m[48;2;189;189;173m▀[0m[38;2;82;181;206m[48;2;132;132;115m▀[0m[38;2;65;65;65m[48;2;65;65;65m▀[0m[38;2;74;140;156m[48;2;65;65;65m▀[0m[38;2;65;65;65m[48;2;74;140;156m▀[0m[38;2;189;189;173m[48;2;255;255;255m▀[0m[38;2;189;189;173m[48;2;255;255;255m▀[0m[38;2;65;65;65m[48;2;74;140;156m▀[0m[38;2;65;65;65m[48;2;65;65;65m▀[0m[38;2;82;181;206m[48;2;74;140;156m▀[0m[38;2;65;65;65m[48;2;82;181;206m▀[0m[38;2;0;0;0m[48;2;65;65;65m▀[0m[38;2;0;0;0m▄   
 [38;2;0;0;0m▀[38;2;255;255;255m[48;2;0;0;0m▀[0m[38;2;189;189;173m[48;2;0;0;0m▀[0m[38;2;189;189;173m[48;2;255;255;255m▀[0m[38;2;65;65;65m[48;2;0;0;0m▀[0m[38;2;49;107;123m[48;2;0;0;0m▀[0m[38;2;49;107;123m[48;2;0;0;0m▀[0m[38;2;0;0;0m▀[38;2;74;140;156m[48;2;0;0;0m▀[0m[38;2;74;140;156m[48;2;0;0;0m▀[0m[38;2;74;140;156m[48;2;0;0;0m▀[0m[38;2;49;107;123m[48;2;74;140;156m▀[0m[38;2;65;65;65m[48;2;65;65;65m▀[0m[38;2;82;181;206m[48;2;255;255;255m▀[0m[38;2;65;65;65m[48;2;65;65;65m▀[0m[38;2;74;140;156m[48;2;74;140;156m▀[0m[38;2;0;0;0m[48;2;0;0;0m▀[0m  
    [38;2;0;0;0m▀[38;2;0;0;0m▀      [38;2;0;0;0m[48;2;0;0;0m▀[0m[38;2;65;65;65m[48;2;255;255;255m▀[0m[38;2;255;255;255m[48;2;132;132;115m▀[0m[38;2;189;189;173m[48;2;255;255;255m▀[0m[38;2;0;0;0m[48;2;255;255;255m▀[0m[38;2;0;0;0m▄  
                [38;2;0;0;0m▀[38;2;0;0;0m▀[38;2;0;0;0m▀[38;2;0;0;0m▀      
                                     [0m                                     