      [38;2;0;0;0m▄[38;2;0;0;0m[48;2;0;0;0m▀[0m                               
     [38;2;0;0;0m▄[38;2;0;0;0m[48;2;255;251;247m▀[0m[38;2;165;166;156m[48;2;170;167;164m▀[0m[38;2;0;0;0m[48;2;0;0;0m▀[0m               [38;2;0;0;0m▄[38;2;0;0;0m▄             
  [38;2;0;0;0m▄[38;2;0;0;0m▄ [38;2;0;0;0m[48;2;0;8;0m▀[0m[38;2;170;167;164m[48;2;226;255;222m▀[0m[38;2;170;167;164m[48;2;165;165;156m▀[0m[38;2;255;251;247m[48;2;165;165;156m▀[0m[38;2;0;0;0m[48;2;0;0;0m▀[0m         [38;2;0;0;0m▄[38;2;0;0;0m▄[38;2;0;0;0m[48;2;255;255;255m▀[0m[38;2;0;0;0m[48;2;164;166;156m▀[0m[38;2;0;0;0m[48;2;255;251;247m▀[0m[38;2;255;255;255m[48;2;170;167;164m▀[0m[38;2;0;0;0m[48;2;0;0;0m▀[0m             
 [38;2;0;0;0m[48;2;0;0;0m▀[0m[38;2;189;207;206m[48;2;66;85;67m▀[0m[38;2;189;207;206m[48;2;66;65;66m▀[0m[38;2;0;0;0m[48;2;181;214;192m▀[0m[38;2;150;172;148m[48;2;84;222;82m▀[0m[38;2;150;172;148m[48;2;189;207;206m▀[0m[38;2;165;165;156m[48;2;189;206;205m▀[0m[38;2;165;165;156m[48;2;255;255;255m▀[0m[38;2;189;207;206m[48;2;255;255;255m▀[0m[38;2;0;0;0m[48;2;0;0;0m▀[0m     [38;2;0;0;0m▄[38;2;8;8;8m▄[38;2;0;0;0m[48;2;172;172;172m▀[0m[38;2;165;166;156m[48;2;200;209;205m▀[0m[38;2;165;166;156m[48;2;153;163;156m▀[0m[38;2;255;255;255m[48;2;165;166;156m▀[0m[38;2;164;166;156m[48;2;165;166;156m▀[0m[38;2;170;167;164m[48;2;255;255;255m▀[0m[38;2;0;0;0m[48;2;0;0;0m▀[0m              
 [38;2;0;0;0m▀[38;2;132;170;133m[48;2;0;0;0m▀[0m[38;2;142;164;148m[48;2;132;151;156m▀[0m[38;2;66;65;66m[48;2;65;74;66m▀[0m[38;2;189;207;206m[48;2;181;222;196m▀[0m[38;2;84;222;82m[48;2;121;160;115m▀[0m[38;2;255;255;255m[48;2;255;255;255m▀[0m[38;2;255;255;255m[48;2;255;255;255m▀[0m[38;2;255;255;255m[48;2;255;255;255m▀[0m[38;2;0;0;0m[48;2;128;205;123m▀[0m[38;2;0;0;0m▄[38;2;0;0;0m[48;2;255;255;255m▀[0m[38;2;0;0;0m[48;2;255;255;255m▀[0m[38;2;0;0;0m[48;2;84;222;82m▀[0m[38;2;0;0;0m[48;2;255;255;255m▀[0m[38;2;255;255;255m[48;2;255;255;255m▀[0m[38;2;255;255;255m[48;2;255;255;255m▀[0m[38;2;255;255;255m[48;2;255;255;255m▀[0m[38;2;247;255;255m[48;2;255;255;255m▀[0m[38;2;200;209;205m[48;2;255;255;255m▀[0m[38;2;165;166;156m[48;2;165;166;156m▀[0m[38;2;255;255;255m[48;2;0;0;0m▀[0m[38;2;0;0;0m▀    [38;2;0;0;0m▄[38;2;0;0;0m▄[38;2;0;0;0m▄[38;2;0;0;0m▄[38;2;0;0;0m▄[38;2;0;0;0m▄     
  [38;2;0;0;0m▀[38;2;65;74;66m[48;2;0;0;0m▀[0m[38;2;165;195;198m[48;2;66;67;66m▀[0m[38;2;48;99;51m[48;2;165;207;181m▀[0m[38;2;181;222;196m[48;2;66;65;66m▀[0m[38;2;84;222;82m[48;2;116;167;115m▀[0m[38;2;255;255;255m[48;2;247;255;251m▀[0m[38;2;128;205;123m[48;2;128;205;123m▀[0m[38;2;255;255;255m[48;2;255;255;255m▀[0m[38;2;255;255;255m[48;2;255;255;255m▀[0m[38;2;255;255;255m[48;2;255;255;255m▀[0m[38;2;84;222;82m[48;2;128;205;123m▀[0m[38;2;255;255;255m[48;2;255;255;255m▀[0m[38;2;255;255;255m[48;2;255;255;255m▀[0m[38;2;255;255;255m[48;2;255;255;255m▀[0m[38;2;255;255;255m[48;2;121;219;117m▀[0m[38;2;255;255;255m[48;2;88;214;82m▀[0m[38;2;255;255;255m[48;2;115;168;115m▀[0m[38;2;84;222;82m[48;2;173;255;175m▀[0m[38;2;0;0;0m[48;2;68;83;77m▀[0m[38;2;0;0;0m▄ [38;2;0;0;0m▄[38;2;0;0;0m▄[38;2;0;0;0m[48;2;255;251;255m▀[0m[38;2;0;0;0m[48;2;255;255;255m▀[0m[38;2;255;255;255m[48;2;66;65;66m▀[0m[38;2;255;255;255m[48;2;65;74;66m▀[0m[38;2;255;255;255m[48;2;65;74;66m▀[0m[38;2;255;255;255m[48;2;65;74;66m▀[0m[38;2;255;255;255m[48;2;65;74;66m▀[0m[38;2;255;255;255m[48;2;66;65;66m▀[0m[38;2;0;0;0m[48;2;255;255;255m▀[0m[38;2;0;0;0m[48;2;255;251;255m▀[0m[38;2;0;0;0m▄  
    [38;2;0;0;0m[48;2;0;0;0m▀[0m[38;2;66;65;66m[48;2;66;65;66m▀[0m[38;2;165;207;181m[48;2;66;65;66m▀[0m[38;2;49;123;49m[48;2;172;211;201m▀[0m[38;2;116;167;115m[48;2;131;200;132m▀[0m[38;2;255;255;255m[48;2;255;255;255m▀[0m[38;2;255;255;255m[48;2;84;222;82m▀[0m[38;2;255;255;255m[48;2;255;255;255m▀[0m[38;2;128;205;123m[48;2;255;255;255m▀[0m[38;2;255;255;255m[48;2;231;255;247m▀[0m[38;2;255;255;255m[48;2;131;206;123m▀[0m[38;2;128;205;123m[48;2;188;231;191m▀[0m[38;2;128;205;123m[48;2;188;231;191m▀[0m[38;2;189;231;189m[48;2;206;255;231m▀[0m[38;2;189;231;189m[48;2;206;255;231m▀[0m[38;2;59;82;57m[48;2;206;255;231m▀[0m[38;2;59;82;57m[48;2;206;255;231m▀[0m[38;2;206;251;231m[48;2;66;65;66m▀[0m[38;2;68;83;77m[48;2;189;231;189m▀[0m[38;2;0;0;0m[48;2;65;74;66m▀[0m[38;2;255;255;255m[48;2;255;255;255m▀[0m[38;2;255;251;255m[48;2;65;82;67m▀[0m[38;2;85;83;85m[48;2;191;197;192m▀[0m[38;2;66;65;66m[48;2;188;230;190m▀[0m[38;2;255;255;255m[48;2;255;255;255m▀[0m[38;2;255;255;255m[48;2;189;231;190m▀[0m[38;2;191;194;193m[48;2;189;231;190m▀[0m[38;2;191;194;193m[48;2;188;230;190m▀[0m[38;2;255;255;255m[48;2;255;255;255m▀[0m[38;2;255;255;255m[48;2;189;231;190m▀[0m[38;2;66;65;66m[48;2;189;231;190m▀[0m[38;2;85;83;85m[48;2;189;231;189m▀[0m[38;2;255;251;255m[48;2;66;65;66m▀[0m[38;2;0;0;0m[48;2;0;0;0m▀[0m 
   [38;2;0;0;0m▀[38;2;165;207;181m[48;2;0;0;0m▀[0m[38;2;165;207;181m[48;2;0;0;0m▀[0m[38;2;66;65;66m[48;2;165;207;181m▀[0m[38;2;172;211;201m[48;2;104;124;126m▀[0m[38;2;214;255;222m[48;2;56;99;59m▀[0m[38;2;255;255;255m[48;2;255;255;255m▀[0m[38;2;255;255;255m[48;2;255;255;255m▀[0m[38;2;255;255;255m[48;2;255;255;255m▀[0m[38;2;255;255;255m[48;2;139;206;123m▀[0m[38;2;131;206;123m[48;2;214;255;247m▀[0m[38;2;231;255;247m[48;2;214;255;247m▀[0m[38;2;206;255;231m[48;2;66;65;66m▀[0m[38;2;206;255;231m[48;2;66;65;66m▀[0m[38;2;206;255;231m[48;2;66;65;66m▀[0m[38;2;206;255;231m[48;2;206;255;231m▀[0m[38;2;66;65;66m[48;2;206;255;231m▀[0m[38;2;66;65;66m[48;2;206;255;231m▀[0m[38;2;189;231;189m[48;2;66;65;66m▀[0m[38;2;189;231;189m[48;2;66;65;66m▀[0m[38;2;191;194;193m[48;2;189;231;189m▀[0m[38;2;65;74;66m[48;2;66;65;66m▀[0m[38;2;255;255;255m[48;2;243;255;251m▀[0m[38;2;191;197;192m[48;2;198;214;202m▀[0m[38;2;255;255;255m[48;2;255;255;255m▀[0m[38;2;255;255;255m[48;2;188;230;190m▀[0m[38;2;189;231;190m[48;2;189;231;190m▀[0m[38;2;189;231;190m[48;2;189;231;190m▀[0m[38;2;255;255;255m[48;2;189;231;190m▀[0m[38;2;188;230;190m[48;2;189;231;190m▀[0m[38;2;189;231;190m[48;2;255;255;255m▀[0m[38;2;189;231;190m[48;2;255;255;255m▀[0m[38;2;189;231;189m[48;2;255;255;255m▀[0m[38;2;189;231;189m[48;2;0;0;0m▀[0m[38;2;0;0;0m▀ 
      [38;2;0;0;0m[48;2;0;0;0m▀[0m[38;2;56;99;59m[48;2;189;231;189m▀[0m[38;2;235;163;135m[48;2;66;65;66m▀[0m[38;2;255;255;255m[48;2;191;197;192m▀[0m[38;2;255;255;255m[48;2;255;255;255m▀[0m[38;2;255;255;255m[48;2;247;255;251m▀[0m[38;2;216;238;211m[48;2;48;107;51m▀[0m[38;2;65;71;82m[48;2;23;134;73m▀[0m[38;2;167;191;192m[48;2;23;134;73m▀[0m[38;2;23;134;73m[48;2;23;134;73m▀[0m[38;2;23;134;73m[48;2;23;134;73m▀[0m[38;2;66;65;66m[48;2;66;65;66m▀[0m[38;2;206;255;231m[48;2;66;65;66m▀[0m[38;2;66;65;66m[48;2;255;255;255m▀[0m[38;2;66;65;66m[48;2;188;230;190m▀[0m[38;2;206;255;231m[48;2;66;65;66m▀[0m[38;2;206;255;231m[48;2;66;65;66m▀[0m[38;2;66;65;66m[48;2;189;231;189m▀[0m[38;2;66;65;66m[48;2;66;65;66m▀[0m[38;2;154;173;157m[48;2;247;255;247m▀[0m[38;2;198;214;202m[48;2;165;162;165m▀[0m[38;2;188;230;190m[48;2;188;230;190m▀[0m[38;2;188;230;190m[48;2;255;255;255m▀[0m[38;2;189;231;190m[48;2;255;255;255m▀[0m[38;2;189;231;190m[48;2;255;255;255m▀[0m[38;2;189;231;190m[48;2;211;239;215m▀[0m[38;2;189;231;190m[48;2;211;239;215m▀[0m[38;2;188;230;190m[48;2;0;0;0m▀[0m[38;2;188;230;190m[48;2;0;0;0m▀[0m[38;2;0;0;0m▀   
      [38;2;0;0;0m[48;2;0;0;0m▀[0m[38;2;189;231;189m[48;2;255;255;255m▀[0m[38;2;189;231;189m[48;2;255;255;255m▀[0m[38;2;65;82;67m[48;2;255;255;255m▀[0m[38;2;191;197;192m[48;2;66;65;66m▀[0m[38;2;182;205;181m[48;2;66;65;66m▀[0m[38;2;115;156;116m[48;2;66;65;66m▀[0m[38;2;235;163;135m[48;2;59;74;57m▀[0m[38;2;235;163;135m[48;2;59;74;57m▀[0m[38;2;66;65;66m[48;2;255;255;255m▀[0m[38;2;66;65;66m[48;2;255;255;255m▀[0m[38;2;255;255;255m[48;2;255;255;255m▀[0m[38;2;255;255;255m[48;2;255;255;255m▀[0m[38;2;255;255;255m[48;2;255;255;255m▀[0m[38;2;255;255;255m[48;2;255;255;255m▀[0m[38;2;189;231;189m[48;2;66;65;66m▀[0m[38;2;66;65;66m[48;2;189;231;189m▀[0m[38;2;189;231;189m[48;2;66;65;66m▀[0m[38;2;66;65;66m[48;2;165;166;156m▀[0m[38;2;165;162;165m[48;2;189;231;189m▀[0m[38;2;204;210;208m[48;2;164;166;156m▀[0m[38;2;255;255;255m[48;2;255;255;255m▀[0m[38;2;188;230;190m[48;2;188;230;190m▀[0m[38;2;188;230;190m[48;2;189;231;189m▀[0m[38;2;255;255;255m[48;2;0;0;0m▀[0m[38;2;211;239;215m[48;2;0;0;0m▀[0m[38;2;0;0;0m▀      
       [38;2;0;0;0m[48;2;0;0;0m▀[0m[38;2;255;255;255m[48;2;189;231;189m▀[0m[38;2;255;255;255m[48;2;255;255;255m▀[0m[38;2;255;255;255m[48;2;255;255;255m▀[0m[38;2;255;255;255m[48;2;255;255;255m▀[0m[38;2;255;255;255m[48;2;255;255;255m▀[0m[38;2;150;164;148m[48;2;255;255;255m▀[0m[38;2;242;255;239m[48;2;128;205;123m▀[0m[38;2;255;255;255m[48;2;255;255;255m▀[0m[38;2;255;255;255m[48;2;255;255;255m▀[0m[38;2;255;255;255m[48;2;255;255;255m▀[0m[38;2;255;255;255m[48;2;255;255;255m▀[0m[38;2;255;255;255m[48;2;65;82;67m▀[0m[38;2;66;65;66m[48;2;191;197;192m▀[0m[38;2;189;231;189m[48;2;198;222;198m▀[0m[38;2;189;231;189m[48;2;66;69;66m▀[0m[38;2;66;65;66m[48;2;164;166;156m▀[0m[38;2;165;166;156m[48;2;164;166;156m▀[0m[38;2;164;166;156m[48;2;170;172;171m▀[0m[38;2;189;231;189m[48;2;255;255;255m▀[0m[38;2;255;255;255m[48;2;0;0;0m▀[0m[38;2;188;230;190m[48;2;0;0;0m▀[0m[38;2;0;0;0m▀         
        [38;2;0;0;0m▀[38;2;188;230;190m[48;2;0;0;0m▀[0m[38;2;255;255;255m[48;2;0;0;0m▀[0m[38;2;255;255;255m[48;2;189;231;189m▀[0m[38;2;255;255;255m[48;2;189;231;189m▀[0m[38;2;255;255;255m[48;2;191;194;193m▀[0m[38;2;128;205;123m[48;2;65;74;66m▀[0m[38;2;255;255;255m[48;2;66;65;66m▀[0m[38;2;255;255;255m[48;2;66;65;66m▀[0m[38;2;66;65;66m[48;2;255;255;255m▀[0m[38;2;66;65;66m[48;2;255;255;255m▀[0m[38;2;255;255;255m[48;2;189;231;189m▀[0m[38;2;191;197;192m[48;2;189;231;189m▀[0m[38;2;66;69;66m[48;2;66;65;66m▀[0m[38;2;154;170;154m[48;2;165;166;156m▀[0m[38;2;164;166;156m[48;2;134;154;134m▀[0m[38;2;189;231;189m[48;2;198;231;198m▀[0m[38;2;170;172;171m[48;2;0;0;0m▀[0m[38;2;0;8;4m▀            
           [38;2;0;0;0m[48;2;0;0;0m▀[0m[38;2;63;77;63m[48;2;66;85;67m▀[0m[38;2;65;74;66m[48;2;189;231;189m▀[0m[38;2;255;255;255m[48;2;66;65;66m▀[0m[38;2;255;255;255m[48;2;189;231;189m▀[0m[38;2;255;255;255m[48;2;189;231;189m▀[0m[38;2;188;230;190m[48;2;189;231;189m▀[0m[38;2;188;230;190m[48;2;189;231;189m▀[0m[38;2;189;231;189m[48;2;71;74;77m▀[0m[38;2;66;65;66m[48;2;139;154;141m▀[0m[38;2;165;166;156m[48;2;164;166;156m▀[0m[38;2;165;166;156m[48;2;189;231;189m▀[0m[38;2;198;231;198m[48;2;165;166;156m▀[0m[38;2;8;8;0m[48;2;0;0;0m▀[0m              
           [38;2;0;0;0m[48;2;0;0;0m▀[0m[38;2;132;170;133m[48;2;132;181;132m▀[0m[38;2;66;65;66m[48;2;132;181;132m▀[0m[38;2;189;231;189m[48;2;0;0;0m▀[0m[38;2;66;65;66m[48;2;0;0;0m▀[0m[38;2;66;65;66m[48;2;0;0;0m▀[0m[38;2;189;231;189m[48;2;0;0;0m▀[0m[38;2;0;0;0m▀[38;2;8;4;0m▀[38;2;206;231;206m[48;2;0;0;0m▀[0m[38;2;189;231;189m[48;2;189;231;189m▀[0m[38;2;189;231;189m[48;2;189;231;189m▀[0m[38;2;0;0;0m[48;2;0;0;0m▀[0m               
          [38;2;0;0;0m[48;2;0;0;0m▀[0m[38;2;132;181;132m[48;2;0;0;0m▀[0m[38;2;0;0;0m▀[38;2;0;0;0m▀       [38;2;0;0;0m▀[38;2;189;231;189m[48;2;0;0;0m▀[0m[38;2;189;231;189m[48;2;189;231;189m▀[0m[38;2;0;0;0m[48;2;0;0;0m▀[0m              
                       [38;2;0;0;0m▀[38;2;189;231;189m[48;2;0;0;0m▀[0m[38;2;0;0;0m[48;2;0;0;0m▀[0m             
                                     [0m                                     