   [38;2;0;4;8m▄[38;2;0;0;0m[48;2;116;166;196m▀[0m[38;2;0;0;0m[48;2;255;255;255m▀[0m[38;2;0;0;0m[48;2;255;255;255m▀[0m[38;2;0;0;0m▄    [38;2;0;0;0m▄[38;2;0;0;0m[48;2;239;255;255m▀[0m[38;2;0;0;0m[48;2;191;231;255m▀[0m[38;2;0;0;0m[48;2;201;234;255m▀[0m[38;2;0;0;0m▄       
   [38;2;0;4;8m[48;2;0;0;0m▀[0m[38;2;208;237;255m[48;2;124;174;204m▀[0m[38;2;126;176;206m[48;2;227;244;255m▀[0m[38;2;255;255;255m[48;2;48;98;128m▀[0m[38;2;255;255;255m[48;2;48;98;128m▀[0m[38;2;0;0;0m[48;2;255;255;255m▀[0m[38;2;0;0;0m[48;2;255;255;255m▀[0m[38;2;0;0;0m[48;2;255;255;255m▀[0m[38;2;0;0;0m[48;2;39;89;119m▀[0m[38;2;255;255;255m[48;2;125;175;205m▀[0m[38;2;127;177;207m[48;2;201;234;255m▀[0m[38;2;191;231;255m[48;2;126;176;206m▀[0m[38;2;201;234;255m[48;2;129;179;209m▀[0m[38;2;0;0;0m[48;2;0;0;0m▀[0m       
    [38;2;0;0;0m[48;2;0;0;0m▀[0m[38;2;48;98;128m[48;2;255;247;255m▀[0m[38;2;227;244;255m[48;2;66;60;74m▀[0m[38;2;255;255;255m[48;2;132;81;181m▀[0m[38;2;255;255;255m[48;2;255;255;255m▀[0m[38;2;255;255;255m[48;2;255;255;255m▀[0m[38;2;255;255;255m[48;2;255;255;255m▀[0m[38;2;239;255;255m[48;2;255;255;255m▀[0m[38;2;39;89;119m[48;2;255;255;255m▀[0m[38;2;201;234;255m[48;2;48;98;128m▀[0m[38;2;201;234;255m[48;2;48;98;128m▀[0m[38;2;45;95;125m[48;2;48;98;128m▀[0m[38;2;0;0;0m[48;2;255;255;255m▀[0m[38;2;0;0;0m▄      
   [38;2;0;0;0m[48;2;0;0;0m▀[0m[38;2;255;255;255m[48;2;239;219;255m▀[0m[38;2;66;60;74m[48;2;90;89;99m▀[0m[38;2;160;153;164m[48;2;168;164;177m▀[0m[38;2;173;139;205m[48;2;164;135;200m▀[0m[38;2;132;81;181m[48;2;123;77;173m▀[0m[38;2;255;255;255m[48;2;255;255;255m▀[0m[38;2;255;255;255m[48;2;255;255;255m▀[0m[38;2;255;255;255m[48;2;66;65;66m▀[0m[38;2;255;255;255m[48;2;66;65;66m▀[0m[38;2;255;255;255m[48;2;66;65;66m▀[0m[38;2;255;255;255m[48;2;255;255;255m▀[0m[38;2;255;255;255m[48;2;255;255;255m▀[0m[38;2;255;255;255m[48;2;255;255;255m▀[0m[38;2;0;0;0m[48;2;255;255;255m▀[0m[38;2;8;8;8m▄     
  [38;2;0;0;0m[48;2;0;0;0m▀[0m[38;2;159;146;170m[48;2;255;239;66m▀[0m[38;2;79;73;85m[48;2;0;4;0m▀[0m[38;2;247;239;255m[48;2;255;255;255m▀[0m[38;2;90;89;99m[48;2;255;255;255m▀[0m[38;2;164;135;200m[48;2;255;255;255m▀[0m[38;2;247;251;255m[48;2;255;255;255m▀[0m[38;2;255;255;255m[48;2;60;56;66m▀[0m[38;2;66;65;66m[48;2;165;138;198m▀[0m[38;2;159;132;192m[48;2;160;145;98m▀[0m[38;2;159;132;192m[48;2;66;60;90m▀[0m[38;2;66;65;66m[48;2;159;132;192m▀[0m[38;2;66;65;66m[48;2;66;65;66m▀[0m[38;2;255;255;255m[48;2;255;255;255m▀[0m[38;2;255;255;255m[48;2;255;255;255m▀[0m[38;2;255;255;255m[48;2;200;195;189m▀[0m[38;2;172;172;172m[48;2;200;195;189m▀[0m[38;2;0;0;0m[48;2;198;195;189m▀[0m[38;2;0;0;0m▄   
  [38;2;0;0;0m[48;2;0;0;0m▀[0m[38;2;255;239;66m[48;2;159;146;170m▀[0m[38;2;0;4;0m[48;2;79;73;85m▀[0m[38;2;255;255;255m[48;2;255;255;255m▀[0m[38;2;255;255;255m[48;2;255;255;255m▀[0m[38;2;255;255;255m[48;2;255;255;255m▀[0m[38;2;66;65;66m[48;2;66;65;66m▀[0m[38;2;60;56;66m[48;2;164;151;99m▀[0m[38;2;8;16;0m[48;2;0;0;33m▀[0m[38;2;66;60;90m[48;2;156;170;222m▀[0m[38;2;255;231;107m[48;2;255;239;66m▀[0m[38;2;159;132;192m[48;2;159;145;162m▀[0m[38;2;66;65;66m[48;2;66;65;74m▀[0m[38;2;255;255;255m[48;2;198;195;189m▀[0m[38;2;200;195;189m[48;2;198;195;189m▀[0m[38;2;200;195;189m[48;2;12;62;92m▀[0m[38;2;200;195;189m[48;2;8;4;0m▀[0m[38;2;0;0;0m▀    
   [38;2;0;0;0m▀[38;2;239;219;255m[48;2;0;0;0m▀[0m[38;2;255;255;255m[48;2;192;191;192m▀[0m[38;2;255;255;255m[48;2;255;255;255m▀[0m[38;2;255;255;255m[48;2;255;255;255m▀[0m[38;2;255;255;255m[48;2;200;195;189m▀[0m[38;2;82;75;66m[48;2;198;195;189m▀[0m[38;2;247;227;132m[48;2;66;65;66m▀[0m[38;2;255;239;66m[48;2;66;65;66m▀[0m[38;2;156;170;222m[48;2;66;65;66m▀[0m[38;2;66;65;74m[48;2;198;195;189m▀[0m[38;2;206;186;206m[48;2;66;65;66m▀[0m[38;2;198;195;189m[48;2;198;195;189m▀[0m[38;2;66;65;66m[48;2;66;65;63m▀[0m[38;2;105;155;185m[48;2;0;0;0m▀[0m[38;2;8;4;0m▀     
    [38;2;0;0;0m▀[38;2;66;65;66m[48;2;0;4;0m▀[0m[38;2;192;191;192m[48;2;68;69;63m▀[0m[38;2;200;195;189m[48;2;198;195;189m▀[0m[38;2;200;195;189m[48;2;198;195;189m▀[0m[38;2;198;195;189m[48;2;66;65;66m▀[0m[38;2;198;195;189m[48;2;66;65;66m▀[0m[38;2;198;195;189m[48;2;198;178;206m▀[0m[38;2;198;195;189m[48;2;66;56;74m▀[0m[38;2;66;65;66m[48;2;132;81;181m▀[0m[38;2;66;65;66m[48;2;71;70;65m▀[0m[38;2;198;195;189m[48;2;255;255;255m▀[0m[38;2;0;0;0m[48;2;0;0;0m▀[0m       
     [38;2;0;4;0m[48;2;0;0;0m▀[0m[38;2;206;199;189m[48;2;198;195;189m▀[0m[38;2;66;65;63m[48;2;0;0;0m▀[0m[38;2;0;0;0m▀[38;2;132;81;181m[48;2;0;0;0m▀[0m[38;2;132;81;181m[48;2;0;0;0m▀[0m[38;2;66;56;74m[48;2;45;95;125m▀[0m[38;2;132;117;140m[48;2;126;176;206m▀[0m[38;2;71;70;65m[48;2;123;173;203m▀[0m[38;2;71;70;65m[48;2;51;101;131m▀[0m[38;2;255;255;255m[48;2;66;65;66m▀[0m[38;2;255;255;255m[48;2;255;255;255m▀[0m[38;2;0;0;0m[48;2;0;0;0m▀[0m [38;2;0;0;8m▄[38;2;0;0;0m[48;2;222;85;185m▀[0m[38;2;0;0;0m[48;2;222;89;183m▀[0m[38;2;0;0;0m▄ 
    [38;2;0;0;0m▄[38;2;0;0;0m[48;2;198;195;189m▀[0m[38;2;198;195;189m[48;2;198;195;189m▀[0m[38;2;0;0;0m[48;2;198;195;189m▀[0m[38;2;0;0;0m▄  [38;2;8;0;0m[48;2;0;0;0m▀[0m[38;2;45;95;125m[48;2;255;255;255m▀[0m[38;2;51;101;131m[48;2;192;191;192m▀[0m[38;2;181;203;214m[48;2;192;191;192m▀[0m[38;2;66;65;66m[48;2;66;65;66m▀[0m[38;2;255;255;255m[48;2;255;255;255m▀[0m[38;2;66;65;66m[48;2;255;255;255m▀[0m[38;2;0;0;0m[48;2;66;65;66m▀[0m[38;2;222;85;185m[48;2;159;64;140m▀[0m[38;2;148;56;126m[48;2;159;64;140m▀[0m[38;2;148;59;122m[48;2;156;65;137m▀[0m[38;2;0;0;0m[48;2;0;0;0m▀[0m 
 [38;2;0;0;0m▄[38;2;0;0;0m[48;2;198;195;189m▀[0m[38;2;0;0;0m[48;2;198;195;189m▀[0m[38;2;198;195;189m[48;2;198;195;189m▀[0m[38;2;74;124;154m[48;2;75;125;155m▀[0m[38;2;74;124;154m[48;2;102;152;182m▀[0m[38;2;198;195;189m[48;2;74;124;154m▀[0m[38;2;0;0;0m[48;2;74;124;154m▀[0m[38;2;0;16;16m▄[38;2;0;0;0m[48;2;222;89;183m▀[0m[38;2;255;255;255m[48;2;156;65;137m▀[0m[38;2;255;255;255m[48;2;156;65;137m▀[0m[38;2;255;255;255m[48;2;99;65;90m▀[0m[38;2;66;65;66m[48;2;99;65;90m▀[0m[38;2;255;255;255m[48;2;255;255;255m▀[0m[38;2;255;255;255m[48;2;255;255;255m▀[0m[38;2;255;255;255m[48;2;126;176;206m▀[0m[38;2;66;65;66m[48;2;126;176;206m▀[0m[38;2;159;64;140m[48;2;77;48;71m▀[0m[38;2;159;64;140m[48;2;154;80;138m▀[0m[38;2;0;0;0m[48;2;0;0;0m▀[0m  
 [38;2;0;0;0m▄[38;2;0;0;0m[48;2;198;195;189m▀[0m[38;2;198;195;189m[48;2;198;195;189m▀[0m[38;2;100;150;180m[48;2;100;150;180m▀[0m[38;2;189;199;198m[48;2;189;199;198m▀[0m[38;2;75;125;155m[48;2;75;125;155m▀[0m[38;2;100;150;180m[48;2;100;150;180m▀[0m[38;2;100;150;180m[48;2;66;65;66m▀[0m[38;2;74;40;64m[48;2;181;73;149m▀[0m[38;2;222;89;183m[48;2;181;73;149m▀[0m[38;2;222;84;178m[48;2;214;77;177m▀[0m[38;2;222;84;178m[48;2;66;60;66m▀[0m[38;2;99;65;90m[48;2;255;255;255m▀[0m[38;2;255;255;255m[48;2;255;255;255m▀[0m[38;2;255;255;255m[48;2;165;215;245m▀[0m[38;2;255;255;255m[48;2;165;215;245m▀[0m[38;2;126;176;206m[48;2;255;255;255m▀[0m[38;2;166;216;246m[48;2;126;176;206m▀[0m[38;2;77;48;71m[48;2;166;216;246m▀[0m[38;2;0;16;16m[48;2;0;0;0m▀[0m   
  [38;2;0;0;0m▀[38;2;198;195;189m[48;2;0;0;0m▀[0m[38;2;198;195;189m[48;2;0;0;0m▀[0m[38;2;75;125;155m[48;2;100;150;180m▀[0m[38;2;102;152;182m[48;2;100;150;180m▀[0m[38;2;100;150;180m[48;2;105;155;185m▀[0m[38;2;66;65;66m[48;2;12;62;92m▀[0m[38;2;255;255;255m[48;2;255;255;255m▀[0m[38;2;181;73;149m[48;2;255;255;255m▀[0m[38;2;164;71;141m[48;2;255;255;255m▀[0m[38;2;164;71;141m[48;2;66;65;66m▀[0m[38;2;66;65;66m[48;2;255;255;255m▀[0m[38;2;255;255;255m[48;2;255;255;255m▀[0m[38;2;165;215;245m[48;2;255;255;255m▀[0m[38;2;165;215;245m[48;2;255;255;255m▀[0m[38;2;255;255;255m[48;2;126;176;206m▀[0m[38;2;126;176;206m[48;2;166;216;246m▀[0m[38;2;166;216;246m[48;2;166;216;246m▀[0m[38;2;166;216;246m[48;2;166;216;246m▀[0m[38;2;0;0;0m[48;2;0;0;0m▀[0m  
     [38;2;0;0;0m▀[38;2;0;0;0m▀[38;2;8;4;0m▀[38;2;8;4;0m▀[38;2;255;255;255m[48;2;0;4;0m▀[0m[38;2;255;255;255m[48;2;255;255;255m▀[0m[38;2;255;255;255m[48;2;99;97;90m▀[0m[38;2;255;255;255m[48;2;255;251;247m▀[0m[38;2;66;65;66m[48;2;104;100;98m▀[0m[38;2;255;255;255m[48;2;57;56;57m▀[0m[38;2;255;255;255m[48;2;66;65;63m▀[0m[38;2;126;176;206m[48;2;66;65;63m▀[0m[38;2;166;216;246m[48;2;166;216;246m▀[0m[38;2;166;216;246m[48;2;166;216;246m▀[0m[38;2;166;216;246m[48;2;0;0;0m▀[0m[38;2;0;0;0m▀   
         [38;2;0;4;0m▀[38;2;170;171;170m[48;2;0;0;0m▀[0m[38;2;99;97;90m[48;2;198;195;189m▀[0m[38;2;203;199;194m[48;2;99;97;94m▀[0m[38;2;198;190;181m[48;2;198;195;189m▀[0m[38;2;104;100;98m[48;2;0;0;0m▀[0m[38;2;198;195;189m[48;2;0;0;0m▀[0m[38;2;0;0;0m▀[38;2;0;0;0m▀[38;2;0;0;0m▀     
                  [38;2;0;0;0m▀[38;2;0;0;0m▀[38;2;0;0;0m▀                  
                                     [0m                                     