       [38;2;0;0;0m▄[38;2;0;0;0m[48;2;89;89;89m▀[0m[38;2;0;0;0m[48;2;0;0;0m▀[0m [38;2;0;0;0m▄[38;2;0;0;0m▄             
  [38;2;0;0;0m▄[38;2;0;0;0m▄  [38;2;0;0;0m[48;2;0;0;0m▀[0m[38;2;54;54;54m[48;2;89;89;89m▀[0m[38;2;89;89;89m[48;2;89;89;89m▀[0m[38;2;65;65;65m[48;2;48;48;48m▀[0m[38;2;0;0;0m[48;2;89;89;89m▀[0m[38;2;89;89;89m[48;2;0;0;0m▀[0m[38;2;0;0;0m▀             
  [38;2;0;0;0m[48;2;0;0;0m▀[0m[38;2;89;89;89m[48;2;54;54;54m▀[0m[38;2;0;0;0m[48;2;89;89;89m▀[0m[38;2;0;0;0m[48;2;48;48;48m▀[0m[38;2;89;89;89m[48;2;48;48;48m▀[0m[38;2;89;89;89m[48;2;89;89;89m▀[0m[38;2;89;89;89m[48;2;89;89;89m▀[0m[38;2;89;89;89m[48;2;89;89;89m▀[0m[38;2;89;89;89m[48;2;89;89;89m▀[0m[38;2;65;65;65m[48;2;89;89;89m▀[0m[38;2;0;0;0m[48;2;89;89;89m▀[0m[38;2;0;0;0m[48;2;89;89;89m▀[0m[38;2;0;0;0m▄[38;2;0;0;0m▄          
 [38;2;0;0;0m▄[38;2;0;0;0m▄[38;2;0;0;0m[48;2;65;65;65m▀[0m[38;2;89;89;89m[48;2;48;48;48m▀[0m[38;2;89;89;89m[48;2;89;89;89m▀[0m[38;2;89;89;89m[48;2;89;89;89m▀[0m[38;2;89;89;89m[48;2;89;89;89m▀[0m[38;2;89;89;89m[48;2;89;89;89m▀[0m[38;2;89;89;89m[48;2;89;89;89m▀[0m[38;2;89;89;89m[48;2;65;65;65m▀[0m[38;2;89;89;89m[48;2;65;65;65m▀[0m[38;2;89;89;89m[48;2;54;54;54m▀[0m[38;2;54;54;54m[48;2;54;54;54m▀[0m[38;2;54;54;54m[48;2;65;65;65m▀[0m[38;2;54;54;54m[48;2;0;0;0m▀[0m[38;2;0;0;0m▀  [38;2;0;0;0m[48;2;0;0;0m▀[0m[38;2;0;0;0m[48;2;89;89;89m▀[0m[38;2;0;0;0m▄    
 [38;2;0;0;0m▀[38;2;89;89;89m[48;2;0;0;0m▀[0m[38;2;89;89;89m[48;2;89;89;89m▀[0m[38;2;89;89;89m[48;2;48;48;48m▀[0m[38;2;89;89;89m[48;2;89;89;89m▀[0m[38;2;89;89;89m[48;2;89;89;89m▀[0m[38;2;89;89;89m[48;2;89;89;89m▀[0m[38;2;48;48;48m[48;2;89;89;89m▀[0m[38;2;65;65;65m[48;2;89;89;89m▀[0m[38;2;89;89;89m[48;2;65;65;65m▀[0m[38;2;65;65;65m[48;2;54;54;54m▀[0m[38;2;54;54;54m[48;2;89;89;89m▀[0m[38;2;54;54;54m[48;2;65;65;65m▀[0m[38;2;54;54;54m[48;2;54;54;54m▀[0m[38;2;54;54;54m[48;2;0;0;0m▀[0m[38;2;0;0;0m▀  [38;2;0;0;0m[48;2;0;0;0m▀[0m[38;2;89;89;89m[48;2;89;89;89m▀[0m[38;2;0;0;0m[48;2;89;89;89m▀[0m[38;2;0;0;0m▄[38;2;0;0;0m[48;2;54;54;54m▀[0m[38;2;0;0;0m▄ 
  [38;2;0;0;0m▀[38;2;54;54;54m[48;2;0;0;0m▀[0m[38;2;53;53;53m[48;2;54;54;54m▀[0m[38;2;89;89;89m[48;2;53;53;53m▀[0m[38;2;89;89;89m[48;2;89;89;89m▀[0m[38;2;89;89;89m[48;2;0;0;0m▀[0m[38;2;124;84;193m[48;2;214;49;49m▀[0m[38;2;124;84;193m[48;2;255;255;255m▀[0m[38;2;89;89;89m[48;2;53;53;53m▀[0m[38;2;89;89;89m[48;2;89;89;89m▀[0m[38;2;89;89;89m[48;2;89;89;89m▀[0m[38;2;65;65;65m[48;2;0;0;0m▀[0m[38;2;0;0;0m▀   [38;2;0;0;0m[48;2;0;0;0m▀[0m[38;2;89;89;89m[48;2;89;89;89m▀[0m[38;2;89;89;89m[48;2;89;89;89m▀[0m[38;2;89;89;89m[48;2;89;89;89m▀[0m[38;2;65;65;65m[48;2;54;54;54m▀[0m[38;2;54;54;54m[48;2;0;0;0m▀[0m[38;2;0;0;0m▀ 
  [38;2;0;0;0m▄[38;2;0;0;0m[48;2;124;84;193m▀[0m[38;2;165;173;140m[48;2;222;230;206m▀[0m[38;2;222;230;206m[48;2;222;230;206m▀[0m[38;2;53;53;53m[48;2;222;230;206m▀[0m[38;2;255;255;255m[48;2;53;53;53m▀[0m[38;2;255;255;255m[48;2;53;53;53m▀[0m[38;2;53;53;53m[48;2;165;173;140m▀[0m[38;2;53;53;53m[48;2;53;53;53m▀[0m[38;2;89;89;89m[48;2;89;89;89m▀[0m[38;2;89;89;89m[48;2;89;89;89m▀[0m[38;2;89;89;89m[48;2;89;89;89m▀[0m[38;2;0;0;0m[48;2;65;65;65m▀[0m[38;2;0;0;0m▄[38;2;0;0;0m[48;2;89;89;89m▀[0m[38;2;0;0;0m[48;2;89;89;89m▀[0m[38;2;54;54;54m[48;2;89;89;89m▀[0m[38;2;89;89;89m[48;2;65;65;65m▀[0m[38;2;89;89;89m[48;2;54;54;54m▀[0m[38;2;54;54;54m[48;2;54;54;54m▀[0m[38;2;54;54;54m[48;2;0;0;0m▀[0m[38;2;0;0;0m▀  
   [38;2;0;0;0m▀[38;2;53;53;53m[48;2;0;0;0m▀[0m[38;2;53;53;53m[48;2;48;48;48m▀[0m[38;2;165;173;140m[48;2;53;53;53m▀[0m[38;2;222;230;206m[48;2;53;53;53m▀[0m[38;2;222;230;206m[48;2;54;54;54m▀[0m[38;2;165;173;140m[48;2;53;53;53m▀[0m[38;2;53;53;53m[48;2;89;89;89m▀[0m[38;2;54;54;54m[48;2;65;65;65m▀[0m[38;2;89;89;89m[48;2;89;89;89m▀[0m[38;2;89;89;89m[48;2;89;89;89m▀[0m[38;2;89;89;89m[48;2;89;89;89m▀[0m[38;2;65;65;65m[48;2;89;89;89m▀[0m[38;2;65;65;65m[48;2;89;89;89m▀[0m[38;2;89;89;89m[48;2;65;65;65m▀[0m[38;2;89;89;89m[48;2;89;89;89m▀[0m[38;2;54;54;54m[48;2;89;89;89m▀[0m[38;2;65;65;65m[48;2;0;0;0m▀[0m[38;2;0;0;0m▀    
    [38;2;0;0;0m[48;2;0;0;0m▀[0m[38;2;48;48;48m[48;2;48;48;48m▀[0m[38;2;48;48;48m[48;2;48;48;48m▀[0m[38;2;53;53;53m[48;2;0;0;0m▀[0m[38;2;54;54;54m[48;2;48;48;48m▀[0m[38;2;48;48;48m[48;2;89;89;89m▀[0m[38;2;89;89;89m[48;2;89;89;89m▀[0m[38;2;65;65;65m[48;2;65;65;65m▀[0m[38;2;89;89;89m[48;2;48;48;48m▀[0m[38;2;89;89;89m[48;2;89;89;89m▀[0m[38;2;89;89;89m[48;2;65;65;65m▀[0m[38;2;54;54;54m[48;2;65;65;65m▀[0m[38;2;65;65;65m[48;2;89;89;89m▀[0m[38;2;89;89;89m[48;2;54;54;54m▀[0m[38;2;89;89;89m[48;2;89;89;89m▀[0m[38;2;89;89;89m[48;2;89;89;89m▀[0m[38;2;54;54;54m[48;2;89;89;89m▀[0m[38;2;0;0;0m[48;2;0;0;0m▀[0m    
     [38;2;0;0;0m▀[38;2;0;0;0m▀[38;2;0;0;0m▄[38;2;0;0;0m[48;2;54;54;54m▀[0m[38;2;89;89;89m[48;2;54;54;54m▀[0m[38;2;89;89;89m[48;2;89;89;89m▀[0m[38;2;89;89;89m[48;2;89;89;89m▀[0m[38;2;65;65;65m[48;2;89;89;89m▀[0m[38;2;65;65;65m[48;2;89;89;89m▀[0m[38;2;89;89;89m[48;2;54;54;54m▀[0m[38;2;54;54;54m[48;2;0;0;0m▀[0m[38;2;0;0;0m▀[38;2;0;0;0m▀[38;2;89;89;89m[48;2;0;0;0m▀[0m[38;2;89;89;89m[48;2;54;54;54m▀[0m[38;2;54;54;54m[48;2;54;54;54m▀[0m[38;2;0;0;0m[48;2;54;54;54m▀[0m[38;2;0;0;0m▄   
      [38;2;0;0;0m▄[38;2;0;0;0m[48;2;54;54;54m▀[0m[38;2;54;54;54m[48;2;54;54;54m▀[0m[38;2;54;54;54m[48;2;54;54;54m▀[0m[38;2;65;65;65m[48;2;48;48;48m▀[0m[38;2;89;89;89m[48;2;65;65;65m▀[0m[38;2;89;89;89m[48;2;89;89;89m▀[0m[38;2;89;89;89m[48;2;89;89;89m▀[0m[38;2;0;0;0m[48;2;0;0;0m▀[0m  [38;2;0;0;0m▄[38;2;0;0;0m[48;2;54;54;54m▀[0m[38;2;54;54;54m[48;2;65;65;65m▀[0m[38;2;54;54;54m[48;2;65;65;65m▀[0m[38;2;54;54;54m[48;2;54;54;54m▀[0m[38;2;0;0;0m[48;2;0;0;0m▀[0m   
     [38;2;0;0;0m[48;2;0;0;0m▀[0m[38;2;54;54;54m[48;2;65;65;65m▀[0m[38;2;54;54;54m[48;2;65;65;65m▀[0m[38;2;54;54;54m[48;2;54;54;54m▀[0m[38;2;54;54;54m[48;2;0;0;0m▀[0m[38;2;0;0;0m▀[38;2;0;0;0m[48;2;0;0;0m▀[0m[38;2;89;89;89m[48;2;89;89;89m▀[0m[38;2;89;89;89m[48;2;89;89;89m▀[0m[38;2;89;89;89m[48;2;89;89;89m▀[0m[38;2;0;0;0m[48;2;0;0;0m▀[0m [38;2;0;0;0m▀[38;2;0;0;0m[48;2;0;0;0m▀[0m[38;2;65;65;65m[48;2;0;0;0m▀[0m[38;2;65;65;65m[48;2;0;0;0m▀[0m[38;2;0;0;0m▀    
      [38;2;0;0;0m▀[38;2;0;0;0m▀[38;2;0;0;0m▀ [38;2;0;0;0m[48;2;0;0;0m▀[0m[38;2;89;89;89m[48;2;65;65;65m▀[0m[38;2;89;89;89m[48;2;65;65;65m▀[0m[38;2;89;89;89m[48;2;89;89;89m▀[0m[38;2;48;48;48m[48;2;0;0;0m▀[0m[38;2;0;0;0m▀          
                 [38;2;0;0;0m▀[38;2;0;0;0m▀[38;2;0;0;0m▀                   
                                     [0m                                     