     [38;2;0;0;0m▄[38;2;0;0;0m[48;2;255;180;188m▀[0m[38;2;0;0;0m[48;2;0;0;0m▀[0m                 
   [38;2;0;0;0m▄[38;2;0;0;0m[48;2;212;58;118m▀[0m[38;2;212;58;118m[48;2;212;58;118m▀[0m[38;2;212;58;118m[48;2;65;65;65m▀[0m[38;2;0;0;0m[48;2;65;65;65m▀[0m[38;2;0;0;0m▄[38;2;0;0;0m▄[38;2;0;0;0m[48;2;234;89;148m▀[0m[38;2;0;0;0m[48;2;212;58;118m▀[0m[38;2;0;0;0m[48;2;248;237;222m▀[0m[38;2;0;0;0m[48;2;248;237;222m▀[0m[38;2;0;0;0m▄          
  [38;2;0;0;0m▄[38;2;0;0;0m[48;2;248;237;222m▀[0m[38;2;234;89;148m[48;2;234;89;148m▀[0m[38;2;234;89;148m[48;2;255;180;188m▀[0m[38;2;234;89;148m[48;2;248;237;222m▀[0m[38;2;234;89;148m[48;2;248;237;222m▀[0m[38;2;234;89;148m[48;2;234;89;148m▀[0m[38;2;234;89;148m[48;2;234;89;148m▀[0m[38;2;234;89;148m[48;2;234;89;148m▀[0m[38;2;234;89;148m[48;2;234;89;148m▀[0m[38;2;234;89;148m[48;2;0;0;0m▀[0m[38;2;0;0;0m▀    [38;2;0;0;0m▄[38;2;0;0;0m▄[38;2;0;0;0m▄[38;2;0;0;0m▄   
 [38;2;0;0;0m[48;2;0;0;0m▀[0m[38;2;248;237;222m[48;2;248;237;222m▀[0m[38;2;248;237;222m[48;2;248;237;222m▀[0m[38;2;248;237;222m[48;2;248;237;222m▀[0m[38;2;248;237;222m[48;2;255;180;188m▀[0m[38;2;0;0;0m[48;2;255;255;255m▀[0m[38;2;255;180;188m[48;2;0;0;0m▀[0m[38;2;248;237;222m[48;2;248;237;222m▀[0m[38;2;234;89;148m[48;2;234;89;148m▀[0m[38;2;234;89;148m[48;2;234;89;148m▀[0m[38;2;0;0;0m[48;2;234;89;148m▀[0m[38;2;0;0;0m▄   [38;2;0;0;0m▄[38;2;0;0;0m[48;2;248;237;222m▀[0m[38;2;248;237;222m[48;2;248;237;222m▀[0m[38;2;248;237;222m[48;2;248;237;222m▀[0m[38;2;248;237;222m[48;2;255;180;188m▀[0m[38;2;255;180;188m[48;2;255;180;188m▀[0m[38;2;0;0;0m[48;2;255;180;188m▀[0m[38;2;0;0;0m▄ 
 [38;2;0;0;0m▀[38;2;248;237;222m[48;2;0;0;0m▀[0m[38;2;65;65;65m[48;2;189;74;90m▀[0m[38;2;248;237;222m[48;2;65;65;65m▀[0m[38;2;248;237;222m[48;2;248;237;222m▀[0m[38;2;33;99;49m[48;2;248;237;222m▀[0m[38;2;255;180;188m[48;2;248;237;222m▀[0m[38;2;248;237;222m[48;2;234;89;148m▀[0m[38;2;248;237;222m[48;2;234;89;148m▀[0m[38;2;234;89;148m[48;2;248;237;222m▀[0m[38;2;234;89;148m[48;2;234;89;148m▀[0m[38;2;0;0;0m[48;2;0;0;0m▀[0m  [38;2;0;0;0m▄[38;2;0;0;0m[48;2;212;58;118m▀[0m[38;2;212;58;118m[48;2;212;58;118m▀[0m[38;2;234;89;148m[48;2;212;58;118m▀[0m[38;2;255;180;188m[48;2;212;58;118m▀[0m[38;2;255;180;188m[48;2;255;180;188m▀[0m[38;2;255;180;188m[48;2;0;0;0m▀[0m[38;2;0;0;0m▀  
   [38;2;0;0;0m▀[38;2;248;237;222m[48;2;0;0;0m▀[0m[38;2;248;237;222m[48;2;248;237;222m▀[0m[38;2;248;237;222m[48;2;248;237;222m▀[0m[38;2;212;58;118m[48;2;248;237;222m▀[0m[38;2;212;58;118m[48;2;248;237;222m▀[0m[38;2;248;237;222m[48;2;248;237;222m▀[0m[38;2;248;237;222m[48;2;248;237;222m▀[0m[38;2;234;89;148m[48;2;248;237;222m▀[0m[38;2;234;89;148m[48;2;234;89;148m▀[0m[38;2;0;0;0m[48;2;65;65;65m▀[0m[38;2;0;0;0m▄[38;2;0;0;0m[48;2;212;58;118m▀[0m[38;2;255;180;188m[48;2;212;58;118m▀[0m[38;2;255;180;188m[48;2;234;89;148m▀[0m[38;2;255;180;188m[48;2;255;180;188m▀[0m[38;2;212;58;118m[48;2;255;180;188m▀[0m[38;2;234;89;148m[48;2;212;58;118m▀[0m[38;2;0;0;0m[48;2;0;0;0m▀[0m   
    [38;2;0;0;0m▄[38;2;0;0;0m[48;2;234;89;148m▀[0m[38;2;248;237;222m[48;2;65;65;65m▀[0m[38;2;248;237;222m[48;2;248;237;222m▀[0m[38;2;248;237;222m[48;2;248;237;222m▀[0m[38;2;248;237;222m[48;2;248;237;222m▀[0m[38;2;248;237;222m[48;2;248;237;222m▀[0m[38;2;248;237;222m[48;2;248;237;222m▀[0m[38;2;248;237;222m[48;2;248;237;222m▀[0m[38;2;65;65;65m[48;2;234;89;148m▀[0m[38;2;212;58;118m[48;2;65;65;65m▀[0m[38;2;212;58;118m[48;2;255;180;188m▀[0m[38;2;212;58;118m[48;2;255;180;188m▀[0m[38;2;212;58;118m[48;2;212;58;118m▀[0m[38;2;212;58;118m[48;2;212;58;118m▀[0m[38;2;255;180;188m[48;2;234;89;148m▀[0m[38;2;255;180;188m[48;2;0;0;0m▀[0m[38;2;0;0;0m▀   
     [38;2;0;0;0m▀[38;2;0;0;0m▀[38;2;255;180;188m[48;2;0;0;0m▀[0m[38;2;248;237;222m[48;2;234;89;148m▀[0m[38;2;248;237;222m[48;2;234;89;148m▀[0m[38;2;65;65;65m[48;2;65;65;65m▀[0m[38;2;248;237;222m[48;2;234;89;148m▀[0m[38;2;65;65;65m[48;2;65;65;65m▀[0m[38;2;234;89;148m[48;2;234;89;148m▀[0m[38;2;255;180;188m[48;2;255;180;188m▀[0m[38;2;212;58;118m[48;2;212;58;118m▀[0m[38;2;255;180;188m[48;2;212;58;118m▀[0m[38;2;255;180;188m[48;2;255;180;188m▀[0m[38;2;212;58;118m[48;2;212;58;118m▀[0m[38;2;212;58;118m[48;2;0;0;0m▀[0m[38;2;0;0;0m▀    
      [38;2;0;0;0m▄[38;2;0;0;0m[48;2;255;180;188m▀[0m[38;2;248;237;222m[48;2;65;65;65m▀[0m[38;2;234;89;148m[48;2;248;237;222m▀[0m[38;2;234;89;148m[48;2;248;237;222m▀[0m[38;2;65;65;65m[48;2;255;180;188m▀[0m[38;2;234;89;148m[48;2;255;180;188m▀[0m[38;2;255;180;188m[48;2;255;180;188m▀[0m[38;2;255;180;188m[48;2;212;58;118m▀[0m[38;2;212;58;118m[48;2;212;58;118m▀[0m[38;2;212;58;118m[48;2;255;180;188m▀[0m[38;2;255;180;188m[48;2;255;180;188m▀[0m[38;2;255;180;188m[48;2;0;0;0m▀[0m[38;2;0;0;0m▀     
       [38;2;0;0;0m▀[38;2;0;0;0m▀[38;2;0;0;0m▀[38;2;255;180;188m[48;2;0;0;0m▀[0m[38;2;255;180;188m[48;2;0;0;0m▀[0m[38;2;212;58;118m[48;2;0;0;0m▀[0m[38;2;65;65;65m[48;2;248;237;222m▀[0m[38;2;65;65;65m[48;2;248;237;222m▀[0m[38;2;255;180;188m[48;2;0;0;0m▀[0m[38;2;0;0;0m▀[38;2;0;0;0m▀       
                          [38;2;0;0;0m▀[38;2;0;0;0m▀                        
                                     [0m                                     