     [38;2;0;0;0m▄[38;2;0;0;0m▄[38;2;0;0;0m[48;2;69;65;179m▀[0m[38;2;0;0;0m[48;2;69;65;179m▀[0m[38;2;0;0;0m[48;2;65;65;65m▀[0m[38;2;0;0;0m▄[38;2;0;0;0m▄[38;2;0;0;0m▄            
   [38;2;0;0;0m▄[38;2;0;0;0m[48;2;69;65;179m▀[0m[38;2;69;65;179m[48;2;69;65;179m▀[0m[38;2;69;65;179m[48;2;65;65;65m▀[0m[38;2;65;65;65m[48;2;100;92;252m▀[0m[38;2;65;65;65m[48;2;100;92;252m▀[0m[38;2;100;92;252m[48;2;100;92;252m▀[0m[38;2;100;92;252m[48;2;100;92;252m▀[0m[38;2;100;92;252m[48;2;100;92;252m▀[0m[38;2;100;92;252m[48;2;0;0;0m▀[0m[38;2;0;0;0m[48;2;142;212;239m▀[0m[38;2;0;0;0m[48;2;142;212;239m▀[0m[38;2;0;0;0m[48;2;100;92;252m▀[0m[38;2;0;0;0m▄        
   [38;2;0;0;0m▀[38;2;69;65;179m[48;2;0;0;0m▀[0m[38;2;65;65;65m[48;2;100;92;252m▀[0m[38;2;100;92;252m[48;2;100;92;252m▀[0m[38;2;100;92;252m[48;2;100;92;252m▀[0m[38;2;100;92;252m[48;2;100;92;252m▀[0m[38;2;100;92;252m[48;2;100;92;252m▀[0m[38;2;100;92;252m[48;2;65;65;65m▀[0m[38;2;65;65;65m[48;2;100;92;252m▀[0m[38;2;142;212;239m[48;2;100;92;252m▀[0m[38;2;142;212;239m[48;2;109;151;167m▀[0m[38;2;142;212;239m[48;2;142;212;239m▀[0m[38;2;142;212;239m[48;2;142;212;239m▀[0m[38;2;0;0;0m[48;2;0;0;0m▀[0m[38;2;0;0;0m▄[38;2;0;0;0m[48;2;100;92;252m▀[0m[38;2;0;0;0m[48;2;100;92;252m▀[0m[38;2;0;0;0m[48;2;0;0;0m▀[0m    
   [38;2;0;0;0m[48;2;0;0;0m▀[0m[38;2;100;92;252m[48;2;100;92;252m▀[0m[38;2;100;92;252m[48;2;100;92;252m▀[0m[38;2;100;92;252m[48;2;100;92;252m▀[0m[38;2;100;92;252m[48;2;100;92;252m▀[0m[38;2;100;92;252m[48;2;0;0;0m▀[0m[38;2;0;0;0m[48;2;247;247;41m▀[0m[38;2;65;65;65m[48;2;65;65;65m▀[0m[38;2;100;92;252m[48;2;65;65;65m▀[0m[38;2;100;92;252m[48;2;100;92;252m▀[0m[38;2;100;92;252m[48;2;100;92;252m▀[0m[38;2;142;212;239m[48;2;65;65;65m▀[0m[38;2;65;65;65m[48;2;69;65;179m▀[0m[38;2;69;65;179m[48;2;69;65;179m▀[0m[38;2;69;65;179m[48;2;69;65;179m▀[0m[38;2;100;92;252m[48;2;0;0;0m▀[0m[38;2;0;0;0m▀     
  [38;2;0;0;0m[48;2;0;0;0m▀[0m[38;2;100;92;252m[48;2;100;92;252m▀[0m[38;2;100;92;252m[48;2;100;92;252m▀[0m[38;2;100;92;252m[48;2;100;92;252m▀[0m[38;2;100;92;252m[48;2;0;0;0m▀[0m[38;2;0;0;0m[48;2;100;92;252m▀[0m[38;2;65;65;65m[48;2;65;65;65m▀[0m[38;2;0;0;0m[48;2;65;65;65m▀[0m[38;2;65;65;65m[48;2;69;65;179m▀[0m[38;2;69;65;179m[48;2;69;65;179m▀[0m[38;2;65;65;65m[48;2;69;65;179m▀[0m[38;2;65;65;65m[48;2;65;65;65m▀[0m[38;2;69;65;179m[48;2;65;65;65m▀[0m[38;2;69;65;179m[48;2;69;65;179m▀[0m[38;2;69;65;179m[48;2;69;65;179m▀[0m[38;2;69;65;179m[48;2;0;0;0m▀[0m[38;2;0;0;0m▀   [38;2;0;0;0m▄[38;2;0;0;0m▄ 
  [38;2;0;0;0m▀[38;2;100;92;252m[48;2;0;0;0m▀[0m[38;2;100;92;252m[48;2;65;65;65m▀[0m[38;2;100;92;252m[48;2;208;103;79m▀[0m[38;2;100;92;252m[48;2;208;103;79m▀[0m[38;2;100;92;252m[48;2;208;103;79m▀[0m[38;2;100;92;252m[48;2;208;103;79m▀[0m[38;2;100;92;252m[48;2;208;103;79m▀[0m[38;2;255;255;255m[48;2;208;103;79m▀[0m[38;2;208;103;79m[48;2;208;103;79m▀[0m[38;2;100;92;252m[48;2;255;137;66m▀[0m[38;2;100;92;252m[48;2;100;92;252m▀[0m[38;2;65;65;65m[48;2;100;92;252m▀[0m[38;2;65;65;65m[48;2;100;92;252m▀[0m[38;2;69;65;179m[48;2;65;65;65m▀[0m[38;2;0;0;0m[48;2;65;65;65m▀[0m[38;2;0;0;0m▄[38;2;0;0;0m▄[38;2;0;0;0m[48;2;65;65;65m▀[0m[38;2;0;0;0m[48;2;69;65;179m▀[0m[38;2;69;65;179m[48;2;69;65;179m▀[0m[38;2;0;0;0m[48;2;0;0;0m▀[0m 
  [38;2;0;0;0m▄[38;2;0;0;0m▄[38;2;0;0;0m[48;2;69;65;179m▀[0m[38;2;65;65;65m[48;2;255;255;255m▀[0m[38;2;65;65;65m[48;2;142;212;239m▀[0m[38;2;208;103;79m[48;2;0;0;0m▀[0m[38;2;208;103;79m[48;2;0;0;0m▀[0m[38;2;208;103;79m[48;2;65;65;65m▀[0m[38;2;65;65;65m[48;2;255;137;66m▀[0m[38;2;255;137;66m[48;2;255;137;66m▀[0m[38;2;255;137;66m[48;2;255;137;66m▀[0m[38;2;255;137;66m[48;2;255;137;66m▀[0m[38;2;65;65;65m[48;2;100;92;252m▀[0m[38;2;69;65;179m[48;2;65;65;65m▀[0m[38;2;100;92;252m[48;2;100;92;252m▀[0m[38;2;100;92;252m[48;2;100;92;252m▀[0m[38;2;65;65;65m[48;2;100;92;252m▀[0m[38;2;69;65;179m[48;2;65;65;65m▀[0m[38;2;69;65;179m[48;2;65;65;65m▀[0m[38;2;69;65;179m[48;2;69;65;179m▀[0m[38;2;0;0;0m[48;2;0;0;0m▀[0m  
 [38;2;0;0;0m[48;2;0;0;0m▀[0m[38;2;69;65;179m[48;2;0;0;0m▀[0m[38;2;69;65;179m[48;2;0;0;0m▀[0m[38;2;0;0;0m▀[38;2;255;255;255m[48;2;0;0;0m▀[0m[38;2;65;65;65m[48;2;0;0;0m▀[0m[38;2;0;0;0m▀[38;2;0;0;0m▄[38;2;0;0;0m[48;2;65;65;65m▀[0m[38;2;255;137;66m[48;2;255;137;66m▀[0m[38;2;208;103;79m[48;2;109;151;167m▀[0m[38;2;255;137;66m[48;2;208;103;79m▀[0m[38;2;255;137;66m[48;2;208;103;79m▀[0m[38;2;255;137;66m[48;2;65;65;65m▀[0m[38;2;65;65;65m[48;2;255;255;255m▀[0m[38;2;255;255;255m[48;2;255;255;255m▀[0m[38;2;100;92;252m[48;2;69;65;179m▀[0m[38;2;100;92;252m[48;2;100;92;252m▀[0m[38;2;100;92;252m[48;2;100;92;252m▀[0m[38;2;100;92;252m[48;2;100;92;252m▀[0m[38;2;0;0;0m[48;2;100;92;252m▀[0m[38;2;0;0;0m▄  
      [38;2;0;0;0m▄[38;2;0;0;0m[48;2;142;212;239m▀[0m[38;2;69;65;179m[48;2;255;255;255m▀[0m[38;2;69;65;179m[48;2;142;212;239m▀[0m[38;2;65;65;65m[48;2;69;65;179m▀[0m[38;2;109;151;167m[48;2;0;0;0m▀[0m[38;2;109;151;167m[48;2;0;0;0m▀[0m[38;2;109;151;167m[48;2;109;151;167m▀[0m[38;2;65;65;65m[48;2;65;65;65m▀[0m[38;2;255;255;255m[48;2;65;65;65m▀[0m[38;2;65;65;65m[48;2;69;65;179m▀[0m[38;2;65;65;65m[48;2;69;65;179m▀[0m[38;2;65;65;65m[48;2;69;65;179m▀[0m[38;2;65;65;65m[48;2;109;151;167m▀[0m[38;2;0;0;0m[48;2;0;0;0m▀[0m[38;2;0;0;0m▀   
       [38;2;0;0;0m▀[38;2;0;0;0m▀[38;2;0;0;0m▀[38;2;0;0;0m▀  [38;2;0;0;0m▀[38;2;0;0;0m[48;2;0;0;0m▀[0m[38;2;69;65;179m[48;2;255;255;255m▀[0m[38;2;69;65;179m[48;2;65;65;65m▀[0m[38;2;69;65;179m[48;2;255;255;255m▀[0m[38;2;65;65;65m[48;2;0;0;0m▀[0m[38;2;0;0;0m▀     
                      [38;2;0;0;0m▀[38;2;0;0;0m▀[38;2;0;0;0m▀              
                                     [0m                                     