     [38;2;0;0;0m▄[38;2;0;0;0m▄[38;2;0;0;0m[48;2;107;107;197m▀[0m[38;2;0;0;0m[48;2;107;107;197m▀[0m[38;2;0;0;0m[48;2;65;65;65m▀[0m[38;2;0;0;0m▄[38;2;0;0;0m▄[38;2;0;0;0m▄            
   [38;2;0;0;0m▄[38;2;0;0;0m[48;2;107;107;197m▀[0m[38;2;107;107;197m[48;2;107;107;197m▀[0m[38;2;107;107;197m[48;2;65;65;65m▀[0m[38;2;65;65;65m[48;2;123;140;214m▀[0m[38;2;65;65;65m[48;2;123;140;214m▀[0m[38;2;123;140;214m[48;2;123;140;214m▀[0m[38;2;123;140;214m[48;2;123;140;214m▀[0m[38;2;123;140;214m[48;2;123;140;214m▀[0m[38;2;123;140;214m[48;2;0;0;0m▀[0m[38;2;0;0;0m[48;2;181;189;255m▀[0m[38;2;0;0;0m[48;2;181;189;255m▀[0m[38;2;0;0;0m[48;2;123;140;214m▀[0m[38;2;0;0;0m▄        
   [38;2;0;0;0m▀[38;2;107;107;197m[48;2;0;0;0m▀[0m[38;2;65;65;65m[48;2;123;140;214m▀[0m[38;2;123;140;214m[48;2;123;140;214m▀[0m[38;2;123;140;214m[48;2;123;140;214m▀[0m[38;2;123;140;214m[48;2;123;140;214m▀[0m[38;2;123;140;214m[48;2;123;140;214m▀[0m[38;2;123;140;214m[48;2;65;65;65m▀[0m[38;2;65;65;65m[48;2;123;140;214m▀[0m[38;2;181;189;255m[48;2;123;140;214m▀[0m[38;2;181;189;255m[48;2;148;156;222m▀[0m[38;2;181;189;255m[48;2;181;189;255m▀[0m[38;2;181;189;255m[48;2;181;189;255m▀[0m[38;2;0;0;0m[48;2;0;0;0m▀[0m[38;2;0;0;0m▄[38;2;0;0;0m[48;2;123;140;214m▀[0m[38;2;0;0;0m[48;2;123;140;214m▀[0m[38;2;0;0;0m[48;2;0;0;0m▀[0m    
   [38;2;0;0;0m[48;2;0;0;0m▀[0m[38;2;123;140;214m[48;2;123;140;214m▀[0m[38;2;123;140;214m[48;2;123;140;214m▀[0m[38;2;123;140;214m[48;2;123;140;214m▀[0m[38;2;123;140;214m[48;2;123;140;214m▀[0m[38;2;123;140;214m[48;2;0;0;0m▀[0m[38;2;0;0;0m[48;2;247;247;41m▀[0m[38;2;65;65;65m[48;2;65;65;65m▀[0m[38;2;123;140;214m[48;2;65;65;65m▀[0m[38;2;123;140;214m[48;2;123;140;214m▀[0m[38;2;123;140;214m[48;2;123;140;214m▀[0m[38;2;181;189;255m[48;2;65;65;65m▀[0m[38;2;65;65;65m[48;2;107;107;197m▀[0m[38;2;107;107;197m[48;2;107;107;197m▀[0m[38;2;107;107;197m[48;2;107;107;197m▀[0m[38;2;123;140;214m[48;2;0;0;0m▀[0m[38;2;0;0;0m▀     
  [38;2;0;0;0m[48;2;0;0;0m▀[0m[38;2;123;140;214m[48;2;123;140;214m▀[0m[38;2;123;140;214m[48;2;123;140;214m▀[0m[38;2;123;140;214m[48;2;123;140;214m▀[0m[38;2;123;140;214m[48;2;0;0;0m▀[0m[38;2;0;0;0m[48;2;123;140;214m▀[0m[38;2;65;65;65m[48;2;65;65;65m▀[0m[38;2;0;0;0m[48;2;65;65;65m▀[0m[38;2;65;65;65m[48;2;107;107;197m▀[0m[38;2;107;107;197m[48;2;107;107;197m▀[0m[38;2;65;65;65m[48;2;107;107;197m▀[0m[38;2;65;65;65m[48;2;65;65;65m▀[0m[38;2;107;107;197m[48;2;65;65;65m▀[0m[38;2;107;107;197m[48;2;107;107;197m▀[0m[38;2;107;107;197m[48;2;107;107;197m▀[0m[38;2;107;107;197m[48;2;0;0;0m▀[0m[38;2;0;0;0m▀   [38;2;0;0;0m▄[38;2;0;0;0m▄ 
  [38;2;0;0;0m▀[38;2;123;140;214m[48;2;0;0;0m▀[0m[38;2;123;140;214m[48;2;65;65;65m▀[0m[38;2;123;140;214m[48;2;189;99;99m▀[0m[38;2;123;140;214m[48;2;189;99;99m▀[0m[38;2;123;140;214m[48;2;189;99;99m▀[0m[38;2;123;140;214m[48;2;189;99;99m▀[0m[38;2;123;140;214m[48;2;189;99;99m▀[0m[38;2;255;255;255m[48;2;189;99;99m▀[0m[38;2;189;99;99m[48;2;189;99;99m▀[0m[38;2;123;140;214m[48;2;247;107;74m▀[0m[38;2;123;140;214m[48;2;123;140;214m▀[0m[38;2;65;65;65m[48;2;123;140;214m▀[0m[38;2;65;65;65m[48;2;123;140;214m▀[0m[38;2;107;107;197m[48;2;65;65;65m▀[0m[38;2;0;0;0m[48;2;65;65;65m▀[0m[38;2;0;0;0m▄[38;2;0;0;0m▄[38;2;0;0;0m[48;2;65;65;65m▀[0m[38;2;0;0;0m[48;2;107;107;197m▀[0m[38;2;107;107;197m[48;2;107;107;197m▀[0m[38;2;0;0;0m[48;2;0;0;0m▀[0m 
  [38;2;0;0;0m▄[38;2;0;0;0m▄[38;2;0;0;0m[48;2;107;107;197m▀[0m[38;2;65;65;65m[48;2;255;255;255m▀[0m[38;2;65;65;65m[48;2;181;189;255m▀[0m[38;2;189;99;99m[48;2;0;0;0m▀[0m[38;2;189;99;99m[48;2;0;0;0m▀[0m[38;2;189;99;99m[48;2;65;65;65m▀[0m[38;2;65;65;65m[48;2;247;107;74m▀[0m[38;2;247;107;74m[48;2;247;107;74m▀[0m[38;2;247;107;74m[48;2;247;107;74m▀[0m[38;2;247;107;74m[48;2;247;107;74m▀[0m[38;2;65;65;65m[48;2;123;140;214m▀[0m[38;2;107;107;197m[48;2;65;65;65m▀[0m[38;2;123;140;214m[48;2;123;140;214m▀[0m[38;2;123;140;214m[48;2;123;140;214m▀[0m[38;2;65;65;65m[48;2;123;140;214m▀[0m[38;2;107;107;197m[48;2;65;65;65m▀[0m[38;2;107;107;197m[48;2;65;65;65m▀[0m[38;2;107;107;197m[48;2;107;107;197m▀[0m[38;2;0;0;0m[48;2;0;0;0m▀[0m  
 [38;2;0;0;0m[48;2;0;0;0m▀[0m[38;2;107;107;197m[48;2;0;0;0m▀[0m[38;2;107;107;197m[48;2;0;0;0m▀[0m[38;2;0;0;0m▀[38;2;255;255;255m[48;2;0;0;0m▀[0m[38;2;65;65;65m[48;2;0;0;0m▀[0m[38;2;0;0;0m▀[38;2;0;0;0m▄[38;2;0;0;0m[48;2;65;65;65m▀[0m[38;2;247;107;74m[48;2;247;107;74m▀[0m[38;2;189;99;99m[48;2;148;156;222m▀[0m[38;2;247;107;74m[48;2;189;99;99m▀[0m[38;2;247;107;74m[48;2;189;99;99m▀[0m[38;2;247;107;74m[48;2;65;65;65m▀[0m[38;2;65;65;65m[48;2;255;255;255m▀[0m[38;2;255;255;255m[48;2;255;255;255m▀[0m[38;2;123;140;214m[48;2;107;107;197m▀[0m[38;2;123;140;214m[48;2;123;140;214m▀[0m[38;2;123;140;214m[48;2;123;140;214m▀[0m[38;2;123;140;214m[48;2;123;140;214m▀[0m[38;2;0;0;0m[48;2;123;140;214m▀[0m[38;2;0;0;0m▄  
      [38;2;0;0;0m▄[38;2;0;0;0m[48;2;181;189;255m▀[0m[38;2;107;107;197m[48;2;255;255;255m▀[0m[38;2;107;107;197m[48;2;181;189;255m▀[0m[38;2;65;65;65m[48;2;107;107;197m▀[0m[38;2;148;156;222m[48;2;0;0;0m▀[0m[38;2;148;156;222m[48;2;0;0;0m▀[0m[38;2;148;156;222m[48;2;148;156;222m▀[0m[38;2;65;65;65m[48;2;65;65;65m▀[0m[38;2;255;255;255m[48;2;65;65;65m▀[0m[38;2;65;65;65m[48;2;107;107;197m▀[0m[38;2;65;65;65m[48;2;107;107;197m▀[0m[38;2;65;65;65m[48;2;107;107;197m▀[0m[38;2;65;65;65m[48;2;148;156;222m▀[0m[38;2;0;0;0m[48;2;0;0;0m▀[0m[38;2;0;0;0m▀   
       [38;2;0;0;0m▀[38;2;0;0;0m▀[38;2;0;0;0m▀[38;2;0;0;0m▀  [38;2;0;0;0m▀[38;2;0;0;0m[48;2;0;0;0m▀[0m[38;2;107;107;197m[48;2;255;255;255m▀[0m[38;2;107;107;197m[48;2;65;65;65m▀[0m[38;2;107;107;197m[48;2;255;255;255m▀[0m[38;2;65;65;65m[48;2;0;0;0m▀[0m[38;2;0;0;0m▀     
                      [38;2;0;0;0m▀[38;2;0;0;0m▀[38;2;0;0;0m▀              
                                     [0m                                     