                  [38;2;0;0;0m▄[38;2;0;0;0m[48;2;23;74;103m▀[0m[38;2;0;0;0m▄                  
                 [38;2;0;0;0m▄[38;2;0;0;0m[48;2;66;65;66m▀[0m[38;2;24;75;104m[48;2;24;75;104m▀[0m[38;2;0;0;0m[48;2;24;75;104m▀[0m[38;2;0;0;0m▄[38;2;0;0;0m[48;2;23;74;103m▀[0m[38;2;0;0;0m▄         [38;2;0;0;0m▄     
                 [38;2;0;0;0m[48;2;0;0;0m▀[0m[38;2;24;75;104m[48;2;24;75;104m▀[0m[38;2;25;76;105m[48;2;25;76;105m▀[0m[38;2;25;76;105m[48;2;25;76;105m▀[0m[38;2;25;76;105m[48;2;25;76;105m▀[0m[38;2;25;76;105m[48;2;25;76;105m▀[0m[38;2;0;0;0m[48;2;0;0;0m▀[0m     [38;2;0;0;0m▄[38;2;0;0;0m[48;2;73;124;153m▀[0m[38;2;0;0;0m▄[38;2;0;0;0m[48;2;73;124;153m▀[0m[38;2;75;126;155m[48;2;75;126;155m▀[0m[38;2;16;8;0m[48;2;1;50;78m▀[0m[38;2;0;0;0m▄[38;2;0;0;0m▄  
                  [38;2;0;0;0m[48;2;0;0;0m▀[0m[38;2;28;79;108m[48;2;2;53;82m▀[0m[38;2;2;53;82m[48;2;162;168;162m▀[0m[38;2;6;57;86m[48;2;156;140;98m▀[0m[38;2;6;57;86m[48;2;232;224;108m▀[0m[38;2;82;73;49m[48;2;236;227;104m▀[0m[38;2;0;0;16m[48;2;236;227;104m▀[0m[38;2;0;0;0m[48;2;236;227;96m▀[0m[38;2;0;0;0m▄[38;2;0;0;0m▄ [38;2;0;0;0m[48;2;0;0;0m▀[0m[38;2;73;124;153m[48;2;73;124;153m▀[0m[38;2;72;123;152m[48;2;72;123;152m▀[0m[38;2;72;123;152m[48;2;72;123;152m▀[0m[38;2;72;123;152m[48;2;72;123;152m▀[0m[38;2;72;123;152m[48;2;72;123;152m▀[0m[38;2;73;124;153m[48;2;0;0;0m▀[0m[38;2;0;0;0m▀  
             [38;2;0;0;0m▄ [38;2;0;0;0m▄[38;2;0;0;0m[48;2;236;227;96m▀[0m[38;2;8;8;0m[48;2;123;129;123m▀[0m[38;2;183;189;183m[48;2;123;129;123m▀[0m[38;2;136;142;136m[48;2;236;227;96m▀[0m[38;2;236;227;96m[48;2;236;227;96m▀[0m[38;2;235;226;95m[48;2;235;226;95m▀[0m[38;2;235;226;95m[48;2;235;226;95m▀[0m[38;2;235;227;111m[48;2;140;146;140m▀[0m[38;2;140;146;140m[48;2;164;170;164m▀[0m[38;2;136;142;136m[48;2;164;170;164m▀[0m[38;2;164;170;164m[48;2;136;142;136m▀[0m[38;2;209;204;135m[48;2;129;135;129m▀[0m[38;2;0;4;8m[48;2;209;204;135m▀[0m[38;2;73;124;153m[48;2;66;65;66m▀[0m[38;2;73;124;153m[48;2;73;124;153m▀[0m[38;2;73;124;153m[48;2;66;65;66m▀[0m[38;2;73;124;153m[48;2;73;124;153m▀[0m[38;2;73;124;153m[48;2;73;124;153m▀[0m[38;2;73;124;153m[48;2;0;0;0m▀[0m[38;2;0;0;0m▀   
        [38;2;0;0;0m▄[38;2;0;0;0m[48;2;207;176;51m▀[0m[38;2;0;0;0m▄ [38;2;0;0;0m[48;2;0;0;0m▀[0m[38;2;207;176;51m[48;2;207;176;51m▀[0m[38;2;0;4;16m[48;2;63;55;32m▀[0m[38;2;179;174;108m[48;2;74;73;74m▀[0m[38;2;74;73;74m[48;2;232;225;125m▀[0m[38;2;167;173;167m[48;2;66;65;66m▀[0m[38;2;132;138;132m[48;2;167;173;167m▀[0m[38;2;236;227;96m[48;2;136;142;136m▀[0m[38;2;236;227;96m[48;2;136;142;136m▀[0m[38;2;134;140;134m[48;2;169;175;169m▀[0m[38;2;134;140;134m[48;2;74;69;66m▀[0m[38;2;164;170;164m[48;2;164;170;164m▀[0m[38;2;164;170;164m[48;2;136;142;136m▀[0m[38;2;136;142;136m[48;2;236;227;96m▀[0m[38;2;236;227;96m[48;2;236;227;96m▀[0m[38;2;236;227;96m[48;2;136;142;136m▀[0m[38;2;236;227;96m[48;2;136;142;136m▀[0m[38;2;232;224;108m[48;2;156;140;98m▀[0m[38;2;6;57;86m[48;2;6;57;86m▀[0m[38;2;73;124;153m[48;2;73;124;153m▀[0m[38;2;66;65;66m[48;2;73;124;153m▀[0m[38;2;24;75;104m[48;2;24;75;104m▀[0m[38;2;0;0;0m[48;2;24;75;104m▀[0m[38;2;0;0;0m▄   
       [38;2;0;0;0m[48;2;0;0;0m▀[0m[38;2;207;176;51m[48;2;207;176;51m▀[0m[38;2;208;176;49m[48;2;208;176;49m▀[0m[38;2;208;176;49m[48;2;66;65;66m▀[0m[38;2;0;8;24m[48;2;66;59;40m▀[0m[38;2;212;181;56m[48;2;66;59;40m▀[0m[38;2;66;65;66m[48;2;236;227;96m▀[0m[38;2;236;227;96m[48;2;236;227;96m▀[0m[38;2;235;226;95m[48;2;235;226;95m▀[0m[38;2;235;226;95m[48;2;235;226;95m▀[0m[38;2;6;57;86m[48;2;231;225;132m▀[0m[38;2;168;168;162m[48;2;6;57;86m▀[0m[38;2;165;171;165m[48;2;66;65;66m▀[0m[38;2;66;65;66m[48;2;66;65;66m▀[0m[38;2;66;65;66m[48;2;236;227;96m▀[0m[38;2;236;227;96m[48;2;236;227;96m▀[0m[38;2;66;65;66m[48;2;66;65;66m▀[0m[38;2;165;171;165m[48;2;165;171;165m▀[0m[38;2;134;140;134m[48;2;169;175;169m▀[0m[38;2;134;140;134m[48;2;74;69;66m▀[0m[38;2;165;171;165m[48;2;165;171;165m▀[0m[38;2;165;171;165m[48;2;165;171;165m▀[0m[38;2;66;65;66m[48;2;82;133;162m▀[0m[38;2;82;133;162m[48;2;66;65;66m▀[0m[38;2;11;62;91m[48;2;236;227;96m▀[0m[38;2;11;62;91m[48;2;11;62;91m▀[0m[38;2;23;74;103m[48;2;0;0;0m▀[0m[38;2;0;0;0m▀    
    [38;2;0;0;0m▄[38;2;0;0;0m▄[38;2;0;0;0m[48;2;207;176;51m▀[0m[38;2;209;176;45m[48;2;209;176;45m▀[0m[38;2;209;176;45m[48;2;209;176;45m▀[0m[38;2;66;65;66m[48;2;66;65;66m▀[0m[38;2;25;76;105m[48;2;25;76;105m▀[0m[38;2;82;73;41m[48;2;255;255;206m▀[0m[38;2;197;194;151m[48;2;197;194;151m▀[0m[38;2;236;227;96m[48;2;71;122;151m▀[0m[38;2;236;227;96m[48;2;236;227;96m▀[0m[38;2;235;226;95m[48;2;235;226;95m▀[0m[38;2;235;226;95m[48;2;235;226;95m▀[0m[38;2;235;226;95m[48;2;235;226;95m▀[0m[38;2;235;226;95m[48;2;235;226;95m▀[0m[38;2;235;226;95m[48;2;235;226;95m▀[0m[38;2;235;226;95m[48;2;235;226;95m▀[0m[38;2;235;226;95m[48;2;235;226;95m▀[0m[38;2;235;226;95m[48;2;235;226;95m▀[0m[38;2;66;65;66m[48;2;236;227;96m▀[0m[38;2;236;227;96m[48;2;66;65;66m▀[0m[38;2;66;65;66m[48;2;236;227;96m▀[0m[38;2;236;227;96m[48;2;236;227;96m▀[0m[38;2;66;65;66m[48;2;66;65;66m▀[0m[38;2;165;171;165m[48;2;66;65;66m▀[0m[38;2;16;67;96m[48;2;16;67;96m▀[0m[38;2;236;227;96m[48;2;236;227;96m▀[0m[38;2;235;226;95m[48;2;235;226;95m▀[0m[38;2;235;226;95m[48;2;235;226;95m▀[0m[38;2;0;0;0m[48;2;0;0;0m▀[0m     
  [38;2;0;0;0m▄[38;2;0;0;0m[48;2;207;176;51m▀[0m[38;2;207;176;51m[48;2;207;176;51m▀[0m[38;2;209;176;45m[48;2;209;176;45m▀[0m[38;2;209;176;45m[48;2;209;176;45m▀[0m[38;2;207;176;51m[48;2;207;176;51m▀[0m[38;2;207;176;51m[48;2;0;0;0m▀[0m[38;2;0;0;0m▀[38;2;66;65;66m[48;2;0;0;0m▀[0m[38;2;71;122;151m[48;2;71;122;151m▀[0m[38;2;236;227;96m[48;2;236;227;96m▀[0m[38;2;236;227;96m[48;2;71;122;151m▀[0m[38;2;236;227;96m[48;2;236;227;96m▀[0m[38;2;236;227;96m[48;2;236;227;96m▀[0m[38;2;71;122;151m[48;2;236;227;96m▀[0m[38;2;236;227;96m[48;2;11;62;91m▀[0m[38;2;11;62;91m[48;2;11;62;91m▀[0m[38;2;3;54;83m[48;2;239;251;255m▀[0m[38;2;3;54;83m[48;2;115;166;195m▀[0m[38;2;219;212;111m[48;2;1;48;76m▀[0m[38;2;108;106;78m[48;2;163;159;94m▀[0m[38;2;228;222;137m[48;2;24;75;104m▀[0m[38;2;24;75;104m[48;2;109;116;106m▀[0m[38;2;236;227;96m[48;2;66;65;66m▀[0m[38;2;236;227;96m[48;2;236;227;96m▀[0m[38;2;236;227;96m[48;2;236;227;96m▀[0m[38;2;66;65;66m[48;2;66;65;66m▀[0m[38;2;25;76;105m[48;2;66;65;66m▀[0m[38;2;66;65;66m[48;2;66;65;66m▀[0m[38;2;235;226;95m[48;2;235;226;95m▀[0m[38;2;235;226;95m[48;2;235;226;95m▀[0m[38;2;236;227;104m[48;2;236;227;104m▀[0m[38;2;0;0;16m[48;2;82;73;49m▀[0m[38;2;0;0;0m▄   
 [38;2;0;0;0m▄[38;2;0;0;0m[48;2;207;176;51m▀[0m[38;2;209;176;45m[48;2;209;176;45m▀[0m[38;2;209;176;45m[48;2;209;176;45m▀[0m[38;2;209;176;45m[48;2;209;176;45m▀[0m[38;2;209;176;45m[48;2;209;176;45m▀[0m[38;2;207;176;51m[48;2;207;176;51m▀[0m[38;2;0;0;0m[48;2;0;0;0m▀[0m [38;2;0;0;0m▀[38;2;87;75;54m[48;2;8;4;24m▀[0m[38;2;236;227;104m[48;2;87;75;54m▀[0m[38;2;235;226;95m[48;2;235;226;95m▀[0m[38;2;235;226;95m[48;2;235;226;95m▀[0m[38;2;50;101;130m[48;2;231;221;83m▀[0m[38;2;231;221;83m[48;2;126;129;131m▀[0m[38;2;1;52;81m[48;2;1;52;81m▀[0m[38;2;239;251;255m[48;2;112;123;139m▀[0m[38;2;0;0;0m[48;2;0;0;0m▀[0m[38;2;74;113;189m[48;2;74;113;189m▀[0m[38;2;64;70;64m[48;2;89;95;89m▀[0m[38;2;140;146;140m[48;2;74;65;66m▀[0m[38;2;40;48;66m[48;2;45;96;125m▀[0m[38;2;81;132;161m[48;2;16;12;0m▀[0m[38;2;66;65;66m[48;2;66;65;66m▀[0m[38;2;236;227;96m[48;2;236;227;96m▀[0m[38;2;235;226;95m[48;2;235;226;95m▀[0m[38;2;235;226;95m[48;2;235;226;95m▀[0m[38;2;66;65;66m[48;2;236;227;96m▀[0m[38;2;66;65;66m[48;2;66;65;66m▀[0m[38;2;234;224;86m[48;2;66;60;57m▀[0m[38;2;234;224;86m[48;2;176;169;75m▀[0m[38;2;209;176;45m[48;2;209;176;45m▀[0m[38;2;209;176;45m[48;2;209;176;45m▀[0m[38;2;207;176;51m[48;2;207;176;51m▀[0m[38;2;0;0;0m[48;2;207;176;51m▀[0m[38;2;0;0;0m▄ 
  [38;2;0;0;0m▀[38;2;57;52;51m[48;2;0;4;24m▀[0m[38;2;162;158;96m[48;2;108;106;72m▀[0m[38;2;57;52;51m[48;2;108;106;72m▀[0m[38;2;162;158;96m[48;2;0;4;24m▀[0m[38;2;0;0;0m▀[38;2;0;0;0m▄[38;2;0;0;0m▄[38;2;0;0;0m[48;2;236;227;96m▀[0m[38;2;11;62;91m[48;2;236;227;96m▀[0m[38;2;11;62;91m[48;2;11;62;91m▀[0m[38;2;104;101;60m[48;2;0;0;0m▀[0m[38;2;104;101;60m[48;2;0;0;0m▀[0m[38;2;104;101;63m[48;2;136;142;136m▀[0m[38;2;136;142;136m[48;2;136;142;136m▀[0m[38;2;137;143;137m[48;2;137;143;137m▀[0m[38;2;66;65;66m[48;2;137;143;137m▀[0m[38;2;92;98;92m[48;2;140;146;140m▀[0m[38;2;92;98;92m[48;2;0;0;0m▀[0m[38;2;139;145;139m[48;2;0;0;0m▀[0m[38;2;0;0;0m▀[38;2;0;0;0m▀ [38;2;0;0;0m[48;2;0;0;0m▀[0m[38;2;207;176;51m[48;2;207;176;51m▀[0m[38;2;236;227;96m[48;2;209;176;45m▀[0m[38;2;236;227;96m[48;2;209;176;45m▀[0m[38;2;236;227;96m[48;2;209;176;45m▀[0m[38;2;209;176;45m[48;2;209;176;45m▀[0m[38;2;66;65;66m[48;2;66;65;66m▀[0m[38;2;208;176;49m[48;2;208;176;49m▀[0m[38;2;208;176;49m[48;2;208;176;49m▀[0m[38;2;208;176;49m[48;2;66;65;66m▀[0m[38;2;207;176;51m[48;2;207;176;51m▀[0m[38;2;207;176;51m[48;2;0;0;0m▀[0m[38;2;0;0;0m▀ 
    [38;2;0;0;0m▀[38;2;0;0;0m▀[38;2;0;0;0m▄[38;2;0;0;0m[48;2;236;227;96m▀[0m[38;2;236;227;96m[48;2;236;227;96m▀[0m[38;2;235;226;95m[48;2;235;226;95m▀[0m[38;2;235;226;95m[48;2;235;226;95m▀[0m[38;2;66;65;66m[48;2;0;0;0m▀[0m[38;2;0;0;0m▀  [38;2;0;0;8m[48;2;0;0;8m▀[0m[38;2;82;71;43m[48;2;234;225;102m▀[0m[38;2;79;71;49m[48;2;229;221;105m▀[0m[38;2;79;71;49m[48;2;0;0;16m▀[0m[38;2;0;0;0m▀    [38;2;0;0;0m▀[38;2;207;176;51m[48;2;0;4;16m▀[0m[38;2;207;176;51m[48;2;63;55;32m▀[0m[38;2;208;176;49m[48;2;208;176;49m▀[0m[38;2;208;176;49m[48;2;66;65;66m▀[0m[38;2;207;176;51m[48;2;207;176;51m▀[0m[38;2;207;176;51m[48;2;0;0;0m▀[0m[38;2;207;176;51m[48;2;0;0;0m▀[0m[38;2;0;0;0m▀[38;2;0;0;0m▀[38;2;23;74;103m[48;2;0;0;0m▀[0m[38;2;23;74;103m[48;2;0;0;0m▀[0m[38;2;0;0;0m▀  
      [38;2;0;0;0m▀[38;2;236;227;96m[48;2;0;0;0m▀[0m[38;2;0;0;0m▀[38;2;236;227;96m[48;2;0;0;0m▀[0m[38;2;0;0;0m▀   [38;2;0;0;0m[48;2;0;0;0m▀[0m[38;2;235;226;95m[48;2;235;226;95m▀[0m[38;2;235;226;95m[48;2;235;226;95m▀[0m[38;2;236;227;96m[48;2;236;227;96m▀[0m[38;2;0;0;0m[48;2;0;0;0m▀[0m       [38;2;0;0;0m▀[38;2;24;75;104m[48;2;0;0;0m▀[0m[38;2;24;75;104m[48;2;0;0;0m▀[0m[38;2;0;0;0m▀         
              [38;2;0;0;0m▀[38;2;236;227;96m[48;2;0;0;0m▀[0m[38;2;0;0;0m▀[38;2;236;227;96m[48;2;0;0;0m▀[0m[38;2;0;0;0m▀                    
                                     [0m                                     