    [38;2;0;0;0m▄[38;2;0;0;0m▄[38;2;0;0;0m[48;2;54;73;102m▀[0m[38;2;0;0;0m[48;2;89;105;131m▀[0m[38;2;0;0;0m[48;2;89;105;131m▀[0m[38;2;0;0;0m[48;2;89;105;131m▀[0m[38;2;0;0;0m▄                          
  [38;2;0;0;0m▄[38;2;0;0;0m[48;2;87;104;130m▀[0m[38;2;87;104;130m[48;2;54;73;102m▀[0m[38;2;87;104;130m[48;2;89;105;131m▀[0m[38;2;89;105;131m[48;2;93;108;128m▀[0m[38;2;54;73;102m[48;2;64;65;67m▀[0m[38;2;89;105;131m[48;2;65;64;65m▀[0m[38;2;65;64;65m[48;2;129;151;182m▀[0m[38;2;65;64;65m[48;2;129;152;182m▀[0m[38;2;0;0;0m[48;2;129;152;182m▀[0m[38;2;0;0;0m[48;2;130;157;189m▀[0m[38;2;8;8;0m▄[38;2;0;0;0m▄[38;2;0;0;0m[48;2;85;100;121m▀[0m[38;2;0;0;0m[48;2;89;105;131m▀[0m[38;2;0;0;0m[48;2;129;151;182m▀[0m[38;2;0;0;0m[48;2;129;151;182m▀[0m[38;2;0;0;0m[48;2;108;125;156m▀[0m[38;2;0;0;0m▄                
 [38;2;0;0;0m[48;2;0;0;0m▀[0m[38;2;87;104;130m[48;2;90;108;131m▀[0m[38;2;87;104;130m[48;2;90;108;131m▀[0m[38;2;89;105;131m[48;2;93;108;128m▀[0m[38;2;54;73;102m[48;2;64;65;67m▀[0m[38;2;64;65;67m[48;2;129;152;182m▀[0m[38;2;123;152;188m[48;2;129;152;182m▀[0m[38;2;129;151;182m[48;2;129;152;182m▀[0m[38;2;129;151;182m[48;2;129;152;182m▀[0m[38;2;129;152;182m[48;2;129;151;182m▀[0m[38;2;129;152;182m[48;2;65;64;65m▀[0m[38;2;47;55;63m[48;2;129;151;182m▀[0m[38;2;89;106;127m[48;2;129;151;182m▀[0m[38;2;129;151;182m[48;2;87;104;130m▀[0m[38;2;129;151;182m[48;2;108;125;156m▀[0m[38;2;129;151;182m[48;2;108;126;156m▀[0m[38;2;89;105;131m[48;2;108;126;156m▀[0m[38;2;108;125;156m[48;2;87;106;135m▀[0m[38;2;108;125;156m[48;2;0;0;0m▀[0m[38;2;0;0;0m▀                
  [38;2;8;8;0m▀[38;2;48;56;66m[48;2;0;0;0m▀[0m[38;2;64;65;67m[48;2;109;124;152m▀[0m[38;2;123;152;188m[48;2;202;173;93m▀[0m[38;2;129;152;182m[48;2;255;205;65m▀[0m[38;2;129;152;182m[48;2;120;143;174m▀[0m[38;2;129;152;182m[48;2;130;154;189m▀[0m[38;2;129;152;182m[48;2;67;69;79m▀[0m[38;2;65;64;65m[48;2;65;64;65m▀[0m[38;2;129;151;182m[48;2;104;124;157m▀[0m[38;2;129;151;182m[48;2;110;126;156m▀[0m[38;2;108;125;156m[48;2;110;126;156m▀[0m[38;2;108;125;156m[48;2;104;124;157m▀[0m[38;2;87;104;130m[48;2;65;64;65m▀[0m[38;2;108;126;156m[48;2;65;64;65m▀[0m[38;2;108;126;156m[48;2;0;0;0m▀[0m[38;2;0;0;0m▀      [38;2;0;0;0m▄[38;2;0;0;0m▄[38;2;0;0;0m▄[38;2;0;0;0m[48;2;108;126;156m▀[0m[38;2;0;0;0m[48;2;108;126;156m▀[0m[38;2;0;0;0m[48;2;111;127;159m▀[0m[38;2;0;0;0m▄     
  [38;2;0;0;0m▄[38;2;0;0;0m[48;2;255;205;65m▀[0m[38;2;255;205;57m[48;2;255;205;65m▀[0m[38;2;255;205;57m[48;2;255;205;65m▀[0m[38;2;120;143;174m[48;2;191;178;63m▀[0m[38;2;120;143;174m[48;2;191;178;63m▀[0m[38;2;109;126;152m[48;2;110;126;156m▀[0m[38;2;89;98;116m[48;2;65;64;65m▀[0m[38;2;91;104;127m[48;2;8;4;8m▀[0m[38;2;65;64;65m[48;2;255;210;65m▀[0m[38;2;65;64;65m[48;2;65;64;65m▀[0m[38;2;65;64;65m[48;2;89;105;131m▀[0m[38;2;65;64;65m[48;2;87;104;130m▀[0m[38;2;91;104;127m[48;2;108;125;156m▀[0m[38;2;0;0;0m[48;2;110;126;156m▀[0m[38;2;0;0;0m▄    [38;2;0;0;0m▄[38;2;0;0;0m[48;2;87;104;130m▀[0m[38;2;0;0;0m[48;2;108;125;156m▀[0m[38;2;111;127;159m[48;2;108;125;156m▀[0m[38;2;110;126;156m[48;2;108;126;156m▀[0m[38;2;110;126;156m[48;2;108;126;156m▀[0m[38;2;108;126;156m[48;2;111;127;159m▀[0m[38;2;108;126;156m[48;2;0;0;0m▀[0m[38;2;0;0;0m▀      
  [38;2;0;0;0m[48;2;0;0;0m▀[0m[38;2;255;205;65m[48;2;189;176;65m▀[0m[38;2;193;178;65m[48;2;189;176;65m▀[0m[38;2;193;178;65m[48;2;189;176;65m▀[0m[38;2;191;178;63m[48;2;103;119;151m▀[0m[38;2;111;127;159m[48;2;103;119;151m▀[0m[38;2;65;64;65m[48;2;65;64;65m▀[0m[38;2;65;64;65m[48;2;89;105;131m▀[0m[38;2;255;210;65m[48;2;106;115;128m▀[0m[38;2;172;140;46m[48;2;106;115;128m▀[0m[38;2;89;105;131m[48;2;139;87;49m▀[0m[38;2;89;105;131m[48;2;255;255;255m▀[0m[38;2;108;125;156m[48;2;123;52;1m▀[0m[38;2;108;125;156m[48;2;95;124;151m▀[0m[38;2;110;126;156m[48;2;65;64;65m▀[0m[38;2;0;0;0m[48;2;110;126;156m▀[0m[38;2;0;0;0m▄ [38;2;8;8;0m▄[38;2;0;0;0m[48;2;90;108;131m▀[0m[38;2;87;104;130m[48;2;88;106;133m▀[0m[38;2;87;104;130m[48;2;88;106;133m▀[0m[38;2;87;104;130m[48;2;88;106;133m▀[0m[38;2;87;104;130m[48;2;88;106;133m▀[0m[38;2;108;126;156m[48;2;87;104;130m▀[0m[38;2;108;126;156m[48;2;0;0;0m▀[0m[38;2;0;0;0m▀        
   [38;2;0;0;0m▀[38;2;0;0;0m▀[38;2;189;176;65m[48;2;0;0;0m▀[0m[38;2;194;176;65m[48;2;0;0;0m▀[0m[38;2;103;119;151m[48;2;0;0;0m▀[0m[38;2;89;105;131m[48;2;89;103;116m▀[0m[38;2;89;105;131m[48;2;61;69;77m▀[0m[38;2;39;51;66m[48;2;180;101;43m▀[0m[38;2;241;246;252m[48;2;180;101;43m▀[0m[38;2;139;87;49m[48;2;172;95;60m▀[0m[38;2;139;87;49m[48;2;172;95;60m▀[0m[38;2;123;52;1m[48;2;221;106;23m▀[0m[38;2;104;62;84m[48;2;125;53;1m▀[0m[38;2;110;126;156m[48;2;87;56;56m▀[0m[38;2;65;64;65m[48;2;111;127;159m▀[0m[38;2;111;127;159m[48;2;55;61;82m▀[0m[38;2;0;0;0m[48;2;119;123;139m▀[0m[38;2;48;56;66m[48;2;110;126;156m▀[0m[38;2;90;108;131m[48;2;65;64;65m▀[0m[38;2;88;106;133m[48;2;89;105;131m▀[0m[38;2;88;106;133m[48;2;89;105;131m▀[0m[38;2;88;106;133m[48;2;87;106;135m▀[0m[38;2;88;106;133m[48;2;0;0;0m▀[0m[38;2;87;104;130m[48;2;0;0;0m▀[0m[38;2;0;0;0m▀         
    [38;2;0;0;0m▄[38;2;0;0;0m▄[38;2;0;0;0m▄[38;2;0;0;0m▄[38;2;8;5;0m[48;2;65;64;65m▀[0m[38;2;61;69;77m[48;2;89;105;131m▀[0m[38;2;65;64;65m[48;2;127;65;37m▀[0m[38;2;65;64;65m[48;2;255;134;65m▀[0m[38;2;139;67;32m[48;2;230;125;82m▀[0m[38;2;205;123;87m[48;2;119;62;45m▀[0m[38;2;221;106;23m[48;2;221;106;23m▀[0m[38;2;221;106;23m[48;2;125;53;1m▀[0m[38;2;119;51;1m[48;2;224;109;26m▀[0m[38;2;87;56;56m[48;2;255;140;57m▀[0m[38;2;119;123;139m[48;2;230;109;32m▀[0m[38;2;247;248;253m[48;2;152;75;72m▀[0m[38;2;110;126;156m[48;2;247;248;253m▀[0m[38;2;65;64;65m[48;2;119;123;139m▀[0m[38;2;89;105;131m[48;2;58;65;77m▀[0m[38;2;65;64;65m[48;2;8;5;0m▀[0m[38;2;0;0;0m▀    [38;2;0;0;0m▄[38;2;0;0;0m[48;2;87;104;130m▀[0m[38;2;0;0;0m▄     
  [38;2;0;0;0m▄[38;2;0;0;0m[48;2;196;196;203m▀[0m[38;2;196;196;203m[48;2;196;196;203m▀[0m[38;2;196;196;203m[48;2;196;196;203m▀[0m[38;2;59;68;81m[48;2;65;64;65m▀[0m[38;2;90;102;122m[48;2;65;64;65m▀[0m[38;2;89;105;131m[48;2;65;64;65m▀[0m[38;2;89;105;131m[48;2;0;0;0m▀[0m[38;2;1;2;6m▀[38;2;1;2;6m▀[38;2;8;0;8m▀[38;2;230;125;82m[48;2;0;0;0m▀[0m[38;2;221;106;23m[48;2;254;139;60m▀[0m[38;2;221;106;23m[48;2;254;139;60m▀[0m[38;2;255;140;57m[48;2;255;140;57m▀[0m[38;2;255;140;57m[48;2;255;140;57m▀[0m[38;2;152;75;72m[48;2;50;58;63m▀[0m[38;2;85;97;127m[48;2;50;58;63m▀[0m[38;2;55;61;82m[48;2;108;125;156m▀[0m[38;2;119;123;139m[48;2;108;125;156m▀[0m[38;2;109;127;152m[48;2;108;125;156m▀[0m[38;2;109;127;152m[48;2;108;125;156m▀[0m[38;2;0;0;0m[48;2;0;0;0m▀[0m   [38;2;0;0;0m▄[38;2;0;0;0m[48;2;87;104;130m▀[0m[38;2;87;104;130m[48;2;89;105;131m▀[0m[38;2;0;0;0m[48;2;65;64;65m▀[0m[38;2;0;0;0m▄[38;2;0;0;0m[48;2;94;111;140m▀[0m[38;2;0;0;0m[48;2;111;127;159m▀[0m[38;2;0;0;0m▄ 
  [38;2;0;0;0m[48;2;0;0;0m▀[0m[38;2;196;196;203m[48;2;196;196;203m▀[0m[38;2;196;196;203m[48;2;65;64;65m▀[0m[38;2;65;64;65m[48;2;89;105;131m▀[0m[38;2;89;105;131m[48;2;90;108;131m▀[0m[38;2;89;105;131m[48;2;8;8;0m▀[0m[38;2;0;0;0m▀ [38;2;1;2;6m▄[38;2;1;2;6m▄[38;2;0;0;0m[48;2;65;64;65m▀[0m[38;2;255;140;57m[48;2;255;205;65m▀[0m[38;2;254;139;60m[48;2;255;205;65m▀[0m[38;2;254;139;60m[48;2;254;140;60m▀[0m[38;2;255;140;57m[48;2;65;64;65m▀[0m[38;2;65;64;65m[48;2;255;255;255m▀[0m[38;2;241;246;252m[48;2;255;255;255m▀[0m[38;2;114;121;126m[48;2;255;255;255m▀[0m[38;2;87;104;130m[48;2;65;64;65m▀[0m[38;2;108;125;156m[48;2;91;104;127m▀[0m[38;2;87;104;130m[48;2;108;126;156m▀[0m[38;2;87;104;130m[48;2;108;126;156m▀[0m[38;2;111;127;159m[48;2;110;126;156m▀[0m[38;2;0;0;0m[48;2;65;64;65m▀[0m[38;2;0;0;0m▄[38;2;0;0;0m▄[38;2;0;0;0m[48;2;89;105;131m▀[0m[38;2;87;104;130m[48;2;89;105;131m▀[0m[38;2;89;105;131m[48;2;99;117;146m▀[0m[38;2;89;105;131m[48;2;99;117;146m▀[0m[38;2;94;111;140m[48;2;110;126;156m▀[0m[38;2;94;111;140m[48;2;0;0;0m▀[0m[38;2;0;0;0m▀  
  [38;2;0;0;0m▀[38;2;196;196;203m[48;2;0;0;0m▀[0m[38;2;65;64;65m[48;2;88;106;133m▀[0m[38;2;89;105;131m[48;2;88;106;133m▀[0m[38;2;90;108;131m[48;2;65;64;65m▀[0m[38;2;48;56;66m[48;2;65;64;65m▀[0m[38;2;0;0;0m[48;2;196;196;203m▀[0m[38;2;0;0;0m[48;2;88;106;133m▀[0m[38;2;194;200;216m[48;2;88;106;133m▀[0m[38;2;97;101;111m[48;2;88;106;133m▀[0m[38;2;65;64;65m[48;2;65;64;65m▀[0m[38;2;255;205;65m[48;2;89;105;131m▀[0m[38;2;255;205;65m[48;2;255;205;65m▀[0m[38;2;255;205;65m[48;2;87;106;135m▀[0m[38;2;65;64;65m[48;2;65;64;65m▀[0m[38;2;255;255;255m[48;2;255;255;255m▀[0m[38;2;255;255;255m[48;2;65;64;65m▀[0m[38;2;65;64;65m[48;2;65;64;65m▀[0m[38;2;65;64;65m[48;2;89;105;131m▀[0m[38;2;104;124;157m[48;2;65;64;65m▀[0m[38;2;108;126;156m[48;2;108;126;156m▀[0m[38;2;108;126;156m[48;2;108;126;156m▀[0m[38;2;110;126;156m[48;2;104;127;157m▀[0m[38;2;65;64;65m[48;2;65;64;65m▀[0m[38;2;87;104;130m[48;2;90;108;131m▀[0m[38;2;87;104;130m[48;2;90;108;131m▀[0m[38;2;65;64;65m[48;2;65;64;65m▀[0m[38;2;89;105;131m[48;2;0;0;0m▀[0m[38;2;0;0;0m▀[38;2;0;0;0m▀[38;2;110;126;156m[48;2;0;0;0m▀[0m[38;2;110;126;156m[48;2;0;0;0m▀[0m[38;2;0;0;0m▀  
  [38;2;0;0;0m[48;2;0;0;0m▀[0m[38;2;87;106;135m[48;2;87;104;130m▀[0m[38;2;88;106;133m[48;2;87;106;135m▀[0m[38;2;88;106;133m[48;2;0;0;0m▀[0m[38;2;0;0;0m▀[38;2;65;64;65m[48;2;0;0;0m▀[0m[38;2;88;106;133m[48;2;0;0;0m▀[0m[38;2;88;106;133m[48;2;87;106;135m▀[0m[38;2;88;106;133m[48;2;89;105;131m▀[0m[38;2;88;106;133m[48;2;65;64;65m▀[0m[38;2;89;105;131m[48;2;65;64;65m▀[0m[38;2;65;64;65m[48;2;0;0;0m▀[0m[38;2;87;106;135m[48;2;87;104;130m▀[0m[38;2;87;106;135m[48;2;87;104;130m▀[0m[38;2;65;64;65m[48;2;89;105;131m▀[0m[38;2;255;255;255m[48;2;65;64;65m▀[0m[38;2;65;64;65m[48;2;65;64;65m▀[0m[38;2;89;105;131m[48;2;89;105;131m▀[0m[38;2;89;105;131m[48;2;88;106;133m▀[0m[38;2;65;64;65m[48;2;88;106;133m▀[0m[38;2;108;126;156m[48;2;65;64;65m▀[0m[38;2;108;126;156m[48;2;110;126;156m▀[0m[38;2;104;127;157m[48;2;88;106;133m▀[0m[38;2;91;106;127m[48;2;88;106;133m▀[0m[38;2;48;56;66m[48;2;0;0;0m▀[0m[38;2;8;8;0m▀[38;2;0;0;0m▀        
  [38;2;0;0;0m▀[38;2;87;104;130m[48;2;0;0;0m▀[0m[38;2;0;0;0m▀  [38;2;0;0;0m▄[38;2;8;5;0m▄[38;2;0;0;0m[48;2;89;103;116m▀[0m[38;2;65;64;65m[48;2;89;105;131m▀[0m[38;2;89;105;131m[48;2;65;64;65m▀[0m[38;2;0;0;0m[48;2;87;104;130m▀[0m[38;2;0;0;0m▄[38;2;0;0;0m▀[38;2;0;0;0m▀[38;2;89;105;131m[48;2;0;0;0m▀[0m[38;2;89;105;131m[48;2;0;0;0m▀[0m[38;2;89;105;131m[48;2;0;0;0m▀[0m[38;2;65;64;65m[48;2;0;0;0m▀[0m[38;2;88;106;133m[48;2;61;69;77m▀[0m[38;2;88;106;133m[48;2;61;69;77m▀[0m[38;2;65;64;65m[48;2;48;56;66m▀[0m[38;2;65;64;65m[48;2;90;108;131m▀[0m[38;2;88;106;133m[48;2;0;0;0m▀[0m[38;2;88;106;133m[48;2;0;0;0m▀[0m[38;2;87;106;135m[48;2;87;104;130m▀[0m[38;2;0;0;0m[48;2;0;0;0m▀[0m         
      [38;2;0;0;0m▀[38;2;196;196;203m[48;2;0;0;0m▀[0m[38;2;61;69;77m[48;2;196;196;203m▀[0m[38;2;61;69;77m[48;2;64;64;67m▀[0m[38;2;65;64;65m[48;2;196;196;203m▀[0m[38;2;89;105;131m[48;2;64;64;67m▀[0m[38;2;87;104;130m[48;2;0;0;0m▀[0m[38;2;0;0;0m▀      [38;2;8;5;0m[48;2;8;8;0m▀[0m[38;2;89;103;116m[48;2;48;56;66m▀[0m[38;2;90;108;131m[48;2;65;64;65m▀[0m[38;2;8;8;0m[48;2;65;64;65m▀[0m[38;2;0;0;0m▄ [38;2;0;0;0m▀[38;2;0;0;0m▀         
        [38;2;0;0;0m▀[38;2;0;0;0m▀[38;2;0;0;0m▀[38;2;0;0;0m▀      [38;2;0;0;0m▄[38;2;0;0;0m[48;2;255;255;255m▀[0m[38;2;90;108;131m[48;2;82;83;82m▀[0m[38;2;90;108;131m[48;2;246;250;246m▀[0m[38;2;89;105;131m[48;2;82;83;82m▀[0m[38;2;89;105;131m[48;2;246;250;246m▀[0m[38;2;0;0;0m[48;2;0;0;0m▀[0m            
                   [38;2;0;0;0m▀[38;2;0;0;0m▀[38;2;0;0;0m▀[38;2;0;0;0m▀[38;2;0;0;0m▀             
                                     [0m                                     