       [38;2;0;4;2m▄[38;2;0;4;2m▄[38;2;0;4;2m[48;2;158;224;249m▀[0m[38;2;0;4;2m[48;2;155;228;250m▀[0m[38;2;0;4;2m[48;2;155;228;250m▀[0m[38;2;0;4;2m[48;2;109;192;219m▀[0m[38;2;0;4;2m[48;2;158;224;249m▀[0m[38;2;0;4;2m[48;2;110;164;188m▀[0m[38;2;8;20;13m▄[38;2;0;4;2m▄           
     [38;2;0;4;2m▄[38;2;0;4;2m[48;2;155;228;250m▀[0m[38;2;158;224;249m[48;2;155;228;250m▀[0m[38;2;158;224;249m[48;2;158;224;249m▀[0m[38;2;158;224;249m[48;2;65;161;195m▀[0m[38;2;155;228;250m[48;2;155;228;250m▀[0m[38;2;155;228;250m[48;2;155;228;250m▀[0m[38;2;158;224;249m[48;2;155;228;250m▀[0m[38;2;109;193;219m[48;2;155;227;250m▀[0m[38;2;181;247;255m[48;2;114;201;221m▀[0m[38;2;110;164;188m[48;2;158;236;249m▀[0m[38;2;158;224;249m[48;2;109;192;219m▀[0m[38;2;0;4;2m[48;2;158;224;249m▀[0m[38;2;0;4;2m[48;2;115;198;219m▀[0m[38;2;0;4;2m▄        
    [38;2;0;4;2m[48;2;0;4;2m▀[0m[38;2;158;224;249m[48;2;115;198;219m▀[0m[38;2;155;228;250m[48;2;158;236;249m▀[0m[38;2;155;228;250m[48;2;70;161;190m▀[0m[38;2;65;161;195m[48;2;155;223;250m▀[0m[38;2;158;224;249m[48;2;155;222;250m▀[0m[38;2;155;228;250m[48;2;158;224;249m▀[0m[38;2;155;228;250m[48;2;158;224;249m▀[0m[38;2;155;227;250m[48;2;65;161;195m▀[0m[38;2;155;228;250m[48;2;65;161;195m▀[0m[38;2;70;161;190m[48;2;158;224;249m▀[0m[38;2;70;161;190m[48;2;109;193;219m▀[0m[38;2;109;192;219m[48;2;110;198;220m▀[0m[38;2;109;192;219m[48;2;110;198;220m▀[0m[38;2;115;198;219m[48;2;110;198;220m▀[0m[38;2;115;198;219m[48;2;110;198;220m▀[0m[38;2;0;4;2m[48;2;115;198;219m▀[0m[38;2;0;4;2m▄      
   [38;2;0;4;2m[48;2;0;4;2m▀[0m[38;2;115;198;219m[48;2;110;201;220m▀[0m[38;2;115;198;219m[48;2;110;201;220m▀[0m[38;2;70;161;190m[48;2;70;161;190m▀[0m[38;2;114;201;221m[48;2;110;201;220m▀[0m[38;2;115;198;219m[48;2;110;201;220m▀[0m[38;2;155;223;250m[48;2;110;201;220m▀[0m[38;2;158;224;249m[48;2;70;161;190m▀[0m[38;2;65;161;195m[48;2;110;201;220m▀[0m[38;2;158;224;249m[48;2;110;198;220m▀[0m[38;2;158;224;249m[48;2;110;198;220m▀[0m[38;2;109;192;219m[48;2;110;198;220m▀[0m[38;2;109;192;219m[48;2;110;198;220m▀[0m[38;2;110;198;220m[48;2;110;201;220m▀[0m[38;2;110;198;220m[48;2;110;201;220m▀[0m[38;2;110;198;220m[48;2;110;201;220m▀[0m[38;2;110;198;220m[48;2;110;201;220m▀[0m[38;2;115;198;219m[48;2;66;160;193m▀[0m[38;2;0;4;2m[48;2;66;160;193m▀[0m[38;2;0;4;2m▄     
   [38;2;0;4;2m[48;2;0;4;2m▀[0m[38;2;110;201;220m[48;2;103;205;221m▀[0m[38;2;78;114;154m[48;2;67;110;161m▀[0m[38;2;110;201;220m[48;2;110;198;220m▀[0m[38;2;110;201;220m[48;2;110;198;220m▀[0m[38;2;110;201;220m[48;2;110;201;220m▀[0m[38;2;78;114;154m[48;2;78;114;154m▀[0m[38;2;110;201;220m[48;2;110;198;220m▀[0m[38;2;110;201;220m[48;2;110;198;220m▀[0m[38;2;110;198;220m[48;2;115;198;219m▀[0m[38;2;110;198;220m[48;2;115;198;219m▀[0m[38;2;110;198;220m[48;2;63;66;57m▀[0m[38;2;110;198;220m[48;2;63;66;57m▀[0m[38;2;110;201;220m[48;2;66;65;66m▀[0m[38;2;78;114;154m[48;2;255;255;255m▀[0m[38;2;78;114;154m[48;2;255;255;255m▀[0m[38;2;78;114;154m[48;2;255;255;255m▀[0m[38;2;66;160;193m[48;2;66;65;66m▀[0m[38;2;66;160;193m[48;2;68;164;191m▀[0m[38;2;0;4;2m[48;2;0;4;2m▀[0m     
   [38;2;0;4;2m▀[38;2;78;139;182m[48;2;0;4;2m▀[0m[38;2;67;110;161m[48;2;75;115;154m▀[0m[38;2;110;198;220m[48;2;66;160;193m▀[0m[38;2;110;198;220m[48;2;66;160;193m▀[0m[38;2;78;114;154m[48;2;78;114;154m▀[0m[38;2;110;201;220m[48;2;70;163;192m▀[0m[38;2;110;198;220m[48;2;75;133;169m▀[0m[38;2;110;198;220m[48;2;8;4;0m▀[0m[38;2;66;65;66m[48;2;255;255;255m▀[0m[38;2;66;65;66m[48;2;244;109;47m▀[0m[38;2;251;255;247m[48;2;255;255;255m▀[0m[38;2;126;129;120m[48;2;123;132;107m▀[0m[38;2;255;255;255m[48;2;255;255;255m▀[0m[38;2;255;255;255m[48;2;255;255;255m▀[0m[38;2;255;255;255m[48;2;57;77;75m▀[0m[38;2;66;65;66m[48;2;116;129;139m▀[0m[38;2;68;164;191m[48;2;66;160;193m▀[0m[38;2;68;164;191m[48;2;66;160;193m▀[0m[38;2;0;4;2m[48;2;0;4;2m▀[0m     
    [38;2;0;4;2m▀[38;2;75;115;154m[48;2;0;4;2m▀[0m[38;2;66;160;193m[48;2;70;147;179m▀[0m[38;2;66;160;193m[48;2;70;147;179m▀[0m[38;2;78;114;154m[48;2;68;117;153m▀[0m[38;2;70;163;192m[48;2;68;117;153m▀[0m[38;2;75;133;169m[48;2;179;178;189m▀[0m[38;2;49;77;73m[48;2;227;125;62m▀[0m[38;2;244;109;47m[48;2;196;117;72m▀[0m[38;2;244;109;47m[48;2;222;240;255m▀[0m[38;2;255;255;255m[48;2;123;132;107m▀[0m[38;2;123;132;107m[48;2;189;196;222m▀[0m[38;2;255;255;255m[48;2;173;209;223m▀[0m[38;2;255;255;255m[48;2;57;73;73m▀[0m[38;2;247;251;255m[48;2;70;65;74m▀[0m[38;2;57;77;75m[48;2;70;149;193m▀[0m[38;2;66;160;193m[48;2;70;161;190m▀[0m[38;2;66;160;193m[48;2;0;4;2m▀[0m[38;2;0;4;2m▀     
      [38;2;0;4;2m▀[38;2;70;147;179m[48;2;0;4;2m▀[0m[38;2;69;156;198m[48;2;66;65;66m▀[0m[38;2;70;65;74m[48;2;73;110;155m▀[0m[38;2;173;197;231m[48;2;57;73;73m▀[0m[38;2;179;178;189m[48;2;181;200;222m▀[0m[38;2;194;182;178m[48;2;198;204;231m▀[0m[38;2;194;182;178m[48;2;198;204;231m▀[0m[38;2;189;196;222m[48;2;66;65;66m▀[0m[38;2;189;196;222m[48;2;66;65;66m▀[0m[38;2;57;73;73m[48;2;158;224;249m▀[0m[38;2;107;126;155m[48;2;70;123;167m▀[0m[38;2;69;113;150m[48;2;70;161;190m▀[0m[38;2;70;149;193m[48;2;70;161;190m▀[0m[38;2;70;161;190m[48;2;0;4;2m▀[0m[38;2;0;4;2m▀      
      [38;2;0;4;2m▀[38;2;78;114;154m[48;2;0;4;2m▀[0m[38;2;73;110;155m[48;2;53;69;68m▀[0m[38;2;73;110;155m[48;2;53;69;68m▀[0m[38;2;92;100;126m[48;2;66;65;66m▀[0m[38;2;57;73;73m[48;2;189;196;222m▀[0m[38;2;154;159;178m[48;2;189;196;222m▀[0m[38;2;66;69;74m[48;2;189;196;222m▀[0m[38;2;158;224;249m[48;2;66;65;66m▀[0m[38;2;158;224;249m[48;2;73;110;155m▀[0m[38;2;70;123;167m[48;2;70;161;190m▀[0m[38;2;70;123;167m[48;2;0;4;2m▀[0m[38;2;70;161;190m[48;2;0;4;2m▀[0m[38;2;0;4;2m▀        
       [38;2;0;4;2m▄[38;2;8;4;0m[48;2;51;148;191m▀[0m[38;2;90;118;147m[48;2;163;131;86m▀[0m[38;2;189;196;222m[48;2;182;117;71m▀[0m[38;2;189;196;222m[48;2;189;196;222m▀[0m[38;2;189;196;222m[48;2;159;217;244m▀[0m[38;2;72;104;153m[48;2;40;81;93m▀[0m[38;2;66;65;66m[48;2;70;161;190m▀[0m[38;2;66;65;66m[48;2;70;161;190m▀[0m[38;2;0;4;2m[48;2;0;4;2m▀[0m           
    [38;2;0;4;2m▄[38;2;0;4;2m▄[38;2;0;4;2m[48;2;70;161;190m▀[0m[38;2;70;161;190m[48;2;70;161;190m▀[0m[38;2;163;131;86m[48;2;111;64;36m▀[0m[38;2;224;87;37m[48;2;227;125;62m▀[0m[38;2;182;117;71m[48;2;244;109;47m▀[0m[38;2;182;117;71m[48;2;148;118;77m▀[0m[38;2;100;145;169m[48;2;123;129;126m▀[0m[38;2;100;145;169m[48;2;0;4;2m▀[0m[38;2;0;4;2m▀[38;2;70;161;190m[48;2;0;4;2m▀[0m[38;2;70;161;190m[48;2;115;198;219m▀[0m[38;2;0;4;2m[48;2;115;198;219m▀[0m[38;2;0;4;2m▄         
 [38;2;0;4;2m▄[38;2;0;4;2m[48;2;70;161;190m▀[0m[38;2;0;4;2m[48;2;70;161;190m▀[0m[38;2;70;161;190m[48;2;70;161;190m▀[0m[38;2;70;161;190m[48;2;0;4;2m▀[0m[38;2;70;161;190m[48;2;0;4;2m▀[0m[38;2;0;4;2m▀[38;2;0;4;2m▄[38;2;0;4;8m[48;2;255;255;255m▀[0m[38;2;244;109;47m[48;2;129;123;117m▀[0m[38;2;148;118;77m[48;2;255;251;253m▀[0m[38;2;247;255;251m[48;2;255;255;255m▀[0m[38;2;123;129;126m[48;2;255;255;255m▀[0m[38;2;0;4;2m[48;2;0;4;2m▀[0m [38;2;0;4;2m▀[38;2;115;198;219m[48;2;0;4;2m▀[0m[38;2;158;224;249m[48;2;158;224;249m▀[0m[38;2;0;4;2m[48;2;158;224;249m▀[0m[38;2;0;4;2m[48;2;158;224;249m▀[0m[38;2;0;4;2m▄[38;2;0;4;2m▄     
  [38;2;0;4;2m▀[38;2;0;4;2m▀[38;2;0;4;2m▀ [38;2;0;4;2m▄[38;2;0;4;2m[48;2;222;227;239m▀[0m[38;2;255;255;255m[48;2;255;255;255m▀[0m[38;2;255;255;255m[48;2;200;202;203m▀[0m[38;2;66;60;49m[48;2;66;69;67m▀[0m[38;2;255;251;253m[48;2;255;255;255m▀[0m[38;2;255;255;255m[48;2;255;255;255m▀[0m[38;2;255;255;255m[48;2;255;255;255m▀[0m[38;2;255;255;255m[48;2;255;255;255m▀[0m[38;2;0;4;2m[48;2;189;194;225m▀[0m[38;2;4;8;0m▄[38;2;4;8;0m▄[38;2;0;4;2m▀[38;2;158;224;249m[48;2;0;4;2m▀[0m[38;2;158;224;249m[48;2;94;134;167m▀[0m[38;2;158;224;249m[48;2;144;233;255m▀[0m[38;2;158;224;249m[48;2;155;227;250m▀[0m[38;2;0;4;2m[48;2;155;228;250m▀[0m[38;2;0;4;2m[48;2;157;233;254m▀[0m[38;2;0;11;12m▄  
     [38;2;0;4;2m▄[38;2;0;4;2m[48;2;255;255;255m▀[0m[38;2;222;227;239m[48;2;255;255;255m▀[0m[38;2;255;255;255m[48;2;66;65;66m▀[0m[38;2;90;98;101m[48;2;66;65;66m▀[0m[38;2;192;193;192m[48;2;189;196;222m▀[0m[38;2;66;69;67m[48;2;66;65;66m▀[0m[38;2;255;255;255m[48;2;255;255;255m▀[0m[38;2;255;255;255m[48;2;255;255;255m▀[0m[38;2;255;255;255m[48;2;255;255;255m▀[0m[38;2;255;255;255m[48;2;255;255;255m▀[0m[38;2;107;109;111m[48;2;255;255;255m▀[0m[38;2;206;208;222m[48;2;95;95;95m▀[0m[38;2;0;4;2m[48;2;194;199;203m▀[0m[38;2;0;4;2m[48;2;194;199;203m▀[0m[38;2;57;67;69m[48;2;189;195;225m▀[0m[38;2;57;67;69m[48;2;189;195;225m▀[0m[38;2;155;228;250m[48;2;66;65;66m▀[0m[38;2;155;228;250m[48;2;66;65;66m▀[0m[38;2;77;102;134m[48;2;63;68;74m▀[0m[38;2;157;233;254m[48;2;0;4;2m▀[0m[38;2;0;4;2m▀ 
    [38;2;0;4;2m▄[38;2;0;4;2m[48;2;255;255;255m▀[0m[38;2;255;255;255m[48;2;255;255;255m▀[0m[38;2;255;255;255m[48;2;66;65;66m▀[0m[38;2;66;65;66m[48;2;73;110;155m▀[0m[38;2;66;65;66m[48;2;66;65;66m▀[0m[38;2;189;196;222m[48;2;189;195;225m▀[0m[38;2;66;65;66m[48;2;189;195;225m▀[0m[38;2;255;255;255m[48;2;66;65;66m▀[0m[38;2;255;255;255m[48;2;255;255;255m▀[0m[38;2;255;255;255m[48;2;255;255;255m▀[0m[38;2;95;95;95m[48;2;255;255;255m▀[0m[38;2;255;255;255m[48;2;95;95;95m▀[0m[38;2;255;255;255m[48;2;255;255;255m▀[0m[38;2;247;251;255m[48;2;255;255;255m▀[0m[38;2;90;98;101m[48;2;255;255;255m▀[0m[38;2;189;195;225m[48;2;95;95;95m▀[0m[38;2;189;195;225m[48;2;95;95;95m▀[0m[38;2;189;196;222m[48;2;189;196;222m▀[0m[38;2;189;196;222m[48;2;189;196;222m▀[0m[38;2;189;196;222m[48;2;189;195;225m▀[0m[38;2;0;4;2m[48;2;189;195;225m▀[0m[38;2;0;4;2m▄ 
    [38;2;0;4;2m[48;2;0;4;2m▀[0m[38;2;255;255;255m[48;2;255;255;255m▀[0m[38;2;255;255;255m[48;2;255;255;255m▀[0m[38;2;66;65;66m[48;2;66;65;66m▀[0m[38;2;73;110;155m[48;2;75;115;154m▀[0m[38;2;66;65;66m[48;2;75;115;154m▀[0m[38;2;189;195;225m[48;2;63;65;74m▀[0m[38;2;189;195;225m[48;2;189;196;222m▀[0m[38;2;66;65;66m[48;2;189;192;222m▀[0m[38;2;255;255;255m[48;2;63;64;74m▀[0m[38;2;255;255;255m[48;2;255;255;255m▀[0m[38;2;255;255;255m[48;2;255;255;255m▀[0m[38;2;95;95;95m[48;2;255;255;255m▀[0m[38;2;255;255;255m[48;2;95;95;95m▀[0m[38;2;255;255;255m[48;2;255;255;255m▀[0m[38;2;255;255;255m[48;2;255;255;255m▀[0m[38;2;255;255;255m[48;2;255;255;255m▀[0m[38;2;255;255;255m[48;2;255;255;255m▀[0m[38;2;95;97;97m[48;2;255;255;255m▀[0m[38;2;95;97;97m[48;2;255;255;255m▀[0m[38;2;189;195;225m[48;2;0;4;2m▀[0m[38;2;189;195;225m[48;2;0;4;2m▀[0m[38;2;0;4;2m▀ 
     [38;2;0;4;2m▀[38;2;255;255;255m[48;2;0;4;2m▀[0m[38;2;255;255;255m[48;2;0;4;2m▀[0m[38;2;75;115;154m[48;2;0;4;2m▀[0m[38;2;0;4;2m▀[38;2;0;0;0m▀[38;2;189;196;222m[48;2;0;4;2m▀[0m[38;2;0;0;0m▀[38;2;63;64;74m[48;2;0;4;2m▀[0m[38;2;255;255;255m[48;2;82;83;82m▀[0m[38;2;255;255;255m[48;2;247;251;249m▀[0m[38;2;255;255;255m[48;2;255;255;255m▀[0m[38;2;255;255;255m[48;2;255;255;255m▀[0m[38;2;95;95;95m[48;2;255;255;255m▀[0m[38;2;255;255;255m[48;2;85;90;87m▀[0m[38;2;255;255;255m[48;2;0;4;2m▀[0m[38;2;0;4;2m▀[38;2;0;4;2m▀[38;2;0;4;2m▀    
              [38;2;0;0;0m▀[38;2;0;0;0m▀[38;2;0;4;2m▀[38;2;0;4;2m▀[38;2;0;8;4m▀[38;2;0;8;4m▀        
                                     [0m                                     