           [38;2;48;108;203m[48;2;48;108;203m▀[0m[38;2;48;108;203m[48;2;48;108;203m▀[0m [38;2;48;108;203m▀          
     [38;2;48;108;203m▄[38;2;48;108;203m▄[38;2;48;108;203m[48;2;76;181;232m▀[0m[38;2;48;108;203m[48;2;76;181;232m▀[0m[38;2;48;108;203m[48;2;76;181;232m▀[0m[38;2;48;108;203m▄[38;2;48;108;203m▄[38;2;48;108;203m▄ [38;2;48;108;203m▄[38;2;48;108;203m[48;2;76;181;232m▀[0m[38;2;48;108;203m[48;2;76;181;232m▀[0m[38;2;48;108;203m▄ [38;2;48;108;203m[48;2;48;108;203m▀[0m[38;2;48;108;203m[48;2;48;108;203m▀[0m    
    [38;2;48;108;203m[48;2;48;108;203m▀[0m[38;2;76;181;232m[48;2;76;181;232m▀[0m[38;2;76;181;232m[48;2;0;0;0m▀[0m[38;2;76;181;232m[48;2;0;0;0m▀[0m[38;2;0;0;0m[48;2;135;41;160m▀[0m[38;2;0;0;0m[48;2;135;41;160m▀[0m[38;2;0;0;0m[48;2;135;41;160m▀[0m[38;2;0;0;0m[48;2;135;41;160m▀[0m[38;2;76;181;232m[48;2;0;0;0m▀[0m[38;2;76;181;232m[48;2;0;0;0m▀[0m[38;2;76;181;232m[48;2;76;181;232m▀[0m[38;2;76;181;232m[48;2;76;181;232m▀[0m[38;2;76;181;232m[48;2;76;181;232m▀[0m[38;2;76;181;232m[48;2;76;181;232m▀[0m[38;2;48;108;203m[48;2;48;108;203m▀[0m      
  [38;2;0;0;0m▄[38;2;0;0;0m[48;2;189;189;181m▀[0m[38;2;76;181;232m[48;2;0;0;0m▀[0m[38;2;0;0;0m[48;2;135;41;160m▀[0m[38;2;135;41;160m[48;2;135;41;160m▀[0m[38;2;135;41;160m[48;2;135;41;160m▀[0m[38;2;135;41;160m[48;2;135;41;160m▀[0m[38;2;135;41;160m[48;2;135;41;160m▀[0m[38;2;135;41;160m[48;2;135;41;160m▀[0m[38;2;135;41;160m[48;2;135;41;160m▀[0m[38;2;135;41;160m[48;2;135;41;160m▀[0m[38;2;135;41;160m[48;2;135;41;160m▀[0m[38;2;0;0;0m[48;2;135;41;160m▀[0m[38;2;76;181;232m[48;2;0;0;0m▀[0m[38;2;76;181;232m[48;2;76;181;232m▀[0m[38;2;48;108;203m[48;2;48;108;203m▀[0m [38;2;48;108;203m▄[38;2;48;108;203m▄    
  [38;2;0;0;0m[48;2;0;0;0m▀[0m[38;2;255;255;255m[48;2;255;255;255m▀[0m[38;2;123;123;123m[48;2;189;189;181m▀[0m[38;2;135;41;160m[48;2;197;82;49m▀[0m[38;2;135;41;160m[48;2;135;41;160m▀[0m[38;2;135;41;160m[48;2;135;41;160m▀[0m[38;2;135;41;160m[48;2;135;41;160m▀[0m[38;2;135;41;160m[48;2;135;41;160m▀[0m[38;2;135;41;160m[48;2;135;41;160m▀[0m[38;2;135;41;160m[48;2;135;41;160m▀[0m[38;2;135;41;160m[48;2;135;41;160m▀[0m[38;2;135;41;160m[48;2;189;189;181m▀[0m[38;2;135;41;160m[48;2;135;41;160m▀[0m[38;2;0;0;0m[48;2;135;41;160m▀[0m[38;2;76;181;232m[48;2;0;0;0m▀[0m[38;2;76;181;232m[48;2;76;181;232m▀[0m[38;2;48;108;203m[48;2;76;181;232m▀[0m[38;2;76;181;232m[48;2;76;181;232m▀[0m[38;2;76;181;232m[48;2;76;181;232m▀[0m[38;2;48;108;203m[48;2;48;108;203m▀[0m   
 [38;2;48;108;203m[48;2;48;108;203m▀[0m[38;2;0;0;0m[48;2;0;0;0m▀[0m[38;2;255;255;255m[48;2;189;189;181m▀[0m[38;2;135;41;160m[48;2;135;41;160m▀[0m[38;2;197;82;49m[48;2;189;189;181m▀[0m[38;2;135;41;160m[48;2;135;41;160m▀[0m[38;2;197;82;49m[48;2;197;82;49m▀[0m[38;2;135;41;160m[48;2;135;41;160m▀[0m[38;2;135;41;160m[48;2;255;255;255m▀[0m[38;2;135;41;160m[48;2;255;255;255m▀[0m[38;2;189;189;181m[48;2;255;255;255m▀[0m[38;2;255;255;255m[48;2;255;255;255m▀[0m[38;2;255;255;255m[48;2;255;255;255m▀[0m[38;2;135;41;160m[48;2;197;82;49m▀[0m[38;2;135;41;160m[48;2;135;41;160m▀[0m[38;2;0;0;0m[48;2;0;0;0m▀[0m[38;2;76;181;232m[48;2;76;181;232m▀[0m[38;2;76;181;232m[48;2;76;181;232m▀[0m[38;2;76;181;232m[48;2;48;108;203m▀[0m[38;2;48;108;203m▀[38;2;48;108;203m▄[38;2;48;108;203m▄[38;2;48;108;203m▀ 
 [38;2;48;108;203m▀[38;2;76;181;232m[48;2;48;108;203m▀[0m[38;2;0;0;0m[48;2;48;108;203m▀[0m[38;2;255;255;255m[48;2;0;0;0m▀[0m[38;2;135;41;160m[48;2;135;41;160m▀[0m[38;2;135;41;160m[48;2;135;41;160m▀[0m[38;2;135;41;160m[48;2;197;82;49m▀[0m[38;2;255;255;255m[48;2;255;255;255m▀[0m[38;2;0;0;0m[48;2;0;0;0m▀[0m[38;2;255;255;255m[48;2;255;255;255m▀[0m[38;2;255;255;255m[48;2;255;255;255m▀[0m[38;2;255;255;255m[48;2;255;255;255m▀[0m[38;2;189;189;181m[48;2;197;82;49m▀[0m[38;2;197;82;49m[48;2;135;41;160m▀[0m[38;2;135;41;160m[48;2;0;0;0m▀[0m[38;2;0;0;0m[48;2;76;181;232m▀[0m[38;2;76;181;232m[48;2;76;181;232m▀[0m[38;2;76;181;232m[48;2;76;181;232m▀[0m[38;2;48;108;203m[48;2;76;181;232m▀[0m[38;2;48;108;203m▄[38;2;48;108;203m▀[38;2;48;108;203m▀  
   [38;2;48;108;203m▄[38;2;0;0;0m[48;2;76;181;232m▀[0m[38;2;135;41;160m[48;2;0;0;0m▀[0m[38;2;135;41;160m[48;2;173;132;156m▀[0m[38;2;135;41;160m[48;2;173;132;156m▀[0m[38;2;197;82;49m[48;2;173;132;156m▀[0m[38;2;255;255;255m[48;2;135;41;160m▀[0m[38;2;255;255;255m[48;2;135;41;160m▀[0m[38;2;255;255;255m[48;2;135;41;160m▀[0m[38;2;135;41;160m[48;2;173;132;156m▀[0m[38;2;135;41;160m[48;2;135;41;160m▀[0m[38;2;135;41;160m[48;2;0;0;0m▀[0m[38;2;0;0;0m[48;2;76;181;232m▀[0m[38;2;76;181;232m[48;2;76;181;232m▀[0m[38;2;76;181;232m[48;2;76;181;232m▀[0m[38;2;76;181;232m[48;2;76;181;232m▀[0m[38;2;76;181;232m[48;2;48;108;203m▀[0m[38;2;48;108;203m▀    
   [38;2;48;108;203m▀[38;2;76;181;232m[48;2;48;108;203m▀[0m[38;2;76;181;232m[48;2;76;181;232m▀[0m[38;2;0;0;0m[48;2;76;181;232m▀[0m[38;2;0;0;0m[48;2;76;181;232m▀[0m[38;2;247;173;197m[48;2;0;0;0m▀[0m[38;2;247;173;197m[48;2;0;0;0m▀[0m[38;2;173;132;156m[48;2;0;0;0m▀[0m[38;2;255;255;255m[48;2;189;189;181m▀[0m[38;2;0;0;0m[48;2;0;0;0m▀[0m[38;2;0;0;0m[48;2;76;181;232m▀[0m[38;2;76;181;232m[48;2;48;108;203m▀[0m[38;2;48;108;203m▀[38;2;76;181;232m[48;2;48;108;203m▀[0m[38;2;76;181;232m[48;2;48;108;203m▀[0m[38;2;48;108;203m▀      
     [38;2;48;108;203m▀[38;2;76;181;232m[48;2;48;108;203m▀[0m[38;2;76;181;232m[48;2;48;108;203m▀[0m[38;2;48;108;203m▀[38;2;48;108;203m▀[38;2;76;181;232m[48;2;48;108;203m▀[0m[38;2;0;0;0m[48;2;48;108;203m▀[0m[38;2;48;108;203m▀[38;2;48;108;203m▀ [38;2;48;108;203m▄[38;2;48;108;203m▄        
                       [38;2;48;108;203m▀[38;2;48;108;203m▀                 
                                     [0m                                     