    [38;2;0;0;0m[48;2;0;0;0m▀[0m[38;2;0;0;0m[48;2;119;117;157m▀[0m[38;2;0;0;0m▄                           
    [38;2;0;0;0m▀[38;2;119;117;157m[48;2;0;0;0m▀[0m[38;2;119;117;157m[48;2;119;117;157m▀[0m[38;2;0;0;0m[48;2;119;117;157m▀[0m[38;2;0;0;0m▄[38;2;0;0;0m▄        [38;2;0;0;0m▄[38;2;0;0;0m▄           [38;2;0;0;0m▄[38;2;0;0;0m▄ 
     [38;2;0;0;0m[48;2;0;0;0m▀[0m[38;2;119;117;157m[48;2;119;117;157m▀[0m[38;2;119;117;157m[48;2;119;117;157m▀[0m[38;2;119;117;157m[48;2;119;117;157m▀[0m[38;2;88;86;126m[48;2;119;117;157m▀[0m[38;2;0;0;0m[48;2;119;117;157m▀[0m[38;2;0;0;0m▄  [38;2;0;0;0m▄ [38;2;0;0;0m▄[38;2;0;0;0m[48;2;119;117;157m▀[0m[38;2;119;117;157m[48;2;119;117;157m▀[0m[38;2;0;0;0m[48;2;0;0;0m▀[0m [38;2;0;0;0m▄[38;2;0;0;0m▄    [38;2;0;0;0m▄[38;2;0;0;0m▄[38;2;0;0;0m[48;2;154;152;189m▀[0m[38;2;0;0;0m[48;2;119;117;157m▀[0m[38;2;119;117;157m[48;2;119;117;157m▀[0m[38;2;0;0;0m[48;2;0;0;0m▀[0m 
      [38;2;0;0;0m[48;2;0;0;0m▀[0m[38;2;119;117;157m[48;2;119;117;157m▀[0m[38;2;119;117;157m[48;2;119;117;157m▀[0m[38;2;119;117;157m[48;2;119;117;157m▀[0m[38;2;119;117;157m[48;2;119;117;157m▀[0m[38;2;119;117;157m[48;2;88;86;126m▀[0m[38;2;0;0;0m[48;2;88;86;126m▀[0m[38;2;0;0;0m[48;2;154;152;189m▀[0m[38;2;119;117;157m[48;2;119;117;157m▀[0m[38;2;0;0;0m[48;2;88;86;126m▀[0m[38;2;88;86;126m[48;2;154;152;189m▀[0m[38;2;154;152;189m[48;2;154;152;189m▀[0m[38;2;119;117;157m[48;2;119;117;157m▀[0m[38;2;0;0;0m[48;2;88;86;126m▀[0m[38;2;0;0;0m[48;2;119;117;157m▀[0m[38;2;119;117;157m[48;2;119;117;157m▀[0m[38;2;0;0;0m[48;2;0;0;0m▀[0m [38;2;0;0;0m▄[38;2;0;0;0m[48;2;119;117;157m▀[0m[38;2;0;0;0m[48;2;154;152;189m▀[0m[38;2;119;117;157m[48;2;154;152;189m▀[0m[38;2;154;152;189m[48;2;154;152;189m▀[0m[38;2;119;117;157m[48;2;119;117;157m▀[0m[38;2;119;117;157m[48;2;119;117;157m▀[0m[38;2;0;0;0m[48;2;0;0;0m▀[0m  
      [38;2;0;0;0m▀[38;2;119;117;157m[48;2;0;0;0m▀[0m[38;2;119;117;157m[48;2;119;117;157m▀[0m[38;2;119;117;157m[48;2;154;152;189m▀[0m[38;2;119;117;157m[48;2;154;152;189m▀[0m[38;2;154;152;189m[48;2;154;152;189m▀[0m[38;2;154;152;189m[48;2;154;152;189m▀[0m[38;2;154;152;189m[48;2;154;152;189m▀[0m[38;2;154;152;189m[48;2;154;152;189m▀[0m[38;2;154;152;189m[48;2;154;152;189m▀[0m[38;2;154;152;189m[48;2;154;152;189m▀[0m[38;2;154;152;189m[48;2;154;152;189m▀[0m[38;2;119;117;157m[48;2;154;152;189m▀[0m[38;2;119;117;157m[48;2;119;117;157m▀[0m[38;2;119;117;157m[48;2;119;117;157m▀[0m[38;2;119;117;157m[48;2;88;86;126m▀[0m[38;2;0;0;0m[48;2;119;117;157m▀[0m[38;2;0;0;0m[48;2;154;152;189m▀[0m[38;2;154;152;189m[48;2;154;152;189m▀[0m[38;2;154;152;189m[48;2;154;152;189m▀[0m[38;2;154;152;189m[48;2;154;152;189m▀[0m[38;2;154;152;189m[48;2;119;117;157m▀[0m[38;2;119;117;157m[48;2;119;117;157m▀[0m[38;2;119;117;157m[48;2;88;86;126m▀[0m[38;2;0;0;0m[48;2;0;0;0m▀[0m   
       [38;2;0;0;0m[48;2;0;0;0m▀[0m[38;2;154;152;189m[48;2;154;152;189m▀[0m[38;2;154;152;189m[48;2;154;152;189m▀[0m[38;2;154;152;189m[48;2;154;152;189m▀[0m[38;2;154;152;189m[48;2;154;152;189m▀[0m[38;2;154;152;189m[48;2;154;152;189m▀[0m[38;2;154;152;189m[48;2;154;152;189m▀[0m[38;2;154;152;189m[48;2;154;152;189m▀[0m[38;2;154;152;189m[48;2;154;152;189m▀[0m[38;2;154;152;189m[48;2;154;152;189m▀[0m[38;2;154;152;189m[48;2;154;152;189m▀[0m[38;2;154;152;189m[48;2;119;117;157m▀[0m[38;2;119;117;157m[48;2;154;152;189m▀[0m[38;2;119;117;157m[48;2;119;117;157m▀[0m[38;2;119;117;157m[48;2;119;117;157m▀[0m[38;2;154;152;189m[48;2;119;117;157m▀[0m[38;2;154;152;189m[48;2;154;152;189m▀[0m[38;2;154;152;189m[48;2;154;152;189m▀[0m[38;2;154;152;189m[48;2;119;117;157m▀[0m[38;2;119;117;157m[48;2;119;117;157m▀[0m[38;2;119;117;157m[48;2;119;117;157m▀[0m[38;2;119;117;157m[48;2;88;86;126m▀[0m[38;2;0;0;0m[48;2;0;0;0m▀[0m    
     [38;2;0;0;0m▄[38;2;0;0;0m[48;2;119;117;157m▀[0m[38;2;154;152;189m[48;2;154;152;189m▀[0m[38;2;154;152;189m[48;2;154;152;189m▀[0m[38;2;154;152;189m[48;2;154;152;189m▀[0m[38;2;154;152;189m[48;2;154;152;189m▀[0m[38;2;154;152;189m[48;2;154;152;189m▀[0m[38;2;154;152;189m[48;2;154;152;189m▀[0m[38;2;154;152;189m[48;2;154;152;189m▀[0m[38;2;154;152;189m[48;2;154;152;189m▀[0m[38;2;154;152;189m[48;2;154;152;189m▀[0m[38;2;154;152;189m[48;2;154;152;189m▀[0m[38;2;119;117;157m[48;2;154;152;189m▀[0m[38;2;154;152;189m[48;2;119;117;157m▀[0m[38;2;119;117;157m[48;2;154;152;189m▀[0m[38;2;154;152;189m[48;2;119;117;157m▀[0m[38;2;119;117;157m[48;2;119;117;157m▀[0m[38;2;119;117;157m[48;2;119;117;157m▀[0m[38;2;119;117;157m[48;2;119;117;157m▀[0m[38;2;119;117;157m[48;2;119;117;157m▀[0m[38;2;119;117;157m[48;2;119;117;157m▀[0m[38;2;119;117;157m[48;2;119;117;157m▀[0m[38;2;119;117;157m[48;2;88;86;126m▀[0m[38;2;0;0;0m[48;2;88;86;126m▀[0m[38;2;0;0;0m▄    
   [38;2;0;0;0m▄[38;2;0;0;0m[48;2;88;86;126m▀[0m[38;2;65;65;65m[48;2;65;65;65m▀[0m[38;2;82;90;106m[48;2;255;127;123m▀[0m[38;2;154;152;189m[48;2;119;117;157m▀[0m[38;2;154;152;189m[48;2;154;152;189m▀[0m[38;2;154;152;189m[48;2;154;152;189m▀[0m[38;2;154;152;189m[48;2;154;152;189m▀[0m[38;2;154;152;189m[48;2;154;152;189m▀[0m[38;2;154;152;189m[48;2;154;152;189m▀[0m[38;2;154;152;189m[48;2;154;152;189m▀[0m[38;2;154;152;189m[48;2;154;152;189m▀[0m[38;2;154;152;189m[48;2;119;117;157m▀[0m[38;2;154;152;189m[48;2;119;117;157m▀[0m[38;2;119;117;157m[48;2;119;117;157m▀[0m[38;2;119;117;157m[48;2;82;90;106m▀[0m[38;2;119;117;157m[48;2;119;117;157m▀[0m[38;2;119;117;157m[48;2;119;117;157m▀[0m[38;2;119;117;157m[48;2;119;117;157m▀[0m[38;2;119;117;157m[48;2;119;117;157m▀[0m[38;2;119;117;157m[48;2;119;117;157m▀[0m[38;2;119;117;157m[48;2;119;117;157m▀[0m[38;2;119;117;157m[48;2;119;117;157m▀[0m[38;2;119;117;157m[48;2;88;86;126m▀[0m[38;2;88;86;126m[48;2;88;86;126m▀[0m[38;2;88;86;126m[48;2;88;86;126m▀[0m[38;2;88;86;126m[48;2;0;0;0m▀[0m[38;2;0;0;0m▀   
  [38;2;0;0;0m[48;2;0;0;0m▀[0m[38;2;88;86;126m[48;2;88;86;126m▀[0m[38;2;65;65;65m[48;2;65;65;65m▀[0m[38;2;119;117;157m[48;2;119;117;157m▀[0m[38;2;255;180;186m[48;2;255;180;186m▀[0m[38;2;0;0;0m[48;2;0;0;0m▀[0m[38;2;154;152;189m[48;2;119;117;157m▀[0m[38;2;154;152;189m[48;2;154;152;189m▀[0m[38;2;154;152;189m[48;2;154;152;189m▀[0m[38;2;154;152;189m[48;2;154;152;189m▀[0m[38;2;154;152;189m[48;2;119;117;157m▀[0m[38;2;119;117;157m[48;2;119;117;157m▀[0m[38;2;119;117;157m[48;2;119;117;157m▀[0m[38;2;119;117;157m[48;2;82;90;106m▀[0m[38;2;82;90;106m[48;2;255;127;123m▀[0m[38;2;82;90;106m[48;2;255;127;123m▀[0m[38;2;255;127;123m[48;2;255;180;186m▀[0m[38;2;119;117;157m[48;2;119;117;157m▀[0m[38;2;119;117;157m[48;2;119;117;157m▀[0m[38;2;119;117;157m[48;2;119;117;157m▀[0m[38;2;119;117;157m[48;2;119;117;157m▀[0m[38;2;119;117;157m[48;2;119;117;157m▀[0m[38;2;119;117;157m[48;2;119;117;157m▀[0m[38;2;119;117;157m[48;2;119;117;157m▀[0m[38;2;88;86;126m[48;2;65;65;65m▀[0m[38;2;88;86;126m[48;2;88;86;126m▀[0m[38;2;0;0;0m[48;2;88;86;126m▀[0m[38;2;0;0;0m▄[38;2;0;0;0m▄   
 [38;2;0;0;0m[48;2;0;0;0m▀[0m[38;2;88;86;126m[48;2;88;86;126m▀[0m[38;2;88;86;126m[48;2;88;86;126m▀[0m[38;2;65;65;65m[48;2;65;65;65m▀[0m[38;2;119;117;157m[48;2;82;90;106m▀[0m[38;2;119;117;157m[48;2;119;117;157m▀[0m[38;2;255;127;123m[48;2;119;117;157m▀[0m[38;2;82;90;106m[48;2;119;117;157m▀[0m[38;2;119;117;157m[48;2;119;117;157m▀[0m[38;2;119;117;157m[48;2;119;117;157m▀[0m[38;2;119;117;157m[48;2;119;117;157m▀[0m[38;2;119;117;157m[48;2;82;90;106m▀[0m[38;2;82;90;106m[48;2;255;127;123m▀[0m[38;2;0;0;0m[48;2;0;0;0m▀[0m[38;2;255;127;123m[48;2;255;180;186m▀[0m[38;2;255;180;186m[48;2;255;180;186m▀[0m[38;2;255;180;186m[48;2;255;180;186m▀[0m[38;2;199;136;198m[48;2;119;117;157m▀[0m[38;2;119;117;157m[48;2;119;117;157m▀[0m[38;2;119;117;157m[48;2;119;117;157m▀[0m[38;2;119;117;157m[48;2;82;90;106m▀[0m[38;2;119;117;157m[48;2;119;117;157m▀[0m[38;2;119;117;157m[48;2;119;117;157m▀[0m[38;2;119;117;157m[48;2;119;117;157m▀[0m[38;2;119;117;157m[48;2;119;117;157m▀[0m[38;2;119;117;157m[48;2;119;117;157m▀[0m[38;2;65;65;65m[48;2;119;117;157m▀[0m[38;2;88;86;126m[48;2;65;65;65m▀[0m[38;2;88;86;126m[48;2;88;86;126m▀[0m[38;2;88;86;126m[48;2;0;0;0m▀[0m[38;2;0;0;0m▀  
  [38;2;0;0;0m▀[38;2;0;0;0m▀[38;2;65;65;65m[48;2;0;0;0m▀[0m[38;2;88;86;126m[48;2;119;117;157m▀[0m[38;2;82;90;106m[48;2;88;86;126m▀[0m[38;2;119;117;157m[48;2;82;90;106m▀[0m[38;2;119;117;157m[48;2;82;90;106m▀[0m[38;2;119;117;157m[48;2;119;117;157m▀[0m[38;2;119;117;157m[48;2;119;117;157m▀[0m[38;2;119;117;157m[48;2;119;117;157m▀[0m[38;2;119;117;157m[48;2;119;117;157m▀[0m[38;2;119;117;157m[48;2;119;117;157m▀[0m[38;2;199;136;198m[48;2;119;117;157m▀[0m[38;2;255;180;186m[48;2;119;117;157m▀[0m[38;2;255;180;186m[48;2;119;117;157m▀[0m[38;2;119;117;157m[48;2;119;117;157m▀[0m[38;2;119;117;157m[48;2;82;90;106m▀[0m[38;2;119;117;157m[48;2;82;90;106m▀[0m[38;2;82;90;106m[48;2;88;86;126m▀[0m[38;2;88;86;126m[48;2;119;117;157m▀[0m[38;2;119;117;157m[48;2;119;117;157m▀[0m[38;2;119;117;157m[48;2;119;117;157m▀[0m[38;2;119;117;157m[48;2;119;117;157m▀[0m[38;2;119;117;157m[48;2;119;117;157m▀[0m[38;2;119;117;157m[48;2;119;117;157m▀[0m[38;2;119;117;157m[48;2;119;117;157m▀[0m[38;2;65;65;65m[48;2;119;117;157m▀[0m[38;2;0;0;0m[48;2;0;0;0m▀[0m    
     [38;2;0;0;0m[48;2;0;0;0m▀[0m[38;2;88;86;126m[48;2;119;117;157m▀[0m[38;2;255;255;255m[48;2;88;86;126m▀[0m[38;2;189;180;205m[48;2;189;180;205m▀[0m[38;2;82;90;106m[48;2;255;255;255m▀[0m[38;2;82;90;106m[48;2;189;180;205m▀[0m[38;2;82;90;106m[48;2;255;255;255m▀[0m[38;2;82;90;106m[48;2;255;255;255m▀[0m[38;2;82;90;106m[48;2;189;180;205m▀[0m[38;2;82;90;106m[48;2;255;255;255m▀[0m[38;2;82;90;106m[48;2;255;255;255m▀[0m[38;2;82;90;106m[48;2;189;180;205m▀[0m[38;2;82;90;106m[48;2;255;255;255m▀[0m[38;2;255;255;255m[48;2;255;255;255m▀[0m[38;2;255;255;255m[48;2;88;86;126m▀[0m[38;2;88;86;126m[48;2;119;117;157m▀[0m[38;2;119;117;157m[48;2;119;117;157m▀[0m[38;2;119;117;157m[48;2;119;117;157m▀[0m[38;2;65;65;65m[48;2;65;65;65m▀[0m[38;2;119;117;157m[48;2;119;117;157m▀[0m[38;2;119;117;157m[48;2;119;117;157m▀[0m[38;2;119;117;157m[48;2;119;117;157m▀[0m[38;2;119;117;157m[48;2;119;117;157m▀[0m[38;2;119;117;157m[48;2;88;86;126m▀[0m[38;2;0;0;0m[48;2;119;117;157m▀[0m[38;2;0;0;0m▄   
      [38;2;0;0;0m▀[38;2;119;117;157m[48;2;0;0;0m▀[0m[38;2;88;86;126m[48;2;119;117;157m▀[0m[38;2;255;255;255m[48;2;88;86;126m▀[0m[38;2;189;180;205m[48;2;88;86;126m▀[0m[38;2;255;255;255m[48;2;255;255;255m▀[0m[38;2;255;255;255m[48;2;255;255;255m▀[0m[38;2;189;180;205m[48;2;189;180;205m▀[0m[38;2;255;255;255m[48;2;255;255;255m▀[0m[38;2;255;255;255m[48;2;255;255;255m▀[0m[38;2;189;180;205m[48;2;88;86;126m▀[0m[38;2;255;255;255m[48;2;88;86;126m▀[0m[38;2;88;86;126m[48;2;119;117;157m▀[0m[38;2;119;117;157m[48;2;119;117;157m▀[0m[38;2;119;117;157m[48;2;119;117;157m▀[0m[38;2;119;117;157m[48;2;119;117;157m▀[0m[38;2;119;117;157m[48;2;119;117;157m▀[0m[38;2;119;117;157m[48;2;119;117;157m▀[0m[38;2;65;65;65m[48;2;119;117;157m▀[0m[38;2;119;117;157m[48;2;65;65;65m▀[0m[38;2;119;117;157m[48;2;65;65;65m▀[0m[38;2;88;86;126m[48;2;119;117;157m▀[0m[38;2;119;117;157m[48;2;0;0;0m▀[0m[38;2;0;0;0m▀    
       [38;2;0;0;0m[48;2;0;0;0m▀[0m[38;2;82;90;106m[48;2;88;86;126m▀[0m[38;2;119;117;157m[48;2;82;90;106m▀[0m[38;2;119;117;157m[48;2;119;117;157m▀[0m[38;2;88;86;126m[48;2;119;117;157m▀[0m[38;2;88;86;126m[48;2;119;117;157m▀[0m[38;2;88;86;126m[48;2;119;117;157m▀[0m[38;2;88;86;126m[48;2;119;117;157m▀[0m[38;2;88;86;126m[48;2;119;117;157m▀[0m[38;2;119;117;157m[48;2;119;117;157m▀[0m[38;2;119;117;157m[48;2;119;117;157m▀[0m[38;2;119;117;157m[48;2;119;117;157m▀[0m[38;2;119;117;157m[48;2;119;117;157m▀[0m[38;2;119;117;157m[48;2;119;117;157m▀[0m[38;2;119;117;157m[48;2;119;117;157m▀[0m[38;2;119;117;157m[48;2;119;117;157m▀[0m[38;2;119;117;157m[48;2;88;86;126m▀[0m[38;2;88;86;126m[48;2;88;86;126m▀[0m[38;2;88;86;126m[48;2;88;86;126m▀[0m[38;2;88;86;126m[48;2;88;86;126m▀[0m[38;2;65;65;65m[48;2;65;65;65m▀[0m[38;2;88;86;126m[48;2;88;86;126m▀[0m[38;2;0;0;0m[48;2;88;86;126m▀[0m[38;2;0;0;0m▄   
        [38;2;0;0;0m[48;2;0;0;0m▀[0m[38;2;88;86;126m[48;2;88;86;126m▀[0m[38;2;82;90;106m[48;2;88;86;126m▀[0m[38;2;82;90;106m[48;2;88;86;126m▀[0m[38;2;119;117;157m[48;2;82;90;106m▀[0m[38;2;119;117;157m[48;2;65;65;65m▀[0m[38;2;119;117;157m[48;2;0;0;0m▀[0m[38;2;119;117;157m[48;2;119;117;157m▀[0m[38;2;119;117;157m[48;2;119;117;157m▀[0m[38;2;119;117;157m[48;2;119;117;157m▀[0m[38;2;119;117;157m[48;2;119;117;157m▀[0m[38;2;119;117;157m[48;2;88;86;126m▀[0m[38;2;119;117;157m[48;2;88;86;126m▀[0m[38;2;119;117;157m[48;2;88;86;126m▀[0m[38;2;88;86;126m[48;2;88;86;126m▀[0m[38;2;88;86;126m[48;2;88;86;126m▀[0m[38;2;88;86;126m[48;2;88;86;126m▀[0m[38;2;88;86;126m[48;2;88;86;126m▀[0m[38;2;88;86;126m[48;2;65;65;65m▀[0m[38;2;65;65;65m[48;2;88;86;126m▀[0m[38;2;88;86;126m[48;2;88;86;126m▀[0m[38;2;88;86;126m[48;2;0;0;0m▀[0m[38;2;88;86;126m[48;2;0;0;0m▀[0m[38;2;0;0;0m▀  
         [38;2;0;0;0m▀[38;2;88;86;126m[48;2;0;0;0m▀[0m[38;2;88;86;126m[48;2;0;0;0m▀[0m[38;2;88;86;126m[48;2;0;0;0m▀[0m[38;2;0;0;0m▀ [38;2;0;0;0m▀[38;2;0;0;0m▀[38;2;0;0;0m▀[38;2;0;0;0m[48;2;0;0;0m▀[0m[38;2;88;86;126m[48;2;88;86;126m▀[0m[38;2;88;86;126m[48;2;88;86;126m▀[0m[38;2;88;86;126m[48;2;88;86;126m▀[0m[38;2;88;86;126m[48;2;88;86;126m▀[0m[38;2;88;86;126m[48;2;88;86;126m▀[0m[38;2;88;86;126m[48;2;88;86;126m▀[0m[38;2;88;86;126m[48;2;88;86;126m▀[0m[38;2;65;65;65m[48;2;0;0;0m▀[0m[38;2;0;0;0m▀[38;2;0;0;0m▀     
                   [38;2;0;0;0m[48;2;0;0;0m▀[0m[38;2;119;117;157m[48;2;0;0;0m▀[0m[38;2;88;86;126m[48;2;0;0;0m▀[0m[38;2;88;86;126m[48;2;119;117;157m▀[0m[38;2;88;86;126m[48;2;119;117;157m▀[0m[38;2;88;86;126m[48;2;0;0;0m▀[0m[38;2;0;0;0m▀        
                               [38;2;0;0;0m▀[38;2;0;0;0m▀                   
                                     [0m                                     