                [38;2;0;0;0m▄[38;2;0;0;0m[48;2;148;255;238m▀[0m[38;2;0;0;0m▄                     
               [38;2;0;0;0m[48;2;0;0;0m▀[0m[38;2;148;255;238m[48;2;148;255;238m▀[0m[38;2;148;255;238m[48;2;40;181;172m▀[0m[38;2;0;0;0m[48;2;57;255;239m▀[0m[38;2;0;0;0m▄                    
              [38;2;0;0;0m[48;2;0;0;0m▀[0m[38;2;148;255;238m[48;2;148;255;238m▀[0m[38;2;148;255;238m[48;2;41;198;181m▀[0m[38;2;40;181;172m[48;2;60;255;236m▀[0m[38;2;57;255;239m[48;2;60;255;236m▀[0m[38;2;0;0;0m[48;2;0;0;0m▀[0m   [38;2;0;0;0m▄[38;2;0;0;0m[48;2;57;255;239m▀[0m[38;2;0;0;0m[48;2;44;170;157m▀[0m[38;2;0;0;0m▄             
             [38;2;0;0;0m▄[38;2;0;0;0m[48;2;57;255;239m▀[0m[38;2;41;198;181m[48;2;40;181;172m▀[0m[38;2;76;217;200m[48;2;57;255;239m▀[0m[38;2;60;255;236m[48;2;60;255;236m▀[0m[38;2;60;255;236m[48;2;60;255;236m▀[0m[38;2;0;0;0m[48;2;0;0;0m▀[0m   [38;2;0;0;0m[48;2;0;0;0m▀[0m[38;2;57;255;239m[48;2;66;255;236m▀[0m[38;2;66;255;236m[48;2;41;181;173m▀[0m[38;2;0;0;0m[48;2;0;0;0m▀[0m             
             [38;2;0;0;0m[48;2;0;0;0m▀[0m[38;2;57;255;239m[48;2;41;181;173m▀[0m[38;2;40;181;172m[48;2;60;255;236m▀[0m[38;2;57;255;239m[48;2;60;255;236m▀[0m[38;2;60;255;236m[48;2;60;255;236m▀[0m[38;2;60;255;236m[48;2;60;255;236m▀[0m[38;2;0;0;0m[48;2;0;0;0m▀[0m  [38;2;0;0;0m▄[38;2;0;0;0m[48;2;43;181;171m▀[0m[38;2;44;170;157m[48;2;43;181;171m▀[0m[38;2;41;181;173m[48;2;41;181;173m▀[0m[38;2;0;0;0m[48;2;0;0;0m▀[0m             
          [38;2;0;0;0m▄ [38;2;0;0;0m▄[38;2;0;0;0m[48;2;57;255;239m▀[0m[38;2;41;181;173m[48;2;40;181;172m▀[0m[38;2;60;255;236m[48;2;57;255;239m▀[0m[38;2;60;255;236m[48;2;57;255;239m▀[0m[38;2;60;255;236m[48;2;82;247;223m▀[0m[38;2;60;255;236m[48;2;57;73;82m▀[0m[38;2;66;65;66m[48;2;104;105;140m▀[0m[38;2;0;0;0m[48;2;104;105;140m▀[0m[38;2;0;8;8m▄[38;2;0;0;0m[48;2;92;142;124m▀[0m[38;2;43;181;171m[48;2;66;65;66m▀[0m[38;2;43;181;171m[48;2;54;186;175m▀[0m[38;2;41;181;173m[48;2;43;181;171m▀[0m[38;2;41;181;173m[48;2;43;181;171m▀[0m[38;2;0;0;0m[48;2;0;0;0m▀[0m            
         [38;2;0;0;0m[48;2;0;0;0m▀[0m[38;2;41;181;173m[48;2;41;181;173m▀[0m[38;2;0;0;0m[48;2;57;65;82m▀[0m[38;2;66;65;66m[48;2;120;111;82m▀[0m[38;2;57;255;239m[48;2;85;78;68m▀[0m[38;2;57;255;239m[48;2;57;255;239m▀[0m[38;2;40;181;172m[48;2;40;181;172m▀[0m[38;2;57;255;239m[48;2;57;255;239m▀[0m[38;2;57;73;82m[48;2;66;65;66m▀[0m[38;2;82;120;110m[48;2;71;78;120m▀[0m[38;2;104;105;140m[48;2;66;73;132m▀[0m[38;2;104;105;140m[48;2;107;105;148m▀[0m[38;2;92;142;124m[48;2;66;74;126m▀[0m[38;2;50;71;63m[48;2;66;65;66m▀[0m[38;2;49;247;231m[48;2;57;255;239m▀[0m[38;2;66;65;66m[48;2;66;65;66m▀[0m[38;2;43;181;171m[48;2;43;181;171m▀[0m[38;2;43;181;171m[48;2;43;181;171m▀[0m[38;2;0;0;0m[48;2;0;0;0m▀[0m            
        [38;2;0;0;0m▄[38;2;0;0;0m[48;2;43;181;171m▀[0m[38;2;41;181;173m[48;2;43;181;171m▀[0m[38;2;57;65;82m[48;2;57;65;82m▀[0m[38;2;247;203;82m[48;2;247;203;82m▀[0m[38;2;85;78;68m[48;2;82;81;66m▀[0m[38;2;57;255;239m[48;2;66;224;255m▀[0m[38;2;40;181;172m[48;2;60;192;180m▀[0m[38;2;57;255;239m[48;2;60;192;180m▀[0m[38;2;66;65;66m[48;2;43;50;71m▀[0m[38;2;74;85;148m[48;2;79;92;142m▀[0m[38;2;79;83;137m[48;2;90;69;140m▀[0m[38;2;66;73;132m[48;2;255;190;57m▀[0m[38;2;66;74;126m[48;2;66;65;66m▀[0m[38;2;66;65;66m[48;2;57;255;239m▀[0m[38;2;57;255;239m[48;2;60;255;236m▀[0m[38;2;66;65;66m[48;2;60;255;236m▀[0m[38;2;43;181;171m[48;2;66;65;66m▀[0m[38;2;43;181;171m[48;2;44;181;171m▀[0m[38;2;0;0;0m[48;2;46;85;79m▀[0m[38;2;0;16;24m▄           
        [38;2;0;0;0m▀[38;2;43;181;171m[48;2;0;0;0m▀[0m[38;2;43;181;171m[48;2;41;181;173m▀[0m[38;2;57;65;82m[48;2;44;181;171m▀[0m[38;2;120;111;82m[48;2;66;65;66m▀[0m[38;2;176;192;135m[48;2;90;89;93m▀[0m[38;2;82;81;66m[48;2;90;89;93m▀[0m[38;2;57;255;239m[48;2;66;206;205m▀[0m[38;2;66;65;66m[48;2;66;65;66m▀[0m[38;2;79;92;142m[48;2;255;207;66m▀[0m[38;2;8;8;0m[48;2;255;207;66m▀[0m[38;2;200;149;84m[48;2;255;207;66m▀[0m[38;2;255;190;57m[48;2;74;85;148m▀[0m[38;2;66;65;66m[48;2;66;65;66m▀[0m[38;2;57;255;239m[48;2;49;247;231m▀[0m[38;2;60;255;236m[48;2;49;247;231m▀[0m[38;2;60;255;236m[48;2;51;186;175m▀[0m[38;2;66;65;66m[48;2;76;78;90m▀[0m[38;2;44;181;171m[48;2;41;181;173m▀[0m[38;2;46;85;79m[48;2;66;65;66m▀[0m[38;2;68;170;159m[48;2;44;181;171m▀[0m[38;2;0;0;0m[48;2;0;0;0m▀[0m          
    [38;2;0;0;0m▄[38;2;0;0;0m[48;2;40;181;172m▀[0m[38;2;0;0;0m[48;2;57;255;239m▀[0m[38;2;0;0;0m▄ [38;2;0;0;0m▀[38;2;41;181;173m[48;2;0;0;0m▀[0m[38;2;44;181;171m[48;2;32;66;68m▀[0m[38;2;66;65;66m[48;2;66;202;206m▀[0m[38;2;66;206;205m[48;2;66;206;205m▀[0m[38;2;90;89;93m[48;2;74;73;66m▀[0m[38;2;66;206;205m[48;2;66;206;205m▀[0m[38;2;66;65;66m[48;2;66;206;205m▀[0m[38;2;74;85;148m[48;2;74;73;66m▀[0m[38;2;74;85;148m[48;2;57;255;239m▀[0m[38;2;74;85;148m[48;2;74;77;90m▀[0m[38;2;74;85;148m[48;2;74;77;90m▀[0m[38;2;66;65;66m[48;2;104;105;142m▀[0m[38;2;54;186;175m[48;2;66;65;66m▀[0m[38;2;51;186;175m[48;2;33;173;169m▀[0m[38;2;66;60;57m[48;2;95;74;93m▀[0m[38;2;76;78;90m[48;2;86;93;144m▀[0m[38;2;76;78;90m[48;2;66;65;66m▀[0m[38;2;44;181;171m[48;2;44;181;171m▀[0m[38;2;44;181;171m[48;2;44;181;171m▀[0m[38;2;0;0;0m[48;2;46;85;79m▀[0m[38;2;0;16;24m▄   [38;2;0;0;0m▄     
    [38;2;0;0;0m[48;2;0;0;0m▀[0m[38;2;57;255;239m[48;2;57;255;239m▀[0m[38;2;40;181;172m[48;2;38;170;158m▀[0m[38;2;57;255;239m[48;2;57;255;239m▀[0m[38;2;0;0;0m[48;2;57;255;239m▀[0m[38;2;0;0;0m▄ [38;2;0;12;16m▀[38;2;66;202;206m[48;2;0;0;0m▀[0m[38;2;74;73;66m[48;2;57;73;82m▀[0m[38;2;74;73;66m[48;2;82;120;110m▀[0m[38;2;66;65;66m[48;2;66;65;66m▀[0m[38;2;66;206;205m[48;2;66;206;205m▀[0m[38;2;74;73;66m[48;2;66;65;66m▀[0m[38;2;57;255;239m[48;2;66;65;66m▀[0m[38;2;57;255;239m[48;2;82;247;223m▀[0m[38;2;74;77;90m[48;2;57;73;82m▀[0m[38;2;104;105;142m[48;2;104;105;140m▀[0m[38;2;104;105;142m[48;2;104;105;140m▀[0m[38;2;57;77;123m[48;2;66;73;123m▀[0m[38;2;57;77;123m[48;2;104;105;139m▀[0m[38;2;86;93;144m[48;2;78;87;144m▀[0m[38;2;86;93;144m[48;2;107;105;140m▀[0m[38;2;66;65;66m[48;2;66;65;66m▀[0m[38;2;44;181;171m[48;2;66;65;66m▀[0m[38;2;46;85;79m[48;2;57;255;239m▀[0m[38;2;68;170;159m[48;2;40;181;172m▀[0m[38;2;0;0;0m[48;2;66;65;66m▀[0m[38;2;0;0;0m▄[38;2;0;0;0m[48;2;43;181;171m▀[0m[38;2;41;181;173m[48;2;43;181;171m▀[0m[38;2;0;0;0m[48;2;0;0;0m▀[0m    
     [38;2;0;0;0m[48;2;0;0;0m▀[0m[38;2;57;255;239m[48;2;57;255;239m▀[0m[38;2;57;255;239m[48;2;66;73;123m▀[0m[38;2;66;73;123m[48;2;104;105;139m▀[0m[38;2;107;105;140m[48;2;66;74;126m▀[0m[38;2;0;0;0m[48;2;66;74;126m▀[0m[38;2;0;0;0m[48;2;74;60;57m▀[0m[38;2;57;255;239m[48;2;117;189;184m▀[0m[38;2;82;247;223m[48;2;44;183;174m▀[0m[38;2;57;73;82m[48;2;66;255;240m▀[0m[38;2;66;65;66m[48;2;57;255;234m▀[0m[38;2;66;65;66m[48;2;66;60;57m▀[0m[38;2;104;105;142m[48;2;104;105;142m▀[0m[38;2;104;105;142m[48;2;104;105;142m▀[0m[38;2;57;73;82m[48;2;104;105;139m▀[0m[38;2;82;120;110m[48;2;104;105;139m▀[0m[38;2;104;105;140m[48;2;101;103;145m▀[0m[38;2;104;105;140m[48;2;101;103;145m▀[0m[38;2;104;105;139m[48;2;71;78;120m▀[0m[38;2;66;73;123m[48;2;71;78;120m▀[0m[38;2;107;105;140m[48;2;79;82;109m▀[0m[38;2;78;87;144m[48;2;60;63;71m▀[0m[38;2;66;65;66m[48;2;57;255;239m▀[0m[38;2;57;255;239m[48;2;57;255;239m▀[0m[38;2;40;181;172m[48;2;57;255;239m▀[0m[38;2;57;255;239m[48;2;57;255;239m▀[0m[38;2;66;65;66m[48;2;66;74;126m▀[0m[38;2;66;65;66m[48;2;66;74;126m▀[0m[38;2;43;181;171m[48;2;85;52;60m▀[0m[38;2;43;181;171m[48;2;79;170;153m▀[0m[38;2;0;0;0m[48;2;0;0;0m▀[0m    
  [38;2;0;0;0m▄[38;2;0;0;0m[48;2;57;255;239m▀[0m[38;2;0;0;0m▄ [38;2;0;0;0m[48;2;0;0;0m▀[0m[38;2;104;105;139m[48;2;104;105;139m▀[0m[38;2;104;105;139m[48;2;66;73;123m▀[0m[38;2;66;74;126m[48;2;66;65;66m▀[0m[38;2;66;65;66m[48;2;140;140;127m▀[0m[38;2;148;247;241m[48;2;142;138;128m▀[0m[38;2;74;60;57m[48;2;142;138;128m▀[0m[38;2;55;219;207m[48;2;66;65;66m▀[0m[38;2;44;183;174m[48;2;66;206;205m▀[0m[38;2;57;192;178m[48;2;63;206;208m▀[0m[38;2;57;255;234m[48;2;41;181;173m▀[0m[38;2;66;65;66m[48;2;66;65;66m▀[0m[38;2;104;105;142m[48;2;71;78;120m▀[0m[38;2;104;105;139m[48;2;66;73;123m▀[0m[38;2;66;73;123m[48;2;78;87;144m▀[0m[38;2;79;81;109m[48;2;66;65;66m▀[0m[38;2;57;60;74m[48;2;66;65;66m▀[0m[38;2;66;65;66m[48;2;198;195;189m▀[0m[38;2;74;85;148m[48;2;66;65;66m▀[0m[38;2;60;63;71m[48;2;66;65;66m▀[0m[38;2;99;101;148m[48;2;104;105;142m▀[0m[38;2;57;255;239m[48;2;66;65;66m▀[0m[38;2;40;181;172m[48;2;57;255;239m▀[0m[38;2;57;255;239m[48;2;57;255;239m▀[0m[38;2;66;65;66m[48;2;74;81;115m▀[0m[38;2;66;74;126m[48;2;66;65;66m▀[0m[38;2;66;74;126m[48;2;66;74;126m▀[0m[38;2;85;52;60m[48;2;66;74;126m▀[0m[38;2;0;16;41m[48;2;66;74;126m▀[0m[38;2;0;0;0m▄ [38;2;0;0;0m▄  
  [38;2;0;0;0m[48;2;0;0;0m▀[0m[38;2;57;255;239m[48;2;60;255;236m▀[0m[38;2;38;170;158m[48;2;60;255;236m▀[0m[38;2;0;0;0m[48;2;76;78;90m▀[0m[38;2;107;105;140m[48;2;76;78;90m▀[0m[38;2;104;105;139m[48;2;66;69;82m▀[0m[38;2;66;73;123m[48;2;66;69;82m▀[0m[38;2;66;65;66m[48;2;66;74;126m▀[0m[38;2;66;65;66m[48;2;66;74;126m▀[0m[38;2;142;138;128m[48;2;66;65;66m▀[0m[38;2;79;87;142m[48;2;0;0;0m▀[0m[38;2;66;65;66m[48;2;82;89;132m▀[0m[38;2;66;206;205m[48;2;54;59;88m▀[0m[38;2;63;206;208m[48;2;66;206;205m▀[0m[38;2;63;206;208m[48;2;68;67;88m▀[0m[38;2;74;85;148m[48;2;66;73;123m▀[0m[38;2;74;85;148m[48;2;78;87;144m▀[0m[38;2;78;87;144m[48;2;76;86;142m▀[0m[38;2;78;87;144m[48;2;76;86;142m▀[0m[38;2;66;65;66m[48;2;74;85;148m▀[0m[38;2;198;195;189m[48;2;0;0;0m▀[0m[38;2;198;195;189m[48;2;189;186;198m▀[0m[38;2;198;195;189m[48;2;63;62;66m▀[0m[38;2;66;65;66m[48;2;104;105;140m▀[0m[38;2;104;105;142m[48;2;104;105;140m▀[0m[38;2;66;65;66m[48;2;104;105;139m▀[0m[38;2;57;255;239m[48;2;66;73;123m▀[0m[38;2;74;81;115m[48;2;78;87;144m▀[0m[38;2;74;81;115m[48;2;78;87;144m▀[0m[38;2;66;65;66m[48;2;66;73;90m▀[0m[38;2;66;74;126m[48;2;66;73;90m▀[0m[38;2;66;65;66m[48;2;57;255;239m▀[0m[38;2;66;74;126m[48;2;66;65;66m▀[0m[38;2;66;75;127m[48;2;49;69;115m▀[0m[38;2;0;0;0m[48;2;41;181;173m▀[0m[38;2;41;181;173m[48;2;41;181;173m▀[0m[38;2;0;0;0m[48;2;0;0;0m▀[0m 
 [38;2;0;0;0m[48;2;0;0;0m▀[0m[38;2;57;255;239m[48;2;57;255;239m▀[0m[38;2;60;255;236m[48;2;57;255;239m▀[0m[38;2;60;255;236m[48;2;57;255;239m▀[0m[38;2;41;181;173m[48;2;44;170;158m▀[0m[38;2;76;78;90m[48;2;44;170;158m▀[0m[38;2;57;255;239m[48;2;57;255;239m▀[0m[38;2;66;69;82m[48;2;66;65;66m▀[0m[38;2;66;74;126m[48;2;66;72;126m▀[0m[38;2;66;74;126m[48;2;66;72;126m▀[0m[38;2;0;0;0m[48;2;0;0;0m▀[0m [38;2;0;0;0m▀[38;2;0;0;0m▀[38;2;68;67;88m[48;2;0;0;0m▀[0m[38;2;68;67;88m[48;2;0;0;0m▀[0m[38;2;66;73;123m[48;2;0;0;0m▀[0m[38;2;66;73;123m[48;2;0;0;0m▀[0m[38;2;76;86;142m[48;2;0;0;0m▀[0m[38;2;0;0;0m▀[38;2;0;0;0m▀ [38;2;0;0;0m[48;2;0;0;0m▀[0m[38;2;126;124;132m[48;2;107;105;140m▀[0m[38;2;104;105;140m[48;2;104;105;140m▀[0m[38;2;104;105;140m[48;2;104;105;140m▀[0m[38;2;104;105;139m[48;2;66;73;123m▀[0m[38;2;66;73;123m[48;2;57;255;239m▀[0m[38;2;66;65;66m[48;2;44;181;171m▀[0m[38;2;78;87;144m[48;2;66;65;66m▀[0m[38;2;66;73;90m[48;2;40;181;172m▀[0m[38;2;57;255;239m[48;2;57;255;239m▀[0m[38;2;57;255;239m[48;2;57;255;239m▀[0m[38;2;66;65;66m[48;2;66;65;66m▀[0m[38;2;41;181;173m[48;2;49;181;171m▀[0m[38;2;93;70;90m[48;2;49;181;171m▀[0m[38;2;41;181;173m[48;2;0;0;0m▀[0m[38;2;0;0;0m[48;2;0;0;0m▀[0m 
  [38;2;0;0;0m▀[38;2;0;0;0m▀[38;2;0;0;0m▀[38;2;0;4;0m▀[38;2;66;255;236m[48;2;0;0;0m▀[0m[38;2;57;255;239m[48;2;0;0;0m▀[0m[38;2;57;255;239m[48;2;0;0;0m▀[0m[38;2;0;0;0m▀[38;2;0;0;0m▀             [38;2;0;0;0m▀[38;2;104;105;140m[48;2;0;0;0m▀[0m[38;2;104;105;140m[48;2;0;0;0m▀[0m[38;2;66;73;123m[48;2;57;255;239m▀[0m[38;2;57;255;239m[48;2;57;255;239m▀[0m[38;2;44;181;171m[48;2;57;255;239m▀[0m[38;2;44;181;171m[48;2;0;0;0m▀[0m[38;2;57;255;239m[48;2;0;0;0m▀[0m[38;2;57;255;239m[48;2;57;255;239m▀[0m[38;2;57;255;239m[48;2;57;255;239m▀[0m[38;2;57;255;239m[48;2;57;255;239m▀[0m[38;2;32;90;85m[48;2;0;0;0m▀[0m[38;2;0;12;16m▀   
                           [38;2;0;0;0m▀[38;2;0;0;0m▀[38;2;0;0;0m▀  [38;2;0;0;0m▀[38;2;0;0;0m▀[38;2;0;0;0m▀     
                                     [0m                                     