                  [38;2;0;0;0m▄[38;2;0;0;0m[48;2;255;255;255m▀[0m[38;2;0;0;0m[48;2;206;141;222m▀[0m[38;2;0;0;0m[48;2;255;255;255m▀[0m[38;2;0;0;0m▄     
     [38;2;0;0;0m▄[38;2;0;0;0m▄           [38;2;0;0;0m[48;2;0;0;0m▀[0m[38;2;206;141;222m[48;2;255;255;255m▀[0m[38;2;255;255;255m[48;2;255;255;255m▀[0m[38;2;255;255;255m[48;2;255;255;255m▀[0m[38;2;255;255;255m[48;2;255;255;255m▀[0m[38;2;0;0;0m[48;2;0;0;0m▀[0m    
    [38;2;0;0;0m[48;2;0;0;0m▀[0m[38;2;65;65;65m[48;2;239;115;156m▀[0m[38;2;255;255;255m[48;2;255;255;255m▀[0m[38;2;0;0;0m[48;2;0;0;0m▀[0m       [38;2;0;0;0m▄[38;2;0;0;0m▄  [38;2;0;0;0m▀[38;2;255;255;255m[48;2;0;0;0m▀[0m[38;2;255;255;255m[48;2;0;0;0m▀[0m[38;2;255;255;255m[48;2;255;255;255m▀[0m[38;2;255;255;255m[48;2;165;100;181m▀[0m[38;2;0;0;0m[48;2;0;0;0m▀[0m   
   [38;2;0;0;0m▄[38;2;0;0;0m[48;2;206;141;222m▀[0m[38;2;239;115;156m[48;2;239;115;156m▀[0m[38;2;206;141;222m[48;2;165;100;181m▀[0m[38;2;206;141;222m[48;2;206;141;222m▀[0m[38;2;0;0;0m[48;2;206;141;222m▀[0m[38;2;0;0;0m▄[38;2;0;0;0m▄[38;2;0;0;0m▄[38;2;0;0;0m▄[38;2;0;0;0m[48;2;206;141;222m▀[0m[38;2;0;0;0m[48;2;255;255;255m▀[0m[38;2;255;255;255m[48;2;165;100;181m▀[0m[38;2;255;255;255m[48;2;255;255;255m▀[0m[38;2;0;0;0m[48;2;0;0;0m▀[0m [38;2;0;0;0m▄[38;2;0;0;0m▄[38;2;0;0;0m▄[38;2;0;0;0m▀[38;2;0;0;0m▀[38;2;165;100;181m[48;2;0;0;0m▀[0m[38;2;0;0;0m[48;2;206;141;222m▀[0m[38;2;0;0;0m▄ 
   [38;2;0;0;0m[48;2;0;0;0m▀[0m[38;2;206;141;222m[48;2;239;115;156m▀[0m[38;2;165;100;181m[48;2;206;141;222m▀[0m[38;2;206;141;222m[48;2;206;141;222m▀[0m[38;2;206;141;222m[48;2;206;141;222m▀[0m[38;2;206;141;222m[48;2;206;141;222m▀[0m[38;2;206;141;222m[48;2;206;141;222m▀[0m[38;2;206;141;222m[48;2;206;141;222m▀[0m[38;2;206;141;222m[48;2;206;141;222m▀[0m[38;2;206;141;222m[48;2;65;65;65m▀[0m[38;2;165;100;181m[48;2;239;115;156m▀[0m[38;2;165;100;181m[48;2;239;115;156m▀[0m[38;2;239;115;156m[48;2;239;115;156m▀[0m[38;2;206;141;222m[48;2;165;100;181m▀[0m[38;2;0;0;0m[48;2;65;65;65m▀[0m[38;2;0;0;0m[48;2;206;141;222m▀[0m[38;2;165;100;181m[48;2;165;100;181m▀[0m[38;2;165;100;181m[48;2;65;65;65m▀[0m[38;2;165;100;181m[48;2;65;65;65m▀[0m[38;2;0;0;0m[48;2;65;65;65m▀[0m[38;2;0;0;0m[48;2;165;100;181m▀[0m[38;2;65;65;65m[48;2;206;141;222m▀[0m[38;2;206;141;222m[48;2;65;65;65m▀[0m[38;2;0;0;0m[48;2;0;0;0m▀[0m 
 [38;2;0;0;0m▄[38;2;0;0;0m▄[38;2;0;0;0m[48;2;0;0;0m▀[0m[38;2;255;214;49m[48;2;189;165;66m▀[0m[38;2;206;141;222m[48;2;240;178;255m▀[0m[38;2;206;141;222m[48;2;240;178;255m▀[0m[38;2;206;141;222m[48;2;206;141;222m▀[0m[38;2;206;141;222m[48;2;165;100;181m▀[0m[38;2;165;100;181m[48;2;239;115;156m▀[0m[38;2;165;100;181m[48;2;239;115;156m▀[0m[38;2;206;141;222m[48;2;65;65;65m▀[0m[38;2;65;65;65m[48;2;165;100;181m▀[0m[38;2;239;115;156m[48;2;65;65;65m▀[0m[38;2;239;115;156m[48;2;239;115;156m▀[0m[38;2;239;115;156m[48;2;165;100;181m▀[0m[38;2;65;65;65m[48;2;65;65;65m▀[0m[38;2;65;65;65m[48;2;165;100;181m▀[0m[38;2;65;65;65m[48;2;165;100;181m▀[0m[38;2;206;141;222m[48;2;65;65;65m▀[0m[38;2;206;141;222m[48;2;65;65;65m▀[0m[38;2;206;141;222m[48;2;65;65;65m▀[0m[38;2;206;141;222m[48;2;0;0;0m▀[0m[38;2;165;100;181m[48;2;0;0;0m▀[0m[38;2;65;65;65m[48;2;0;0;0m▀[0m[38;2;0;0;0m▀  
   [38;2;0;0;0m▄[38;2;0;0;0m[48;2;0;0;0m▀[0m[38;2;165;100;181m[48;2;255;255;255m▀[0m[38;2;255;255;255m[48;2;255;255;255m▀[0m[38;2;255;255;255m[48;2;255;255;255m▀[0m[38;2;239;115;156m[48;2;255;255;255m▀[0m[38;2;0;0;0m[48;2;49;107;255m▀[0m[38;2;255;214;49m[48;2;255;214;49m▀[0m[38;2;239;115;156m[48;2;165;100;181m▀[0m[38;2;165;100;181m[48;2;165;100;181m▀[0m[38;2;165;100;181m[48;2;165;100;181m▀[0m[38;2;165;100;181m[48;2;0;0;0m▀[0m[38;2;0;0;0m▀[38;2;206;141;222m[48;2;0;0;0m▀[0m[38;2;65;65;65m[48;2;206;141;222m▀[0m[38;2;65;65;65m[48;2;206;141;222m▀[0m[38;2;65;65;65m[48;2;206;141;222m▀[0m[38;2;206;141;222m[48;2;0;0;0m▀[0m[38;2;0;0;0m▀      
  [38;2;0;0;0m▀  [38;2;0;0;0m▀[38;2;206;141;222m[48;2;0;0;0m▀[0m[38;2;255;255;255m[48;2;0;0;0m▀[0m[38;2;255;255;255m[48;2;0;0;0m▀[0m[38;2;206;141;222m[48;2;0;0;0m▀[0m[38;2;165;100;181m[48;2;65;65;65m▀[0m[38;2;165;100;181m[48;2;65;65;65m▀[0m[38;2;65;65;65m[48;2;165;100;181m▀[0m[38;2;0;0;0m[48;2;0;0;0m▀[0m  [38;2;0;0;0m▄[38;2;0;0;0m[48;2;65;65;65m▀[0m[38;2;65;65;65m[48;2;165;100;181m▀[0m[38;2;0;0;0m[48;2;0;0;0m▀[0m        
          [38;2;0;0;0m[48;2;0;0;0m▀[0m[38;2;165;100;181m[48;2;206;141;222m▀[0m[38;2;206;141;222m[48;2;206;141;222m▀[0m[38;2;165;100;181m[48;2;206;141;222m▀[0m[38;2;0;0;0m[48;2;165;100;181m▀[0m[38;2;0;0;0m[48;2;65;65;65m▀[0m[38;2;165;100;181m[48;2;0;0;0m▀[0m[38;2;165;100;181m[48;2;0;0;0m▀[0m[38;2;0;0;0m▀         
         [38;2;0;0;0m[48;2;0;0;0m▀[0m[38;2;165;100;181m[48;2;165;100;181m▀[0m[38;2;65;65;65m[48;2;65;65;65m▀[0m[38;2;206;141;222m[48;2;206;141;222m▀[0m[38;2;65;65;65m[48;2;206;141;222m▀[0m[38;2;165;100;181m[48;2;65;65;65m▀[0m[38;2;0;0;0m[48;2;0;0;0m▀[0m            
          [38;2;0;0;0m▀[38;2;0;0;0m[48;2;0;0;0m▀[0m[38;2;255;255;255m[48;2;0;0;0m▀[0m[38;2;0;0;0m▀[38;2;0;0;0m▀             
                                     [0m                                     