          [38;2;0;0;0m▄[38;2;0;0;0m[48;2;178;195;255m▀[0m[38;2;0;0;0m▄                      
         [38;2;0;0;0m▄[38;2;0;0;0m[48;2;178;195;255m▀[0m[38;2;178;195;255m[48;2;178;195;255m▀[0m[38;2;0;0;0m[48;2;0;0;0m▀[0m                      
        [38;2;0;0;0m▄[38;2;2;7;23m[48;2;228;239;255m▀[0m[38;2;108;122;150m[48;2;108;122;150m▀[0m[38;2;178;195;255m[48;2;178;195;255m▀[0m[38;2;0;0;0m[48;2;0;0;0m▀[0m                      
       [38;2;0;0;0m▄[38;2;0;0;0m[48;2;69;116;173m▀[0m[38;2;255;255;255m[48;2;255;255;255m▀[0m[38;2;69;116;173m[48;2;69;116;173m▀[0m[38;2;0;0;0m[48;2;0;0;0m▀[0m    [38;2;0;0;0m▄[38;2;0;0;0m▄[38;2;0;0;0m▄                
   [38;2;0;0;0m▄[38;2;0;0;0m▄[38;2;0;0;0m▄ [38;2;0;0;0m[48;2;0;0;0m▀[0m[38;2;255;255;255m[48;2;255;255;255m▀[0m[38;2;106;124;168m[48;2;55;61;80m▀[0m[38;2;159;187;255m[48;2;55;61;80m▀[0m[38;2;0;0;0m[48;2;178;195;255m▀[0m[38;2;0;0;0m▄[38;2;0;0;0m▄[38;2;0;0;0m[48;2;178;195;255m▀[0m[38;2;1;4;7m[48;2;99;125;174m▀[0m[38;2;151;186;255m[48;2;99;125;174m▀[0m[38;2;178;195;255m[48;2;0;0;0m▀[0m[38;2;0;0;0m▀                
   [38;2;0;0;0m[48;2;0;0;0m▀[0m[38;2;177;193;248m[48;2;88;96;124m▀[0m[38;2;62;64;73m[48;2;177;193;248m▀[0m[38;2;0;0;0m[48;2;62;64;73m▀[0m[38;2;65;64;65m[48;2;255;255;255m▀[0m[38;2;255;255;255m[48;2;255;255;255m▀[0m[38;2;64;63;58m[48;2;64;63;58m▀[0m[38;2;177;193;248m[48;2;99;105;126m▀[0m[38;2;65;64;65m[48;2;178;195;255m▀[0m[38;2;178;195;255m[48;2;65;64;65m▀[0m[38;2;182;204;246m[48;2;69;116;173m▀[0m[38;2;69;116;173m[48;2;246;248;255m▀[0m[38;2;255;255;255m[48;2;0;0;0m▀[0m[38;2;0;0;0m▀                  
    [38;2;0;0;0m[48;2;0;0;0m▀[0m[38;2;58;80;110m[48;2;247;249;255m▀[0m[38;2;247;249;255m[48;2;118;136;168m▀[0m[38;2;241;246;255m[48;2;116;135;168m▀[0m[38;2;58;80;110m[48;2;173;191;226m▀[0m[38;2;89;97;110m[48;2;178;195;255m▀[0m[38;2;89;97;110m[48;2;178;195;255m▀[0m[38;2;178;195;255m[48;2;178;195;255m▀[0m[38;2;65;64;65m[48;2;178;195;255m▀[0m[38;2;247;249;255m[48;2;43;60;92m▀[0m[38;2;247;249;255m[48;2;107;122;155m▀[0m[38;2;60;82;119m[48;2;85;120;175m▀[0m[38;2;7;4;1m[48;2;85;120;175m▀[0m[38;2;0;0;0m[48;2;178;195;255m▀[0m[38;2;0;0;0m[48;2;0;0;0m▀[0m                
   [38;2;0;0;0m[48;2;0;0;0m▀[0m[38;2;255;255;255m[48;2;255;255;255m▀[0m[38;2;95;121;166m[48;2;95;121;166m▀[0m[38;2;167;192;255m[48;2;59;87;118m▀[0m[38;2;204;214;255m[48;2;65;64;65m▀[0m[38;2;65;64;65m[48;2;204;214;255m▀[0m[38;2;71;75;84m[48;2;231;236;255m▀[0m[38;2;71;75;84m[48;2;71;75;84m▀[0m[38;2;178;195;255m[48;2;178;195;255m▀[0m[38;2;178;195;255m[48;2;137;148;191m▀[0m[38;2;65;64;65m[48;2;65;64;65m▀[0m[38;2;255;255;255m[48;2;65;64;65m▀[0m[38;2;247;249;255m[48;2;186;198;228m▀[0m[38;2;247;249;255m[48;2;87;94;116m▀[0m[38;2;0;0;0m[48;2;89;95;107m▀[0m[38;2;0;0;0m▄                
 [38;2;0;0;0m▄[38;2;0;0;0m[48;2;255;255;255m▀[0m[38;2;255;255;255m[48;2;255;255;255m▀[0m[38;2;69;116;173m[48;2;255;255;255m▀[0m[38;2;178;195;255m[48;2;69;116;173m▀[0m[38;2;178;195;255m[48;2;178;195;255m▀[0m[38;2;89;97;110m[48;2;133;146;181m▀[0m[38;2;89;97;110m[48;2;178;195;255m▀[0m[38;2;89;97;110m[48;2;178;195;255m▀[0m[38;2;178;195;255m[48;2;89;97;110m▀[0m[38;2;89;97;110m[48;2;178;195;255m▀[0m[38;2;178;195;255m[48;2;178;195;255m▀[0m[38;2;178;195;255m[48;2;65;64;65m▀[0m[38;2;178;195;255m[48;2;65;64;65m▀[0m[38;2;43;60;92m[48;2;247;249;255m▀[0m[38;2;173;187;220m[48;2;107;122;155m▀[0m[38;2;178;195;255m[48;2;0;0;0m▀[0m[38;2;0;0;0m▀       [38;2;0;0;0m▄[38;2;0;0;0m▄       
 [38;2;0;0;0m▀[38;2;255;255;255m[48;2;0;0;0m▀[0m[38;2;105;125;159m[48;2;170;191;253m▀[0m[38;2;73;94;116m[48;2;170;191;253m▀[0m[38;2;178;195;255m[48;2;135;146;182m▀[0m[38;2;178;195;255m[48;2;93;99;112m▀[0m[38;2;177;193;248m[48;2;101;104;126m▀[0m[38;2;177;193;248m[48;2;63;59;57m▀[0m[38;2;139;150;190m[48;2;65;64;65m▀[0m[38;2;139;150;190m[48;2;65;64;65m▀[0m[38;2;65;64;65m[48;2;213;222;250m▀[0m[38;2;65;64;65m[48;2;213;222;250m▀[0m[38;2;213;222;250m[48;2;213;222;250m▀[0m[38;2;0;0;0m[48;2;213;222;250m▀[0m[38;2;65;64;65m[48;2;0;0;0m▀[0m[38;2;0;0;0m▀   [38;2;0;0;0m▄[38;2;0;0;0m▄[38;2;0;0;0m▄[38;2;0;0;0m▄[38;2;0;0;0m[48;2;231;236;255m▀[0m[38;2;8;8;8m[48;2;232;238;255m▀[0m[38;2;232;238;255m[48;2;78;84;100m▀[0m[38;2;232;238;255m[48;2;78;84;100m▀[0m[38;2;8;8;8m[48;2;232;238;255m▀[0m[38;2;0;0;0m▄[38;2;0;0;0m▄    
  [38;2;0;0;0m▀[38;2;0;0;0m▀[38;2;89;95;107m[48;2;0;0;0m▀[0m[38;2;213;222;250m[48;2;0;0;0m▀[0m[38;2;213;222;250m[48;2;0;0;0m▀[0m[38;2;0;0;0m▀[38;2;0;0;0m▀[38;2;213;222;250m[48;2;0;0;0m▀[0m[38;2;213;222;250m[48;2;213;222;250m▀[0m[38;2;211;222;247m[48;2;211;222;247m▀[0m[38;2;211;222;247m[48;2;211;222;247m▀[0m[38;2;210;222;245m[48;2;210;222;245m▀[0m[38;2;210;222;245m[48;2;255;255;255m▀[0m[38;2;255;255;255m[48;2;255;255;255m▀[0m[38;2;0;0;0m[48;2;255;255;255m▀[0m[38;2;0;0;0m[48;2;255;255;255m▀[0m[38;2;0;0;0m[48;2;255;255;255m▀[0m[38;2;0;0;0m[48;2;255;255;255m▀[0m[38;2;255;255;255m[48;2;255;255;255m▀[0m[38;2;255;255;255m[48;2;255;255;255m▀[0m[38;2;255;255;255m[48;2;255;255;255m▀[0m[38;2;255;255;255m[48;2;255;255;255m▀[0m[38;2;65;64;65m[48;2;255;255;255m▀[0m[38;2;89;95;107m[48;2;0;0;0m▀[0m[38;2;0;0;0m▀[38;2;136;147;179m[48;2;0;0;0m▀[0m[38;2;89;98;119m[48;2;0;0;0m▀[0m[38;2;72;77;96m[48;2;128;140;180m▀[0m[38;2;190;204;255m[48;2;14;15;12m▀[0m[38;2;0;0;0m▀   
         [38;2;0;0;0m▀[38;2;213;222;250m[48;2;0;0;0m▀[0m[38;2;211;222;247m[48;2;211;222;247m▀[0m[38;2;211;222;247m[48;2;211;222;247m▀[0m[38;2;205;216;240m[48;2;129;139;150m▀[0m[38;2;129;139;150m[48;2;255;255;255m▀[0m[38;2;255;255;255m[48;2;255;255;255m▀[0m[38;2;255;255;255m[48;2;255;255;255m▀[0m[38;2;255;255;255m[48;2;255;255;255m▀[0m[38;2;255;255;255m[48;2;255;255;255m▀[0m[38;2;255;255;255m[48;2;255;255;255m▀[0m[38;2;128;137;147m[48;2;128;137;147m▀[0m[38;2;255;255;255m[48;2;255;255;255m▀[0m[38;2;255;255;255m[48;2;255;255;255m▀[0m[38;2;255;255;255m[48;2;255;255;255m▀[0m[38;2;255;255;255m[48;2;255;255;255m▀[0m[38;2;0;0;0m[48;2;255;255;255m▀[0m[38;2;0;0;0m▄ [38;2;0;0;0m▄[38;2;8;8;8m[48;2;126;140;180m▀[0m[38;2;190;206;255m[48;2;126;140;180m▀[0m[38;2;0;0;0m[48;2;178;195;255m▀[0m[38;2;0;0;0m[48;2;178;195;255m▀[0m[38;2;0;0;0m▄ 
         [38;2;0;0;0m[48;2;0;0;0m▀[0m[38;2;233;238;255m[48;2;233;238;255m▀[0m[38;2;255;255;255m[48;2;255;255;255m▀[0m[38;2;255;255;255m[48;2;255;255;255m▀[0m[38;2;255;255;255m[48;2;255;255;255m▀[0m[38;2;255;255;255m[48;2;255;255;255m▀[0m[38;2;255;255;255m[48;2;255;255;255m▀[0m[38;2;255;255;255m[48;2;255;255;255m▀[0m[38;2;255;255;255m[48;2;255;255;255m▀[0m[38;2;255;255;255m[48;2;210;222;245m▀[0m[38;2;255;255;255m[48;2;210;222;245m▀[0m[38;2;255;255;255m[48;2;210;222;245m▀[0m[38;2;255;255;255m[48;2;128;137;147m▀[0m[38;2;255;255;255m[48;2;255;255;255m▀[0m[38;2;255;255;255m[48;2;255;255;255m▀[0m[38;2;255;255;255m[48;2;255;255;255m▀[0m[38;2;255;255;255m[48;2;255;255;255m▀[0m[38;2;0;0;0m[48;2;0;0;0m▀[0m  [38;2;0;0;0m[48;2;0;0;0m▀[0m[38;2;136;147;193m[48;2;136;147;193m▀[0m[38;2;65;64;65m[48;2;0;0;0m▀[0m[38;2;0;0;0m▀  
        [38;2;0;0;0m[48;2;0;0;0m▀[0m[38;2;213;222;250m[48;2;91;95;108m▀[0m[38;2;213;222;250m[48;2;213;222;250m▀[0m[38;2;208;219;241m[48;2;208;219;241m▀[0m[38;2;106;111;123m[48;2;57;56;57m▀[0m[38;2;255;255;255m[48;2;255;255;255m▀[0m[38;2;255;255;255m[48;2;255;255;255m▀[0m[38;2;252;252;255m[48;2;252;252;255m▀[0m[38;2;80;83;95m[48;2;0;0;0m▀[0m[38;2;208;219;241m[48;2;0;0;0m▀[0m[38;2;208;219;241m[48;2;72;73;71m▀[0m[38;2;65;64;65m[48;2;213;222;250m▀[0m[38;2;65;64;65m[48;2;213;222;250m▀[0m[38;2;128;132;146m[48;2;72;71;66m▀[0m[38;2;255;255;255m[48;2;255;255;255m▀[0m[38;2;255;255;255m[48;2;69;116;173m▀[0m[38;2;255;255;255m[48;2;255;255;255m▀[0m[38;2;0;0;0m[48;2;0;0;0m▀[0m    [38;2;0;0;0m▀    
     [38;2;0;0;0m▄ [38;2;0;0;0m▄[38;2;0;0;0m[48;2;213;222;250m▀[0m[38;2;139;150;190m[48;2;139;150;190m▀[0m[38;2;91;96;108m[48;2;139;150;190m▀[0m[38;2;67;66;72m[48;2;67;66;72m▀[0m[38;2;179;189;217m[48;2;247;249;255m▀[0m[38;2;77;80;92m[48;2;184;193;221m▀[0m[38;2;247;249;255m[48;2;77;80;92m▀[0m[38;2;0;0;0m[48;2;0;0;0m▀[0m  [38;2;0;0;0m▀[38;2;138;148;177m[48;2;1;1;7m▀[0m[38;2;210;221;255m[48;2;138;148;177m▀[0m[38;2;204;217;247m[48;2;204;217;247m▀[0m[38;2;58;60;64m[48;2;154;164;188m▀[0m[38;2;159;187;255m[48;2;42;60;79m▀[0m[38;2;99;123;167m[48;2;99;123;167m▀[0m[38;2;213;222;250m[48;2;213;222;250m▀[0m[38;2;0;0;0m[48;2;0;0;0m▀[0m        
    [38;2;0;0;0m[48;2;0;0;0m▀[0m[38;2;191;214;248m[48;2;191;214;248m▀[0m[38;2;1;1;7m[48;2;127;143;167m▀[0m[38;2;213;222;250m[48;2;213;222;250m▀[0m[38;2;136;147;192m[48;2;136;147;192m▀[0m[38;2;149;157;179m[48;2;65;64;65m▀[0m[38;2;65;64;65m[48;2;247;249;255m▀[0m[38;2;116;135;168m[48;2;173;191;226m▀[0m[38;2;241;246;255m[48;2;58;80;110m▀[0m[38;2;178;195;255m[48;2;178;195;255m▀[0m[38;2;0;0;0m[48;2;178;195;255m▀[0m[38;2;0;0;0m▄  [38;2;0;0;0m▄[38;2;0;0;0m[48;2;136;147;193m▀[0m[38;2;136;147;193m[48;2;136;147;193m▀[0m[38;2;149;157;179m[48;2;65;64;65m▀[0m[38;2;65;64;65m[48;2;247;249;255m▀[0m[38;2;69;116;173m[48;2;69;116;173m▀[0m[38;2;178;195;255m[48;2;178;195;255m▀[0m[38;2;69;116;173m[48;2;69;116;173m▀[0m[38;2;213;222;250m[48;2;69;116;173m▀[0m[38;2;0;0;0m[48;2;136;147;193m▀[0m[38;2;0;0;0m▄      
    [38;2;0;0;0m[48;2;0;0;0m▀[0m[38;2;208;219;241m[48;2;208;219;241m▀[0m[38;2;86;119;176m[48;2;128;152;198m▀[0m[38;2;139;150;190m[48;2;139;150;190m▀[0m[38;2;139;150;190m[48;2;65;64;65m▀[0m[38;2;65;64;65m[48;2;255;255;255m▀[0m[38;2;255;255;255m[48;2;255;255;255m▀[0m[38;2;72;117;176m[48;2;72;117;176m▀[0m[38;2;91;96;108m[48;2;72;117;176m▀[0m[38;2;69;116;173m[48;2;246;248;255m▀[0m[38;2;182;204;246m[48;2;69;116;173m▀[0m[38;2;0;0;0m[48;2;136;147;193m▀[0m[38;2;0;0;0m▄ [38;2;0;0;0m▀[38;2;136;147;193m[48;2;0;0;0m▀[0m[38;2;136;147;193m[48;2;0;0;0m▀[0m[38;2;78;83;93m[48;2;0;0;0m▀[0m[38;2;246;248;255m[48;2;0;0;0m▀[0m[38;2;255;255;255m[48;2;255;255;255m▀[0m[38;2;69;116;173m[48;2;69;116;173m▀[0m[38;2;136;147;193m[48;2;136;147;193m▀[0m[38;2;136;147;193m[48;2;0;0;0m▀[0m[38;2;136;147;193m[48;2;0;0;0m▀[0m[38;2;0;0;0m▀      
     [38;2;0;0;0m▀[38;2;0;0;0m▀[38;2;0;0;0m▀[38;2;0;0;0m▀[38;2;255;255;255m[48;2;0;0;0m▀[0m[38;2;255;255;255m[48;2;0;0;0m▀[0m[38;2;69;113;181m[48;2;182;200;248m▀[0m[38;2;182;200;248m[48;2;248;249;255m▀[0m[38;2;247;249;255m[48;2;247;249;255m▀[0m[38;2;119;128;149m[48;2;2;5;15m▀[0m[38;2;136;147;193m[48;2;0;0;0m▀[0m[38;2;0;0;0m▀      [38;2;0;0;0m▀[38;2;0;0;0m▀[38;2;0;0;0m▀         
             [38;2;0;0;0m▀[38;2;0;0;0m▀[38;2;0;0;0m▀                       
                                     [0m                                     