     [38;2;0;0;0m▄[38;2;0;0;0m[48;2;239;196;87m▀[0m[38;2;0;0;0m[48;2;239;196;87m▀[0m[38;2;0;0;0m[48;2;239;196;87m▀[0m[38;2;0;0;0m▄ [38;2;0;0;0m▄[38;2;0;0;0m▄[38;2;0;0;0m▄      [38;2;0;0;0m▄[38;2;0;0;0m▄   
    [38;2;0;0;0m▄[38;2;0;0;0m[48;2;239;196;87m▀[0m[38;2;239;196;87m[48;2;239;196;87m▀[0m[38;2;239;196;87m[48;2;221;162;23m▀[0m[38;2;221;162;23m[48;2;152;122;52m▀[0m[38;2;152;122;52m[48;2;255;230;88m▀[0m[38;2;0;0;0m[48;2;255;230;88m▀[0m[38;2;255;230;88m[48;2;221;162;23m▀[0m[38;2;255;230;88m[48;2;255;230;88m▀[0m[38;2;221;162;23m[48;2;255;230;88m▀[0m[38;2;0;0;0m[48;2;221;162;23m▀[0m[38;2;0;0;0m[48;2;255;230;88m▀[0m[38;2;0;0;0m▄ [38;2;0;0;0m▄[38;2;0;0;0m[48;2;113;168;0m▀[0m[38;2;113;168;0m[48;2;113;168;0m▀[0m[38;2;113;168;0m[48;2;74;137;0m▀[0m[38;2;0;0;0m[48;2;0;0;0m▀[0m  
   [38;2;0;0;0m[48;2;0;0;0m▀[0m[38;2;239;196;87m[48;2;239;196;87m▀[0m[38;2;239;196;87m[48;2;221;162;23m▀[0m[38;2;221;162;23m[48;2;255;230;88m▀[0m[38;2;152;122;52m[48;2;255;230;88m▀[0m[38;2;255;230;88m[48;2;221;162;23m▀[0m[38;2;255;230;88m[48;2;255;230;88m▀[0m[38;2;255;230;88m[48;2;221;162;23m▀[0m[38;2;221;162;23m[48;2;0;0;0m▀[0m[38;2;0;0;0m▀[38;2;0;0;0m▀[38;2;0;0;0m▀[38;2;255;230;88m[48;2;0;0;0m▀[0m[38;2;0;0;0m[48;2;0;0;0m▀[0m[38;2;0;0;0m▄[38;2;0;0;0m[48;2;113;168;0m▀[0m[38;2;74;137;0m[48;2;113;168;0m▀[0m[38;2;113;168;0m[48;2;113;168;0m▀[0m[38;2;113;168;0m[48;2;74;137;0m▀[0m[38;2;113;168;0m[48;2;0;0;0m▀[0m[38;2;0;0;0m▀ 
   [38;2;0;0;0m[48;2;0;0;0m▀[0m[38;2;255;230;88m[48;2;239;196;87m▀[0m[38;2;239;196;87m[48;2;239;196;87m▀[0m[38;2;255;230;88m[48;2;169;148;93m▀[0m[38;2;239;196;87m[48;2;255;255;255m▀[0m[38;2;152;122;52m[48;2;255;255;255m▀[0m[38;2;152;122;52m[48;2;128;115;148m▀[0m[38;2;128;115;148m[48;2;65;65;65m▀[0m[38;2;0;0;0m[48;2;128;115;148m▀[0m[38;2;0;0;0m[48;2;128;115;148m▀[0m[38;2;0;0;0m▄[38;2;0;0;0m[48;2;153;198;0m▀[0m[38;2;153;198;0m[48;2;153;198;0m▀[0m[38;2;153;198;0m[48;2;153;198;0m▀[0m[38;2;153;198;0m[48;2;153;198;0m▀[0m[38;2;65;65;65m[48;2;153;198;0m▀[0m[38;2;65;65;65m[48;2;153;198;0m▀[0m[38;2;113;168;0m[48;2;0;0;0m▀[0m[38;2;0;0;0m▀   
  [38;2;0;0;0m[48;2;0;0;0m▀[0m[38;2;128;115;148m[48;2;128;115;148m▀[0m[38;2;128;115;148m[48;2;255;255;255m▀[0m[38;2;255;255;255m[48;2;255;255;255m▀[0m[38;2;255;255;255m[48;2;0;0;0m▀[0m[38;2;153;130;1m[48;2;255;230;88m▀[0m[38;2;65;65;65m[48;2;65;65;65m▀[0m[38;2;65;65;65m[48;2;65;65;65m▀[0m[38;2;91;81;108m[48;2;255;255;255m▀[0m[38;2;128;115;148m[48;2;65;65;65m▀[0m[38;2;128;115;148m[48;2;65;65;65m▀[0m[38;2;65;65;65m[48;2;153;198;0m▀[0m[38;2;113;168;0m[48;2;153;198;0m▀[0m[38;2;153;198;0m[48;2;74;137;0m▀[0m[38;2;153;198;0m[48;2;74;137;0m▀[0m[38;2;74;137;0m[48;2;128;115;148m▀[0m[38;2;153;198;0m[48;2;74;137;0m▀[0m[38;2;74;137;0m[48;2;128;115;148m▀[0m[38;2;153;198;0m[48;2;128;115;148m▀[0m[38;2;0;0;0m[48;2;0;0;0m▀[0m   
 [38;2;0;0;0m[48;2;0;0;0m▀[0m[38;2;221;162;23m[48;2;221;162;23m▀[0m[38;2;221;162;23m[48;2;248;205;96m▀[0m[38;2;255;255;255m[48;2;255;255;255m▀[0m[38;2;153;130;1m[48;2;255;255;255m▀[0m[38;2;197;24;16m[48;2;65;65;65m▀[0m[38;2;255;255;255m[48;2;65;65;65m▀[0m[38;2;65;65;65m[48;2;206;206;206m▀[0m[38;2;206;206;206m[48;2;91;81;108m▀[0m[38;2;91;81;108m[48;2;128;115;148m▀[0m[38;2;74;137;0m[48;2;91;81;108m▀[0m[38;2;153;198;0m[48;2;153;198;0m▀[0m[38;2;153;198;0m[48;2;153;198;0m▀[0m[38;2;74;137;0m[48;2;153;198;0m▀[0m[38;2;128;115;148m[48;2;74;137;0m▀[0m[38;2;128;115;148m[48;2;128;115;148m▀[0m[38;2;128;115;148m[48;2;91;81;108m▀[0m[38;2;91;81;108m[48;2;91;81;108m▀[0m[38;2;91;81;108m[48;2;211;205;195m▀[0m[38;2;91;81;108m[48;2;211;205;195m▀[0m[38;2;128;115;148m[48;2;91;81;108m▀[0m[38;2;0;0;0m[48;2;0;0;0m▀[0m  
  [38;2;0;0;0m▀[38;2;206;206;206m[48;2;0;0;0m▀[0m[38;2;206;206;206m[48;2;0;0;0m▀[0m[38;2;206;206;206m[48;2;206;206;206m▀[0m[38;2;206;206;206m[48;2;74;137;0m▀[0m[38;2;206;206;206m[48;2;206;206;206m▀[0m[38;2;206;206;206m[48;2;74;137;0m▀[0m[38;2;206;206;206m[48;2;74;137;0m▀[0m[38;2;74;137;0m[48;2;153;198;0m▀[0m[38;2;153;198;0m[48;2;153;198;0m▀[0m[38;2;153;198;0m[48;2;153;198;0m▀[0m[38;2;153;198;0m[48;2;74;137;0m▀[0m[38;2;74;137;0m[48;2;74;137;0m▀[0m[38;2;91;81;108m[48;2;211;205;195m▀[0m[38;2;91;81;108m[48;2;211;205;195m▀[0m[38;2;211;205;195m[48;2;211;205;195m▀[0m[38;2;211;205;195m[48;2;211;205;195m▀[0m[38;2;211;205;195m[48;2;211;205;195m▀[0m[38;2;211;205;195m[48;2;91;81;108m▀[0m[38;2;211;205;195m[48;2;211;205;195m▀[0m[38;2;0;0;0m[48;2;0;0;0m▀[0m  
    [38;2;0;0;0m[48;2;0;0;0m▀[0m[38;2;113;168;0m[48;2;113;168;0m▀[0m[38;2;74;137;0m[48;2;113;168;0m▀[0m[38;2;74;137;0m[48;2;113;168;0m▀[0m[38;2;153;198;0m[48;2;113;168;0m▀[0m[38;2;153;198;0m[48;2;153;198;0m▀[0m[38;2;153;198;0m[48;2;74;137;0m▀[0m[38;2;153;198;0m[48;2;153;198;0m▀[0m[38;2;74;137;0m[48;2;74;137;0m▀[0m[38;2;211;205;195m[48;2;211;205;195m▀[0m[38;2;211;205;195m[48;2;211;205;195m▀[0m[38;2;211;205;195m[48;2;158;150;144m▀[0m[38;2;158;150;144m[48;2;158;150;144m▀[0m[38;2;158;150;144m[48;2;0;0;0m▀[0m[38;2;211;205;195m[48;2;0;0;0m▀[0m[38;2;91;81;108m[48;2;206;206;206m▀[0m[38;2;128;115;148m[48;2;206;206;206m▀[0m[38;2;158;150;144m[48;2;0;0;0m▀[0m[38;2;0;0;0m▀  
     [38;2;0;0;0m[48;2;0;0;0m▀[0m[38;2;113;168;0m[48;2;65;65;65m▀[0m[38;2;74;137;0m[48;2;74;137;0m▀[0m[38;2;113;168;0m[48;2;113;168;0m▀[0m[38;2;113;168;0m[48;2;65;65;65m▀[0m[38;2;74;137;0m[48;2;211;205;195m▀[0m[38;2;74;137;0m[48;2;211;205;195m▀[0m[38;2;211;205;195m[48;2;211;205;195m▀[0m[38;2;211;205;195m[48;2;158;150;144m▀[0m[38;2;211;205;195m[48;2;211;205;195m▀[0m[38;2;0;0;0m[48;2;0;0;0m▀[0m[38;2;0;0;0m▀ [38;2;0;0;0m▀[38;2;197;24;16m[48;2;0;0;0m▀[0m[38;2;197;24;16m[48;2;0;0;0m▀[0m[38;2;0;0;0m▀   
      [38;2;0;0;0m▀[38;2;197;24;16m[48;2;0;0;0m▀[0m[38;2;197;24;16m[48;2;0;0;0m▀[0m[38;2;0;0;0m▀[38;2;0;0;0m▀[38;2;211;205;195m[48;2;0;0;0m▀[0m[38;2;128;115;148m[48;2;206;206;206m▀[0m[38;2;91;81;108m[48;2;206;206;206m▀[0m[38;2;0;0;0m[48;2;0;0;0m▀[0m          
           [38;2;0;0;0m▀[38;2;197;24;16m[48;2;0;0;0m▀[0m[38;2;197;24;16m[48;2;0;0;0m▀[0m[38;2;0;0;0m▀          
                                     [0m                                     