              [38;2;0;0;0m▄[38;2;0;0;0m[48;2;106;149;222m▀[0m[38;2;0;0;0m▄   [38;2;0;0;0m▄[38;2;0;0;0m[48;2;106;149;222m▀[0m[38;2;0;0;0m[48;2;0;0;0m▀[0m                 
             [38;2;0;0;0m▄[38;2;0;0;0m[48;2;106;149;222m▀[0m[38;2;106;149;222m[48;2;106;149;222m▀[0m[38;2;0;0;0m[48;2;0;0;0m▀[0m [38;2;0;0;0m▄[38;2;0;0;8m[48;2;71;78;161m▀[0m[38;2;106;125;238m[48;2;106;125;238m▀[0m[38;2;106;149;222m[48;2;106;149;222m▀[0m[38;2;0;0;0m[48;2;0;0;0m▀[0m                 
          [38;2;0;0;0m▄[38;2;0;0;0m[48;2;74;81;164m▀[0m[38;2;0;0;0m▄[38;2;0;0;0m[48;2;71;99;153m▀[0m[38;2;106;149;230m[48;2;106;149;230m▀[0m[38;2;109;150;224m[48;2;109;150;224m▀[0m[38;2;109;150;224m[48;2;109;150;224m▀[0m[38;2;16;4;0m[48;2;49;54;74m▀[0m[38;2;49;54;74m[48;2;115;157;222m▀[0m[38;2;109;150;224m[48;2;109;150;224m▀[0m[38;2;109;150;224m[48;2;109;150;224m▀[0m[38;2;93;74;189m[48;2;0;0;0m▀[0m[38;2;0;0;0m▀ [38;2;0;0;0m▄[38;2;0;0;0m▄[38;2;0;0;0m▄             
          [38;2;0;0;0m[48;2;0;0;0m▀[0m[38;2;74;85;167m[48;2;74;85;167m▀[0m[38;2;74;85;167m[48;2;74;85;167m▀[0m[38;2;74;81;164m[48;2;106;147;224m▀[0m[38;2;106;147;224m[48;2;123;175;255m▀[0m[38;2;109;134;219m[48;2;123;200;255m▀[0m[38;2;82;85;148m[48;2;109;134;219m▀[0m[38;2;109;150;224m[48;2;109;150;224m▀[0m[38;2;109;150;224m[48;2;109;150;224m▀[0m[38;2;109;150;224m[48;2;109;150;224m▀[0m[38;2;109;150;224m[48;2;109;150;224m▀[0m[38;2;8;0;0m[48;2;43;48;74m▀[0m[38;2;8;0;0m[48;2;115;157;222m▀[0m[38;2;0;0;0m[48;2;106;149;222m▀[0m[38;2;106;149;222m[48;2;106;149;222m▀[0m[38;2;106;149;222m[48;2;0;0;0m▀[0m[38;2;0;0;0m▀             
           [38;2;0;0;0m[48;2;0;0;0m▀[0m[38;2;76;112;169m[48;2;115;167;255m▀[0m[38;2;117;184;254m[48;2;117;184;254m▀[0m[38;2;117;184;254m[48;2;117;184;254m▀[0m[38;2;115;180;255m[48;2;115;180;255m▀[0m[38;2;115;180;255m[48;2;109;143;227m▀[0m[38;2;109;150;224m[48;2;109;150;224m▀[0m[38;2;109;150;224m[48;2;109;150;224m▀[0m[38;2;109;150;224m[48;2;109;150;224m▀[0m[38;2;109;150;224m[48;2;109;150;224m▀[0m[38;2;109;150;224m[48;2;109;150;224m▀[0m[38;2;109;150;224m[48;2;109;150;224m▀[0m[38;2;106;149;222m[48;2;106;149;222m▀[0m[38;2;106;149;222m[48;2;0;0;0m▀[0m[38;2;0;0;0m▀           [38;2;0;0;0m▄  
          [38;2;0;0;0m[48;2;0;0;0m▀[0m[38;2;109;150;224m[48;2;109;150;224m▀[0m[38;2;109;150;224m[48;2;109;150;224m▀[0m[38;2;255;255;255m[48;2;213;72;82m▀[0m[38;2;213;72;82m[48;2;213;72;82m▀[0m[38;2;109;150;224m[48;2;109;150;224m▀[0m[38;2;109;150;224m[48;2;109;150;224m▀[0m[38;2;106;125;222m[48;2;0;0;0m▀[0m[38;2;106;125;222m[48;2;71;82;148m▀[0m[38;2;88;74;148m[48;2;255;255;255m▀[0m[38;2;88;74;148m[48;2;88;74;148m▀[0m[38;2;109;150;224m[48;2;109;150;224m▀[0m[38;2;109;150;224m[48;2;109;150;224m▀[0m[38;2;106;149;222m[48;2;0;0;0m▀[0m[38;2;0;0;0m▀          [38;2;0;0;0m▄[38;2;0;0;0m[48;2;74;81;164m▀[0m[38;2;106;149;222m[48;2;106;149;222m▀[0m[38;2;0;0;0m[48;2;0;0;0m▀[0m 
      [38;2;0;0;0m▄[38;2;0;0;0m[48;2;74;81;164m▀[0m[38;2;0;0;0m[48;2;74;81;164m▀[0m[38;2;0;0;0m[48;2;74;81;164m▀[0m[38;2;74;81;164m[48;2;74;81;164m▀[0m[38;2;65;64;65m[48;2;65;64;65m▀[0m[38;2;106;149;222m[48;2;106;149;222m▀[0m[38;2;106;149;222m[48;2;65;64;65m▀[0m[38;2;106;149;222m[48;2;65;64;65m▀[0m[38;2;167;188;191m[48;2;57;64;65m▀[0m[38;2;57;64;65m[48;2;222;250;255m▀[0m[38;2;222;80;74m[48;2;222;80;74m▀[0m[38;2;255;255;255m[48;2;255;255;255m▀[0m[38;2;246;255;255m[48;2;65;86;172m▀[0m[38;2;65;86;172m[48;2;126;142;200m▀[0m[38;2;106;149;222m[48;2;106;149;222m▀[0m[38;2;106;149;222m[48;2;65;64;65m▀[0m[38;2;44;43;82m[48;2;79;87;164m▀[0m[38;2;8;0;0m[48;2;79;87;164m▀[0m[38;2;0;0;0m[48;2;106;149;222m▀[0m[38;2;0;0;0m▄[38;2;0;0;0m▄      [38;2;0;0;0m▄[38;2;0;0;0m[48;2;106;149;222m▀[0m[38;2;106;149;222m[48;2;106;149;222m▀[0m[38;2;106;149;222m[48;2;106;149;222m▀[0m[38;2;0;0;0m[48;2;0;0;0m▀[0m 
  [38;2;0;0;0m▄[38;2;8;0;0m[48;2;47;46;79m▀[0m[38;2;8;0;0m[48;2;84;92;159m▀[0m[38;2;0;0;0m[48;2;74;81;164m▀[0m[38;2;74;81;164m[48;2;74;81;164m▀[0m[38;2;74;85;167m[48;2;74;85;167m▀[0m[38;2;74;85;167m[48;2;74;85;167m▀[0m[38;2;74;81;164m[48;2;0;0;0m▀[0m[38;2;74;81;164m[48;2;0;0;0m▀[0m[38;2;112;121;117m[48;2;51;49;82m▀[0m[38;2;51;49;82m[48;2;213;182;150m▀[0m[38;2;235;166;128m[48;2;235;166;128m▀[0m[38;2;235;166;128m[48;2;185;92;43m▀[0m[38;2;177;130;106m[48;2;235;166;128m▀[0m[38;2;74;68;74m[48;2;235;166;128m▀[0m[38;2;65;64;65m[48;2;235;166;128m▀[0m[38;2;65;64;65m[48;2;235;166;128m▀[0m[38;2;106;137;230m[48;2;59;57;74m▀[0m[38;2;106;137;230m[48;2;82;95;152m▀[0m[38;2;74;85;167m[48;2;74;85;167m▀[0m[38;2;74;85;167m[48;2;74;85;167m▀[0m[38;2;82;94;156m[48;2;82;94;156m▀[0m[38;2;106;138;238m[48;2;59;57;74m▀[0m[38;2;109;150;224m[48;2;109;150;224m▀[0m[38;2;109;150;224m[48;2;109;150;224m▀[0m[38;2;106;149;222m[48;2;106;149;222m▀[0m[38;2;0;0;0m[48;2;106;149;222m▀[0m[38;2;0;0;0m[48;2;106;149;222m▀[0m[38;2;0;0;0m▄ [38;2;0;0;0m▄[38;2;0;0;0m[48;2;71;99;153m▀[0m[38;2;106;149;230m[48;2;106;149;230m▀[0m[38;2;109;150;224m[48;2;109;150;224m▀[0m[38;2;109;150;224m[48;2;109;150;224m▀[0m[38;2;74;81;164m[48;2;0;0;0m▀[0m[38;2;0;0;0m▀ 
 [38;2;0;0;0m[48;2;0;0;0m▀[0m[38;2;84;82;131m[48;2;57;54;87m▀[0m[38;2;65;60;65m[48;2;80;74;172m▀[0m[38;2;80;74;172m[48;2;77;71;137m▀[0m[38;2;84;74;142m[48;2;189;128;82m▀[0m[38;2;84;74;142m[48;2;84;74;142m▀[0m[38;2;74;81;164m[48;2;74;81;164m▀[0m[38;2;0;0;0m[48;2;0;0;0m▀[0m [38;2;0;0;0m▄[38;2;0;0;0m[48;2;235;166;128m▀[0m[38;2;235;166;128m[48;2;235;166;128m▀[0m[38;2;234;164;125m[48;2;234;164;125m▀[0m[38;2;234;164;125m[48;2;234;164;125m▀[0m[38;2;235;166;128m[48;2;65;64;65m▀[0m[38;2;235;166;128m[48;2;65;64;65m▀[0m[38;2;236;153;120m[48;2;74;52;57m▀[0m[38;2;74;52;57m[48;2;134;105;93m▀[0m[38;2;188;90;40m[48;2;188;90;40m▀[0m[38;2;65;64;65m[48;2;65;64;65m▀[0m[38;2;74;85;167m[48;2;74;85;167m▀[0m[38;2;74;85;167m[48;2;74;85;167m▀[0m[38;2;74;81;164m[48;2;74;81;164m▀[0m[38;2;65;64;65m[48;2;74;81;164m▀[0m[38;2;86;105;148m[48;2;65;64;65m▀[0m[38;2;65;64;65m[48;2;106;149;230m▀[0m[38;2;109;150;224m[48;2;109;150;224m▀[0m[38;2;109;150;224m[48;2;109;150;224m▀[0m[38;2;106;149;222m[48;2;106;149;222m▀[0m[38;2;65;64;65m[48;2;65;64;65m▀[0m[38;2;0;0;0m[48;2;74;81;164m▀[0m[38;2;74;81;164m[48;2;74;81;164m▀[0m[38;2;74;85;167m[48;2;74;85;167m▀[0m[38;2;74;85;167m[48;2;74;85;167m▀[0m[38;2;106;138;238m[48;2;71;88;161m▀[0m[38;2;71;88;161m[48;2;0;0;8m▀[0m[38;2;0;0;0m▀  
  [38;2;0;0;0m[48;2;0;0;0m▀[0m[38;2;127;131;127m[48;2;255;255;255m▀[0m[38;2;127;131;127m[48;2;0;8;0m▀[0m[38;2;127;131;127m[48;2;0;8;0m▀[0m[38;2;127;131;127m[48;2;255;255;255m▀[0m[38;2;0;0;0m[48;2;0;0;0m▀[0m [38;2;0;0;0m[48;2;0;0;0m▀[0m[38;2;235;166;128m[48;2;235;166;128m▀[0m[38;2;234;164;125m[48;2;234;164;125m▀[0m[38;2;234;164;125m[48;2;234;164;125m▀[0m[38;2;235;166;128m[48;2;0;0;0m▀[0m[38;2;0;0;0m▀[38;2;0;0;0m[48;2;0;0;0m▀[0m[38;2;159;64;71m[48;2;159;64;71m▀[0m[38;2;156;64;74m[48;2;156;64;74m▀[0m[38;2;156;64;74m[48;2;185;92;43m▀[0m[38;2;169;117;74m[48;2;59;57;90m▀[0m[38;2;59;57;90m[48;2;98;105;95m▀[0m[38;2;86;105;148m[48;2;65;64;65m▀[0m[38;2;65;64;65m[48;2;106;149;230m▀[0m[38;2;65;64;65m[48;2;106;149;222m▀[0m[38;2;65;64;65m[48;2;106;149;222m▀[0m[38;2;109;150;224m[48;2;109;150;224m▀[0m[38;2;109;150;224m[48;2;109;150;224m▀[0m[38;2;109;150;224m[48;2;109;150;224m▀[0m[38;2;109;150;224m[48;2;109;150;224m▀[0m[38;2;65;64;65m[48;2;65;64;65m▀[0m[38;2;65;64;65m[48;2;74;81;164m▀[0m[38;2;74;81;164m[48;2;65;64;65m▀[0m[38;2;74;81;164m[48;2;74;81;164m▀[0m[38;2;74;85;167m[48;2;74;85;167m▀[0m[38;2;74;85;167m[48;2;74;85;167m▀[0m[38;2;74;81;164m[48;2;0;0;0m▀[0m[38;2;0;0;0m▀   
   [38;2;0;0;0m▀  [38;2;0;0;0m▀   [38;2;0;0;0m▀[38;2;235;166;128m[48;2;0;0;0m▀[0m[38;2;0;0;0m▀ [38;2;0;0;0m[48;2;0;0;0m▀[0m[38;2;185;92;43m[48;2;185;92;43m▀[0m[38;2;156;64;74m[48;2;156;64;74m▀[0m[38;2;134;92;71m[48;2;190;87;39m▀[0m[38;2;190;87;39m[48;2;74;48;65m▀[0m[38;2;65;64;65m[48;2;65;64;65m▀[0m[38;2;65;64;65m[48;2;106;149;222m▀[0m[38;2;126;140;175m[48;2;75;65;197m▀[0m[38;2;188;179;153m[48;2;234;143;86m▀[0m[38;2;185;92;43m[48;2;106;149;222m▀[0m[38;2;106;149;222m[48;2;106;149;222m▀[0m[38;2;120;154;200m[48;2;57;77;205m▀[0m[38;2;120;154;200m[48;2;221;182;149m▀[0m[38;2;106;149;222m[48;2;106;149;222m▀[0m[38;2;65;64;65m[48;2;65;64;65m▀[0m[38;2;74;81;164m[48;2;74;81;164m▀[0m[38;2;74;81;164m[48;2;112;150;224m▀[0m[38;2;65;64;65m[48;2;74;81;164m▀[0m[38;2;74;81;164m[48;2;65;64;65m▀[0m[38;2;74;81;164m[48;2;74;81;164m▀[0m[38;2;74;81;164m[48;2;0;0;0m▀[0m[38;2;0;0;0m▀    
               [38;2;0;0;8m[48;2;0;0;8m▀[0m[38;2;182;99;55m[48;2;63;49;35m▀[0m[38;2;65;64;65m[48;2;74;81;164m▀[0m[38;2;74;81;164m[48;2;74;81;164m▀[0m[38;2;65;64;65m[48;2;65;64;65m▀[0m[38;2;255;255;255m[48;2;65;64;65m▀[0m[38;2;65;64;65m[48;2;74;81;164m▀[0m[38;2;74;81;164m[48;2;65;64;65m▀[0m[38;2;153;187;197m[48;2;213;250;255m▀[0m[38;2;93;118;139m[48;2;32;42;82m▀[0m[38;2;188;90;40m[48;2;65;64;65m▀[0m[38;2;188;90;40m[48;2;65;64;65m▀[0m[38;2;167;188;191m[48;2;222;250;255m▀[0m[38;2;57;64;65m[48;2;57;64;65m▀[0m[38;2;109;150;224m[48;2;109;150;224m▀[0m[38;2;109;150;224m[48;2;109;150;224m▀[0m[38;2;112;150;224m[48;2;74;81;164m▀[0m[38;2;74;81;164m[48;2;74;81;164m▀[0m[38;2;0;0;0m[48;2;0;0;0m▀[0m      
              [38;2;0;0;0m[48;2;0;0;0m▀[0m[38;2;74;85;167m[48;2;74;85;167m▀[0m[38;2;74;85;167m[48;2;74;85;167m▀[0m[38;2;74;85;167m[48;2;74;85;167m▀[0m[38;2;74;85;167m[48;2;74;85;167m▀[0m[38;2;74;81;164m[48;2;74;81;164m▀[0m[38;2;65;64;65m[48;2;74;81;164m▀[0m[38;2;79;87;164m[48;2;44;43;82m▀[0m[38;2;79;87;164m[48;2;8;0;0m▀[0m[38;2;65;64;65m[48;2;74;81;164m▀[0m[38;2;74;81;164m[48;2;74;81;164m▀[0m[38;2;65;64;65m[48;2;65;64;65m▀[0m[38;2;106;149;230m[48;2;86;105;148m▀[0m[38;2;65;64;65m[48;2;106;149;222m▀[0m[38;2;106;149;222m[48;2;106;149;222m▀[0m[38;2;112;150;224m[48;2;112;150;224m▀[0m[38;2;112;150;224m[48;2;74;81;164m▀[0m[38;2;74;81;164m[48;2;74;81;164m▀[0m[38;2;0;0;0m[48;2;0;0;0m▀[0m       
               [38;2;0;0;0m▀[38;2;74;81;164m[48;2;0;0;0m▀[0m[38;2;74;81;164m[48;2;65;64;65m▀[0m[38;2;74;81;164m[48;2;65;64;65m▀[0m[38;2;74;85;167m[48;2;74;85;167m▀[0m[38;2;74;85;167m[48;2;74;85;167m▀[0m[38;2;0;0;0m[48;2;74;81;164m▀[0m[38;2;0;0;0m▄[38;2;0;0;0m▀[38;2;0;0;0m▀[38;2;0;0;0m▀[38;2;0;0;0m▀[38;2;84;76;159m[48;2;0;0;0m▀[0m[38;2;84;76;159m[48;2;84;76;159m▀[0m[38;2;74;81;164m[48;2;81;78;143m▀[0m[38;2;74;81;164m[48;2;74;81;164m▀[0m[38;2;74;85;167m[48;2;74;85;167m▀[0m[38;2;74;85;167m[48;2;74;85;167m▀[0m[38;2;0;0;0m[48;2;74;81;164m▀[0m[38;2;0;0;0m▄     
               [38;2;0;0;0m▀[38;2;222;222;222m[48;2;0;0;0m▀[0m[38;2;74;73;71m[48;2;0;0;0m▀[0m[38;2;222;219;213m[48;2;0;0;0m▀[0m[38;2;74;81;164m[48;2;0;0;0m▀[0m[38;2;0;0;0m▀[38;2;0;0;0m▀   [38;2;0;0;0m▄[38;2;0;0;0m[48;2;255;255;255m▀[0m[38;2;102;91;76m[48;2;3;0;24m▀[0m[38;2;155;132;102m[48;2;57;59;60m▀[0m[38;2;80;74;156m[48;2;80;74;156m▀[0m[38;2;80;74;156m[48;2;235;166;128m▀[0m[38;2;177;135;106m[48;2;244;137;84m▀[0m[38;2;74;81;156m[48;2;74;81;156m▀[0m[38;2;74;81;164m[48;2;0;0;0m▀[0m[38;2;0;0;0m▀     
                         [38;2;0;0;0m▀[38;2;0;0;0m▀ [38;2;0;0;0m[48;2;0;0;0m▀[0m[38;2;255;255;255m[48;2;32;32;32m▀[0m[38;2;32;32;32m▀[38;2;0;0;0m▀[38;2;255;255;255m[48;2;0;0;0m▀[0m[38;2;0;0;0m▀      
                                     [0m                                     