                    [38;2;0;0;0m▄[38;2;0;0;0m▄[38;2;0;0;0m▄[38;2;0;0;0m▄[38;2;0;0;0m[48;2;205;170;96m▀[0m[38;2;0;0;0m[48;2;205;170;96m▀[0m[38;2;0;0;0m[48;2;205;170;96m▀[0m[38;2;0;0;0m[48;2;205;170;96m▀[0m[38;2;0;0;0m▄[38;2;0;0;0m▄          
                 [38;2;0;0;0m▄[38;2;0;0;0m[48;2;205;170;96m▀[0m[38;2;0;0;0m[48;2;205;170;96m▀[0m[38;2;205;170;96m[48;2;205;170;96m▀[0m[38;2;205;170;96m[48;2;99;88;69m▀[0m[38;2;99;88;69m[48;2;150;115;41m▀[0m[38;2;150;115;41m[48;2;65;65;65m▀[0m[38;2;150;115;41m[48;2;65;65;65m▀[0m[38;2;65;65;65m[48;2;205;170;96m▀[0m[38;2;65;65;65m[48;2;205;170;96m▀[0m[38;2;150;115;41m[48;2;65;65;65m▀[0m[38;2;150;115;41m[48;2;65;65;65m▀[0m[38;2;150;115;41m[48;2;150;115;41m▀[0m[38;2;0;0;0m[48;2;65;65;65m▀[0m[38;2;0;0;0m[48;2;205;170;96m▀[0m[38;2;0;0;0m[48;2;205;170;96m▀[0m[38;2;0;0;0m▄      
              [38;2;0;0;0m▄[38;2;0;0;0m[48;2;65;65;65m▀[0m[38;2;0;0;0m[48;2;205;170;96m▀[0m[38;2;205;170;96m[48;2;205;170;96m▀[0m[38;2;205;170;96m[48;2;205;170;96m▀[0m[38;2;205;170;96m[48;2;99;88;69m▀[0m[38;2;99;88;69m[48;2;150;115;41m▀[0m[38;2;150;115;41m[48;2;65;65;65m▀[0m[38;2;65;65;65m[48;2;205;170;96m▀[0m[38;2;205;170;96m[48;2;205;170;96m▀[0m[38;2;205;170;96m[48;2;205;170;96m▀[0m[38;2;205;170;96m[48;2;205;170;96m▀[0m[38;2;205;170;96m[48;2;205;170;96m▀[0m[38;2;205;170;96m[48;2;205;170;96m▀[0m[38;2;205;170;96m[48;2;205;170;96m▀[0m[38;2;65;65;65m[48;2;205;170;96m▀[0m[38;2;65;65;65m[48;2;178;143;69m▀[0m[38;2;150;115;41m[48;2;65;65;65m▀[0m[38;2;205;170;96m[48;2;150;115;41m▀[0m[38;2;205;170;96m[48;2;150;115;41m▀[0m[38;2;0;0;0m[48;2;205;170;96m▀[0m[38;2;0;0;0m▄    
            [38;2;0;0;0m▄[38;2;0;0;0m[48;2;150;115;41m▀[0m[38;2;65;65;65m[48;2;65;65;65m▀[0m[38;2;205;170;96m[48;2;99;88;69m▀[0m[38;2;205;170;96m[48;2;99;88;69m▀[0m[38;2;99;88;69m[48;2;150;115;41m▀[0m[38;2;99;88;69m[48;2;65;65;65m▀[0m[38;2;150;115;41m[48;2;65;65;65m▀[0m[38;2;65;65;65m[48;2;65;65;65m▀[0m[38;2;150;115;41m[48;2;150;115;41m▀[0m[38;2;99;88;69m[48;2;150;115;41m▀[0m[38;2;205;170;96m[48;2;99;88;69m▀[0m[38;2;205;170;96m[48;2;205;170;96m▀[0m[38;2;205;170;96m[48;2;205;170;96m▀[0m[38;2;205;170;96m[48;2;205;170;96m▀[0m[38;2;205;170;96m[48;2;205;170;96m▀[0m[38;2;205;170;96m[48;2;178;143;69m▀[0m[38;2;178;143;69m[48;2;205;170;96m▀[0m[38;2;205;170;96m[48;2;178;143;69m▀[0m[38;2;178;143;69m[48;2;205;170;96m▀[0m[38;2;65;65;65m[48;2;65;65;65m▀[0m[38;2;150;115;41m[48;2;65;65;65m▀[0m[38;2;150;115;41m[48;2;65;65;65m▀[0m[38;2;150;115;41m[48;2;150;115;41m▀[0m[38;2;0;0;0m[48;2;0;0;0m▀[0m   
           [38;2;0;0;0m[48;2;0;0;0m▀[0m[38;2;150;115;41m[48;2;150;115;41m▀[0m[38;2;150;115;41m[48;2;150;115;41m▀[0m[38;2;65;65;65m[48;2;150;115;41m▀[0m[38;2;150;115;41m[48;2;65;65;65m▀[0m[38;2;150;115;41m[48;2;65;65;65m▀[0m[38;2;65;65;65m[48;2;99;88;69m▀[0m[38;2;99;88;69m[48;2;205;170;96m▀[0m[38;2;99;88;69m[48;2;205;170;96m▀[0m[38;2;150;115;41m[48;2;99;88;69m▀[0m[38;2;65;65;65m[48;2;150;115;41m▀[0m[38;2;150;115;41m[48;2;65;65;65m▀[0m[38;2;150;115;41m[48;2;150;115;41m▀[0m[38;2;99;88;69m[48;2;150;115;41m▀[0m[38;2;205;170;96m[48;2;99;88;69m▀[0m[38;2;205;170;96m[48;2;205;170;96m▀[0m[38;2;205;170;96m[48;2;205;170;96m▀[0m[38;2;205;170;96m[48;2;99;88;69m▀[0m[38;2;178;143;69m[48;2;99;88;69m▀[0m[38;2;205;170;96m[48;2;150;115;41m▀[0m[38;2;150;115;41m[48;2;65;65;65m▀[0m[38;2;65;65;65m[48;2;150;115;41m▀[0m[38;2;150;115;41m[48;2;150;115;41m▀[0m[38;2;150;115;41m[48;2;99;88;69m▀[0m[38;2;65;65;65m[48;2;205;170;96m▀[0m[38;2;0;0;0m[48;2;99;88;69m▀[0m[38;2;0;0;0m▄  
 [38;2;0;0;0m▄[38;2;0;0;0m[48;2;213;213;213m▀[0m[38;2;0;0;0m[48;2;213;213;213m▀[0m[38;2;0;0;0m▄[38;2;0;0;0m▄[38;2;0;0;0m▄   [38;2;0;0;0m[48;2;0;0;0m▀[0m[38;2;150;115;41m[48;2;150;115;41m▀[0m[38;2;150;115;41m[48;2;65;65;65m▀[0m[38;2;65;65;65m[48;2;150;115;41m▀[0m[38;2;65;65;65m[48;2;65;65;65m▀[0m[38;2;99;88;69m[48;2;205;170;96m▀[0m[38;2;205;170;96m[48;2;205;170;96m▀[0m[38;2;205;170;96m[48;2;205;170;96m▀[0m[38;2;205;170;96m[48;2;205;170;96m▀[0m[38;2;205;170;96m[48;2;205;170;96m▀[0m[38;2;205;170;96m[48;2;205;170;96m▀[0m[38;2;99;88;69m[48;2;205;170;96m▀[0m[38;2;150;115;41m[48;2;99;88;69m▀[0m[38;2;65;65;65m[48;2;150;115;41m▀[0m[38;2;150;115;41m[48;2;65;65;65m▀[0m[38;2;150;115;41m[48;2;150;115;41m▀[0m[38;2;99;88;69m[48;2;150;115;41m▀[0m[38;2;99;88;69m[48;2;150;115;41m▀[0m[38;2;150;115;41m[48;2;65;65;65m▀[0m[38;2;150;115;41m[48;2;65;65;65m▀[0m[38;2;150;115;41m[48;2;65;65;65m▀[0m[38;2;65;65;65m[48;2;150;115;41m▀[0m[38;2;150;115;41m[48;2;150;115;41m▀[0m[38;2;99;88;69m[48;2;99;88;69m▀[0m[38;2;205;170;96m[48;2;178;143;69m▀[0m[38;2;178;143;69m[48;2;205;170;96m▀[0m[38;2;205;170;96m[48;2;178;143;69m▀[0m[38;2;0;0;0m[48;2;0;0;0m▀[0m  
  [38;2;0;0;0m▀[38;2;187;152;48m[48;2;0;0;0m▀[0m[38;2;187;152;48m[48;2;211;172;98m▀[0m[38;2;211;172;98m[48;2;65;65;65m▀[0m[38;2;65;65;65m[48;2;213;213;213m▀[0m[38;2;0;0;0m[48;2;213;213;213m▀[0m[38;2;0;0;0m▄ [38;2;0;0;0m▄[38;2;0;0;0m[48;2;205;170;96m▀[0m[38;2;99;88;69m[48;2;205;170;96m▀[0m[38;2;150;115;41m[48;2;99;88;69m▀[0m[38;2;65;65;65m[48;2;150;115;41m▀[0m[38;2;205;170;96m[48;2;65;65;65m▀[0m[38;2;205;170;96m[48;2;205;170;96m▀[0m[38;2;205;170;96m[48;2;205;170;96m▀[0m[38;2;205;170;96m[48;2;205;170;96m▀[0m[38;2;205;170;96m[48;2;205;170;96m▀[0m[38;2;205;170;96m[48;2;205;170;96m▀[0m[38;2;205;170;96m[48;2;99;88;69m▀[0m[38;2;99;88;69m[48;2;150;115;41m▀[0m[38;2;150;115;41m[48;2;150;115;41m▀[0m[38;2;65;65;65m[48;2;65;65;65m▀[0m[38;2;65;65;65m[48;2;150;115;41m▀[0m[38;2;65;65;65m[48;2;150;115;41m▀[0m[38;2;65;65;65m[48;2;150;115;41m▀[0m[38;2;150;115;41m[48;2;150;115;41m▀[0m[38;2;150;115;41m[48;2;99;88;69m▀[0m[38;2;150;115;41m[48;2;99;88;69m▀[0m[38;2;65;65;65m[48;2;205;170;96m▀[0m[38;2;150;115;41m[48;2;99;88;69m▀[0m[38;2;150;115;41m[48;2;65;65;65m▀[0m[38;2;99;88;69m[48;2;65;65;65m▀[0m[38;2;178;143;69m[48;2;205;170;96m▀[0m[38;2;205;170;96m[48;2;178;143;69m▀[0m[38;2;178;143;69m[48;2;205;170;96m▀[0m[38;2;0;0;0m[48;2;0;0;0m▀[0m 
 [38;2;0;0;0m▄[38;2;0;0;0m[48;2;213;213;213m▀[0m[38;2;187;152;48m[48;2;213;213;213m▀[0m[38;2;211;172;98m[48;2;187;152;48m▀[0m[38;2;211;172;98m[48;2;211;172;98m▀[0m[38;2;65;65;65m[48;2;211;172;98m▀[0m[38;2;211;172;98m[48;2;211;172;98m▀[0m[38;2;65;65;65m[48;2;65;65;65m▀[0m[38;2;0;0;0m[48;2;211;172;98m▀[0m[38;2;0;0;0m[48;2;65;65;65m▀[0m[38;2;205;170;96m[48;2;205;170;96m▀[0m[38;2;205;170;96m[48;2;205;170;96m▀[0m[38;2;99;88;69m[48;2;205;170;96m▀[0m[38;2;150;115;41m[48;2;65;65;65m▀[0m[38;2;65;65;65m[48;2;65;65;65m▀[0m[38;2;65;65;65m[48;2;244;225;144m▀[0m[38;2;65;65;65m[48;2;244;225;144m▀[0m[38;2;65;65;65m[48;2;244;225;144m▀[0m[38;2;205;170;96m[48;2;65;65;65m▀[0m[38;2;205;170;96m[48;2;65;65;65m▀[0m[38;2;99;88;69m[48;2;65;65;65m▀[0m[38;2;150;115;41m[48;2;150;115;41m▀[0m[38;2;65;65;65m[48;2;65;65;65m▀[0m[38;2;150;115;41m[48;2;150;115;41m▀[0m[38;2;150;115;41m[48;2;150;115;41m▀[0m[38;2;150;115;41m[48;2;99;88;69m▀[0m[38;2;99;88;69m[48;2;205;170;96m▀[0m[38;2;99;88;69m[48;2;205;170;96m▀[0m[38;2;205;170;96m[48;2;205;170;96m▀[0m[38;2;205;170;96m[48;2;205;170;96m▀[0m[38;2;205;170;96m[48;2;205;170;96m▀[0m[38;2;65;65;65m[48;2;205;170;96m▀[0m[38;2;255;255;255m[48;2;65;65;65m▀[0m[38;2;255;255;255m[48;2;211;172;98m▀[0m[38;2;65;65;65m[48;2;244;225;144m▀[0m[38;2;205;170;96m[48;2;65;65;65m▀[0m[38;2;0;0;0m[48;2;0;0;0m▀[0m  
  [38;2;0;0;0m▀[38;2;0;0;0m▀[38;2;0;0;0m▀[38;2;0;0;0m▀[38;2;211;172;98m[48;2;0;0;0m▀[0m[38;2;65;65;65m[48;2;0;0;0m▀[0m[38;2;187;152;48m[48;2;0;0;0m▀[0m[38;2;187;152;48m[48;2;211;172;98m▀[0m[38;2;211;172;98m[48;2;187;152;48m▀[0m[38;2;65;65;65m[48;2;187;152;48m▀[0m[38;2;205;170;96m[48;2;65;65;65m▀[0m[38;2;65;65;65m[48;2;244;225;144m▀[0m[38;2;244;225;144m[48;2;244;225;144m▀[0m[38;2;244;225;144m[48;2;244;225;144m▀[0m[38;2;244;225;144m[48;2;244;225;144m▀[0m[38;2;244;225;144m[48;2;244;225;144m▀[0m[38;2;244;225;144m[48;2;244;225;144m▀[0m[38;2;244;225;144m[48;2;244;225;144m▀[0m[38;2;244;225;144m[48;2;244;225;144m▀[0m[38;2;244;225;144m[48;2;244;225;144m▀[0m[38;2;65;65;65m[48;2;187;152;48m▀[0m[38;2;150;115;41m[48;2;65;65;65m▀[0m[38;2;150;115;41m[48;2;150;115;41m▀[0m[38;2;150;115;41m[48;2;99;88;69m▀[0m[38;2;99;88;69m[48;2;205;170;96m▀[0m[38;2;205;170;96m[48;2;205;170;96m▀[0m[38;2;205;170;96m[48;2;205;170;96m▀[0m[38;2;205;170;96m[48;2;205;170;96m▀[0m[38;2;205;170;96m[48;2;65;65;65m▀[0m[38;2;65;65;65m[48;2;255;255;255m▀[0m[38;2;65;65;65m[48;2;211;172;98m▀[0m[38;2;244;225;144m[48;2;244;225;144m▀[0m[38;2;244;225;144m[48;2;244;225;144m▀[0m[38;2;244;225;144m[48;2;244;225;144m▀[0m[38;2;244;225;144m[48;2;99;88;69m▀[0m[38;2;0;0;0m[48;2;0;0;0m▀[0m  
         [38;2;0;0;0m▀[38;2;0;0;0m▀[38;2;0;0;0m[48;2;0;0;0m▀[0m[38;2;65;65;65m[48;2;244;225;144m▀[0m[38;2;244;225;144m[48;2;244;225;144m▀[0m[38;2;244;225;144m[48;2;244;225;144m▀[0m[38;2;244;225;144m[48;2;244;225;144m▀[0m[38;2;244;225;144m[48;2;244;225;144m▀[0m[38;2;244;225;144m[48;2;244;225;144m▀[0m[38;2;244;225;144m[48;2;244;225;144m▀[0m[38;2;244;225;144m[48;2;156;106;28m▀[0m[38;2;156;106;28m[48;2;255;255;255m▀[0m[38;2;156;106;28m[48;2;187;152;48m▀[0m[38;2;211;172;98m[48;2;211;172;98m▀[0m[38;2;211;172;98m[48;2;211;172;98m▀[0m[38;2;65;65;65m[48;2;65;65;65m▀[0m[38;2;99;88;69m[48;2;150;115;41m▀[0m[38;2;205;170;96m[48;2;99;88;69m▀[0m[38;2;205;170;96m[48;2;205;170;96m▀[0m[38;2;205;170;96m[48;2;205;170;96m▀[0m[38;2;205;170;96m[48;2;178;143;69m▀[0m[38;2;205;170;96m[48;2;205;170;96m▀[0m[38;2;65;65;65m[48;2;178;143;69m▀[0m[38;2;244;225;144m[48;2;65;65;65m▀[0m[38;2;244;225;144m[48;2;244;225;144m▀[0m[38;2;244;225;144m[48;2;244;225;144m▀[0m[38;2;99;88;69m[48;2;244;225;144m▀[0m[38;2;255;255;255m[48;2;99;88;69m▀[0m[38;2;211;172;98m[48;2;211;172;98m▀[0m[38;2;0;0;0m[48;2;0;0;0m▀[0m 
           [38;2;0;0;0m▀[38;2;244;225;144m[48;2;0;0;0m▀[0m[38;2;244;225;144m[48;2;244;225;144m▀[0m[38;2;244;225;144m[48;2;244;225;144m▀[0m[38;2;244;225;144m[48;2;244;225;144m▀[0m[38;2;244;225;144m[48;2;244;225;144m▀[0m[38;2;244;225;144m[48;2;156;106;28m▀[0m[38;2;156;106;28m[48;2;0;0;0m▀[0m[38;2;255;98;65m[48;2;255;98;65m▀[0m[38;2;255;255;255m[48;2;255;255;255m▀[0m[38;2;187;152;48m[48;2;211;172;98m▀[0m[38;2;211;172;98m[48;2;211;172;98m▀[0m[38;2;211;172;98m[48;2;211;172;98m▀[0m[38;2;211;172;98m[48;2;211;172;98m▀[0m[38;2;65;65;65m[48;2;65;65;65m▀[0m[38;2;99;88;69m[48;2;150;115;41m▀[0m[38;2;205;170;96m[48;2;99;88;69m▀[0m[38;2;178;143;69m[48;2;205;170;96m▀[0m[38;2;205;170;96m[48;2;178;143;69m▀[0m[38;2;178;143;69m[48;2;65;65;65m▀[0m[38;2;205;170;96m[48;2;65;65;65m▀[0m[38;2;178;143;69m[48;2;65;65;65m▀[0m[38;2;65;65;65m[48;2;211;172;98m▀[0m[38;2;99;88;69m[48;2;211;172;98m▀[0m[38;2;99;88;69m[48;2;211;172;98m▀[0m[38;2;211;172;98m[48;2;211;172;98m▀[0m[38;2;187;152;48m[48;2;211;172;98m▀[0m[38;2;0;0;0m[48;2;0;0;0m▀[0m 
            [38;2;0;0;0m[48;2;0;0;0m▀[0m[38;2;244;225;144m[48;2;244;225;144m▀[0m[38;2;244;225;144m[48;2;244;225;144m▀[0m[38;2;244;225;144m[48;2;244;225;144m▀[0m[38;2;211;172;98m[48;2;156;106;28m▀[0m[38;2;156;106;28m[48;2;211;172;98m▀[0m[38;2;255;98;65m[48;2;211;172;98m▀[0m[38;2;255;255;255m[48;2;156;106;28m▀[0m[38;2;211;172;98m[48;2;156;106;28m▀[0m[38;2;211;172;98m[48;2;156;106;28m▀[0m[38;2;156;106;28m[48;2;211;172;98m▀[0m[38;2;211;172;98m[48;2;65;65;65m▀[0m[38;2;65;65;65m[48;2;156;106;28m▀[0m[38;2;156;106;28m[48;2;65;65;65m▀[0m[38;2;65;65;65m[48;2;116;81;7m▀[0m[38;2;65;65;65m[48;2;150;115;41m▀[0m[38;2;65;65;65m[48;2;150;115;41m▀[0m[38;2;65;65;65m[48;2;150;115;41m▀[0m[38;2;150;115;41m[48;2;116;81;7m▀[0m[38;2;150;115;41m[48;2;65;65;65m▀[0m[38;2;150;115;41m[48;2;65;65;65m▀[0m[38;2;65;65;65m[48;2;244;225;144m▀[0m[38;2;211;172;98m[48;2;65;65;65m▀[0m[38;2;211;172;98m[48;2;0;0;0m▀[0m[38;2;65;65;65m[48;2;0;0;0m▀[0m[38;2;0;0;0m▀  
            [38;2;0;0;0m▀[38;2;187;152;48m[48;2;0;0;0m▀[0m[38;2;187;152;48m[48;2;65;65;65m▀[0m[38;2;187;152;48m[48;2;156;106;28m▀[0m[38;2;211;172;98m[48;2;156;106;28m▀[0m[38;2;211;172;98m[48;2;156;106;28m▀[0m[38;2;156;106;28m[48;2;255;123;139m▀[0m[38;2;255;123;139m[48;2;255;123;139m▀[0m[38;2;255;123;139m[48;2;211;172;98m▀[0m[38;2;211;172;98m[48;2;65;65;65m▀[0m[38;2;65;65;65m[48;2;0;0;0m▀[0m[38;2;156;106;28m[48;2;0;0;0m▀[0m[38;2;65;65;65m[48;2;0;0;0m▀[0m[38;2;116;81;7m[48;2;150;115;41m▀[0m[38;2;150;115;41m[48;2;116;81;7m▀[0m[38;2;116;81;7m[48;2;116;81;7m▀[0m[38;2;116;81;7m[48;2;116;81;7m▀[0m[38;2;116;81;7m[48;2;65;65;65m▀[0m[38;2;65;65;65m[48;2;244;225;144m▀[0m[38;2;244;225;144m[48;2;244;225;144m▀[0m[38;2;244;225;144m[48;2;244;225;144m▀[0m[38;2;244;225;144m[48;2;244;225;144m▀[0m[38;2;244;225;144m[48;2;244;225;144m▀[0m[38;2;0;0;0m[48;2;244;225;144m▀[0m[38;2;0;0;0m▄   
           [38;2;0;0;0m▄[38;2;0;0;0m[48;2;213;213;213m▀[0m[38;2;187;152;48m[48;2;65;65;65m▀[0m[38;2;187;152;48m[48;2;187;152;48m▀[0m[38;2;65;65;65m[48;2;187;152;48m▀[0m[38;2;255;123;139m[48;2;65;65;65m▀[0m[38;2;255;123;139m[48;2;65;65;65m▀[0m[38;2;255;255;255m[48;2;0;0;0m▀[0m[38;2;0;0;0m▀[38;2;0;0;0m▀[38;2;0;0;0m▀   [38;2;0;0;0m▀[38;2;0;0;0m▀[38;2;0;0;0m▀[38;2;65;65;65m[48;2;0;0;0m▀[0m[38;2;211;172;98m[48;2;211;172;98m▀[0m[38;2;211;172;98m[48;2;211;172;98m▀[0m[38;2;244;225;144m[48;2;187;152;48m▀[0m[38;2;244;225;144m[48;2;244;225;144m▀[0m[38;2;244;225;144m[48;2;244;225;144m▀[0m[38;2;244;225;144m[48;2;244;225;144m▀[0m[38;2;244;225;144m[48;2;211;172;98m▀[0m[38;2;0;0;0m[48;2;0;0;0m▀[0m   
            [38;2;0;0;0m▀[38;2;0;0;0m▀[38;2;213;213;213m[48;2;0;0;0m▀[0m[38;2;65;65;65m[48;2;0;0;0m▀[0m[38;2;213;213;213m[48;2;0;0;0m▀[0m[38;2;0;0;0m▀           [38;2;0;0;0m[48;2;0;0;0m▀[0m[38;2;211;172;98m[48;2;211;172;98m▀[0m[38;2;211;172;98m[48;2;211;172;98m▀[0m[38;2;187;152;48m[48;2;211;172;98m▀[0m[38;2;211;172;98m[48;2;211;172;98m▀[0m[38;2;187;152;48m[48;2;211;172;98m▀[0m[38;2;0;0;0m[48;2;0;0;0m▀[0m    
                            [38;2;0;0;0m▀[38;2;255;255;255m[48;2;0;0;0m▀[0m[38;2;187;152;48m[48;2;0;0;0m▀[0m[38;2;187;152;48m[48;2;255;255;255m▀[0m[38;2;211;172;98m[48;2;0;0;0m▀[0m[38;2;187;152;48m[48;2;255;255;255m▀[0m[38;2;187;152;48m[48;2;0;0;0m▀[0m[38;2;255;255;255m[48;2;0;0;0m▀[0m[38;2;0;0;0m▀   
                                     [38;2;0;0;0m▀ [38;2;0;0;0m▀            
                                     [0m                                     