          [38;2;0;0;0m▄  [38;2;0;0;0m▄[38;2;0;0;0m▄   [38;2;0;0;0m▄[38;2;0;0;0m[48;2;173;173;173m▀[0m[38;2;0;0;0m[48;2;67;64;64m▀[0m[38;2;0;0;0m▄                 
         [38;2;0;0;0m[48;2;0;0;0m▀[0m[38;2;189;60;73m[48;2;189;60;73m▀[0m[38;2;2;2;2m[48;2;93;33;39m▀[0m[38;2;0;0;0m[48;2;173;173;173m▀[0m[38;2;173;173;173m[48;2;173;173;173m▀[0m[38;2;0;0;0m[48;2;173;173;173m▀[0m[38;2;0;0;0m▄ [38;2;0;0;0m▄[38;2;0;0;0m[48;2;229;236;234m▀[0m[38;2;76;78;77m[48;2;229;236;234m▀[0m[38;2;229;236;234m[48;2;67;64;64m▀[0m[38;2;229;236;234m[48;2;67;64;64m▀[0m[38;2;0;0;0m[48;2;229;236;234m▀[0m[38;2;0;0;0m▄[38;2;0;0;0m▄[38;2;0;0;0m▄[38;2;0;0;0m[48;2;173;173;173m▀[0m[38;2;0;0;0m[48;2;173;173;173m▀[0m[38;2;0;0;0m[48;2;67;64;64m▀[0m[38;2;0;0;0m▄[38;2;0;0;0m▄[38;2;0;0;0m[48;2;229;236;234m▀[0m[38;2;0;0;0m▄      
        [38;2;0;0;0m▄[38;2;0;0;0m[48;2;189;60;73m▀[0m[38;2;189;60;73m[48;2;0;0;0m▀[0m[38;2;0;0;0m▀[38;2;63;60;57m[48;2;8;4;0m▀[0m[38;2;173;173;173m[48;2;173;173;173m▀[0m[38;2;172;178;176m[48;2;67;64;64m▀[0m[38;2;67;64;64m[48;2;226;235;232m▀[0m[38;2;4;4;4m[48;2;1;86;242m▀[0m[38;2;210;251;240m[48;2;0;115;245m▀[0m[38;2;231;235;247m[48;2;67;64;64m▀[0m[38;2;67;64;64m[48;2;254;90;106m▀[0m[38;2;155;141;166m[48;2;67;64;64m▀[0m[38;2;67;64;64m[48;2;231;235;247m▀[0m[38;2;227;238;235m[48;2;227;238;235m▀[0m[38;2;227;238;235m[48;2;227;238;235m▀[0m[38;2;67;64;64m[48;2;226;235;232m▀[0m[38;2;172;178;176m[48;2;67;64;64m▀[0m[38;2;67;64;64m[48;2;132;99;94m▀[0m[38;2;67;64;64m[48;2;67;64;64m▀[0m[38;2;172;172;172m[48;2;67;64;64m▀[0m[38;2;67;64;64m[48;2;172;172;172m▀[0m[38;2;67;64;64m[48;2;67;64;64m▀[0m[38;2;229;236;234m[48;2;229;236;234m▀[0m[38;2;173;173;173m[48;2;173;173;173m▀[0m[38;2;0;0;0m[48;2;0;0;0m▀[0m     
        [38;2;0;0;0m[48;2;0;0;0m▀[0m[38;2;201;53;67m[48;2;201;53;67m▀[0m[38;2;64;61;61m[48;2;64;61;61m▀[0m[38;2;11;0;1m[48;2;175;175;175m▀[0m[38;2;0;0;0m▄[38;2;0;0;0m[48;2;229;236;234m▀[0m[38;2;139;137;127m[48;2;229;236;234m▀[0m[38;2;139;137;127m[48;2;229;236;234m▀[0m[38;2;1;116;246m[48;2;222;239;234m▀[0m[38;2;199;226;235m[48;2;50;72;66m▀[0m[38;2;67;64;64m[48;2;254;90;106m▀[0m[38;2;254;90;106m[48;2;67;64;64m▀[0m[38;2;67;64;64m[48;2;229;236;234m▀[0m[38;2;229;236;234m[48;2;229;236;234m▀[0m[38;2;227;238;235m[48;2;227;238;235m▀[0m[38;2;227;238;235m[48;2;227;238;235m▀[0m[38;2;229;236;234m[48;2;229;236;234m▀[0m[38;2;71;55;57m[48;2;173;179;177m▀[0m[38;2;132;99;94m[48;2;67;64;64m▀[0m[38;2;132;99;94m[48;2;67;64;64m▀[0m[38;2;67;64;64m[48;2;226;235;232m▀[0m[38;2;172;178;176m[48;2;67;64;64m▀[0m[38;2;67;64;64m[48;2;67;64;64m▀[0m[38;2;229;236;234m[48;2;229;236;234m▀[0m[38;2;173;173;173m[48;2;173;173;173m▀[0m[38;2;0;0;0m[48;2;0;0;0m▀[0m     
        [38;2;0;0;0m[48;2;0;0;0m▀[0m[38;2;201;53;67m[48;2;201;53;67m▀[0m[38;2;74;69;66m[48;2;74;69;66m▀[0m[38;2;173;173;173m[48;2;74;69;66m▀[0m[38;2;90;81;74m[48;2;134;136;129m▀[0m[38;2;224;245;240m[48;2;134;136;129m▀[0m[38;2;1;86;242m[48;2;1;114;242m▀[0m[38;2;1;114;242m[48;2;206;224;235m▀[0m[38;2;231;239;239m[48;2;67;64;64m▀[0m[38;2;67;64;64m[48;2;198;53;67m▀[0m[38;2;254;90;106m[48;2;67;64;64m▀[0m[38;2;67;64;64m[48;2;231;239;239m▀[0m[38;2;139;137;127m[48;2;229;236;234m▀[0m[38;2;229;236;234m[48;2;139;137;127m▀[0m[38;2;229;236;234m[48;2;229;236;234m▀[0m[38;2;229;236;234m[48;2;172;172;172m▀[0m[38;2;172;173;173m[48;2;172;173;173m▀[0m[38;2;172;173;173m[48;2;172;173;173m▀[0m[38;2;67;64;64m[48;2;67;64;64m▀[0m[38;2;229;236;234m[48;2;229;236;234m▀[0m[38;2;229;236;234m[48;2;229;236;234m▀[0m[38;2;67;64;64m[48;2;67;64;64m▀[0m[38;2;229;236;234m[48;2;172;172;172m▀[0m[38;2;172;172;172m[48;2;229;236;234m▀[0m[38;2;229;236;234m[48;2;0;0;0m▀[0m[38;2;0;0;0m▀     
     [38;2;0;0;0m▄[38;2;0;0;0m▄[38;2;0;0;0m▄[38;2;0;0;0m[48;2;201;53;67m▀[0m[38;2;201;53;67m[48;2;201;53;67m▀[0m[38;2;74;73;66m[48;2;74;73;66m▀[0m[38;2;229;236;234m[48;2;229;236;234m▀[0m[38;2;229;236;234m[48;2;1;86;242m▀[0m[38;2;229;236;234m[48;2;1;114;242m▀[0m[38;2;229;236;234m[48;2;229;236;234m▀[0m[38;2;147;147;147m[48;2;66;60;57m▀[0m[38;2;67;64;64m[48;2;67;64;64m▀[0m[38;2;198;53;67m[48;2;198;53;67m▀[0m[38;2;67;64;64m[48;2;67;64;64m▀[0m[38;2;229;236;234m[48;2;229;236;234m▀[0m[38;2;229;236;234m[48;2;229;236;234m▀[0m[38;2;229;236;234m[48;2;172;172;172m▀[0m[38;2;137;137;137m[48;2;173;173;173m▀[0m[38;2;173;173;173m[48;2;67;64;64m▀[0m[38;2;172;172;172m[48;2;67;64;64m▀[0m[38;2;172;172;172m[48;2;172;172;172m▀[0m[38;2;172;172;172m[48;2;229;236;234m▀[0m[38;2;229;236;234m[48;2;229;236;234m▀[0m[38;2;67;64;64m[48;2;67;64;64m▀[0m[38;2;226;235;232m[48;2;172;178;176m▀[0m[38;2;160;161;161m[48;2;235;243;241m▀[0m[38;2;235;243;241m[48;2;8;4;0m▀[0m[38;2;0;0;0m▀ [38;2;0;0;0m▄[38;2;0;0;0m[48;2;229;236;234m▀[0m[38;2;0;0;0m[48;2;0;0;0m▀[0m  
    [38;2;0;0;0m[48;2;0;0;0m▀[0m[38;2;173;173;173m[48;2;173;173;173m▀[0m[38;2;226;235;232m[48;2;171;178;176m▀[0m[38;2;171;178;176m[48;2;71;55;57m▀[0m[38;2;76;73;65m[48;2;189;60;73m▀[0m[38;2;76;73;65m[48;2;76;73;65m▀[0m[38;2;139;137;127m[48;2;229;236;234m▀[0m[38;2;139;137;127m[48;2;229;236;234m▀[0m[38;2;1;116;246m[48;2;222;239;234m▀[0m[38;2;199;226;235m[48;2;50;72;66m▀[0m[38;2;86;66;48m[48;2;248;86;102m▀[0m[38;2;248;86;102m[48;2;188;73;84m▀[0m[38;2;245;83;99m[48;2;67;64;64m▀[0m[38;2;187;77;88m[48;2;67;64;64m▀[0m[38;2;198;53;67m[48;2;71;55;57m▀[0m[38;2;71;55;57m[48;2;201;138;144m▀[0m[38;2;172;173;173m[48;2;172;173;173m▀[0m[38;2;172;173;173m[48;2;172;173;173m▀[0m[38;2;67;64;64m[48;2;67;64;64m▀[0m[38;2;67;64;64m[48;2;229;236;234m▀[0m[38;2;229;236;234m[48;2;229;236;234m▀[0m[38;2;67;64;64m[48;2;67;64;64m▀[0m[38;2;226;235;232m[48;2;67;64;64m▀[0m[38;2;67;64;64m[48;2;172;178;176m▀[0m[38;2;172;173;173m[48;2;172;173;173m▀[0m[38;2;172;173;173m[48;2;172;173;173m▀[0m[38;2;67;64;64m[48;2;67;64;64m▀[0m[38;2;172;172;172m[48;2;67;64;64m▀[0m[38;2;0;0;0m[48;2;229;236;234m▀[0m[38;2;0;0;0m[48;2;229;236;234m▀[0m[38;2;240;250;247m[48;2;162;168;167m▀[0m[38;2;162;168;167m[48;2;11;0;1m▀[0m[38;2;0;0;0m▀  
   [38;2;0;0;0m[48;2;0;0;0m▀[0m[38;2;172;172;172m[48;2;172;172;172m▀[0m[38;2;172;172;172m[48;2;82;81;66m▀[0m[38;2;88;77;74m[48;2;132;101;90m▀[0m[38;2;67;64;64m[48;2;132;101;90m▀[0m[38;2;196;56;70m[48;2;74;73;66m▀[0m[38;2;74;73;66m[48;2;196;56;70m▀[0m[38;2;229;236;234m[48;2;82;81;66m▀[0m[38;2;229;236;234m[48;2;82;81;66m▀[0m[38;2;67;64;64m[48;2;245;83;99m▀[0m[38;2;67;64;64m[48;2;187;77;88m▀[0m[38;2;198;53;67m[48;2;67;64;64m▀[0m[38;2;67;64;64m[48;2;67;64;64m▀[0m[38;2;103;103;90m[48;2;67;64;64m▀[0m[38;2;103;103;90m[48;2;67;64;64m▀[0m[38;2;67;64;64m[48;2;240;78;137m▀[0m[38;2;67;64;64m[48;2;183;73;114m▀[0m[38;2;171;178;176m[48;2;71;55;57m▀[0m[38;2;171;178;176m[48;2;226;235;232m▀[0m[38;2;229;236;234m[48;2;229;236;234m▀[0m[38;2;229;236;234m[48;2;67;64;64m▀[0m[38;2;67;64;64m[48;2;101;101;101m▀[0m[38;2;173;173;173m[48;2;173;173;173m▀[0m[38;2;173;179;177m[48;2;229;236;234m▀[0m[38;2;71;55;57m[48;2;229;236;234m▀[0m[38;2;67;64;64m[48;2;229;236;234m▀[0m[38;2;67;64;64m[48;2;67;64;64m▀[0m[38;2;172;172;172m[48;2;67;64;64m▀[0m[38;2;172;172;172m[48;2;67;64;64m▀[0m[38;2;175;175;175m[48;2;64;61;61m▀[0m[38;2;64;61;61m[48;2;11;0;1m▀[0m[38;2;0;0;0m▀    
  [38;2;0;0;0m▄[38;2;0;0;0m[48;2;103;103;90m▀[0m[38;2;67;64;64m[48;2;107;101;90m▀[0m[38;2;79;77;74m[48;2;107;101;90m▀[0m[38;2;132;100;93m[48;2;0;0;0m▀[0m[38;2;132;100;93m[48;2;132;100;93m▀[0m[38;2;67;64;64m[48;2;156;81;60m▀[0m[38;2;200;90;60m[48;2;67;64;64m▀[0m[38;2;198;53;67m[48;2;198;53;67m▀[0m[38;2;198;53;67m[48;2;67;64;64m▀[0m[38;2;198;53;67m[48;2;198;53;67m▀[0m[38;2;198;53;67m[48;2;67;64;64m▀[0m[38;2;189;60;73m[48;2;93;33;39m▀[0m[38;2;189;60;73m[48;2;2;2;2m▀[0m[38;2;237;86;191m[48;2;0;0;0m▀[0m[38;2;237;86;191m[48;2;0;0;0m▀[0m[38;2;200;90;60m[48;2;67;64;64m▀[0m[38;2;67;64;64m[48;2;156;81;60m▀[0m[38;2;132;99;94m[48;2;132;99;94m▀[0m[38;2;67;64;64m[48;2;132;99;94m▀[0m[38;2;67;64;64m[48;2;132;99;94m▀[0m[38;2;132;99;94m[48;2;132;99;94m▀[0m[38;2;67;64;64m[48;2;132;99;94m▀[0m[38;2;67;64;64m[48;2;67;64;64m▀[0m[38;2;67;64;64m[48;2;172;178;176m▀[0m[38;2;226;235;232m[48;2;67;64;64m▀[0m[38;2;67;64;64m[48;2;229;236;234m▀[0m[38;2;229;236;234m[48;2;206;224;235m▀[0m[38;2;229;236;234m[48;2;1;114;242m▀[0m[38;2;229;236;234m[48;2;229;236;234m▀[0m[38;2;227;238;235m[48;2;227;238;235m▀[0m[38;2;227;238;235m[48;2;227;238;235m▀[0m[38;2;0;0;0m[48;2;173;173;173m▀[0m[38;2;0;0;0m▄   
 [38;2;0;0;0m[48;2;0;0;0m▀[0m[38;2;103;103;90m[48;2;103;103;90m▀[0m[38;2;103;103;90m[48;2;0;0;0m▀[0m[38;2;0;0;0m▀[38;2;0;0;0m▀[38;2;0;0;0m▄[38;2;0;0;0m[48;2;103;103;90m▀[0m[38;2;115;101;90m[48;2;115;101;90m▀[0m[38;2;76;67;60m[48;2;0;0;0m▀[0m[38;2;189;60;73m[48;2;0;0;0m▀[0m[38;2;0;0;0m▀[38;2;91;36;41m[48;2;2;2;2m▀[0m[38;2;185;67;79m[48;2;2;2;2m▀[0m[38;2;0;0;0m▀[38;2;0;0;0m▄[38;2;0;0;0m▄[38;2;0;0;0m▄[38;2;0;0;0m▀[38;2;67;64;64m[48;2;0;0;0m▀[0m[38;2;156;136;128m[48;2;156;136;128m▀[0m[38;2;156;136;128m[48;2;156;136;128m▀[0m[38;2;131;100;99m[48;2;156;135;132m▀[0m[38;2;131;100;99m[48;2;131;100;99m▀[0m[38;2;123;121;115m[48;2;74;65;57m▀[0m[38;2;74;65;57m[48;2;223;234;231m▀[0m[38;2;67;64;64m[48;2;67;64;64m▀[0m[38;2;67;64;64m[48;2;229;236;234m▀[0m[38;2;158;183;176m[48;2;203;223;233m▀[0m[38;2;1;114;242m[48;2;203;223;233m▀[0m[38;2;1;86;242m[48;2;164;181;176m▀[0m[38;2;233;233;233m[48;2;164;181;176m▀[0m[38;2;222;243;239m[48;2;106;102;95m▀[0m[38;2;167;169;168m[48;2;150;163;176m▀[0m[38;2;172;173;173m[48;2;1;116;246m▀[0m[38;2;172;173;173m[48;2;172;173;173m▀[0m[38;2;0;0;0m[48;2;0;0;0m▀[0m  
  [38;2;0;0;0m▀  [38;2;0;0;0m[48;2;0;0;0m▀[0m[38;2;103;103;90m[48;2;103;103;90m▀[0m[38;2;103;103;90m[48;2;0;0;0m▀[0m[38;2;0;0;0m▀     [38;2;0;0;0m[48;2;0;0;0m▀[0m[38;2;229;236;234m[48;2;229;236;234m▀[0m[38;2;107;106;101m[48;2;173;173;173m▀[0m[38;2;74;73;66m[48;2;74;73;66m▀[0m[38;2;0;0;0m[48;2;140;117;107m▀[0m[38;2;140;117;107m[48;2;93;78;71m▀[0m[38;2;156;136;128m[48;2;82;78;68m▀[0m[38;2;156;136;128m[48;2;82;78;68m▀[0m[38;2;82;81;66m[48;2;229;236;234m▀[0m[38;2;82;81;66m[48;2;229;236;234m▀[0m[38;2;229;236;234m[48;2;229;236;234m▀[0m[38;2;229;236;234m[48;2;67;64;64m▀[0m[38;2;71;55;57m[48;2;229;236;234m▀[0m[38;2;173;179;177m[48;2;229;236;234m▀[0m[38;2;0;115;245m[48;2;235;235;235m▀[0m[38;2;0;115;245m[48;2;164;184;178m▀[0m[38;2;222;243;239m[48;2;106;102;95m▀[0m[38;2;222;243;239m[48;2;167;169;168m▀[0m[38;2;172;173;173m[48;2;172;173;173m▀[0m[38;2;101;103;90m[48;2;172;173;173m▀[0m[38;2;1;116;246m[48;2;101;102;90m▀[0m[38;2;101;102;90m[48;2;101;102;90m▀[0m[38;2;173;173;173m[48;2;173;173;173m▀[0m[38;2;0;0;0m[48;2;0;0;0m▀[0m 
     [38;2;0;0;0m▀[38;2;103;103;90m[48;2;0;0;0m▀[0m[38;2;0;0;0m▀   [38;2;0;0;0m▄[38;2;0;0;0m[48;2;58;58;58m▀[0m[38;2;0;0;0m[48;2;175;175;175m▀[0m[38;2;172;172;172m[48;2;172;172;172m▀[0m[38;2;67;64;64m[48;2;67;64;64m▀[0m[38;2;222;243;239m[48;2;140;138;132m▀[0m[38;2;170;170;170m[48;2;222;243;239m▀[0m[38;2;82;81;66m[48;2;229;236;234m▀[0m[38;2;229;236;234m[48;2;229;236;234m▀[0m[38;2;229;236;234m[48;2;147;147;147m▀[0m[38;2;229;236;234m[48;2;66;60;57m▀[0m[38;2;226;235;232m[48;2;66;60;57m▀[0m[38;2;66;60;57m[48;2;118;119;115m▀[0m[38;2;67;64;64m[48;2;67;64;64m▀[0m[38;2;67;64;64m[48;2;156;136;127m▀[0m[38;2;229;236;234m[48;2;67;64;64m▀[0m[38;2;229;236;234m[48;2;67;64;64m▀[0m[38;2;229;236;234m[48;2;67;64;64m▀[0m[38;2;229;236;234m[48;2;229;236;234m▀[0m[38;2;222;243;239m[48;2;167;169;168m▀[0m[38;2;106;102;95m[48;2;167;169;168m▀[0m[38;2;122;122;122m[48;2;97;97;97m▀[0m[38;2;167;176;174m[48;2;97;97;97m▀[0m[38;2;90;91;86m[48;2;175;175;175m▀[0m[38;2;175;175;175m[48;2;8;4;0m▀[0m[38;2;0;0;0m▀  
          [38;2;0;0;0m▄[38;2;0;0;0m[48;2;127;99;94m▀[0m[38;2;172;172;172m[48;2;67;64;64m▀[0m[38;2;172;172;172m[48;2;172;172;172m▀[0m[38;2;71;55;57m[48;2;71;55;57m▀[0m[38;2;146;146;146m[48;2;230;230;230m▀[0m[38;2;222;243;239m[48;2;140;138;132m▀[0m[38;2;170;170;170m[48;2;222;243;239m▀[0m[38;2;170;170;170m[48;2;222;243;239m▀[0m[38;2;140;138;132m[48;2;140;138;132m▀[0m[38;2;67;64;64m[48;2;67;64;64m▀[0m[38;2;132;99;94m[48;2;67;64;64m▀[0m[38;2;67;64;64m[48;2;229;236;234m▀[0m[38;2;229;236;234m[48;2;229;236;234m▀[0m[38;2;71;55;57m[48;2;230;230;230m▀[0m[38;2;146;146;146m[48;2;71;55;57m▀[0m[38;2;156;136;127m[48;2;67;64;64m▀[0m[38;2;156;136;127m[48;2;156;136;127m▀[0m[38;2;156;136;127m[48;2;156;136;127m▀[0m[38;2;67;64;64m[48;2;156;136;127m▀[0m[38;2;172;172;172m[48;2;67;64;64m▀[0m[38;2;172;172;172m[48;2;172;172;172m▀[0m[38;2;172;173;173m[48;2;101;103;90m▀[0m[38;2;101;103;90m[48;2;172;173;173m▀[0m[38;2;173;173;173m[48;2;0;0;0m▀[0m[38;2;0;0;0m▀   
          [38;2;0;0;0m▀[38;2;173;173;173m[48;2;0;0;0m▀[0m[38;2;123;113;110m[48;2;181;170;165m▀[0m[38;2;65;56;55m[48;2;8;0;0m▀[0m[38;2;0;0;0m▀[38;2;67;64;64m[48;2;0;0;0m▀[0m[38;2;229;236;234m[48;2;66;60;57m▀[0m[38;2;147;147;147m[48;2;229;236;234m▀[0m[38;2;140;138;132m[48;2;140;138;132m▀[0m[38;2;70;69;66m[48;2;0;0;0m▀[0m[38;2;123;101;99m[48;2;0;0;0m▀[0m[38;2;82;67;66m[48;2;0;0;0m▀[0m[38;2;172;172;172m[48;2;172;172;172m▀[0m[38;2;229;236;234m[48;2;172;172;172m▀[0m[38;2;67;64;64m[48;2;67;64;64m▀[0m[38;2;103;103;90m[48;2;103;103;90m▀[0m[38;2;101;101;101m[48;2;67;64;64m▀[0m[38;2;67;64;64m[48;2;173;173;173m▀[0m[38;2;156;136;127m[48;2;67;64;64m▀[0m[38;2;156;136;127m[48;2;67;64;64m▀[0m[38;2;156;136;127m[48;2;67;64;64m▀[0m[38;2;67;64;64m[48;2;67;64;64m▀[0m[38;2;103;103;90m[48;2;0;0;0m▀[0m[38;2;0;0;0m▀     
          [38;2;0;0;0m▀[38;2;0;0;0m▀[38;2;0;0;0m▀   [38;2;0;0;0m▀[38;2;0;0;0m▀[38;2;0;0;0m▀   [38;2;0;0;0m▀[38;2;67;64;64m[48;2;0;0;0m▀[0m[38;2;99;101;90m[48;2;99;101;90m▀[0m[38;2;66;67;60m[48;2;0;0;0m▀[0m[38;2;172;172;172m[48;2;172;172;172m▀[0m[38;2;67;64;64m[48;2;67;64;64m▀[0m[38;2;103;103;90m[48;2;103;103;90m▀[0m[38;2;103;103;90m[48;2;67;64;64m▀[0m[38;2;67;64;64m[48;2;172;172;172m▀[0m[38;2;172;172;172m[48;2;172;172;172m▀[0m[38;2;0;0;0m[48;2;173;173;173m▀[0m[38;2;0;0;0m▄     
                        [38;2;0;0;0m▀ [38;2;0;0;0m[48;2;0;0;0m▀[0m[38;2;103;103;90m[48;2;103;103;90m▀[0m[38;2;103;103;90m[48;2;0;0;0m▀[0m[38;2;0;0;0m▀[38;2;67;62;62m[48;2;0;0;0m▀[0m[38;2;67;62;62m[48;2;0;0;0m▀[0m[38;2;173;173;173m[48;2;0;0;0m▀[0m[38;2;0;0;0m▀     
                                [38;2;0;0;0m▀[38;2;0;0;0m▀                  
                                     [0m                                     