  [38;2;0;0;0m▄  [38;2;0;0;0m▄[38;2;0;0;0m[48;2;219;180;76m▀[0m[38;2;0;8;4m[48;2;71;71;60m▀[0m[38;2;0;8;4m[48;2;205;175;84m▀[0m[38;2;0;0;0m[48;2;219;180;76m▀[0m[38;2;0;0;0m▄ [38;2;0;0;0m▄[38;2;0;0;0m▄[38;2;0;0;0m▄                  
 [38;2;0;0;0m[48;2;0;0;0m▀[0m[38;2;255;231;166m[48;2;255;231;166m▀[0m[38;2;0;0;4m[48;2;71;63;59m▀[0m[38;2;0;0;4m[48;2;219;179;84m▀[0m[38;2;219;180;76m[48;2;219;180;76m▀[0m[38;2;66;66;65m[48;2;66;66;65m▀[0m[38;2;255;231;166m[48;2;255;231;166m▀[0m[38;2;66;66;65m[48;2;66;66;65m▀[0m[38;2;170;164;101m[48;2;66;74;69m▀[0m[38;2;66;74;69m[48;2;255;243;181m▀[0m[38;2;0;0;0m[48;2;255;231;188m▀[0m[38;2;255;231;188m[48;2;255;231;188m▀[0m[38;2;255;234;187m[48;2;255;234;187m▀[0m[38;2;255;234;187m[48;2;255;234;187m▀[0m[38;2;0;0;0m[48;2;255;231;166m▀[0m[38;2;0;0;0m[48;2;255;231;166m▀[0m[38;2;0;0;0m▄               
 [38;2;0;0;0m▀[38;2;219;180;76m[48;2;0;0;0m▀[0m[38;2;255;244;144m[48;2;174;159;86m▀[0m[38;2;74;66;65m[48;2;174;159;86m▀[0m[38;2;219;180;76m[48;2;66;74;73m▀[0m[38;2;66;74;73m[48;2;66;74;73m▀[0m[38;2;255;233;147m[48;2;172;151;91m▀[0m[38;2;66;66;65m[48;2;66;66;65m▀[0m[38;2;255;225;150m[48;2;255;225;150m▀[0m[38;2;255;234;187m[48;2;255;225;150m▀[0m[38;2;255;234;187m[48;2;255;225;150m▀[0m[38;2;255;225;150m[48;2;255;225;150m▀[0m[38;2;255;225;146m[48;2;255;225;146m▀[0m[38;2;255;225;146m[48;2;255;225;146m▀[0m[38;2;255;234;187m[48;2;255;225;150m▀[0m[38;2;255;234;187m[48;2;255;225;150m▀[0m[38;2;255;231;166m[48;2;255;231;166m▀[0m[38;2;0;0;0m[48;2;0;0;0m▀[0m              
   [38;2;0;0;4m[48;2;0;0;4m▀[0m[38;2;85;82;82m[48;2;255;243;203m▀[0m[38;2;255;225;150m[48;2;255;234;187m▀[0m[38;2;255;225;150m[48;2;255;225;150m▀[0m[38;2;213;181;79m[48;2;255;233;147m▀[0m[38;2;255;233;147m[48;2;255;233;147m▀[0m[38;2;255;225;146m[48;2;255;225;146m▀[0m[38;2;255;225;146m[48;2;255;225;146m▀[0m[38;2;255;233;147m[48;2;0;0;0m▀[0m[38;2;0;0;0m▀[38;2;0;0;0m▀[38;2;255;233;147m[48;2;0;0;0m▀[0m[38;2;255;225;146m[48;2;255;225;146m▀[0m[38;2;255;225;146m[48;2;255;225;146m▀[0m[38;2;255;225;146m[48;2;255;225;146m▀[0m[38;2;255;225;146m[48;2;255;225;146m▀[0m[38;2;0;0;0m[48;2;0;0;0m▀[0m   [38;2;0;0;0m▄[38;2;0;0;0m▄[38;2;0;0;0m▄       
  [38;2;0;0;0m[48;2;0;0;0m▀[0m[38;2;255;234;187m[48;2;255;225;150m▀[0m[38;2;255;234;187m[48;2;255;234;187m▀[0m[38;2;255;234;187m[48;2;255;234;187m▀[0m[38;2;255;234;187m[48;2;255;225;150m▀[0m[38;2;247;231;235m[48;2;57;66;81m▀[0m[38;2;57;66;81m[48;2;120;121;132m▀[0m[38;2;95;93;97m[48;2;255;245;225m▀[0m[38;2;255;243;192m[48;2;95;93;97m▀[0m[38;2;255;233;147m[48;2;255;233;147m▀[0m[38;2;0;0;0m[48;2;0;0;0m▀[0m  [38;2;0;0;0m▀[38;2;255;233;147m[48;2;0;0;0m▀[0m[38;2;255;225;146m[48;2;255;225;146m▀[0m[38;2;255;225;146m[48;2;255;225;146m▀[0m[38;2;254;255;193m[48;2;146;143;79m▀[0m[38;2;16;8;8m[48;2;146;143;79m▀[0m[38;2;0;0;0m▄[38;2;0;0;0m[48;2;148;103;99m▀[0m[38;2;148;103;99m[48;2;213;181;79m▀[0m[38;2;213;181;79m[48;2;148;103;99m▀[0m[38;2;219;180;76m[48;2;219;180;76m▀[0m[38;2;0;0;0m[48;2;0;0;0m▀[0m      
  [38;2;0;0;0m[48;2;0;0;0m▀[0m[38;2;255;225;146m[48;2;255;225;146m▀[0m[38;2;255;225;146m[48;2;255;225;146m▀[0m[38;2;255;225;146m[48;2;255;225;146m▀[0m[38;2;255;225;146m[48;2;255;225;146m▀[0m[38;2;94;94;97m[48;2;94;94;97m▀[0m[38;2;63;141;255m[48;2;63;141;255m▀[0m[38;2;255;246;239m[48;2;255;246;239m▀[0m[38;2;255;246;239m[48;2;148;99;99m▀[0m[38;2;255;233;147m[48;2;146;84;199m▀[0m[38;2;255;233;147m[48;2;255;233;147m▀[0m[38;2;0;0;0m[48;2;0;0;0m▀[0m   [38;2;0;0;0m▀[38;2;219;180;76m[48;2;0;0;0m▀[0m[38;2;219;180;76m[48;2;0;0;0m▀[0m[38;2;219;180;76m[48;2;219;180;76m▀[0m[38;2;213;181;79m[48;2;213;181;79m▀[0m[38;2;148;103;99m[48;2;213;181;79m▀[0m[38;2;148;103;99m[48;2;213;181;79m▀[0m[38;2;213;181;79m[48;2;213;181;79m▀[0m[38;2;219;180;76m[48;2;0;0;0m▀[0m[38;2;0;0;0m▀      
   [38;2;79;71;67m[48;2;0;0;0m▀[0m[38;2;248;194;121m[48;2;164;143;129m▀[0m[38;2;255;219;129m[48;2;155;99;94m▀[0m[38;2;155;99;94m[48;2;208;164;145m▀[0m[38;2;200;170;161m[48;2;200;170;161m▀[0m[38;2;255;217;167m[48;2;74;57;48m▀[0m[38;2;173;173;174m[48;2;201;129;103m▀[0m[38;2;201;129;103m[48;2;201;129;103m▀[0m[38;2;151;81;137m[48;2;188;131;156m▀[0m[38;2;255;219;119m[48;2;151;81;137m▀[0m[38;2;255;233;147m[48;2;255;233;147m▀[0m[38;2;0;0;0m[48;2;0;0;0m▀[0m     [38;2;0;0;0m▀[38;2;0;0;0m▀[38;2;0;0;0m▀[38;2;0;0;0m▀[38;2;0;0;0m▀  [38;2;0;0;0m▄[38;2;0;0;0m▄    
    [38;2;0;0;0m[48;2;0;0;0m▀[0m[38;2;76;84;106m[48;2;80;101;207m▀[0m[38;2;74;74;60m[48;2;80;101;207m▀[0m[38;2;46;50;106m[48;2;145;99;156m▀[0m[38;2;186;119;162m[48;2;94;81;126m▀[0m[38;2;137;126;151m[48;2;137;126;151m▀[0m[38;2;68;63;75m[48;2;0;0;0m▀[0m[38;2;198;131;103m[48;2;66;66;65m▀[0m[38;2;198;131;103m[48;2;198;131;103m▀[0m[38;2;148;103;99m[48;2;148;103;99m▀[0m[38;2;255;233;147m[48;2;255;233;147m▀[0m[38;2;0;0;0m[48;2;255;231;188m▀[0m[38;2;0;0;0m▄        [38;2;0;0;0m▄[38;2;0;0;0m[48;2;255;233;147m▀[0m[38;2;255;231;166m[48;2;191;134;135m▀[0m[38;2;255;231;166m[48;2;191;134;135m▀[0m[38;2;0;0;0m[48;2;255;233;147m▀[0m[38;2;0;0;0m▄  
    [38;2;0;0;0m▀[38;2;115;160;251m[48;2;8;0;0m▀[0m[38;2;80;107;167m[48;2;49;57;75m▀[0m[38;2;83;114;199m[48;2;118;176;255m▀[0m[38;2;48;55;115m[48;2;8;0;24m▀[0m[38;2;0;0;0m▀ [38;2;0;0;0m[48;2;0;0;0m▀[0m[38;2;237;146;129m[48;2;237;146;129m▀[0m[38;2;197;130;107m[48;2;246;156;116m▀[0m[38;2;148;103;99m[48;2;148;103;99m▀[0m[38;2;255;234;187m[48;2;255;225;150m▀[0m[38;2;255;234;187m[48;2;255;234;187m▀[0m[38;2;0;0;0m[48;2;255;231;166m▀[0m[38;2;0;0;0m[48;2;255;231;166m▀[0m[38;2;0;0;0m▄[38;2;0;0;0m▄[38;2;0;0;0m▄   [38;2;0;0;0m▀[38;2;148;103;99m[48;2;0;0;0m▀[0m[38;2;255;219;149m[48;2;0;0;0m▀[0m[38;2;174;152;140m[48;2;255;219;149m▀[0m[38;2;255;219;149m[48;2;255;219;149m▀[0m[38;2;8;0;0m[48;2;135;113;104m▀[0m[38;2;0;0;0m▄ 
      [38;2;0;0;0m[48;2;0;0;0m▀[0m[38;2;112;186;250m[48;2;57;66;77m▀[0m[38;2;16;0;0m[48;2;57;66;77m▀[0m[38;2;0;0;0m▄[38;2;0;0;0m[48;2;219;180;76m▀[0m[38;2;219;180;76m[48;2;66;74;69m▀[0m[38;2;66;74;69m[48;2;66;74;69m▀[0m[38;2;178;142;88m[48;2;74;82;77m▀[0m[38;2;74;82;77m[48;2;255;203;127m▀[0m[38;2;255;225;146m[48;2;255;225;146m▀[0m[38;2;255;225;146m[48;2;255;225;146m▀[0m[38;2;255;225;150m[48;2;255;225;150m▀[0m[38;2;255;234;187m[48;2;255;225;150m▀[0m[38;2;255;233;147m[48;2;255;233;147m▀[0m[38;2;66;82;81m[48;2;255;233;147m▀[0m[38;2;255;233;147m[48;2;85;79;75m▀[0m[38;2;0;0;4m[48;2;255;233;147m▀[0m[38;2;0;0;0m[48;2;255;233;147m▀[0m[38;2;0;0;0m[48;2;255;233;147m▀[0m[38;2;0;0;0m[48;2;255;231;176m▀[0m[38;2;255;231;176m[48;2;255;231;176m▀[0m[38;2;255;225;146m[48;2;255;225;146m▀[0m[38;2;255;225;146m[48;2;255;225;146m▀[0m[38;2;255;233;147m[48;2;139;117;102m▀[0m[38;2;139;117;102m[48;2;16;0;0m▀[0m[38;2;0;0;0m▀ 
     [38;2;0;8;4m[48;2;0;8;4m▀[0m[38;2;71;71;60m[48;2;214;194;83m▀[0m[38;2;213;181;79m[48;2;213;181;79m▀[0m[38;2;213;181;79m[48;2;213;181;79m▀[0m[38;2;175;167;97m[48;2;74;66;65m▀[0m[38;2;74;66;65m[48;2;251;233;152m▀[0m[38;2;255;234;187m[48;2;255;225;150m▀[0m[38;2;255;234;187m[48;2;255;225;150m▀[0m[38;2;255;225;146m[48;2;255;225;146m▀[0m[38;2;255;225;146m[48;2;255;225;146m▀[0m[38;2;255;219;129m[48;2;74;74;69m▀[0m[38;2;74;74;69m[48;2;167;150;133m▀[0m[38;2;255;233;147m[48;2;201;129;103m▀[0m[38;2;255;233;147m[48;2;255;233;147m▀[0m[38;2;255;225;150m[48;2;255;234;187m▀[0m[38;2;255;225;150m[48;2;255;234;187m▀[0m[38;2;255;233;147m[48;2;255;233;147m▀[0m[38;2;66;82;81m[48;2;66;82;81m▀[0m[38;2;255;234;187m[48;2;255;225;150m▀[0m[38;2;255;234;187m[48;2;255;225;150m▀[0m[38;2;255;232;158m[48;2;255;232;158m▀[0m[38;2;255;232;158m[48;2;148;78;198m▀[0m[38;2;255;233;147m[48;2;149;89;167m▀[0m[38;2;149;89;167m[48;2;149;89;167m▀[0m[38;2;201;134;101m[48;2;0;0;0m▀[0m[38;2;0;0;0m▀  
      [38;2;0;0;0m[48;2;0;0;0m▀[0m[38;2;81;91;214m[48;2;81;91;214m▀[0m[38;2;78;76;145m[48;2;66;57;69m▀[0m[38;2;74;66;60m[48;2;126;121;114m▀[0m[38;2;231;231;223m[48;2;74;66;60m▀[0m[38;2;86;99;202m[48;2;132;187;243m▀[0m[38;2;86;99;202m[48;2;86;74;168m▀[0m[38;2;88;119;204m[48;2;100;158;255m▀[0m[38;2;57;49;73m[48;2;75;82;143m▀[0m[38;2;167;150;133m[48;2;74;74;69m▀[0m[38;2;74;74;69m[48;2;255;219;129m▀[0m[38;2;255;225;150m[48;2;255;225;150m▀[0m[38;2;255;234;187m[48;2;255;234;187m▀[0m[38;2;255;234;187m[48;2;255;234;187m▀[0m[38;2;255;234;187m[48;2;255;225;150m▀[0m[38;2;255;233;147m[48;2;255;233;147m▀[0m[38;2;255;233;147m[48;2;213;181;79m▀[0m[38;2;66;82;81m[48;2;66;82;81m▀[0m[38;2;144;81;200m[48;2;144;81;200m▀[0m[38;2;185;95;117m[48;2;192;126;93m▀[0m[38;2;138;76;189m[48;2;192;126;93m▀[0m[38;2;201;134;101m[48;2;201;134;101m▀[0m[38;2;201;134;101m[48;2;0;0;0m▀[0m[38;2;0;0;0m▀   
       [38;2;0;0;0m▀[38;2;66;66;65m[48;2;0;0;0m▀[0m[38;2;151;98;98m[48;2;151;98;98m▀[0m[38;2;66;66;65m[48;2;151;98;98m▀[0m[38;2;81;74;127m[48;2;81;74;127m▀[0m[38;2;81;74;127m[48;2;202;126;104m▀[0m[38;2;149;188;222m[48;2;104;71;141m▀[0m[38;2;104;71;141m[48;2;123;127;182m▀[0m[38;2;66;66;65m[48;2;66;66;65m▀[0m[38;2;219;180;76m[48;2;219;180;76m▀[0m[38;2;255;233;147m[48;2;213;181;79m▀[0m[38;2;255;233;147m[48;2;213;181;79m▀[0m[38;2;255;233;147m[48;2;213;181;79m▀[0m[38;2;255;233;147m[48;2;213;181;79m▀[0m[38;2;213;181;79m[48;2;213;181;79m▀[0m[38;2;213;181;79m[48;2;213;181;79m▀[0m[38;2;66;82;81m[48;2;66;82;81m▀[0m[38;2;198;131;103m[48;2;198;131;103m▀[0m[38;2;201;134;101m[48;2;0;0;0m▀[0m[38;2;201;134;101m[48;2;0;0;0m▀[0m[38;2;0;0;0m▀     
         [38;2;0;0;0m▀[38;2;148;103;99m[48;2;0;0;0m▀[0m[38;2;148;103;99m[48;2;68;73;72m▀[0m[38;2;68;73;72m[48;2;148;103;99m▀[0m[38;2;90;68;59m[48;2;90;68;59m▀[0m[38;2;181;136;112m[48;2;0;0;4m▀[0m[38;2;191;135;118m[48;2;0;0;4m▀[0m[38;2;95;67;63m[48;2;0;0;4m▀[0m[38;2;219;180;76m[48;2;0;0;0m▀[0m[38;2;219;180;76m[48;2;219;180;76m▀[0m[38;2;211;180;82m[48;2;211;180;82m▀[0m[38;2;211;180;82m[48;2;191;134;135m▀[0m[38;2;219;180;76m[48;2;0;0;0m▀[0m[38;2;0;0;0m▀[38;2;0;0;0m▀[38;2;0;0;0m▀        
           [38;2;0;0;0m▀[38;2;0;0;0m▀[38;2;0;0;0m▀    [38;2;0;0;0m▀[38;2;162;129;114m[48;2;8;0;4m▀[0m[38;2;239;195;169m[48;2;8;0;4m▀[0m[38;2;0;0;0m▀           
                                     [0m                                     