             [38;2;0;4;0m▄[38;2;0;4;0m[48;2;170;170;196m▀[0m[38;2;0;4;0m[48;2;170;170;196m▀[0m[38;2;0;4;0m▄[38;2;0;4;0m[48;2;82;82;127m▀[0m[38;2;0;4;0m▄ [38;2;0;4;0m▄[38;2;0;4;0m▄        
  [38;2;0;4;0m▄[38;2;0;4;0m[48;2;57;54;52m▀[0m[38;2;0;4;0m[48;2;82;82;127m▀[0m[38;2;0;4;0m[48;2;82;82;127m▀[0m[38;2;0;4;0m[48;2;82;82;127m▀[0m[38;2;0;4;0m▄[38;2;0;4;0m▄   [38;2;0;4;0m[48;2;0;4;0m▀[0m[38;2;171;171;196m[48;2;50;50;50m▀[0m[38;2;170;170;196m[48;2;50;50;50m▀[0m[38;2;50;50;50m[48;2;82;82;127m▀[0m[38;2;82;82;127m[48;2;82;82;127m▀[0m[38;2;82;82;127m[48;2;82;82;127m▀[0m[38;2;50;49;50m[48;2;50;50;50m▀[0m[38;2;0;4;0m[48;2;255;255;255m▀[0m[38;2;255;255;255m[48;2;255;255;255m▀[0m[38;2;255;255;255m[48;2;255;255;255m▀[0m[38;2;0;4;0m[48;2;0;4;0m▀[0m       
  [38;2;0;4;0m▀[38;2;57;54;52m[48;2;0;4;0m▀[0m[38;2;76;76;107m[48;2;60;60;103m▀[0m[38;2;82;82;127m[48;2;60;60;103m▀[0m[38;2;82;82;127m[48;2;63;63;107m▀[0m[38;2;82;82;127m[48;2;80;80;125m▀[0m[38;2;82;82;127m[48;2;83;83;132m▀[0m[38;2;0;4;0m[48;2;83;83;132m▀[0m[38;2;0;4;0m▄[38;2;0;4;0m[48;2;88;88;137m▀[0m[38;2;0;4;0m[48;2;98;98;148m▀[0m[38;2;84;84;130m[48;2;98;98;148m▀[0m[38;2;82;82;127m[48;2;99;99;152m▀[0m[38;2;82;82;127m[48;2;83;83;128m▀[0m[38;2;82;82;127m[48;2;82;82;127m▀[0m[38;2;82;82;127m[48;2;82;82;127m▀[0m[38;2;50;50;50m[48;2;82;82;127m▀[0m[38;2;255;255;255m[48;2;50;50;50m▀[0m[38;2;255;255;255m[48;2;255;255;255m▀[0m[38;2;255;255;255m[48;2;50;50;50m▀[0m[38;2;0;4;0m[48;2;50;50;50m▀[0m[38;2;0;4;0m▄[38;2;0;4;0m[48;2;82;82;127m▀[0m[38;2;0;4;0m[48;2;82;82;127m▀[0m[38;2;0;4;0m[48;2;82;82;127m▀[0m[38;2;0;4;0m▄  
  [38;2;0;4;0m▄[38;2;0;4;0m▄[38;2;0;4;0m[48;2;82;82;127m▀[0m[38;2;60;60;103m[48;2;82;82;127m▀[0m[38;2;63;63;107m[48;2;50;50;50m▀[0m[38;2;63;63;107m[48;2;50;50;50m▀[0m[38;2;61;61;104m[48;2;50;50;50m▀[0m[38;2;50;50;50m[48;2;82;82;127m▀[0m[38;2;88;88;137m[48;2;82;82;127m▀[0m[38;2;88;88;137m[48;2;82;82;127m▀[0m[38;2;98;98;148m[48;2;95;95;151m▀[0m[38;2;98;98;148m[48;2;95;95;151m▀[0m[38;2;99;99;152m[48;2;95;95;151m▀[0m[38;2;99;99;152m[48;2;82;82;127m▀[0m[38;2;82;82;127m[48;2;82;82;127m▀[0m[38;2;82;82;127m[48;2;82;82;127m▀[0m[38;2;82;82;127m[48;2;82;82;127m▀[0m[38;2;82;82;127m[48;2;50;50;50m▀[0m[38;2;50;50;50m[48;2;82;82;127m▀[0m[38;2;50;50;50m[48;2;82;82;127m▀[0m[38;2;84;84;130m[48;2;83;83;132m▀[0m[38;2;84;84;130m[48;2;50;50;50m▀[0m[38;2;82;82;127m[48;2;60;60;103m▀[0m[38;2;50;50;50m[48;2;0;4;0m▀[0m[38;2;0;4;0m▀   
  [38;2;0;4;0m▀[38;2;74;74;104m[48;2;0;4;0m▀[0m[38;2;76;76;107m[48;2;54;52;50m▀[0m[38;2;82;82;127m[48;2;54;52;50m▀[0m[38;2;82;82;127m[48;2;74;74;104m▀[0m[38;2;82;82;127m[48;2;50;50;50m▀[0m[38;2;50;50;50m[48;2;218;95;154m▀[0m[38;2;82;82;127m[48;2;82;89;107m▀[0m[38;2;82;82;127m[48;2;204;158;180m▀[0m[38;2;82;82;127m[48;2;83;83;128m▀[0m[38;2;82;82;127m[48;2;82;82;127m▀[0m[38;2;82;82;127m[48;2;82;82;127m▀[0m[38;2;82;82;127m[48;2;83;83;128m▀[0m[38;2;82;82;127m[48;2;83;83;128m▀[0m[38;2;82;82;127m[48;2;82;82;127m▀[0m[38;2;82;82;127m[48;2;82;82;127m▀[0m[38;2;82;82;127m[48;2;83;83;128m▀[0m[38;2;82;82;127m[48;2;83;83;128m▀[0m[38;2;82;82;127m[48;2;50;50;50m▀[0m[38;2;50;50;50m[48;2;61;61;104m▀[0m[38;2;50;50;50m[48;2;63;63;107m▀[0m[38;2;61;61;104m[48;2;63;63;107m▀[0m[38;2;60;60;103m[48;2;52;54;50m▀[0m[38;2;60;60;103m[48;2;86;86;132m▀[0m[38;2;0;4;0m[48;2;82;82;127m▀[0m[38;2;0;4;0m[48;2;82;82;127m▀[0m[38;2;0;4;0m▄ 
  [38;2;0;4;0m▄[38;2;0;4;0m▄[38;2;0;4;0m[48;2;80;80;125m▀[0m[38;2;54;52;50m[48;2;80;80;125m▀[0m[38;2;50;50;50m[48;2;83;83;132m▀[0m[38;2;50;50;50m[48;2;48;48;55m▀[0m[38;2;255;182;217m[48;2;255;233;243m▀[0m[38;2;218;95;154m[48;2;219;96;155m▀[0m[38;2;204;158;180m[48;2;255;255;255m▀[0m[38;2;83;83;128m[48;2;81;81;124m▀[0m[38;2;82;82;127m[48;2;81;81;127m▀[0m[38;2;82;82;127m[48;2;81;81;127m▀[0m[38;2;83;83;128m[48;2;235;112;171m▀[0m[38;2;204;158;180m[48;2;255;255;255m▀[0m[38;2;82;82;127m[48;2;82;89;107m▀[0m[38;2;82;82;127m[48;2;218;95;154m▀[0m[38;2;204;158;180m[48;2;203;185;203m▀[0m[38;2;83;83;128m[48;2;81;81;127m▀[0m[38;2;83;83;132m[48;2;50;50;50m▀[0m[38;2;83;83;132m[48;2;50;50;50m▀[0m[38;2;80;80;125m[48;2;50;50;50m▀[0m[38;2;80;80;125m[48;2;50;50;50m▀[0m[38;2;86;86;132m[48;2;0;4;0m▀[0m[38;2;8;8;0m▀[38;2;0;4;0m▀[38;2;0;4;0m▀  
 [38;2;0;4;0m▀[38;2;57;54;52m[48;2;0;4;0m▀[0m[38;2;57;54;52m[48;2;0;4;0m▀[0m[38;2;63;63;107m[48;2;54;52;50m▀[0m[38;2;63;63;107m[48;2;54;52;50m▀[0m[38;2;66;66;110m[48;2;50;50;50m▀[0m[38;2;66;66;110m[48;2;50;50;50m▀[0m[38;2;49;73;82m[48;2;74;74;104m▀[0m[38;2;255;233;243m[48;2;50;50;50m▀[0m[38;2;255;255;255m[48;2;204;158;180m▀[0m[38;2;81;81;124m[48;2;204;158;180m▀[0m[38;2;203;185;203m[48;2;204;158;180m▀[0m[38;2;255;231;255m[48;2;204;158;180m▀[0m[38;2;235;112;171m[48;2;255;216;234m▀[0m[38;2;255;255;255m[48;2;254;131;190m▀[0m[38;2;218;95;154m[48;2;255;243;255m▀[0m[38;2;255;182;217m[48;2;255;243;255m▀[0m[38;2;255;231;255m[48;2;82;82;127m▀[0m[38;2;81;81;127m[48;2;82;82;127m▀[0m[38;2;82;82;127m[48;2;50;50;50m▀[0m[38;2;82;82;127m[48;2;50;50;50m▀[0m[38;2;83;83;132m[48;2;82;82;127m▀[0m[38;2;61;61;104m[48;2;82;82;127m▀[0m[38;2;76;76;105m[48;2;82;82;127m▀[0m[38;2;0;4;0m[48;2;82;82;127m▀[0m[38;2;0;4;0m[48;2;82;82;127m▀[0m[38;2;0;4;0m[48;2;82;82;127m▀[0m[38;2;0;4;0m▄ 
   [38;2;0;4;0m▄[38;2;0;4;0m[48;2;74;74;104m▀[0m[38;2;54;52;50m[48;2;74;74;104m▀[0m[38;2;74;74;104m[48;2;74;74;104m▀[0m[38;2;74;74;104m[48;2;74;74;104m▀[0m[38;2;74;74;104m[48;2;0;4;0m▀[0m[38;2;74;74;104m[48;2;0;4;0m▀[0m[38;2;0;4;0m▀[38;2;204;158;180m[48;2;0;4;0m▀[0m[38;2;197;95;107m[48;2;0;4;0m▀[0m[38;2;197;95;107m[48;2;198;93;107m▀[0m[38;2;201;155;177m[48;2;198;101;107m▀[0m[38;2;201;155;177m[48;2;110;79;85m▀[0m[38;2;203;190;203m[48;2;82;82;127m▀[0m[38;2;99;85;99m[48;2;0;4;0m▀[0m[38;2;82;82;127m[48;2;0;4;0m▀[0m[38;2;82;82;127m[48;2;82;82;127m▀[0m[38;2;74;74;104m[48;2;82;82;127m▀[0m[38;2;74;74;104m[48;2;82;82;127m▀[0m[38;2;50;50;50m[48;2;63;63;107m▀[0m[38;2;50;50;50m[48;2;63;63;107m▀[0m[38;2;50;50;50m[48;2;52;54;50m▀[0m[38;2;50;50;50m[48;2;8;8;0m▀[0m[38;2;0;4;0m▀[38;2;0;4;0m▀  
    [38;2;0;4;0m▀[38;2;0;4;0m▀[38;2;0;4;0m▀[38;2;0;4;0m▀   [38;2;0;4;0m▄[38;2;0;4;0m▄[38;2;0;4;0m[48;2;84;84;130m▀[0m[38;2;50;53;57m[48;2;81;81;124m▀[0m[38;2;50;53;57m[48;2;81;81;124m▀[0m[38;2;0;4;0m[48;2;0;4;0m▀[0m  [38;2;0;4;0m▀[38;2;0;4;0m▀[38;2;82;82;127m[48;2;0;4;0m▀[0m[38;2;80;80;125m[48;2;0;4;0m▀[0m[38;2;80;80;125m[48;2;0;4;0m▀[0m[38;2;86;86;132m[48;2;0;4;0m▀[0m[38;2;86;86;132m[48;2;0;4;0m▀[0m[38;2;0;4;0m▀   
      [38;2;0;0;0m▄[38;2;0;0;0m▄ [38;2;0;4;0m▄[38;2;0;4;0m[48;2;50;50;50m▀[0m[38;2;255;255;255m[48;2;255;255;255m▀[0m[38;2;50;50;50m[48;2;170;170;196m▀[0m[38;2;50;50;50m[48;2;255;255;255m▀[0m[38;2;255;255;255m[48;2;255;255;255m▀[0m[38;2;81;81;124m[48;2;50;50;50m▀[0m[38;2;82;82;127m[48;2;82;82;127m▀[0m[38;2;0;4;0m[48;2;82;82;127m▀[0m[38;2;0;4;0m▄           
     [38;2;0;4;0m[48;2;0;4;0m▀[0m[38;2;69;69;113m[48;2;255;255;255m▀[0m[38;2;249;249;253m[48;2;50;50;50m▀[0m[38;2;0;4;0m[48;2;82;82;127m▀[0m[38;2;82;82;127m[48;2;50;50;50m▀[0m[38;2;50;50;50m[48;2;255;255;255m▀[0m[38;2;50;50;50m[48;2;50;53;57m▀[0m[38;2;170;170;196m[48;2;50;50;50m▀[0m[38;2;255;255;255m[48;2;50;50;50m▀[0m[38;2;50;50;50m[48;2;62;62;106m▀[0m[38;2;50;50;50m[48;2;62;62;106m▀[0m[38;2;82;82;127m[48;2;82;82;127m▀[0m[38;2;50;50;50m[48;2;50;50;50m▀[0m[38;2;82;82;127m[48;2;82;82;127m▀[0m[38;2;0;4;0m[48;2;82;82;127m▀[0m[38;2;0;4;0m▄  [38;2;0;4;0m▄[38;2;0;4;0m▄     
    [38;2;0;4;0m▀[38;2;204;158;180m[48;2;0;4;0m▀[0m[38;2;255;255;255m[48;2;69;69;113m▀[0m[38;2;50;50;50m[48;2;249;249;253m▀[0m[38;2;50;50;50m[48;2;0;4;0m▀[0m[38;2;50;50;50m[48;2;0;4;0m▀[0m[38;2;255;255;255m[48;2;48;48;48m▀[0m[38;2;159;159;185m[48;2;171;171;196m▀[0m[38;2;50;50;50m[48;2;255;255;255m▀[0m[38;2;255;255;255m[48;2;255;255;255m▀[0m[38;2;255;255;255m[48;2;255;255;255m▀[0m[38;2;62;62;106m[48;2;50;50;50m▀[0m[38;2;50;50;50m[48;2;82;82;127m▀[0m[38;2;50;50;50m[48;2;82;82;127m▀[0m[38;2;50;50;50m[48;2;50;49;50m▀[0m[38;2;82;82;127m[48;2;0;4;0m▀[0m[38;2;82;82;127m[48;2;82;82;127m▀[0m[38;2;0;4;0m[48;2;82;82;127m▀[0m[38;2;0;4;0m[48;2;50;50;50m▀[0m[38;2;50;49;50m[48;2;255;255;255m▀[0m[38;2;255;255;255m[48;2;50;50;50m▀[0m[38;2;0;4;0m[48;2;50;50;50m▀[0m[38;2;0;4;0m▄   
      [38;2;0;0;0m▀[38;2;0;0;0m▀ [38;2;0;4;0m▄[38;2;8;8;8m[48;2;255;255;255m▀[0m[38;2;48;48;48m[48;2;50;50;50m▀[0m[38;2;255;255;255m[48;2;50;50;50m▀[0m[38;2;255;255;255m[48;2;50;50;50m▀[0m[38;2;50;50;50m[48;2;62;62;106m▀[0m[38;2;50;50;50m[48;2;62;62;106m▀[0m[38;2;82;82;127m[48;2;82;82;127m▀[0m[38;2;82;82;127m[48;2;50;50;50m▀[0m[38;2;0;4;0m[48;2;50;50;50m▀[0m[38;2;0;4;0m▄[38;2;0;4;0m▀[38;2;0;4;0m▀[38;2;50;50;50m[48;2;0;0;0m▀[0m[38;2;255;255;255m[48;2;249;249;253m▀[0m[38;2;204;158;180m[48;2;68;68;112m▀[0m[38;2;204;158;180m[48;2;68;68;112m▀[0m[38;2;204;158;180m[48;2;0;4;0m▀[0m[38;2;0;4;0m▀  
        [38;2;0;4;0m[48;2;0;4;0m▀[0m[38;2;50;49;50m[48;2;50;49;50m▀[0m[38;2;255;255;255m[48;2;255;255;255m▀[0m[38;2;50;50;50m[48;2;161;161;185m▀[0m[38;2;50;50;50m[48;2;255;255;255m▀[0m[38;2;255;255;255m[48;2;255;255;255m▀[0m[38;2;255;255;255m[48;2;255;255;255m▀[0m[38;2;62;62;106m[48;2;50;50;50m▀[0m[38;2;50;50;50m[48;2;82;82;127m▀[0m[38;2;50;50;50m[48;2;82;82;127m▀[0m[38;2;84;84;130m[48;2;82;82;127m▀[0m[38;2;0;4;0m[48;2;82;82;127m▀[0m[38;2;0;4;0m▄ [38;2;0;0;0m▀[38;2;69;69;113m[48;2;0;4;0m▀[0m[38;2;247;247;247m[48;2;0;4;0m▀[0m[38;2;0;0;0m▀    
         [38;2;0;4;0m▀[38;2;59;59;102m[48;2;0;4;0m▀[0m[38;2;161;161;185m[48;2;0;4;0m▀[0m[38;2;255;255;255m[48;2;255;255;255m▀[0m[38;2;255;255;255m[48;2;255;255;255m▀[0m[38;2;255;255;255m[48;2;50;50;50m▀[0m[38;2;50;50;50m[48;2;84;84;130m▀[0m[38;2;82;82;127m[48;2;82;82;127m▀[0m[38;2;82;82;127m[48;2;0;4;0m▀[0m[38;2;82;82;127m[48;2;0;4;0m▀[0m[38;2;0;4;0m▀          
            [38;2;0;4;0m▀[38;2;0;4;0m▀[38;2;0;4;0m▀[38;2;0;4;0m▀[38;2;0;4;0m▀             
                                     [0m                                     