  [38;2;0;0;0m▄[38;2;0;0;0m▄[38;2;0;0;0m[48;2;255;255;255m▀[0m[38;2;0;0;0m[48;2;255;255;255m▀[0m[38;2;0;0;0m▄ [38;2;0;0;0m▄[38;2;0;0;0m▄              
 [38;2;0;0;0m[48;2;0;0;0m▀[0m[38;2;255;255;255m[48;2;255;255;255m▀[0m[38;2;255;255;255m[48;2;189;189;197m▀[0m[38;2;99;98;123m[48;2;99;98;123m▀[0m[38;2;99;98;123m[48;2;255;255;255m▀[0m[38;2;99;98;123m[48;2;255;255;255m▀[0m[38;2;0;0;0m[48;2;99;98;123m▀[0m[38;2;255;255;255m[48;2;255;255;255m▀[0m[38;2;255;255;255m[48;2;255;255;255m▀[0m[38;2;0;0;0m[48;2;0;0;0m▀[0m[38;2;0;0;0m▄[38;2;0;0;0m▄ [38;2;0;0;0m▄[38;2;0;0;0m▄[38;2;0;0;0m[48;2;255;255;255m▀[0m[38;2;0;0;0m[48;2;255;255;255m▀[0m[38;2;0;0;0m▄ [38;2;0;0;0m▄[38;2;0;0;0m▄  
 [38;2;0;0;0m▀[38;2;255;255;255m[48;2;0;0;0m▀[0m[38;2;99;98;123m[48;2;99;98;123m▀[0m[38;2;65;65;65m[48;2;65;65;65m▀[0m[38;2;255;255;255m[48;2;255;255;255m▀[0m[38;2;255;255;255m[48;2;255;255;255m▀[0m[38;2;189;189;197m[48;2;65;65;65m▀[0m[38;2;65;65;65m[48;2;99;98;123m▀[0m[38;2;65;65;65m[48;2;99;98;123m▀[0m[38;2;99;98;123m[48;2;99;98;123m▀[0m[38;2;99;98;123m[48;2;99;98;123m▀[0m[38;2;99;98;123m[48;2;99;98;123m▀[0m[38;2;0;0;0m[48;2;65;65;65m▀[0m[38;2;255;255;255m[48;2;255;255;255m▀[0m[38;2;189;189;197m[48;2;255;255;255m▀[0m[38;2;255;255;255m[48;2;189;189;197m▀[0m[38;2;255;255;255m[48;2;99;98;123m▀[0m[38;2;0;0;0m[48;2;65;65;65m▀[0m[38;2;0;0;0m[48;2;99;98;123m▀[0m[38;2;255;255;255m[48;2;255;255;255m▀[0m[38;2;255;255;255m[48;2;255;255;255m▀[0m[38;2;0;0;0m[48;2;0;0;0m▀[0m 
  [38;2;0;0;0m[48;2;0;0;0m▀[0m[38;2;99;98;123m[48;2;65;65;65m▀[0m[38;2;99;98;123m[48;2;99;98;123m▀[0m[38;2;65;65;65m[48;2;65;65;65m▀[0m[38;2;65;65;65m[48;2;99;98;123m▀[0m[38;2;99;98;123m[48;2;255;255;255m▀[0m[38;2;99;98;123m[48;2;99;98;123m▀[0m[38;2;99;98;123m[48;2;99;98;123m▀[0m[38;2;99;98;123m[48;2;99;98;123m▀[0m[38;2;99;98;123m[48;2;99;98;123m▀[0m[38;2;99;98;123m[48;2;99;98;123m▀[0m[38;2;65;65;65m[48;2;99;98;123m▀[0m[38;2;255;255;255m[48;2;65;65;65m▀[0m[38;2;255;255;255m[48;2;189;189;197m▀[0m[38;2;99;98;123m[48;2;99;98;123m▀[0m[38;2;65;65;65m[48;2;65;65;65m▀[0m[38;2;255;255;255m[48;2;255;255;255m▀[0m[38;2;255;255;255m[48;2;255;255;255m▀[0m[38;2;255;255;255m[48;2;189;189;197m▀[0m[38;2;255;255;255m[48;2;0;0;0m▀[0m[38;2;0;0;0m▀ 
   [38;2;0;0;0m[48;2;0;0;0m▀[0m[38;2;65;65;65m[48;2;99;98;123m▀[0m[38;2;65;65;65m[48;2;0;0;0m▀[0m[38;2;99;98;123m[48;2;0;0;0m▀[0m[38;2;255;255;255m[48;2;206;165;181m▀[0m[38;2;208;81;199m[48;2;146;19;137m▀[0m[38;2;99;98;123m[48;2;206;165;181m▀[0m[38;2;206;165;181m[48;2;206;165;181m▀[0m[38;2;99;98;123m[48;2;255;255;255m▀[0m[38;2;206;165;181m[48;2;208;81;199m▀[0m[38;2;99;98;123m[48;2;255;255;255m▀[0m[38;2;99;98;123m[48;2;99;98;123m▀[0m[38;2;65;65;65m[48;2;65;65;65m▀[0m[38;2;99;98;123m[48;2;99;98;123m▀[0m[38;2;65;65;65m[48;2;99;98;123m▀[0m[38;2;189;189;197m[48;2;65;65;65m▀[0m[38;2;255;255;255m[48;2;65;65;65m▀[0m[38;2;65;65;65m[48;2;99;98;123m▀[0m[38;2;0;0;0m[48;2;0;0;0m▀[0m  
   [38;2;0;0;0m▀[38;2;0;0;0m▀ [38;2;0;0;0m▄[38;2;0;0;0m[48;2;255;255;255m▀[0m[38;2;206;165;181m[48;2;255;255;255m▀[0m[38;2;206;82;107m[48;2;247;123;148m▀[0m[38;2;206;165;181m[48;2;206;82;107m▀[0m[38;2;189;189;197m[48;2;206;165;181m▀[0m[38;2;146;19;137m[48;2;206;165;181m▀[0m[38;2;255;255;255m[48;2;99;98;123m▀[0m[38;2;99;98;123m[48;2;0;0;0m▀[0m[38;2;0;0;0m▀[38;2;0;0;0m▀[38;2;99;98;123m[48;2;0;0;0m▀[0m[38;2;99;98;123m[48;2;65;65;65m▀[0m[38;2;99;98;123m[48;2;0;0;0m▀[0m[38;2;0;0;0m▀   
      [38;2;0;0;0m▀[38;2;255;255;255m[48;2;0;0;0m▀[0m[38;2;189;189;197m[48;2;99;98;123m▀[0m[38;2;255;255;255m[48;2;255;255;255m▀[0m[38;2;255;255;255m[48;2;255;255;255m▀[0m[38;2;65;65;65m[48;2;65;65;65m▀[0m[38;2;65;65;65m[48;2;99;98;123m▀[0m[38;2;0;0;0m[48;2;99;98;123m▀[0m[38;2;0;0;0m▄[38;2;0;0;0m▄ [38;2;0;0;0m▀[38;2;99;98;123m[48;2;0;0;0m▀[0m[38;2;0;0;0m[48;2;0;0;0m▀[0m    
      [38;2;0;0;0m[48;2;0;0;0m▀[0m[38;2;255;255;255m[48;2;255;255;255m▀[0m[38;2;255;255;255m[48;2;189;189;197m▀[0m[38;2;99;98;123m[48;2;255;255;255m▀[0m[38;2;65;65;65m[48;2;255;255;255m▀[0m[38;2;99;98;123m[48;2;65;65;65m▀[0m[38;2;65;65;65m[48;2;99;98;123m▀[0m[38;2;99;98;123m[48;2;0;0;0m▀[0m[38;2;99;98;123m[48;2;0;0;0m▀[0m[38;2;0;0;0m▀        
       [38;2;0;0;0m▀[38;2;0;0;0m▀[38;2;255;255;255m[48;2;0;0;0m▀[0m[38;2;255;255;255m[48;2;65;65;65m▀[0m[38;2;65;65;65m[48;2;99;98;123m▀[0m[38;2;99;98;123m[48;2;0;0;0m▀[0m[38;2;0;0;0m▀          
          [38;2;0;0;0m[48;2;0;0;0m▀[0m[38;2;99;98;123m[48;2;0;0;0m▀[0m[38;2;0;0;0m▀           
                                     [0m                                     