                 [38;2;0;0;0m▄[38;2;0;0;0m[48;2;93;74;57m▀[0m[38;2;0;0;0m[48;2;93;74;57m▀[0m[38;2;0;0;0m[48;2;90;73;60m▀[0m[38;2;0;0;0m▄[38;2;0;0;0m▄                 
                [38;2;0;0;0m[48;2;0;0;0m▀[0m[38;2;83;67;60m[48;2;83;67;60m▀[0m[38;2;77;58;59m[48;2;77;58;59m▀[0m[38;2;77;58;59m[48;2;202;138;210m▀[0m[38;2;90;73;60m[48;2;75;59;60m▀[0m[38;2;90;73;60m[48;2;90;73;60m▀[0m[38;2;0;0;0m[48;2;90;73;60m▀[0m[38;2;0;0;0m▄                
                [38;2;0;0;0m[48;2;0;0;0m▀[0m[38;2;83;67;60m[48;2;83;67;60m▀[0m[38;2;202;138;210m[48;2;202;138;210m▀[0m[38;2;202;138;210m[48;2;202;138;210m▀[0m[38;2;202;138;210m[48;2;0;0;0m▀[0m[38;2;0;0;0m▀[38;2;90;73;60m[48;2;0;0;0m▀[0m[38;2;0;0;0m▀                
               [38;2;0;0;0m▄[38;2;0;0;0m▄[38;2;0;0;0m[48;2;175;111;183m▀[0m[38;2;80;69;60m[48;2;80;69;60m▀[0m[38;2;202;138;210m[48;2;176;112;184m▀[0m[38;2;0;0;0m[48;2;202;138;210m▀[0m[38;2;0;0;0m▄[38;2;0;0;0m▄                 
              [38;2;0;0;0m[48;2;0;0;0m▀[0m[38;2;175;111;183m[48;2;175;111;183m▀[0m[38;2;173;109;181m[48;2;82;77;74m▀[0m[38;2;173;109;181m[48;2;203;139;211m▀[0m[38;2;202;138;210m[48;2;202;138;210m▀[0m[38;2;202;138;210m[48;2;202;138;210m▀[0m[38;2;202;138;210m[48;2;202;138;210m▀[0m[38;2;202;138;210m[48;2;202;138;210m▀[0m[38;2;94;30;102m[48;2;204;140;212m▀[0m[38;2;0;4;8m[48;2;0;4;8m▀[0m                
             [38;2;0;0;0m[48;2;0;0;0m▀[0m[38;2;175;111;183m[48;2;175;111;183m▀[0m[38;2;74;71;68m[48;2;74;71;68m▀[0m[38;2;202;138;210m[48;2;202;138;210m▀[0m[38;2;202;138;210m[48;2;202;138;210m▀[0m[38;2;202;138;210m[48;2;146;82;154m▀[0m[38;2;202;138;210m[48;2;90;81;66m▀[0m[38;2;66;65;66m[48;2;66;65;66m▀[0m[38;2;202;138;210m[48;2;202;138;210m▀[0m[38;2;202;138;210m[48;2;202;138;210m▀[0m[38;2;0;0;0m[48;2;202;138;210m▀[0m[38;2;0;0;0m▄               
           [38;2;0;0;0m▄[38;2;0;0;0m[48;2;175;111;183m▀[0m[38;2;175;111;183m[48;2;175;111;183m▀[0m[38;2;66;65;66m[48;2;66;65;66m▀[0m[38;2;202;138;210m[48;2;202;138;210m▀[0m[38;2;202;138;210m[48;2;202;138;210m▀[0m[38;2;146;82;154m[48;2;90;81;66m▀[0m[38;2;82;79;68m[48;2;140;114;112m▀[0m[38;2;140;114;112m[48;2;140;114;112m▀[0m[38;2;129;123;74m[48;2;196;255;74m▀[0m[38;2;66;65;74m[48;2;66;65;74m▀[0m[38;2;202;138;210m[48;2;202;138;210m▀[0m[38;2;202;138;210m[48;2;202;138;210m▀[0m[38;2;0;0;0m[48;2;202;138;210m▀[0m[38;2;0;0;0m▄[38;2;0;0;0m▄             
        [38;2;0;0;0m▄[38;2;0;0;0m[48;2;175;111;183m▀[0m[38;2;0;0;0m[48;2;175;111;183m▀[0m[38;2;175;111;183m[48;2;175;111;183m▀[0m[38;2;175;111;183m[48;2;175;111;183m▀[0m[38;2;175;111;183m[48;2;0;0;0m▀[0m[38;2;0;0;0m▀[38;2;152;88;160m[48;2;0;0;0m▀[0m[38;2;202;138;210m[48;2;146;82;154m▀[0m[38;2;90;81;66m[48;2;202;138;210m▀[0m[38;2;140;105;107m[48;2;156;117;93m▀[0m[38;2;189;142;66m[48;2;189;142;66m▀[0m[38;2;200;255;66m[48;2;90;73;66m▀[0m[38;2;148;172;66m[48;2;148;172;66m▀[0m[38;2;66;65;66m[48;2;66;65;66m▀[0m[38;2;202;138;210m[48;2;66;65;66m▀[0m[38;2;174;110;182m[48;2;174;110;182m▀[0m[38;2;174;110;182m[48;2;174;110;182m▀[0m[38;2;175;111;183m[48;2;175;111;183m▀[0m[38;2;0;0;0m[48;2;175;111;183m▀[0m[38;2;0;0;0m[48;2;202;138;210m▀[0m[38;2;0;0;0m▄          
       [38;2;0;0;0m[48;2;0;0;0m▀[0m[38;2;202;138;210m[48;2;202;138;210m▀[0m[38;2;174;110;182m[48;2;202;138;210m▀[0m[38;2;175;111;183m[48;2;175;111;183m▀[0m[38;2;175;111;183m[48;2;0;0;0m▀[0m[38;2;0;0;0m▀   [38;2;0;0;0m▀[38;2;82;79;70m[48;2;0;0;0m▀[0m[38;2;82;81;66m[48;2;192;145;60m▀[0m[38;2;82;81;66m[48;2;192;145;60m▀[0m[38;2;192;146;63m[48;2;192;146;63m▀[0m[38;2;192;146;63m[48;2;192;146;63m▀[0m[38;2;66;65;66m[48;2;66;65;66m▀[0m[38;2;175;111;183m[48;2;175;111;183m▀[0m[38;2;66;65;66m[48;2;175;111;183m▀[0m[38;2;66;65;66m[48;2;175;111;183m▀[0m[38;2;189;125;197m[48;2;93;29;101m▀[0m[38;2;189;125;197m[48;2;0;12;16m▀[0m[38;2;202;138;210m[48;2;202;138;210m▀[0m[38;2;202;138;210m[48;2;202;138;210m▀[0m[38;2;0;0;0m[48;2;202;138;210m▀[0m[38;2;0;0;0m▄[38;2;0;0;0m▄       
      [38;2;0;0;0m[48;2;0;0;0m▀[0m[38;2;202;138;210m[48;2;202;138;210m▀[0m[38;2;202;138;210m[48;2;202;138;210m▀[0m[38;2;202;138;210m[48;2;202;138;210m▀[0m[38;2;0;0;0m[48;2;0;0;0m▀[0m    [38;2;0;0;0m▄[38;2;0;8;16m[48;2;63;55;32m▀[0m[38;2;189;150;66m[48;2;189;150;66m▀[0m[38;2;192;146;63m[48;2;192;146;63m▀[0m[38;2;192;146;63m[48;2;192;146;63m▀[0m[38;2;192;145;66m[48;2;192;145;66m▀[0m[38;2;192;145;66m[48;2;66;65;66m▀[0m[38;2;192;145;66m[48;2;66;65;66m▀[0m[38;2;66;65;66m[48;2;66;65;66m▀[0m[38;2;174;110;182m[48;2;174;110;182m▀[0m[38;2;174;110;182m[48;2;174;110;182m▀[0m[38;2;0;0;0m[48;2;175;111;183m▀[0m[38;2;0;0;0m▄[38;2;0;0;0m▀[38;2;202;138;210m[48;2;0;0;0m▀[0m[38;2;202;138;210m[48;2;202;138;210m▀[0m[38;2;202;138;210m[48;2;202;138;210m▀[0m[38;2;202;138;210m[48;2;202;138;210m▀[0m[38;2;0;0;0m[48;2;202;138;210m▀[0m[38;2;0;0;0m▄     
   [38;2;0;0;0m▄[38;2;0;0;0m[48;2;202;138;210m▀[0m[38;2;0;0;0m[48;2;202;138;210m▀[0m[38;2;202;138;210m[48;2;202;138;210m▀[0m[38;2;202;138;210m[48;2;202;138;210m▀[0m[38;2;202;138;210m[48;2;202;138;210m▀[0m[38;2;202;138;210m[48;2;202;138;210m▀[0m[38;2;0;0;0m[48;2;0;0;0m▀[0m  [38;2;0;0;0m▄[38;2;0;0;0m[48;2;93;74;57m▀[0m[38;2;93;74;57m[48;2;93;74;57m▀[0m[38;2;66;65;66m[48;2;89;74;53m▀[0m[38;2;198;146;66m[48;2;66;65;66m▀[0m[38;2;192;145;66m[48;2;192;145;66m▀[0m[38;2;192;145;66m[48;2;66;65;66m▀[0m[38;2;66;65;66m[48;2;90;74;57m▀[0m[38;2;90;74;57m[48;2;90;74;57m▀[0m[38;2;66;65;66m[48;2;90;74;57m▀[0m[38;2;90;74;57m[48;2;66;65;66m▀[0m[38;2;66;69;66m[48;2;90;67;64m▀[0m[38;2;177;113;185m[48;2;66;69;66m▀[0m[38;2;66;65;66m[48;2;0;0;0m▀[0m[38;2;0;0;0m▀ [38;2;0;0;0m▀[38;2;202;138;210m[48;2;0;0;0m▀[0m[38;2;202;138;210m[48;2;202;138;210m▀[0m[38;2;202;138;210m[48;2;202;138;210m▀[0m[38;2;202;138;210m[48;2;202;138;210m▀[0m[38;2;202;138;210m[48;2;202;138;210m▀[0m[38;2;0;0;0m[48;2;0;0;0m▀[0m    
  [38;2;0;0;0m[48;2;0;0;0m▀[0m[38;2;202;138;210m[48;2;202;138;210m▀[0m[38;2;66;65;66m[48;2;66;65;66m▀[0m[38;2;202;138;210m[48;2;202;138;210m▀[0m[38;2;202;138;210m[48;2;202;138;210m▀[0m[38;2;66;65;66m[48;2;66;65;66m▀[0m[38;2;189;125;197m[48;2;189;125;197m▀[0m[38;2;0;0;0m[48;2;0;0;0m▀[0m  [38;2;0;0;0m▄[38;2;0;0;0m[48;2;90;73;60m▀[0m[38;2;93;73;57m[48;2;207;247;66m▀[0m[38;2;207;247;66m[48;2;207;247;66m▀[0m[38;2;90;74;57m[48;2;90;74;57m▀[0m[38;2;90;74;57m[48;2;90;74;57m▀[0m[38;2;66;65;66m[48;2;66;65;66m▀[0m[38;2;90;74;57m[48;2;90;74;57m▀[0m[38;2;93;73;57m[48;2;93;73;57m▀[0m[38;2;93;73;57m[48;2;207;247;66m▀[0m[38;2;90;74;57m[48;2;90;74;57m▀[0m[38;2;90;74;57m[48;2;90;74;57m▀[0m[38;2;66;65;66m[48;2;66;65;66m▀[0m[38;2;90;74;57m[48;2;90;74;57m▀[0m[38;2;0;0;0m[48;2;90;73;60m▀[0m[38;2;0;0;0m▄  [38;2;0;0;0m[48;2;0;0;0m▀[0m[38;2;202;138;210m[48;2;202;138;210m▀[0m[38;2;202;138;210m[48;2;202;138;210m▀[0m[38;2;202;138;210m[48;2;202;138;210m▀[0m[38;2;202;138;210m[48;2;202;138;210m▀[0m[38;2;202;138;210m[48;2;202;138;210m▀[0m[38;2;0;0;0m[48;2;202;138;210m▀[0m[38;2;0;0;0m▄  
 [38;2;0;0;0m▀[38;2;204;140;212m[48;2;0;8;16m▀[0m[38;2;97;33;105m[48;2;204;140;212m▀[0m[38;2;202;138;210m[48;2;202;138;210m▀[0m[38;2;202;138;210m[48;2;66;65;66m▀[0m[38;2;104;40;112m[48;2;0;0;0m▀[0m[38;2;172;108;180m[48;2;0;0;0m▀[0m[38;2;0;0;0m▀   [38;2;0;0;0m[48;2;0;0;0m▀[0m[38;2;83;67;60m[48;2;83;67;60m▀[0m[38;2;111;117;66m[48;2;57;52;66m▀[0m[38;2;203;239;66m[48;2;111;117;66m▀[0m[38;2;90;74;57m[48;2;90;74;57m▀[0m[38;2;66;65;66m[48;2;66;65;66m▀[0m[38;2;90;74;57m[48;2;90;74;57m▀[0m[38;2;90;74;57m[48;2;90;74;57m▀[0m[38;2;154;193;66m[48;2;207;247;66m▀[0m[38;2;207;247;66m[48;2;154;193;66m▀[0m[38;2;207;247;66m[48;2;93;73;57m▀[0m[38;2;93;73;57m[48;2;93;73;57m▀[0m[38;2;90;74;57m[48;2;90;74;57m▀[0m[38;2;66;65;66m[48;2;66;65;66m▀[0m[38;2;93;74;57m[48;2;93;74;57m▀[0m[38;2;0;0;0m[48;2;0;0;0m▀[0m [38;2;0;0;0m[48;2;0;0;0m▀[0m[38;2;202;138;210m[48;2;202;138;210m▀[0m[38;2;202;138;210m[48;2;202;138;210m▀[0m[38;2;97;33;105m[48;2;0;8;16m▀[0m[38;2;204;140;212m[48;2;204;140;212m▀[0m[38;2;202;138;210m[48;2;202;138;210m▀[0m[38;2;66;65;66m[48;2;202;138;210m▀[0m[38;2;204;140;212m[48;2;97;33;105m▀[0m[38;2;204;140;212m[48;2;0;8;16m▀[0m[38;2;0;0;0m▀ 
   [38;2;0;0;0m▀[38;2;0;0;0m▀[38;2;0;0;0m▀      [38;2;0;0;0m▀[38;2;76;61;60m[48;2;0;0;0m▀[0m[38;2;211;247;66m[48;2;211;247;66m▀[0m[38;2;66;60;66m[48;2;163;186;66m▀[0m[38;2;66;65;66m[48;2;207;247;66m▀[0m[38;2;207;247;66m[48;2;207;247;66m▀[0m[38;2;66;60;66m[48;2;198;239;66m▀[0m[38;2;113;123;66m[48;2;66;60;66m▀[0m[38;2;113;123;66m[48;2;66;60;66m▀[0m[38;2;66;60;66m[48;2;198;239;66m▀[0m[38;2;74;65;74m[48;2;198;239;66m▀[0m[38;2;122;129;71m[48;2;74;65;74m▀[0m[38;2;93;72;60m[48;2;66;65;66m▀[0m[38;2;66;65;66m[48;2;73;62;57m▀[0m[38;2;76;61;60m[48;2;0;0;0m▀[0m[38;2;0;0;0m▀ [38;2;0;0;0m▀[38;2;202;138;210m[48;2;0;0;0m▀[0m[38;2;0;0;0m▀ [38;2;0;0;0m▀[38;2;202;138;210m[48;2;0;0;0m▀[0m[38;2;202;138;210m[48;2;202;138;210m▀[0m[38;2;0;0;0m[48;2;0;0;0m▀[0m   
             [38;2;0;0;0m▀[38;2;82;70;38m[48;2;0;0;16m▀[0m[38;2;214;247;82m[48;2;0;0;16m▀[0m[38;2;163;194;68m[48;2;73;56;60m▀[0m[38;2;163;194;68m[48;2;219;247;66m▀[0m[38;2;207;247;66m[48;2;154;193;66m▀[0m[38;2;207;247;66m[48;2;154;193;66m▀[0m[38;2;211;247;66m[48;2;161;197;68m▀[0m[38;2;211;247;66m[48;2;80;56;60m▀[0m[38;2;76;61;60m[48;2;76;61;60m▀[0m[38;2;76;61;60m[48;2;66;65;66m▀[0m[38;2;53;42;46m[48;2;80;62;66m▀[0m[38;2;80;62;66m[48;2;0;4;8m▀[0m[38;2;0;0;0m▀        [38;2;0;0;0m▀    
                [38;2;0;0;0m▀[38;2;0;0;0m▀[38;2;0;0;0m▀[38;2;0;0;0m▀[38;2;0;0;0m▀[38;2;0;0;0m▀[38;2;53;44;44m[48;2;0;0;0m▀[0m[38;2;80;65;66m[48;2;0;0;0m▀[0m[38;2;76;61;60m[48;2;0;0;0m▀[0m[38;2;0;0;0m▀              
                                     [0m                                     