  [38;2;0;0;0m▄[38;2;0;0;0m[48;2;241;221;195m▀[0m[38;2;0;0;0m[48;2;241;221;195m▀[0m[38;2;0;0;0m[48;2;219;194;163m▀[0m[38;2;0;0;0m▄[38;2;0;0;0m▄                
 [38;2;0;0;0m▄[38;2;0;0;0m[48;2;219;194;163m▀[0m[38;2;241;221;195m[48;2;219;194;163m▀[0m[38;2;241;221;195m[48;2;219;194;163m▀[0m[38;2;241;221;195m[48;2;241;221;195m▀[0m[38;2;219;194;163m[48;2;241;221;195m▀[0m[38;2;219;194;163m[48;2;219;194;163m▀[0m[38;2;0;0;0m[48;2;219;194;163m▀[0m[38;2;0;0;0m▄[38;2;0;0;0m▄[38;2;0;0;0m▄[38;2;0;0;0m▄           
 [38;2;0;0;0m▀[38;2;219;194;163m[48;2;0;0;0m▀[0m[38;2;219;194;163m[48;2;219;194;163m▀[0m[38;2;219;194;163m[48;2;0;0;0m▀[0m[38;2;219;194;163m[48;2;163;113;112m▀[0m[38;2;219;194;163m[48;2;65;65;65m▀[0m[38;2;65;65;65m[48;2;255;255;255m▀[0m[38;2;163;113;112m[48;2;219;194;163m▀[0m[38;2;241;221;195m[48;2;219;194;163m▀[0m[38;2;241;221;195m[48;2;219;194;163m▀[0m[38;2;219;194;163m[48;2;191;152;135m▀[0m[38;2;219;194;163m[48;2;219;194;163m▀[0m[38;2;0;0;0m[48;2;219;194;163m▀[0m[38;2;0;0;0m[48;2;219;194;163m▀[0m[38;2;0;0;0m▄[38;2;0;0;0m[48;2;191;152;135m▀[0m[38;2;0;0;0m[48;2;219;194;163m▀[0m[38;2;0;0;0m[48;2;241;221;195m▀[0m[38;2;0;0;0m[48;2;241;221;195m▀[0m[38;2;0;0;0m[48;2;219;194;163m▀[0m[38;2;0;0;0m▄  
   [38;2;0;0;0m[48;2;0;0;0m▀[0m[38;2;219;194;163m[48;2;219;194;163m▀[0m[38;2;65;65;65m[48;2;65;65;65m▀[0m[38;2;219;194;163m[48;2;219;194;163m▀[0m[38;2;0;0;0m[48;2;65;65;65m▀[0m[38;2;219;194;163m[48;2;65;65;65m▀[0m[38;2;219;194;163m[48;2;219;194;163m▀[0m[38;2;191;152;135m[48;2;0;0;0m▀[0m[38;2;255;255;255m[48;2;255;255;255m▀[0m[38;2;219;194;163m[48;2;219;194;163m▀[0m[38;2;219;194;163m[48;2;65;65;65m▀[0m[38;2;219;194;163m[48;2;219;194;163m▀[0m[38;2;219;194;163m[48;2;219;194;163m▀[0m[38;2;241;221;195m[48;2;219;194;163m▀[0m[38;2;241;221;195m[48;2;219;194;163m▀[0m[38;2;241;221;195m[48;2;219;194;163m▀[0m[38;2;219;194;163m[48;2;65;65;65m▀[0m[38;2;65;65;65m[48;2;65;65;65m▀[0m[38;2;65;65;65m[48;2;65;65;65m▀[0m[38;2;0;0;0m[48;2;0;0;0m▀[0m 
   [38;2;0;0;0m[48;2;0;0;0m▀[0m[38;2;219;194;163m[48;2;219;194;163m▀[0m[38;2;191;152;135m[48;2;219;194;163m▀[0m[38;2;255;255;255m[48;2;191;152;135m▀[0m[38;2;163;113;112m[48;2;219;194;163m▀[0m[38;2;65;65;65m[48;2;191;152;135m▀[0m[38;2;219;194;163m[48;2;65;65;65m▀[0m[38;2;219;194;163m[48;2;255;255;255m▀[0m[38;2;219;194;163m[48;2;65;65;65m▀[0m[38;2;65;65;65m[48;2;65;65;65m▀[0m[38;2;219;194;163m[48;2;219;194;163m▀[0m[38;2;65;65;65m[48;2;65;65;65m▀[0m[38;2;219;194;163m[48;2;219;194;163m▀[0m[38;2;65;65;65m[48;2;191;152;135m▀[0m[38;2;163;113;112m[48;2;65;65;65m▀[0m[38;2;219;194;163m[48;2;0;0;0m▀[0m[38;2;65;65;65m[48;2;0;0;0m▀[0m[38;2;65;65;65m[48;2;0;0;0m▀[0m[38;2;0;0;0m▀  
    [38;2;0;0;0m[48;2;0;0;0m▀[0m[38;2;219;194;163m[48;2;0;0;0m▀[0m[38;2;219;194;163m[48;2;191;152;135m▀[0m[38;2;219;194;163m[48;2;219;194;163m▀[0m[38;2;219;194;163m[48;2;219;194;163m▀[0m[38;2;191;152;135m[48;2;219;194;163m▀[0m[38;2;163;113;112m[48;2;219;194;163m▀[0m[38;2;219;194;163m[48;2;219;194;163m▀[0m[38;2;219;194;163m[48;2;191;152;135m▀[0m[38;2;219;194;163m[48;2;191;152;135m▀[0m[38;2;65;65;65m[48;2;191;152;135m▀[0m[38;2;191;152;135m[48;2;65;65;65m▀[0m[38;2;163;113;112m[48;2;0;0;0m▀[0m[38;2;0;0;0m▀      
   [38;2;0;0;0m[48;2;0;0;0m▀[0m[38;2;241;221;195m[48;2;219;194;163m▀[0m[38;2;241;221;195m[48;2;219;194;163m▀[0m[38;2;0;0;0m[48;2;219;194;163m▀[0m[38;2;65;65;65m[48;2;65;65;65m▀[0m[38;2;191;152;135m[48;2;65;65;65m▀[0m[38;2;191;152;135m[48;2;65;65;65m▀[0m[38;2;191;152;135m[48;2;65;65;65m▀[0m[38;2;163;113;112m[48;2;189;189;189m▀[0m[38;2;65;65;65m[48;2;65;65;65m▀[0m[38;2;65;65;65m[48;2;65;65;65m▀[0m[38;2;65;65;65m[48;2;65;65;65m▀[0m[38;2;65;65;65m[48;2;65;65;65m▀[0m[38;2;0;0;0m[48;2;191;152;135m▀[0m[38;2;0;0;0m▄      
    [38;2;0;0;0m▀[38;2;191;152;135m[48;2;0;0;0m▀[0m[38;2;163;113;112m[48;2;65;65;65m▀[0m[38;2;65;65;65m[48;2;219;194;163m▀[0m[38;2;65;65;65m[48;2;65;65;65m▀[0m[38;2;65;65;65m[48;2;65;65;65m▀[0m[38;2;65;65;65m[48;2;191;152;135m▀[0m[38;2;65;65;65m[48;2;65;65;65m▀[0m[38;2;241;221;195m[48;2;219;194;163m▀[0m[38;2;241;221;195m[48;2;219;194;163m▀[0m[38;2;65;65;65m[48;2;219;194;163m▀[0m[38;2;191;152;135m[48;2;65;65;65m▀[0m[38;2;191;152;135m[48;2;191;152;135m▀[0m[38;2;0;0;0m[48;2;191;152;135m▀[0m[38;2;0;0;0m▄[38;2;0;0;0m▄[38;2;0;0;0m▄   
     [38;2;0;0;0m[48;2;0;0;0m▀[0m[38;2;191;152;135m[48;2;65;65;65m▀[0m[38;2;219;194;163m[48;2;219;194;163m▀[0m[38;2;219;194;163m[48;2;219;194;163m▀[0m[38;2;219;194;163m[48;2;219;194;163m▀[0m[38;2;191;152;135m[48;2;219;194;163m▀[0m[38;2;191;152;135m[48;2;219;194;163m▀[0m[38;2;65;65;65m[48;2;191;152;135m▀[0m[38;2;219;194;163m[48;2;65;65;65m▀[0m[38;2;65;65;65m[48;2;65;65;65m▀[0m[38;2;65;65;65m[48;2;65;65;65m▀[0m[38;2;65;65;65m[48;2;219;194;163m▀[0m[38;2;191;152;135m[48;2;191;152;135m▀[0m[38;2;65;65;65m[48;2;163;113;112m▀[0m[38;2;191;152;135m[48;2;0;0;0m▀[0m[38;2;0;0;0m▀   
    [38;2;0;0;0m▀[38;2;219;194;163m[48;2;0;0;0m▀[0m[38;2;191;152;135m[48;2;0;0;0m▀[0m[38;2;65;65;65m[48;2;0;0;0m▀[0m[38;2;219;194;163m[48;2;0;0;0m▀[0m[38;2;219;194;163m[48;2;0;0;0m▀[0m[38;2;219;194;163m[48;2;191;152;135m▀[0m[38;2;191;152;135m[48;2;191;152;135m▀[0m[38;2;65;65;65m[48;2;65;65;65m▀[0m[38;2;219;194;163m[48;2;219;194;163m▀[0m[38;2;219;194;163m[48;2;219;194;163m▀[0m[38;2;219;194;163m[48;2;219;194;163m▀[0m[38;2;219;194;163m[48;2;191;152;135m▀[0m[38;2;191;152;135m[48;2;163;113;112m▀[0m[38;2;163;113;112m[48;2;0;0;0m▀[0m[38;2;0;0;0m▀    
          [38;2;0;0;0m▀[38;2;0;0;0m▀[38;2;0;0;0m▀[38;2;65;65;65m[48;2;0;0;0m▀[0m[38;2;163;113;112m[48;2;219;194;163m▀[0m[38;2;163;113;112m[48;2;191;152;135m▀[0m[38;2;163;113;112m[48;2;219;194;163m▀[0m[38;2;65;65;65m[48;2;0;0;0m▀[0m[38;2;0;0;0m▀     
                     [38;2;0;0;0m▀[38;2;0;0;0m▀[38;2;0;0;0m▀               
                                     [0m                                     