            [38;2;0;0;0m▄[38;2;0;0;0m▄[38;2;0;0;0m▄[38;2;0;0;0m[48;2;209;55;58m▀[0m[38;2;0;0;0m[48;2;209;55;58m▀[0m[38;2;0;0;0m[48;2;209;55;58m▀[0m[38;2;0;0;0m[48;2;209;55;58m▀[0m[38;2;0;0;0m[48;2;206;57;61m▀[0m[38;2;0;0;0m▄[38;2;0;0;0m▄        
         [38;2;0;0;0m▄[38;2;0;0;0m[48;2;214;67;66m▀[0m[38;2;0;0;0m[48;2;222;76;79m▀[0m[38;2;206;57;61m[48;2;222;76;79m▀[0m[38;2;206;57;61m[48;2;209;55;58m▀[0m[38;2;206;57;61m[48;2;209;55;58m▀[0m[38;2;209;55;58m[48;2;209;55;58m▀[0m[38;2;209;55;58m[48;2;209;55;58m▀[0m[38;2;209;55;58m[48;2;209;55;58m▀[0m[38;2;209;55;58m[48;2;209;55;58m▀[0m[38;2;206;57;61m[48;2;209;55;58m▀[0m[38;2;206;57;61m[48;2;209;55;58m▀[0m[38;2;206;57;61m[48;2;209;55;58m▀[0m[38;2;0;0;0m[48;2;209;55;58m▀[0m[38;2;0;0;0m[48;2;206;57;61m▀[0m[38;2;0;0;0m▄     
       [38;2;140;33;36m▄[38;2;0;0;0m[48;2;140;33;36m▀[0m[38;2;214;67;66m[48;2;209;55;58m▀[0m[38;2;214;67;66m[48;2;209;55;58m▀[0m[38;2;222;76;79m[48;2;220;77;81m▀[0m[38;2;222;76;79m[48;2;220;77;81m▀[0m[38;2;220;77;81m[48;2;209;55;58m▀[0m[38;2;209;55;58m[48;2;209;55;58m▀[0m[38;2;209;55;58m[48;2;209;55;58m▀[0m[38;2;209;55;58m[48;2;209;55;58m▀[0m[38;2;209;55;58m[48;2;209;55;58m▀[0m[38;2;209;55;58m[48;2;209;55;58m▀[0m[38;2;209;55;58m[48;2;209;55;58m▀[0m[38;2;209;55;58m[48;2;209;55;58m▀[0m[38;2;209;55;58m[48;2;209;55;58m▀[0m[38;2;209;55;58m[48;2;209;55;58m▀[0m[38;2;206;57;61m[48;2;209;55;58m▀[0m[38;2;0;0;0m[48;2;209;55;58m▀[0m[38;2;0;0;0m▄    
      [38;2;0;0;0m[48;2;0;0;0m▀[0m[38;2;239;232;24m[48;2;239;232;24m▀[0m[38;2;140;33;36m[48;2;239;232;24m▀[0m[38;2;209;55;58m[48;2;198;49;57m▀[0m[38;2;209;55;58m[48;2;198;49;57m▀[0m[38;2;209;55;58m[48;2;231;217;0m▀[0m[38;2;209;55;58m[48;2;198;49;57m▀[0m[38;2;209;55;58m[48;2;206;57;61m▀[0m[38;2;209;55;58m[48;2;206;57;61m▀[0m[38;2;209;55;58m[48;2;206;57;61m▀[0m[38;2;209;55;58m[48;2;206;57;61m▀[0m[38;2;209;55;58m[48;2;209;55;58m▀[0m[38;2;209;55;58m[48;2;209;55;58m▀[0m[38;2;209;55;58m[48;2;208;55;60m▀[0m[38;2;209;55;58m[48;2;208;55;60m▀[0m[38;2;209;55;58m[48;2;209;55;58m▀[0m[38;2;209;55;58m[48;2;209;55;58m▀[0m[38;2;209;55;58m[48;2;206;57;61m▀[0m[38;2;209;55;58m[48;2;184;29;35m▀[0m[38;2;0;0;0m[48;2;0;0;0m▀[0m    
     [38;2;0;0;0m[48;2;0;0;0m▀[0m[38;2;156;158;16m[48;2;115;195;214m▀[0m[38;2;160;160;16m[48;2;0;0;16m▀[0m[38;2;239;232;24m[48;2;247;255;255m▀[0m[38;2;219;140;65m[48;2;236;230;27m▀[0m[38;2;231;217;0m[48;2;236;230;27m▀[0m[38;2;219;140;65m[48;2;239;232;24m▀[0m[38;2;198;49;57m[48;2;239;232;24m▀[0m[38;2;239;232;24m[48;2;189;219;107m▀[0m[38;2;239;232;24m[48;2;128;147;71m▀[0m[38;2;239;232;24m[48;2;160;160;16m▀[0m[38;2;206;57;61m[48;2;239;232;24m▀[0m[38;2;209;55;58m[48;2;206;57;61m▀[0m[38;2;209;55;58m[48;2;206;57;61m▀[0m[38;2;181;33;36m[48;2;165;43;33m▀[0m[38;2;208;55;60m[48;2;186;27;33m▀[0m[38;2;209;55;58m[48;2;186;27;33m▀[0m[38;2;209;55;58m[48;2;186;27;33m▀[0m[38;2;184;29;35m[48;2;181;33;36m▀[0m[38;2;184;29;35m[48;2;181;33;36m▀[0m[38;2;0;0;0m[48;2;0;0;0m▀[0m    
     [38;2;0;0;0m▀[38;2;115;195;214m[48;2;0;0;0m▀[0m[38;2;82;85;95m[48;2;115;195;214m▀[0m[38;2;0;0;16m[48;2;115;195;214m▀[0m[38;2;236;230;27m[48;2;239;232;24m▀[0m[38;2;236;230;27m[48;2;160;160;16m▀[0m[38;2;239;232;24m[48;2;189;219;107m▀[0m[38;2;255;255;255m[48;2;8;4;0m▀[0m[38;2;8;4;0m[48;2;112;158;148m▀[0m[38;2;189;219;107m[48;2;99;170;214m▀[0m[38;2;160;160;16m[48;2;170;183;68m▀[0m[38;2;239;232;24m[48;2;231;221;8m▀[0m[38;2;206;57;61m[48;2;198;49;53m▀[0m[38;2;199;125;43m[48;2;247;171;75m▀[0m[38;2;247;167;70m[48;2;66;65;66m▀[0m[38;2;184;132;74m[48;2;199;125;43m▀[0m[38;2;66;65;66m[48;2;181;88;74m▀[0m[38;2;186;27;33m[48;2;66;65;66m▀[0m[38;2;181;33;36m[48;2;94;56;49m▀[0m[38;2;0;0;0m[48;2;8;4;0m▀[0m     
   [38;2;0;0;0m▄[38;2;0;0;0m▄ [38;2;0;0;0m[48;2;0;0;0m▀[0m[38;2;239;232;24m[48;2;196;129;64m▀[0m[38;2;239;232;24m[48;2;255;215;33m▀[0m[38;2;239;232;24m[48;2;206;57;61m▀[0m[38;2;239;232;24m[48;2;239;232;24m▀[0m[38;2;128;147;71m[48;2;239;232;24m▀[0m[38;2;189;219;107m[48;2;239;232;24m▀[0m[38;2;99;170;214m[48;2;239;232;24m▀[0m[38;2;140;134;16m[48;2;239;232;24m▀[0m[38;2;231;221;8m[48;2;209;55;58m▀[0m[38;2;189;49;56m[48;2;209;55;58m▀[0m[38;2;198;49;53m[48;2;209;55;58m▀[0m[38;2;204;132;65m[48;2;209;55;58m▀[0m[38;2;199;125;43m[48;2;66;65;66m▀[0m[38;2;66;65;66m[48;2;255;248;247m▀[0m[38;2;66;65;66m[48;2;255;248;247m▀[0m[38;2;181;88;74m[48;2;255;248;247m▀[0m[38;2;189;102;90m[48;2;181;88;74m▀[0m[38;2;189;102;90m[48;2;181;88;74m▀[0m[38;2;0;0;0m[48;2;0;0;0m▀[0m    
 [38;2;0;0;0m▄[38;2;0;0;0m[48;2;255;249;248m▀[0m[38;2;255;249;248m[48;2;255;248;247m▀[0m[38;2;255;249;248m[48;2;255;248;247m▀[0m[38;2;0;0;0m[48;2;254;233;231m▀[0m[38;2;0;0;0m▄[38;2;82;17;0m[48;2;206;57;61m▀[0m[38;2;97;60;60m[48;2;206;57;61m▀[0m[38;2;206;57;61m[48;2;167;51;54m▀[0m[38;2;206;57;61m[48;2;214;49;52m▀[0m[38;2;239;232;24m[48;2;206;57;61m▀[0m[38;2;200;127;44m[48;2;199;125;43m▀[0m[38;2;206;57;61m[48;2;206;57;61m▀[0m[38;2;206;57;61m[48;2;206;57;61m▀[0m[38;2;209;55;58m[48;2;66;65;66m▀[0m[38;2;209;55;58m[48;2;66;65;66m▀[0m[38;2;209;55;58m[48;2;66;65;66m▀[0m[38;2;209;55;58m[48;2;192;101;88m▀[0m[38;2;66;65;66m[48;2;206;57;61m▀[0m[38;2;255;248;247m[48;2;66;65;66m▀[0m[38;2;255;248;247m[48;2;66;65;66m▀[0m[38;2;255;248;247m[48;2;66;65;66m▀[0m[38;2;66;65;66m[48;2;255;248;247m▀[0m[38;2;66;65;66m[48;2;255;248;247m▀[0m[38;2;66;65;66m[48;2;189;120;99m▀[0m[38;2;0;0;0m[48;2;66;65;66m▀[0m[38;2;0;0;0m▄  
 [38;2;0;0;0m▀[38;2;255;249;248m[48;2;0;0;0m▀[0m[38;2;255;248;247m[48;2;66;65;66m▀[0m[38;2;66;65;66m[48;2;66;65;66m▀[0m[38;2;254;233;231m[48;2;239;232;24m▀[0m[38;2;254;233;231m[48;2;252;238;194m▀[0m[38;2;66;65;66m[48;2;255;239;238m▀[0m[38;2;66;65;66m[48;2;255;239;238m▀[0m[38;2;74;57;65m[48;2;255;248;247m▀[0m[38;2;214;49;52m[48;2;66;65;66m▀[0m[38;2;206;57;61m[48;2;192;101;88m▀[0m[38;2;206;57;61m[48;2;66;65;66m▀[0m[38;2;206;57;61m[48;2;66;65;66m▀[0m[38;2;66;65;66m[48;2;255;249;248m▀[0m[38;2;255;248;247m[48;2;255;249;248m▀[0m[38;2;255;248;247m[48;2;230;209;207m▀[0m[38;2;250;229;227m[48;2;255;248;247m▀[0m[38;2;66;65;66m[48;2;255;248;247m▀[0m[38;2;66;65;66m[48;2;239;218;216m▀[0m[38;2;206;57;61m[48;2;118;115;90m▀[0m[38;2;66;65;66m[48;2;101;92;81m▀[0m[38;2;255;248;247m[48;2;101;92;81m▀[0m[38;2;255;248;247m[48;2;255;248;247m▀[0m[38;2;255;248;247m[48;2;66;65;66m▀[0m[38;2;255;234;232m[48;2;250;229;227m▀[0m[38;2;189;120;99m[48;2;198;41;45m▀[0m[38;2;0;0;0m[48;2;0;0;0m▀[0m  
  [38;2;0;0;0m[48;2;0;0;0m▀[0m[38;2;226;205;203m[48;2;227;206;204m▀[0m[38;2;226;205;203m[48;2;227;206;204m▀[0m[38;2;73;59;52m[48;2;60;59;38m▀[0m[38;2;239;232;24m[48;2;60;59;38m▀[0m[38;2;255;239;238m[48;2;66;65;57m▀[0m[38;2;252;238;194m[48;2;239;232;16m▀[0m[38;2;255;248;247m[48;2;239;232;24m▀[0m[38;2;255;248;247m[48;2;176;155;153m▀[0m[38;2;66;65;66m[48;2;226;205;203m▀[0m[38;2;250;229;227m[48;2;66;65;66m▀[0m[38;2;255;249;248m[48;2;226;205;203m▀[0m[38;2;230;209;207m[48;2;226;205;203m▀[0m[38;2;230;209;207m[48;2;228;207;205m▀[0m[38;2;230;209;207m[48;2;228;207;205m▀[0m[38;2;66;65;66m[48;2;226;205;203m▀[0m[38;2;255;248;247m[48;2;66;65;66m▀[0m[38;2;239;218;216m[48;2;226;205;203m▀[0m[38;2;194;180;3m[48;2;66;65;66m▀[0m[38;2;239;232;24m[48;2;239;232;24m▀[0m[38;2;101;92;81m[48;2;239;232;24m▀[0m[38;2;66;65;66m[48;2;228;207;205m▀[0m[38;2;255;248;247m[48;2;228;207;205m▀[0m[38;2;250;229;227m[48;2;230;209;207m▀[0m[38;2;198;41;45m[48;2;0;0;0m▀[0m[38;2;0;0;0m▀  
   [38;2;0;0;0m▀[38;2;0;0;0m▀[38;2;41;19;8m▀[38;2;216;212;49m[48;2;0;0;0m▀[0m[38;2;177;175;64m[48;2;0;0;0m▀[0m[38;2;66;65;57m[48;2;216;203;13m▀[0m[38;2;176;155;153m[48;2;132;124;88m▀[0m[38;2;176;155;153m[48;2;132;124;88m▀[0m[38;2;66;65;66m[48;2;0;0;0m▀[0m[38;2;226;205;203m[48;2;0;0;0m▀[0m[38;2;66;65;66m[48;2;239;232;24m▀[0m[38;2;226;205;203m[48;2;63;60;24m▀[0m[38;2;228;207;205m[48;2;90;87;74m▀[0m[38;2;228;207;205m[48;2;90;87;74m▀[0m[38;2;66;65;66m[48;2;230;209;207m▀[0m[38;2;226;205;203m[48;2;230;209;207m▀[0m[38;2;66;65;66m[48;2;239;232;24m▀[0m[38;2;66;65;66m[48;2;66;65;66m▀[0m[38;2;228;207;205m[48;2;66;65;66m▀[0m[38;2;228;207;205m[48;2;66;65;66m▀[0m[38;2;228;207;205m[48;2;0;0;0m▀[0m[38;2;228;207;205m[48;2;0;0;0m▀[0m[38;2;0;0;0m▀    
        [38;2;0;0;0m▀[38;2;0;0;0m▀[38;2;0;0;0m▀ [38;2;0;0;0m▄[38;2;24;14;8m[48;2;174;153;151m▀[0m[38;2;222;215;36m[48;2;101;97;96m▀[0m[38;2;239;232;24m[48;2;66;65;66m▀[0m[38;2;173;152;150m[48;2;66;65;66m▀[0m[38;2;216;203;13m[48;2;90;87;74m▀[0m[38;2;216;203;13m[48;2;239;232;24m▀[0m[38;2;215;203;3m[48;2;74;69;65m▀[0m[38;2;66;65;66m[48;2;226;205;203m▀[0m[38;2;186;27;33m[48;2;242;221;219m▀[0m[38;2;186;27;33m[48;2;181;33;36m▀[0m[38;2;216;204;15m[48;2;184;33;34m▀[0m[38;2;216;204;15m[48;2;184;33;34m▀[0m[38;2;0;0;0m[48;2;184;33;34m▀[0m[38;2;0;0;0m[48;2;184;33;34m▀[0m[38;2;0;0;0m▄  
           [38;2;0;0;0m▀[38;2;230;209;207m[48;2;0;0;0m▀[0m[38;2;210;207;10m[48;2;0;0;0m▀[0m[38;2;210;207;10m[48;2;0;0;0m▀[0m[38;2;66;65;66m[48;2;0;0;0m▀[0m[38;2;226;205;203m[48;2;216;203;13m▀[0m[38;2;173;152;150m[48;2;231;221;74m▀[0m[38;2;90;87;74m[48;2;115;111;49m▀[0m[38;2;226;205;203m[48;2;0;0;0m▀[0m[38;2;255;241;239m[48;2;239;232;24m▀[0m[38;2;242;221;219m[48;2;239;232;24m▀[0m[38;2;242;221;219m[48;2;255;245;244m▀[0m[38;2;230;209;207m[48;2;255;249;248m▀[0m[38;2;184;33;34m[48;2;255;249;248m▀[0m[38;2;230;209;207m[48;2;0;0;0m▀[0m[38;2;230;209;207m[48;2;0;0;0m▀[0m[38;2;181;33;36m[48;2;230;209;207m▀[0m[38;2;0;0;0m[48;2;0;0;0m▀[0m 
                [38;2;0;0;0m▀[38;2;24;8;0m▀[38;2;24;8;0m▀ [38;2;0;0;0m▀[38;2;239;232;24m[48;2;0;0;0m▀[0m[38;2;239;232;24m[48;2;0;0;0m▀[0m[38;2;255;249;248m[48;2;0;0;0m▀[0m[38;2;0;0;0m▀  [38;2;0;0;0m▀  
                                     [0m                                     