  [38;2;0;0;0m▄[38;2;0;0;0m[48;2;206;149;64m▀[0m[38;2;0;0;0m[48;2;206;149;64m▀[0m[38;2;0;0;0m▄[38;2;0;0;0m▄[38;2;0;0;0m▄[38;2;0;0;0m▄          [38;2;0;0;0m▄[38;2;0;0;0m▄[38;2;0;0;0m[48;2;206;149;64m▀[0m[38;2;0;0;0m[48;2;206;149;64m▀[0m[38;2;0;0;0m▄    
 [38;2;0;0;0m▄[38;2;0;0;0m[48;2;159;105;33m▀[0m[38;2;65;65;65m[48;2;159;105;33m▀[0m[38;2;206;149;64m[48;2;65;65;65m▀[0m[38;2;206;149;64m[48;2;65;65;65m▀[0m[38;2;131;81;16m[48;2;131;81;16m▀[0m[38;2;159;105;33m[48;2;131;81;16m▀[0m[38;2;159;105;33m[48;2;159;105;33m▀[0m[38;2;0;0;0m[48;2;159;105;33m▀[0m[38;2;0;0;0m▄      [38;2;0;0;0m▄[38;2;0;0;0m[48;2;206;149;64m▀[0m[38;2;65;65;65m[48;2;65;65;65m▀[0m[38;2;206;149;64m[48;2;131;81;16m▀[0m[38;2;206;149;64m[48;2;131;81;16m▀[0m[38;2;131;81;16m[48;2;65;65;65m▀[0m[38;2;65;65;65m[48;2;206;149;64m▀[0m[38;2;0;0;0m[48;2;206;149;64m▀[0m[38;2;0;0;0m▄  
 [38;2;0;0;0m▀[38;2;0;0;0m▀[38;2;0;0;0m[48;2;0;0;0m▀[0m[38;2;159;105;33m[48;2;65;65;65m▀[0m[38;2;131;81;16m[48;2;206;149;64m▀[0m[38;2;206;149;64m[48;2;206;149;64m▀[0m[38;2;206;149;64m[48;2;65;65;65m▀[0m[38;2;131;81;16m[48;2;131;81;16m▀[0m[38;2;159;105;33m[48;2;159;105;33m▀[0m[38;2;0;0;0m[48;2;159;105;33m▀[0m[38;2;0;0;0m▄[38;2;0;0;0m[48;2;206;149;64m▀[0m[38;2;0;0;0m[48;2;206;149;64m▀[0m[38;2;0;0;0m[48;2;206;149;64m▀[0m[38;2;0;0;0m▄[38;2;0;0;0m▄[38;2;0;0;0m[48;2;65;65;65m▀[0m[38;2;206;149;64m[48;2;65;65;65m▀[0m[38;2;206;149;64m[48;2;206;149;64m▀[0m[38;2;65;65;65m[48;2;131;81;16m▀[0m[38;2;65;65;65m[48;2;206;149;64m▀[0m[38;2;206;149;64m[48;2;65;65;65m▀[0m[38;2;206;149;64m[48;2;65;65;65m▀[0m[38;2;65;65;65m[48;2;206;149;64m▀[0m[38;2;0;0;0m[48;2;206;149;64m▀[0m[38;2;0;0;0m▄ 
    [38;2;0;0;0m▀[38;2;0;0;0m▀[38;2;65;65;65m[48;2;0;0;0m▀[0m[38;2;131;81;16m[48;2;159;105;33m▀[0m[38;2;159;105;33m[48;2;65;65;65m▀[0m[38;2;159;105;33m[48;2;131;81;16m▀[0m[38;2;131;81;16m[48;2;206;149;64m▀[0m[38;2;206;149;64m[48;2;206;149;64m▀[0m[38;2;206;149;64m[48;2;206;149;64m▀[0m[38;2;206;149;64m[48;2;159;105;33m▀[0m[38;2;159;105;33m[48;2;206;149;64m▀[0m[38;2;159;105;33m[48;2;206;149;64m▀[0m[38;2;206;149;64m[48;2;159;105;33m▀[0m[38;2;131;81;16m[48;2;206;149;64m▀[0m[38;2;65;65;65m[48;2;0;0;0m▀[0m[38;2;0;0;0m▀[38;2;206;149;64m[48;2;0;0;0m▀[0m[38;2;206;149;64m[48;2;159;105;33m▀[0m[38;2;206;149;64m[48;2;206;149;64m▀[0m[38;2;206;149;64m[48;2;206;149;64m▀[0m[38;2;206;149;64m[48;2;159;105;33m▀[0m[38;2;159;105;33m[48;2;206;149;64m▀[0m[38;2;0;0;0m[48;2;0;0;0m▀[0m 
      [38;2;0;0;0m▄[38;2;0;0;0m[48;2;65;65;65m▀[0m[38;2;206;149;64m[48;2;206;149;64m▀[0m[38;2;65;65;65m[48;2;65;65;65m▀[0m[38;2;206;149;64m[48;2;65;65;65m▀[0m[38;2;65;65;65m[48;2;206;149;64m▀[0m[38;2;65;65;65m[48;2;65;65;65m▀[0m[38;2;206;149;64m[48;2;65;65;65m▀[0m[38;2;65;65;65m[48;2;206;149;64m▀[0m[38;2;65;65;65m[48;2;65;65;65m▀[0m[38;2;206;149;64m[48;2;206;149;64m▀[0m[38;2;206;149;64m[48;2;206;149;64m▀[0m[38;2;206;149;64m[48;2;206;149;64m▀[0m[38;2;0;0;0m[48;2;159;105;33m▀[0m[38;2;0;0;0m[48;2;65;65;65m▀[0m[38;2;206;149;64m[48;2;206;149;64m▀[0m[38;2;159;105;33m[48;2;159;105;33m▀[0m[38;2;206;149;64m[48;2;206;149;64m▀[0m[38;2;159;105;33m[48;2;206;149;64m▀[0m[38;2;0;0;0m[48;2;0;0;0m▀[0m  
     [38;2;0;0;0m▄[38;2;0;0;0m[48;2;206;149;64m▀[0m[38;2;255;255;255m[48;2;255;255;255m▀[0m[38;2;159;105;33m[48;2;0;0;0m▀[0m[38;2;206;149;64m[48;2;206;149;64m▀[0m[38;2;206;149;64m[48;2;159;105;33m▀[0m[38;2;206;149;64m[48;2;206;149;64m▀[0m[38;2;159;105;33m[48;2;206;149;64m▀[0m[38;2;206;149;64m[48;2;206;149;64m▀[0m[38;2;206;149;64m[48;2;206;149;64m▀[0m[38;2;65;65;65m[48;2;206;149;64m▀[0m[38;2;65;65;65m[48;2;206;149;64m▀[0m[38;2;65;65;65m[48;2;65;65;65m▀[0m[38;2;206;149;64m[48;2;206;149;64m▀[0m[38;2;65;65;65m[48;2;206;149;64m▀[0m[38;2;159;105;33m[48;2;206;149;64m▀[0m[38;2;159;105;33m[48;2;206;149;64m▀[0m[38;2;206;149;64m[48;2;206;149;64m▀[0m[38;2;206;149;64m[48;2;0;0;0m▀[0m[38;2;0;0;0m▀   
     [38;2;0;0;0m▀[38;2;206;149;64m[48;2;0;0;0m▀[0m[38;2;159;105;33m[48;2;206;149;64m▀[0m[38;2;159;105;33m[48;2;206;149;64m▀[0m[38;2;206;149;64m[48;2;206;149;64m▀[0m[38;2;131;81;16m[48;2;131;81;16m▀[0m[38;2;206;149;64m[48;2;131;81;16m▀[0m[38;2;65;65;65m[48;2;255;255;255m▀[0m[38;2;0;0;0m[48;2;65;65;65m▀[0m[38;2;255;255;255m[48;2;255;255;255m▀[0m[38;2;131;81;16m[48;2;131;81;16m▀[0m[38;2;65;65;65m[48;2;159;105;33m▀[0m[38;2;206;149;64m[48;2;206;149;64m▀[0m[38;2;206;149;64m[48;2;131;81;16m▀[0m[38;2;131;81;16m[48;2;159;105;33m▀[0m[38;2;206;149;64m[48;2;65;65;65m▀[0m[38;2;65;65;65m[48;2;159;105;33m▀[0m[38;2;65;65;65m[48;2;0;0;0m▀[0m[38;2;0;0;0m▀    
     [38;2;0;0;0m[48;2;0;0;0m▀[0m[38;2;65;65;65m[48;2;159;105;33m▀[0m[38;2;65;65;65m[48;2;65;65;65m▀[0m[38;2;206;149;64m[48;2;65;65;65m▀[0m[38;2;206;149;64m[48;2;65;65;65m▀[0m[38;2;206;149;64m[48;2;65;65;65m▀[0m[38;2;206;149;64m[48;2;65;65;65m▀[0m[38;2;206;149;64m[48;2;206;149;64m▀[0m[38;2;206;149;64m[48;2;206;149;64m▀[0m[38;2;206;149;64m[48;2;65;65;65m▀[0m[38;2;159;105;33m[48;2;65;65;65m▀[0m[38;2;65;65;65m[48;2;131;81;16m▀[0m[38;2;159;105;33m[48;2;159;105;33m▀[0m[38;2;131;81;16m[48;2;159;105;33m▀[0m[38;2;159;105;33m[48;2;131;81;16m▀[0m[38;2;131;81;16m[48;2;159;105;33m▀[0m[38;2;159;105;33m[48;2;0;0;0m▀[0m[38;2;0;0;0m▀     
      [38;2;0;0;0m[48;2;0;0;0m▀[0m[38;2;206;149;64m[48;2;131;81;16m▀[0m[38;2;206;149;64m[48;2;131;81;16m▀[0m[38;2;65;65;65m[48;2;65;65;65m▀[0m[38;2;159;105;33m[48;2;159;105;33m▀[0m[38;2;159;105;33m[48;2;65;65;65m▀[0m[38;2;65;65;65m[48;2;206;149;64m▀[0m[38;2;65;65;65m[48;2;206;149;64m▀[0m[38;2;65;65;65m[48;2;206;149;64m▀[0m[38;2;206;149;64m[48;2;131;81;16m▀[0m[38;2;159;105;33m[48;2;159;105;33m▀[0m[38;2;159;105;33m[48;2;159;105;33m▀[0m[38;2;65;65;65m[48;2;65;65;65m▀[0m[38;2;159;105;33m[48;2;159;105;33m▀[0m[38;2;0;0;0m[48;2;0;0;0m▀[0m       
       [38;2;0;0;0m▀[38;2;206;149;64m[48;2;0;0;0m▀[0m[38;2;206;149;64m[48;2;0;0;0m▀[0m[38;2;65;65;65m[48;2;131;81;16m▀[0m[38;2;65;65;65m[48;2;131;81;16m▀[0m[38;2;131;81;16m[48;2;0;0;0m▀[0m[38;2;131;81;16m[48;2;206;149;64m▀[0m[38;2;131;81;16m[48;2;206;149;64m▀[0m[38;2;206;149;64m[48;2;65;65;65m▀[0m[38;2;159;105;33m[48;2;65;65;65m▀[0m[38;2;65;65;65m[48;2;65;65;65m▀[0m[38;2;159;105;33m[48;2;65;65;65m▀[0m[38;2;65;65;65m[48;2;65;65;65m▀[0m[38;2;131;81;16m[48;2;131;81;16m▀[0m[38;2;0;0;0m[48;2;0;0;0m▀[0m      
          [38;2;0;0;0m▀[38;2;0;0;0m▀ [38;2;0;0;0m▀[38;2;0;0;0m▀[38;2;0;0;0m▀[38;2;131;81;16m[48;2;0;0;0m▀[0m[38;2;65;65;65m[48;2;0;0;0m▀[0m[38;2;131;81;16m[48;2;0;0;0m▀[0m[38;2;65;65;65m[48;2;0;0;0m▀[0m[38;2;0;0;0m▀       
                                     [0m                                     