         [38;2;0;0;0m▄[38;2;0;0;0m[48;2;71;80;84m▀[0m[38;2;0;0;0m▄ [38;2;0;0;0m▄[38;2;0;0;0m[48;2;71;80;84m▀[0m[38;2;0;0;0m[48;2;0;0;0m▀[0m   [38;2;0;0;0m▄[38;2;0;0;0m[48;2;71;80;84m▀[0m[38;2;0;0;0m[48;2;0;0;0m▀[0m          
  [38;2;0;0;0m▄[38;2;0;0;0m▄    [38;2;0;0;0m▄[38;2;0;0;0m[48;2;71;80;84m▀[0m[38;2;71;80;84m[48;2;71;80;84m▀[0m[38;2;82;181;206m[48;2;82;181;206m▀[0m[38;2;0;0;0m[48;2;45;54;58m▀[0m[38;2;71;80;84m[48;2;71;80;84m▀[0m[38;2;71;80;84m[48;2;71;80;84m▀[0m[38;2;0;0;0m[48;2;82;181;206m▀[0m[38;2;0;0;0m[48;2;82;181;206m▀[0m[38;2;65;65;65m▄[38;2;0;0;0m[48;2;71;80;84m▀[0m[38;2;71;80;84m[48;2;71;80;84m▀[0m[38;2;71;80;84m[48;2;0;0;0m▀[0m[38;2;0;0;0m▀          
 [38;2;0;0;0m[48;2;0;0;0m▀[0m[38;2;180;41;42m[48;2;180;41;42m▀[0m[38;2;180;41;42m[48;2;180;41;42m▀[0m[38;2;0;0;0m[48;2;180;41;42m▀[0m[38;2;0;0;0m▄[38;2;0;0;0m▄[38;2;0;0;0m▄[38;2;0;0;0m[48;2;163;168;170m▀[0m[38;2;71;80;84m[48;2;71;80;84m▀[0m[38;2;82;181;206m[48;2;82;181;206m▀[0m[38;2;45;54;58m[48;2;45;54;58m▀[0m[38;2;71;80;84m[48;2;71;80;84m▀[0m[38;2;71;80;84m[48;2;82;181;206m▀[0m[38;2;82;181;206m[48;2;82;181;206m▀[0m[38;2;82;181;206m[48;2;71;80;84m▀[0m[38;2;65;65;65m[48;2;65;65;65m▀[0m[38;2;71;80;84m[48;2;71;80;84m▀[0m[38;2;71;80;84m[48;2;71;80;84m▀[0m[38;2;71;80;84m[48;2;0;0;0m▀[0m[38;2;0;0;0m▀           
  [38;2;0;0;0m▀[38;2;0;0;0m▀[38;2;180;41;42m[48;2;0;0;0m▀[0m[38;2;180;41;42m[48;2;0;0;0m▀[0m[38;2;180;41;42m[48;2;0;0;0m▀[0m[38;2;65;65;65m[48;2;180;41;42m▀[0m[38;2;255;255;255m[48;2;65;65;65m▀[0m[38;2;71;80;84m[48;2;71;80;84m▀[0m[38;2;45;54;58m[48;2;45;54;58m▀[0m[38;2;71;80;84m[48;2;71;80;84m▀[0m[38;2;71;80;84m[48;2;45;54;58m▀[0m[38;2;71;80;84m[48;2;255;255;255m▀[0m[38;2;163;168;170m[48;2;163;168;170m▀[0m[38;2;71;80;84m[48;2;45;54;58m▀[0m[38;2;71;80;84m[48;2;45;54;58m▀[0m[38;2;65;65;65m[48;2;45;54;58m▀[0m[38;2;71;80;84m[48;2;71;80;84m▀[0m[38;2;180;41;42m[48;2;180;41;42m▀[0m[38;2;0;0;0m[48;2;0;0;0m▀[0m           
       [38;2;0;0;0m[48;2;0;0;0m▀[0m[38;2;65;65;65m[48;2;230;68;69m▀[0m[38;2;45;54;58m[48;2;45;54;58m▀[0m[38;2;45;54;58m[48;2;45;54;58m▀[0m[38;2;45;54;58m[48;2;71;80;84m▀[0m[38;2;71;80;84m[48;2;71;80;84m▀[0m[38;2;255;255;255m[48;2;45;54;58m▀[0m[38;2;45;54;58m[48;2;255;255;255m▀[0m[38;2;0;0;0m[48;2;230;68;69m▀[0m[38;2;255;255;255m[48;2;255;255;255m▀[0m[38;2;109;118;122m[48;2;109;118;122m▀[0m[38;2;71;80;84m[48;2;180;41;42m▀[0m[38;2;180;41;42m[48;2;180;41;42m▀[0m[38;2;180;41;42m[48;2;180;41;42m▀[0m[38;2;0;0;0m[48;2;0;0;0m▀[0m          
       [38;2;0;0;0m▀[38;2;230;68;69m[48;2;0;0;0m▀[0m[38;2;45;54;58m[48;2;230;68;69m▀[0m[38;2;71;80;84m[48;2;45;54;58m▀[0m[38;2;71;80;84m[48;2;71;80;84m▀[0m[38;2;71;80;84m[48;2;45;54;58m▀[0m[38;2;45;54;58m[48;2;71;80;84m▀[0m[38;2;109;118;122m[48;2;71;80;84m▀[0m[38;2;255;255;255m[48;2;180;41;42m▀[0m[38;2;109;118;122m[48;2;180;41;42m▀[0m[38;2;180;41;42m[48;2;230;68;69m▀[0m[38;2;180;41;42m[48;2;180;41;42m▀[0m[38;2;230;68;69m[48;2;230;68;69m▀[0m[38;2;65;65;65m[48;2;65;65;65m▀[0m[38;2;71;80;84m[48;2;71;80;84m▀[0m[38;2;0;0;0m[48;2;255;255;255m▀[0m[38;2;0;0;0m[48;2;255;255;255m▀[0m[38;2;0;0;0m▄  [38;2;0;0;0m▄[38;2;0;0;0m▄   
        [38;2;0;0;0m▀[38;2;180;41;42m[48;2;0;0;0m▀[0m[38;2;230;68;69m[48;2;0;0;0m▀[0m[38;2;45;54;58m[48;2;230;68;69m▀[0m[38;2;180;41;42m[48;2;230;68;69m▀[0m[38;2;180;41;42m[48;2;230;68;69m▀[0m[38;2;180;41;42m[48;2;230;68;69m▀[0m[38;2;230;68;69m[48;2;180;41;42m▀[0m[38;2;230;68;69m[48;2;180;41;42m▀[0m[38;2;180;41;42m[48;2;230;68;69m▀[0m[38;2;230;68;69m[48;2;65;65;65m▀[0m[38;2;65;65;65m[48;2;71;80;84m▀[0m[38;2;45;54;58m[48;2;0;0;0m▀[0m[38;2;0;0;0m▀[38;2;0;0;0m▀[38;2;71;80;84m[48;2;0;0;0m▀[0m[38;2;71;80;84m[48;2;71;80;84m▀[0m[38;2;0;0;0m[48;2;71;80;84m▀[0m[38;2;0;0;0m[48;2;45;54;58m▀[0m[38;2;71;80;84m[48;2;216;225;229m▀[0m[38;2;71;80;84m[48;2;216;225;229m▀[0m[38;2;0;0;0m[48;2;45;54;58m▀[0m[38;2;0;0;0m▄ 
         [38;2;0;0;0m▄[38;2;0;0;0m[48;2;0;0;0m▀[0m[38;2;65;65;65m[48;2;71;80;84m▀[0m[38;2;65;65;65m[48;2;45;54;58m▀[0m[38;2;180;41;42m[48;2;65;65;65m▀[0m[38;2;180;41;42m[48;2;65;65;65m▀[0m[38;2;180;41;42m[48;2;65;65;65m▀[0m[38;2;65;65;65m[48;2;45;54;58m▀[0m[38;2;65;65;65m[48;2;45;54;58m▀[0m[38;2;71;80;84m[48;2;45;54;58m▀[0m[38;2;71;80;84m[48;2;71;80;84m▀[0m[38;2;71;80;84m[48;2;255;255;255m▀[0m[38;2;0;0;0m[48;2;0;0;0m▀[0m  [38;2;0;0;0m▀[38;2;0;0;0m▀[38;2;71;80;84m[48;2;0;0;0m▀[0m[38;2;71;80;84m[48;2;0;0;0m▀[0m[38;2;0;0;0m▀[38;2;0;0;0m▀  
       [38;2;0;0;0m▄[38;2;0;0;0m[48;2;255;255;255m▀[0m[38;2;255;255;255m[48;2;255;255;255m▀[0m[38;2;255;255;255m[48;2;65;65;65m▀[0m[38;2;65;65;65m[48;2;0;0;0m▀[0m[38;2;65;65;65m[48;2;45;54;58m▀[0m[38;2;45;54;58m[48;2;45;54;58m▀[0m[38;2;45;54;58m[48;2;0;0;0m▀[0m[38;2;45;54;58m[48;2;0;0;0m▀[0m[38;2;0;0;0m▀[38;2;0;0;0m▀[38;2;0;0;0m▀[38;2;255;255;255m[48;2;0;0;0m▀[0m[38;2;255;255;255m[48;2;255;255;255m▀[0m[38;2;255;255;255m[48;2;45;54;58m▀[0m[38;2;0;0;0m[48;2;65;65;65m▀[0m[38;2;0;0;0m▄        
  [38;2;0;0;0m▄[38;2;0;0;0m[48;2;71;80;84m▀[0m[38;2;0;0;0m[48;2;71;80;84m▀[0m[38;2;0;0;0m[48;2;162;171;175m▀[0m[38;2;0;0;0m[48;2;45;54;58m▀[0m[38;2;71;80;84m[48;2;71;80;84m▀[0m[38;2;71;80;84m[48;2;45;54;58m▀[0m[38;2;0;0;0m[48;2;0;0;0m▀[0m[38;2;0;0;0m▀ [38;2;0;0;0m▀[38;2;0;0;0m▀[38;2;0;0;0m▀   [38;2;0;0;0m▀[38;2;71;80;84m[48;2;0;0;0m▀[0m[38;2;45;54;58m[48;2;0;0;0m▀[0m[38;2;0;0;0m▀[38;2;71;80;84m[48;2;0;0;0m▀[0m[38;2;71;80;84m[48;2;0;0;0m▀[0m[38;2;0;0;0m▀       
   [38;2;0;0;0m▀[38;2;0;0;0m▀[38;2;71;80;84m[48;2;0;0;0m▀[0m[38;2;71;80;84m[48;2;0;0;0m▀[0m[38;2;0;0;0m▀[38;2;216;225;229m[48;2;0;0;0m▀[0m[38;2;71;80;84m[48;2;0;0;0m▀[0m[38;2;0;0;0m▀                     
                                     [0m                                     