      [38;2;0;0;0m▄[38;2;0;0;0m[48;2;187;173;94m▀[0m[38;2;0;0;0m▄ [38;2;0;0;0m▄[38;2;0;0;0m▄[38;2;0;0;0m[48;2;227;255;116m▀[0m[38;2;0;0;0m▄       
     [38;2;0;0;0m▄[38;2;0;0;0m[48;2;108;44;49m▀[0m[38;2;187;173;94m[48;2;190;178;89m▀[0m[38;2;187;173;94m[48;2;190;178;89m▀[0m[38;2;0;0;0m[48;2;66;65;66m▀[0m[38;2;187;173;94m[48;2;227;255;116m▀[0m[38;2;227;255;116m[48;2;240;255;116m▀[0m[38;2;227;255;116m[48;2;0;0;16m▀[0m[38;2;0;0;0m▀       
     [38;2;0;0;0m▀[38;2;174;110;115m[48;2;0;0;0m▀[0m[38;2;66;65;66m[48;2;66;65;66m▀[0m[38;2;190;178;89m[48;2;227;255;116m▀[0m[38;2;227;255;116m[48;2;227;255;116m▀[0m[38;2;227;255;116m[48;2;66;65;66m▀[0m[38;2;73;82;51m[48;2;175;111;116m▀[0m[38;2;73;82;51m[48;2;175;111;116m▀[0m[38;2;0;0;0m[48;2;108;44;49m▀[0m[38;2;0;0;0m▄      
    [38;2;0;0;0m▄[38;2;0;0;0m[48;2;227;255;116m▀[0m[38;2;0;0;0m[48;2;227;255;116m▀[0m[38;2;227;255;116m[48;2;227;255;116m▀[0m[38;2;227;255;116m[48;2;227;255;116m▀[0m[38;2;227;255;116m[48;2;231;255;114m▀[0m[38;2;227;255;116m[48;2;231;255;114m▀[0m[38;2;66;65;66m[48;2;231;255;114m▀[0m[38;2;175;111;116m[48;2;231;255;114m▀[0m[38;2;174;110;115m[48;2;0;0;0m▀[0m[38;2;0;0;0m▀      
 [38;2;0;0;0m▄[38;2;0;0;0m[48;2;158;94;99m▀[0m[38;2;0;0;0m[48;2;66;65;66m▀[0m[38;2;187;173;94m[48;2;255;250;166m▀[0m[38;2;191;186;88m[48;2;255;250;166m▀[0m[38;2;227;255;116m[48;2;187;178;89m▀[0m[38;2;191;186;88m[48;2;255;250;166m▀[0m[38;2;227;255;116m[48;2;187;178;89m▀[0m[38;2;231;255;114m[48;2;187;178;89m▀[0m[38;2;231;255;114m[48;2;187;178;89m▀[0m[38;2;231;255;114m[48;2;227;255;116m▀[0m[38;2;231;255;114m[48;2;227;255;116m▀[0m[38;2;227;255;116m[48;2;231;255;114m▀[0m[38;2;0;0;0m[48;2;231;255;114m▀[0m[38;2;0;0;0m▄     
 [38;2;0;0;0m[48;2;0;0;0m▀[0m[38;2;120;56;61m[48;2;151;87;92m▀[0m[38;2;255;250;166m[48;2;255;255;255m▀[0m[38;2;66;65;66m[48;2;66;65;66m▀[0m[38;2;255;250;166m[48;2;255;250;166m▀[0m[38;2;255;250;166m[48;2;255;250;166m▀[0m[38;2;255;250;166m[48;2;255;252;208m▀[0m[38;2;187;178;89m[48;2;255;252;208m▀[0m[38;2;255;250;166m[48;2;66;65;66m▀[0m[38;2;255;250;166m[48;2;255;247;189m▀[0m[38;2;191;186;88m[48;2;255;250;166m▀[0m[38;2;227;255;116m[48;2;187;178;89m▀[0m[38;2;231;255;114m[48;2;231;255;108m▀[0m[38;2;231;255;114m[48;2;140;76;81m▀[0m[38;2;0;0;0m[48;2;158;94;99m▀[0m[38;2;0;0;0m▄    
  [38;2;0;0;0m[48;2;0;0;0m▀[0m[38;2;255;255;255m[48;2;255;166;73m▀[0m[38;2;66;65;66m[48;2;255;166;73m▀[0m[38;2;255;127;60m[48;2;255;131;52m▀[0m[38;2;255;127;60m[48;2;255;131;52m▀[0m[38;2;255;252;208m[48;2;255;166;73m▀[0m[38;2;66;65;66m[48;2;66;65;66m▀[0m[38;2;66;65;66m[48;2;255;255;255m▀[0m[38;2;255;247;189m[48;2;255;250;161m▀[0m[38;2;255;250;166m[48;2;255;250;166m▀[0m[38;2;187;178;89m[48;2;187;178;89m▀[0m[38;2;195;179;91m[48;2;129;65;70m▀[0m[38;2;140;76;81m[48;2;151;87;92m▀[0m[38;2;120;56;61m[48;2;151;87;92m▀[0m[38;2;0;0;0m[48;2;0;0;0m▀[0m    
   [38;2;0;0;0m▀[38;2;255;166;73m[48;2;0;0;0m▀[0m[38;2;255;131;52m[48;2;255;131;66m▀[0m[38;2;165;87;48m[48;2;255;131;66m▀[0m[38;2;255;166;73m[48;2;190;178;89m▀[0m[38;2;255;166;73m[48;2;190;178;89m▀[0m[38;2;255;250;161m[48;2;190;178;89m▀[0m[38;2;255;250;161m[48;2;190;178;89m▀[0m[38;2;187;178;89m[48;2;195;189;96m▀[0m[38;2;187;178;89m[48;2;60;62;49m▀[0m[38;2;151;87;92m[48;2;0;0;0m▀[0m[38;2;151;87;92m[48;2;0;0;0m▀[0m[38;2;0;0;0m▀ [38;2;0;0;0m▄[38;2;0;0;0m▄  
     [38;2;0;8;16m▀[38;2;85;51;40m[48;2;0;0;0m▀[0m[38;2;66;65;66m[48;2;227;255;116m▀[0m[38;2;190;178;89m[48;2;191;186;88m▀[0m[38;2;190;178;89m[48;2;191;186;88m▀[0m[38;2;66;65;66m[48;2;191;186;88m▀[0m[38;2;60;62;49m[48;2;191;186;88m▀[0m[38;2;8;4;16m[48;2;191;186;88m▀[0m[38;2;0;0;0m▄  [38;2;0;0;0m[48;2;0;0;0m▀[0m[38;2;120;56;61m[48;2;151;87;92m▀[0m[38;2;158;94;99m[48;2;151;87;92m▀[0m[38;2;0;0;0m[48;2;0;0;0m▀[0m 
    [38;2;0;0;0m▄[38;2;0;0;0m[48;2;189;63;12m▀[0m[38;2;227;255;116m[48;2;255;131;52m▀[0m[38;2;227;255;116m[48;2;168;181;77m▀[0m[38;2;227;255;116m[48;2;242;255;128m▀[0m[38;2;227;255;116m[48;2;66;65;66m▀[0m[38;2;191;186;88m[48;2;231;170;99m▀[0m[38;2;191;186;88m[48;2;66;65;66m▀[0m[38;2;227;255;116m[48;2;240;255;111m▀[0m[38;2;227;255;116m[48;2;240;255;116m▀[0m[38;2;0;0;0m[48;2;73;82;51m▀[0m[38;2;0;0;0m[48;2;130;66;71m▀[0m[38;2;131;67;72m[48;2;130;66;71m▀[0m[38;2;151;87;92m[48;2;131;67;72m▀[0m[38;2;129;65;70m[48;2;0;0;0m▀[0m[38;2;0;0;0m▀ 
    [38;2;0;0;0m▀[38;2;255;131;52m[48;2;0;0;0m▀[0m[38;2;255;131;52m[48;2;0;0;0m▀[0m[38;2;0;0;8m▀[38;2;80;89;43m[48;2;0;0;0m▀[0m[38;2;236;167;77m[48;2;255;122;54m▀[0m[38;2;236;167;77m[48;2;175;81;36m▀[0m[38;2;66;65;66m[48;2;0;0;0m▀[0m[38;2;187;197;89m[48;2;0;0;0m▀[0m[38;2;73;82;51m[48;2;0;0;0m▀[0m[38;2;0;0;16m▀[38;2;0;0;0m▀[38;2;0;0;0m▀[38;2;0;0;0m▀   
                        [38;2;0;0;0m▀[38;2;0;0;0m▀                          
                                     [0m                                     