    [38;2;0;0;0m▄[38;2;0;0;0m▄[38;2;0;0;0m[48;2;79;135;81m▀[0m[38;2;0;0;0m[48;2;79;135;81m▀[0m[38;2;0;0;0m[48;2;79;135;81m▀[0m[38;2;0;0;0m▄[38;2;0;0;0m▄             
   [38;2;0;0;0m[48;2;0;0;0m▀[0m[38;2;79;135;81m[48;2;79;135;81m▀[0m[38;2;65;65;65m[48;2;79;135;81m▀[0m[38;2;79;135;81m[48;2;79;135;81m▀[0m[38;2;79;135;81m[48;2;79;135;81m▀[0m[38;2;65;65;65m[48;2;79;135;81m▀[0m[38;2;79;135;81m[48;2;79;135;81m▀[0m[38;2;79;135;81m[48;2;65;65;65m▀[0m[38;2;0;0;0m[48;2;65;65;65m▀[0m[38;2;0;0;0m▄[38;2;0;0;0m▄[38;2;0;0;0m[48;2;85;166;93m▀[0m[38;2;0;0;0m[48;2;85;166;93m▀[0m[38;2;0;0;0m▄[38;2;0;0;0m▄      
  [38;2;0;0;0m[48;2;0;0;0m▀[0m[38;2;79;135;81m[48;2;79;135;81m▀[0m[38;2;79;135;81m[48;2;79;135;81m▀[0m[38;2;79;135;81m[48;2;79;135;81m▀[0m[38;2;79;135;81m[48;2;79;135;81m▀[0m[38;2;79;135;81m[48;2;65;65;65m▀[0m[38;2;65;65;65m[48;2;59;166;116m▀[0m[38;2;65;65;65m[48;2;59;166;116m▀[0m[38;2;59;166;116m[48;2;65;65;65m▀[0m[38;2;65;65;65m[48;2;85;166;93m▀[0m[38;2;85;166;93m[48;2;85;166;93m▀[0m[38;2;79;135;81m[48;2;85;166;93m▀[0m[38;2;85;166;93m[48;2;85;166;93m▀[0m[38;2;79;135;81m[48;2;85;166;93m▀[0m[38;2;85;166;93m[48;2;85;166;93m▀[0m[38;2;85;166;93m[48;2;79;135;81m▀[0m[38;2;0;0;0m[48;2;85;166;93m▀[0m[38;2;0;0;0m▄[38;2;0;0;0m▄[38;2;0;0;0m[48;2;126;230;172m▀[0m[38;2;0;0;0m▄ 
   [38;2;0;0;0m▀[38;2;79;135;81m[48;2;0;0;0m▀[0m[38;2;79;135;81m[48;2;65;65;65m▀[0m[38;2;65;65;65m[48;2;59;166;116m▀[0m[38;2;59;166;116m[48;2;59;166;116m▀[0m[38;2;59;166;116m[48;2;65;65;65m▀[0m[38;2;65;65;65m[48;2;138;239;184m▀[0m[38;2;65;65;65m[48;2;65;65;65m▀[0m[38;2;79;135;81m[48;2;85;166;93m▀[0m[38;2;85;166;93m[48;2;85;166;93m▀[0m[38;2;85;166;93m[48;2;85;166;93m▀[0m[38;2;85;166;93m[48;2;85;166;93m▀[0m[38;2;85;166;93m[48;2;85;166;93m▀[0m[38;2;85;166;93m[48;2;85;166;93m▀[0m[38;2;85;166;93m[48;2;85;166;93m▀[0m[38;2;85;166;93m[48;2;79;135;81m▀[0m[38;2;65;65;65m[48;2;65;65;65m▀[0m[38;2;78;136;109m[48;2;126;230;172m▀[0m[38;2;126;230;172m[48;2;78;136;109m▀[0m[38;2;0;0;0m[48;2;0;0;0m▀[0m 
    [38;2;0;0;0m▄[38;2;0;0;0m[48;2;59;166;116m▀[0m[38;2;59;166;116m[48;2;65;65;65m▀[0m[38;2;65;65;65m[48;2;138;239;184m▀[0m[38;2;138;239;184m[48;2;138;239;184m▀[0m[38;2;138;239;184m[48;2;65;65;65m▀[0m[38;2;65;65;65m[48;2;59;166;116m▀[0m[38;2;65;65;65m[48;2;65;65;65m▀[0m[38;2;85;166;93m[48;2;65;65;65m▀[0m[38;2;85;166;93m[48;2;65;65;65m▀[0m[38;2;65;65;65m[48;2;138;239;184m▀[0m[38;2;85;166;93m[48;2;65;65;65m▀[0m[38;2;85;166;93m[48;2;65;65;65m▀[0m[38;2;65;65;65m[48;2;78;136;109m▀[0m[38;2;65;65;65m[48;2;126;230;172m▀[0m[38;2;78;136;109m[48;2;126;230;172m▀[0m[38;2;126;230;172m[48;2;78;136;109m▀[0m[38;2;65;65;65m[48;2;0;0;0m▀[0m[38;2;0;0;0m▀ 
   [38;2;0;0;0m[48;2;0;0;0m▀[0m[38;2;65;65;65m[48;2;138;239;184m▀[0m[38;2;59;166;116m[48;2;65;65;65m▀[0m[38;2;65;65;65m[48;2;138;239;184m▀[0m[38;2;138;239;184m[48;2;69;176;126m▀[0m[38;2;138;239;184m[48;2;138;239;184m▀[0m[38;2;65;65;65m[48;2;138;239;184m▀[0m[38;2;65;65;65m[48;2;138;239;184m▀[0m[38;2;138;239;184m[48;2;138;239;184m▀[0m[38;2;138;239;184m[48;2;65;65;65m▀[0m[38;2;69;176;126m[48;2;65;65;65m▀[0m[38;2;138;239;184m[48;2;65;65;65m▀[0m[38;2;138;239;184m[48;2;138;239;184m▀[0m[38;2;138;239;184m[48;2;138;239;184m▀[0m[38;2;138;239;184m[48;2;138;239;184m▀[0m[38;2;78;136;109m[48;2;65;65;65m▀[0m[38;2;126;230;172m[48;2;65;65;65m▀[0m[38;2;65;65;65m[48;2;178;200;56m▀[0m[38;2;0;0;0m[48;2;0;0;0m▀[0m  
  [38;2;0;0;0m[48;2;0;0;0m▀[0m[38;2;138;239;184m[48;2;138;239;184m▀[0m[38;2;138;239;184m[48;2;138;239;184m▀[0m[38;2;138;239;184m[48;2;138;239;184m▀[0m[38;2;138;239;184m[48;2;138;239;184m▀[0m[38;2;138;239;184m[48;2;138;239;184m▀[0m[38;2;69;176;126m[48;2;65;65;65m▀[0m[38;2;138;239;184m[48;2;65;65;65m▀[0m[38;2;65;65;65m[48;2;188;224;80m▀[0m[38;2;65;65;65m[48;2;188;224;80m▀[0m[38;2;188;224;80m[48;2;188;224;80m▀[0m[38;2;188;224;80m[48;2;145;173;43m▀[0m[38;2;188;224;80m[48;2;145;173;43m▀[0m[38;2;65;65;65m[48;2;188;224;80m▀[0m[38;2;65;65;65m[48;2;188;224;80m▀[0m[38;2;65;65;65m[48;2;145;173;43m▀[0m[38;2;178;200;56m[48;2;178;200;56m▀[0m[38;2;178;200;56m[48;2;178;200;56m▀[0m[38;2;178;200;56m[48;2;178;200;56m▀[0m[38;2;0;0;0m[48;2;69;176;126m▀[0m[38;2;0;0;0m▄ 
 [38;2;0;0;0m[48;2;0;0;0m▀[0m[38;2;126;230;172m[48;2;126;230;172m▀[0m[38;2;0;0;0m[48;2;188;224;80m▀[0m[38;2;138;239;184m[48;2;65;65;65m▀[0m[38;2;138;239;184m[48;2;65;65;65m▀[0m[38;2;65;65;65m[48;2;188;224;80m▀[0m[38;2;0;0;0m[48;2;0;0;0m▀[0m[38;2;206;206;206m[48;2;255;255;255m▀[0m[38;2;69;176;126m[48;2;138;239;184m▀[0m[38;2;69;176;126m[48;2;138;239;184m▀[0m[38;2;188;224;80m[48;2;69;176;126m▀[0m[38;2;145;173;43m[48;2;188;224;80m▀[0m[38;2;188;224;80m[48;2;188;224;80m▀[0m[38;2;188;224;80m[48;2;188;224;80m▀[0m[38;2;145;173;43m[48;2;188;224;80m▀[0m[38;2;188;224;80m[48;2;0;0;0m▀[0m[38;2;0;0;0m▀[38;2;69;176;126m[48;2;0;0;0m▀[0m[38;2;69;176;126m[48;2;206;206;206m▀[0m[38;2;69;176;126m[48;2;206;206;206m▀[0m[38;2;69;176;126m[48;2;65;65;65m▀[0m[38;2;0;0;0m[48;2;0;0;0m▀[0m 
  [38;2;0;0;0m[48;2;0;0;0m▀[0m[38;2;188;224;80m[48;2;65;65;65m▀[0m[38;2;188;224;80m[48;2;178;200;56m▀[0m[38;2;117;142;41m[48;2;178;200;56m▀[0m[38;2;188;224;80m[48;2;117;142;41m▀[0m[38;2;188;224;80m[48;2;69;176;126m▀[0m[38;2;188;224;80m[48;2;126;230;172m▀[0m[38;2;138;239;184m[48;2;126;230;172m▀[0m[38;2;69;176;126m[48;2;0;0;0m▀[0m[38;2;65;65;65m[48;2;0;0;0m▀[0m[38;2;188;224;80m[48;2;65;65;65m▀[0m[38;2;188;224;80m[48;2;69;176;126m▀[0m[38;2;188;224;80m[48;2;126;230;172m▀[0m[38;2;69;176;126m[48;2;138;239;184m▀[0m[38;2;0;0;0m[48;2;0;0;0m▀[0m  [38;2;0;0;0m▀[38;2;0;0;0m▀[38;2;0;0;0m▀  
   [38;2;0;0;0m▀[38;2;0;0;0m▀[38;2;0;0;0m▀[38;2;126;230;172m[48;2;0;0;0m▀[0m[38;2;126;230;172m[48;2;0;0;0m▀[0m[38;2;0;0;0m▀[38;2;0;0;0m▀ [38;2;0;0;0m[48;2;0;0;0m▀[0m[38;2;138;239;184m[48;2;65;65;65m▀[0m[38;2;138;239;184m[48;2;255;255;255m▀[0m[38;2;138;239;184m[48;2;255;255;255m▀[0m[38;2;126;230;172m[48;2;0;0;0m▀[0m[38;2;0;0;0m▀       
                   [38;2;0;0;0m▀[38;2;0;0;0m▀[38;2;0;0;0m▀                 
                                     [0m                                     