    [38;2;0;0;0m▄[38;2;0;0;0m▄[38;2;0;0;0m[48;2;239;146;200m▀[0m[38;2;0;0;0m[48;2;239;146;200m▀[0m[38;2;0;0;0m[48;2;239;146;200m▀[0m[38;2;0;0;0m[48;2;239;146;200m▀[0m[38;2;0;0;0m▄           
  [38;2;0;0;0m▄[38;2;0;0;0m[48;2;239;146;200m▀[0m[38;2;239;146;200m[48;2;239;146;200m▀[0m[38;2;239;146;200m[48;2;239;146;200m▀[0m[38;2;239;146;200m[48;2;239;146;200m▀[0m[38;2;239;146;200m[48;2;239;146;200m▀[0m[38;2;239;146;200m[48;2;239;146;200m▀[0m[38;2;239;146;200m[48;2;239;146;200m▀[0m[38;2;239;146;200m[48;2;239;146;200m▀[0m[38;2;0;0;0m[48;2;239;146;200m▀[0m[38;2;0;0;0m▄         
 [38;2;0;0;0m▄[38;2;0;0;0m[48;2;184;91;145m▀[0m[38;2;184;91;145m[48;2;239;146;200m▀[0m[38;2;239;146;200m[48;2;184;91;145m▀[0m[38;2;184;91;145m[48;2;239;146;200m▀[0m[38;2;239;146;200m[48;2;239;146;200m▀[0m[38;2;239;146;200m[48;2;239;146;200m▀[0m[38;2;239;146;200m[48;2;239;146;200m▀[0m[38;2;239;146;200m[48;2;123;98;65m▀[0m[38;2;123;98;65m[48;2;156;131;82m▀[0m[38;2;123;98;65m[48;2;74;74;74m▀[0m[38;2;0;0;0m[48;2;156;131;82m▀[0m[38;2;0;0;0m▄        
 [38;2;0;0;0m▀[38;2;123;98;65m[48;2;0;0;0m▀[0m[38;2;239;146;200m[48;2;123;98;65m▀[0m[38;2;184;91;145m[48;2;123;98;65m▀[0m[38;2;239;146;200m[48;2;123;98;65m▀[0m[38;2;123;98;65m[48;2;238;156;164m▀[0m[38;2;0;0;0m[48;2;255;255;255m▀[0m[38;2;0;0;0m[48;2;255;255;255m▀[0m[38;2;156;131;82m[48;2;156;131;82m▀[0m[38;2;156;131;82m[48;2;156;131;82m▀[0m[38;2;74;74;74m[48;2;156;131;82m▀[0m[38;2;156;131;82m[48;2;74;74;74m▀[0m[38;2;0;0;0m[48;2;0;0;0m▀[0m        
  [38;2;0;0;0m▀[38;2;156;131;82m[48;2;0;0;0m▀[0m[38;2;238;156;164m[48;2;255;255;255m▀[0m[38;2;238;156;164m[48;2;197;197;197m▀[0m[38;2;123;98;65m[48;2;255;255;255m▀[0m[38;2;156;131;82m[48;2;197;197;197m▀[0m[38;2;156;131;82m[48;2;255;255;255m▀[0m[38;2;156;131;82m[48;2;123;98;65m▀[0m[38;2;156;131;82m[48;2;123;98;65m▀[0m[38;2;74;74;74m[48;2;123;98;65m▀[0m[38;2;123;98;65m[48;2;123;98;65m▀[0m[38;2;0;0;0m[48;2;0;0;0m▀[0m        
    [38;2;0;0;0m[48;2;0;0;0m▀[0m[38;2;184;91;145m[48;2;184;91;145m▀[0m[38;2;184;91;145m[48;2;74;74;74m▀[0m[38;2;184;91;145m[48;2;184;91;145m▀[0m[38;2;74;74;74m[48;2;74;74;74m▀[0m[38;2;123;98;65m[48;2;184;91;145m▀[0m[38;2;123;98;65m[48;2;156;131;82m▀[0m[38;2;123;98;65m[48;2;156;131;82m▀[0m[38;2;156;131;82m[48;2;156;131;82m▀[0m[38;2;0;0;0m[48;2;156;131;82m▀[0m[38;2;0;0;0m▄       
     [38;2;0;0;0m[48;2;0;0;0m▀[0m[38;2;239;146;200m[48;2;239;146;200m▀[0m[38;2;74;74;74m[48;2;239;146;200m▀[0m[38;2;239;146;200m[48;2;239;146;200m▀[0m[38;2;239;146;200m[48;2;239;146;200m▀[0m[38;2;156;131;82m[48;2;156;131;82m▀[0m[38;2;156;131;82m[48;2;156;131;82m▀[0m[38;2;156;131;82m[48;2;74;74;74m▀[0m[38;2;156;131;82m[48;2;156;131;82m▀[0m[38;2;156;131;82m[48;2;123;98;65m▀[0m[38;2;0;0;0m[48;2;0;0;0m▀[0m      
    [38;2;0;0;0m[48;2;0;0;0m▀[0m[38;2;239;146;200m[48;2;239;146;200m▀[0m[38;2;239;146;200m[48;2;239;146;200m▀[0m[38;2;239;146;200m[48;2;239;146;200m▀[0m[38;2;239;146;200m[48;2;239;146;200m▀[0m[38;2;184;91;145m[48;2;156;131;82m▀[0m[38;2;156;131;82m[48;2;156;131;82m▀[0m[38;2;156;131;82m[48;2;156;131;82m▀[0m[38;2;123;98;65m[48;2;123;98;65m▀[0m[38;2;74;74;74m[48;2;0;0;0m▀[0m[38;2;0;0;0m▀  [38;2;0;0;0m▄[38;2;0;0;0m▄[38;2;0;0;0m▄  
    [38;2;0;0;0m[48;2;0;0;0m▀[0m[38;2;239;146;200m[48;2;184;91;145m▀[0m[38;2;239;146;200m[48;2;239;146;200m▀[0m[38;2;239;146;200m[48;2;239;146;200m▀[0m[38;2;239;146;200m[48;2;239;146;200m▀[0m[38;2;156;131;82m[48;2;123;98;65m▀[0m[38;2;156;131;82m[48;2;123;98;65m▀[0m[38;2;123;98;65m[48;2;123;98;65m▀[0m[38;2;123;98;65m[48;2;123;98;65m▀[0m[38;2;74;74;74m[48;2;123;98;65m▀[0m[38;2;0;0;0m[48;2;74;74;74m▀[0m[38;2;0;0;0m[48;2;184;91;145m▀[0m[38;2;0;0;0m[48;2;184;91;145m▀[0m[38;2;184;91;145m[48;2;184;91;145m▀[0m[38;2;184;91;145m[48;2;123;98;65m▀[0m[38;2;184;91;145m[48;2;0;0;0m▀[0m[38;2;0;0;0m▀ 
   [38;2;0;0;0m[48;2;0;0;0m▀[0m[38;2;123;98;65m[48;2;123;98;65m▀[0m[38;2;74;74;74m[48;2;74;74;74m▀[0m[38;2;184;91;145m[48;2;184;91;145m▀[0m[38;2;184;91;145m[48;2;184;91;145m▀[0m[38;2;184;91;145m[48;2;184;91;145m▀[0m[38;2;184;91;145m[48;2;184;91;145m▀[0m[38;2;123;98;65m[48;2;123;98;65m▀[0m[38;2;123;98;65m[48;2;123;98;65m▀[0m[38;2;123;98;65m[48;2;123;98;65m▀[0m[38;2;123;98;65m[48;2;156;131;82m▀[0m[38;2;123;98;65m[48;2;74;74;74m▀[0m[38;2;74;74;74m[48;2;123;98;65m▀[0m[38;2;123;98;65m[48;2;0;0;0m▀[0m[38;2;123;98;65m[48;2;0;0;0m▀[0m[38;2;0;0;0m▀   
   [38;2;0;0;0m▀[38;2;74;74;74m[48;2;0;0;0m▀[0m[38;2;123;98;65m[48;2;0;0;0m▀[0m[38;2;0;0;0m▀[38;2;184;91;145m[48;2;0;0;0m▀[0m[38;2;184;91;145m[48;2;0;0;0m▀[0m[38;2;184;91;145m[48;2;0;0;0m▀[0m[38;2;74;74;74m[48;2;0;0;0m▀[0m[38;2;156;131;82m[48;2;123;98;65m▀[0m[38;2;156;131;82m[48;2;156;131;82m▀[0m[38;2;156;131;82m[48;2;123;98;65m▀[0m[38;2;74;74;74m[48;2;0;0;0m▀[0m[38;2;0;0;0m▀      
          [38;2;0;0;0m▀[38;2;74;74;74m[48;2;0;0;0m▀[0m[38;2;123;98;65m[48;2;0;0;0m▀[0m[38;2;74;74;74m[48;2;0;0;0m▀[0m[38;2;0;0;0m▀       
                                     [0m                                     