  [38;2;0;0;0m▄[38;2;0;0;0m[48;2;247;107;99m▀[0m[38;2;0;0;0m[48;2;247;107;99m▀[0m[38;2;0;0;0m▄[38;2;0;0;0m▄[38;2;0;0;0m▄                     
 [38;2;0;0;0m▀[38;2;247;107;99m[48;2;0;0;0m▀[0m[38;2;247;107;99m[48;2;140;58;58m▀[0m[38;2;247;107;99m[48;2;197;82;74m▀[0m[38;2;247;107;99m[48;2;247;107;99m▀[0m[38;2;247;107;99m[48;2;247;107;99m▀[0m[38;2;247;107;99m[48;2;247;107;99m▀[0m[38;2;0;0;0m[48;2;247;107;99m▀[0m[38;2;0;0;0m[48;2;247;107;99m▀[0m[38;2;0;0;0m[48;2;247;107;99m▀[0m[38;2;0;0;0m▄[38;2;0;0;0m▄[38;2;0;0;0m▄               
 [38;2;0;0;0m▀[38;2;140;58;58m[48;2;0;0;0m▀[0m[38;2;140;58;58m[48;2;0;0;0m▀[0m[38;2;140;58;58m[48;2;0;0;0m▀[0m[38;2;140;58;58m[48;2;140;58;58m▀[0m[38;2;140;58;58m[48;2;140;58;58m▀[0m[38;2;197;82;74m[48;2;140;58;58m▀[0m[38;2;247;107;99m[48;2;140;58;58m▀[0m[38;2;247;107;99m[48;2;140;58;58m▀[0m[38;2;247;107;99m[48;2;197;82;74m▀[0m[38;2;247;107;99m[48;2;247;107;99m▀[0m[38;2;247;107;99m[48;2;247;107;99m▀[0m[38;2;247;107;99m[48;2;247;107;99m▀[0m[38;2;0;0;0m[48;2;247;107;99m▀[0m[38;2;0;0;0m[48;2;247;107;99m▀[0m[38;2;0;0;0m[48;2;247;107;99m▀[0m[38;2;0;0;0m▄[38;2;0;0;0m▄[38;2;0;0;0m▄         
    [38;2;0;0;0m[48;2;0;0;0m▀[0m[38;2;65;65;65m[48;2;188;173;99m▀[0m[38;2;65;65;65m[48;2;65;65;65m▀[0m[38;2;65;65;65m[48;2;227;212;138m▀[0m[38;2;140;58;58m[48;2;65;65;65m▀[0m[38;2;140;58;58m[48;2;65;65;65m▀[0m[38;2;140;58;58m[48;2;65;65;65m▀[0m[38;2;140;58;58m[48;2;140;58;58m▀[0m[38;2;140;58;58m[48;2;140;58;58m▀[0m[38;2;197;82;74m[48;2;140;58;58m▀[0m[38;2;247;107;99m[48;2;140;58;58m▀[0m[38;2;247;107;99m[48;2;140;58;58m▀[0m[38;2;247;107;99m[48;2;197;82;74m▀[0m[38;2;247;107;99m[48;2;247;107;99m▀[0m[38;2;247;107;99m[48;2;247;107;99m▀[0m[38;2;247;107;99m[48;2;247;107;99m▀[0m[38;2;0;0;0m[48;2;247;107;99m▀[0m[38;2;0;0;0m[48;2;247;107;99m▀[0m[38;2;0;0;0m[48;2;247;107;99m▀[0m[38;2;0;0;0m▄[38;2;0;0;0m▄[38;2;0;0;0m▄   
   [38;2;0;0;0m[48;2;0;0;0m▀[0m[38;2;212;79;62m[48;2;188;173;99m▀[0m[38;2;188;173;99m[48;2;188;173;99m▀[0m[38;2;65;65;65m[48;2;188;173;99m▀[0m[38;2;188;173;99m[48;2;65;65;65m▀[0m[38;2;227;212;138m[48;2;227;212;138m▀[0m[38;2;227;212;138m[48;2;227;212;138m▀[0m[38;2;227;212;138m[48;2;227;212;138m▀[0m[38;2;65;65;65m[48;2;227;212;138m▀[0m[38;2;65;65;65m[48;2;227;212;138m▀[0m[38;2;65;65;65m[48;2;227;212;138m▀[0m[38;2;140;58;58m[48;2;65;65;65m▀[0m[38;2;140;58;58m[48;2;65;65;65m▀[0m[38;2;140;58;58m[48;2;65;65;65m▀[0m[38;2;140;58;58m[48;2;140;58;58m▀[0m[38;2;140;58;58m[48;2;140;58;58m▀[0m[38;2;197;82;74m[48;2;140;58;58m▀[0m[38;2;247;107;99m[48;2;140;58;58m▀[0m[38;2;247;107;99m[48;2;140;58;58m▀[0m[38;2;247;107;99m[48;2;197;82;74m▀[0m[38;2;247;107;99m[48;2;247;107;99m▀[0m[38;2;247;107;99m[48;2;247;107;99m▀[0m[38;2;247;107;99m[48;2;140;58;58m▀[0m[38;2;0;0;0m[48;2;140;58;58m▀[0m[38;2;0;0;0m▄ 
   [38;2;0;0;0m▀[38;2;188;173;99m[48;2;0;0;0m▀[0m[38;2;188;173;99m[48;2;188;173;99m▀[0m[38;2;65;65;65m[48;2;65;65;65m▀[0m[38;2;188;173;99m[48;2;188;173;99m▀[0m[38;2;227;212;138m[48;2;146;131;57m▀[0m[38;2;227;212;138m[48;2;227;212;138m▀[0m[38;2;227;212;138m[48;2;227;212;138m▀[0m[38;2;227;212;138m[48;2;146;131;57m▀[0m[38;2;227;212;138m[48;2;227;212;138m▀[0m[38;2;227;212;138m[48;2;146;131;57m▀[0m[38;2;227;212;138m[48;2;146;131;57m▀[0m[38;2;227;212;138m[48;2;227;212;138m▀[0m[38;2;227;212;138m[48;2;227;212;138m▀[0m[38;2;65;65;65m[48;2;227;212;138m▀[0m[38;2;65;65;65m[48;2;65;65;65m▀[0m[38;2;65;65;65m[48;2;227;212;138m▀[0m[38;2;140;58;58m[48;2;65;65;65m▀[0m[38;2;140;58;58m[48;2;65;65;65m▀[0m[38;2;140;58;58m[48;2;0;0;0m▀[0m[38;2;140;58;58m[48;2;65;65;65m▀[0m[38;2;140;58;58m[48;2;65;65;65m▀[0m[38;2;65;65;65m[48;2;140;58;58m▀[0m[38;2;65;65;65m[48;2;0;0;0m▀[0m[38;2;0;0;0m▀ 
    [38;2;0;0;0m[48;2;0;0;0m▀[0m[38;2;169;60;47m[48;2;212;79;62m▀[0m[38;2;212;79;62m[48;2;212;79;62m▀[0m[38;2;65;65;65m[48;2;65;65;65m▀[0m[38;2;188;173;99m[48;2;132;49;40m▀[0m[38;2;132;49;40m[48;2;243;101;80m▀[0m[38;2;132;49;40m[48;2;198;71;56m▀[0m[38;2;188;173;99m[48;2;132;49;40m▀[0m[38;2;146;131;57m[48;2;255;255;255m▀[0m[38;2;0;0;0m[48;2;255;255;255m▀[0m[38;2;255;255;255m[48;2;255;255;255m▀[0m[38;2;227;212;138m[48;2;65;65;65m▀[0m[38;2;227;212;138m[48;2;65;65;65m▀[0m[38;2;65;65;65m[48;2;227;212;138m▀[0m[38;2;227;212;138m[48;2;227;212;138m▀[0m[38;2;227;212;138m[48;2;227;212;138m▀[0m[38;2;227;212;138m[48;2;252;127;104m▀[0m[38;2;0;0;0m[48;2;0;0;0m▀[0m [38;2;0;0;0m▀[38;2;0;0;0m▀[38;2;0;0;0m▀   
     [38;2;0;0;0m▀[38;2;212;79;62m[48;2;0;0;0m▀[0m[38;2;212;79;62m[48;2;0;0;0m▀[0m[38;2;65;65;65m[48;2;252;127;104m▀[0m[38;2;198;71;56m[48;2;65;65;65m▀[0m[38;2;198;71;56m[48;2;65;65;65m▀[0m[38;2;65;65;65m[48;2;146;131;57m▀[0m[38;2;188;173;99m[48;2;146;131;57m▀[0m[38;2;188;173;99m[48;2;146;131;57m▀[0m[38;2;65;65;65m[48;2;65;65;65m▀[0m[38;2;65;65;65m[48;2;252;127;104m▀[0m[38;2;252;127;104m[48;2;252;127;104m▀[0m[38;2;227;212;138m[48;2;212;79;62m▀[0m[38;2;227;212;138m[48;2;227;212;138m▀[0m[38;2;252;127;104m[48;2;227;212;138m▀[0m[38;2;252;127;104m[48;2;0;0;0m▀[0m[38;2;0;0;0m▀       
       [38;2;0;0;0m▄[38;2;0;0;0m[48;2;212;79;62m▀[0m[38;2;252;127;104m[48;2;146;131;57m▀[0m[38;2;227;212;138m[48;2;227;212;138m▀[0m[38;2;227;212;138m[48;2;252;127;104m▀[0m[38;2;252;127;104m[48;2;252;127;104m▀[0m[38;2;252;127;104m[48;2;227;212;138m▀[0m[38;2;65;65;65m[48;2;227;212;138m▀[0m[38;2;252;127;104m[48;2;65;65;65m▀[0m[38;2;252;127;104m[48;2;252;127;104m▀[0m[38;2;252;127;104m[48;2;252;127;104m▀[0m[38;2;212;79;62m[48;2;252;127;104m▀[0m[38;2;212;79;62m[48;2;0;0;0m▀[0m[38;2;0;0;0m▀        
      [38;2;0;0;0m[48;2;0;0;0m▀[0m[38;2;188;173;99m[48;2;188;173;99m▀[0m[38;2;212;79;62m[48;2;188;173;99m▀[0m[38;2;188;173;99m[48;2;188;173;99m▀[0m[38;2;146;131;57m[48;2;146;131;57m▀[0m[38;2;227;212;138m[48;2;188;173;99m▀[0m[38;2;227;212;138m[48;2;188;173;99m▀[0m[38;2;227;212;138m[48;2;146;131;57m▀[0m[38;2;146;131;57m[48;2;252;127;104m▀[0m[38;2;146;131;57m[48;2;212;79;62m▀[0m[38;2;65;65;65m[48;2;0;0;0m▀[0m[38;2;0;0;0m▀[38;2;0;0;0m▀          
       [38;2;0;0;0m▀[38;2;188;173;99m[48;2;0;0;0m▀[0m[38;2;188;173;99m[48;2;0;0;0m▀[0m[38;2;188;173;99m[48;2;0;0;0m▀[0m[38;2;188;173;99m[48;2;0;0;0m▀[0m[38;2;188;173;99m[48;2;227;212;138m▀[0m[38;2;212;79;62m[48;2;227;212;138m▀[0m[38;2;212;79;62m[48;2;188;173;99m▀[0m[38;2;188;173;99m[48;2;146;131;57m▀[0m[38;2;188;173;99m[48;2;146;131;57m▀[0m[38;2;0;0;0m[48;2;0;0;0m▀[0m           
            [38;2;0;0;0m▀[38;2;0;0;0m▀[38;2;146;131;57m[48;2;0;0;0m▀[0m[38;2;188;173;99m[48;2;0;0;0m▀[0m[38;2;65;65;65m[48;2;0;0;0m▀[0m[38;2;0;0;0m▀           
                                     [0m                                     