          [38;2;0;0;0m▄      [38;2;0;0;0m▄[38;2;0;0;0m[48;2;255;255;255m▀[0m[38;2;0;0;0m▄                    
         [38;2;0;0;0m[48;2;0;0;0m▀[0m[38;2;236;47;102m[48;2;236;47;102m▀[0m[38;2;0;0;0m[48;2;0;0;0m▀[0m     [38;2;0;0;0m[48;2;0;0;0m▀[0m[38;2;255;255;255m[48;2;255;255;255m▀[0m[38;2;0;0;0m[48;2;0;0;0m▀[0m                    
        [38;2;0;0;0m▄[38;2;0;0;0m[48;2;236;47;102m▀[0m[38;2;236;47;102m[48;2;236;47;102m▀[0m[38;2;0;0;0m[48;2;0;0;0m▀[0m  [38;2;0;0;0m▄ [38;2;0;0;0m[48;2;0;0;0m▀[0m[38;2;255;255;255m[48;2;255;255;255m▀[0m[38;2;255;255;255m[48;2;255;255;255m▀[0m[38;2;0;0;0m[48;2;74;74;74m▀[0m[38;2;0;0;0m▄                   
        [38;2;0;0;0m[48;2;0;0;0m▀[0m[38;2;236;47;102m[48;2;236;47;102m▀[0m[38;2;0;0;0m[48;2;0;0;0m▀[0m  [38;2;0;0;0m▀[38;2;255;255;255m[48;2;0;0;0m▀[0m[38;2;0;0;0m[48;2;255;255;255m▀[0m[38;2;123;131;131m[48;2;123;131;131m▀[0m[38;2;255;255;255m[48;2;255;255;255m▀[0m[38;2;255;255;255m[48;2;255;255;255m▀[0m[38;2;74;74;74m[48;2;197;197;197m▀[0m[38;2;197;197;197m[48;2;197;197;197m▀[0m[38;2;0;0;0m[48;2;0;0;0m▀[0m                  
       [38;2;0;0;0m[48;2;0;0;0m▀[0m[38;2;236;47;102m[48;2;236;47;102m▀[0m[38;2;236;47;102m[48;2;236;47;102m▀[0m[38;2;0;0;0m[48;2;0;0;0m▀[0m   [38;2;0;0;0m▀[38;2;255;255;255m[48;2;0;0;0m▀[0m[38;2;255;255;255m[48;2;255;255;255m▀[0m[38;2;255;255;255m[48;2;255;255;255m▀[0m[38;2;255;255;255m[48;2;197;197;197m▀[0m[38;2;197;197;197m[48;2;197;197;197m▀[0m[38;2;0;0;0m[48;2;0;0;0m▀[0m   [38;2;0;0;0m▄[38;2;0;0;0m[48;2;197;197;197m▀[0m[38;2;0;0;0m▄             
   [38;2;0;0;0m▄  [38;2;0;0;0m▄[38;2;0;0;0m[48;2;236;47;102m▀[0m[38;2;236;47;102m[48;2;236;47;102m▀[0m[38;2;236;47;102m[48;2;74;74;74m▀[0m[38;2;74;74;74m[48;2;216;66;80m▀[0m[38;2;0;0;0m[48;2;216;66;80m▀[0m[38;2;0;0;0m[48;2;216;66;80m▀[0m[38;2;0;0;0m▄[38;2;0;0;0m▄[38;2;0;0;0m[48;2;255;255;255m▀[0m[38;2;255;255;255m[48;2;74;74;74m▀[0m[38;2;255;255;255m[48;2;74;74;74m▀[0m[38;2;148;23;32m[48;2;216;66;80m▀[0m[38;2;148;23;32m[48;2;216;66;80m▀[0m[38;2;0;0;0m[48;2;216;66;80m▀[0m[38;2;0;0;0m▄[38;2;0;0;0m▄[38;2;0;0;0m[48;2;74;74;74m▀[0m[38;2;197;197;197m[48;2;197;197;197m▀[0m[38;2;197;197;197m[48;2;197;197;197m▀[0m[38;2;0;0;0m[48;2;0;0;0m▀[0m  [38;2;0;0;0m▄[38;2;0;0;0m▄ [38;2;0;0;0m▄[38;2;0;0;0m▄[38;2;0;0;0m[48;2;148;23;32m▀[0m[38;2;0;0;0m▄    
  [38;2;0;0;0m[48;2;0;0;0m▀[0m[38;2;252;88;137m[48;2;252;88;137m▀[0m[38;2;0;0;0m[48;2;0;0;0m▀[0m[38;2;0;0;0m▄[38;2;0;0;0m[48;2;74;74;74m▀[0m[38;2;236;47;102m[48;2;236;47;102m▀[0m[38;2;236;47;102m[48;2;236;47;102m▀[0m[38;2;74;74;74m[48;2;74;74;74m▀[0m[38;2;216;66;80m[48;2;216;66;80m▀[0m[38;2;216;66;80m[48;2;216;66;80m▀[0m[38;2;216;66;80m[48;2;74;74;74m▀[0m[38;2;216;66;80m[48;2;74;74;74m▀[0m[38;2;74;74;74m[48;2;236;47;102m▀[0m[38;2;74;74;74m[48;2;236;47;102m▀[0m[38;2;236;47;102m[48;2;74;74;74m▀[0m[38;2;236;47;102m[48;2;74;74;74m▀[0m[38;2;74;74;74m[48;2;216;66;80m▀[0m[38;2;216;66;80m[48;2;216;66;80m▀[0m[38;2;216;66;80m[48;2;216;66;80m▀[0m[38;2;216;66;80m[48;2;216;66;80m▀[0m[38;2;216;66;80m[48;2;216;66;80m▀[0m[38;2;74;74;74m[48;2;148;23;32m▀[0m[38;2;197;197;197m[48;2;74;74;74m▀[0m[38;2;0;0;0m[48;2;74;74;74m▀[0m   [38;2;0;0;0m[48;2;0;0;0m▀[0m[38;2;197;197;197m[48;2;197;197;197m▀[0m[38;2;0;0;0m[48;2;197;197;197m▀[0m[38;2;197;197;197m[48;2;197;197;197m▀[0m[38;2;197;197;197m[48;2;216;66;80m▀[0m[38;2;148;23;32m[48;2;148;23;32m▀[0m[38;2;255;255;255m[48;2;255;255;255m▀[0m[38;2;0;0;0m[48;2;123;131;131m▀[0m[38;2;0;0;0m[48;2;255;255;255m▀[0m[38;2;0;0;0m▄ 
  [38;2;0;0;0m▀[38;2;252;88;137m[48;2;0;0;0m▀[0m[38;2;74;74;74m[48;2;252;88;137m▀[0m[38;2;216;66;80m[48;2;74;74;74m▀[0m[38;2;74;74;74m[48;2;236;47;102m▀[0m[38;2;236;47;102m[48;2;236;47;102m▀[0m[38;2;236;47;102m[48;2;74;74;74m▀[0m[38;2;74;74;74m[48;2;74;74;74m▀[0m[38;2;74;74;74m[48;2;236;47;102m▀[0m[38;2;74;74;74m[48;2;236;47;102m▀[0m[38;2;236;47;102m[48;2;236;47;102m▀[0m[38;2;236;47;102m[48;2;74;74;74m▀[0m[38;2;236;47;102m[48;2;74;74;74m▀[0m[38;2;74;74;74m[48;2;216;66;80m▀[0m[38;2;74;74;74m[48;2;216;66;80m▀[0m[38;2;216;66;80m[48;2;74;74;74m▀[0m[38;2;216;66;80m[48;2;74;74;74m▀[0m[38;2;216;66;80m[48;2;74;74;74m▀[0m[38;2;216;66;80m[48;2;216;66;80m▀[0m[38;2;216;66;80m[48;2;216;66;80m▀[0m[38;2;216;66;80m[48;2;216;66;80m▀[0m[38;2;216;66;80m[48;2;216;66;80m▀[0m[38;2;216;66;80m[48;2;74;74;74m▀[0m[38;2;216;66;80m[48;2;216;66;80m▀[0m[38;2;0;0;0m[48;2;0;0;0m▀[0m  [38;2;0;0;0m[48;2;0;0;0m▀[0m[38;2;197;197;197m[48;2;197;197;197m▀[0m[38;2;197;197;197m[48;2;197;197;197m▀[0m[38;2;197;197;197m[48;2;216;66;80m▀[0m[38;2;216;66;80m[48;2;216;66;80m▀[0m[38;2;148;23;32m[48;2;197;197;197m▀[0m[38;2;255;255;255m[48;2;255;255;255m▀[0m[38;2;255;255;255m[48;2;255;255;255m▀[0m[38;2;255;255;255m[48;2;0;0;0m▀[0m[38;2;0;0;0m▀ 
   [38;2;0;0;0m[48;2;0;0;0m▀[0m[38;2;252;88;137m[48;2;252;88;137m▀[0m[38;2;74;74;74m[48;2;236;47;102m▀[0m[38;2;236;47;102m[48;2;236;47;102m▀[0m[38;2;236;47;102m[48;2;236;47;102m▀[0m[38;2;74;74;74m[48;2;236;47;102m▀[0m[38;2;236;47;102m[48;2;236;47;102m▀[0m[38;2;236;47;102m[48;2;74;74;74m▀[0m[38;2;236;47;102m[48;2;74;74;74m▀[0m[38;2;74;74;74m[48;2;255;255;255m▀[0m[38;2;148;23;32m[48;2;148;23;32m▀[0m[38;2;216;66;80m[48;2;216;66;80m▀[0m[38;2;216;66;80m[48;2;216;66;80m▀[0m[38;2;216;66;80m[48;2;148;23;32m▀[0m[38;2;216;66;80m[48;2;148;23;32m▀[0m[38;2;216;66;80m[48;2;216;66;80m▀[0m[38;2;216;66;80m[48;2;216;66;80m▀[0m[38;2;74;74;74m[48;2;74;74;74m▀[0m[38;2;216;66;80m[48;2;74;74;74m▀[0m[38;2;74;74;74m[48;2;216;66;80m▀[0m[38;2;74;74;74m[48;2;216;66;80m▀[0m[38;2;216;66;80m[48;2;255;255;255m▀[0m[38;2;0;0;0m[48;2;0;0;0m▀[0m    [38;2;0;0;0m[48;2;0;0;0m▀[0m[38;2;197;197;197m[48;2;197;197;197m▀[0m[38;2;216;66;80m[48;2;216;66;80m▀[0m[38;2;148;23;32m[48;2;148;23;32m▀[0m[38;2;255;255;255m[48;2;255;255;255m▀[0m[38;2;255;255;255m[48;2;255;255;255m▀[0m[38;2;0;0;0m[48;2;0;0;0m▀[0m   
    [38;2;0;0;0m▀[38;2;236;47;102m[48;2;0;0;0m▀[0m[38;2;236;47;102m[48;2;236;47;102m▀[0m[38;2;236;47;102m[48;2;236;47;102m▀[0m[38;2;236;47;102m[48;2;74;74;74m▀[0m[38;2;74;74;74m[48;2;0;0;0m▀[0m[38;2;238;57;57m[48;2;255;148;131m▀[0m[38;2;255;255;255m[48;2;255;255;255m▀[0m[38;2;255;255;255m[48;2;148;23;32m▀[0m[38;2;148;23;32m[48;2;216;66;80m▀[0m[38;2;216;66;80m[48;2;216;66;80m▀[0m[38;2;216;66;80m[48;2;216;66;80m▀[0m[38;2;216;66;80m[48;2;148;23;32m▀[0m[38;2;216;66;80m[48;2;74;74;74m▀[0m[38;2;74;74;74m[48;2;216;66;80m▀[0m[38;2;74;74;74m[48;2;216;66;80m▀[0m[38;2;216;66;80m[48;2;255;255;255m▀[0m[38;2;216;66;80m[48;2;255;255;255m▀[0m[38;2;255;255;255m[48;2;74;74;74m▀[0m[38;2;255;255;255m[48;2;0;0;0m▀[0m[38;2;0;0;0m▀     [38;2;0;0;0m▀[38;2;197;197;197m[48;2;0;0;0m▀[0m[38;2;216;66;80m[48;2;216;66;80m▀[0m[38;2;148;23;32m[48;2;255;255;255m▀[0m[38;2;255;255;255m[48;2;0;0;0m▀[0m[38;2;0;0;0m▀    
   [38;2;0;0;0m▄[38;2;0;0;0m[48;2;239;99;111m▀[0m[38;2;0;0;0m[48;2;216;66;80m▀[0m[38;2;74;74;74m[48;2;239;99;111m▀[0m[38;2;74;74;74m[48;2;216;66;80m▀[0m[38;2;148;23;32m[48;2;148;23;32m▀[0m[38;2;238;57;57m[48;2;216;66;80m▀[0m[38;2;238;57;57m[48;2;148;23;32m▀[0m[38;2;255;255;255m[48;2;148;23;32m▀[0m[38;2;148;23;32m[48;2;216;66;80m▀[0m[38;2;216;66;80m[48;2;216;66;80m▀[0m[38;2;216;66;80m[48;2;216;66;80m▀[0m[38;2;148;23;32m[48;2;148;23;32m▀[0m[38;2;216;66;80m[48;2;74;74;74m▀[0m[38;2;255;255;255m[48;2;197;197;197m▀[0m[38;2;255;255;255m[48;2;197;197;197m▀[0m[38;2;255;255;255m[48;2;255;255;255m▀[0m[38;2;255;255;255m[48;2;255;255;255m▀[0m[38;2;74;74;74m[48;2;255;255;255m▀[0m[38;2;216;66;80m[48;2;74;74;74m▀[0m[38;2;216;66;80m[48;2;238;213;156m▀[0m[38;2;0;0;0m[48;2;0;0;0m▀[0m     [38;2;0;0;0m▄[38;2;0;0;0m[48;2;216;66;80m▀[0m[38;2;216;66;80m[48;2;0;0;0m▀[0m[38;2;0;0;0m▀      
  [38;2;0;0;0m▄[38;2;0;0;0m[48;2;238;213;156m▀[0m[38;2;148;23;32m[48;2;238;213;156m▀[0m[38;2;239;99;111m[48;2;74;74;74m▀[0m[38;2;148;23;32m[48;2;74;74;74m▀[0m[38;2;239;99;111m[48;2;74;74;74m▀[0m[38;2;216;66;80m[48;2;216;66;80m▀[0m[38;2;216;66;80m[48;2;216;66;80m▀[0m[38;2;216;66;80m[48;2;216;66;80m▀[0m[38;2;216;66;80m[48;2;216;66;80m▀[0m[38;2;216;66;80m[48;2;216;66;80m▀[0m[38;2;216;66;80m[48;2;216;66;80m▀[0m[38;2;216;66;80m[48;2;216;66;80m▀[0m[38;2;216;66;80m[48;2;216;66;80m▀[0m[38;2;216;66;80m[48;2;216;66;80m▀[0m[38;2;74;74;74m[48;2;74;74;74m▀[0m[38;2;255;255;255m[48;2;74;74;74m▀[0m[38;2;197;197;197m[48;2;255;255;255m▀[0m[38;2;197;197;197m[48;2;255;255;255m▀[0m[38;2;74;74;74m[48;2;74;74;74m▀[0m[38;2;216;66;80m[48;2;216;66;80m▀[0m[38;2;238;213;156m[48;2;216;66;80m▀[0m[38;2;74;74;74m[48;2;74;74;74m▀[0m[38;2;0;0;0m[48;2;216;66;80m▀[0m[38;2;0;0;0m▄   [38;2;0;0;0m[48;2;0;0;0m▀[0m[38;2;216;66;80m[48;2;74;74;74m▀[0m[38;2;0;0;0m[48;2;238;213;156m▀[0m[38;2;0;0;0m▄      
  [38;2;0;0;0m[48;2;0;0;0m▀[0m[38;2;123;131;131m[48;2;74;74;74m▀[0m[38;2;123;131;131m[48;2;255;255;255m▀[0m[38;2;238;213;156m[48;2;123;131;131m▀[0m[38;2;238;213;156m[48;2;123;131;131m▀[0m[38;2;238;213;156m[48;2;123;131;131m▀[0m[38;2;238;213;156m[48;2;238;213;156m▀[0m[38;2;148;23;32m[48;2;238;213;156m▀[0m[38;2;216;66;80m[48;2;148;23;32m▀[0m[38;2;216;66;80m[48;2;216;66;80m▀[0m[38;2;216;66;80m[48;2;216;66;80m▀[0m[38;2;216;66;80m[48;2;216;66;80m▀[0m[38;2;216;66;80m[48;2;148;23;32m▀[0m[38;2;74;74;74m[48;2;216;66;80m▀[0m[38;2;74;74;74m[48;2;216;66;80m▀[0m[38;2;238;213;156m[48;2;74;74;74m▀[0m[38;2;238;213;156m[48;2;74;74;74m▀[0m[38;2;74;74;74m[48;2;238;213;156m▀[0m[38;2;74;74;74m[48;2;238;213;156m▀[0m[38;2;238;213;156m[48;2;238;213;156m▀[0m[38;2;216;66;80m[48;2;74;74;74m▀[0m[38;2;74;74;74m[48;2;216;66;80m▀[0m[38;2;216;66;80m[48;2;216;66;80m▀[0m[38;2;238;213;156m[48;2;238;213;156m▀[0m[38;2;0;0;0m[48;2;74;74;74m▀[0m[38;2;0;0;0m▄[38;2;0;0;0m▄[38;2;0;0;0m[48;2;74;74;74m▀[0m[38;2;169;44;53m[48;2;169;44;53m▀[0m[38;2;169;44;53m[48;2;169;44;53m▀[0m[38;2;74;74;74m[48;2;169;44;53m▀[0m[38;2;0;0;0m[48;2;0;0;0m▀[0m      
 [38;2;0;0;0m[48;2;0;0;0m▀[0m[38;2;74;74;74m[48;2;169;44;53m▀[0m[38;2;169;44;53m[48;2;0;0;0m▀[0m[38;2;0;0;0m▀[38;2;74;74;74m[48;2;0;0;0m▀[0m[38;2;156;65;98m[48;2;74;74;74m▀[0m[38;2;255;255;255m[48;2;156;65;98m▀[0m[38;2;123;131;131m[48;2;156;65;98m▀[0m[38;2;164;148;98m[48;2;74;74;74m▀[0m[38;2;164;148;98m[48;2;164;148;98m▀[0m[38;2;148;23;32m[48;2;74;74;74m▀[0m[38;2;216;66;80m[48;2;216;66;80m▀[0m[38;2;216;66;80m[48;2;74;74;74m▀[0m[38;2;74;74;74m[48;2;0;0;0m▀[0m[38;2;0;0;0m▀[38;2;74;74;74m[48;2;0;0;0m▀[0m[38;2;216;66;80m[48;2;74;74;74m▀[0m[38;2;216;66;80m[48;2;74;74;74m▀[0m[38;2;74;74;74m[48;2;216;66;80m▀[0m[38;2;164;148;98m[48;2;74;74;74m▀[0m[38;2;164;148;98m[48;2;238;213;156m▀[0m[38;2;238;213;156m[48;2;238;213;156m▀[0m[38;2;216;66;80m[48;2;238;213;156m▀[0m[38;2;216;66;80m[48;2;216;66;80m▀[0m[38;2;74;74;74m[48;2;74;74;74m▀[0m[38;2;216;66;80m[48;2;238;213;156m▀[0m[38;2;74;74;74m[48;2;74;74;74m▀[0m[38;2;169;44;53m[48;2;169;44;53m▀[0m[38;2;169;44;53m[48;2;169;44;53m▀[0m[38;2;74;74;74m[48;2;74;74;74m▀[0m[38;2;164;148;98m[48;2;169;44;53m▀[0m[38;2;169;44;53m[48;2;0;0;0m▀[0m[38;2;0;0;0m▀      
 [38;2;0;0;0m[48;2;0;0;0m▀[0m[38;2;169;44;53m[48;2;169;44;53m▀[0m[38;2;0;0;0m[48;2;74;74;74m▀[0m[38;2;0;0;0m▄ [38;2;0;0;0m[48;2;0;0;0m▀[0m[38;2;156;65;98m[48;2;255;148;131m▀[0m[38;2;255;148;131m[48;2;255;148;131m▀[0m[38;2;255;148;131m[48;2;255;148;131m▀[0m[38;2;74;74;74m[48;2;74;74;74m▀[0m[38;2;164;148;98m[48;2;238;213;156m▀[0m[38;2;74;74;74m[48;2;0;0;0m▀[0m[38;2;0;0;0m▀  [38;2;0;0;0m[48;2;0;0;0m▀[0m[38;2;238;213;156m[48;2;238;213;156m▀[0m[38;2;238;213;156m[48;2;238;213;156m▀[0m[38;2;74;74;74m[48;2;74;74;74m▀[0m[38;2;216;66;80m[48;2;216;66;80m▀[0m[38;2;74;74;74m[48;2;74;74;74m▀[0m[38;2;238;213;156m[48;2;238;213;156m▀[0m[38;2;238;213;156m[48;2;164;148;98m▀[0m[38;2;74;74;74m[48;2;216;66;80m▀[0m[38;2;216;66;80m[48;2;216;66;80m▀[0m[38;2;238;213;156m[48;2;216;66;80m▀[0m[38;2;74;74;74m[48;2;74;74;74m▀[0m[38;2;74;74;74m[48;2;74;74;74m▀[0m[38;2;169;44;53m[48;2;164;148;98m▀[0m[38;2;169;44;53m[48;2;169;44;53m▀[0m[38;2;74;74;74m[48;2;0;0;0m▀[0m[38;2;0;0;0m▀       
  [38;2;0;0;0m▀[38;2;169;44;53m[48;2;0;0;0m▀[0m[38;2;74;74;74m[48;2;169;44;53m▀[0m[38;2;0;0;0m[48;2;169;44;53m▀[0m[38;2;0;0;0m[48;2;156;65;98m▀[0m[38;2;255;148;131m[48;2;255;148;131m▀[0m[38;2;255;148;131m[48;2;255;148;131m▀[0m[38;2;156;65;98m[48;2;156;65;98m▀[0m[38;2;74;74;74m[48;2;238;213;156m▀[0m[38;2;238;213;156m[48;2;74;74;74m▀[0m[38;2;0;0;0m[48;2;0;0;0m▀[0m[38;2;0;0;0m▄   [38;2;0;0;0m[48;2;0;0;0m▀[0m[38;2;164;148;98m[48;2;238;213;156m▀[0m[38;2;164;148;98m[48;2;238;213;156m▀[0m[38;2;74;74;74m[48;2;74;74;74m▀[0m[38;2;216;66;80m[48;2;169;44;53m▀[0m[38;2;74;74;74m[48;2;74;74;74m▀[0m[38;2;238;213;156m[48;2;238;213;156m▀[0m[38;2;238;213;156m[48;2;238;213;156m▀[0m[38;2;216;66;80m[48;2;216;66;80m▀[0m[38;2;74;74;74m[48;2;74;74;74m▀[0m[38;2;164;148;98m[48;2;169;44;53m▀[0m[38;2;169;44;53m[48;2;169;44;53m▀[0m[38;2;74;74;74m[48;2;169;44;53m▀[0m[38;2;169;44;53m[48;2;0;0;0m▀[0m[38;2;0;0;0m▀        
    [38;2;0;0;0m▀[38;2;0;0;0m[48;2;0;0;0m▀[0m[38;2;255;255;255m[48;2;238;213;156m▀[0m[38;2;74;74;74m[48;2;238;213;156m▀[0m[38;2;156;65;98m[48;2;156;65;98m▀[0m[38;2;74;74;74m[48;2;255;255;255m▀[0m[38;2;238;213;156m[48;2;238;213;156m▀[0m[38;2;74;74;74m[48;2;0;0;0m▀[0m[38;2;169;44;53m[48;2;0;0;0m▀[0m[38;2;169;44;53m[48;2;0;0;0m▀[0m[38;2;0;0;0m[48;2;169;44;53m▀[0m[38;2;0;0;0m▄  [38;2;0;0;0m[48;2;0;0;0m▀[0m[38;2;238;213;156m[48;2;74;74;74m▀[0m[38;2;74;74;74m[48;2;74;74;74m▀[0m[38;2;169;44;53m[48;2;74;74;74m▀[0m[38;2;74;74;74m[48;2;169;44;53m▀[0m[38;2;238;213;156m[48;2;74;74;74m▀[0m[38;2;74;74;74m[48;2;164;148;98m▀[0m[38;2;74;74;74m[48;2;164;148;98m▀[0m[38;2;164;148;98m[48;2;164;148;98m▀[0m[38;2;169;44;53m[48;2;164;148;98m▀[0m[38;2;74;74;74m[48;2;0;0;0m▀[0m[38;2;0;0;0m▀          
      [38;2;0;0;0m▀[38;2;0;0;0m▀[38;2;238;213;156m[48;2;0;0;0m▀[0m[38;2;238;213;156m[48;2;0;0;0m▀[0m[38;2;0;0;0m▀   [38;2;0;0;0m▀[38;2;0;0;0m▀   [38;2;0;0;0m▀[38;2;164;148;98m[48;2;0;0;0m▀[0m[38;2;74;74;74m[48;2;74;74;74m▀[0m[38;2;169;44;53m[48;2;169;44;53m▀[0m[38;2;74;74;74m[48;2;74;74;74m▀[0m[38;2;164;148;98m[48;2;164;148;98m▀[0m[38;2;164;148;98m[48;2;0;0;0m▀[0m[38;2;164;148;98m[48;2;0;0;0m▀[0m[38;2;0;0;0m▀ [38;2;0;0;0m▄[38;2;0;0;0m▄         
                     [38;2;0;0;0m▀[38;2;0;0;0m[48;2;0;0;0m▀[0m[38;2;169;44;53m[48;2;74;74;74m▀[0m[38;2;0;0;0m[48;2;169;44;53m▀[0m[38;2;0;0;0m▄[38;2;0;0;0m▄[38;2;0;0;0m▄[38;2;0;0;0m[48;2;169;44;53m▀[0m[38;2;169;44;53m[48;2;0;0;0m▀[0m[38;2;0;0;0m▀         
                       [38;2;0;0;0m▀[38;2;0;0;0m▀[38;2;169;44;53m[48;2;0;0;0m▀[0m[38;2;169;44;53m[48;2;0;0;0m▀[0m[38;2;169;44;53m[48;2;0;0;0m▀[0m[38;2;0;0;0m▀           
                                     [0m                                     