       [38;2;0;0;0m▄[38;2;0;0;0m▄[38;2;0;0;0m[48;2;255;149;180m▀[0m[38;2;0;0;0m[48;2;255;149;180m▀[0m[38;2;0;0;0m▄           
      [38;2;0;0;0m[48;2;0;0;0m▀[0m[38;2;214;106;137m[48;2;255;199;215m▀[0m[38;2;255;149;180m[48;2;214;106;137m▀[0m[38;2;214;106;137m[48;2;255;199;215m▀[0m[38;2;214;106;137m[48;2;255;255;255m▀[0m[38;2;255;149;180m[48;2;214;106;137m▀[0m[38;2;0;0;0m[48;2;0;0;0m▀[0m          
     [38;2;0;0;0m[48;2;0;0;0m▀[0m[38;2;255;199;215m[48;2;214;106;137m▀[0m[38;2;255;199;215m[48;2;255;199;215m▀[0m[38;2;255;199;215m[48;2;214;106;137m▀[0m[38;2;255;199;215m[48;2;214;106;137m▀[0m[38;2;255;199;215m[48;2;255;199;215m▀[0m[38;2;255;199;215m[48;2;0;0;0m▀[0m[38;2;0;0;0m▀          
     [38;2;0;0;0m▀[38;2;255;149;180m[48;2;0;0;0m▀[0m[38;2;214;106;137m[48;2;255;149;180m▀[0m[38;2;255;149;180m[48;2;255;149;180m▀[0m[38;2;255;149;180m[48;2;255;149;180m▀[0m[38;2;214;106;137m[48;2;65;65;65m▀[0m[38;2;0;0;0m[48;2;188;185;49m▀[0m[38;2;0;0;0m▄[38;2;0;0;0m[48;2;236;233;97m▀[0m[38;2;0;0;0m[48;2;0;0;0m▀[0m  [38;2;0;0;0m▄[38;2;0;0;0m[48;2;65;65;65m▀[0m[38;2;0;0;0m[48;2;255;149;180m▀[0m[38;2;0;0;0m[48;2;65;65;65m▀[0m[38;2;0;0;0m▄ 
      [38;2;0;0;0m[48;2;0;0;0m▀[0m[38;2;65;65;65m[48;2;236;233;97m▀[0m[38;2;255;149;180m[48;2;65;65;65m▀[0m[38;2;65;65;65m[48;2;236;233;97m▀[0m[38;2;188;185;49m[48;2;236;233;97m▀[0m[38;2;236;233;97m[48;2;65;65;65m▀[0m[38;2;236;233;97m[48;2;98;98;98m▀[0m[38;2;0;0;0m[48;2;0;0;0m▀[0m   [38;2;0;0;0m[48;2;0;0;0m▀[0m[38;2;255;149;180m[48;2;255;149;180m▀[0m[38;2;255;149;180m[48;2;214;106;137m▀[0m[38;2;255;149;180m[48;2;255;149;180m▀[0m[38;2;0;0;0m[48;2;0;0;0m▀[0m 
    [38;2;0;0;0m▄[38;2;0;0;0m[48;2;236;233;97m▀[0m[38;2;236;233;97m[48;2;236;233;97m▀[0m[38;2;236;233;97m[48;2;236;233;97m▀[0m[38;2;65;65;65m[48;2;236;233;97m▀[0m[38;2;236;233;97m[48;2;236;233;97m▀[0m[38;2;0;0;0m[48;2;246;82;88m▀[0m[38;2;255;255;255m[48;2;255;255;255m▀[0m[38;2;188;185;49m[48;2;188;185;49m▀[0m[38;2;188;185;49m[48;2;188;185;49m▀[0m[38;2;0;0;0m[48;2;0;0;0m▀[0m   [38;2;0;0;0m[48;2;0;0;0m▀[0m[38;2;255;199;215m[48;2;214;106;137m▀[0m[38;2;0;0;0m[48;2;0;0;0m▀[0m  
    [38;2;0;0;0m▀[38;2;236;233;97m[48;2;0;0;0m▀[0m[38;2;236;233;97m[48;2;236;233;97m▀[0m[38;2;65;65;65m[48;2;188;185;49m▀[0m[38;2;236;233;97m[48;2;236;233;97m▀[0m[38;2;236;233;97m[48;2;188;185;49m▀[0m[38;2;236;233;97m[48;2;188;185;49m▀[0m[38;2;255;255;255m[48;2;188;185;49m▀[0m[38;2;188;185;49m[48;2;188;185;49m▀[0m[38;2;188;185;49m[48;2;0;0;0m▀[0m[38;2;0;0;0m▀  [38;2;0;0;0m▄[38;2;0;0;0m[48;2;188;185;49m▀[0m[38;2;236;233;97m[48;2;236;233;97m▀[0m[38;2;0;0;0m[48;2;0;0;0m▀[0m  
      [38;2;0;0;0m▀[38;2;236;233;97m[48;2;0;0;0m▀[0m[38;2;188;185;49m[48;2;188;185;49m▀[0m[38;2;188;185;49m[48;2;65;65;65m▀[0m[38;2;65;65;65m[48;2;188;185;49m▀[0m[38;2;65;65;65m[48;2;255;149;180m▀[0m[38;2;214;106;137m[48;2;255;149;180m▀[0m[38;2;65;65;65m[48;2;98;98;98m▀[0m[38;2;0;0;0m[48;2;236;233;97m▀[0m[38;2;0;0;0m▄[38;2;0;0;0m▄[38;2;0;0;0m[48;2;188;185;49m▀[0m[38;2;236;233;97m[48;2;188;185;49m▀[0m[38;2;188;185;49m[48;2;188;185;49m▀[0m[38;2;0;0;0m[48;2;0;0;0m▀[0m  
    [38;2;0;0;0m▄[38;2;0;0;0m▄[38;2;0;0;0m[48;2;214;106;137m▀[0m[38;2;214;106;137m[48;2;65;65;65m▀[0m[38;2;65;65;65m[48;2;0;0;0m▀[0m[38;2;0;0;0m▀[38;2;255;149;180m[48;2;0;0;0m▀[0m[38;2;255;149;180m[48;2;98;98;98m▀[0m[38;2;98;98;98m[48;2;236;233;97m▀[0m[38;2;236;233;97m[48;2;65;65;65m▀[0m[38;2;236;233;97m[48;2;65;65;65m▀[0m[38;2;65;65;65m[48;2;255;149;180m▀[0m[38;2;188;185;49m[48;2;65;65;65m▀[0m[38;2;188;185;49m[48;2;188;185;49m▀[0m[38;2;188;185;49m[48;2;188;185;49m▀[0m[38;2;0;0;0m[48;2;0;0;0m▀[0m   
  [38;2;0;0;0m▄[38;2;0;0;0m[48;2;255;149;180m▀[0m[38;2;255;149;180m[48;2;65;65;65m▀[0m[38;2;65;65;65m[48;2;65;65;65m▀[0m[38;2;65;65;65m[48;2;0;0;0m▀[0m[38;2;0;0;0m▀ [38;2;0;0;0m▄[38;2;0;0;0m[48;2;65;65;65m▀[0m[38;2;236;233;97m[48;2;188;185;49m▀[0m[38;2;236;233;97m[48;2;236;233;97m▀[0m[38;2;65;65;65m[48;2;236;233;97m▀[0m[38;2;255;149;180m[48;2;65;65;65m▀[0m[38;2;255;149;180m[48;2;214;106;137m▀[0m[38;2;65;65;65m[48;2;255;149;180m▀[0m[38;2;188;185;49m[48;2;0;0;0m▀[0m[38;2;0;0;0m▀    
 [38;2;0;0;0m[48;2;0;0;0m▀[0m[38;2;255;149;180m[48;2;255;149;180m▀[0m[38;2;65;65;65m[48;2;65;65;65m▀[0m[38;2;65;65;65m[48;2;65;65;65m▀[0m[38;2;65;65;65m[48;2;0;0;0m▀[0m[38;2;0;0;0m▀ [38;2;0;0;0m[48;2;0;0;0m▀[0m[38;2;188;185;49m[48;2;65;65;65m▀[0m[38;2;188;185;49m[48;2;188;185;49m▀[0m[38;2;65;65;65m[48;2;188;185;49m▀[0m[38;2;188;185;49m[48;2;0;0;0m▀[0m[38;2;188;185;49m[48;2;188;185;49m▀[0m[38;2;65;65;65m[48;2;65;65;65m▀[0m[38;2;255;149;180m[48;2;214;106;137m▀[0m[38;2;255;149;180m[48;2;255;149;180m▀[0m[38;2;0;0;0m[48;2;0;0;0m▀[0m     
  [38;2;0;0;0m▀[38;2;0;0;0m▀[38;2;0;0;0m▀    [38;2;0;0;0m▀[38;2;0;0;0m▀[38;2;0;0;0m▀ [38;2;0;0;0m[48;2;0;0;0m▀[0m[38;2;65;65;65m[48;2;255;149;180m▀[0m[38;2;255;149;180m[48;2;255;149;180m▀[0m[38;2;214;106;137m[48;2;246;82;88m▀[0m[38;2;0;0;0m[48;2;0;0;0m▀[0m     
             [38;2;0;0;0m[48;2;0;0;0m▀[0m[38;2;255;149;180m[48;2;255;149;180m▀[0m[38;2;246;82;88m[48;2;246;82;88m▀[0m[38;2;246;82;88m[48;2;0;0;0m▀[0m[38;2;0;0;0m▀     
                            [38;2;0;0;0m▀[38;2;0;0;0m▀                      
                                     [0m                                     