           [38;2;0;0;0m▄[38;2;0;0;0m▄[38;2;0;0;0m[48;2;255;240;137m▀[0m[38;2;0;0;0m[48;2;255;240;137m▀[0m[38;2;0;0;0m[48;2;255;240;137m▀[0m[38;2;0;0;0m▄         
    [38;2;0;0;0m▄[38;2;0;0;0m▄[38;2;0;0;0m▄[38;2;0;0;0m[48;2;99;90;156m▀[0m[38;2;0;0;0m[48;2;65;65;65m▀[0m[38;2;0;0;0m[48;2;255;240;137m▀[0m[38;2;0;0;0m[48;2;255;240;137m▀[0m[38;2;255;240;137m[48;2;255;240;137m▀[0m[38;2;255;240;137m[48;2;255;240;137m▀[0m[38;2;255;240;137m[48;2;255;240;137m▀[0m[38;2;255;240;137m[48;2;255;196;47m▀[0m[38;2;255;196;47m[48;2;65;65;65m▀[0m[38;2;0;0;0m[48;2;0;0;0m▀[0m         
   [38;2;0;0;0m[48;2;0;0;0m▀[0m[38;2;208;155;190m[48;2;208;155;190m▀[0m[38;2;208;155;190m[48;2;208;155;190m▀[0m[38;2;65;65;65m[48;2;65;65;65m▀[0m[38;2;99;90;156m[48;2;99;90;156m▀[0m[38;2;255;240;137m[48;2;255;240;137m▀[0m[38;2;255;240;137m[48;2;255;240;137m▀[0m[38;2;255;240;137m[48;2;255;196;47m▀[0m[38;2;255;240;137m[48;2;65;65;65m▀[0m[38;2;255;196;47m[48;2;65;65;65m▀[0m[38;2;65;65;65m[48;2;99;90;156m▀[0m[38;2;65;65;65m[48;2;99;90;156m▀[0m[38;2;99;90;156m[48;2;99;90;156m▀[0m[38;2;99;90;156m[48;2;99;90;156m▀[0m[38;2;0;0;0m[48;2;0;0;0m▀[0m        
 [38;2;0;0;0m▄[38;2;0;0;0m[48;2;208;155;190m▀[0m[38;2;65;65;65m[48;2;176;123;158m▀[0m[38;2;208;155;190m[48;2;208;155;190m▀[0m[38;2;208;155;190m[48;2;176;123;158m▀[0m[38;2;65;65;65m[48;2;65;65;65m▀[0m[38;2;99;90;156m[48;2;65;65;65m▀[0m[38;2;255;240;137m[48;2;255;240;137m▀[0m[38;2;255;240;137m[48;2;99;90;156m▀[0m[38;2;65;65;65m[48;2;99;90;156m▀[0m[38;2;99;90;156m[48;2;99;90;156m▀[0m[38;2;99;90;156m[48;2;65;65;65m▀[0m[38;2;99;90;156m[48;2;65;65;65m▀[0m[38;2;65;65;65m[48;2;202;125;0m▀[0m[38;2;65;65;65m[48;2;255;240;137m▀[0m[38;2;255;240;137m[48;2;202;125;0m▀[0m[38;2;255;240;137m[48;2;255;196;47m▀[0m[38;2;0;0;0m[48;2;0;0;0m▀[0m       
 [38;2;0;0;0m▀[38;2;208;155;190m[48;2;0;0;0m▀[0m[38;2;208;155;190m[48;2;208;155;190m▀[0m[38;2;208;155;190m[48;2;65;65;65m▀[0m[38;2;65;65;65m[48;2;255;240;137m▀[0m[38;2;255;240;137m[48;2;255;240;137m▀[0m[38;2;65;65;65m[48;2;255;196;47m▀[0m[38;2;99;90;156m[48;2;65;65;65m▀[0m[38;2;99;90;156m[48;2;65;65;65m▀[0m[38;2;65;65;65m[48;2;255;196;47m▀[0m[38;2;0;0;0m[48;2;255;196;47m▀[0m[38;2;255;255;255m[48;2;255;196;47m▀[0m[38;2;255;196;47m[48;2;202;125;0m▀[0m[38;2;255;196;47m[48;2;65;65;65m▀[0m[38;2;255;196;47m[48;2;65;65;65m▀[0m[38;2;255;196;47m[48;2;65;65;65m▀[0m[38;2;65;65;65m[48;2;255;196;47m▀[0m[38;2;0;0;0m[48;2;255;196;47m▀[0m[38;2;0;0;0m▄[38;2;0;0;0m[48;2;208;155;190m▀[0m[38;2;0;0;0m[48;2;208;155;190m▀[0m[38;2;0;0;0m▄   
   [38;2;0;0;0m▀[38;2;0;0;0m[48;2;0;0;0m▀[0m[38;2;255;240;137m[48;2;255;196;47m▀[0m[38;2;255;240;137m[48;2;255;240;137m▀[0m[38;2;255;240;137m[48;2;255;240;137m▀[0m[38;2;255;240;137m[48;2;255;240;137m▀[0m[38;2;255;196;47m[48;2;255;240;137m▀[0m[38;2;65;65;65m[48;2;255;240;137m▀[0m[38;2;65;65;65m[48;2;255;240;137m▀[0m[38;2;65;65;65m[48;2;255;240;137m▀[0m[38;2;65;65;65m[48;2;255;240;137m▀[0m[38;2;255;196;47m[48;2;255;240;137m▀[0m[38;2;255;196;47m[48;2;255;196;47m▀[0m[38;2;255;196;47m[48;2;65;65;65m▀[0m[38;2;255;196;47m[48;2;65;65;65m▀[0m[38;2;202;125;0m[48;2;65;65;65m▀[0m[38;2;65;65;65m[48;2;208;155;190m▀[0m[38;2;208;155;190m[48;2;208;155;190m▀[0m[38;2;208;155;190m[48;2;176;123;158m▀[0m[38;2;0;0;0m[48;2;65;65;65m▀[0m[38;2;0;0;0m▄  
  [38;2;0;0;0m▄[38;2;0;0;0m[48;2;225;68;35m▀[0m[38;2;225;68;35m[48;2;225;68;35m▀[0m[38;2;65;65;65m[48;2;65;65;65m▀[0m[38;2;208;155;190m[48;2;208;155;190m▀[0m[38;2;255;196;47m[48;2;208;155;190m▀[0m[38;2;255;240;137m[48;2;208;155;190m▀[0m[38;2;255;240;137m[48;2;176;123;158m▀[0m[38;2;255;240;137m[48;2;255;196;47m▀[0m[38;2;255;240;137m[48;2;255;196;47m▀[0m[38;2;255;240;137m[48;2;65;65;65m▀[0m[38;2;255;240;137m[48;2;65;65;65m▀[0m[38;2;255;196;47m[48;2;65;65;65m▀[0m[38;2;65;65;65m[48;2;65;65;65m▀[0m[38;2;208;155;190m[48;2;208;155;190m▀[0m[38;2;208;155;190m[48;2;208;155;190m▀[0m[38;2;65;65;65m[48;2;208;155;190m▀[0m[38;2;208;155;190m[48;2;208;155;190m▀[0m[38;2;208;155;190m[48;2;208;155;190m▀[0m[38;2;65;65;65m[48;2;208;155;190m▀[0m[38;2;208;155;190m[48;2;208;155;190m▀[0m[38;2;208;155;190m[48;2;208;155;190m▀[0m[38;2;0;0;0m[48;2;0;0;0m▀[0m 
  [38;2;0;0;0m▀[38;2;225;68;35m[48;2;0;0;0m▀[0m[38;2;65;65;65m[48;2;255;110;79m▀[0m[38;2;255;110;79m[48;2;225;68;35m▀[0m[38;2;65;65;65m[48;2;255;110;79m▀[0m[38;2;208;155;190m[48;2;65;65;65m▀[0m[38;2;176;123;158m[48;2;65;65;65m▀[0m[38;2;65;65;65m[48;2;225;68;35m▀[0m[38;2;65;65;65m[48;2;225;68;35m▀[0m[38;2;65;65;65m[48;2;225;68;35m▀[0m[38;2;225;68;35m[48;2;225;68;35m▀[0m[38;2;225;68;35m[48;2;225;68;35m▀[0m[38;2;225;68;35m[48;2;225;68;35m▀[0m[38;2;65;65;65m[48;2;255;110;79m▀[0m[38;2;176;123;158m[48;2;65;65;65m▀[0m[38;2;208;155;190m[48;2;208;155;190m▀[0m[38;2;208;155;190m[48;2;208;155;190m▀[0m[38;2;208;155;190m[48;2;208;155;190m▀[0m[38;2;208;155;190m[48;2;176;123;158m▀[0m[38;2;208;155;190m[48;2;65;65;65m▀[0m[38;2;65;65;65m[48;2;0;0;0m▀[0m[38;2;0;0;0m▀  
   [38;2;0;0;0m▀[38;2;255;110;79m[48;2;0;0;0m▀[0m[38;2;255;110;79m[48;2;65;65;65m▀[0m[38;2;255;110;79m[48;2;255;110;79m▀[0m[38;2;225;68;35m[48;2;255;110;79m▀[0m[38;2;255;110;79m[48;2;255;110;79m▀[0m[38;2;255;110;79m[48;2;65;65;65m▀[0m[38;2;65;65;65m[48;2;99;90;156m▀[0m[38;2;255;110;79m[48;2;255;110;79m▀[0m[38;2;225;68;35m[48;2;255;110;79m▀[0m[38;2;255;110;79m[48;2;255;110;79m▀[0m[38;2;225;68;35m[48;2;255;110;79m▀[0m[38;2;255;110;79m[48;2;99;90;156m▀[0m[38;2;255;110;79m[48;2;255;110;79m▀[0m[38;2;65;65;65m[48;2;255;110;79m▀[0m[38;2;65;65;65m[48;2;255;110;79m▀[0m[38;2;65;65;65m[48;2;255;110;79m▀[0m[38;2;65;65;65m[48;2;99;90;156m▀[0m[38;2;99;90;156m[48;2;99;90;156m▀[0m[38;2;0;0;0m[48;2;0;0;0m▀[0m   
    [38;2;0;0;0m▀[38;2;176;123;158m[48;2;0;0;0m▀[0m[38;2;65;65;65m[48;2;176;123;158m▀[0m[38;2;65;65;65m[48;2;176;123;158m▀[0m[38;2;65;65;65m[48;2;0;0;0m▀[0m[38;2;99;90;156m[48;2;0;0;0m▀[0m[38;2;0;0;0m▀[38;2;65;65;65m[48;2;0;0;0m▀[0m[38;2;255;110;79m[48;2;0;0;0m▀[0m[38;2;255;110;79m[48;2;99;90;156m▀[0m[38;2;255;110;79m[48;2;99;90;156m▀[0m[38;2;99;90;156m[48;2;99;90;156m▀[0m[38;2;99;90;156m[48;2;99;90;156m▀[0m[38;2;255;110;79m[48;2;99;90;156m▀[0m[38;2;255;110;79m[48;2;99;90;156m▀[0m[38;2;255;110;79m[48;2;65;65;65m▀[0m[38;2;99;90;156m[48;2;0;0;0m▀[0m[38;2;0;0;0m▀    
      [38;2;0;0;0m▀[38;2;0;0;0m▀     [38;2;0;0;0m▀[38;2;0;0;0m▀[38;2;0;0;0m▀[38;2;65;65;65m[48;2;0;0;0m▀[0m[38;2;65;65;65m[48;2;176;123;158m▀[0m[38;2;65;65;65m[48;2;176;123;158m▀[0m[38;2;176;123;158m[48;2;0;0;0m▀[0m[38;2;0;0;0m▀     
                              [38;2;0;0;0m▀[38;2;0;0;0m▀                    
                                     [0m                                     