                 [38;2;0;0;0m▄[38;2;0;0;0m[48;2;215;210;219m▀[0m[38;2;0;0;0m▄         
              [38;2;0;0;0m▄[38;2;0;0;0m[48;2;215;210;219m▀[0m[38;2;0;0;0m[48;2;211;206;215m▀[0m[38;2;215;210;219m[48;2;211;206;215m▀[0m[38;2;215;210;219m[48;2;170;165;174m▀[0m[38;2;0;0;0m[48;2;0;0;0m▀[0m         
  [38;2;0;0;0m▄[38;2;0;0;0m▄[38;2;0;0;0m[48;2;212;207;216m▀[0m[38;2;0;0;0m[48;2;212;207;216m▀[0m[38;2;0;0;0m[48;2;255;255;255m▀[0m[38;2;0;0;0m[48;2;255;255;255m▀[0m[38;2;0;0;0m[48;2;212;207;216m▀[0m[38;2;0;0;0m[48;2;212;207;216m▀[0m[38;2;0;0;0m▄[38;2;0;0;0m▄[38;2;0;0;0m[48;2;170;165;174m▀[0m[38;2;0;0;0m[48;2;211;206;215m▀[0m[38;2;215;210;219m[48;2;215;210;219m▀[0m[38;2;215;210;219m[48;2;215;210;219m▀[0m[38;2;211;206;215m[48;2;169;164;173m▀[0m[38;2;170;165;174m[48;2;169;164;173m▀[0m[38;2;170;165;174m[48;2;60;58;57m▀[0m[38;2;170;165;174m[48;2;170;165;174m▀[0m[38;2;0;0;0m[48;2;0;0;0m▀[0m        
 [38;2;0;0;0m[48;2;0;0;0m▀[0m[38;2;215;210;219m[48;2;170;165;174m▀[0m[38;2;215;210;219m[48;2;170;165;174m▀[0m[38;2;212;207;216m[48;2;66;65;66m▀[0m[38;2;212;207;216m[48;2;66;65;66m▀[0m[38;2;212;207;216m[48;2;66;65;66m▀[0m[38;2;212;207;216m[48;2;216;211;220m▀[0m[38;2;212;207;216m[48;2;215;210;219m▀[0m[38;2;212;207;216m[48;2;215;210;219m▀[0m[38;2;215;210;219m[48;2;212;207;216m▀[0m[38;2;215;210;219m[48;2;212;207;216m▀[0m[38;2;211;206;215m[48;2;212;207;216m▀[0m[38;2;211;206;215m[48;2;255;255;255m▀[0m[38;2;169;164;173m[48;2;255;255;255m▀[0m[38;2;169;164;173m[48;2;169;164;173m▀[0m[38;2;169;164;173m[48;2;146;141;150m▀[0m[38;2;169;164;173m[48;2;74;71;71m▀[0m[38;2;8;4;0m[48;2;0;0;0m▀[0m[38;2;170;165;174m[48;2;170;165;174m▀[0m[38;2;0;0;0m[48;2;170;165;174m▀[0m[38;2;0;0;0m▄       
  [38;2;0;0;0m▀[38;2;170;165;174m[48;2;0;0;0m▀[0m[38;2;170;165;174m[48;2;170;165;174m▀[0m[38;2;170;165;174m[48;2;60;58;57m▀[0m[38;2;166;161;170m[48;2;66;65;66m▀[0m[38;2;66;65;66m[48;2;170;165;174m▀[0m[38;2;66;65;66m[48;2;169;164;173m▀[0m[38;2;66;65;66m[48;2;169;164;173m▀[0m[38;2;212;207;216m[48;2;66;65;66m▀[0m[38;2;212;207;216m[48;2;66;65;66m▀[0m[38;2;255;255;255m[48;2;196;191;200m▀[0m[38;2;255;255;255m[48;2;255;255;255m▀[0m[38;2;255;255;255m[48;2;255;255;255m▀[0m[38;2;255;255;255m[48;2;212;207;216m▀[0m[38;2;219;214;223m[48;2;212;207;216m▀[0m[38;2;0;0;0m[48;2;212;207;216m▀[0m[38;2;0;0;0m▄[38;2;0;0;0m[48;2;71;68;68m▀[0m[38;2;170;165;174m[48;2;170;165;174m▀[0m[38;2;0;0;0m[48;2;170;165;174m▀[0m[38;2;0;0;0m▄      
   [38;2;0;0;0m▄[38;2;8;4;0m[48;2;211;206;215m▀[0m[38;2;170;165;174m[48;2;211;206;215m▀[0m[38;2;170;165;174m[48;2;225;220;229m▀[0m[38;2;170;165;174m[48;2;66;65;66m▀[0m[38;2;169;164;173m[48;2;66;65;66m▀[0m[38;2;169;164;173m[48;2;225;220;229m▀[0m[38;2;170;165;174m[48;2;211;206;215m▀[0m[38;2;170;165;174m[48;2;170;165;174m▀[0m[38;2;70;69;69m[48;2;203;198;207m▀[0m[38;2;70;69;69m[48;2;203;198;207m▀[0m[38;2;212;207;216m[48;2;66;65;66m▀[0m[38;2;212;207;216m[48;2;161;156;165m▀[0m[38;2;212;207;216m[48;2;211;206;215m▀[0m[38;2;212;207;216m[48;2;211;206;215m▀[0m[38;2;211;206;215m[48;2;215;210;219m▀[0m[38;2;71;68;68m[48;2;169;164;173m▀[0m[38;2;66;65;66m[48;2;66;65;66m▀[0m[38;2;170;165;174m[48;2;170;165;174m▀[0m[38;2;0;0;0m[48;2;170;165;174m▀[0m[38;2;0;0;0m▄     
  [38;2;0;0;0m▄[38;2;0;0;0m[48;2;215;210;219m▀[0m[38;2;211;206;215m[48;2;160;159;159m▀[0m[38;2;170;165;174m[48;2;66;65;74m▀[0m[38;2;66;65;66m[48;2;219;142;150m▀[0m[38;2;244;186;194m[48;2;238;194;199m▀[0m[38;2;244;186;194m[48;2;184;137;142m▀[0m[38;2;66;65;66m[48;2;245;200;206m▀[0m[38;2;211;206;215m[48;2;66;65;66m▀[0m[38;2;211;206;215m[48;2;215;210;219m▀[0m[38;2;255;255;255m[48;2;212;207;216m▀[0m[38;2;203;198;207m[48;2;255;255;255m▀[0m[38;2;207;202;211m[48;2;202;197;206m▀[0m[38;2;66;65;66m[48;2;171;166;175m▀[0m[38;2;170;165;174m[48;2;66;65;66m▀[0m[38;2;211;206;215m[48;2;170;165;174m▀[0m[38;2;215;210;219m[48;2;169;164;173m▀[0m[38;2;169;164;173m[48;2;169;164;173m▀[0m[38;2;170;165;174m[48;2;170;165;174m▀[0m[38;2;66;65;66m[48;2;66;65;66m▀[0m[38;2;170;165;174m[48;2;59;57;68m▀[0m[38;2;170;165;174m[48;2;175;170;179m▀[0m[38;2;0;0;0m[48;2;170;165;174m▀[0m[38;2;0;0;0m▄   
 [38;2;0;0;0m▄[38;2;0;0;0m[48;2;255;255;255m▀[0m[38;2;215;210;219m[48;2;212;207;216m▀[0m[38;2;66;65;74m[48;2;74;73;77m▀[0m[38;2;254;253;255m[48;2;0;0;0m▀[0m[38;2;238;194;199m[48;2;240;195;200m▀[0m[38;2;238;194;199m[48;2;240;195;200m▀[0m[38;2;245;200;206m[48;2;0;0;0m▀[0m[38;2;16;4;0m[48;2;255;255;255m▀[0m[38;2;66;65;66m[48;2;0;0;0m▀[0m[38;2;66;65;66m[48;2;238;194;199m▀[0m[38;2;212;207;216m[48;2;66;65;66m▀[0m[38;2;212;207;216m[48;2;215;210;219m▀[0m[38;2;216;211;220m[48;2;255;255;255m▀[0m[38;2;171;166;175m[48;2;212;207;216m▀[0m[38;2;170;165;174m[48;2;166;161;170m▀[0m[38;2;66;65;66m[48;2;66;65;66m▀[0m[38;2;169;164;173m[48;2;66;65;66m▀[0m[38;2;169;164;173m[48;2;170;165;174m▀[0m[38;2;170;165;174m[48;2;169;164;173m▀[0m[38;2;170;165;174m[48;2;169;164;173m▀[0m[38;2;59;57;68m[48;2;0;0;0m▀[0m[38;2;16;8;0m▀[38;2;170;165;174m[48;2;0;0;0m▀[0m[38;2;170;165;174m[48;2;170;165;174m▀[0m[38;2;0;0;0m[48;2;0;0;0m▀[0m  
 [38;2;0;0;0m[48;2;0;0;0m▀[0m[38;2;212;207;216m[48;2;214;209;218m▀[0m[38;2;212;207;216m[48;2;214;209;218m▀[0m[38;2;74;73;77m[48;2;216;211;220m▀[0m[38;2;238;194;199m[48;2;66;65;74m▀[0m[38;2;240;195;200m[48;2;243;190;197m▀[0m[38;2;240;195;200m[48;2;243;190;197m▀[0m[38;2;0;0;0m[48;2;243;190;197m▀[0m[38;2;0;0;0m[48;2;243;190;197m▀[0m[38;2;238;194;199m[48;2;244;186;194m▀[0m[38;2;238;194;199m[48;2;66;65;66m▀[0m[38;2;66;65;66m[48;2;212;207;216m▀[0m[38;2;215;210;219m[48;2;212;207;216m▀[0m[38;2;212;207;216m[48;2;212;207;216m▀[0m[38;2;212;207;216m[48;2;212;207;216m▀[0m[38;2;216;211;220m[48;2;214;209;218m▀[0m[38;2;66;65;66m[48;2;214;209;218m▀[0m[38;2;170;165;174m[48;2;66;65;66m▀[0m[38;2;170;165;174m[48;2;0;0;0m▀[0m[38;2;169;164;173m[48;2;0;0;0m▀[0m[38;2;169;164;173m[48;2;0;0;0m▀[0m[38;2;0;0;0m▀ [38;2;0;0;0m▀[38;2;170;165;174m[48;2;0;0;0m▀[0m[38;2;170;165;174m[48;2;215;210;219m▀[0m[38;2;0;0;0m[48;2;0;0;0m▀[0m 
 [38;2;0;0;0m▀[38;2;235;199;203m[48;2;0;0;0m▀[0m[38;2;235;199;203m[48;2;247;187;210m▀[0m[38;2;167;162;171m[48;2;216;211;220m▀[0m[38;2;167;162;171m[48;2;216;211;220m▀[0m[38;2;67;65;64m[48;2;66;65;66m▀[0m[38;2;201;145;151m[48;2;219;131;141m▀[0m[38;2;201;145;151m[48;2;66;65;66m▀[0m[38;2;67;65;64m[48;2;217;212;221m▀[0m[38;2;66;65;66m[48;2;214;209;218m▀[0m[38;2;224;219;228m[48;2;214;209;218m▀[0m[38;2;212;207;216m[48;2;214;209;218m▀[0m[38;2;212;207;216m[48;2;235;199;203m▀[0m[38;2;212;207;216m[48;2;235;199;203m▀[0m[38;2;212;207;216m[48;2;235;199;203m▀[0m[38;2;235;199;203m[48;2;235;199;203m▀[0m[38;2;235;199;203m[48;2;255;191;200m▀[0m[38;2;0;0;0m[48;2;0;0;0m▀[0m     [38;2;0;0;0m▄[38;2;0;0;0m[48;2;146;141;150m▀[0m[38;2;215;210;219m[48;2;215;210;219m▀[0m[38;2;0;0;0m[48;2;0;0;0m▀[0m 
  [38;2;0;0;0m▀[38;2;247;187;210m[48;2;0;0;0m▀[0m[38;2;216;211;220m[48;2;255;207;214m▀[0m[38;2;66;65;66m[48;2;255;207;214m▀[0m[38;2;170;165;174m[48;2;255;191;200m▀[0m[38;2;66;65;66m[48;2;66;65;66m▀[0m[38;2;255;166;177m[48;2;255;191;200m▀[0m[38;2;66;65;66m[48;2;255;191;200m▀[0m[38;2;170;165;174m[48;2;255;192;199m▀[0m[38;2;214;209;218m[48;2;255;192;199m▀[0m[38;2;235;199;203m[48;2;255;192;199m▀[0m[38;2;235;199;203m[48;2;255;192;199m▀[0m[38;2;235;199;203m[48;2;255;191;200m▀[0m[38;2;255;191;200m[48;2;255;191;200m▀[0m[38;2;255;191;200m[48;2;255;191;200m▀[0m[38;2;255;191;200m[48;2;0;0;0m▀[0m[38;2;0;0;0m▀  [38;2;0;0;0m▄[38;2;0;0;0m[48;2;255;192;199m▀[0m[38;2;0;0;0m[48;2;255;192;199m▀[0m[38;2;74;71;71m[48;2;255;211;222m▀[0m[38;2;219;214;223m[48;2;8;4;0m▀[0m[38;2;0;0;0m▀  
    [38;2;10;1;10m▀[38;2;191;120;133m[48;2;0;0;0m▀[0m[38;2;255;191;200m[48;2;236;124;165m▀[0m[38;2;255;191;200m[48;2;66;65;66m▀[0m[38;2;66;65;66m[48;2;214;132;153m▀[0m[38;2;255;191;200m[48;2;66;65;66m▀[0m[38;2;255;192;199m[48;2;255;192;199m▀[0m[38;2;255;192;199m[48;2;255;192;199m▀[0m[38;2;255;192;199m[48;2;217;131;152m▀[0m[38;2;255;192;199m[48;2;79;60;62m▀[0m[38;2;255;191;200m[48;2;0;0;0m▀[0m[38;2;0;0;0m▀[38;2;0;0;0m▀ [38;2;0;0;0m▄[38;2;0;0;0m▄[38;2;0;0;0m[48;2;212;207;216m▀[0m[38;2;66;65;66m[48;2;212;207;216m▀[0m[38;2;255;192;199m[48;2;79;60;62m▀[0m[38;2;255;192;199m[48;2;255;192;199m▀[0m[38;2;189;124;137m[48;2;211;127;159m▀[0m[38;2;8;4;0m[48;2;0;0;0m▀[0m   
     [38;2;0;0;0m▀[38;2;236;124;165m[48;2;0;0;0m▀[0m[38;2;236;124;165m[48;2;236;124;165m▀[0m[38;2;66;65;66m[48;2;255;191;200m▀[0m[38;2;255;199;214m[48;2;255;191;200m▀[0m[38;2;255;192;199m[48;2;255;192;199m▀[0m[38;2;255;192;199m[48;2;255;192;199m▀[0m[38;2;255;199;214m[48;2;209;133;144m▀[0m[38;2;217;131;152m[48;2;79;60;62m▀[0m[38;2;66;65;66m[48;2;231;127;159m▀[0m[38;2;0;0;0m[48;2;231;127;159m▀[0m[38;2;0;0;0m▄[38;2;0;0;0m▀[38;2;215;210;219m[48;2;0;0;0m▀[0m[38;2;215;210;219m[48;2;66;65;66m▀[0m[38;2;212;207;216m[48;2;66;65;66m▀[0m[38;2;212;207;216m[48;2;215;210;219m▀[0m[38;2;212;207;216m[48;2;212;207;216m▀[0m[38;2;79;60;62m[48;2;169;164;173m▀[0m[38;2;105;64;79m[48;2;0;0;0m▀[0m    
     [38;2;0;0;0m[48;2;0;0;0m▀[0m[38;2;236;124;165m[48;2;234;130;162m▀[0m[38;2;236;124;165m[48;2;74;52;63m▀[0m[38;2;79;60;62m[48;2;255;255;255m▀[0m[38;2;209;133;144m[48;2;66;65;66m▀[0m[38;2;255;192;199m[48;2;66;65;66m▀[0m[38;2;255;192;199m[48;2;255;191;200m▀[0m[38;2;255;191;200m[48;2;209;133;144m▀[0m[38;2;255;191;200m[48;2;255;191;200m▀[0m[38;2;231;127;159m[48;2;255;191;200m▀[0m[38;2;231;127;159m[48;2;231;127;164m▀[0m[38;2;236;124;165m[48;2;236;124;165m▀[0m[38;2;0;0;0m[48;2;0;0;0m▀[0m[38;2;0;0;0m▄[38;2;0;0;0m[48;2;215;210;219m▀[0m[38;2;215;210;219m[48;2;170;165;174m▀[0m[38;2;66;65;66m[48;2;8;4;0m▀[0m[38;2;169;164;173m[48;2;60;58;57m▀[0m[38;2;169;164;173m[48;2;8;4;0m▀[0m[38;2;0;0;0m▀    
      [38;2;4;2;2m▀[38;2;74;52;63m[48;2;0;0;0m▀[0m[38;2;255;255;255m[48;2;205;200;209m▀[0m[38;2;66;65;66m[48;2;205;200;209m▀[0m[38;2;255;191;200m[48;2;66;65;66m▀[0m[38;2;255;191;200m[48;2;66;65;66m▀[0m[38;2;79;60;62m[48;2;205;200;209m▀[0m[38;2;255;191;200m[48;2;66;65;66m▀[0m[38;2;231;127;164m[48;2;66;65;66m▀[0m[38;2;231;127;164m[48;2;235;199;203m▀[0m[38;2;236;124;165m[48;2;0;0;0m▀[0m[38;2;0;0;0m▀ [38;2;0;0;0m▀[38;2;8;4;0m▀[38;2;60;58;57m[48;2;0;0;0m▀[0m[38;2;170;165;174m[48;2;170;165;174m▀[0m[38;2;8;4;0m[48;2;0;0;0m▀[0m     
       [38;2;0;0;0m▄[38;2;0;0;0m[48;2;205;200;209m▀[0m[38;2;205;200;209m[48;2;205;200;209m▀[0m[38;2;205;200;209m[48;2;0;0;0m▀[0m[38;2;205;200;209m[48;2;255;255;255m▀[0m[38;2;205;200;209m[48;2;193;188;197m▀[0m[38;2;205;200;209m[48;2;62;60;79m▀[0m[38;2;235;199;203m[48;2;205;200;209m▀[0m[38;2;66;65;66m[48;2;205;200;209m▀[0m[38;2;66;65;66m[48;2;205;200;209m▀[0m[38;2;0;0;0m[48;2;205;200;209m▀[0m[38;2;0;0;0m▄   [38;2;0;0;0m▀      
        [38;2;0;0;0m▀[38;2;0;0;0m▀ [38;2;0;0;0m▀[38;2;255;255;255m[48;2;0;0;0m▀[0m[38;2;255;255;255m[48;2;0;0;0m▀[0m[38;2;67;66;66m[48;2;0;0;0m▀[0m[38;2;0;0;0m▀[38;2;0;0;0m▀[38;2;0;0;0m▀           
                                     [0m                                     