            [38;2;0;0;0m▄[38;2;0;0;0m▄[38;2;0;0;0m[48;2;255;255;255m▀[0m[38;2;0;0;0m[48;2;255;255;255m▀[0m[38;2;0;0;0m▄ [38;2;0;0;0m▄     
         [38;2;0;0;0m▄[38;2;0;0;0m[48;2;247;199;206m▀[0m[38;2;0;0;0m[48;2;247;199;206m▀[0m[38;2;247;219;222m[48;2;247;199;206m▀[0m[38;2;247;219;222m[48;2;247;199;206m▀[0m[38;2;255;243;247m[48;2;255;243;247m▀[0m[38;2;201;181;189m[48;2;70;69;69m▀[0m[38;2;217;197;205m[48;2;217;197;205m▀[0m[38;2;0;0;0m[48;2;217;197;205m▀[0m[38;2;217;197;205m[48;2;0;0;0m▀[0m[38;2;0;0;0m▀    
    [38;2;0;0;0m▄[38;2;0;0;0m▄[38;2;0;0;0m[48;2;218;209;209m▀[0m[38;2;0;0;0m[48;2;218;209;209m▀[0m[38;2;0;0;0m[48;2;219;210;209m▀[0m[38;2;73;69;69m[48;2;219;210;209m▀[0m[38;2;205;156;173m[48;2;218;209;209m▀[0m[38;2;205;156;173m[48;2;218;209;209m▀[0m[38;2;247;199;206m[48;2;203;155;172m▀[0m[38;2;247;199;206m[48;2;203;155;172m▀[0m[38;2;247;199;206m[48;2;247;199;206m▀[0m[38;2;82;66;68m[48;2;0;0;0m▀[0m[38;2;0;0;0m▀[38;2;0;0;0m▀      
  [38;2;0;0;0m▄[38;2;0;0;0m[48;2;255;255;255m▀[0m[38;2;215;206;206m[48;2;215;206;206m▀[0m[38;2;215;206;206m[48;2;215;206;206m▀[0m[38;2;215;206;206m[48;2;215;206;206m▀[0m[38;2;215;206;206m[48;2;215;206;206m▀[0m[38;2;215;206;206m[48;2;215;206;206m▀[0m[38;2;215;206;206m[48;2;215;206;206m▀[0m[38;2;215;206;206m[48;2;255;255;255m▀[0m[38;2;215;206;206m[48;2;215;206;206m▀[0m[38;2;215;206;206m[48;2;215;206;206m▀[0m[38;2;215;206;206m[48;2;215;206;206m▀[0m[38;2;158;138;146m[48;2;235;231;231m▀[0m[38;2;16;4;0m[48;2;235;231;231m▀[0m[38;2;0;0;0m▄       
 [38;2;0;0;0m▄[38;2;0;0;0m[48;2;240;237;237m▀[0m[38;2;240;237;237m[48;2;240;237;237m▀[0m[38;2;218;209;209m[48;2;218;209;209m▀[0m[38;2;218;209;209m[48;2;66;65;66m▀[0m[38;2;66;65;66m[48;2;218;209;209m▀[0m[38;2;218;209;209m[48;2;218;209;209m▀[0m[38;2;215;205;204m[48;2;66;65;66m▀[0m[38;2;215;205;204m[48;2;165;158;158m▀[0m[38;2;215;206;206m[48;2;215;206;206m▀[0m[38;2;215;206;206m[48;2;215;206;206m▀[0m[38;2;215;206;206m[48;2;255;255;255m▀[0m[38;2;255;255;255m[48;2;255;255;255m▀[0m[38;2;215;206;206m[48;2;255;255;255m▀[0m[38;2;215;206;206m[48;2;215;206;206m▀[0m[38;2;218;209;209m[48;2;218;209;209m▀[0m[38;2;0;0;0m[48;2;0;0;0m▀[0m      
 [38;2;0;0;0m[48;2;0;0;0m▀[0m[38;2;215;205;205m[48;2;215;205;205m▀[0m[38;2;215;205;205m[48;2;181;157;170m▀[0m[38;2;181;157;170m[48;2;181;157;170m▀[0m[38;2;66;65;66m[48;2;66;65;66m▀[0m[38;2;221;207;207m[48;2;172;159;161m▀[0m[38;2;66;65;74m[48;2;172;159;161m▀[0m[38;2;221;207;207m[48;2;168;160;159m▀[0m[38;2;66;65;66m[48;2;66;65;66m▀[0m[38;2;181;157;170m[48;2;66;65;66m▀[0m[38;2;181;157;170m[48;2;181;157;170m▀[0m[38;2;217;205;211m[48;2;181;157;170m▀[0m[38;2;255;255;255m[48;2;181;157;170m▀[0m[38;2;215;206;206m[48;2;215;206;206m▀[0m[38;2;215;206;206m[48;2;215;206;206m▀[0m[38;2;215;206;206m[48;2;215;206;206m▀[0m[38;2;215;206;206m[48;2;215;206;206m▀[0m[38;2;0;0;0m[48;2;0;0;0m▀[0m     
  [38;2;0;0;0m[48;2;0;0;0m▀[0m[38;2;181;157;170m[48;2;181;157;170m▀[0m[38;2;66;65;66m[48;2;66;65;66m▀[0m[38;2;181;157;170m[48;2;66;65;66m▀[0m[38;2;66;65;66m[48;2;247;199;206m▀[0m[38;2;66;65;66m[48;2;247;199;206m▀[0m[38;2;82;75;77m[48;2;247;227;231m▀[0m[38;2;247;227;231m[48;2;0;0;0m▀[0m[38;2;0;0;0m[48;2;247;199;206m▀[0m[38;2;82;66;68m[48;2;247;199;206m▀[0m[38;2;66;65;66m[48;2;66;65;66m▀[0m[38;2;181;157;170m[48;2;66;65;66m▀[0m[38;2;177;157;165m[48;2;177;157;165m▀[0m[38;2;218;209;209m[48;2;177;157;165m▀[0m[38;2;215;206;206m[48;2;215;206;206m▀[0m[38;2;215;206;206m[48;2;215;206;206m▀[0m[38;2;0;0;0m[48;2;0;0;0m▀[0m     
   [38;2;0;0;0m▀[38;2;181;157;170m[48;2;8;4;0m▀[0m[38;2;62;55;60m[48;2;181;157;170m▀[0m[38;2;68;62;64m[48;2;175;155;163m▀[0m[38;2;247;199;206m[48;2;68;62;64m▀[0m[38;2;247;199;206m[48;2;74;65;66m▀[0m[38;2;247;199;206m[48;2;189;154;159m▀[0m[38;2;247;199;206m[48;2;66;65;66m▀[0m[38;2;66;65;66m[48;2;66;65;66m▀[0m[38;2;181;157;170m[48;2;181;157;170m▀[0m[38;2;66;65;66m[48;2;181;157;170m▀[0m[38;2;178;155;167m[48;2;178;155;167m▀[0m[38;2;178;155;167m[48;2;178;155;167m▀[0m[38;2;181;157;170m[48;2;0;0;0m▀[0m[38;2;0;0;0m▀      
   [38;2;0;0;0m▄[38;2;8;4;0m[48;2;181;157;170m▀[0m[38;2;62;55;60m[48;2;181;157;170m▀[0m[38;2;66;65;66m[48;2;66;65;66m▀[0m[38;2;206;154;173m[48;2;66;65;66m▀[0m[38;2;82;69;66m[48;2;197;193;192m▀[0m[38;2;255;255;255m[48;2;255;255;255m▀[0m[38;2;192;154;164m[48;2;66;65;66m▀[0m[38;2;255;199;214m[48;2;66;65;66m▀[0m[38;2;77;73;82m[48;2;255;199;214m▀[0m[38;2;160;140;148m[48;2;5;3;3m▀[0m[38;2;175;155;163m[48;2;68;62;64m▀[0m[38;2;68;62;64m[48;2;222;203;222m▀[0m[38;2;71;68;68m[48;2;71;68;68m▀[0m[38;2;0;0;0m[48;2;214;206;206m▀[0m[38;2;0;0;0m[48;2;205;198;197m▀[0m[38;2;102;98;98m▄[38;2;0;0;0m[48;2;218;209;209m▀[0m[38;2;0;0;0m▄  
   [38;2;0;0;0m▀[38;2;181;157;170m[48;2;0;0;0m▀[0m[38;2;181;157;170m[48;2;0;0;0m▀[0m[38;2;181;157;170m[48;2;0;0;0m▀[0m[38;2;0;0;0m[48;2;0;0;0m▀[0m[38;2;203;155;172m[48;2;247;199;206m▀[0m[38;2;247;199;206m[48;2;247;199;206m▀[0m[38;2;247;199;206m[48;2;247;199;206m▀[0m[38;2;247;199;206m[48;2;203;155;172m▀[0m[38;2;0;0;0m[48;2;0;0;0m▀[0m [38;2;8;4;0m[48;2;8;4;0m▀[0m[38;2;62;55;60m[48;2;181;157;170m▀[0m[38;2;177;157;165m[48;2;177;157;165m▀[0m[38;2;218;209;209m[48;2;177;157;165m▀[0m[38;2;218;209;209m[48;2;177;157;165m▀[0m[38;2;218;209;209m[48;2;177;157;165m▀[0m[38;2;152;144;144m[48;2;0;4;0m▀[0m[38;2;228;217;216m[48;2;0;4;0m▀[0m[38;2;0;0;0m▀ 
        [38;2;0;0;0m▀[38;2;181;157;170m[48;2;0;0;0m▀[0m[38;2;218;209;209m[48;2;0;0;0m▀[0m[38;2;0;0;0m▀   [38;2;0;0;0m▀[38;2;181;157;170m[48;2;0;0;0m▀[0m[38;2;181;157;170m[48;2;0;0;0m▀[0m[38;2;181;157;170m[48;2;0;0;0m▀[0m[38;2;0;0;0m▀    
                                     [0m                                     