             [38;2;0;0;0m▄[38;2;0;0;0m[48;2;156;123;214m▀[0m[38;2;0;0;0m▄                
            [38;2;0;0;0m▄[38;2;0;0;0m[48;2;156;123;214m▀[0m[38;2;156;123;214m[48;2;156;123;214m▀[0m[38;2;0;0;0m[48;2;123;99;181m▀[0m[38;2;0;0;0m▄               
        [38;2;0;0;0m[48;2;0;0;0m▀[0m[38;2;0;0;0m[48;2;123;99;181m▀[0m[38;2;0;0;0m▄[38;2;0;0;0m▄[38;2;0;0;0m[48;2;156;123;214m▀[0m[38;2;156;123;214m[48;2;156;123;214m▀[0m[38;2;156;123;214m[48;2;123;99;181m▀[0m[38;2;123;99;181m[48;2;123;99;181m▀[0m[38;2;0;0;0m[48;2;123;99;181m▀[0m[38;2;0;0;0m[48;2;123;99;181m▀[0m[38;2;0;0;0m[48;2;123;99;181m▀[0m[38;2;0;0;0m[48;2;123;99;181m▀[0m[38;2;0;0;0m▄[38;2;0;0;0m▄     [38;2;0;0;0m▄[38;2;0;0;0m▄[38;2;0;0;0m▄[38;2;0;0;0m▄ 
        [38;2;0;0;0m▀[38;2;123;99;181m[48;2;0;0;0m▀[0m[38;2;123;99;181m[48;2;123;99;181m▀[0m[38;2;65;65;65m[48;2;65;65;65m▀[0m[38;2;156;123;214m[48;2;156;123;214m▀[0m[38;2;156;123;214m[48;2;156;123;214m▀[0m[38;2;123;99;181m[48;2;156;123;214m▀[0m[38;2;123;99;181m[48;2;123;99;181m▀[0m[38;2;123;99;181m[48;2;123;99;181m▀[0m[38;2;123;99;181m[48;2;123;99;181m▀[0m[38;2;123;99;181m[48;2;123;99;181m▀[0m[38;2;123;99;181m[48;2;123;99;181m▀[0m[38;2;156;123;214m[48;2;123;99;181m▀[0m[38;2;156;123;214m[48;2;156;123;214m▀[0m[38;2;0;0;0m[48;2;156;123;214m▀[0m[38;2;0;0;0m[48;2;156;123;214m▀[0m[38;2;0;0;0m[48;2;156;123;214m▀[0m[38;2;0;0;0m[48;2;156;123;214m▀[0m[38;2;0;0;0m[48;2;156;123;214m▀[0m[38;2;156;123;214m[48;2;123;99;181m▀[0m[38;2;156;123;214m[48;2;123;99;181m▀[0m[38;2;123;99;181m[48;2;0;0;0m▀[0m[38;2;0;0;0m▀ 
         [38;2;0;0;0m▀[38;2;65;65;65m[48;2;0;0;0m▀[0m[38;2;189;173;181m[48;2;255;255;255m▀[0m[38;2;156;123;214m[48;2;123;99;181m▀[0m[38;2;156;123;214m[48;2;156;123;214m▀[0m[38;2;156;123;214m[48;2;156;123;214m▀[0m[38;2;123;99;181m[48;2;156;123;214m▀[0m[38;2;123;99;181m[48;2;156;123;214m▀[0m[38;2;123;99;181m[48;2;156;123;214m▀[0m[38;2;156;123;214m[48;2;156;123;214m▀[0m[38;2;156;123;214m[48;2;156;123;214m▀[0m[38;2;156;123;214m[48;2;156;123;214m▀[0m[38;2;156;123;214m[48;2;156;123;214m▀[0m[38;2;156;123;214m[48;2;123;99;181m▀[0m[38;2;156;123;214m[48;2;123;99;181m▀[0m[38;2;156;123;214m[48;2;123;99;181m▀[0m[38;2;123;99;181m[48;2;123;99;181m▀[0m[38;2;123;99;181m[48;2;123;99;181m▀[0m[38;2;123;99;181m[48;2;0;0;0m▀[0m[38;2;0;0;0m▀   
         [38;2;0;0;0m[48;2;0;0;0m▀[0m[38;2;123;99;181m[48;2;123;99;181m▀[0m[38;2;189;173;181m[48;2;123;99;181m▀[0m[38;2;0;0;0m[48;2;65;65;65m▀[0m[38;2;156;123;214m[48;2;156;123;214m▀[0m[38;2;156;123;214m[48;2;156;123;214m▀[0m[38;2;156;123;214m[48;2;156;123;214m▀[0m[38;2;156;123;214m[48;2;156;123;214m▀[0m[38;2;156;123;214m[48;2;156;123;214m▀[0m[38;2;156;123;214m[48;2;123;99;181m▀[0m[38;2;156;123;214m[48;2;65;65;65m▀[0m[38;2;123;99;181m[48;2;65;65;65m▀[0m[38;2;65;65;65m[48;2;123;99;181m▀[0m[38;2;123;99;181m[48;2;123;99;181m▀[0m[38;2;123;99;181m[48;2;123;99;181m▀[0m[38;2;123;99;181m[48;2;123;99;181m▀[0m[38;2;123;99;181m[48;2;65;65;65m▀[0m[38;2;65;65;65m[48;2;123;99;181m▀[0m[38;2;0;0;0m[48;2;123;99;181m▀[0m[38;2;0;0;0m[48;2;123;99;181m▀[0m[38;2;0;0;0m[48;2;123;99;181m▀[0m[38;2;0;0;0m▄ 
   [38;2;0;0;0m▄[38;2;0;0;0m▄[38;2;0;0;0m[48;2;156;123;214m▀[0m[38;2;0;0;0m[48;2;156;123;214m▀[0m[38;2;0;0;0m▄  [38;2;0;0;0m[48;2;0;0;0m▀[0m[38;2;123;99;181m[48;2;123;99;181m▀[0m[38;2;123;99;181m[48;2;123;99;181m▀[0m[38;2;156;123;214m[48;2;123;99;181m▀[0m[38;2;156;123;214m[48;2;123;99;181m▀[0m[38;2;123;99;181m[48;2;65;65;65m▀[0m[38;2;123;99;181m[48;2;255;255;255m▀[0m[38;2;0;0;0m[48;2;0;0;0m▀[0m[38;2;65;65;65m[48;2;255;255;255m▀[0m[38;2;189;173;181m[48;2;255;255;255m▀[0m[38;2;255;255;255m[48;2;255;255;255m▀[0m[38;2;123;99;181m[48;2;123;99;181m▀[0m[38;2;123;99;181m[48;2;123;99;181m▀[0m[38;2;123;99;181m[48;2;123;99;181m▀[0m[38;2;123;99;181m[48;2;123;99;181m▀[0m[38;2;123;99;181m[48;2;65;65;65m▀[0m[38;2;123;99;181m[48;2;65;65;65m▀[0m[38;2;123;99;181m[48;2;0;0;0m▀[0m[38;2;0;0;0m▀[38;2;0;0;0m▀  
 [38;2;0;0;0m▄[38;2;0;0;0m[48;2;123;99;181m▀[0m[38;2;123;99;181m[48;2;65;65;65m▀[0m[38;2;65;65;65m[48;2;156;123;214m▀[0m[38;2;156;123;214m[48;2;156;123;214m▀[0m[38;2;156;123;214m[48;2;156;123;214m▀[0m[38;2;156;123;214m[48;2;156;123;214m▀[0m[38;2;0;0;0m[48;2;156;123;214m▀[0m[38;2;0;0;0m[48;2;156;123;214m▀[0m[38;2;0;0;0m▄[38;2;0;0;0m▀[38;2;123;99;181m[48;2;0;0;0m▀[0m[38;2;65;65;65m[48;2;74;128;229m▀[0m[38;2;123;99;181m[48;2;65;65;65m▀[0m[38;2;123;99;181m[48;2;123;99;181m▀[0m[38;2;123;99;181m[48;2;65;65;65m▀[0m[38;2;123;99;181m[48;2;65;65;65m▀[0m[38;2;189;173;181m[48;2;123;99;181m▀[0m[38;2;255;255;255m[48;2;65;65;65m▀[0m[38;2;189;173;181m[48;2;65;65;65m▀[0m[38;2;123;99;181m[48;2;65;65;65m▀[0m[38;2;65;65;65m[48;2;123;99;181m▀[0m[38;2;123;99;181m[48;2;123;99;181m▀[0m[38;2;123;99;181m[48;2;123;99;181m▀[0m[38;2;123;99;181m[48;2;123;99;181m▀[0m[38;2;0;0;0m[48;2;123;99;181m▀[0m[38;2;0;0;0m▄    
 [38;2;0;0;0m▀[38;2;123;99;181m[48;2;0;0;0m▀[0m[38;2;65;65;65m[48;2;123;99;181m▀[0m[38;2;156;123;214m[48;2;0;0;0m▀[0m[38;2;123;99;181m[48;2;0;0;0m▀[0m[38;2;65;65;65m[48;2;123;99;181m▀[0m[38;2;156;123;214m[48;2;123;99;181m▀[0m[38;2;156;123;214m[48;2;123;99;181m▀[0m[38;2;123;99;181m[48;2;0;0;0m▀[0m[38;2;0;0;0m▀ [38;2;0;0;0m▄[38;2;0;0;0m[48;2;65;65;65m▀[0m[38;2;74;128;229m[48;2;74;128;229m▀[0m[38;2;65;65;65m[48;2;132;183;255m▀[0m[38;2;74;128;229m[48;2;132;183;255m▀[0m[38;2;74;128;229m[48;2;132;183;255m▀[0m[38;2;65;65;65m[48;2;74;128;229m▀[0m[38;2;74;128;229m[48;2;74;128;229m▀[0m[38;2;74;128;229m[48;2;65;65;65m▀[0m[38;2;65;65;65m[48;2;123;99;181m▀[0m[38;2;123;99;181m[48;2;123;99;181m▀[0m[38;2;123;99;181m[48;2;99;74;140m▀[0m[38;2;123;99;181m[48;2;99;74;140m▀[0m[38;2;65;65;65m[48;2;99;74;140m▀[0m[38;2;65;65;65m[48;2;99;74;140m▀[0m[38;2;0;0;0m[48;2;99;74;140m▀[0m[38;2;0;0;0m▄[38;2;0;0;0m▄  
  [38;2;0;0;0m▀[38;2;0;0;0m▀ [38;2;0;0;0m▀[38;2;123;99;181m[48;2;0;0;0m▀[0m[38;2;123;99;181m[48;2;123;99;181m▀[0m[38;2;0;0;0m[48;2;0;0;0m▀[0m    [38;2;0;0;0m▀[38;2;65;65;65m[48;2;0;0;0m▀[0m[38;2;65;65;65m[48;2;99;74;140m▀[0m[38;2;132;183;255m[48;2;65;65;65m▀[0m[38;2;132;183;255m[48;2;65;65;65m▀[0m[38;2;132;183;255m[48;2;65;65;65m▀[0m[38;2;65;65;65m[48;2;99;74;140m▀[0m[38;2;99;74;140m[48;2;99;74;140m▀[0m[38;2;99;74;140m[48;2;0;0;0m▀[0m[38;2;99;74;140m[48;2;0;0;0m▀[0m[38;2;0;0;0m[48;2;156;123;214m▀[0m[38;2;0;0;0m[48;2;156;123;214m▀[0m[38;2;99;74;140m[48;2;0;0;0m▀[0m[38;2;99;74;140m[48;2;99;74;140m▀[0m[38;2;99;74;140m[48;2;99;74;140m▀[0m[38;2;99;74;140m[48;2;99;74;140m▀[0m[38;2;99;74;140m[48;2;0;0;0m▀[0m[38;2;0;0;0m▀ 
       [38;2;0;0;0m▀       [38;2;0;0;0m▀[38;2;0;0;0m▀[38;2;99;74;140m[48;2;0;0;0m▀[0m[38;2;99;74;140m[48;2;0;0;0m▀[0m[38;2;99;74;140m[48;2;0;0;0m▀[0m[38;2;0;0;0m[48;2;156;123;214m▀[0m[38;2;156;123;214m[48;2;156;123;214m▀[0m[38;2;156;123;214m[48;2;65;65;65m▀[0m[38;2;156;123;214m[48;2;156;123;214m▀[0m[38;2;156;123;214m[48;2;156;123;214m▀[0m[38;2;156;123;214m[48;2;156;123;214m▀[0m[38;2;0;0;0m[48;2;156;123;214m▀[0m[38;2;0;0;0m[48;2;0;0;0m▀[0m[38;2;0;0;0m▀   
                   [38;2;0;0;0m▀[38;2;123;99;181m[48;2;0;0;0m▀[0m[38;2;65;65;65m[48;2;65;65;65m▀[0m[38;2;156;123;214m[48;2;123;99;181m▀[0m[38;2;156;123;214m[48;2;123;99;181m▀[0m[38;2;65;65;65m[48;2;0;0;0m▀[0m[38;2;156;123;214m[48;2;123;99;181m▀[0m[38;2;156;123;214m[48;2;156;123;214m▀[0m[38;2;0;0;0m[48;2;0;0;0m▀[0m    
                     [38;2;0;0;0m▀[38;2;123;99;181m[48;2;0;0;0m▀[0m[38;2;0;0;0m[48;2;0;0;0m▀[0m [38;2;0;0;0m▀[38;2;123;99;181m[48;2;0;0;0m▀[0m[38;2;0;0;0m▀    
                                     [0m                                     