                [38;2;0;4;0m▄[38;2;0;4;0m▄[38;2;0;4;0m[48;2;138;171;54m▀[0m[38;2;0;4;0m[48;2;138;171;54m▀[0m[38;2;66;64;66m▄[38;2;0;4;0m▄               
              [38;2;0;4;0m▄[38;2;0;4;0m[48;2;81;111;1m▀[0m[38;2;66;65;66m[48;2;66;65;66m▀[0m[38;2;138;171;54m[48;2;138;171;54m▀[0m[38;2;138;171;54m[48;2;138;171;54m▀[0m[38;2;138;171;54m[48;2;138;171;54m▀[0m[38;2;140;173;56m[48;2;79;108;1m▀[0m[38;2;0;8;8m[48;2;140;173;56m▀[0m[38;2;0;4;0m[48;2;138;171;54m▀[0m[38;2;0;4;0m▄             
             [38;2;0;4;0m▄[38;2;0;8;8m[48;2;0;8;8m▀[0m[38;2;45;61;1m[48;2;124;157;40m▀[0m[38;2;66;65;66m[48;2;138;171;54m▀[0m[38;2;66;65;66m[48;2;138;171;54m▀[0m[38;2;79;108;1m[48;2;66;69;74m▀[0m[38;2;79;108;1m[48;2;140;173;56m▀[0m[38;2;138;171;54m[48;2;0;4;0m▀[0m[38;2;138;171;54m[48;2;0;4;0m▀[0m[38;2;0;4;0m▀              
           [38;2;0;4;0m▄[38;2;0;4;0m[48;2;138;171;54m▀[0m[38;2;138;171;54m[48;2;138;171;54m▀[0m[38;2;138;171;54m[48;2;138;171;54m▀[0m[38;2;138;171;54m[48;2;108;95;173m▀[0m[38;2;138;171;54m[48;2;108;95;173m▀[0m[38;2;138;171;54m[48;2;108;95;173m▀[0m[38;2;126;159;42m[48;2;88;121;4m▀[0m[38;2;0;44;33m[48;2;86;73;150m▀[0m[38;2;0;4;0m▄                
          [38;2;0;12;8m[48;2;0;12;8m▀[0m[38;2;117;150;33m[48;2;64;87;1m▀[0m[38;2;138;171;54m[48;2;138;171;54m▀[0m[38;2;138;171;54m[48;2;108;95;173m▀[0m[38;2;108;95;173m[48;2;162;149;228m▀[0m[38;2;162;149;228m[48;2;162;149;228m▀[0m[38;2;163;150;229m[48;2;107;94;172m▀[0m[38;2;107;94;172m[48;2;107;94;172m▀[0m[38;2;91;78;156m[48;2;138;171;54m▀[0m[38;2;138;171;54m[48;2;91;78;156m▀[0m[38;2;140;173;56m[48;2;46;62;1m▀[0m[38;2;0;8;8m[48;2;0;8;8m▀[0m               
         [38;2;0;4;0m[48;2;0;4;0m▀[0m[38;2;161;148;227m[48;2;161;148;227m▀[0m[38;2;161;148;227m[48;2;161;148;227m▀[0m[38;2;108;95;173m[48;2;162;149;228m▀[0m[38;2;162;149;228m[48;2;162;149;228m▀[0m[38;2;162;149;228m[48;2;162;149;228m▀[0m[38;2;162;149;228m[48;2;108;95;173m▀[0m[38;2;108;95;173m[48;2;146;179;62m▀[0m[38;2;146;179;62m[48;2;146;179;62m▀[0m[38;2;0;4;0m[48;2;0;4;0m▀[0m[38;2;255;239;66m[48;2;255;239;66m▀[0m[38;2;82;81;66m[48;2;82;81;66m▀[0m[38;2;138;171;54m[48;2;138;171;54m▀[0m[38;2;0;4;0m[48;2;0;4;0m▀[0m              
   [38;2;0;4;0m▄[38;2;0;4;0m▄   [38;2;0;4;0m[48;2;0;4;0m▀[0m[38;2;163;150;229m[48;2;163;150;229m▀[0m[38;2;163;150;229m[48;2;49;72;69m▀[0m[38;2;49;72;69m[48;2;49;72;69m▀[0m[38;2;163;150;229m[48;2;43;65;60m▀[0m[38;2;163;150;229m[48;2;163;150;229m▀[0m[38;2;162;149;228m[48;2;162;149;228m▀[0m[38;2;108;95;173m[48;2;162;149;228m▀[0m[38;2;146;179;62m[48;2;108;95;173m▀[0m[38;2;146;179;62m[48;2;146;179;62m▀[0m[38;2;82;81;66m[48;2;255;239;66m▀[0m[38;2;255;239;66m[48;2;82;81;66m▀[0m[38;2;91;78;156m[48;2;138;171;54m▀[0m[38;2;138;171;54m[48;2;91;78;156m▀[0m[38;2;0;4;0m[48;2;0;4;0m▀[0m              
 [38;2;0;4;0m▄[38;2;0;0;24m[48;2;153;186;69m▀[0m[38;2;84;117;0m[48;2;48;66;1m▀[0m[38;2;49;75;71m[48;2;49;75;71m▀[0m[38;2;0;4;0m[48;2;49;75;71m▀[0m[38;2;0;4;0m[48;2;43;65;60m▀[0m[38;2;0;4;0m▄[38;2;0;4;0m▄[38;2;0;4;0m[48;2;39;53;52m▀[0m[38;2;57;85;88m[48;2;47;52;54m▀[0m[38;2;57;85;88m[48;2;57;85;88m▀[0m[38;2;54;59;58m[48;2;31;35;37m▀[0m[38;2;24;29;29m[48;2;238;50;95m▀[0m[38;2;49;73;66m[48;2;238;50;95m▀[0m[38;2;140;164;156m[48;2;49;73;66m▀[0m[38;2;160;147;226m[48;2;66;65;66m▀[0m[38;2;112;99;177m[48;2;160;147;226m▀[0m[38;2;138;171;54m[48;2;161;148;227m▀[0m[38;2;138;171;54m[48;2;161;148;227m▀[0m[38;2;105;92;170m[48;2;160;147;226m▀[0m[38;2;160;147;226m[48;2;47;52;54m▀[0m[38;2;0;4;0m[48;2;163;150;229m▀[0m[38;2;0;4;0m▄ [38;2;0;4;0m▄[38;2;8;0;8m[48;2;153;186;69m▀[0m[38;2;8;0;8m[48;2;84;117;0m▀[0m[38;2;0;4;0m▄        
  [38;2;0;4;0m▀[38;2;43;65;60m[48;2;0;4;0m▀[0m[38;2;20;24;22m[48;2;70;96;1m▀[0m[38;2;161;194;77m[48;2;20;24;22m▀[0m[38;2;45;69;64m[48;2;47;52;54m▀[0m[38;2;47;52;54m[48;2;38;51;49m▀[0m[38;2;39;54;53m[48;2;39;54;53m▀[0m[38;2;39;54;53m[48;2;39;54;53m▀[0m[38;2;42;57;57m[48;2;42;57;57m▀[0m[38;2;47;52;54m[48;2;54;82;82m▀[0m[38;2;242;55;99m[48;2;39;51;49m▀[0m[38;2;204;0;59m[48;2;242;55;99m▀[0m[38;2;207;0;62m[48;2;244;58;101m▀[0m[38;2;207;0;62m[48;2;244;58;101m▀[0m[38;2;244;58;101m[48;2;244;58;101m▀[0m[38;2;66;65;66m[48;2;244;58;101m▀[0m[38;2;31;35;37m[48;2;31;35;37m▀[0m[38;2;163;150;229m[48;2;31;35;37m▀[0m[38;2;47;52;54m[48;2;57;85;88m▀[0m[38;2;57;85;88m[48;2;57;85;88m▀[0m[38;2;47;52;54m[48;2;57;85;88m▀[0m[38;2;47;52;54m[48;2;57;85;88m▀[0m[38;2;0;0;24m[48;2;51;70;1m▀[0m[38;2;51;70;1m[48;2;156;189;72m▀[0m[38;2;47;52;54m[48;2;49;75;71m▀[0m[38;2;49;75;71m[48;2;49;75;71m▀[0m[38;2;52;77;75m[48;2;17;20;20m▀[0m[38;2;0;20;16m[48;2;52;77;75m▀[0m[38;2;0;4;0m[48;2;57;85;88m▀[0m[38;2;0;4;0m▄     
  [38;2;0;4;0m[48;2;0;4;0m▀[0m[38;2;39;54;53m[48;2;39;54;53m▀[0m[38;2;39;53;51m[48;2;86;73;150m▀[0m[38;2;86;73;150m[48;2;86;73;150m▀[0m[38;2;109;96;174m[48;2;109;96;174m▀[0m[38;2;47;52;54m[48;2;109;96;174m▀[0m[38;2;47;52;54m[48;2;109;96;174m▀[0m[38;2;47;52;54m[48;2;109;96;174m▀[0m[38;2;57;85;88m[48;2;47;52;54m▀[0m[38;2;57;85;88m[48;2;57;85;88m▀[0m[38;2;47;64;65m[48;2;47;64;65m▀[0m[38;2;244;58;101m[48;2;47;64;65m▀[0m[38;2;47;64;65m[48;2;47;64;65m▀[0m[38;2;244;58;101m[48;2;47;64;65m▀[0m[38;2;47;64;65m[48;2;47;64;65m▀[0m[38;2;244;58;101m[48;2;47;64;65m▀[0m[38;2;39;53;52m[48;2;58;87;89m▀[0m[38;2;58;87;89m[48;2;58;87;89m▀[0m[38;2;57;85;88m[48;2;44;67;61m▀[0m[38;2;57;85;88m[48;2;44;67;61m▀[0m[38;2;49;75;71m[48;2;49;75;71m▀[0m[38;2;49;75;71m[48;2;47;52;54m▀[0m[38;2;31;37;35m[48;2;31;37;35m▀[0m[38;2;31;37;35m[48;2;163;150;229m▀[0m[38;2;47;52;54m[48;2;163;150;229m▀[0m[38;2;47;52;54m[48;2;163;150;229m▀[0m[38;2;162;195;78m[48;2;22;26;23m▀[0m[38;2;72;98;1m[48;2;22;26;23m▀[0m[38;2;58;87;89m[48;2;39;53;52m▀[0m[38;2;58;87;89m[48;2;58;87;89m▀[0m[38;2;0;4;0m[48;2;0;4;0m▀[0m    
 [38;2;0;4;0m[48;2;0;4;0m▀[0m[38;2;39;53;52m[48;2;39;53;52m▀[0m[38;2;39;53;52m[48;2;78;64;141m▀[0m[38;2;79;65;142m[48;2;107;94;172m▀[0m[38;2;107;94;172m[48;2;79;65;142m▀[0m[38;2;107;94;172m[48;2;107;94;172m▀[0m[38;2;107;94;172m[48;2;107;94;172m▀[0m[38;2;107;94;172m[48;2;107;94;172m▀[0m[38;2;107;94;172m[48;2;107;94;172m▀[0m[38;2;109;96;174m[48;2;109;96;174m▀[0m[38;2;47;52;54m[48;2;109;96;174m▀[0m[38;2;49;59;57m[48;2;19;29;27m▀[0m[38;2;49;59;57m[48;2;234;45;91m▀[0m[38;2;58;87;89m[48;2;43;65;60m▀[0m[38;2;58;87;89m[48;2;58;87;89m▀[0m[38;2;58;87;89m[48;2;43;65;60m▀[0m[38;2;58;87;89m[48;2;58;87;89m▀[0m[38;2;49;75;71m[48;2;49;75;71m▀[0m[38;2;49;75;71m[48;2;244;58;101m▀[0m[38;2;244;58;101m[48;2;244;58;101m▀[0m[38;2;244;58;101m[48;2;66;65;66m▀[0m[38;2;47;52;54m[48;2;163;150;229m▀[0m[38;2;163;150;229m[48;2;163;150;229m▀[0m[38;2;161;148;227m[48;2;161;148;227m▀[0m[38;2;161;148;227m[48;2;161;148;227m▀[0m[38;2;161;148;227m[48;2;161;148;227m▀[0m[38;2;161;148;227m[48;2;161;148;227m▀[0m[38;2;162;149;228m[48;2;108;95;173m▀[0m[38;2;162;149;228m[48;2;162;149;228m▀[0m[38;2;29;34;34m[48;2;163;150;229m▀[0m[38;2;29;34;34m[48;2;29;34;34m▀[0m[38;2;39;54;53m[48;2;39;54;53m▀[0m[38;2;0;4;0m[48;2;39;54;53m▀[0m[38;2;0;4;0m▄  
 [38;2;0;4;0m[48;2;0;4;0m▀[0m[38;2;41;46;47m[48;2;25;27;29m▀[0m[38;2;71;58;134m[48;2;0;20;8m▀[0m[38;2;0;4;0m▀[38;2;78;64;141m[48;2;0;4;0m▀[0m[38;2;107;94;172m[48;2;107;94;172m▀[0m[38;2;107;94;172m[48;2;107;94;172m▀[0m[38;2;75;61;138m[48;2;0;4;0m▀[0m[38;2;111;98;176m[48;2;75;61;138m▀[0m[38;2;109;96;174m[48;2;109;96;174m▀[0m[38;2;109;96;174m[48;2;66;65;66m▀[0m[38;2;66;65;66m[48;2;208;0;63m▀[0m[38;2;66;65;66m[48;2;208;0;63m▀[0m[38;2;244;58;101m[48;2;244;58;101m▀[0m[38;2;43;65;60m[48;2;244;58;101m▀[0m[38;2;244;58;101m[48;2;244;58;101m▀[0m[38;2;43;65;60m[48;2;244;58;101m▀[0m[38;2;244;58;101m[48;2;244;58;101m▀[0m[38;2;244;58;101m[48;2;244;58;101m▀[0m[38;2;244;58;101m[48;2;244;58;101m▀[0m[38;2;66;65;66m[48;2;244;58;101m▀[0m[38;2;163;150;229m[48;2;66;65;66m▀[0m[38;2;163;150;229m[48;2;163;150;229m▀[0m[38;2;162;149;228m[48;2;162;149;228m▀[0m[38;2;108;95;173m[48;2;162;149;228m▀[0m[38;2;162;149;228m[48;2;108;95;173m▀[0m[38;2;162;149;228m[48;2;162;149;228m▀[0m[38;2;163;150;229m[48;2;163;150;229m▀[0m[38;2;108;95;173m[48;2;0;4;0m▀[0m[38;2;0;4;0m▀[38;2;163;150;229m[48;2;0;4;0m▀[0m[38;2;21;25;25m[48;2;0;20;16m▀[0m[38;2;43;55;54m[48;2;21;25;25m▀[0m[38;2;0;4;0m[48;2;39;53;52m▀[0m[38;2;0;4;0m▄ 
  [38;2;0;4;0m▀  [38;2;0;4;0m▀[38;2;108;95;173m[48;2;0;4;0m▀[0m[38;2;0;4;0m▀ [38;2;0;4;0m▀[38;2;63;70;74m[48;2;0;0;0m▀[0m[38;2;208;0;63m[48;2;208;0;63m▀[0m[38;2;66;65;66m[48;2;208;0;63m▀[0m[38;2;66;65;66m[48;2;208;0;63m▀[0m[38;2;199;0;53m[48;2;66;69;66m▀[0m[38;2;244;58;101m[48;2;66;69;66m▀[0m[38;2;244;58;101m[48;2;244;58;101m▀[0m[38;2;207;0;62m[48;2;207;0;62m▀[0m[38;2;244;58;101m[48;2;66;69;66m▀[0m[38;2;66;69;66m[48;2;199;0;53m▀[0m[38;2;66;65;66m[48;2;244;58;101m▀[0m[38;2;66;65;66m[48;2;244;58;101m▀[0m[38;2;163;150;229m[48;2;66;65;66m▀[0m[38;2;163;150;229m[48;2;163;150;229m▀[0m[38;2;163;150;229m[48;2;0;4;0m▀[0m[38;2;163;150;229m[48;2;163;150;229m▀[0m[38;2;106;93;171m[48;2;160;147;226m▀[0m[38;2;106;93;171m[48;2;0;4;0m▀[0m[38;2;163;150;229m[48;2;0;4;0m▀[0m[38;2;0;4;0m▀   [38;2;0;4;0m▀[38;2;0;4;0m▀[38;2;0;4;0m▀ 
          [38;2;0;4;0m▄[38;2;0;4;0m[48;2;177;210;93m▀[0m[38;2;170;0;15m[48;2;110;143;26m▀[0m[38;2;170;0;15m[48;2;170;203;86m▀[0m[38;2;208;0;63m[48;2;0;4;0m▀[0m[38;2;0;4;0m▀[38;2;226;34;82m[48;2;0;4;0m▀[0m[38;2;226;34;82m[48;2;0;4;0m▀[0m[38;2;0;4;0m▀[38;2;244;58;101m[48;2;0;4;0m▀[0m[38;2;244;58;101m[48;2;244;58;101m▀[0m[38;2;244;58;101m[48;2;171;0;16m▀[0m[38;2;244;58;101m[48;2;158;0;6m▀[0m[38;2;0;8;0m[48;2;0;8;0m▀[0m [38;2;0;4;0m▀[38;2;0;4;0m▀          
           [38;2;0;4;0m▀[38;2;0;4;0m▀[38;2;0;4;0m▀      [38;2;0;4;0m▀[38;2;177;210;93m[48;2;0;4;0m▀[0m[38;2;93;126;9m[48;2;0;8;0m▀[0m[38;2;192;225;108m[48;2;0;8;0m▀[0m[38;2;0;4;0m▀            
                                     [0m                                     