        [38;2;0;0;0m▄[38;2;0;0;0m▄[38;2;0;0;0m▄[38;2;0;0;0m[48;2;128;114;97m▀[0m[38;2;0;0;0m[48;2;128;114;97m▀[0m[38;2;0;0;0m[48;2;128;114;97m▀[0m[38;2;0;0;0m[48;2;128;114;97m▀[0m[38;2;0;4;8m[48;2;98;40;58m▀[0m[38;2;0;4;8m[48;2;168;58;87m▀[0m[38;2;0;0;0m▄[38;2;0;0;0m▄[38;2;0;0;0m▄  [38;2;0;0;0m▄[38;2;0;0;0m▄[38;2;0;0;0m▄              
     [38;2;0;0;0m▄[38;2;0;0;0m[48;2;168;136;106m▀[0m[38;2;0;0;0m[48;2;168;136;106m▀[0m[38;2;168;136;106m[48;2;168;136;106m▀[0m[38;2;168;136;106m[48;2;131;114;95m▀[0m[38;2;131;114;95m[48;2;131;114;95m▀[0m[38;2;130;115;97m[48;2;130;115;97m▀[0m[38;2;130;115;97m[48;2;130;115;97m▀[0m[38;2;130;115;97m[48;2;130;115;97m▀[0m[38;2;130;115;97m[48;2;130;115;97m▀[0m[38;2;128;115;97m[48;2;128;115;97m▀[0m[38;2;94;68;80m[48;2;94;68;80m▀[0m[38;2;173;36;66m[48;2;173;36;66m▀[0m[38;2;173;36;66m[48;2;173;36;66m▀[0m[38;2;168;39;68m[48;2;168;39;68m▀[0m[38;2;0;0;0m[48;2;168;39;68m▀[0m[38;2;0;0;8m[48;2;149;72;88m▀[0m[38;2;149;72;88m[48;2;65;37;46m▀[0m[38;2;128;115;97m[48;2;66;65;66m▀[0m[38;2;128;115;97m[48;2;128;115;97m▀[0m[38;2;0;0;0m[48;2;131;116;99m▀[0m[38;2;0;0;0m▄            
   [38;2;0;0;0m▄[38;2;0;0;0m[48;2;168;136;106m▀[0m[38;2;168;136;106m[48;2;168;136;106m▀[0m[38;2;168;136;106m[48;2;130;114;97m▀[0m[38;2;168;136;106m[48;2;131;114;95m▀[0m[38;2;131;114;95m[48;2;131;114;95m▀[0m[38;2;123;84;60m[48;2;123;84;60m▀[0m[38;2;131;116;95m[48;2;131;116;95m▀[0m[38;2;130;115;97m[48;2;130;115;97m▀[0m[38;2;130;115;97m[48;2;130;115;97m▀[0m[38;2;130;115;97m[48;2;130;115;97m▀[0m[38;2;130;115;97m[48;2;130;115;97m▀[0m[38;2;130;115;97m[48;2;130;115;97m▀[0m[38;2;130;115;97m[48;2;130;115;97m▀[0m[38;2;134;92;90m[48;2;134;92;90m▀[0m[38;2;255;46;14m[48;2;154;48;45m▀[0m[38;2;215;57;52m[48;2;215;57;52m▀[0m[38;2;168;51;87m[48;2;255;77;50m▀[0m[38;2;174;38;70m[48;2;255;65;25m▀[0m[38;2;174;38;70m[48;2;174;38;70m▀[0m[38;2;152;65;78m[48;2;66;65;66m▀[0m[38;2;66;65;66m[48;2;152;65;78m▀[0m[38;2;99;99;89m[48;2;66;65;66m▀[0m[38;2;99;99;89m[48;2;66;65;66m▀[0m[38;2;0;0;0m[48;2;99;98;93m▀[0m[38;2;0;0;0m▄          
  [38;2;0;0;0m▄[38;2;0;0;0m[48;2;128;114;97m▀[0m[38;2;128;114;97m[48;2;128;114;97m▀[0m[38;2;131;116;95m[48;2;131;116;95m▀[0m[38;2;131;116;95m[48;2;165;121;90m▀[0m[38;2;139;129;123m[48;2;24;4;0m▀[0m[38;2;139;129;123m[48;2;255;255;247m▀[0m[38;2;255;255;255m[48;2;255;255;255m▀[0m[38;2;130;115;95m[48;2;130;115;95m▀[0m[38;2;130;115;97m[48;2;130;115;97m▀[0m[38;2;130;115;97m[48;2;130;115;97m▀[0m[38;2;130;115;97m[48;2;130;115;97m▀[0m[38;2;130;115;97m[48;2;130;115;97m▀[0m[38;2;128;115;97m[48;2;128;115;97m▀[0m[38;2;128;115;97m[48;2;94;68;80m▀[0m[38;2;94;68;80m[48;2;172;37;67m▀[0m[38;2;172;37;67m[48;2;172;37;67m▀[0m[38;2;173;36;66m[48;2;173;36;66m▀[0m[38;2;173;36;66m[48;2;173;36;66m▀[0m[38;2;255;58;26m[48;2;136;46;41m▀[0m[38;2;255;58;26m[48;2;69;43;57m▀[0m[38;2;66;65;66m[48;2;168;39;68m▀[0m[38;2;66;65;66m[48;2;168;39;68m▀[0m[38;2;128;115;97m[48;2;66;65;66m▀[0m[38;2;128;115;97m[48;2;66;65;66m▀[0m[38;2;63;59;57m[48;2;63;59;57m▀[0m[38;2;8;8;16m[48;2;131;120;99m▀[0m[38;2;0;0;0m▄         
  [38;2;0;0;0m[48;2;0;0;0m▀[0m[38;2;130;115;97m[48;2;130;115;97m▀[0m[38;2;130;115;97m[48;2;130;115;97m▀[0m[38;2;90;85;66m[48;2;104;100;90m▀[0m[38;2;255;255;255m[48;2;104;100;90m▀[0m[38;2;255;255;255m[48;2;0;0;0m▀[0m[38;2;255;255;255m[48;2;0;0;0m▀[0m[38;2;0;0;0m▀[38;2;0;0;0m▀[38;2;0;0;0m▀[38;2;99;98;93m[48;2;0;0;0m▀[0m[38;2;97;94;86m[48;2;66;69;74m▀[0m[38;2;131;124;106m[48;2;97;94;86m▀[0m[38;2;145;118;110m[48;2;145;118;110m▀[0m[38;2;145;118;110m[48;2;168;39;68m▀[0m[38;2;255;65;25m[48;2;174;38;70m▀[0m[38;2;255;65;25m[48;2;174;38;70m▀[0m[38;2;215;51;41m[48;2;255;69;35m▀[0m[38;2;168;46;77m[48;2;255;69;35m▀[0m[38;2;173;36;66m[48;2;173;36;66m▀[0m[38;2;173;36;66m[48;2;173;36;66m▀[0m[38;2;66;65;66m[48;2;168;39;68m▀[0m[38;2;66;65;66m[48;2;168;39;68m▀[0m[38;2;79;74;68m[48;2;79;74;68m▀[0m[38;2;131;116;99m[48;2;79;74;68m▀[0m[38;2;131;116;99m[48;2;79;74;68m▀[0m[38;2;79;74;68m[48;2;79;74;68m▀[0m[38;2;69;26;38m[48;2;159;46;70m▀[0m[38;2;0;4;8m[48;2;0;4;8m▀[0m        
 [38;2;0;0;0m[48;2;0;0;0m▀[0m[38;2;128;114;97m[48;2;128;114;97m▀[0m[38;2;130;114;97m[48;2;130;114;97m▀[0m[38;2;130;114;97m[48;2;99;98;93m▀[0m[38;2;99;98;93m[48;2;0;0;0m▀[0m[38;2;0;0;0m▀[38;2;0;0;0m▄[38;2;0;0;0m[48;2;82;79;70m▀[0m[38;2;0;0;0m[48;2;128;114;97m▀[0m[38;2;0;0;0m[48;2;128;114;97m▀[0m[38;2;0;0;0m[48;2;82;79;70m▀[0m[38;2;0;0;0m▄[38;2;0;0;0m[48;2;123;101;99m▀[0m[38;2;82;67;66m[48;2;123;101;99m▀[0m[38;2;131;37;30m[48;2;8;0;8m▀[0m[38;2;255;51;36m[48;2;131;37;30m▀[0m[38;2;255;69;35m[48;2;255;69;35m▀[0m[38;2;168;46;77m[48;2;215;51;41m▀[0m[38;2;174;35;64m[48;2;174;35;64m▀[0m[38;2;217;69;73m[48;2;174;35;64m▀[0m[38;2;255;55;26m[48;2;154;50;39m▀[0m[38;2;255;55;26m[48;2;47;34;51m▀[0m[38;2;66;65;66m[48;2;128;115;97m▀[0m[38;2;66;65;66m[48;2;128;115;97m▀[0m[38;2;128;115;97m[48;2;128;115;97m▀[0m[38;2;66;65;66m[48;2;128;115;97m▀[0m[38;2;128;115;97m[48;2;128;115;97m▀[0m[38;2;128;115;97m[48;2;66;65;66m▀[0m[38;2;79;78;71m[48;2;149;66;80m▀[0m[38;2;149;66;80m[48;2;79;78;71m▀[0m[38;2;0;0;0m[48;2;0;0;0m▀[0m       
 [38;2;0;0;0m[48;2;0;0;0m▀[0m[38;2;101;99;88m[48;2;101;99;88m▀[0m[38;2;101;99;88m[48;2;101;99;88m▀[0m[38;2;0;0;0m[48;2;0;0;0m▀[0m [38;2;0;0;0m[48;2;0;0;0m▀[0m[38;2;172;37;67m[48;2;94;68;80m▀[0m[38;2;172;37;67m[48;2;94;68;80m▀[0m[38;2;79;78;71m[48;2;149;66;80m▀[0m[38;2;149;66;80m[48;2;79;78;71m▀[0m[38;2;128;114;97m[48;2;128;114;97m▀[0m[38;2;85;78;68m[48;2;128;114;97m▀[0m[38;2;94;68;77m[48;2;88;70;66m▀[0m[38;2;0;0;0m[48;2;0;0;0m▀[0m [38;2;0;0;0m[48;2;0;0;0m▀[0m[38;2;168;39;68m[48;2;168;39;68m▀[0m[38;2;255;72;42m[48;2;215;52;43m▀[0m[38;2;174;35;64m[48;2;217;69;73m▀[0m[38;2;174;35;64m[48;2;174;35;64m▀[0m[38;2;74;69;66m[48;2;74;69;66m▀[0m[38;2;130;116;97m[48;2;74;69;66m▀[0m[38;2;79;78;71m[48;2;168;39;68m▀[0m[38;2;79;78;71m[48;2;168;39;68m▀[0m[38;2;79;78;71m[48;2;168;39;68m▀[0m[38;2;79;78;71m[48;2;168;39;68m▀[0m[38;2;128;114;97m[48;2;85;78;68m▀[0m[38;2;128;114;97m[48;2;128;114;97m▀[0m[38;2;131;120;99m[48;2;66;65;66m▀[0m[38;2;66;65;66m[48;2;97;90;79m▀[0m[38;2;0;0;0m[48;2;0;0;0m▀[0m [38;2;0;0;0m▄[38;2;0;0;0m[48;2;90;64;74m▀[0m[38;2;0;4;8m[48;2;168;58;87m▀[0m[38;2;0;4;8m[48;2;98;40;58m▀[0m[38;2;0;0;0m▄ 
  [38;2;0;0;0m▀[38;2;0;0;0m▀ [38;2;0;0;8m[48;2;0;0;8m▀[0m[38;2;107;43;39m[48;2;190;65;56m▀[0m[38;2;203;56;35m[48;2;94;63;74m▀[0m[38;2;94;63;74m[48;2;203;56;35m▀[0m[38;2;93;52;49m[48;2;203;56;42m▀[0m[38;2;82;77;74m[48;2;82;77;74m▀[0m[38;2;131;116;99m[48;2;99;99;89m▀[0m[38;2;99;99;89m[48;2;99;99;89m▀[0m[38;2;0;0;0m[48;2;0;0;0m▀[0m [38;2;0;0;0m▄[38;2;0;0;0m[48;2;90;64;74m▀[0m[38;2;174;35;64m[48;2;217;69;73m▀[0m[38;2;174;35;64m[48;2;174;35;64m▀[0m[38;2;217;69;73m[48;2;217;69;73m▀[0m[38;2;66;65;66m[48;2;66;65;66m▀[0m[38;2;255;65;25m[48;2;255;65;25m▀[0m[38;2;255;65;25m[48;2;92;64;72m▀[0m[38;2;92;64;72m[48;2;255;65;25m▀[0m[38;2;92;64;72m[48;2;255;65;25m▀[0m[38;2;172;37;67m[48;2;94;68;80m▀[0m[38;2;172;37;67m[48;2;172;37;67m▀[0m[38;2;168;39;68m[48;2;168;39;68m▀[0m[38;2;79;78;71m[48;2;79;78;71m▀[0m[38;2;101;99;88m[48;2;101;99;88m▀[0m[38;2;101;99;88m[48;2;0;0;0m▀[0m[38;2;0;0;0m▀ [38;2;0;0;0m[48;2;0;0;0m▀[0m[38;2;168;39;68m[48;2;168;39;68m▀[0m[38;2;172;37;67m[48;2;172;37;67m▀[0m[38;2;172;37;67m[48;2;94;68;80m▀[0m[38;2;0;0;0m[48;2;0;0;0m▀[0m 
     [38;2;0;0;8m[48;2;0;0;8m▀[0m[38;2;190;65;56m[48;2;107;43;39m▀[0m[38;2;107;42;33m[48;2;190;61;43m▀[0m[38;2;190;61;43m[48;2;0;0;16m▀[0m[38;2;70;69;66m[48;2;0;0;0m▀[0m[38;2;99;98;93m[48;2;0;0;0m▀[0m[38;2;99;99;89m[48;2;66;65;66m▀[0m[38;2;66;65;66m[48;2;66;65;66m▀[0m[38;2;82;67;66m[48;2;123;101;99m▀[0m[38;2;0;0;0m[48;2;123;101;99m▀[0m[38;2;94;68;80m[48;2;94;68;80m▀[0m[38;2;172;37;67m[48;2;172;37;67m▀[0m[38;2;255;80;49m[48;2;82;81;82m▀[0m[38;2;82;81;82m[48;2;126;69;56m▀[0m[38;2;66;65;66m[48;2;66;65;66m▀[0m[38;2;255;65;25m[48;2;255;65;25m▀[0m[38;2;92;64;72m[48;2;92;64;72m▀[0m[38;2;255;65;25m[48;2;255;65;25m▀[0m[38;2;255;65;25m[48;2;92;64;72m▀[0m[38;2;92;64;72m[48;2;255;65;25m▀[0m[38;2;255;65;25m[48;2;255;65;25m▀[0m[38;2;92;64;72m[48;2;92;64;72m▀[0m[38;2;159;58;77m[48;2;82;85;74m▀[0m[38;2;82;85;74m[48;2;117;56;65m▀[0m[38;2;113;56;67m[48;2;66;69;74m▀[0m[38;2;66;69;74m[48;2;159;58;77m▀[0m[38;2;0;0;0m[48;2;66;65;66m▀[0m[38;2;0;0;0m▄[38;2;0;0;0m[48;2;94;63;74m▀[0m[38;2;94;63;74m[48;2;94;63;74m▀[0m[38;2;93;65;75m[48;2;93;65;75m▀[0m[38;2;93;65;75m[48;2;93;65;75m▀[0m[38;2;0;0;0m[48;2;0;0;0m▀[0m 
      [38;2;0;0;0m▀[38;2;0;0;0m▀  [38;2;0;0;0m▄[38;2;8;4;0m[48;2;104;103;93m▀[0m[38;2;76;74;66m[48;2;76;74;66m▀[0m[38;2;93;65;75m[48;2;93;65;75m▀[0m[38;2;93;65;75m[48;2;93;65;75m▀[0m[38;2;89;78;67m[48;2;82;77;66m▀[0m[38;2;82;77;66m[48;2;93;63;67m▀[0m[38;2;128;114;97m[48;2;128;114;97m▀[0m[38;2;128;114;97m[48;2;85;78;68m▀[0m[38;2;66;69;74m[48;2;168;46;73m▀[0m[38;2;97;49;63m[48;2;66;69;74m▀[0m[38;2;255;65;25m[48;2;92;64;72m▀[0m[38;2;92;64;72m[48;2;255;65;25m▀[0m[38;2;255;65;25m[48;2;152;61;39m▀[0m[38;2;255;65;25m[48;2;66;65;66m▀[0m[38;2;97;49;63m[48;2;66;69;74m▀[0m[38;2;168;46;73m[48;2;66;69;74m▀[0m[38;2;66;65;66m[48;2;168;39;68m▀[0m[38;2;66;65;66m[48;2;168;39;68m▀[0m[38;2;173;36;66m[48;2;173;36;66m▀[0m[38;2;173;36;66m[48;2;173;36;66m▀[0m[38;2;66;69;74m[48;2;168;46;73m▀[0m[38;2;97;49;63m[48;2;66;69;74m▀[0m[38;2;94;63;75m[48;2;66;65;66m▀[0m[38;2;94;63;75m[48;2;66;65;66m▀[0m[38;2;123;101;99m[48;2;82;67;66m▀[0m[38;2;0;0;0m[48;2;0;0;0m▀[0m  
          [38;2;0;0;0m[48;2;0;0;0m▀[0m[38;2;99;98;93m[48;2;93;68;81m▀[0m[38;2;99;98;93m[48;2;99;98;93m▀[0m[38;2;87;78;68m[48;2;106;98;86m▀[0m[38;2;81;74;64m[48;2;87;78;68m▀[0m[38;2;82;77;66m[48;2;89;78;67m▀[0m[38;2;93;63;67m[48;2;82;77;66m▀[0m[38;2;131;120;106m[48;2;101;95;86m▀[0m[38;2;82;81;74m[48;2;101;95;86m▀[0m[38;2;168;39;68m[48;2;79;78;71m▀[0m[38;2;79;78;71m[48;2;79;78;71m▀[0m[38;2;66;65;66m[48;2;99;99;89m▀[0m[38;2;66;65;66m[48;2;99;99;89m▀[0m[38;2;66;65;66m[48;2;88;77;74m▀[0m[38;2;94;60;69m[48;2;94;60;69m▀[0m[38;2;66;65;66m[48;2;66;65;66m▀[0m[38;2;168;39;68m[48;2;168;39;68m▀[0m[38;2;168;39;68m[48;2;145;118;110m▀[0m[38;2;145;118;110m[48;2;145;118;110m▀[0m[38;2;94;68;80m[48;2;128;115;97m▀[0m[38;2;94;68;80m[48;2;128;115;97m▀[0m[38;2;168;46;73m[48;2;97;49;63m▀[0m[38;2;66;69;74m[48;2;66;69;74m▀[0m[38;2;101;99;88m[48;2;0;0;0m▀[0m[38;2;101;99;88m[48;2;0;0;0m▀[0m[38;2;0;0;0m▀   
          [38;2;0;0;0m▄[38;2;0;0;24m[48;2;203;88;69m▀[0m[38;2;113;60;51m[48;2;113;60;51m▀[0m[38;2;117;66;55m[48;2;217;97;75m▀[0m[38;2;117;66;55m[48;2;0;0;24m▀[0m[38;2;0;0;0m▀[38;2;0;0;0m▀[38;2;0;0;0m▀[38;2;99;98;93m[48;2;0;0;0m▀[0m[38;2;101;99;88m[48;2;0;0;0m▀[0m[38;2;101;99;88m[48;2;101;99;88m▀[0m[38;2;99;99;89m[48;2;99;99;89m▀[0m[38;2;99;99;89m[48;2;99;99;89m▀[0m[38;2;99;101;93m[48;2;99;101;93m▀[0m[38;2;74;73;66m[48;2;8;4;0m▀[0m[38;2;99;98;93m[48;2;0;0;0m▀[0m[38;2;70;69;66m[48;2;0;0;0m▀[0m[38;2;128;115;97m[48;2;128;115;97m▀[0m[38;2;128;115;97m[48;2;94;68;80m▀[0m[38;2;128;115;97m[48;2;128;115;97m▀[0m[38;2;128;115;97m[48;2;94;68;80m▀[0m[38;2;66;65;66m[48;2;0;0;0m▀[0m[38;2;0;0;0m▀      
           [38;2;0;0;0m▀[38;2;0;0;0m▀[38;2;0;0;0m▀      [38;2;0;0;0m▀[38;2;0;0;0m▀[38;2;0;0;0m▀[38;2;0;0;0m▀   [38;2;0;0;0m▀[38;2;255;65;25m[48;2;0;0;0m▀[0m[38;2;66;65;66m[48;2;0;0;0m▀[0m[38;2;0;0;0m▀[38;2;255;65;25m[48;2;0;0;0m▀[0m[38;2;0;0;0m[48;2;0;0;0m▀[0m      
                                     [0m                                     