                   [38;2;0;0;0m▄[38;2;0;0;0m▄[38;2;0;0;0m[48;2;227;209;181m▀[0m[38;2;0;0;0m[48;2;227;209;181m▀[0m[38;2;0;0;0m[48;2;227;209;181m▀[0m[38;2;0;0;0m[48;2;227;209;181m▀[0m[38;2;0;0;0m[48;2;227;209;181m▀[0m[38;2;0;0;0m▄                       
            [38;2;0;0;0m▄[38;2;0;0;0m▄[38;2;0;0;0m▄[38;2;0;0;0m▄[38;2;0;0;0m▄[38;2;0;0;0m▄[38;2;0;0;0m[48;2;227;209;181m▀[0m[38;2;227;209;181m[48;2;157;142;101m▀[0m[38;2;227;209;181m[48;2;157;142;101m▀[0m[38;2;230;207;180m[48;2;230;207;180m▀[0m[38;2;230;207;180m[48;2;230;207;180m▀[0m[38;2;230;207;180m[48;2;230;207;180m▀[0m[38;2;230;207;180m[48;2;230;207;180m▀[0m[38;2;230;207;180m[48;2;230;207;180m▀[0m[38;2;230;207;180m[48;2;230;207;180m▀[0m[38;2;0;4;8m[48;2;96;40;27m▀[0m[38;2;0;4;8m[48;2;194;76;49m▀[0m[38;2;0;0;0m▄[38;2;0;0;0m▄[38;2;0;0;0m▄[38;2;0;0;0m▄[38;2;0;0;0m▄[38;2;0;0;0m[48;2;201;61;39m▀[0m[38;2;0;0;0m[48;2;207;59;31m▀[0m[38;2;0;0;0m[48;2;207;59;31m▀[0m[38;2;0;0;0m▄            
           [38;2;0;0;0m[48;2;0;0;0m▀[0m[38;2;227;209;181m[48;2;227;209;181m▀[0m[38;2;230;207;180m[48;2;230;207;180m▀[0m[38;2;230;207;180m[48;2;230;207;180m▀[0m[38;2;227;209;181m[48;2;227;209;181m▀[0m[38;2;157;142;101m[48;2;157;142;101m▀[0m[38;2;227;209;181m[48;2;157;142;101m▀[0m[38;2;157;142;101m[48;2;227;209;181m▀[0m[38;2;254;240;219m[48;2;227;209;181m▀[0m[38;2;227;209;181m[48;2;227;209;181m▀[0m[38;2;157;142;101m[48;2;157;142;101m▀[0m[38;2;227;209;181m[48;2;227;209;181m▀[0m[38;2;230;207;180m[48;2;230;207;180m▀[0m[38;2;230;207;180m[48;2;230;207;180m▀[0m[38;2;227;209;181m[48;2;157;142;101m▀[0m[38;2;157;142;101m[48;2;227;209;181m▀[0m[38;2;65;64;65m[48;2;227;209;181m▀[0m[38;2;65;64;65m[48;2;227;209;181m▀[0m[38;2;207;58;32m[48;2;65;64;65m▀[0m[38;2;207;58;32m[48;2;65;64;65m▀[0m[38;2;205;60;34m[48;2;205;60;34m▀[0m[38;2;205;60;34m[48;2;205;60;34m▀[0m[38;2;207;61;31m[48;2;255;145;86m▀[0m[38;2;255;145;86m[48;2;255;145;86m▀[0m[38;2;255;121;84m[48;2;207;61;31m▀[0m[38;2;207;61;31m[48;2;207;61;31m▀[0m[38;2;207;59;31m[48;2;207;59;31m▀[0m[38;2;0;0;0m[48;2;0;0;0m▀[0m           
            [38;2;0;0;0m▀[38;2;0;0;0m▀[38;2;227;209;181m[48;2;0;0;0m▀[0m[38;2;156;139;111m[48;2;65;64;57m▀[0m[38;2;227;207;172m[48;2;227;207;172m▀[0m[38;2;157;142;101m[48;2;227;209;181m▀[0m[38;2;227;209;181m[48;2;157;142;101m▀[0m[38;2;227;209;181m[48;2;157;142;101m▀[0m[38;2;157;142;101m[48;2;227;209;181m▀[0m[38;2;230;207;180m[48;2;230;207;180m▀[0m[38;2;230;207;180m[48;2;230;207;180m▀[0m[38;2;227;209;181m[48;2;227;209;181m▀[0m[38;2;157;142;101m[48;2;157;142;101m▀[0m[38;2;230;207;180m[48;2;230;207;180m▀[0m[38;2;230;207;180m[48;2;230;207;180m▀[0m[38;2;230;207;180m[48;2;230;207;180m▀[0m[38;2;230;207;180m[48;2;230;207;180m▀[0m[38;2;230;207;180m[48;2;230;207;180m▀[0m[38;2;230;207;180m[48;2;230;207;180m▀[0m[38;2;65;64;65m[48;2;227;209;181m▀[0m[38;2;65;64;65m[48;2;65;64;65m▀[0m[38;2;205;60;34m[48;2;205;60;34m▀[0m[38;2;205;60;34m[48;2;178;163;133m▀[0m[38;2;205;60;34m[48;2;205;60;34m▀[0m[38;2;205;60;34m[48;2;205;60;34m▀[0m[38;2;207;58;32m[48;2;255;136;86m▀[0m[38;2;207;58;32m[48;2;255;136;86m▀[0m[38;2;0;0;0m[48;2;0;0;0m▀[0m          
             [38;2;0;0;0m▄[38;2;0;0;0m[48;2;255;255;255m▀[0m[38;2;227;209;181m[48;2;0;0;0m▀[0m[38;2;227;209;181m[48;2;227;209;181m▀[0m[38;2;230;207;180m[48;2;230;207;180m▀[0m[38;2;230;207;180m[48;2;230;207;180m▀[0m[38;2;230;207;180m[48;2;230;207;180m▀[0m[38;2;230;207;180m[48;2;230;207;180m▀[0m[38;2;230;207;180m[48;2;230;207;180m▀[0m[38;2;230;207;180m[48;2;230;207;180m▀[0m[38;2;230;208;180m[48;2;65;64;65m▀[0m[38;2;65;64;65m[48;2;255;121;208m▀[0m[38;2;65;64;65m[48;2;207;150;144m▀[0m[38;2;65;64;65m[48;2;236;210;172m▀[0m[38;2;227;209;181m[48;2;65;64;65m▀[0m[38;2;227;209;181m[48;2;65;64;65m▀[0m[38;2;227;209;181m[48;2;65;64;65m▀[0m[38;2;227;209;181m[48;2;65;64;65m▀[0m[38;2;65;60;57m[48;2;205;66;40m▀[0m[38;2;205;66;40m[48;2;255;112;85m▀[0m[38;2;212;53;24m[48;2;248;154;106m▀[0m[38;2;255;201;150m[48;2;212;53;24m▀[0m[38;2;218;213;183m[48;2;210;145;113m▀[0m[38;2;201;67;39m[48;2;201;67;39m▀[0m[38;2;255;136;86m[48;2;207;58;32m▀[0m[38;2;255;136;86m[48;2;207;58;32m▀[0m[38;2;0;0;0m[48;2;201;61;39m▀[0m[38;2;0;0;0m▄         
            [38;2;0;0;0m▄[38;2;3;12;6m[48;2;227;207;172m▀[0m[38;2;255;123;203m[48;2;93;62;42m▀[0m[38;2;0;0;0m[48;2;255;123;203m▀[0m[38;2;84;79;74m[48;2;255;244;231m▀[0m[38;2;227;209;181m[48;2;65;64;65m▀[0m[38;2;227;209;181m[48;2;65;64;65m▀[0m[38;2;227;209;181m[48;2;65;64;65m▀[0m[38;2;227;209;181m[48;2;65;64;65m▀[0m[38;2;82;60;49m[48;2;204;124;163m▀[0m[38;2;82;60;49m[48;2;255;241;245m▀[0m[38;2;8;0;0m[48;2;8;0;7m▀[0m[38;2;255;226;235m[48;2;210;125;159m▀[0m[38;2;220;149;135m[48;2;220;149;135m▀[0m[38;2;227;209;181m[48;2;227;209;181m▀[0m[38;2;227;209;181m[48;2;227;209;181m▀[0m[38;2;125;110;84m[48;2;125;110;84m▀[0m[38;2;205;60;34m[48;2;205;60;34m▀[0m[38;2;205;60;34m[48;2;205;60;34m▀[0m[38;2;255;153;84m[48;2;255;121;83m▀[0m[38;2;255;153;84m[48;2;255;153;84m▀[0m[38;2;255;136;86m[48;2;255;136;86m▀[0m[38;2;207;58;32m[48;2;207;58;32m▀[0m[38;2;205;60;34m[48;2;205;60;34m▀[0m[38;2;205;60;34m[48;2;205;60;34m▀[0m[38;2;205;60;34m[48;2;205;60;34m▀[0m[38;2;205;60;34m[48;2;205;60;34m▀[0m[38;2;194;76;49m[48;2;96;40;27m▀[0m[38;2;0;4;8m[48;2;0;4;8m▀[0m         
        [38;2;0;0;0m▄[38;2;0;0;0m▄[38;2;0;0;0m[48;2;255;153;86m▀[0m[38;2;4;11;13m[48;2;255;117;83m▀[0m[38;2;104;37;26m[48;2;211;64;36m▀[0m[38;2;227;207;172m[48;2;74;68;65m▀[0m[38;2;74;68;65m[48;2;138;116;97m▀[0m[38;2;127;112;84m[48;2;235;210;179m▀[0m[38;2;187;163;132m[48;2;127;112;84m▀[0m[38;2;230;208;180m[48;2;230;208;180m▀[0m[38;2;230;208;180m[48;2;127;107;83m▀[0m[38;2;230;208;180m[48;2;127;107;83m▀[0m[38;2;230;208;180m[48;2;230;208;180m▀[0m[38;2;230;186;175m[48;2;230;208;180m▀[0m[38;2;255;115;195m[48;2;117;115;94m▀[0m[38;2;255;101;201m[48;2;121;119;93m▀[0m[38;2;219;77;164m[48;2;121;119;93m▀[0m[38;2;125;110;84m[48;2;227;209;181m▀[0m[38;2;125;110;84m[48;2;227;209;181m▀[0m[38;2;238;201;170m[48;2;113;57;35m▀[0m[38;2;158;105;79m[48;2;158;105;79m▀[0m[38;2;205;60;34m[48;2;205;60;34m▀[0m[38;2;205;60;34m[48;2;205;60;34m▀[0m[38;2;207;58;32m[48;2;207;58;32m▀[0m[38;2;207;58;32m[48;2;65;64;65m▀[0m[38;2;205;60;34m[48;2;205;60;34m▀[0m[38;2;205;60;34m[48;2;205;60;34m▀[0m[38;2;203;52;16m[48;2;164;56;29m▀[0m[38;2;65;60;57m[48;2;164;56;29m▀[0m[38;2;203;52;16m[48;2;65;60;57m▀[0m[38;2;164;56;29m[48;2;164;56;29m▀[0m[38;2;228;212;174m[48;2;159;49;26m▀[0m[38;2;207;163;124m[48;2;207;163;124m▀[0m[38;2;0;0;0m[48;2;227;209;181m▀[0m[38;2;0;0;0m▄       
       [38;2;0;0;0m[48;2;0;0;0m▀[0m[38;2;207;59;31m[48;2;207;59;31m▀[0m[38;2;255;136;86m[48;2;207;58;32m▀[0m[38;2;255;136;86m[48;2;207;58;32m▀[0m[38;2;207;59;31m[48;2;207;59;31m▀[0m[38;2;207;59;31m[48;2;0;0;0m▀[0m[38;2;65;67;60m[48;2;0;0;0m▀[0m[38;2;118;112;85m[48;2;0;0;0m▀[0m[38;2;235;210;179m[48;2;147;128;99m▀[0m[38;2;82;80;65m[48;2;82;80;65m▀[0m[38;2;125;110;84m[48;2;125;110;84m▀[0m[38;2;227;209;181m[48;2;227;209;181m▀[0m[38;2;227;209;181m[48;2;227;209;181m▀[0m[38;2;82;78;68m[48;2;82;78;68m▀[0m[38;2;125;110;84m[48;2;125;110;84m▀[0m[38;2;227;209;181m[48;2;227;209;181m▀[0m[38;2;227;209;181m[48;2;227;209;181m▀[0m[38;2;82;78;68m[48;2;82;78;68m▀[0m[38;2;227;209;181m[48;2;157;142;101m▀[0m[38;2;227;209;181m[48;2;157;142;101m▀[0m[38;2;82;76;65m[48;2;82;76;65m▀[0m[38;2;204;53;28m[48;2;168;62;39m▀[0m[38;2;65;64;65m[48;2;65;64;65m▀[0m[38;2;207;58;32m[48;2;207;58;32m▀[0m[38;2;219;163;131m[48;2;202;59;27m▀[0m[38;2;227;209;181m[48;2;227;209;181m▀[0m[38;2;91;58;49m[48;2;218;146;105m▀[0m[38;2;133;87;66m[48;2;91;58;49m▀[0m[38;2;164;46;21m[48;2;87;86;76m▀[0m[38;2;87;86;76m[48;2;102;90;72m▀[0m[38;2;118;112;85m[48;2;0;0;0m▀[0m[38;2;65;67;60m[48;2;0;0;0m▀[0m[38;2;255;145;86m[48;2;255;145;86m▀[0m[38;2;159;47;26m[48;2;255;145;86m▀[0m[38;2;164;46;21m[48;2;164;46;21m▀[0m[38;2;65;64;65m[48;2;164;46;21m▀[0m[38;2;0;0;0m[48;2;165;47;26m▀[0m[38;2;0;0;0m▄     
    [38;2;0;0;0m▄[38;2;0;0;0m[48;2;226;212;181m▀[0m[38;2;0;0;0m[48;2;117;108;89m▀[0m[38;2;152;91;67m[48;2;152;91;67m▀[0m[38;2;152;91;67m[48;2;231;207;177m▀[0m[38;2;118;112;85m[48;2;158;146;115m▀[0m[38;2;118;112;85m[48;2;227;207;172m▀[0m[38;2;0;0;0m[48;2;227;209;181m▀[0m[38;2;0;0;0m▄  [38;2;0;0;0m▀[38;2;82;78;69m[48;2;0;0;0m▀[0m[38;2;127;112;84m[48;2;127;112;84m▀[0m[38;2;158;139;100m[48;2;82;78;74m▀[0m[38;2;158;139;100m[48;2;82;78;68m▀[0m[38;2;82;78;68m[48;2;128;112;82m▀[0m[38;2;127;112;84m[48;2;127;112;84m▀[0m[38;2;158;139;100m[48;2;82;78;74m▀[0m[38;2;157;141;97m[48;2;82;79;68m▀[0m[38;2;82;79;68m[48;2;82;79;68m▀[0m[38;2;79;79;71m[48;2;121;111;87m▀[0m[38;2;79;79;71m[48;2;121;111;87m▀[0m[38;2;124;113;85m[48;2;124;113;85m▀[0m[38;2;82;80;65m[48;2;124;113;85m▀[0m[38;2;159;56;26m[48;2;84;71;60m▀[0m[38;2;65;68;65m[48;2;65;68;65m▀[0m[38;2;205;60;34m[48;2;205;60;34m▀[0m[38;2;205;60;34m[48;2;205;60;34m▀[0m[38;2;206;81;40m[48;2;255;136;86m▀[0m[38;2;65;56;57m[48;2;255;136;86m▀[0m[38;2;124;113;85m[48;2;0;0;0m▀[0m[38;2;0;0;0m▀ [38;2;0;0;0m▄[38;2;0;0;8m[48;2;239;129;88m▀[0m[38;2;239;129;88m[48;2;164;87;60m▀[0m[38;2;164;46;21m[48;2;124;110;87m▀[0m[38;2;164;46;21m[48;2;124;110;87m▀[0m[38;2;124;113;85m[48;2;178;163;133m▀[0m[38;2;178;163;133m[48;2;178;163;133m▀[0m[38;2;0;0;0m[48;2;0;0;0m▀[0m    
  [38;2;0;0;0m▄[38;2;0;0;0m▄[38;2;0;0;0m[48;2;166;149;125m▀[0m[38;2;230;207;180m[48;2;230;207;180m▀[0m[38;2;230;207;180m[48;2;230;207;180m▀[0m[38;2;157;142;101m[48;2;227;209;181m▀[0m[38;2;227;209;181m[48;2;157;142;101m▀[0m[38;2;157;142;101m[48;2;227;209;181m▀[0m[38;2;227;209;181m[48;2;157;142;101m▀[0m[38;2;156;138;107m[48;2;227;206;163m▀[0m[38;2;0;0;0m[48;2;156;138;107m▀[0m[38;2;0;0;0m▄   [38;2;0;0;0m▀[38;2;65;64;65m[48;2;0;0;0m▀[0m[38;2;128;113;84m[48;2;65;64;65m▀[0m[38;2;79;78;74m[48;2;65;64;65m▀[0m[38;2;124;113;85m[48;2;65;64;65m▀[0m[38;2;124;113;85m[48;2;124;113;85m▀[0m[38;2;124;113;85m[48;2;124;113;85m▀[0m[38;2;82;80;65m[48;2;124;113;85m▀[0m[38;2;121;111;87m[48;2;79;79;71m▀[0m[38;2;121;111;87m[48;2;79;79;71m▀[0m[38;2;124;113;85m[48;2;124;113;85m▀[0m[38;2;124;113;85m[48;2;0;0;0m▀[0m[38;2;130;116;99m[48;2;65;64;65m▀[0m[38;2;65;64;65m[48;2;227;207;172m▀[0m[38;2;118;112;85m[48;2;158;146;115m▀[0m[38;2;118;112;85m[48;2;227;207;172m▀[0m[38;2;195;101;59m[48;2;129;95;72m▀[0m[38;2;255;145;86m[48;2;129;95;72m▀[0m[38;2;255;160;116m[48;2;138;84;60m▀[0m[38;2;0;8;8m[48;2;255;160;116m▀[0m[38;2;0;0;0m▄[38;2;0;0;0m[48;2;65;64;65m▀[0m[38;2;178;163;133m[48;2;178;163;133m▀[0m[38;2;178;163;133m[48;2;124;113;85m▀[0m[38;2;124;113;85m[48;2;178;163;133m▀[0m[38;2;178;163;133m[48;2;124;113;85m▀[0m[38;2;178;163;133m[48;2;178;163;133m▀[0m[38;2;178;163;133m[48;2;124;113;85m▀[0m[38;2;143;83;59m[48;2;143;83;59m▀[0m[38;2;0;0;8m[48;2;95;55;43m▀[0m[38;2;0;0;0m▄  
 [38;2;0;0;0m▀[38;2;227;209;181m[48;2;0;0;0m▀[0m[38;2;243;201;167m[48;2;18;0;2m▀[0m[38;2;142;95;78m[48;2;142;95;78m▀[0m[38;2;124;111;87m[48;2;205;60;34m▀[0m[38;2;124;111;87m[48;2;205;60;34m▀[0m[38;2;227;209;181m[48;2;125;110;84m▀[0m[38;2;227;209;181m[48;2;125;110;84m▀[0m[38;2;231;207;177m[48;2;152;91;67m▀[0m[38;2;152;91;67m[48;2;152;91;67m▀[0m[38;2;235;210;179m[48;2;140;118;93m▀[0m[38;2;140;118;93m[48;2;88;70;50m▀[0m[38;2;0;0;0m[48;2;65;64;65m▀[0m[38;2;0;0;0m▄ [38;2;0;0;0m▀[38;2;0;0;0m▀[38;2;65;64;65m[48;2;0;0;0m▀[0m[38;2;65;64;65m[48;2;0;0;0m▀[0m[38;2;65;64;65m[48;2;0;0;0m▀[0m[38;2;65;64;65m[48;2;0;0;0m▀[0m[38;2;65;64;65m[48;2;0;0;0m▀[0m[38;2;0;0;0m▀[38;2;0;0;0m▀[38;2;0;0;0m▀[38;2;0;0;0m▀[38;2;0;0;0m▀[38;2;0;0;0m▄[38;2;0;0;0m[48;2;227;209;181m▀[0m[38;2;227;209;181m[48;2;227;209;181m▀[0m[38;2;157;142;101m[48;2;227;209;181m▀[0m[38;2;227;209;181m[48;2;157;142;101m▀[0m[38;2;157;142;101m[48;2;227;209;181m▀[0m[38;2;227;209;181m[48;2;227;209;181m▀[0m[38;2;227;209;181m[48;2;157;142;101m▀[0m[38;2;157;142;101m[48;2;227;209;181m▀[0m[38;2;91;58;49m[48;2;169;129;87m▀[0m[38;2;117;83;62m[48;2;91;58;49m▀[0m[38;2;123;113;86m[48;2;120;59;44m▀[0m[38;2;123;113;86m[48;2;120;59;44m▀[0m[38;2;176;161;131m[48;2;65;64;65m▀[0m[38;2;128;116;96m[48;2;65;64;65m▀[0m[38;2;124;110;87m[48;2;164;46;21m▀[0m[38;2;164;46;21m[48;2;164;46;21m▀[0m[38;2;74;72;69m[48;2;0;0;0m▀[0m[38;2;177;156;131m[48;2;0;0;0m▀[0m[38;2;178;163;133m[48;2;0;0;0m▀[0m[38;2;0;0;0m▀ 
   [38;2;0;0;0m▄[38;2;0;0;0m[48;2;227;209;181m▀[0m[38;2;65;64;65m[48;2;227;209;181m▀[0m[38;2;65;64;65m[48;2;227;209;181m▀[0m[38;2;86;57;45m[48;2;247;177;146m▀[0m[38;2;175;118;96m[48;2;0;0;0m▀[0m[38;2;207;59;31m[48;2;0;0;0m▀[0m[38;2;207;59;31m[48;2;0;0;0m▀[0m[38;2;74;72;69m[48;2;0;0;0m▀[0m[38;2;177;156;131m[48;2;0;0;0m▀[0m[38;2;178;163;133m[48;2;0;0;0m▀[0m[38;2;178;163;133m[48;2;0;0;0m▀[0m[38;2;0;0;0m▀          [38;2;0;0;0m▄[38;2;0;0;0m[48;2;177;156;131m▀[0m[38;2;74;72;69m[48;2;177;156;131m▀[0m[38;2;152;91;67m[48;2;152;91;67m▀[0m[38;2;231;207;177m[48;2;152;91;67m▀[0m[38;2;230;207;180m[48;2;230;207;180m▀[0m[38;2;230;207;180m[48;2;230;207;180m▀[0m[38;2;230;208;180m[48;2;230;208;180m▀[0m[38;2;230;208;180m[48;2;127;107;83m▀[0m[38;2;158;146;115m[48;2;118;112;85m▀[0m[38;2;227;207;172m[48;2;118;112;85m▀[0m[38;2;158;143;97m[48;2;65;64;65m▀[0m[38;2;65;64;65m[48;2;65;64;65m▀[0m[38;2;65;64;65m[48;2;65;64;65m▀[0m[38;2;166;151;121m[48;2;65;64;65m▀[0m[38;2;169;152;120m[48;2;0;0;0m▀[0m[38;2;169;152;120m[48;2;0;0;0m▀[0m[38;2;0;0;0m▀[38;2;0;0;0m▀     
    [38;2;0;0;0m▀[38;2;0;0;0m▀[38;2;0;0;0m▀[38;2;0;0;0m▀                   [38;2;0;0;0m▀[38;2;0;0;0m▀[38;2;201;67;39m[48;2;4;11;13m▀[0m[38;2;201;67;39m[48;2;99;39;28m▀[0m[38;2;65;64;65m[48;2;227;209;181m▀[0m[38;2;65;64;65m[48;2;227;209;181m▀[0m[38;2;65;64;65m[48;2;65;64;65m▀[0m[38;2;207;58;32m[48;2;65;64;65m▀[0m[38;2;194;76;49m[48;2;0;4;8m▀[0m[38;2;96;40;27m[48;2;0;4;8m▀[0m[38;2;227;209;181m[48;2;0;0;0m▀[0m[38;2;227;209;181m[48;2;0;0;0m▀[0m[38;2;227;209;181m[48;2;0;0;0m▀[0m[38;2;0;0;0m▀         
                             [38;2;0;0;0m▀[38;2;227;209;181m[48;2;0;0;0m▀[0m[38;2;227;209;181m[48;2;0;0;0m▀[0m[38;2;227;209;181m[48;2;0;0;0m▀[0m[38;2;227;209;181m[48;2;0;0;0m▀[0m[38;2;0;0;0m▀               
                                     [0m                                     