     [38;2;0;4;0m[48;2;0;4;0m▀[0m[38;2;0;4;0m▄   [38;2;0;4;0m▄[38;2;0;4;0m[48;2;94;97;94m▀[0m[38;2;0;4;0m▄              
    [38;2;0;4;0m[48;2;0;4;0m▀[0m[38;2;82;78;68m[48;2;82;78;68m▀[0m[38;2;0;4;0m[48;2;82;79;70m▀[0m[38;2;0;4;0m▄[38;2;0;4;0m[48;2;132;131;104m▀[0m[38;2;0;4;0m[48;2;132;131;104m▀[0m[38;2;66;65;66m[48;2;66;65;66m▀[0m[38;2;94;97;94m[48;2;94;97;94m▀[0m[38;2;0;4;0m[48;2;94;97;94m▀[0m[38;2;0;4;0m▄             
    [38;2;0;8;0m[48;2;0;8;0m▀[0m[38;2;71;70;66m[48;2;107;101;99m▀[0m[38;2;132;130;107m[48;2;94;97;94m▀[0m[38;2;132;130;107m[48;2;132;130;107m▀[0m[38;2;132;132;104m[48;2;132;132;104m▀[0m[38;2;66;65;66m[48;2;66;65;66m▀[0m[38;2;82;101;123m[48;2;255;255;255m▀[0m[38;2;82;101;123m[48;2;82;101;123m▀[0m[38;2;255;255;255m[48;2;255;255;255m▀[0m[38;2;82;81;66m[48;2;255;255;255m▀[0m[38;2;0;4;0m[48;2;0;4;0m▀[0m            
   [38;2;0;4;0m[48;2;0;4;0m▀[0m[38;2;94;97;94m[48;2;94;97;94m▀[0m[38;2;94;97;94m[48;2;66;65;66m▀[0m[38;2;95;97;95m[48;2;95;97;95m▀[0m[38;2;95;97;95m[48;2;95;97;95m▀[0m[38;2;99;97;90m[48;2;82;81;73m▀[0m[38;2;66;65;57m[48;2;82;81;73m▀[0m[38;2;87;121;145m[48;2;24;56;90m▀[0m[38;2;150;186;200m[48;2;214;251;255m▀[0m[38;2;255;255;255m[48;2;255;255;255m▀[0m[38;2;255;255;255m[48;2;66;65;66m▀[0m[38;2;74;71;68m[48;2;74;71;68m▀[0m[38;2;0;4;0m[48;2;0;4;0m▀[0m           
   [38;2;0;4;0m▀[38;2;82;78;54m[48;2;0;8;24m▀[0m[38;2;82;78;54m[48;2;219;73;62m▀[0m[38;2;82;78;68m[48;2;218;72;61m▀[0m[38;2;82;78;68m[48;2;218;72;61m▀[0m[38;2;218;72;61m[48;2;218;72;61m▀[0m[38;2;218;72;61m[48;2;177;31;20m▀[0m[38;2;177;31;20m[48;2;177;31;20m▀[0m[38;2;66;65;66m[48;2;177;31;20m▀[0m[38;2;66;65;66m[48;2;66;65;66m▀[0m[38;2;82;78;68m[48;2;82;78;68m▀[0m[38;2;82;79;70m[48;2;0;4;0m▀[0m[38;2;0;4;0m▀           
     [38;2;0;4;0m▀[38;2;0;4;0m▀[38;2;176;30;19m[48;2;0;4;0m▀[0m[38;2;177;31;20m[48;2;0;4;16m▀[0m[38;2;177;31;20m[48;2;63;63;32m▀[0m[38;2;177;31;20m[48;2;74;69;66m▀[0m[38;2;74;69;66m[48;2;74;69;66m▀[0m[38;2;82;78;68m[48;2;82;78;68m▀[0m[38;2;0;4;0m[48;2;0;4;0m▀[0m             
        [38;2;0;4;0m▄[38;2;0;4;0m[48;2;94;97;94m▀[0m[38;2;82;79;68m[48;2;82;79;68m▀[0m[38;2;82;79;68m[48;2;82;79;68m▀[0m[38;2;68;70;66m[48;2;99;101;99m▀[0m[38;2;8;8;0m[48;2;99;101;99m▀[0m[38;2;0;4;0m▄            
     [38;2;0;4;0m▄[38;2;0;4;0m▄[38;2;0;4;0m▄[38;2;0;4;0m[48;2;94;97;94m▀[0m[38;2;94;97;94m[48;2;94;97;94m▀[0m[38;2;95;97;95m[48;2;95;97;95m▀[0m[38;2;95;97;95m[48;2;95;97;95m▀[0m[38;2;95;97;95m[48;2;95;97;95m▀[0m[38;2;95;97;95m[48;2;95;97;95m▀[0m[38;2;0;4;0m[48;2;82;79;70m▀[0m[38;2;0;4;0m▄        [38;2;0;4;0m▄  
    [38;2;0;4;0m▀[38;2;213;176;0m[48;2;0;4;0m▀[0m[38;2;217;180;0m[48;2;236;199;0m▀[0m[38;2;82;77;66m[48;2;82;77;66m▀[0m[38;2;94;97;94m[48;2;82;81;66m▀[0m[38;2;94;97;94m[48;2;94;97;94m▀[0m[38;2;93;95;95m[48;2;79;77;68m▀[0m[38;2;93;95;95m[48;2;79;77;68m▀[0m[38;2;82;81;66m[48;2;82;81;66m▀[0m[38;2;82;81;66m[48;2;242;205;0m▀[0m[38;2;217;180;0m[48;2;142;107;0m▀[0m[38;2;217;180;0m[48;2;0;12;16m▀[0m[38;2;0;4;0m▀      [38;2;0;4;0m[48;2;0;4;0m▀[0m[38;2;94;97;94m[48;2;94;97;94m▀[0m[38;2;0;4;0m[48;2;0;4;0m▀[0m 
  [38;2;0;4;0m▄[38;2;0;4;0m[48;2;82;79;70m▀[0m[38;2;0;4;0m[48;2;176;30;19m▀[0m[38;2;176;30;19m[48;2;176;30;19m▀[0m[38;2;66;65;66m[48;2;66;65;66m▀[0m[38;2;242;205;0m[48;2;66;65;66m▀[0m[38;2;242;205;0m[48;2;242;205;0m▀[0m[38;2;74;73;66m[48;2;74;73;66m▀[0m[38;2;242;205;0m[48;2;242;205;0m▀[0m[38;2;242;205;0m[48;2;66;65;66m▀[0m[38;2;74;69;66m[48;2;218;72;61m▀[0m[38;2;74;69;66m[48;2;74;69;66m▀[0m[38;2;245;208;0m[48;2;120;89;0m▀[0m[38;2;0;8;8m[48;2;0;8;8m▀[0m     [38;2;0;4;0m▄[38;2;0;4;0m[48;2;242;205;0m▀[0m[38;2;242;205;0m[48;2;242;205;0m▀[0m[38;2;242;205;0m[48;2;0;4;0m▀[0m[38;2;0;4;0m▀ 
 [38;2;0;4;0m[48;2;0;4;0m▀[0m[38;2;82;78;68m[48;2;82;78;68m▀[0m[38;2;82;78;68m[48;2;0;4;0m▀[0m[38;2;0;4;0m▀[38;2;176;30;19m[48;2;0;4;0m▀[0m[38;2;74;52;49m[48;2;159;13;2m▀[0m[38;2;240;94;83m[48;2;159;13;2m▀[0m[38;2;66;65;66m[48;2;218;72;61m▀[0m[38;2;218;72;61m[48;2;218;72;61m▀[0m[38;2;66;65;66m[48;2;218;72;61m▀[0m[38;2;218;72;61m[48;2;66;65;66m▀[0m[38;2;49;52;74m[48;2;112;105;87m▀[0m[38;2;207;61;50m[48;2;112;105;87m▀[0m[38;2;219;73;62m[48;2;82;73;49m▀[0m[38;2;0;0;16m[48;2;219;73;62m▀[0m[38;2;0;4;0m▄[38;2;0;4;0m▄[38;2;0;4;0m▄[38;2;0;4;0m[48;2;176;30;19m▀[0m[38;2;0;4;0m[48;2;218;72;61m▀[0m[38;2;218;72;61m[48;2;218;72;61m▀[0m[38;2;255;231;90m[48;2;255;216;180m▀[0m[38;2;255;231;90m[48;2;0;4;0m▀[0m[38;2;0;4;0m▀  
  [38;2;0;4;0m▀ [38;2;0;4;0m▄[38;2;0;4;0m[48;2;126;61;1m▀[0m[38;2;213;176;0m[48;2;219;182;0m▀[0m[38;2;158;12;1m[48;2;213;176;0m▀[0m[38;2;218;72;61m[48;2;154;12;1m▀[0m[38;2;218;72;61m[48;2;218;72;61m▀[0m[38;2;221;75;64m[48;2;221;75;64m▀[0m[38;2;66;69;57m[48;2;174;28;17m▀[0m[38;2;94;97;94m[48;2;66;65;66m▀[0m[38;2;66;65;66m[48;2;66;65;66m▀[0m[38;2;66;77;74m[48;2;211;174;0m▀[0m[38;2;211;174;0m[48;2;247;210;0m▀[0m[38;2;247;210;0m[48;2;211;174;0m▀[0m[38;2;66;77;74m[48;2;211;174;0m▀[0m[38;2;177;31;20m[48;2;66;65;66m▀[0m[38;2;177;31;20m[48;2;177;31;20m▀[0m[38;2;166;20;9m[48;2;0;8;0m▀[0m[38;2;255;111;101m[48;2;0;8;0m▀[0m[38;2;0;4;0m▀    
    [38;2;0;4;0m▀[38;2;176;30;19m[48;2;0;4;0m▀[0m[38;2;177;31;20m[48;2;74;60;74m▀[0m[38;2;226;189;0m[48;2;177;31;20m▀[0m[38;2;221;184;0m[48;2;0;4;0m▀[0m[38;2;0;4;0m▀[38;2;176;30;19m[48;2;0;4;0m▀[0m[38;2;176;30;19m[48;2;0;4;0m▀[0m[38;2;167;21;10m[48;2;0;4;0m▀[0m[38;2;111;53;1m[48;2;0;4;0m▀[0m[38;2;255;221;0m[48;2;220;183;0m▀[0m[38;2;220;183;0m[48;2;235;89;78m▀[0m[38;2;218;72;61m[48;2;218;72;61m▀[0m[38;2;218;72;61m[48;2;177;31;20m▀[0m[38;2;66;64;66m[48;2;0;4;0m▀[0m[38;2;0;4;0m▀       
    [38;2;0;4;0m▀[38;2;82;79;70m[48;2;0;4;0m▀[0m[38;2;82;78;68m[48;2;0;4;0m▀[0m[38;2;82;78;68m[48;2;0;4;0m▀[0m[38;2;0;4;0m▀     [38;2;0;4;0m▀[38;2;176;30;19m[48;2;0;4;0m▀[0m[38;2;178;32;21m[48;2;108;9;1m▀[0m[38;2;0;4;8m[48;2;0;4;8m▀[0m         
              [38;2;0;4;0m▀[38;2;94;97;94m[48;2;0;4;0m▀[0m[38;2;66;66;66m[48;2;0;4;0m▀[0m[38;2;99;97;99m[48;2;0;4;0m▀[0m[38;2;0;4;0m▀        
                                     [0m                                     