             [38;2;0;0;0m▄[38;2;0;0;0m[48;2;236;103;237m▀[0m[38;2;0;0;0m▄       [38;2;0;0;0m▄                      
             [38;2;0;0;0m[48;2;0;0;0m▀[0m[38;2;241;104;241m[48;2;182;61;183m▀[0m[38;2;0;0;0m[48;2;0;0;0m▀[0m     [38;2;0;0;0m▄[38;2;0;0;0m[48;2;236;103;237m▀[0m[38;2;236;103;237m[48;2;236;103;237m▀[0m[38;2;0;0;0m[48;2;0;0;0m▀[0m                     
             [38;2;0;0;0m[48;2;0;0;0m▀[0m[38;2;201;66;208m[48;2;201;66;208m▀[0m[38;2;241;104;241m[48;2;182;61;183m▀[0m[38;2;0;0;0m[48;2;0;0;0m▀[0m  [38;2;0;0;0m▄[38;2;0;0;0m▄[38;2;0;0;0m[48;2;236;103;237m▀[0m[38;2;236;103;237m[48;2;236;103;237m▀[0m[38;2;236;103;237m[48;2;0;0;0m▀[0m[38;2;0;0;0m▀                     
              [38;2;0;0;0m[48;2;0;0;0m▀[0m[38;2;201;66;208m[48;2;201;66;208m▀[0m[38;2;201;66;208m[48;2;201;66;208m▀[0m[38;2;0;0;0m[48;2;182;61;183m▀[0m[38;2;0;0;0m[48;2;241;104;241m▀[0m[38;2;233;98;235m[48;2;233;98;235m▀[0m[38;2;233;98;235m[48;2;233;98;235m▀[0m[38;2;233;98;235m[48;2;233;98;235m▀[0m[38;2;233;98;235m[48;2;233;98;235m▀[0m[38;2;0;0;0m[48;2;0;0;0m▀[0m                      
              [38;2;0;0;0m▀[38;2;203;81;196m[48;2;8;0;0m▀[0m[38;2;88;39;82m[48;2;8;0;0m▀[0m[38;2;233;98;235m[48;2;233;98;235m▀[0m[38;2;233;98;235m[48;2;233;98;235m▀[0m[38;2;236;103;237m[48;2;0;0;0m▀[0m[38;2;0;0;0m▀[38;2;0;0;0m▀[38;2;236;103;237m[48;2;0;0;0m▀[0m[38;2;236;103;237m[48;2;236;103;237m▀[0m[38;2;0;0;0m[48;2;0;0;0m▀[0m                     
                 [38;2;0;0;0m[48;2;0;0;0m▀[0m[38;2;236;103;237m[48;2;236;103;237m▀[0m[38;2;0;0;0m[48;2;236;103;237m▀[0m[38;2;0;0;0m▄  [38;2;0;0;0m▀                      
            [38;2;0;0;0m▄[38;2;0;0;0m[48;2;182;61;183m▀[0m[38;2;0;0;0m[48;2;241;104;241m▀[0m[38;2;0;0;0m[48;2;201;66;208m▀[0m[38;2;0;0;0m▄[38;2;0;0;0m▀[38;2;236;103;237m[48;2;0;0;0m▀[0m[38;2;236;103;237m[48;2;236;103;237m▀[0m[38;2;0;0;0m[48;2;236;103;237m▀[0m[38;2;0;0;0m▄   [38;2;0;0;0m▄[38;2;0;0;0m▄[38;2;0;0;0m▄                  
            [38;2;0;0;0m[48;2;0;0;0m▀[0m[38;2;254;160;253m[48;2;191;56;204m▀[0m[38;2;239;104;237m[48;2;239;104;237m▀[0m[38;2;241;104;241m[48;2;182;61;183m▀[0m[38;2;0;0;0m[48;2;0;0;0m▀[0m [38;2;0;0;0m[48;2;0;0;0m▀[0m[38;2;233;98;235m[48;2;233;98;235m▀[0m[38;2;233;98;235m[48;2;233;98;235m▀[0m[38;2;75;48;73m[48;2;236;116;237m▀[0m[38;2;24;8;0m[48;2;75;48;73m▀[0m[38;2;8;4;0m[48;2;236;116;237m▀[0m[38;2;8;4;0m[48;2;72;35;73m▀[0m[38;2;191;56;204m[48;2;254;160;253m▀[0m[38;2;239;104;237m[48;2;239;104;237m▀[0m[38;2;182;61;183m[48;2;241;104;241m▀[0m[38;2;0;0;0m[48;2;0;0;0m▀[0m                 
             [38;2;0;0;0m▀[38;2;0;0;0m▀[38;2;0;0;0m▀[38;2;201;66;208m[48;2;0;0;0m▀[0m[38;2;16;4;0m[48;2;201;90;193m▀[0m[38;2;87;47;79m[48;2;87;47;79m▀[0m[38;2;233;98;235m[48;2;233;98;235m▀[0m[38;2;233;98;235m[48;2;233;98;235m▀[0m[38;2;236;103;237m[48;2;236;103;237m▀[0m[38;2;65;64;65m[48;2;236;103;237m▀[0m[38;2;236;103;237m[48;2;65;64;65m▀[0m[38;2;65;64;65m[48;2;236;103;237m▀[0m[38;2;202;81;203m[48;2;237;93;237m▀[0m[38;2;237;93;237m[48;2;65;64;65m▀[0m[38;2;183;69;184m[48;2;76;39;78m▀[0m[38;2;16;8;0m[48;2;241;104;241m▀[0m[38;2;0;0;0m▄                
                 [38;2;0;0;0m[48;2;0;0;0m▀[0m[38;2;236;103;237m[48;2;236;103;237m▀[0m[38;2;233;98;235m[48;2;233;98;235m▀[0m[38;2;233;98;235m[48;2;233;98;235m▀[0m[38;2;233;98;235m[48;2;233;98;235m▀[0m[38;2;233;98;235m[48;2;233;98;235m▀[0m[38;2;233;98;235m[48;2;233;98;235m▀[0m[38;2;233;98;235m[48;2;233;98;235m▀[0m[38;2;65;64;65m[48;2;65;64;65m▀[0m[38;2;236;103;237m[48;2;236;103;237m▀[0m[38;2;233;98;235m[48;2;233;98;235m▀[0m[38;2;233;98;235m[48;2;233;98;235m▀[0m[38;2;236;103;237m[48;2;236;103;237m▀[0m[38;2;0;0;0m[48;2;0;0;0m▀[0m               
               [38;2;0;0;0m▄[38;2;0;0;0m[48;2;65;64;65m▀[0m[38;2;246;190;74m[48;2;246;190;74m▀[0m[38;2;65;64;65m[48;2;65;64;65m▀[0m[38;2;233;98;235m[48;2;233;98;235m▀[0m[38;2;233;98;235m[48;2;233;98;235m▀[0m[38;2;233;98;235m[48;2;233;98;235m▀[0m[38;2;233;98;235m[48;2;233;98;235m▀[0m[38;2;236;103;237m[48;2;236;103;237m▀[0m[38;2;236;103;237m[48;2;246;226;65m▀[0m[38;2;246;226;65m[48;2;74;64;65m▀[0m[38;2;246;226;65m[48;2;74;64;65m▀[0m[38;2;236;103;237m[48;2;246;226;65m▀[0m[38;2;236;103;237m[48;2;236;103;237m▀[0m[38;2;233;98;235m[48;2;233;98;235m▀[0m[38;2;233;98;235m[48;2;233;98;235m▀[0m[38;2;0;0;0m[48;2;65;64;65m▀[0m[38;2;0;0;0m▄[38;2;0;0;0m▄            
             [38;2;0;0;0m▄[38;2;0;0;0m[48;2;201;66;208m▀[0m[38;2;237;93;235m[48;2;203;85;200m▀[0m[38;2;65;64;65m[48;2;65;64;65m▀[0m[38;2;215;91;213m[48;2;215;91;213m▀[0m[38;2;246;190;74m[48;2;215;91;213m▀[0m[38;2;233;98;235m[48;2;233;98;235m▀[0m[38;2;233;98;235m[48;2;233;98;235m▀[0m[38;2;233;98;235m[48;2;233;98;235m▀[0m[38;2;233;98;235m[48;2;233;98;235m▀[0m[38;2;246;190;74m[48;2;246;190;74m▀[0m[38;2;65;64;65m[48;2;65;64;65m▀[0m[38;2;255;255;205m[48;2;74;64;49m▀[0m[38;2;74;64;49m[48;2;246;190;74m▀[0m[38;2;246;190;74m[48;2;236;103;237m▀[0m[38;2;236;103;237m[48;2;236;103;237m▀[0m[38;2;236;103;237m[48;2;65;64;65m▀[0m[38;2;65;64;65m[48;2;236;103;237m▀[0m[38;2;230;98;234m[48;2;254;171;253m▀[0m[38;2;230;98;234m[48;2;230;98;234m▀[0m[38;2;72;35;73m[48;2;236;116;237m▀[0m[38;2;8;4;0m[48;2;8;4;0m▀[0m           
            [38;2;0;0;0m▄[38;2;8;4;0m[48;2;137;49;132m▀[0m[38;2;199;78;208m[48;2;137;49;132m▀[0m[38;2;201;66;208m[48;2;201;66;208m▀[0m[38;2;201;66;208m[48;2;65;64;65m▀[0m[38;2;65;64;65m[48;2;236;103;237m▀[0m[38;2;236;103;237m[48;2;144;75;142m▀[0m[38;2;143;63;148m[48;2;232;98;235m▀[0m[38;2;143;63;148m[48;2;232;98;235m▀[0m[38;2;232;98;235m[48;2;143;63;148m▀[0m[38;2;232;98;235m[48;2;143;63;148m▀[0m[38;2;215;91;213m[48;2;215;91;213m▀[0m[38;2;246;190;74m[48;2;215;91;213m▀[0m[38;2;246;190;74m[48;2;236;103;237m▀[0m[38;2;236;103;237m[48;2;236;103;237m▀[0m[38;2;232;98;235m[48;2;232;98;235m▀[0m[38;2;232;98;235m[48;2;143;63;148m▀[0m[38;2;65;64;65m[48;2;203;85;200m▀[0m[38;2;237;93;235m[48;2;65;64;65m▀[0m[38;2;233;98;235m[48;2;233;98;235m▀[0m[38;2;233;98;235m[48;2;233;98;235m▀[0m[38;2;232;98;235m[48;2;232;98;235m▀[0m[38;2;232;98;235m[48;2;143;63;148m▀[0m[38;2;0;0;0m[48;2;0;0;0m▀[0m          
       [38;2;0;0;0m▄[38;2;0;0;0m▄[38;2;0;0;0m▄[38;2;0;0;0m▄[38;2;0;0;0m[48;2;201;66;208m▀[0m[38;2;201;66;208m[48;2;0;0;0m▀[0m[38;2;201;66;208m[48;2;0;0;0m▀[0m[38;2;0;0;0m▀[38;2;0;0;0m▀[38;2;0;0;0m▀[38;2;236;103;237m[48;2;0;0;0m▀[0m[38;2;236;103;237m[48;2;236;103;237m▀[0m[38;2;143;63;148m[48;2;143;63;148m▀[0m[38;2;143;63;148m[48;2;232;98;235m▀[0m[38;2;232;98;235m[48;2;143;63;148m▀[0m[38;2;232;98;235m[48;2;143;63;148m▀[0m[38;2;232;98;235m[48;2;143;63;148m▀[0m[38;2;232;98;235m[48;2;143;63;148m▀[0m[38;2;232;98;235m[48;2;143;63;148m▀[0m[38;2;143;63;148m[48;2;232;98;235m▀[0m[38;2;139;63;143m[48;2;201;66;208m▀[0m[38;2;201;66;208m[48;2;201;66;208m▀[0m[38;2;201;66;208m[48;2;201;66;208m▀[0m[38;2;139;63;143m[48;2;139;63;143m▀[0m[38;2;65;64;65m[48;2;0;0;0m▀[0m[38;2;0;0;0m▀[38;2;0;0;0m▀[38;2;201;66;208m[48;2;0;0;0m▀[0m[38;2;201;66;208m[48;2;0;0;0m▀[0m[38;2;0;0;0m[48;2;201;66;208m▀[0m[38;2;0;0;0m▄[38;2;0;0;0m▄       
   [38;2;0;0;0m▄[38;2;0;0;0m[48;2;201;66;208m▀[0m[38;2;0;0;0m[48;2;201;66;208m▀[0m[38;2;0;0;0m[48;2;201;66;208m▀[0m[38;2;201;66;208m[48;2;201;66;208m▀[0m[38;2;201;66;208m[48;2;201;66;208m▀[0m[38;2;201;66;208m[48;2;201;66;208m▀[0m[38;2;201;66;208m[48;2;201;66;208m▀[0m[38;2;0;0;0m[48;2;0;0;0m▀[0m    [38;2;0;0;0m▄[38;2;16;8;0m[48;2;73;39;75m▀[0m[38;2;236;103;237m[48;2;236;103;237m▀[0m[38;2;143;63;148m[48;2;143;63;148m▀[0m[38;2;232;98;235m[48;2;232;98;235m▀[0m[38;2;233;98;235m[48;2;233;98;235m▀[0m[38;2;233;98;235m[48;2;233;98;235m▀[0m[38;2;233;98;235m[48;2;233;98;235m▀[0m[38;2;233;98;235m[48;2;233;98;235m▀[0m[38;2;148;63;145m[48;2;148;63;145m▀[0m[38;2;237;93;237m[48;2;204;76;200m▀[0m[38;2;201;66;208m[48;2;201;66;208m▀[0m[38;2;201;66;208m[48;2;201;66;208m▀[0m[38;2;203;62;208m[48;2;203;62;208m▀[0m[38;2;143;67;148m[48;2;65;64;65m▀[0m[38;2;0;0;0m[48;2;65;64;65m▀[0m[38;2;0;0;0m▄ [38;2;0;0;0m▄ [38;2;0;0;0m[48;2;0;0;0m▀[0m[38;2;143;63;148m[48;2;232;98;235m▀[0m[38;2;232;98;235m[48;2;232;98;235m▀[0m[38;2;0;0;0m[48;2;236;103;237m▀[0m[38;2;0;0;0m▄     
  [38;2;0;0;0m[48;2;0;0;0m▀[0m[38;2;65;64;65m[48;2;203;62;208m▀[0m[38;2;65;64;65m[48;2;143;67;148m▀[0m[38;2;65;64;65m[48;2;201;66;208m▀[0m[38;2;201;66;208m[48;2;65;64;65m▀[0m[38;2;201;66;208m[48;2;201;66;208m▀[0m[38;2;201;66;208m[48;2;201;66;208m▀[0m[38;2;201;66;208m[48;2;0;0;0m▀[0m[38;2;0;0;0m▀   [38;2;0;0;0m▄[38;2;0;0;0m[48;2;201;66;208m▀[0m[38;2;201;66;208m[48;2;201;66;208m▀[0m[38;2;201;66;208m[48;2;201;66;208m▀[0m[38;2;65;64;65m[48;2;65;64;65m▀[0m[38;2;148;63;145m[48;2;204;76;200m▀[0m[38;2;237;93;237m[48;2;148;63;145m▀[0m[38;2;232;98;235m[48;2;143;63;148m▀[0m[38;2;232;98;235m[48;2;232;98;235m▀[0m[38;2;232;98;235m[48;2;232;98;235m▀[0m[38;2;232;98;235m[48;2;201;66;208m▀[0m[38;2;139;63;143m[48;2;201;66;208m▀[0m[38;2;201;66;208m[48;2;139;63;143m▀[0m[38;2;201;66;208m[48;2;201;66;208m▀[0m[38;2;201;66;208m[48;2;65;64;65m▀[0m[38;2;65;64;65m[48;2;201;66;208m▀[0m[38;2;201;66;208m[48;2;201;66;208m▀[0m[38;2;201;66;208m[48;2;232;98;235m▀[0m[38;2;201;66;208m[48;2;232;98;235m▀[0m[38;2;0;0;0m[48;2;237;103;235m▀[0m[38;2;178;61;175m[48;2;178;61;175m▀[0m[38;2;0;0;0m[48;2;0;0;0m▀[0m[38;2;0;0;0m▀[38;2;236;103;237m[48;2;0;0;0m▀[0m[38;2;236;103;237m[48;2;236;103;237m▀[0m[38;2;233;98;235m[48;2;233;98;235m▀[0m[38;2;233;98;235m[48;2;233;98;235m▀[0m[38;2;0;0;0m[48;2;137;46;128m▀[0m[38;2;0;0;0m[48;2;203;78;208m▀[0m[38;2;0;0;0m▄  
 [38;2;0;0;0m[48;2;0;0;0m▀[0m[38;2;213;210;213m[48;2;213;210;213m▀[0m[38;2;71;70;71m[48;2;0;0;0m▀[0m[38;2;213;210;213m[48;2;213;210;213m▀[0m[38;2;65;64;65m[48;2;8;0;0m▀[0m[38;2;203;81;196m[48;2;8;0;0m▀[0m[38;2;0;0;0m▀[38;2;0;0;0m▀     [38;2;0;0;0m[48;2;0;0;0m▀[0m[38;2;201;66;208m[48;2;65;64;65m▀[0m[38;2;201;66;208m[48;2;201;66;208m▀[0m[38;2;201;66;208m[48;2;201;66;208m▀[0m[38;2;201;66;208m[48;2;65;64;65m▀[0m[38;2;65;64;65m[48;2;65;64;65m▀[0m[38;2;139;63;143m[48;2;65;64;65m▀[0m[38;2;203;78;208m[48;2;8;4;0m▀[0m[38;2;137;49;128m[48;2;203;78;208m▀[0m[38;2;139;63;143m[48;2;201;66;208m▀[0m[38;2;139;63;143m[48;2;201;66;208m▀[0m[38;2;139;63;143m[48;2;201;66;208m▀[0m[38;2;139;63;143m[48;2;201;66;208m▀[0m[38;2;203;81;196m[48;2;8;0;0m▀[0m[38;2;65;64;65m[48;2;8;0;0m▀[0m[38;2;201;66;208m[48;2;232;98;235m▀[0m[38;2;232;98;235m[48;2;232;98;235m▀[0m[38;2;233;98;235m[48;2;233;98;235m▀[0m[38;2;233;98;235m[48;2;233;98;235m▀[0m[38;2;236;103;237m[48;2;236;103;237m▀[0m[38;2;0;0;0m[48;2;236;103;237m▀[0m[38;2;0;0;0m▄ [38;2;0;0;0m▀[38;2;236;103;237m[48;2;0;0;0m▀[0m[38;2;232;98;235m[48;2;232;98;235m▀[0m[38;2;232;98;235m[48;2;143;63;148m▀[0m[38;2;237;93;237m[48;2;138;71;143m▀[0m[38;2;138;71;143m[48;2;65;64;65m▀[0m[38;2;201;66;208m[48;2;0;0;0m▀[0m[38;2;0;0;0m▀ 
  [38;2;0;0;0m▀ [38;2;0;0;0m▀         [38;2;0;0;0m▄[38;2;24;12;8m[48;2;134;57;141m▀[0m[38;2;38;47;60m[48;2;199;78;208m▀[0m[38;2;65;64;65m[48;2;201;66;208m▀[0m[38;2;201;66;208m[48;2;201;66;208m▀[0m[38;2;201;66;208m[48;2;0;0;0m▀[0m[38;2;0;0;0m▀ [38;2;0;0;0m▀[38;2;0;0;0m▀[38;2;0;0;0m▀[38;2;0;0;0m▀[38;2;0;0;0m▀  [38;2;0;0;0m▀[38;2;236;103;237m[48;2;0;0;0m▀[0m[38;2;233;98;235m[48;2;233;98;235m▀[0m[38;2;233;98;235m[48;2;233;98;235m▀[0m[38;2;236;103;237m[48;2;236;103;237m▀[0m[38;2;236;103;237m[48;2;0;0;0m▀[0m[38;2;0;0;0m▀  [38;2;0;0;0m[48;2;0;0;0m▀[0m[38;2;178;35;179m[48;2;139;139;139m▀[0m[38;2;139;139;139m[48;2;246;246;246m▀[0m[38;2;125;125;125m[48;2;125;125;125m▀[0m[38;2;0;0;24m[48;2;238;238;238m▀[0m[38;2;0;0;0m▄  
             [38;2;0;0;0m▀[38;2;213;210;213m[48;2;0;0;0m▀[0m[38;2;205;214;222m[48;2;0;4;8m▀[0m[38;2;68;74;79m[48;2;0;4;8m▀[0m[38;2;0;0;0m▀[38;2;0;0;0m▀          [38;2;0;0;0m[48;2;0;0;0m▀[0m[38;2;201;66;208m[48;2;201;66;208m▀[0m[38;2;65;64;65m[48;2;201;66;208m▀[0m[38;2;65;64;65m[48;2;201;66;208m▀[0m[38;2;0;0;0m[48;2;65;64;65m▀[0m[38;2;0;0;0m▄    [38;2;0;0;0m▀[38;2;255;255;255m[48;2;0;0;0m▀[0m[38;2;0;0;0m▀[38;2;255;255;255m[48;2;0;0;0m▀[0m[38;2;0;0;0m▀  
                              [38;2;0;0;0m▀[38;2;0;0;0m▀[38;2;133;63;141m[48;2;0;0;0m▀[0m[38;2;255;255;255m[48;2;0;0;0m▀[0m[38;2;255;255;255m[48;2;0;0;0m▀[0m[38;2;0;0;0m▀          
                                     [0m                                     