                 [38;2;0;0;0m▄[38;2;0;0;0m▄[38;2;0;0;0m▄[38;2;0;0;0m[48;2;108;105;74m▀[0m[38;2;0;0;0m[48;2;108;105;74m▀[0m[38;2;0;0;0m[48;2;108;105;74m▀[0m[38;2;0;0;0m[48;2;108;105;74m▀[0m[38;2;0;0;0m[48;2;108;105;74m▀[0m[38;2;0;0;0m▄[38;2;0;0;0m▄[38;2;0;0;0m▄ [38;2;0;0;0m▄[38;2;0;0;0m▄       
           [38;2;0;0;0m▄[38;2;0;0;0m▄[38;2;0;0;0m▄[38;2;0;0;0m▄[38;2;0;0;0m[48;2;66;64;66m▀[0m[38;2;0;0;0m[48;2;66;64;66m▀[0m[38;2;108;105;74m[48;2;66;65;66m▀[0m[38;2;108;105;74m[48;2;66;65;66m▀[0m[38;2;108;105;74m[48;2;108;105;74m▀[0m[38;2;108;105;74m[48;2;108;105;74m▀[0m[38;2;108;105;74m[48;2;108;105;74m▀[0m[38;2;108;105;74m[48;2;108;105;74m▀[0m[38;2;108;105;74m[48;2;108;105;74m▀[0m[38;2;108;105;74m[48;2;108;105;74m▀[0m[38;2;108;105;74m[48;2;66;65;66m▀[0m[38;2;66;65;66m[48;2;108;105;74m▀[0m[38;2;66;66;57m[48;2;135;132;101m▀[0m[38;2;0;0;8m[48;2;135;132;101m▀[0m[38;2;135;132;101m[48;2;66;65;66m▀[0m[38;2;135;132;101m[48;2;66;65;66m▀[0m[38;2;0;0;0m[48;2;134;131;100m▀[0m[38;2;0;0;0m[48;2;66;65;55m▀[0m[38;2;0;0;0m▄    
       [38;2;0;0;0m▄[38;2;0;0;0m▄[38;2;0;0;0m[48;2;229;232;106m▀[0m[38;2;0;0;0m[48;2;229;232;106m▀[0m[38;2;228;230;104m[48;2;228;230;104m▀[0m[38;2;228;230;104m[48;2;228;230;104m▀[0m[38;2;228;230;104m[48;2;228;230;104m▀[0m[38;2;228;230;104m[48;2;228;230;104m▀[0m[38;2;204;207;73m[48;2;228;230;104m▀[0m[38;2;204;207;73m[48;2;204;207;73m▀[0m[38;2;205;208;74m[48;2;205;208;74m▀[0m[38;2;205;208;74m[48;2;205;208;74m▀[0m[38;2;66;65;66m[48;2;206;209;75m▀[0m[38;2;66;65;66m[48;2;206;209;75m▀[0m[38;2;108;105;74m[48;2;66;65;66m▀[0m[38;2;108;105;74m[48;2;108;105;74m▀[0m[38;2;108;105;74m[48;2;108;105;74m▀[0m[38;2;66;65;66m[48;2;66;65;66m▀[0m[38;2;108;105;74m[48;2;79;77;74m▀[0m[38;2;66;65;66m[48;2;108;105;74m▀[0m[38;2;66;65;66m[48;2;66;65;66m▀[0m[38;2;66;65;66m[48;2;66;65;66m▀[0m[38;2;128;125;94m[48;2;66;65;66m▀[0m[38;2;109;106;75m[48;2;109;106;75m▀[0m[38;2;66;65;66m[48;2;66;65;66m▀[0m[38;2;108;105;74m[48;2;66;65;66m▀[0m[38;2;0;0;0m[48;2;0;0;0m▀[0m    
     [38;2;0;0;0m▄[38;2;0;0;0m[48;2;108;105;74m▀[0m[38;2;113;110;79m[48;2;74;77;74m▀[0m[38;2;74;77;74m[48;2;204;207;73m▀[0m[38;2;204;207;73m[48;2;204;207;73m▀[0m[38;2;228;230;104m[48;2;204;207;73m▀[0m[38;2;228;230;104m[48;2;204;207;73m▀[0m[38;2;228;230;104m[48;2;204;207;73m▀[0m[38;2;228;230;104m[48;2;204;207;73m▀[0m[38;2;204;207;73m[48;2;204;207;73m▀[0m[38;2;205;208;74m[48;2;205;208;74m▀[0m[38;2;205;208;74m[48;2;205;208;74m▀[0m[38;2;204;207;73m[48;2;66;65;74m▀[0m[38;2;66;65;74m[48;2;106;103;72m▀[0m[38;2;66;65;66m[48;2;108;105;74m▀[0m[38;2;66;65;66m[48;2;108;105;74m▀[0m[38;2;206;209;75m[48;2;66;65;66m▀[0m[38;2;66;65;66m[48;2;66;65;66m▀[0m[38;2;108;105;74m[48;2;108;105;74m▀[0m[38;2;108;105;74m[48;2;108;105;74m▀[0m[38;2;66;65;66m[48;2;110;107;76m▀[0m[38;2;79;78;74m[48;2;66;65;66m▀[0m[38;2;108;105;74m[48;2;66;65;66m▀[0m[38;2;108;105;74m[48;2;66;65;66m▀[0m[38;2;108;105;74m[48;2;66;65;66m▀[0m[38;2;66;65;66m[48;2;108;105;74m▀[0m[38;2;108;105;74m[48;2;108;105;74m▀[0m[38;2;0;0;0m[48;2;108;105;74m▀[0m[38;2;0;0;0m▄    
   [38;2;0;0;0m▄[38;2;0;0;0m▄[38;2;0;0;0m[48;2;105;102;71m▀[0m[38;2;105;102;71m[48;2;66;67;60m▀[0m[38;2;74;69;66m[48;2;74;69;66m▀[0m[38;2;205;208;74m[48;2;74;69;66m▀[0m[38;2;206;209;75m[48;2;66;65;66m▀[0m[38;2;206;209;75m[48;2;66;65;66m▀[0m[38;2;206;209;75m[48;2;66;65;66m▀[0m[38;2;206;209;75m[48;2;66;65;66m▀[0m[38;2;205;208;74m[48;2;205;208;74m▀[0m[38;2;205;208;74m[48;2;205;208;74m▀[0m[38;2;206;209;75m[48;2;206;209;75m▀[0m[38;2;66;65;66m[48;2;66;65;66m▀[0m[38;2;108;105;74m[48;2;108;105;74m▀[0m[38;2;108;105;74m[48;2;108;105;74m▀[0m[38;2;106;103;72m[48;2;66;67;66m▀[0m[38;2;66;67;66m[48;2;0;0;0m▀[0m[38;2;66;77;66m[48;2;247;117;57m▀[0m[38;2;141;144;5m[48;2;66;77;66m▀[0m[38;2;74;69;66m[48;2;74;69;66m▀[0m[38;2;74;69;66m[48;2;205;208;74m▀[0m[38;2;74;77;74m[48;2;204;207;73m▀[0m[38;2;113;110;79m[48;2;74;77;74m▀[0m[38;2;108;105;74m[48;2;108;105;74m▀[0m[38;2;108;105;74m[48;2;108;105;74m▀[0m[38;2;108;105;74m[48;2;66;65;66m▀[0m[38;2;66;65;66m[48;2;108;105;74m▀[0m[38;2;66;66;68m[48;2;136;133;102m▀[0m[38;2;104;101;70m[48;2;66;66;68m▀[0m[38;2;0;0;0m[48;2;165;168;29m▀[0m[38;2;0;0;0m▄   
 [38;2;0;0;0m▄[38;2;0;0;0m[48;2;108;105;74m▀[0m[38;2;109;106;75m[48;2;82;78;68m▀[0m[38;2;82;78;68m[48;2;134;131;100m▀[0m[38;2;66;65;66m[48;2;135;132;101m▀[0m[38;2;135;132;101m[48;2;135;132;101m▀[0m[38;2;134;131;100m[48;2;134;131;100m▀[0m[38;2;134;131;100m[48;2;134;131;100m▀[0m[38;2;108;105;74m[48;2;134;131;100m▀[0m[38;2;108;105;74m[48;2;108;105;74m▀[0m[38;2;107;104;73m[48;2;79;79;71m▀[0m[38;2;79;79;71m[48;2;107;104;73m▀[0m[38;2;88;83;73m[48;2;134;131;100m▀[0m[38;2;66;60;57m[48;2;134;131;100m▀[0m[38;2;66;65;66m[48;2;108;105;74m▀[0m[38;2;66;65;66m[48;2;66;65;66m▀[0m[38;2;108;105;74m[48;2;66;65;66m▀[0m[38;2;66;65;66m[48;2;108;105;74m▀[0m[38;2;255;97;57m[48;2;106;103;72m▀[0m[38;2;255;97;57m[48;2;255;97;57m▀[0m[38;2;247;117;57m[48;2;66;77;66m▀[0m[38;2;66;77;66m[48;2;141;144;5m▀[0m[38;2;161;165;25m[48;2;161;165;25m▀[0m[38;2;66;65;66m[48;2;66;65;66m▀[0m[38;2;205;208;74m[48;2;205;208;74m▀[0m[38;2;205;208;74m[48;2;205;208;74m▀[0m[38;2;74;77;74m[48;2;204;207;73m▀[0m[38;2;113;110;79m[48;2;74;77;74m▀[0m[38;2;66;65;66m[48;2;66;65;66m▀[0m[38;2;135;132;101m[48;2;135;132;101m▀[0m[38;2;66;65;66m[48;2;66;65;66m▀[0m[38;2;66;65;66m[48;2;66;65;66m▀[0m[38;2;163;166;27m[48;2;163;166;27m▀[0m[38;2;0;0;0m[48;2;163;166;27m▀[0m[38;2;0;0;0m▄  
 [38;2;0;0;0m▀[38;2;108;105;74m[48;2;0;0;0m▀[0m[38;2;82;81;66m[48;2;107;104;73m▀[0m[38;2;107;104;73m[48;2;107;104;73m▀[0m[38;2;134;131;100m[48;2;108;105;74m▀[0m[38;2;134;131;100m[48;2;108;105;74m▀[0m[38;2;134;131;100m[48;2;108;105;74m▀[0m[38;2;108;105;74m[48;2;108;105;74m▀[0m[38;2;108;105;74m[48;2;108;105;74m▀[0m[38;2;66;65;66m[48;2;66;65;66m▀[0m[38;2;108;105;74m[48;2;108;105;74m▀[0m[38;2;66;65;66m[48;2;108;105;74m▀[0m[38;2;66;65;66m[48;2;66;65;66m▀[0m[38;2;66;65;66m[48;2;66;65;66m▀[0m[38;2;128;125;94m[48;2;66;65;66m▀[0m[38;2;109;106;75m[48;2;109;106;75m▀[0m[38;2;66;65;66m[48;2;66;65;66m▀[0m[38;2;66;65;66m[48;2;161;165;25m▀[0m[38;2;66;65;66m[48;2;161;165;25m▀[0m[38;2;66;65;66m[48;2;161;165;25m▀[0m[38;2;163;166;27m[48;2;163;166;27m▀[0m[38;2;163;166;27m[48;2;163;166;27m▀[0m[38;2;167;170;31m[48;2;167;170;31m▀[0m[38;2;66;65;66m[48;2;202;205;71m▀[0m[38;2;205;208;74m[48;2;205;208;74m▀[0m[38;2;205;208;74m[48;2;205;208;74m▀[0m[38;2;207;210;76m[48;2;159;163;23m▀[0m[38;2;88;82;63m[48;2;159;163;23m▀[0m[38;2;66;65;66m[48;2;79;78;74m▀[0m[38;2;110;107;76m[48;2;66;65;66m▀[0m[38;2;66;65;66m[48;2;66;65;66m▀[0m[38;2;66;65;66m[48;2;161;165;25m▀[0m[38;2;163;166;27m[48;2;163;166;27m▀[0m[38;2;163;166;27m[48;2;163;166;27m▀[0m[38;2;0;0;0m[48;2;0;0;0m▀[0m  
 [38;2;0;0;0m[48;2;0;0;0m▀[0m[38;2;113;110;79m[48;2;71;72;66m▀[0m[38;2;108;105;74m[48;2;108;105;74m▀[0m[38;2;108;105;74m[48;2;108;105;74m▀[0m[38;2;108;105;74m[48;2;108;105;74m▀[0m[38;2;108;105;74m[48;2;108;105;74m▀[0m[38;2;108;105;74m[48;2;108;105;74m▀[0m[38;2;108;105;74m[48;2;108;105;74m▀[0m[38;2;108;105;74m[48;2;108;105;74m▀[0m[38;2;108;105;74m[48;2;108;105;74m▀[0m[38;2;66;65;66m[48;2;108;105;74m▀[0m[38;2;108;105;74m[48;2;66;65;66m▀[0m[38;2;108;105;74m[48;2;66;65;66m▀[0m[38;2;108;105;74m[48;2;66;65;66m▀[0m[38;2;108;105;74m[48;2;66;65;66m▀[0m[38;2;66;65;66m[48;2;108;105;74m▀[0m[38;2;66;65;66m[48;2;66;65;66m▀[0m[38;2;161;165;25m[48;2;161;165;25m▀[0m[38;2;163;166;27m[48;2;163;166;27m▀[0m[38;2;163;166;27m[48;2;163;166;27m▀[0m[38;2;161;165;25m[48;2;161;165;25m▀[0m[38;2;161;165;25m[48;2;66;65;66m▀[0m[38;2;167;170;31m[48;2;66;65;66m▀[0m[38;2;202;205;71m[48;2;202;205;71m▀[0m[38;2;205;208;74m[48;2;205;208;74m▀[0m[38;2;82;81;66m[48;2;205;208;74m▀[0m[38;2;161;165;25m[48;2;66;65;66m▀[0m[38;2;161;165;25m[48;2;161;165;25m▀[0m[38;2;161;165;25m[48;2;161;165;25m▀[0m[38;2;161;165;25m[48;2;66;65;66m▀[0m[38;2;66;65;66m[48;2;161;165;25m▀[0m[38;2;161;165;25m[48;2;161;165;25m▀[0m[38;2;163;166;27m[48;2;163;166;27m▀[0m[38;2;163;166;27m[48;2;0;0;0m▀[0m[38;2;0;0;0m▀  
 [38;2;0;0;0m▀[38;2;108;105;74m[48;2;0;0;0m▀[0m[38;2;108;105;74m[48;2;108;105;74m▀[0m[38;2;108;105;74m[48;2;108;105;74m▀[0m[38;2;108;105;74m[48;2;108;105;74m▀[0m[38;2;108;105;74m[48;2;108;105;74m▀[0m[38;2;108;105;74m[48;2;108;105;74m▀[0m[38;2;108;105;74m[48;2;108;105;74m▀[0m[38;2;107;104;73m[48;2;107;104;73m▀[0m[38;2;82;81;66m[48;2;107;104;73m▀[0m[38;2;107;104;73m[48;2;107;104;73m▀[0m[38;2;107;104;73m[48;2;82;81;66m▀[0m[38;2;107;104;73m[48;2;107;104;73m▀[0m[38;2;82;81;66m[48;2;107;104;73m▀[0m[38;2;108;105;74m[48;2;108;105;74m▀[0m[38;2;108;105;74m[48;2;66;65;66m▀[0m[38;2;66;65;66m[48;2;161;165;25m▀[0m[38;2;161;165;25m[48;2;161;165;25m▀[0m[38;2;161;165;25m[48;2;161;165;25m▀[0m[38;2;161;165;25m[48;2;66;65;66m▀[0m[38;2;66;65;66m[48;2;161;165;25m▀[0m[38;2;161;165;25m[48;2;161;165;25m▀[0m[38;2;161;165;25m[48;2;204;207;73m▀[0m[38;2;204;207;73m[48;2;161;165;25m▀[0m[38;2;161;165;25m[48;2;204;207;73m▀[0m[38;2;204;207;73m[48;2;161;165;25m▀[0m[38;2;66;65;66m[48;2;202;205;71m▀[0m[38;2;167;170;31m[48;2;66;65;66m▀[0m[38;2;166;169;30m[48;2;65;64;71m▀[0m[38;2;65;64;71m[48;2;105;102;71m▀[0m[38;2;79;79;71m[48;2;107;104;73m▀[0m[38;2;79;79;71m[48;2;107;104;73m▀[0m[38;2;79;79;71m[48;2;107;104;73m▀[0m[38;2;107;104;73m[48;2;79;79;71m▀[0m[38;2;0;0;0m[48;2;0;0;0m▀[0m  
   [38;2;0;0;0m▀[38;2;108;105;74m[48;2;0;0;0m▀[0m[38;2;70;67;45m[48;2;0;0;16m▀[0m[38;2;70;67;45m[48;2;161;165;25m▀[0m[38;2;66;65;66m[48;2;161;165;25m▀[0m[38;2;66;65;66m[48;2;161;165;25m▀[0m[38;2;65;64;71m[48;2;166;169;30m▀[0m[38;2;105;102;71m[48;2;65;64;71m▀[0m[38;2;108;105;74m[48;2;66;65;66m▀[0m[38;2;108;105;74m[48;2;66;65;66m▀[0m[38;2;105;102;71m[48;2;65;64;71m▀[0m[38;2;65;64;71m[48;2;166;169;30m▀[0m[38;2;66;65;66m[48;2;161;165;25m▀[0m[38;2;161;165;25m[48;2;66;65;66m▀[0m[38;2;164;167;28m[48;2;74;67;38m▀[0m[38;2;164;167;28m[48;2;0;0;16m▀[0m[38;2;0;0;0m▀[38;2;66;65;66m[48;2;0;0;0m▀[0m[38;2;82;81;74m[48;2;104;101;70m▀[0m[38;2;165;168;29m[48;2;82;81;74m▀[0m[38;2;159;163;23m[48;2;82;81;66m▀[0m[38;2;208;211;77m[48;2;82;81;66m▀[0m[38;2;159;163;23m[48;2;82;81;66m▀[0m[38;2;208;211;77m[48;2;82;81;66m▀[0m[38;2;79;78;74m[48;2;110;107;76m▀[0m[38;2;66;65;66m[48;2;66;65;66m▀[0m[38;2;82;81;66m[48;2;206;199;198m▀[0m[38;2;82;81;66m[48;2;206;199;198m▀[0m[38;2;82;81;66m[48;2;82;81;66m▀[0m[38;2;82;81;66m[48;2;206;199;198m▀[0m[38;2;76;73;66m[48;2;214;203;198m▀[0m[38;2;76;73;66m[48;2;8;8;0m▀[0m[38;2;206;199;198m[48;2;0;0;0m▀[0m[38;2;0;0;0m▀ 
      [38;2;0;0;0m▀[38;2;0;0;0m▀[38;2;165;168;29m[48;2;0;0;0m▀[0m[38;2;164;167;28m[48;2;0;0;16m▀[0m[38;2;164;167;28m[48;2;74;67;38m▀[0m[38;2;161;165;25m[48;2;66;65;66m▀[0m[38;2;161;165;25m[48;2;66;65;66m▀[0m[38;2;146;149;9m[48;2;74;73;49m▀[0m[38;2;74;73;49m[48;2;214;207;189m▀[0m[38;2;68;66;66m[48;2;0;0;0m▀[0m[38;2;206;199;198m[48;2;0;0;0m▀[0m[38;2;0;0;0m▀ [38;2;0;0;0m▄[38;2;0;0;0m[48;2;255;255;255m▀[0m[38;2;82;78;69m[48;2;82;78;69m▀[0m[38;2;108;105;74m[48;2;82;78;69m▀[0m[38;2;107;104;73m[48;2;79;79;71m▀[0m[38;2;107;104;73m[48;2;79;79;71m▀[0m[38;2;107;104;73m[48;2;79;79;71m▀[0m[38;2;107;104;73m[48;2;79;79;71m▀[0m[38;2;74;73;66m[48;2;74;73;66m▀[0m[38;2;74;73;66m[48;2;255;255;255m▀[0m[38;2;66;65;66m[48;2;0;0;0m▀[0m[38;2;0;0;0m▀[38;2;0;0;0m▀[38;2;0;0;0m▀[38;2;0;0;0m▀    
          [38;2;0;0;0m▀[38;2;0;0;0m▀[38;2;0;0;0m▀[38;2;0;0;0m▀[38;2;0;0;0m▀     [38;2;0;0;0m▀[38;2;0;0;0m▀[38;2;255;255;255m[48;2;0;0;0m▀[0m[38;2;255;251;247m[48;2;0;0;0m▀[0m[38;2;85;83;82m[48;2;0;0;0m▀[0m[38;2;255;255;255m[48;2;0;0;0m▀[0m[38;2;255;255;255m[48;2;0;0;0m▀[0m[38;2;0;0;0m▀[38;2;0;0;0m▀         
                                     [0m                                     