                           [38;2;0;0;0m▄[38;2;0;0;0m[48;2;255;255;255m▀[0m[38;2;0;0;0m▄[38;2;0;0;0m▄        
         [38;2;0;0;0m▄[38;2;0;0;0m▄[38;2;0;0;0m[48;2;167;67;175m▀[0m[38;2;0;4;0m[48;2;226;100;255m▀[0m[38;2;0;4;0m[48;2;132;67;140m▀[0m[38;2;0;0;0m▄[38;2;0;0;0m▄[38;2;0;0;0m▄         [38;2;0;0;0m▄[38;2;0;0;0m[48;2;167;67;175m▀[0m[38;2;155;64;169m[48;2;255;100;248m▀[0m[38;2;255;100;248m[48;2;255;100;248m▀[0m[38;2;131;67;142m[48;2;219;100;255m▀[0m[38;2;0;8;8m[48;2;131;67;142m▀[0m[38;2;0;0;0m[48;2;167;67;175m▀[0m[38;2;0;0;0m▄[38;2;0;0;0m▄    
        [38;2;0;0;0m▀[38;2;255;255;255m[48;2;0;0;0m▀[0m[38;2;66;37;69m[48;2;8;4;0m▀[0m[38;2;226;100;255m[48;2;133;68;140m▀[0m[38;2;255;100;248m[48;2;255;100;248m▀[0m[38;2;255;100;248m[48;2;155;64;169m▀[0m[38;2;72;63;51m[48;2;0;4;0m▀[0m[38;2;173;151;123m[48;2;0;4;0m▀[0m[38;2;173;151;123m[48;2;72;63;51m▀[0m[38;2;0;4;0m[48;2;173;151;123m▀[0m[38;2;0;0;0m▄       [38;2;0;0;0m▀[38;2;167;67;175m[48;2;0;0;0m▀[0m[38;2;176;68;178m[48;2;132;44;131m▀[0m[38;2;245;93;255m[48;2;132;44;131m▀[0m[38;2;161;64;172m[48;2;161;64;172m▀[0m[38;2;161;64;172m[48;2;161;64;172m▀[0m[38;2;160;64;172m[48;2;160;64;172m▀[0m[38;2;135;46;132m[48;2;160;64;172m▀[0m[38;2;214;211;214m[48;2;214;211;214m▀[0m[38;2;0;0;0m[48;2;214;211;214m▀[0m[38;2;0;0;0m[48;2;214;211;214m▀[0m[38;2;0;0;0m▄ 
     [38;2;0;0;0m▄[38;2;0;0;0m[48;2;255;255;255m▀[0m[38;2;0;0;0m▄   [38;2;0;0;0m▀[38;2;0;0;0m▀[38;2;0;0;0m▀  [38;2;0;0;0m▀[38;2;76;69;55m[48;2;0;0;0m▀[0m[38;2;173;150;123m[48;2;173;150;123m▀[0m[38;2;0;0;0m[48;2;0;0;0m▀[0m      [38;2;0;0;0m▄[38;2;0;0;0m[48;2;159;139;128m▀[0m[38;2;125;106;131m[48;2;255;255;255m▀[0m[38;2;255;255;255m[48;2;125;106;131m▀[0m[38;2;111;44;116m[48;2;0;0;0m▀[0m[38;2;175;67;184m[48;2;0;0;0m▀[0m[38;2;135;46;132m[48;2;214;211;214m▀[0m[38;2;135;46;132m[48;2;214;211;214m▀[0m[38;2;66;65;66m[48;2;0;0;0m▀[0m[38;2;0;0;0m▀[38;2;0;0;0m▀  
    [38;2;0;0;0m▄[38;2;0;0;0m[48;2;167;67;175m▀[0m[38;2;69;37;67m[48;2;255;100;248m▀[0m[38;2;8;0;0m[48;2;255;100;248m▀[0m[38;2;0;0;0m▄       [38;2;0;0;0m▄[38;2;0;0;0m▄[38;2;8;4;0m[48;2;133;68;140m▀[0m[38;2;66;37;69m[48;2;226;100;255m▀[0m[38;2;0;0;0m[48;2;255;100;248m▀[0m[38;2;0;0;0m▄[38;2;0;0;0m▄[38;2;0;0;0m[48;2;159;139;128m▀[0m[38;2;0;4;0m[48;2;130;115;101m▀[0m[38;2;0;4;0m[48;2;204;185;168m▀[0m[38;2;196;176;158m[48;2;196;176;158m▀[0m[38;2;196;176;158m[48;2;0;0;0m▀[0m[38;2;0;0;0m▀[38;2;0;0;0m▀  [38;2;0;0;0m▀[38;2;0;0;0m▀     
   [38;2;0;0;0m[48;2;0;0;0m▀[0m[38;2;157;67;169m[48;2;157;67;169m▀[0m[38;2;196;176;158m[48;2;196;176;158m▀[0m[38;2;155;64;169m[48;2;155;64;169m▀[0m[38;2;255;100;248m[48;2;255;100;248m▀[0m[38;2;255;100;248m[48;2;255;100;248m▀[0m[38;2;8;0;0m[48;2;69;37;67m▀[0m[38;2;0;0;0m▄[38;2;0;0;0m▄[38;2;0;0;0m▄[38;2;0;0;0m▄[38;2;0;0;0m▄[38;2;0;0;0m[48;2;196;176;158m▀[0m[38;2;66;65;66m[48;2;196;176;158m▀[0m[38;2;196;176;158m[48;2;196;176;158m▀[0m[38;2;145;102;147m[48;2;63;58;54m▀[0m[38;2;145;102;147m[48;2;212;121;219m▀[0m[38;2;255;100;248m[48;2;255;100;248m▀[0m[38;2;255;100;248m[48;2;155;64;169m▀[0m[38;2;255;100;248m[48;2;255;100;248m▀[0m[38;2;69;37;67m[48;2;8;0;0m▀[0m[38;2;0;0;0m▀[38;2;0;0;0m▀[38;2;0;0;0m▀            
  [38;2;0;0;0m[48;2;0;0;0m▀[0m[38;2;255;100;248m[48;2;255;100;248m▀[0m[38;2;155;64;169m[48;2;255;100;248m▀[0m[38;2;155;64;169m[48;2;155;64;169m▀[0m[38;2;155;64;169m[48;2;255;100;248m▀[0m[38;2;255;100;248m[48;2;255;100;248m▀[0m[38;2;255;100;245m[48;2;255;100;245m▀[0m[38;2;255;100;245m[48;2;255;100;245m▀[0m[38;2;255;255;255m[48;2;0;0;0m▀[0m[38;2;255;255;255m[48;2;0;0;0m▀[0m[38;2;150;135;122m[48;2;66;65;66m▀[0m[38;2;196;176;158m[48;2;66;65;66m▀[0m[38;2;196;176;158m[48;2;52;47;43m▀[0m[38;2;196;176;158m[48;2;0;4;8m▀[0m[38;2;66;65;66m[48;2;66;65;66m▀[0m[38;2;66;65;66m[48;2;255;100;248m▀[0m[38;2;255;100;245m[48;2;255;100;245m▀[0m[38;2;255;100;245m[48;2;255;100;245m▀[0m[38;2;157;67;169m[48;2;157;67;169m▀[0m[38;2;196;176;158m[48;2;196;176;158m▀[0m[38;2;145;51;147m[48;2;159;139;128m▀[0m[38;2;145;51;147m[48;2;145;51;147m▀[0m[38;2;0;0;0m[48;2;0;0;0m▀[0m              
 [38;2;0;0;0m▄[38;2;0;12;41m[48;2;231;255;255m▀[0m[38;2;147;126;152m[48;2;91;63;89m▀[0m[38;2;255;100;245m[48;2;255;100;245m▀[0m[38;2;255;100;245m[48;2;255;100;245m▀[0m[38;2;255;100;245m[48;2;255;100;245m▀[0m[38;2;255;100;245m[48;2;255;100;245m▀[0m[38;2;255;100;248m[48;2;255;100;248m▀[0m[38;2;0;0;0m[48;2;0;0;0m▀[0m [38;2;0;0;0m▄[38;2;0;8;16m[48;2;199;182;166m▀[0m[38;2;54;51;48m[48;2;54;51;48m▀[0m[38;2;0;0;0m[48;2;196;176;158m▀[0m[38;2;0;0;0m▄[38;2;0;0;0m▀[38;2;255;100;248m[48;2;0;0;0m▀[0m[38;2;66;65;66m[48;2;196;176;158m▀[0m[38;2;66;65;66m[48;2;196;176;158m▀[0m[38;2;149;93;158m[48;2;82;70;63m▀[0m[38;2;99;80;102m[48;2;82;70;63m▀[0m[38;2;150;141;135m[48;2;57;69;90m▀[0m[38;2;90;92;101m[48;2;57;69;90m▀[0m[38;2;78;70;62m[48;2;78;70;62m▀[0m[38;2;0;0;0m[48;2;184;169;151m▀[0m[38;2;0;0;0m[48;2;191;174;155m▀[0m[38;2;0;0;0m[48;2;81;72;63m▀[0m[38;2;0;0;0m▄          
 [38;2;0;0;0m[48;2;0;0;0m▀[0m[38;2;255;255;255m[48;2;255;255;255m▀[0m[38;2;255;255;255m[48;2;0;0;0m▀[0m[38;2;95;67;91m[48;2;0;16;49m▀[0m[38;2;95;67;91m[48;2;247;255;255m▀[0m[38;2;91;63;89m[48;2;231;255;255m▀[0m[38;2;147;126;152m[48;2;0;12;41m▀[0m[38;2;0;0;0m▀[38;2;0;0;0m▄[38;2;8;4;8m[48;2;196;176;158m▀[0m[38;2;196;176;158m[48;2;55;48;44m▀[0m[38;2;194;175;156m[48;2;194;175;156m▀[0m[38;2;194;175;156m[48;2;194;175;156m▀[0m[38;2;196;176;158m[48;2;60;57;57m▀[0m[38;2;60;57;57m[48;2;196;176;158m▀[0m[38;2;0;0;0m[48;2;196;176;158m▀[0m[38;2;196;176;158m[48;2;196;176;158m▀[0m[38;2;66;65;66m[48;2;196;176;158m▀[0m[38;2;66;65;66m[48;2;196;176;158m▀[0m[38;2;196;176;158m[48;2;66;65;66m▀[0m[38;2;150;135;122m[48;2;66;65;66m▀[0m[38;2;255;255;255m[48;2;66;65;66m▀[0m[38;2;255;255;255m[48;2;66;65;66m▀[0m[38;2;196;176;158m[48;2;78;69;56m▀[0m[38;2;196;176;158m[48;2;196;176;158m▀[0m[38;2;196;176;158m[48;2;196;176;158m▀[0m[38;2;196;176;158m[48;2;78;69;56m▀[0m[38;2;0;0;0m[48;2;66;65;66m▀[0m[38;2;0;0;0m▄         
 [38;2;0;0;0m▀[38;2;0;0;0m▀  [38;2;0;0;0m[48;2;0;0;0m▀[0m[38;2;255;255;255m[48;2;255;255;255m▀[0m[38;2;0;0;0m[48;2;0;0;0m▀[0m [38;2;0;0;0m▀[38;2;196;176;158m[48;2;0;0;0m▀[0m[38;2;196;176;158m[48;2;196;176;158m▀[0m[38;2;196;176;158m[48;2;196;176;158m▀[0m[38;2;66;60;58m[48;2;196;176;158m▀[0m[38;2;194;175;156m[48;2;194;175;156m▀[0m[38;2;194;175;156m[48;2;194;175;156m▀[0m[38;2;196;176;158m[48;2;78;69;56m▀[0m[38;2;196;176;158m[48;2;196;176;158m▀[0m[38;2;194;175;156m[48;2;194;175;156m▀[0m[38;2;194;175;156m[48;2;194;175;156m▀[0m[38;2;194;175;156m[48;2;194;175;156m▀[0m[38;2;194;175;156m[48;2;194;175;156m▀[0m[38;2;196;176;158m[48;2;78;69;56m▀[0m[38;2;196;176;158m[48;2;196;176;158m▀[0m[38;2;66;65;66m[48;2;155;137;124m▀[0m[38;2;66;65;66m[48;2;66;65;66m▀[0m[38;2;66;65;66m[48;2;155;137;124m▀[0m[38;2;66;65;66m[48;2;155;137;124m▀[0m[38;2;155;137;124m[48;2;75;69;56m▀[0m[38;2;75;69;56m[48;2;155;137;124m▀[0m[38;2;0;0;0m[48;2;159;139;128m▀[0m[38;2;0;0;0m▄       
      [38;2;0;0;0m▀   [38;2;0;0;0m▀[38;2;196;176;158m[48;2;0;0;0m▀[0m[38;2;78;69;56m[48;2;78;69;56m▀[0m[38;2;196;176;158m[48;2;196;176;158m▀[0m[38;2;196;176;158m[48;2;66;65;66m▀[0m[38;2;196;176;158m[48;2;66;65;66m▀[0m[38;2;196;176;158m[48;2;196;176;158m▀[0m[38;2;78;69;56m[48;2;196;176;158m▀[0m[38;2;196;176;158m[48;2;78;69;56m▀[0m[38;2;196;176;158m[48;2;78;69;56m▀[0m[38;2;75;69;56m[48;2;155;137;124m▀[0m[38;2;75;69;56m[48;2;155;137;124m▀[0m[38;2;196;176;158m[48;2;154;135;120m▀[0m[38;2;154;135;120m[48;2;154;135;120m▀[0m[38;2;155;137;124m[48;2;155;137;124m▀[0m[38;2;155;137;124m[48;2;155;137;124m▀[0m[38;2;66;65;66m[48;2;66;65;66m▀[0m[38;2;155;137;124m[48;2;155;137;124m▀[0m[38;2;155;137;124m[48;2;155;137;124m▀[0m[38;2;155;137;124m[48;2;75;69;56m▀[0m[38;2;88;78;70m[48;2;149;132;118m▀[0m[38;2;0;0;0m[48;2;0;0;0m▀[0m       
           [38;2;0;0;0m▀[38;2;82;78;72m[48;2;0;4;8m▀[0m[38;2;66;60;52m[48;2;66;60;52m▀[0m[38;2;66;65;66m[48;2;214;211;214m▀[0m[38;2;66;65;66m[48;2;66;65;66m▀[0m[38;2;66;65;66m[48;2;66;65;66m▀[0m[38;2;155;137;124m[48;2;155;137;124m▀[0m[38;2;155;137;124m[48;2;155;137;124m▀[0m[38;2;155;137;124m[48;2;155;137;124m▀[0m[38;2;155;137;124m[48;2;66;65;66m▀[0m[38;2;66;65;66m[48;2;66;65;66m▀[0m[38;2;66;65;66m[48;2;66;65;66m▀[0m[38;2;155;137;124m[48;2;66;65;66m▀[0m[38;2;155;137;124m[48;2;155;137;124m▀[0m[38;2;155;137;124m[48;2;155;137;124m▀[0m[38;2;155;137;124m[48;2;155;137;124m▀[0m[38;2;155;137;124m[48;2;155;137;124m▀[0m[38;2;149;132;118m[48;2;88;78;70m▀[0m[38;2;149;132;118m[48;2;0;0;0m▀[0m[38;2;0;0;0m▀        
             [38;2;0;0;0m▀[38;2;66;65;66m[48;2;0;0;0m▀[0m[38;2;66;65;66m[48;2;66;65;66m▀[0m[38;2;155;137;124m[48;2;75;69;56m▀[0m[38;2;155;137;124m[48;2;75;69;56m▀[0m[38;2;155;137;124m[48;2;155;137;124m▀[0m[38;2;155;137;124m[48;2;75;69;56m▀[0m[38;2;74;65;57m[48;2;145;140;135m▀[0m[38;2;222;211;198m[48;2;74;65;57m▀[0m[38;2;66;65;66m[48;2;66;65;66m▀[0m[38;2;66;65;66m[48;2;74;68;54m▀[0m[38;2;155;137;124m[48;2;75;69;56m▀[0m[38;2;75;69;56m[48;2;155;137;124m▀[0m[38;2;159;139;128m[48;2;0;0;0m▀[0m[38;2;0;0;0m▀[38;2;0;0;0m▀          
               [38;2;0;0;0m▀[38;2;63;57;54m[48;2;0;0;8m▀[0m[38;2;153;136;124m[48;2;153;136;124m▀[0m[38;2;75;69;56m[48;2;155;137;124m▀[0m[38;2;75;69;56m[48;2;155;137;124m▀[0m[38;2;86;75;64m[48;2;145;128;109m▀[0m[38;2;86;75;64m[48;2;0;0;0m▀[0m[38;2;159;139;128m[48;2;0;0;0m▀[0m[38;2;0;0;0m▀[38;2;0;0;0m▀[38;2;0;0;0m▀             
                 [38;2;0;0;0m▀[38;2;155;137;124m[48;2;0;0;0m▀[0m[38;2;155;137;124m[48;2;0;0;0m▀[0m[38;2;0;0;0m▀                  
                                     [0m                                     