      [38;2;0;0;0m▄[38;2;0;0;0m[48;2;219;62;0m▀[0m[38;2;0;0;0m▄                                       
    [38;2;0;0;0m▄ [38;2;0;0;0m[48;2;8;0;16m▀[0m[38;2;219;62;0m[48;2;218;64;1m▀[0m[38;2;0;0;0m[48;2;219;62;0m▀[0m[38;2;0;0;0m▄  [38;2;0;0;0m▄                       [38;2;0;0;0m▄[38;2;0;0;0m▄          
   [38;2;0;0;0m[48;2;0;0;0m▀[0m[38;2;219;62;0m[48;2;219;62;0m▀[0m[38;2;0;0;0m[48;2;219;62;0m▀[0m[38;2;65;64;65m[48;2;65;64;65m▀[0m[38;2;218;64;1m[48;2;219;62;0m▀[0m[38;2;219;62;0m[48;2;65;64;65m▀[0m[38;2;0;0;0m[48;2;65;64;65m▀[0m[38;2;0;24;32m▄[38;2;0;0;0m[48;2;82;63;43m▀[0m[38;2;248;182;39m[48;2;248;182;39m▀[0m[38;2;0;0;0m[48;2;0;0;0m▀[0m                     [38;2;0;0;0m[48;2;0;0;0m▀[0m[38;2;219;62;0m[48;2;219;62;0m▀[0m[38;2;219;62;0m[48;2;219;62;0m▀[0m[38;2;0;0;0m[48;2;0;0;0m▀[0m         
  [38;2;0;0;0m[48;2;0;0;0m▀[0m[38;2;219;62;0m[48;2;219;62;0m▀[0m[38;2;65;64;65m[48;2;219;62;0m▀[0m[38;2;219;62;0m[48;2;65;64;65m▀[0m[38;2;219;62;0m[48;2;65;64;65m▀[0m[38;2;65;64;65m[48;2;65;64;65m▀[0m[38;2;246;180;37m[48;2;248;182;39m▀[0m[38;2;160;115;61m[48;2;248;182;39m▀[0m[38;2;82;63;43m[48;2;65;64;65m▀[0m[38;2;248;182;39m[48;2;248;182;39m▀[0m[38;2;248;182;39m[48;2;0;0;0m▀[0m[38;2;0;0;0m▀                 [38;2;0;0;0m▄[38;2;0;0;0m[48;2;248;182;39m▀[0m[38;2;0;0;0m[48;2;248;182;39m▀[0m[38;2;0;0;0m▄[38;2;0;0;0m[48;2;82;82;82m▀[0m[38;2;219;62;0m[48;2;219;62;0m▀[0m[38;2;219;62;0m[48;2;219;62;0m▀[0m[38;2;0;0;0m[48;2;0;0;0m▀[0m  [38;2;0;0;0m▄[38;2;0;0;0m▄     
  [38;2;0;0;0m▄[38;2;0;0;0m[48;2;160;66;0m▀[0m[38;2;219;62;0m[48;2;65;64;65m▀[0m[38;2;65;64;65m[48;2;65;64;65m▀[0m[38;2;246;180;37m[48;2;248;182;39m▀[0m[38;2;160;115;61m[48;2;248;182;39m▀[0m[38;2;248;182;39m[48;2;160;115;61m▀[0m[38;2;65;64;65m[48;2;65;64;65m▀[0m[38;2;248;182;39m[48;2;248;182;39m▀[0m[38;2;248;182;39m[48;2;248;182;39m▀[0m[38;2;0;0;0m[48;2;0;0;0m▀[0m                  [38;2;0;0;0m▀[38;2;248;182;39m[48;2;0;0;0m▀[0m[38;2;248;182;39m[48;2;248;182;39m▀[0m[38;2;82;82;82m[48;2;248;182;39m▀[0m[38;2;248;116;0m[48;2;65;64;65m▀[0m[38;2;230;113;0m[48;2;255;141;2m▀[0m[38;2;219;62;0m[48;2;65;64;65m▀[0m[38;2;0;0;0m[48;2;0;0;0m▀[0m [38;2;0;0;0m[48;2;0;0;0m▀[0m[38;2;219;62;0m[48;2;219;62;0m▀[0m[38;2;219;62;0m[48;2;219;62;0m▀[0m[38;2;0;0;0m[48;2;0;0;0m▀[0m    
 [38;2;0;0;0m▀[38;2;160;66;0m[48;2;0;0;0m▀[0m[38;2;160;66;0m[48;2;160;66;0m▀[0m[38;2;65;64;65m[48;2;65;64;65m▀[0m[38;2;248;182;39m[48;2;248;182;39m▀[0m[38;2;154;106;64m[48;2;248;182;39m▀[0m[38;2;248;182;39m[48;2;154;106;64m▀[0m[38;2;246;180;37m[48;2;154;106;64m▀[0m[38;2;160;115;61m[48;2;248;182;39m▀[0m[38;2;248;182;39m[48;2;248;182;39m▀[0m[38;2;0;0;0m[48;2;0;0;0m▀[0m                    [38;2;0;0;0m[48;2;0;0;0m▀[0m[38;2;248;182;39m[48;2;248;182;39m▀[0m[38;2;248;182;39m[48;2;248;182;39m▀[0m[38;2;65;64;65m[48;2;248;182;39m▀[0m[38;2;255;141;2m[48;2;65;64;65m▀[0m[38;2;65;64;65m[48;2;248;182;39m▀[0m[38;2;248;182;39m[48;2;248;182;39m▀[0m[38;2;0;0;0m[48;2;65;64;65m▀[0m[38;2;219;62;0m[48;2;170;84;0m▀[0m[38;2;219;62;0m[48;2;170;84;0m▀[0m[38;2;0;0;0m[48;2;0;0;0m▀[0m     
  [38;2;0;0;0m▄[38;2;0;0;0m[48;2;160;66;0m▀[0m[38;2;152;52;2m[48;2;65;64;65m▀[0m[38;2;65;64;65m[48;2;154;106;64m▀[0m[38;2;248;182;39m[48;2;154;106;64m▀[0m[38;2;248;182;39m[48;2;248;182;39m▀[0m[38;2;154;106;64m[48;2;248;182;39m▀[0m[38;2;248;182;39m[48;2;248;182;39m▀[0m[38;2;248;182;39m[48;2;248;182;39m▀[0m[38;2;0;0;0m[48;2;0;0;0m▀[0m                     [38;2;0;0;0m[48;2;0;0;0m▀[0m[38;2;248;182;39m[48;2;248;182;39m▀[0m[38;2;248;182;39m[48;2;248;182;39m▀[0m[38;2;161;117;56m[48;2;154;106;64m▀[0m[38;2;248;182;39m[48;2;248;182;39m▀[0m[38;2;248;182;39m[48;2;246;180;37m▀[0m[38;2;65;64;65m[48;2;65;64;65m▀[0m[38;2;255;139;1m[48;2;82;63;43m▀[0m[38;2;0;16;0m[48;2;0;24;32m▀[0m [38;2;0;0;0m▄[38;2;0;0;0m▄   
  [38;2;0;0;0m▀[38;2;160;66;0m[48;2;0;0;0m▀[0m[38;2;65;64;65m[48;2;143;60;0m▀[0m[38;2;154;106;64m[48;2;65;64;65m▀[0m[38;2;154;106;64m[48;2;154;106;64m▀[0m[38;2;154;106;64m[48;2;154;106;64m▀[0m[38;2;154;106;64m[48;2;154;106;64m▀[0m[38;2;248;182;39m[48;2;248;182;39m▀[0m[38;2;248;182;39m[48;2;248;182;39m▀[0m[38;2;248;182;39m[48;2;248;182;39m▀[0m[38;2;0;0;0m[48;2;83;67;43m▀[0m[38;2;0;0;24m▄[38;2;7;3;0m▄[38;2;7;3;0m▄                 [38;2;0;0;0m▀[38;2;248;182;39m[48;2;0;0;0m▀[0m[38;2;248;182;39m[48;2;248;182;39m▀[0m[38;2;248;182;39m[48;2;248;182;39m▀[0m[38;2;248;182;39m[48;2;248;182;39m▀[0m[38;2;160;115;61m[48;2;154;106;64m▀[0m[38;2;65;64;65m[48;2;248;182;39m▀[0m[38;2;248;182;39m[48;2;248;182;39m▀[0m[38;2;82;63;43m[48;2;97;75;48m▀[0m[38;2;0;0;0m[48;2;219;62;0m▀[0m[38;2;219;62;0m[48;2;219;62;0m▀[0m[38;2;219;62;0m[48;2;219;62;0m▀[0m[38;2;0;0;0m[48;2;0;0;0m▀[0m  
   [38;2;0;0;0m▄[38;2;0;0;16m[48;2;160;66;0m▀[0m[38;2;160;111;0m[48;2;65;64;65m▀[0m[38;2;65;64;65m[48;2;154;106;64m▀[0m[38;2;154;106;64m[48;2;154;106;64m▀[0m[38;2;154;106;64m[48;2;154;106;64m▀[0m[38;2;154;106;64m[48;2;154;106;64m▀[0m[38;2;248;182;39m[48;2;136;108;64m▀[0m[38;2;154;106;64m[48;2;73;52;61m▀[0m[38;2;83;67;43m[48;2;112;113;127m▀[0m[38;2;197;194;199m[48;2;112;113;127m▀[0m[38;2;201;195;199m[48;2;196;193;195m▀[0m[38;2;98;99;113m[48;2;196;193;195m▀[0m[38;2;0;0;0m[48;2;98;99;113m▀[0m[38;2;7;3;0m▄                [38;2;0;0;0m[48;2;0;0;0m▀[0m[38;2;248;182;39m[48;2;248;182;39m▀[0m[38;2;248;182;39m[48;2;248;182;39m▀[0m[38;2;248;182;39m[48;2;248;182;39m▀[0m[38;2;248;182;39m[48;2;248;182;39m▀[0m[38;2;248;182;39m[48;2;154;106;64m▀[0m[38;2;97;75;48m[48;2;65;64;65m▀[0m[38;2;255;130;2m[48;2;65;64;65m▀[0m[38;2;230;113;0m[48;2;255;141;2m▀[0m[38;2;219;62;0m[48;2;0;0;0m▀[0m[38;2;0;0;0m▀   
   [38;2;0;0;0m▀[38;2;160;66;0m[48;2;0;0;0m▀[0m[38;2;65;64;65m[48;2;160;66;0m▀[0m[38;2;154;106;64m[48;2;65;64;65m▀[0m[38;2;154;106;64m[48;2;65;64;65m▀[0m[38;2;154;106;64m[48;2;154;106;64m▀[0m[38;2;154;106;64m[48;2;65;64;65m▀[0m[38;2;73;52;61m[48;2;74;68;57m▀[0m[38;2;196;189;192m[48;2;105;107;124m▀[0m[38;2;196;193;195m[48;2;112;113;127m▀[0m[38;2;196;193;195m[48;2;196;193;195m▀[0m[38;2;112;113;127m[48;2;196;193;195m▀[0m[38;2;196;193;195m[48;2;112;113;127m▀[0m[38;2;201;195;199m[48;2;196;193;195m▀[0m[38;2;7;3;0m[48;2;0;0;0m▀[0m               [38;2;0;0;0m▄[38;2;0;0;0m[48;2;248;182;39m▀[0m[38;2;248;182;39m[48;2;248;182;39m▀[0m[38;2;248;182;39m[48;2;154;106;64m▀[0m[38;2;248;182;39m[48;2;248;182;39m▀[0m[38;2;154;106;64m[48;2;248;182;39m▀[0m[38;2;154;106;64m[48;2;248;182;39m▀[0m[38;2;248;182;39m[48;2;248;182;39m▀[0m[38;2;248;182;39m[48;2;248;182;39m▀[0m[38;2;0;0;0m[48;2;65;64;65m▀[0m[38;2;255;141;2m[48;2;0;0;0m▀[0m[38;2;0;0;0m[48;2;219;62;0m▀[0m[38;2;0;0;0m[48;2;219;62;0m▀[0m[38;2;0;0;0m▄ 
     [38;2;0;0;0m[48;2;0;0;0m▀[0m[38;2;65;64;65m[48;2;160;63;0m▀[0m[38;2;154;106;64m[48;2;65;64;65m▀[0m[38;2;65;64;65m[48;2;65;64;65m▀[0m[38;2;65;64;65m[48;2;196;193;195m▀[0m[38;2;200;195;196m[48;2;198;194;196m▀[0m[38;2;200;195;196m[48;2;198;194;196m▀[0m[38;2;196;193;195m[48;2;198;194;196m▀[0m[38;2;112;113;127m[48;2;198;194;196m▀[0m[38;2;196;193;195m[48;2;112;113;127m▀[0m[38;2;112;113;127m[48;2;196;193;195m▀[0m[38;2;196;193;195m[48;2;112;113;127m▀[0m[38;2;0;0;0m[48;2;65;64;65m▀[0m[38;2;0;0;0m▄              [38;2;0;0;0m[48;2;0;0;0m▀[0m[38;2;248;182;39m[48;2;248;182;39m▀[0m[38;2;248;182;39m[48;2;248;182;39m▀[0m[38;2;154;106;64m[48;2;154;106;64m▀[0m[38;2;248;182;39m[48;2;248;182;39m▀[0m[38;2;248;182;39m[48;2;154;106;64m▀[0m[38;2;248;182;39m[48;2;154;106;64m▀[0m[38;2;161;117;56m[48;2;161;117;56m▀[0m[38;2;65;64;65m[48;2;65;64;65m▀[0m[38;2;255;141;2m[48;2;255;139;2m▀[0m[38;2;170;80;0m[48;2;154;44;2m▀[0m[38;2;219;62;0m[48;2;134;60;0m▀[0m[38;2;219;62;0m[48;2;0;0;0m▀[0m[38;2;0;0;0m▀ 
      [38;2;0;0;8m▀[38;2;160;63;0m[48;2;0;0;0m▀[0m[38;2;65;64;65m[48;2;143;102;0m▀[0m[38;2;196;193;195m[48;2;65;64;65m▀[0m[38;2;198;194;196m[48;2;196;193;195m▀[0m[38;2;198;194;196m[48;2;196;193;195m▀[0m[38;2;198;194;196m[48;2;112;113;127m▀[0m[38;2;198;194;196m[48;2;196;193;195m▀[0m[38;2;112;113;127m[48;2;105;107;124m▀[0m[38;2;196;193;195m[48;2;200;195;196m▀[0m[38;2;65;64;65m[48;2;65;64;65m▀[0m[38;2;65;64;65m[48;2;255;203;81m▀[0m[38;2;255;203;81m[48;2;255;203;81m▀[0m[38;2;0;0;0m[48;2;255;203;81m▀[0m[38;2;0;0;0m[48;2;255;203;81m▀[0m[38;2;0;0;0m▄          [38;2;0;0;0m[48;2;0;0;0m▀[0m[38;2;248;182;39m[48;2;248;182;39m▀[0m[38;2;248;182;39m[48;2;248;182;39m▀[0m[38;2;154;106;64m[48;2;154;106;64m▀[0m[38;2;248;182;39m[48;2;248;182;39m▀[0m[38;2;248;182;39m[48;2;248;182;39m▀[0m[38;2;248;182;39m[48;2;248;182;39m▀[0m[38;2;248;182;39m[48;2;248;182;39m▀[0m[38;2;248;182;39m[48;2;248;182;39m▀[0m[38;2;248;182;39m[48;2;248;182;39m▀[0m[38;2;65;64;65m[48;2;65;64;65m▀[0m[38;2;154;44;2m[48;2;198;84;0m▀[0m[38;2;0;0;0m[48;2;219;62;0m▀[0m[38;2;0;0;0m▄  
        [38;2;0;0;16m▀[38;2;143;60;0m[48;2;0;0;0m▀[0m[38;2;65;64;65m[48;2;0;0;0m▀[0m[38;2;65;64;65m[48;2;160;66;0m▀[0m[38;2;196;193;195m[48;2;0;0;0m▀[0m[38;2;196;193;195m[48;2;196;193;195m▀[0m[38;2;200;195;196m[48;2;65;64;65m▀[0m[38;2;74;68;57m[48;2;255;203;81m▀[0m[38;2;255;203;81m[48;2;255;203;81m▀[0m[38;2;255;203;81m[48;2;229;165;20m▀[0m[38;2;255;203;81m[48;2;97;75;48m▀[0m[38;2;255;203;81m[48;2;244;180;35m▀[0m[38;2;255;203;81m[48;2;255;203;81m▀[0m[38;2;255;203;81m[48;2;255;203;81m▀[0m[38;2;0;0;0m[48;2;248;141;0m▀[0m[38;2;0;0;0m▄      [38;2;0;0;0m▄[38;2;0;0;0m[48;2;248;182;39m▀[0m[38;2;248;182;39m[48;2;248;182;39m▀[0m[38;2;248;182;39m[48;2;248;182;39m▀[0m[38;2;154;106;64m[48;2;248;182;39m▀[0m[38;2;248;182;39m[48;2;248;182;39m▀[0m[38;2;248;182;39m[48;2;248;182;39m▀[0m[38;2;248;182;39m[48;2;154;106;64m▀[0m[38;2;248;182;39m[48;2;65;64;65m▀[0m[38;2;65;64;65m[48;2;65;64;65m▀[0m[38;2;65;64;65m[48;2;248;141;0m▀[0m[38;2;65;64;65m[48;2;248;141;0m▀[0m[38;2;253;127;0m[48;2;134;60;0m▀[0m[38;2;198;84;0m[48;2;0;0;0m▀[0m[38;2;219;62;0m[48;2;0;0;0m▀[0m[38;2;0;0;0m▀  
           [38;2;0;0;0m[48;2;0;0;0m▀[0m[38;2;0;0;0m[48;2;198;194;196m▀[0m[38;2;196;193;195m[48;2;65;64;65m▀[0m[38;2;65;64;65m[48;2;255;203;81m▀[0m[38;2;255;203;81m[48;2;255;203;81m▀[0m[38;2;255;203;81m[48;2;73;59;48m▀[0m[38;2;65;64;65m[48;2;146;109;80m▀[0m[38;2;255;249;238m[48;2;255;255;255m▀[0m[38;2;97;75;48m[48;2;255;255;255m▀[0m[38;2;255;203;81m[48;2;57;80;65m▀[0m[38;2;219;62;0m[48;2;183;131;59m▀[0m[38;2;248;141;0m[48;2;255;203;81m▀[0m[38;2;248;141;0m[48;2;255;203;81m▀[0m[38;2;0;0;0m[48;2;65;64;65m▀[0m[38;2;0;0;0m[48;2;255;203;81m▀[0m[38;2;0;0;0m▄[38;2;0;0;0m▄[38;2;0;0;0m[48;2;154;106;64m▀[0m[38;2;0;0;0m[48;2;248;182;39m▀[0m[38;2;248;182;39m[48;2;248;182;39m▀[0m[38;2;248;182;39m[48;2;248;182;39m▀[0m[38;2;248;182;39m[48;2;154;106;64m▀[0m[38;2;154;106;64m[48;2;248;182;39m▀[0m[38;2;248;182;39m[48;2;248;182;39m▀[0m[38;2;248;182;39m[48;2;154;106;64m▀[0m[38;2;248;182;39m[48;2;154;106;64m▀[0m[38;2;248;182;39m[48;2;248;182;39m▀[0m[38;2;248;182;39m[48;2;248;182;39m▀[0m[38;2;248;182;39m[48;2;248;182;39m▀[0m[38;2;65;64;65m[48;2;65;64;65m▀[0m[38;2;109;69;0m[48;2;219;62;0m▀[0m[38;2;0;0;0m[48;2;219;62;0m▀[0m[38;2;0;0;0m▄    
           [38;2;0;0;0m[48;2;0;0;0m▀[0m[38;2;198;194;196m[48;2;198;194;196m▀[0m[38;2;198;194;196m[48;2;112;113;127m▀[0m[38;2;65;64;65m[48;2;198;194;196m▀[0m[38;2;65;64;65m[48;2;198;194;196m▀[0m[38;2;73;59;48m[48;2;75;62;44m▀[0m[38;2;0;16;16m[48;2;75;62;44m▀[0m[38;2;255;255;255m[48;2;65;64;65m▀[0m[38;2;65;64;65m[48;2;154;106;64m▀[0m[38;2;57;80;65m[48;2;154;106;64m▀[0m[38;2;255;201;77m[48;2;65;64;65m▀[0m[38;2;255;203;81m[48;2;255;203;81m▀[0m[38;2;255;203;81m[48;2;255;203;81m▀[0m[38;2;255;203;81m[48;2;255;203;81m▀[0m[38;2;65;64;65m[48;2;255;203;81m▀[0m[38;2;255;201;77m[48;2;255;203;81m▀[0m[38;2;164;110;42m[48;2;248;182;39m▀[0m[38;2;248;182;39m[48;2;248;182;39m▀[0m[38;2;248;182;39m[48;2;154;106;64m▀[0m[38;2;248;182;39m[48;2;248;182;39m▀[0m[38;2;248;182;39m[48;2;248;182;39m▀[0m[38;2;248;182;39m[48;2;244;178;35m▀[0m[38;2;248;182;39m[48;2;166;130;63m▀[0m[38;2;248;182;39m[48;2;65;64;65m▀[0m[38;2;248;182;39m[48;2;65;64;65m▀[0m[38;2;248;182;39m[48;2;152;94;67m▀[0m[38;2;154;106;64m[48;2;226;115;0m▀[0m[38;2;65;64;65m[48;2;219;62;0m▀[0m[38;2;65;64;65m[48;2;0;0;0m▀[0m[38;2;219;62;0m[48;2;0;0;0m▀[0m[38;2;219;62;0m[48;2;0;0;0m▀[0m[38;2;219;62;0m[48;2;0;0;0m▀[0m[38;2;0;0;0m▀    
         [38;2;0;0;0m▄[38;2;0;0;0m[48;2;198;194;196m▀[0m[38;2;198;194;196m[48;2;198;194;196m▀[0m[38;2;198;194;196m[48;2;198;194;196m▀[0m[38;2;198;194;196m[48;2;65;64;65m▀[0m[38;2;198;194;196m[48;2;65;64;65m▀[0m[38;2;112;113;127m[48;2;173;169;178m▀[0m[38;2;173;169;178m[48;2;0;0;0m▀[0m[38;2;0;8;24m▀[38;2;154;106;64m[48;2;0;0;0m▀[0m[38;2;154;106;64m[48;2;154;106;64m▀[0m[38;2;154;106;64m[48;2;131;91;49m▀[0m[38;2;65;64;65m[48;2;172;145;102m▀[0m[38;2;255;203;81m[48;2;255;203;81m▀[0m[38;2;255;203;81m[48;2;255;203;81m▀[0m[38;2;255;203;81m[48;2;255;203;81m▀[0m[38;2;255;203;81m[48;2;255;250;230m▀[0m[38;2;255;203;81m[48;2;255;250;230m▀[0m[38;2;248;182;39m[48;2;215;215;215m▀[0m[38;2;154;106;64m[48;2;172;145;102m▀[0m[38;2;248;182;39m[48;2;131;91;49m▀[0m[38;2;154;106;64m[48;2;65;64;65m▀[0m[38;2;248;182;39m[48;2;65;64;65m▀[0m[38;2;65;64;65m[48;2;177;175;184m▀[0m[38;2;65;64;65m[48;2;65;56;74m▀[0m[38;2;226;115;0m[48;2;65;64;65m▀[0m[38;2;226;115;0m[48;2;65;64;65m▀[0m[38;2;57;68;74m[48;2;65;64;65m▀[0m[38;2;57;68;74m[48;2;173;169;178m▀[0m[38;2;0;0;0m[48;2;175;172;182m▀[0m[38;2;0;8;24m▄        
        [38;2;0;0;0m[48;2;0;0;0m▀[0m[38;2;198;194;196m[48;2;198;194;196m▀[0m[38;2;198;194;196m[48;2;0;0;0m▀[0m[38;2;0;0;0m▀[38;2;65;64;65m[48;2;0;4;8m▀[0m[38;2;65;64;65m[48;2;65;64;65m▀[0m[38;2;65;64;65m[48;2;173;169;178m▀[0m[38;2;173;169;178m[48;2;0;0;0m▀[0m[38;2;0;0;0m▀ [38;2;0;0;0m▀[38;2;154;106;64m[48;2;0;0;0m▀[0m[38;2;131;91;49m[48;2;254;252;228m▀[0m[38;2;255;238;213m[48;2;254;252;228m▀[0m[38;2;255;203;81m[48;2;254;252;228m▀[0m[38;2;255;204;85m[48;2;255;253;233m▀[0m[38;2;255;250;230m[48;2;255;253;233m▀[0m[38;2;255;250;230m[48;2;254;252;228m▀[0m[38;2;255;250;230m[48;2;254;252;228m▀[0m[38;2;255;250;230m[48;2;254;252;228m▀[0m[38;2;234;234;234m[48;2;255;250;230m▀[0m[38;2;131;91;49m[48;2;200;201;166m▀[0m[38;2;173;169;178m[48;2;65;60;65m▀[0m[38;2;173;169;178m[48;2;115;117;134m▀[0m[38;2;119;123;140m[48;2;173;169;178m▀[0m[38;2;119;123;140m[48;2;173;169;178m▀[0m[38;2;173;169;178m[48;2;114;118;138m▀[0m[38;2;173;169;178m[48;2;114;118;138m▀[0m[38;2;173;169;178m[48;2;114;118;138m▀[0m[38;2;56;64;89m[48;2;200;195;196m▀[0m[38;2;58;64;85m[48;2;196;193;195m▀[0m[38;2;58;64;85m[48;2;196;193;195m▀[0m[38;2;0;0;0m[48;2;197;193;194m▀[0m[38;2;0;0;0m[48;2;248;250;239m▀[0m[38;2;0;0;0m▄[38;2;0;0;0m▄    
        [38;2;0;0;0m▀[38;2;0;0;0m▀  [38;2;0;4;8m▀[38;2;173;169;178m[48;2;0;0;0m▀[0m[38;2;0;0;0m▀    [38;2;0;0;0m[48;2;0;0;0m▀[0m[38;2;254;252;228m[48;2;255;250;230m▀[0m[38;2;254;252;228m[48;2;255;250;230m▀[0m[38;2;254;252;228m[48;2;254;252;228m▀[0m[38;2;254;252;228m[48;2;254;252;228m▀[0m[38;2;254;252;228m[48;2;254;252;228m▀[0m[38;2;254;252;228m[48;2;254;252;228m▀[0m[38;2;254;252;228m[48;2;255;250;230m▀[0m[38;2;254;252;228m[48;2;255;250;230m▀[0m[38;2;255;250;230m[48;2;196;201;166m▀[0m[38;2;200;201;166m[48;2;196;201;166m▀[0m[38;2;65;60;65m[48;2;65;64;65m▀[0m[38;2;174;171;180m[48;2;173;169;178m▀[0m[38;2;173;169;178m[48;2;173;169;178m▀[0m[38;2;173;169;178m[48;2;115;120;139m▀[0m[38;2;166;162;172m[48;2;109;112;130m▀[0m[38;2;198;192;195m[48;2;201;195;199m▀[0m[38;2;200;195;196m[48;2;196;193;195m▀[0m[38;2;168;164;173m[48;2;196;193;195m▀[0m[38;2;173;169;178m[48;2;180;187;199m▀[0m[38;2;173;169;178m[48;2;246;248;236m▀[0m[38;2;248;250;239m[48;2;116;121;139m▀[0m[38;2;248;250;239m[48;2;116;121;139m▀[0m[38;2;248;250;239m[48;2;114;118;138m▀[0m[38;2;248;250;239m[48;2;0;0;0m▀[0m[38;2;0;0;0m▀   
                [38;2;0;0;0m▄[38;2;0;0;0m▄  [38;2;0;0;0m▀[38;2;255;250;230m[48;2;0;0;0m▀[0m[38;2;254;252;228m[48;2;63;66;68m▀[0m[38;2;254;252;228m[48;2;189;198;189m▀[0m[38;2;254;252;228m[48;2;200;196;160m▀[0m[38;2;254;252;228m[48;2;110;105;97m▀[0m[38;2;255;250;230m[48;2;199;200;169m▀[0m[38;2;200;201;166m[48;2;199;200;169m▀[0m[38;2;196;201;166m[48;2;199;200;169m▀[0m[38;2;196;201;166m[48;2;65;64;65m▀[0m[38;2;65;64;65m[48;2;173;169;178m▀[0m[38;2;173;169;178m[48;2;173;169;178m▀[0m[38;2;173;169;178m[48;2;119;123;140m▀[0m[38;2;173;169;178m[48;2;119;123;140m▀[0m[38;2;154;153;164m[48;2;173;169;178m▀[0m[38;2;74;60;74m[48;2;173;169;178m▀[0m[38;2;65;64;65m[48;2;173;169;178m▀[0m[38;2;65;64;65m[48;2;173;169;178m▀[0m[38;2;64;70;91m[48;2;65;64;65m▀[0m[38;2;246;248;236m[48;2;65;64;65m▀[0m[38;2;248;250;239m[48;2;65;64;65m▀[0m[38;2;248;250;239m[48;2;0;0;0m▀[0m[38;2;0;0;0m▀     
               [38;2;0;0;0m[48;2;0;0;0m▀[0m[38;2;63;67;79m[48;2;189;190;205m▀[0m[38;2;126;134;159m[48;2;106;101;106m▀[0m[38;2;0;0;0m[48;2;123;133;164m▀[0m[38;2;0;0;0m[48;2;101;96;93m▀[0m[38;2;0;0;0m[48;2;131;137;156m▀[0m[38;2;123;133;164m[48;2;49;51;52m▀[0m[38;2;126;132;128m[48;2;0;0;0m▀[0m[38;2;0;0;8m▀[38;2;65;60;65m[48;2;0;4;8m▀[0m[38;2;65;60;65m[48;2;175;172;182m▀[0m[38;2;65;64;65m[48;2;177;177;190m▀[0m[38;2;199;200;169m[48;2;65;68;82m▀[0m[38;2;199;200;169m[48;2;123;133;164m▀[0m[38;2;65;64;65m[48;2;65;64;65m▀[0m[38;2;115;120;139m[48;2;173;169;178m▀[0m[38;2;173;169;178m[48;2;116;119;137m▀[0m[38;2;177;175;184m[48;2;196;193;195m▀[0m[38;2;65;56;74m[48;2;196;193;195m▀[0m[38;2;55;60;80m[48;2;0;0;0m▀[0m[38;2;0;8;16m▀[38;2;173;169;178m[48;2;0;0;0m▀[0m[38;2;173;169;178m[48;2;0;0;0m▀[0m[38;2;196;193;195m[48;2;196;193;195m▀[0m[38;2;196;193;195m[48;2;196;193;195m▀[0m[38;2;65;64;65m[48;2;197;193;194m▀[0m[38;2;0;0;0m[48;2;248;250;239m▀[0m[38;2;0;0;0m▄     
               [38;2;0;0;0m▀[38;2;64;59;56m▀[38;2;189;190;205m[48;2;0;0;0m▀[0m[38;2;101;96;93m[48;2;0;0;0m▀[0m[38;2;123;133;164m[48;2;65;64;65m▀[0m[38;2;90;94;104m[48;2;189;194;213m▀[0m[38;2;8;8;0m[48;2;0;0;0m▀[0m [38;2;0;0;0m▄[38;2;0;4;8m[48;2;82;76;82m▀[0m[38;2;75;57;32m[48;2;137;136;139m▀[0m[38;2;65;68;82m[48;2;93;91;98m▀[0m[38;2;120;125;145m[48;2;131;137;164m▀[0m[38;2;123;133;164m[48;2;123;133;164m▀[0m[38;2;123;133;164m[48;2;123;133;164m▀[0m[38;2;65;60;74m[48;2;131;137;164m▀[0m[38;2;173;169;178m[48;2;73;67;64m▀[0m[38;2;114;119;138m[48;2;114;119;138m▀[0m[38;2;196;193;195m[48;2;196;193;195m▀[0m[38;2;196;193;195m[48;2;198;194;196m▀[0m[38;2;0;0;0m[48;2;198;194;196m▀[0m[38;2;0;0;0m▄ [38;2;0;0;0m▀[38;2;0;0;0m▀[38;2;248;250;239m[48;2;0;0;0m▀[0m[38;2;248;250;239m[48;2;0;0;0m▀[0m[38;2;248;250;239m[48;2;0;0;0m▀[0m[38;2;0;0;0m▀    
                   [38;2;0;0;0m▀[38;2;0;0;0m▀ [38;2;0;0;0m▄[38;2;0;0;0m[48;2;173;169;178m▀[0m[38;2;246;255;255m[48;2;65;64;65m▀[0m[38;2;82;76;82m[48;2;0;0;0m▀[0m[38;2;73;70;64m[48;2;82;82;82m▀[0m[38;2;93;91;98m[48;2;246;246;246m▀[0m[38;2;65;64;65m[48;2;65;64;65m▀[0m[38;2;123;133;164m[48;2;65;64;65m▀[0m[38;2;93;89;98m[48;2;255;255;255m▀[0m[38;2;73;67;64m[48;2;0;0;0m▀[0m[38;2;196;193;195m[48;2;196;193;195m▀[0m[38;2;114;119;138m[48;2;196;193;195m▀[0m[38;2;198;194;196m[48;2;114;118;138m▀[0m[38;2;198;194;196m[48;2;0;0;0m▀[0m[38;2;0;0;0m▀           
                      [38;2;0;0;0m▀[38;2;173;169;178m[48;2;0;0;0m▀[0m[38;2;0;0;0m▀ [38;2;0;0;0m[48;2;0;0;0m▀[0m[38;2;82;82;82m[48;2;173;169;178m▀[0m[38;2;173;169;178m[48;2;173;169;178m▀[0m[38;2;65;64;65m[48;2;0;0;0m▀[0m[38;2;0;0;0m▀ [38;2;0;0;0m[48;2;0;0;0m▀[0m[38;2;196;193;195m[48;2;248;250;239m▀[0m[38;2;0;0;0m[48;2;248;250;239m▀[0m[38;2;0;0;0m▄            
                           [38;2;0;0;0m[48;2;0;0;0m▀[0m[38;2;173;169;178m[48;2;173;169;178m▀[0m[38;2;173;169;178m[48;2;173;169;178m▀[0m[38;2;0;0;0m[48;2;0;0;0m▀[0m  [38;2;0;0;0m▀[38;2;248;250;239m[48;2;0;0;0m▀[0m[38;2;0;0;0m▀            
                              [38;2;0;0;0m▀[38;2;0;0;0m▀                    
                                     [0m                                     