          [38;2;0;0;0m▄[38;2;0;0;0m[48;2;219;156;73m▀[0m[38;2;0;0;0m[48;2;219;156;73m▀[0m[38;2;0;0;0m[48;2;219;156;73m▀[0m[38;2;0;0;0m▄        
   [38;2;0;0;0m▄[38;2;0;0;0m▄    [38;2;0;0;0m[48;2;0;0;0m▀[0m[38;2;219;156;73m[48;2;184;113;30m▀[0m[38;2;219;156;73m[48;2;219;156;73m▀[0m[38;2;219;156;73m[48;2;219;156;73m▀[0m[38;2;219;156;73m[48;2;184;113;30m▀[0m[38;2;184;113;30m[48;2;184;113;30m▀[0m[38;2;0;0;0m[48;2;65;65;65m▀[0m[38;2;0;0;0m▄[38;2;0;0;0m[48;2;184;113;30m▀[0m[38;2;0;0;0m[48;2;0;0;0m▀[0m    
  [38;2;0;0;0m[48;2;0;0;0m▀[0m[38;2;135;94;1m[48;2;135;94;1m▀[0m[38;2;0;0;0m[48;2;135;94;1m▀[0m[38;2;0;0;0m▄[38;2;0;0;0m▄[38;2;0;0;0m▄[38;2;0;0;0m[48;2;219;156;73m▀[0m[38;2;65;65;65m[48;2;219;156;73m▀[0m[38;2;65;65;65m[48;2;219;156;73m▀[0m[38;2;65;65;65m[48;2;219;156;73m▀[0m[38;2;65;65;65m[48;2;219;156;73m▀[0m[38;2;184;113;30m[48;2;65;65;65m▀[0m[38;2;65;65;65m[48;2;65;65;65m▀[0m[38;2;184;113;30m[48;2;184;113;30m▀[0m[38;2;184;113;30m[48;2;0;0;0m▀[0m[38;2;184;113;30m[48;2;0;0;0m▀[0m[38;2;0;0;0m▀    
 [38;2;0;0;0m[48;2;0;0;0m▀[0m[38;2;135;94;1m[48;2;135;94;1m▀[0m[38;2;135;94;1m[48;2;146;116;12m▀[0m[38;2;146;116;12m[48;2;250;188;0m▀[0m[38;2;193;171;0m[48;2;65;65;65m▀[0m[38;2;146;116;12m[48;2;65;65;65m▀[0m[38;2;219;156;73m[48;2;255;250;170m▀[0m[38;2;184;113;30m[48;2;250;188;0m▀[0m[38;2;255;250;170m[48;2;255;250;170m▀[0m[38;2;184;113;30m[48;2;255;250;170m▀[0m[38;2;219;156;73m[48;2;184;113;30m▀[0m[38;2;219;156;73m[48;2;255;250;170m▀[0m[38;2;219;156;73m[48;2;184;113;30m▀[0m[38;2;184;113;30m[48;2;184;113;30m▀[0m[38;2;0;0;0m[48;2;184;113;30m▀[0m[38;2;0;0;0m▄[38;2;0;0;0m▄ [38;2;0;0;0m▄[38;2;0;0;0m[48;2;195;151;43m▀[0m[38;2;0;0;0m▄ 
 [38;2;0;0;0m▀[38;2;135;94;1m[48;2;0;0;0m▀[0m[38;2;250;188;0m[48;2;250;188;0m▀[0m[38;2;184;113;30m[48;2;184;113;30m▀[0m[38;2;65;65;65m[48;2;65;65;65m▀[0m[38;2;255;250;170m[48;2;240;26;47m▀[0m[38;2;250;188;0m[48;2;250;188;0m▀[0m[38;2;255;250;170m[48;2;255;250;170m▀[0m[38;2;250;188;0m[48;2;250;188;0m▀[0m[38;2;255;250;170m[48;2;255;250;170m▀[0m[38;2;255;250;170m[48;2;255;250;170m▀[0m[38;2;255;250;170m[48;2;236;22;43m▀[0m[38;2;255;250;170m[48;2;184;113;30m▀[0m[38;2;184;113;30m[48;2;219;156;73m▀[0m[38;2;219;156;73m[48;2;65;65;65m▀[0m[38;2;65;65;65m[48;2;250;188;0m▀[0m[38;2;250;188;0m[48;2;135;94;1m▀[0m[38;2;0;0;0m[48;2;135;94;1m▀[0m[38;2;135;94;1m[48;2;195;151;43m▀[0m[38;2;195;151;43m[48;2;135;94;1m▀[0m[38;2;0;0;0m[48;2;0;0;0m▀[0m 
  [38;2;0;0;0m▀[38;2;193;171;0m[48;2;65;65;65m▀[0m[38;2;184;113;30m[48;2;193;171;0m▀[0m[38;2;65;65;65m[48;2;184;113;30m▀[0m[38;2;255;83;100m[48;2;65;65;65m▀[0m[38;2;255;250;170m[48;2;255;250;170m▀[0m[38;2;250;188;0m[48;2;255;250;170m▀[0m[38;2;255;250;170m[48;2;255;250;170m▀[0m[38;2;236;22;43m[48;2;255;83;100m▀[0m[38;2;236;22;43m[48;2;255;255;255m▀[0m[38;2;255;83;100m[48;2;240;26;47m▀[0m[38;2;250;188;0m[48;2;250;188;0m▀[0m[38;2;219;156;73m[48;2;219;156;73m▀[0m[38;2;65;65;65m[48;2;65;65;65m▀[0m[38;2;250;188;0m[48;2;193;171;0m▀[0m[38;2;135;94;1m[48;2;146;116;12m▀[0m[38;2;135;94;1m[48;2;135;94;1m▀[0m[38;2;135;94;1m[48;2;135;94;1m▀[0m[38;2;135;94;1m[48;2;0;0;0m▀[0m[38;2;0;0;0m▀ 
    [38;2;0;0;0m[48;2;0;0;0m▀[0m[38;2;0;0;0m[48;2;215;198;34m▀[0m[38;2;65;65;65m[48;2;193;171;0m▀[0m[38;2;250;188;0m[48;2;65;65;65m▀[0m[38;2;255;250;170m[48;2;65;65;65m▀[0m[38;2;255;250;170m[48;2;65;65;65m▀[0m[38;2;255;250;170m[48;2;255;250;170m▀[0m[38;2;240;26;47m[48;2;255;250;170m▀[0m[38;2;250;188;0m[48;2;255;250;170m▀[0m[38;2;255;250;170m[48;2;65;65;65m▀[0m[38;2;65;65;65m[48;2;193;171;0m▀[0m[38;2;184;113;30m[48;2;65;65;65m▀[0m[38;2;65;65;65m[48;2;65;65;65m▀[0m[38;2;193;171;0m[48;2;65;65;65m▀[0m[38;2;193;171;0m[48;2;0;0;0m▀[0m[38;2;0;0;0m[48;2;0;0;0m▀[0m   
   [38;2;0;0;0m[48;2;0;0;0m▀[0m[38;2;184;113;30m[48;2;215;198;34m▀[0m[38;2;215;198;34m[48;2;184;113;30m▀[0m[38;2;215;198;34m[48;2;0;0;0m▀[0m[38;2;65;65;65m[48;2;0;0;0m▀[0m[38;2;193;171;0m[48;2;193;171;0m▀[0m[38;2;184;113;30m[48;2;250;188;0m▀[0m[38;2;184;113;30m[48;2;184;113;30m▀[0m[38;2;241;231;98m[48;2;184;113;30m▀[0m[38;2;184;113;30m[48;2;184;113;30m▀[0m[38;2;184;113;30m[48;2;250;188;0m▀[0m[38;2;250;188;0m[48;2;193;171;0m▀[0m[38;2;65;65;65m[48;2;65;65;65m▀[0m[38;2;250;188;0m[48;2;241;231;98m▀[0m[38;2;241;231;98m[48;2;219;156;73m▀[0m[38;2;219;156;73m[48;2;241;231;98m▀[0m[38;2;65;65;65m[48;2;241;231;98m▀[0m[38;2;0;0;0m[48;2;0;0;0m▀[0m  
    [38;2;0;0;0m▀[38;2;0;0;0m▀  [38;2;0;0;0m▀[38;2;193;171;0m[48;2;0;0;0m▀[0m[38;2;250;188;0m[48;2;0;0;0m▀[0m[38;2;250;188;0m[48;2;0;0;0m▀[0m[38;2;250;188;0m[48;2;0;0;0m▀[0m[38;2;193;171;0m[48;2;0;0;0m▀[0m[38;2;0;0;0m▀[38;2;0;0;0m▀[38;2;241;231;98m[48;2;0;0;0m▀[0m[38;2;184;113;30m[48;2;65;65;65m▀[0m[38;2;65;65;65m[48;2;241;231;98m▀[0m[38;2;241;231;98m[48;2;0;0;0m▀[0m[38;2;0;0;0m▀  
                               [38;2;0;0;0m▀[38;2;0;0;0m▀                   
                                     [0m                                     