              [38;2;0;0;0m[48;2;0;0;0m▀[0m[38;2;0;0;0m▄                   
      [38;2;0;0;0m[48;2;0;0;0m▀[0m[38;2;0;0;0m[48;2;0;0;0m▀[0m[38;2;0;0;0m[48;2;0;0;0m▀[0m   [38;2;0;0;0m▄[38;2;0;0;0m▄[38;2;0;0;0m[48;2;0;0;0m▀[0m[38;2;0;0;0m[48;2;0;0;0m▀[0m   
     [38;2;0;0;0m▄[38;2;0;0;0m▄[38;2;0;0;0m[48;2;65;65;65m▀[0m[38;2;0;0;0m[48;2;217;166;35m▀[0m[38;2;0;0;0m[48;2;239;216;26m▀[0m[38;2;0;0;0m[48;2;239;216;26m▀[0m[38;2;0;0;0m[48;2;65;65;65m▀[0m[38;2;0;0;0m[48;2;0;0;0m▀[0m[38;2;0;0;0m[48;2;0;0;0m▀[0m[38;2;0;0;0m▀    
    [38;2;0;0;0m[48;2;0;0;0m▀[0m[38;2;65;65;65m[48;2;247;99;82m▀[0m[38;2;247;99;82m[48;2;247;99;82m▀[0m[38;2;65;65;65m[48;2;65;65;65m▀[0m[38;2;239;216;26m[48;2;239;216;26m▀[0m[38;2;239;216;26m[48;2;65;65;65m▀[0m[38;2;65;65;65m[48;2;65;65;65m▀[0m[38;2;65;65;65m[48;2;65;65;65m▀[0m[38;2;239;216;26m[48;2;65;65;65m▀[0m[38;2;239;216;26m[48;2;239;216;26m▀[0m[38;2;0;0;0m[48;2;239;216;26m▀[0m[38;2;0;0;0m▄   
 [38;2;0;0;0m▄[38;2;0;0;0m[48;2;239;216;26m▀[0m[38;2;0;0;0m[48;2;0;0;0m▀[0m[38;2;65;65;65m[48;2;65;65;65m▀[0m[38;2;0;0;0m[48;2;247;99;82m▀[0m[38;2;247;99;82m[48;2;239;197;230m▀[0m[38;2;65;65;65m[48;2;222;156;206m▀[0m[38;2;65;65;65m[48;2;65;65;65m▀[0m[38;2;65;65;65m[48;2;247;99;82m▀[0m[38;2;247;99;82m[48;2;247;99;82m▀[0m[38;2;247;99;82m[48;2;247;99;82m▀[0m[38;2;65;65;65m[48;2;247;99;82m▀[0m[38;2;65;65;65m[48;2;65;65;65m▀[0m[38;2;239;216;26m[48;2;239;216;26m▀[0m[38;2;0;0;0m[48;2;239;216;26m▀[0m[38;2;0;0;0m▄  
  [38;2;0;0;0m▀[38;2;0;0;0m[48;2;0;0;0m▀[0m[38;2;245;255;193m[48;2;245;255;193m▀[0m[38;2;65;65;65m[48;2;245;255;193m▀[0m[38;2;222;156;206m[48;2;65;65;65m▀[0m[38;2;65;65;65m[48;2;245;255;193m▀[0m[38;2;65;65;65m[48;2;65;65;65m▀[0m[38;2;247;99;82m[48;2;65;65;65m▀[0m[38;2;0;0;0m[48;2;247;99;82m▀[0m[38;2;247;99;82m[48;2;247;99;82m▀[0m[38;2;247;99;82m[48;2;65;65;65m▀[0m[38;2;65;65;65m[48;2;65;65;65m▀[0m[38;2;239;216;26m[48;2;239;216;26m▀[0m[38;2;239;216;26m[48;2;65;65;65m▀[0m[38;2;0;0;0m[48;2;0;0;0m▀[0m  
    [38;2;0;0;0m[48;2;0;0;0m▀[0m[38;2;245;255;193m[48;2;245;255;193m▀[0m[38;2;245;255;193m[48;2;245;255;193m▀[0m[38;2;245;255;193m[48;2;245;255;193m▀[0m[38;2;245;255;193m[48;2;245;255;193m▀[0m[38;2;65;65;65m[48;2;245;255;193m▀[0m[38;2;65;65;65m[48;2;245;255;193m▀[0m[38;2;65;65;65m[48;2;230;223;126m▀[0m[38;2;65;65;65m[48;2;217;166;35m▀[0m[38;2;217;166;35m[48;2;217;166;35m▀[0m[38;2;65;65;65m[48;2;217;166;35m▀[0m[38;2;239;216;26m[48;2;0;0;0m▀[0m[38;2;239;216;26m[48;2;0;0;0m▀[0m[38;2;0;0;0m▀ 
     [38;2;0;0;0m▀[38;2;245;255;193m[48;2;0;0;0m▀[0m[38;2;245;255;193m[48;2;239;216;26m▀[0m[38;2;245;255;193m[48;2;230;223;126m▀[0m[38;2;245;255;193m[48;2;230;223;126m▀[0m[38;2;230;223;126m[48;2;230;223;126m▀[0m[38;2;230;223;126m[48;2;217;166;35m▀[0m[38;2;217;166;35m[48;2;217;166;35m▀[0m[38;2;217;166;35m[48;2;0;0;0m▀[0m[38;2;0;0;0m▀    
      [38;2;0;0;0m▄[38;2;0;0;0m[48;2;255;255;255m▀[0m[38;2;65;65;65m[48;2;156;107;140m▀[0m[38;2;65;65;65m[48;2;222;156;206m▀[0m[38;2;65;65;65m[48;2;222;156;206m▀[0m[38;2;65;65;65m[48;2;222;156;206m▀[0m[38;2;0;0;0m[48;2;156;107;140m▀[0m[38;2;0;0;0m▄     
      [38;2;0;0;0m▀[38;2;0;0;0m▀[38;2;255;255;255m[48;2;0;0;0m▀[0m[38;2;222;156;206m[48;2;0;0;0m▀[0m[38;2;0;0;0m▀[38;2;222;156;206m[48;2;0;0;0m▀[0m[38;2;255;255;255m[48;2;0;0;0m▀[0m[38;2;0;0;0m▀     
                                     [0m                                     