           [38;2;0;0;0m▄[38;2;0;0;0m[48;2;162;73;189m▀[0m[38;2;0;0;0m[48;2;162;73;189m▀[0m[38;2;0;0;0m▄[38;2;0;0;0m[48;2;82;78;68m▀[0m[38;2;0;0;0m[48;2;82;78;68m▀[0m[38;2;0;0;0m[48;2;82;79;68m▀[0m[38;2;0;0;0m▄  [38;2;0;0;0m▄                      
        [38;2;0;0;0m▄[38;2;0;0;0m▄[38;2;0;0;0m▄ [38;2;0;0;0m▀[38;2;162;73;189m[48;2;0;12;0m▀[0m[38;2;162;73;189m[48;2;161;77;181m▀[0m[38;2;66;65;66m[48;2;161;73;186m▀[0m[38;2;66;65;66m[48;2;111;77;126m▀[0m[38;2;82;79;68m[48;2;66;65;66m▀[0m[38;2;82;79;68m[48;2;82;78;68m▀[0m[38;2;0;0;0m[48;2;82;78;68m▀[0m[38;2;0;0;0m[48;2;66;65;66m▀[0m[38;2;162;73;189m[48;2;162;73;189m▀[0m[38;2;0;0;0m[48;2;0;0;0m▀[0m         [38;2;0;0;0m▄[38;2;0;0;0m▄[38;2;0;0;0m[48;2;103;103;90m▀[0m[38;2;0;0;0m[48;2;102;103;90m▀[0m[38;2;0;0;0m[48;2;102;103;90m▀[0m[38;2;0;0;0m[48;2;107;105;90m▀[0m[38;2;0;0;0m[48;2;107;105;90m▀[0m[38;2;0;0;0m▄    
       [38;2;0;0;0m▀[38;2;162;73;189m[48;2;0;0;0m▀[0m[38;2;162;73;189m[48;2;162;73;189m▀[0m[38;2;162;73;189m[48;2;162;73;189m▀[0m[38;2;0;0;0m[48;2;164;72;189m▀[0m[38;2;0;0;0m[48;2;164;72;189m▀[0m[38;2;84;44;90m[48;2;94;75;74m▀[0m[38;2;161;77;181m[48;2;94;75;74m▀[0m[38;2;161;73;186m[48;2;164;72;189m▀[0m[38;2;161;73;186m[48;2;164;72;189m▀[0m[38;2;66;65;66m[48;2;170;73;189m▀[0m[38;2;82;78;68m[48;2;57;69;57m▀[0m[38;2;82;78;68m[48;2;66;65;66m▀[0m[38;2;66;65;66m[48;2;161;73;186m▀[0m[38;2;162;73;189m[48;2;164;72;189m▀[0m[38;2;162;73;189m[48;2;164;72;189m▀[0m[38;2;0;0;0m[48;2;0;0;0m▀[0m      [38;2;0;0;0m▄[38;2;0;0;0m[48;2;104;103;93m▀[0m[38;2;103;103;90m[48;2;104;103;93m▀[0m[38;2;103;103;90m[48;2;103;103;90m▀[0m[38;2;103;103;90m[48;2;103;103;90m▀[0m[38;2;102;103;90m[48;2;103;103;90m▀[0m[38;2;82;81;66m[48;2;103;103;90m▀[0m[38;2;71;71;60m[48;2;0;0;0m▀[0m[38;2;0;4;0m▀     
         [38;2;0;0;0m▀[38;2;0;0;0m▀[38;2;164;72;189m[48;2;0;0;0m▀[0m[38;2;164;72;189m[48;2;162;73;189m▀[0m[38;2;162;73;189m[48;2;161;73;186m▀[0m[38;2;94;75;74m[48;2;161;73;186m▀[0m[38;2;164;72;189m[48;2;167;81;189m▀[0m[38;2;164;72;189m[48;2;66;73;66m▀[0m[38;2;170;73;189m[48;2;66;65;66m▀[0m[38;2;100;70;101m[48;2;66;65;66m▀[0m[38;2;161;73;186m[48;2;161;74;186m▀[0m[38;2;161;73;186m[48;2;161;74;186m▀[0m[38;2;164;72;189m[48;2;162;73;189m▀[0m[38;2;164;72;189m[48;2;162;73;189m▀[0m[38;2;0;0;0m[48;2;0;0;0m▀[0m [38;2;0;0;0m▄  [38;2;0;0;0m▄[38;2;0;0;0m[48;2;102;103;90m▀[0m[38;2;103;103;90m[48;2;102;103;90m▀[0m[38;2;104;103;93m[48;2;103;103;90m▀[0m[38;2;104;103;93m[48;2;103;103;90m▀[0m[38;2;103;103;90m[48;2;0;0;0m▀[0m[38;2;0;0;0m▀[38;2;0;0;0m▀[38;2;0;0;0m▀[38;2;0;0;0m▄[38;2;0;0;0m▄[38;2;0;0;0m▄[38;2;0;0;0m▄[38;2;0;0;0m▄  
      [38;2;0;0;0m▄[38;2;0;0;0m[48;2;162;73;189m▀[0m[38;2;0;0;0m[48;2;162;73;189m▀[0m[38;2;0;0;0m[48;2;161;73;186m▀[0m[38;2;0;0;0m[48;2;161;73;186m▀[0m[38;2;16;12;0m▄[38;2;0;0;0m[48;2;49;83;51m▀[0m[38;2;66;65;66m[48;2;95;200;101m▀[0m[38;2;66;65;66m[48;2;95;200;101m▀[0m[38;2;66;73;66m[48;2;93;97;93m▀[0m[38;2;103;75;107m[48;2;95;200;101m▀[0m[38;2;95;200;101m[48;2;95;200;101m▀[0m[38;2;95;200;101m[48;2;95;200;101m▀[0m[38;2;66;69;66m[48;2;95;200;101m▀[0m[38;2;115;71;126m[48;2;66;65;66m▀[0m[38;2;162;73;189m[48;2;121;77;132m▀[0m[38;2;0;0;0m[48;2;88;71;79m▀[0m[38;2;0;8;8m▄[38;2;0;0;0m[48;2;167;81;189m▀[0m[38;2;162;73;189m[48;2;66;65;66m▀[0m[38;2;0;0;0m[48;2;66;65;66m▀[0m[38;2;0;0;0m[48;2;82;79;68m▀[0m[38;2;82;79;70m[48;2;82;79;68m▀[0m[38;2;82;81;66m[48;2;82;78;68m▀[0m[38;2;102;103;90m[48;2;82;78;68m▀[0m[38;2;103;103;90m[48;2;66;65;66m▀[0m[38;2;0;0;0m[48;2;66;65;66m▀[0m[38;2;8;4;0m▄[38;2;0;0;0m[48;2;115;109;99m▀[0m[38;2;0;0;0m[48;2;104;103;93m▀[0m[38;2;0;0;0m[48;2;104;103;93m▀[0m[38;2;103;103;90m[48;2;102;103;90m▀[0m[38;2;103;103;90m[48;2;82;81;66m▀[0m[38;2;103;103;90m[48;2;82;79;70m▀[0m[38;2;103;103;90m[48;2;0;0;0m▀[0m[38;2;103;103;90m[48;2;0;0;0m▀[0m[38;2;0;0;0m▀ 
       [38;2;0;0;0m▀[38;2;0;0;0m▀[38;2;161;73;186m[48;2;0;0;0m▀[0m[38;2;66;65;66m[48;2;66;65;66m▀[0m[38;2;49;83;51m[48;2;92;200;96m▀[0m[38;2;86;179;91m[48;2;92;200;96m▀[0m[38;2;95;200;101m[48;2;95;200;101m▀[0m[38;2;93;97;93m[48;2;93;97;93m▀[0m[38;2;95;200;101m[48;2;114;204;155m▀[0m[38;2;95;200;101m[48;2;82;60;66m▀[0m[38;2;66;65;66m[48;2;189;73;140m▀[0m[38;2;66;65;66m[48;2;95;97;96m▀[0m[38;2;95;200;101m[48;2;95;200;101m▀[0m[38;2;95;200;101m[48;2;57;161;56m▀[0m[38;2;66;69;66m[48;2;82;65;66m▀[0m[38;2;121;77;132m[48;2;103;86;108m▀[0m[38;2;110;56;126m[48;2;117;89;123m▀[0m[38;2;167;81;189m[48;2;66;69;66m▀[0m[38;2;66;65;66m[48;2;82;78;68m▀[0m[38;2;82;78;68m[48;2;82;78;68m▀[0m[38;2;82;79;68m[48;2;74;69;66m▀[0m[38;2;82;79;68m[48;2;74;69;66m▀[0m[38;2;82;78;68m[48;2;82;78;68m▀[0m[38;2;66;65;66m[48;2;82;78;68m▀[0m[38;2;82;78;68m[48;2;77;74;68m▀[0m[38;2;82;78;68m[48;2;77;74;68m▀[0m[38;2;79;74;66m[48;2;0;0;0m▀[0m[38;2;79;74;66m[48;2;0;0;0m▀[0m[38;2;104;103;93m[48;2;0;0;0m▀[0m[38;2;104;103;93m[48;2;0;0;0m▀[0m[38;2;102;103;90m[48;2;0;0;0m▀[0m[38;2;102;103;90m[48;2;0;0;0m▀[0m[38;2;0;0;0m▀    
    [38;2;0;0;0m▄[38;2;0;0;0m[48;2;162;73;189m▀[0m[38;2;0;0;0m[48;2;162;73;189m▀[0m[38;2;0;0;0m[48;2;165;89;189m▀[0m[38;2;0;8;8m▄[38;2;0;0;0m▄[38;2;0;0;0m▀[38;2;92;200;96m[48;2;0;0;0m▀[0m[38;2;92;200;96m[48;2;95;200;101m▀[0m[38;2;93;97;93m[48;2;93;97;93m▀[0m[38;2;95;200;101m[48;2;95;200;101m▀[0m[38;2;82;60;66m[48;2;82;60;49m▀[0m[38;2;115;97;148m[48;2;126;106;159m▀[0m[38;2;189;73;140m[48;2;90;93;99m▀[0m[38;2;95;97;96m[48;2;87;199;92m▀[0m[38;2;95;200;101m[48;2;56;158;53m▀[0m[38;2;57;161;56m[48;2;56;158;53m▀[0m[38;2;70;158;78m[48;2;66;65;66m▀[0m[38;2;82;65;66m[48;2;103;103;90m▀[0m[38;2;66;69;66m[48;2;103;103;90m▀[0m[38;2;104;82;93m[48;2;66;65;66m▀[0m[38;2;66;65;66m[48;2;66;65;66m▀[0m[38;2;82;78;68m[48;2;66;65;66m▀[0m[38;2;74;69;66m[48;2;66;65;66m▀[0m[38;2;164;71;189m[48;2;164;77;189m▀[0m[38;2;66;65;66m[48;2;164;77;189m▀[0m[38;2;82;78;68m[48;2;68;69;68m▀[0m[38;2;77;74;68m[48;2;82;78;68m▀[0m[38;2;0;0;0m[48;2;82;78;68m▀[0m[38;2;0;0;0m▄[38;2;0;0;0m▄[38;2;0;0;0m▄[38;2;0;0;0m▄       
  [38;2;0;0;0m▄[38;2;0;0;0m▄[38;2;0;0;0m▄[38;2;0;0;0m[48;2;103;86;108m▀[0m[38;2;162;73;189m[48;2;82;65;66m▀[0m[38;2;109;62;126m[48;2;66;65;66m▀[0m[38;2;109;62;126m[48;2;56;158;53m▀[0m[38;2;66;65;66m[48;2;56;158;53m▀[0m[38;2;0;0;0m[48;2;66;65;66m▀[0m[38;2;95;200;101m[48;2;95;200;101m▀[0m[38;2;95;200;101m[48;2;95;200;101m▀[0m[38;2;95;200;101m[48;2;95;200;101m▀[0m[38;2;95;200;101m[48;2;95;200;101m▀[0m[38;2;104;83;104m[48;2;86;206;89m▀[0m[38;2;148;130;214m[48;2;86;206;89m▀[0m[38;2;87;199;92m[48;2;66;65;66m▀[0m[38;2;82;159;85m[48;2;66;65;66m▀[0m[38;2;66;65;66m[48;2;56;158;53m▀[0m[38;2;56;158;53m[48;2;66;65;66m▀[0m[38;2;66;65;66m[48;2;103;103;90m▀[0m[38;2;103;103;90m[48;2;103;103;90m▀[0m[38;2;103;103;90m[48;2;103;103;90m▀[0m[38;2;66;65;66m[48;2;103;103;90m▀[0m[38;2;161;73;186m[48;2;66;65;66m▀[0m[38;2;161;73;186m[48;2;114;77;127m▀[0m[38;2;114;71;127m[48;2;66;65;66m▀[0m[38;2;66;65;66m[48;2;66;65;66m▀[0m[38;2;116;73;128m[48;2;66;65;66m▀[0m[38;2;116;73;128m[48;2;66;65;66m▀[0m[38;2;66;65;66m[48;2;164;77;189m▀[0m[38;2;66;65;66m[48;2;106;79;107m▀[0m[38;2;82;79;68m[48;2;66;65;66m▀[0m[38;2;82;79;68m[48;2;79;78;74m▀[0m[38;2;82;79;68m[48;2;82;79;68m▀[0m[38;2;82;79;68m[48;2;82;79;68m▀[0m[38;2;0;0;0m[48;2;82;79;68m▀[0m[38;2;0;0;0m[48;2;82;79;68m▀[0m[38;2;0;0;0m[48;2;77;74;68m▀[0m[38;2;0;0;0m[48;2;77;74;68m▀[0m[38;2;0;0;0m▄  
 [38;2;0;0;0m▀[38;2;114;77;127m[48;2;0;0;0m▀[0m[38;2;114;77;127m[48;2;0;0;0m▀[0m[38;2;114;77;127m[48;2;66;65;66m▀[0m[38;2;82;65;66m[48;2;57;159;56m▀[0m[38;2;70;158;78m[48;2;57;159;56m▀[0m[38;2;56;158;53m[48;2;66;65;66m▀[0m[38;2;66;65;66m[48;2;66;65;66m▀[0m[38;2;66;65;66m[48;2;82;81;66m▀[0m[38;2;56;158;53m[48;2;58;159;58m▀[0m[38;2;66;65;66m[48;2;56;158;53m▀[0m[38;2;95;200;101m[48;2;66;65;66m▀[0m[38;2;93;97;93m[48;2;66;65;66m▀[0m[38;2;95;200;101m[48;2;66;65;66m▀[0m[38;2;70;154;71m[48;2;66;65;66m▀[0m[38;2;57;65;74m[48;2;127;77;107m▀[0m[38;2;127;77;107m[48;2;87;81;107m▀[0m[38;2;127;77;107m[48;2;79;172;82m▀[0m[38;2;56;158;53m[48;2;66;65;66m▀[0m[38;2;66;65;66m[48;2;103;103;90m▀[0m[38;2;103;103;90m[48;2;66;69;66m▀[0m[38;2;66;65;66m[48;2;117;89;123m▀[0m[38;2;66;65;66m[48;2;114;77;127m▀[0m[38;2;66;65;66m[48;2;114;77;127m▀[0m[38;2;66;65;66m[48;2;66;65;66m▀[0m[38;2;66;65;66m[48;2;95;200;101m▀[0m[38;2;95;200;101m[48;2;95;200;101m▀[0m[38;2;95;200;101m[48;2;95;200;101m▀[0m[38;2;95;200;101m[48;2;66;65;66m▀[0m[38;2;95;200;101m[48;2;66;65;66m▀[0m[38;2;66;81;66m[48;2;78;205;80m▀[0m[38;2;164;77;189m[48;2;74;73;66m▀[0m[38;2;107;105;90m[48;2;115;109;99m▀[0m[38;2;66;65;66m[48;2;8;4;0m▀[0m[38;2;0;0;0m▀[38;2;0;0;0m▀[38;2;82;79;68m[48;2;0;0;0m▀[0m[38;2;82;79;68m[48;2;0;0;0m▀[0m[38;2;77;74;68m[48;2;0;0;0m▀[0m[38;2;0;0;0m[48;2;0;0;0m▀[0m[38;2;0;0;0m▄  
   [38;2;0;0;0m▄[38;2;0;0;0m[48;2;114;77;127m▀[0m[38;2;57;159;56m[48;2;45;58;90m▀[0m[38;2;57;159;56m[48;2;67;150;63m▀[0m[38;2;56;158;53m[48;2;56;158;53m▀[0m[38;2;56;158;53m[48;2;66;65;66m▀[0m[38;2;58;159;58m[48;2;66;65;66m▀[0m[38;2;58;159;58m[48;2;66;65;66m▀[0m[38;2;56;158;53m[48;2;56;158;53m▀[0m[38;2;56;158;53m[48;2;56;158;53m▀[0m[38;2;66;65;66m[48;2;66;65;66m▀[0m[38;2;56;158;53m[48;2;66;65;66m▀[0m[38;2;127;77;107m[48;2;58;156;56m▀[0m[38;2;127;77;107m[48;2;58;156;56m▀[0m[38;2;79;172;82m[48;2;0;0;0m▀[0m[38;2;90;65;66m[48;2;103;103;90m▀[0m[38;2;103;103;90m[48;2;104;86;88m▀[0m[38;2;103;103;90m[48;2;82;85;66m▀[0m[38;2;104;82;93m[48;2;102;103;90m▀[0m[38;2;66;69;66m[48;2;102;103;90m▀[0m[38;2;114;77;127m[48;2;66;65;66m▀[0m[38;2;66;65;66m[48;2;66;65;66m▀[0m[38;2;95;200;101m[48;2;86;206;92m▀[0m[38;2;95;200;101m[48;2;86;206;92m▀[0m[38;2;95;200;101m[48;2;86;206;92m▀[0m[38;2;66;65;66m[48;2;86;206;92m▀[0m[38;2;94;97;94m[48;2;58;156;56m▀[0m[38;2;94;97;94m[48;2;58;156;56m▀[0m[38;2;70;152;70m[48;2;56;158;53m▀[0m[38;2;74;73;66m[48;2;56;158;53m▀[0m[38;2;79;74;66m[48;2;71;70;66m▀[0m[38;2;79;74;66m[48;2;71;70;66m▀[0m[38;2;0;0;0m[48;2;0;0;0m▀[0m        
    [38;2;0;0;0m▀[38;2;8;0;0m▀[38;2;8;0;0m▀[38;2;66;65;66m[48;2;0;0;0m▀[0m[38;2;66;65;66m[48;2;127;77;107m▀[0m[38;2;127;77;107m[48;2;58;96;69m▀[0m[38;2;127;77;107m[48;2;88;155;103m▀[0m[38;2;56;158;53m[48;2;0;0;0m▀[0m[38;2;66;65;66m[48;2;82;79;70m▀[0m[38;2;82;78;68m[48;2;82;79;70m▀[0m[38;2;82;78;68m[48;2;0;0;0m▀[0m[38;2;0;0;0m▀[38;2;0;0;0m▀ [38;2;0;0;0m[48;2;0;0;0m▀[0m[38;2;82;85;66m[48;2;167;81;189m▀[0m[38;2;117;87;126m[48;2;110;56;126m▀[0m[38;2;82;81;66m[48;2;95;200;104m▀[0m[38;2;102;103;90m[48;2;99;69;66m▀[0m[38;2;82;78;68m[48;2;95;200;104m▀[0m[38;2;66;65;66m[48;2;99;69;66m▀[0m[38;2;74;77;74m[48;2;74;69;66m▀[0m[38;2;77;155;81m[48;2;74;69;66m▀[0m[38;2;77;155;81m[48;2;74;69;66m▀[0m[38;2;74;77;74m[48;2;56;159;56m▀[0m[38;2;79;77;68m[48;2;56;158;53m▀[0m[38;2;79;77;68m[48;2;66;65;66m▀[0m[38;2;56;158;53m[48;2;66;65;66m▀[0m[38;2;66;65;66m[48;2;56;158;53m▀[0m[38;2;71;70;66m[48;2;0;0;0m▀[0m[38;2;0;0;0m▀         
        [38;2;0;0;0m▀[38;2;8;0;0m▀[38;2;8;0;0m▀ [38;2;0;0;0m▀[38;2;0;0;0m▀    [38;2;0;0;0m▄[38;2;0;8;8m[48;2;56;158;53m▀[0m[38;2;167;81;189m[48;2;66;65;66m▀[0m[38;2;92;116;109m[48;2;82;65;66m▀[0m[38;2;95;200;104m[48;2;80;102;89m▀[0m[38;2;95;200;104m[48;2;58;156;56m▀[0m[38;2;92;116;109m[48;2;58;156;56m▀[0m[38;2;164;71;189m[48;2;114;71;127m▀[0m[38;2;74;69;66m[48;2;164;77;189m▀[0m[38;2;74;69;66m[48;2;114;77;127m▀[0m[38;2;74;69;66m[48;2;66;65;66m▀[0m[38;2;66;65;66m[48;2;57;159;56m▀[0m[38;2;56;158;53m[48;2;57;159;56m▀[0m[38;2;56;158;53m[48;2;56;158;53m▀[0m[38;2;66;65;66m[48;2;66;65;66m▀[0m[38;2;58;156;56m[48;2;56;158;53m▀[0m[38;2;0;0;0m[48;2;56;158;53m▀[0m[38;2;0;0;0m▄[38;2;0;0;0m▄[38;2;0;0;0m[48;2;40;61;40m▀[0m[38;2;0;0;0m[48;2;40;61;40m▀[0m[38;2;0;0;0m[48;2;82;79;70m▀[0m[38;2;0;0;0m▄   
                  [38;2;0;0;0m▀[38;2;56;158;53m[48;2;0;0;0m▀[0m[38;2;56;158;53m[48;2;58;156;56m▀[0m[38;2;70;158;78m[48;2;58;156;56m▀[0m[38;2;82;65;66m[48;2;0;0;0m▀[0m[38;2;0;0;0m▀[38;2;0;0;0m▀[38;2;66;65;66m[48;2;0;0;0m▀[0m[38;2;66;65;66m[48;2;0;0;0m▀[0m[38;2;66;65;66m[48;2;114;77;127m▀[0m[38;2;66;65;66m[48;2;114;77;127m▀[0m[38;2;57;159;56m[48;2;66;65;66m▀[0m[38;2;57;159;56m[48;2;56;158;53m▀[0m[38;2;56;158;53m[48;2;57;159;56m▀[0m[38;2;56;158;53m[48;2;57;159;56m▀[0m[38;2;66;65;66m[48;2;66;65;66m▀[0m[38;2;56;158;53m[48;2;0;0;0m▀[0m[38;2;58;156;56m[48;2;0;0;0m▀[0m[38;2;58;156;56m[48;2;0;0;0m▀[0m[38;2;61;135;65m[48;2;0;0;0m▀[0m[38;2;24;12;0m▀[38;2;0;0;0m▀    
                   [38;2;0;0;0m▀[38;2;58;156;56m[48;2;0;0;0m▀[0m[38;2;0;0;0m▀[38;2;0;0;0m[48;2;0;0;0m▀[0m    [38;2;0;0;0m▀[38;2;0;0;0m▀[38;2;66;65;66m[48;2;0;0;0m▀[0m[38;2;56;158;53m[48;2;58;156;56m▀[0m[38;2;57;159;56m[48;2;0;0;0m▀[0m[38;2;57;159;56m[48;2;58;156;56m▀[0m[38;2;0;0;0m[48;2;0;0;0m▀[0m          
                                  [38;2;0;0;0m▀ [38;2;0;0;0m▀               
                                     [0m                                     