                 [38;2;0;0;0m▄[38;2;0;0;0m[48;2;253;145;190m▀[0m[38;2;0;0;0m▄      [38;2;0;0;0m▄               
                 [38;2;0;0;0m[48;2;0;0;0m▀[0m[38;2;178;69;116m[48;2;178;69;116m▀[0m[38;2;253;145;190m[48;2;253;145;190m▀[0m[38;2;0;0;0m[48;2;0;0;0m▀[0m   [38;2;0;0;0m▄[38;2;0;0;0m[48;2;65;65;65m▀[0m[38;2;253;145;190m[48;2;65;65;65m▀[0m[38;2;0;0;0m[48;2;0;0;0m▀[0m              
                [38;2;0;0;0m[48;2;0;0;0m▀[0m[38;2;253;145;190m[48;2;253;145;190m▀[0m[38;2;178;69;116m[48;2;253;145;190m▀[0m[38;2;253;145;190m[48;2;253;145;190m▀[0m[38;2;253;145;190m[48;2;253;145;190m▀[0m[38;2;0;0;0m[48;2;253;145;190m▀[0m[38;2;0;0;0m[48;2;65;65;65m▀[0m[38;2;0;0;0m[48;2;253;145;190m▀[0m[38;2;253;145;190m[48;2;253;145;190m▀[0m[38;2;253;145;190m[48;2;178;69;116m▀[0m[38;2;253;145;190m[48;2;253;145;190m▀[0m[38;2;65;65;65m[48;2;253;145;190m▀[0m[38;2;0;0;0m[48;2;253;145;190m▀[0m[38;2;0;0;0m▄            
              [38;2;0;0;0m▄[38;2;0;0;0m[48;2;253;145;190m▀[0m[38;2;253;145;190m[48;2;253;145;190m▀[0m[38;2;253;145;190m[48;2;253;145;190m▀[0m[38;2;253;145;190m[48;2;253;145;190m▀[0m[38;2;253;145;190m[48;2;253;145;190m▀[0m[38;2;253;145;190m[48;2;253;145;190m▀[0m[38;2;253;145;190m[48;2;65;65;65m▀[0m[38;2;65;65;65m[48;2;253;145;190m▀[0m[38;2;253;145;190m[48;2;178;69;116m▀[0m[38;2;178;69;116m[48;2;178;69;116m▀[0m[38;2;253;145;190m[48;2;253;145;190m▀[0m[38;2;253;145;190m[48;2;178;69;116m▀[0m[38;2;178;69;116m[48;2;253;145;190m▀[0m[38;2;253;145;190m[48;2;253;145;190m▀[0m[38;2;253;145;190m[48;2;253;145;190m▀[0m[38;2;0;0;0m[48;2;0;0;0m▀[0m           
             [38;2;0;0;0m▄[38;2;0;0;0m[48;2;253;145;190m▀[0m[38;2;253;145;190m[48;2;253;145;190m▀[0m[38;2;253;145;190m[48;2;253;145;190m▀[0m[38;2;253;145;190m[48;2;253;145;190m▀[0m[38;2;253;145;190m[48;2;253;145;190m▀[0m[38;2;253;145;190m[48;2;253;145;190m▀[0m[38;2;253;145;190m[48;2;253;145;190m▀[0m[38;2;65;65;65m[48;2;253;145;190m▀[0m[38;2;253;145;190m[48;2;65;65;65m▀[0m[38;2;253;145;190m[48;2;253;145;190m▀[0m[38;2;178;69;116m[48;2;65;65;65m▀[0m[38;2;253;145;190m[48;2;65;65;65m▀[0m[38;2;178;69;116m[48;2;65;65;65m▀[0m[38;2;253;145;190m[48;2;253;145;190m▀[0m[38;2;253;145;190m[48;2;253;145;190m▀[0m[38;2;253;145;190m[48;2;178;69;116m▀[0m[38;2;253;145;190m[48;2;253;145;190m▀[0m[38;2;0;0;0m[48;2;0;0;0m▀[0m          
             [38;2;0;0;0m[48;2;0;0;0m▀[0m[38;2;253;145;190m[48;2;220;111;157m▀[0m[38;2;253;145;190m[48;2;253;145;190m▀[0m[38;2;253;145;190m[48;2;253;145;190m▀[0m[38;2;253;145;190m[48;2;253;145;190m▀[0m[38;2;253;145;190m[48;2;253;145;190m▀[0m[38;2;253;145;190m[48;2;253;145;190m▀[0m[38;2;253;145;190m[48;2;253;145;190m▀[0m[38;2;253;145;190m[48;2;253;145;190m▀[0m[38;2;253;145;190m[48;2;253;145;190m▀[0m[38;2;65;65;65m[48;2;253;145;190m▀[0m[38;2;65;65;65m[48;2;253;145;190m▀[0m[38;2;213;213;213m[48;2;65;65;65m▀[0m[38;2;220;111;157m[48;2;213;213;213m▀[0m[38;2;65;65;65m[48;2;220;111;157m▀[0m[38;2;65;65;65m[48;2;220;111;157m▀[0m[38;2;253;145;190m[48;2;220;111;157m▀[0m[38;2;253;145;190m[48;2;253;145;190m▀[0m[38;2;0;0;0m[48;2;0;0;0m▀[0m          
              [38;2;0;0;0m[48;2;0;0;0m▀[0m[38;2;253;145;190m[48;2;178;69;116m▀[0m[38;2;253;145;190m[48;2;253;145;190m▀[0m[38;2;253;145;190m[48;2;253;145;190m▀[0m[38;2;253;145;190m[48;2;253;145;190m▀[0m[38;2;253;145;190m[48;2;253;145;190m▀[0m[38;2;253;145;190m[48;2;178;69;116m▀[0m[38;2;220;111;157m[48;2;255;255;255m▀[0m[38;2;220;111;157m[48;2;255;255;255m▀[0m[38;2;220;111;157m[48;2;255;255;255m▀[0m[38;2;253;145;190m[48;2;220;111;157m▀[0m[38;2;65;65;65m[48;2;253;145;190m▀[0m[38;2;220;111;157m[48;2;65;65;65m▀[0m[38;2;213;213;213m[48;2;220;111;157m▀[0m[38;2;220;111;157m[48;2;255;255;255m▀[0m[38;2;220;111;157m[48;2;220;111;157m▀[0m[38;2;220;111;157m[48;2;220;111;157m▀[0m[38;2;253;145;190m[48;2;220;111;157m▀[0m[38;2;0;0;0m[48;2;0;0;0m▀[0m         
           [38;2;0;0;0m▄[38;2;0;0;0m▄[38;2;0;0;0m[48;2;255;255;255m▀[0m[38;2;255;255;255m[48;2;65;65;65m▀[0m[38;2;65;65;65m[48;2;253;145;190m▀[0m[38;2;253;145;190m[48;2;253;145;190m▀[0m[38;2;253;145;190m[48;2;253;145;190m▀[0m[38;2;253;145;190m[48;2;253;145;190m▀[0m[38;2;178;69;116m[48;2;65;65;65m▀[0m[38;2;255;255;255m[48;2;178;69;116m▀[0m[38;2;0;0;0m[48;2;178;69;116m▀[0m[38;2;255;255;255m[48;2;178;69;116m▀[0m[38;2;255;255;255m[48;2;220;111;157m▀[0m[38;2;255;255;255m[48;2;220;111;157m▀[0m[38;2;253;145;190m[48;2;105;84;57m▀[0m[38;2;65;65;65m[48;2;226;206;180m▀[0m[38;2;220;111;157m[48;2;65;65;65m▀[0m[38;2;220;111;157m[48;2;220;111;157m▀[0m[38;2;255;255;255m[48;2;220;111;157m▀[0m[38;2;220;111;157m[48;2;255;255;255m▀[0m[38;2;220;111;157m[48;2;220;111;157m▀[0m[38;2;0;0;0m[48;2;0;0;0m▀[0m         
   [38;2;0;0;0m▄[38;2;0;0;0m▄[38;2;0;0;0m▄[38;2;0;0;0m▄[38;2;0;0;0m[48;2;253;145;190m▀[0m[38;2;0;0;0m[48;2;253;145;190m▀[0m[38;2;0;0;0m[48;2;253;145;190m▀[0m[38;2;0;0;0m[48;2;253;145;190m▀[0m[38;2;253;145;190m[48;2;253;145;190m▀[0m[38;2;65;65;65m[48;2;253;145;190m▀[0m[38;2;255;255;255m[48;2;65;65;65m▀[0m[38;2;65;65;65m[48;2;253;145;190m▀[0m[38;2;253;145;190m[48;2;253;145;190m▀[0m[38;2;253;145;190m[48;2;253;145;190m▀[0m[38;2;253;145;190m[48;2;253;145;190m▀[0m[38;2;253;145;190m[48;2;253;145;190m▀[0m[38;2;253;145;190m[48;2;253;145;190m▀[0m[38;2;65;65;65m[48;2;65;65;65m▀[0m[38;2;253;145;190m[48;2;253;145;190m▀[0m[38;2;253;145;190m[48;2;253;145;190m▀[0m[38;2;253;145;190m[48;2;105;84;57m▀[0m[38;2;105;84;57m[48;2;191;171;145m▀[0m[38;2;226;206;180m[48;2;226;206;180m▀[0m[38;2;226;206;180m[48;2;105;84;57m▀[0m[38;2;65;65;65m[48;2;220;111;157m▀[0m[38;2;220;111;157m[48;2;220;111;157m▀[0m[38;2;220;111;157m[48;2;220;111;157m▀[0m[38;2;220;111;157m[48;2;0;0;0m▀[0m[38;2;0;0;0m▀[38;2;0;0;0m▄         
 [38;2;0;0;0m▄[38;2;0;0;0m[48;2;220;111;157m▀[0m[38;2;220;111;157m[48;2;178;69;116m▀[0m[38;2;178;69;116m[48;2;253;145;190m▀[0m[38;2;253;145;190m[48;2;253;145;190m▀[0m[38;2;253;145;190m[48;2;253;145;190m▀[0m[38;2;253;145;190m[48;2;220;111;157m▀[0m[38;2;253;145;190m[48;2;253;145;190m▀[0m[38;2;253;145;190m[48;2;253;145;190m▀[0m[38;2;253;145;190m[48;2;253;145;190m▀[0m[38;2;253;145;190m[48;2;0;0;0m▀[0m[38;2;253;145;190m[48;2;0;0;0m▀[0m[38;2;65;65;65m[48;2;226;206;180m▀[0m[38;2;253;145;190m[48;2;65;65;65m▀[0m[38;2;253;145;190m[48;2;253;145;190m▀[0m[38;2;253;145;190m[48;2;253;145;190m▀[0m[38;2;253;145;190m[48;2;65;65;65m▀[0m[38;2;253;145;190m[48;2;65;65;65m▀[0m[38;2;65;65;65m[48;2;220;111;157m▀[0m[38;2;220;111;157m[48;2;220;111;157m▀[0m[38;2;220;111;157m[48;2;220;111;157m▀[0m[38;2;220;111;157m[48;2;105;84;57m▀[0m[38;2;105;84;57m[48;2;191;171;145m▀[0m[38;2;161;141;114m[48;2;191;171;145m▀[0m[38;2;226;206;180m[48;2;161;141;114m▀[0m[38;2;226;206;180m[48;2;226;206;180m▀[0m[38;2;105;84;57m[48;2;105;84;57m▀[0m[38;2;220;111;157m[48;2;220;111;157m▀[0m[38;2;220;111;157m[48;2;0;0;0m▀[0m[38;2;0;0;0m▀  [38;2;0;0;0m▀[38;2;0;0;0m▀[38;2;0;0;0m▄[38;2;0;0;0m[48;2;180;180;189m▀[0m[38;2;0;0;0m[48;2;180;180;189m▀[0m[38;2;0;0;0m[48;2;180;180;189m▀[0m[38;2;0;0;0m▄  
 [38;2;0;0;0m▀[38;2;0;0;0m[48;2;0;0;0m▀[0m[38;2;253;145;190m[48;2;0;0;0m▀[0m[38;2;253;145;190m[48;2;0;0;0m▀[0m[38;2;0;0;0m▀[38;2;178;69;116m[48;2;0;0;0m▀[0m[38;2;253;145;190m[48;2;220;111;157m▀[0m[38;2;253;145;190m[48;2;220;111;157m▀[0m[38;2;0;0;0m[48;2;0;0;0m▀[0m[38;2;0;0;0m▀  [38;2;0;0;0m▀[38;2;226;206;180m[48;2;0;0;0m▀[0m[38;2;65;65;65m[48;2;191;171;145m▀[0m[38;2;65;65;65m[48;2;226;206;180m▀[0m[38;2;191;171;145m[48;2;226;206;180m▀[0m[38;2;191;171;145m[48;2;191;171;145m▀[0m[38;2;105;84;57m[48;2;191;171;145m▀[0m[38;2;105;84;57m[48;2;161;141;114m▀[0m[38;2;105;84;57m[48;2;191;171;145m▀[0m[38;2;191;171;145m[48;2;191;171;145m▀[0m[38;2;191;171;145m[48;2;191;171;145m▀[0m[38;2;191;171;145m[48;2;191;171;145m▀[0m[38;2;105;84;57m[48;2;105;84;57m▀[0m[38;2;105;84;57m[48;2;220;111;157m▀[0m[38;2;220;111;157m[48;2;220;111;157m▀[0m[38;2;0;0;0m[48;2;0;0;0m▀[0m     [38;2;0;0;0m[48;2;0;0;0m▀[0m[38;2;180;180;189m[48;2;180;180;189m▀[0m[38;2;82;90;106m[48;2;0;0;0m▀[0m[38;2;0;0;0m▀[38;2;82;90;106m[48;2;0;0;0m▀[0m[38;2;180;180;189m[48;2;123;131;139m▀[0m[38;2;0;0;0m[48;2;0;0;0m▀[0m 
     [38;2;0;0;0m▀[38;2;220;111;157m[48;2;0;0;0m▀[0m[38;2;220;111;157m[48;2;0;0;0m▀[0m[38;2;0;0;0m▀      [38;2;0;0;0m▀[38;2;226;206;180m[48;2;0;0;0m▀[0m[38;2;226;206;180m[48;2;105;84;57m▀[0m[38;2;226;206;180m[48;2;226;206;180m▀[0m[38;2;226;206;180m[48;2;105;84;57m▀[0m[38;2;161;141;114m[48;2;191;171;145m▀[0m[38;2;191;171;145m[48;2;105;84;57m▀[0m[38;2;105;84;57m[48;2;220;111;157m▀[0m[38;2;191;171;145m[48;2;105;84;57m▀[0m[38;2;105;84;57m[48;2;220;111;157m▀[0m[38;2;220;111;157m[48;2;220;111;157m▀[0m[38;2;220;111;157m[48;2;220;111;157m▀[0m[38;2;0;0;0m[48;2;0;0;0m▀[0m      [38;2;0;0;0m▀[38;2;123;131;139m[48;2;0;0;0m▀[0m[38;2;82;90;106m[48;2;123;131;139m▀[0m[38;2;0;0;0m[48;2;123;131;139m▀[0m[38;2;82;90;106m[48;2;123;131;139m▀[0m[38;2;123;131;139m[48;2;0;0;0m▀[0m[38;2;0;0;0m▀ 
                 [38;2;0;0;0m[48;2;0;0;0m▀[0m[38;2;105;84;57m[48;2;220;111;157m▀[0m[38;2;220;111;157m[48;2;220;111;157m▀[0m[38;2;105;84;57m[48;2;220;111;157m▀[0m[38;2;220;111;157m[48;2;220;111;157m▀[0m[38;2;220;111;157m[48;2;220;111;157m▀[0m[38;2;220;111;157m[48;2;220;111;157m▀[0m[38;2;220;111;157m[48;2;220;111;157m▀[0m[38;2;220;111;157m[48;2;220;111;157m▀[0m[38;2;220;111;157m[48;2;220;111;157m▀[0m[38;2;0;0;0m[48;2;220;111;157m▀[0m[38;2;0;0;0m▄       [38;2;0;0;0m▀[38;2;0;0;0m▀[38;2;0;0;0m▀   
              [38;2;0;0;0m▄[38;2;0;0;0m[48;2;253;145;190m▀[0m[38;2;0;0;0m[48;2;253;145;190m▀[0m[38;2;253;145;190m[48;2;253;145;190m▀[0m[38;2;220;111;157m[48;2;253;145;190m▀[0m[38;2;220;111;157m[48;2;253;145;190m▀[0m[38;2;220;111;157m[48;2;220;111;157m▀[0m[38;2;220;111;157m[48;2;220;111;157m▀[0m[38;2;220;111;157m[48;2;220;111;157m▀[0m[38;2;220;111;157m[48;2;220;111;157m▀[0m[38;2;220;111;157m[48;2;220;111;157m▀[0m[38;2;220;111;157m[48;2;220;111;157m▀[0m[38;2;220;111;157m[48;2;220;111;157m▀[0m[38;2;220;111;157m[48;2;253;145;190m▀[0m[38;2;253;145;190m[48;2;253;145;190m▀[0m[38;2;0;0;0m[48;2;253;145;190m▀[0m[38;2;0;0;0m▄           
             [38;2;0;0;0m[48;2;0;0;0m▀[0m[38;2;253;145;190m[48;2;253;145;190m▀[0m[38;2;253;145;190m[48;2;253;145;190m▀[0m[38;2;253;145;190m[48;2;253;145;190m▀[0m[38;2;253;145;190m[48;2;253;145;190m▀[0m[38;2;253;145;190m[48;2;253;145;190m▀[0m[38;2;253;145;190m[48;2;220;111;157m▀[0m[38;2;253;145;190m[48;2;0;0;0m▀[0m[38;2;0;0;0m▀[38;2;0;0;0m▀[38;2;0;0;0m▀[38;2;220;111;157m[48;2;0;0;0m▀[0m[38;2;220;111;157m[48;2;0;0;0m▀[0m[38;2;253;145;190m[48;2;253;145;190m▀[0m[38;2;253;145;190m[48;2;253;145;190m▀[0m[38;2;253;145;190m[48;2;253;145;190m▀[0m[38;2;253;145;190m[48;2;253;145;190m▀[0m[38;2;253;145;190m[48;2;253;145;190m▀[0m[38;2;0;0;0m[48;2;0;0;0m▀[0m          
            [38;2;0;0;0m▄[38;2;0;0;0m[48;2;220;111;157m▀[0m[38;2;65;65;65m[48;2;65;65;65m▀[0m[38;2;253;145;190m[48;2;65;65;65m▀[0m[38;2;253;145;190m[48;2;220;111;157m▀[0m[38;2;253;145;190m[48;2;220;111;157m▀[0m[38;2;65;65;65m[48;2;0;0;0m▀[0m[38;2;0;0;0m▀      [38;2;0;0;0m▀[38;2;253;145;190m[48;2;0;0;0m▀[0m[38;2;253;145;190m[48;2;178;69;116m▀[0m[38;2;253;145;190m[48;2;178;69;116m▀[0m[38;2;178;69;116m[48;2;220;111;157m▀[0m[38;2;220;111;157m[48;2;220;111;157m▀[0m[38;2;0;0;0m[48;2;253;145;190m▀[0m[38;2;0;0;0m▄        
            [38;2;0;0;0m▀[38;2;178;69;116m[48;2;0;0;0m▀[0m[38;2;220;111;157m[48;2;178;69;116m▀[0m[38;2;178;69;116m[48;2;220;111;157m▀[0m[38;2;220;111;157m[48;2;220;111;157m▀[0m[38;2;220;111;157m[48;2;0;0;0m▀[0m[38;2;220;111;157m[48;2;0;0;0m▀[0m[38;2;0;0;0m▀       [38;2;0;0;0m▀[38;2;220;111;157m[48;2;0;0;0m▀[0m[38;2;220;111;157m[48;2;0;0;0m▀[0m[38;2;220;111;157m[48;2;220;111;157m▀[0m[38;2;253;145;190m[48;2;178;69;116m▀[0m[38;2;178;69;116m[48;2;253;145;190m▀[0m[38;2;253;145;190m[48;2;0;0;0m▀[0m[38;2;0;0;0m▀       
              [38;2;0;0;0m▀[38;2;0;0;0m▀[38;2;0;0;0m▀             [38;2;0;0;0m▀[38;2;0;0;0m▀[38;2;0;0;0m▀         
                                     [0m                                     