  [38;2;0;0;0m▄[38;2;0;0;0m[48;2;1;132;143m▀[0m[38;2;0;0;0m▄ [38;2;0;0;0m▄[38;2;0;0;0m▄[38;2;0;0;0m▄[38;2;0;0;0m▄ [38;2;0;0;0m▄[38;2;0;0;0m[48;2;164;163;172m▀[0m[38;2;0;4;0m▄[38;2;0;0;0m[48;2;21;184;198m▀[0m[38;2;0;0;0m▄   
 [38;2;0;0;0m[48;2;0;0;0m▀[0m[38;2;1;132;143m[48;2;1;131;142m▀[0m[38;2;1;132;143m[48;2;66;65;66m▀[0m[38;2;66;65;66m[48;2;19;182;196m▀[0m[38;2;0;0;0m[48;2;19;182;196m▀[0m[38;2;21;184;198m[48;2;19;182;196m▀[0m[38;2;21;184;198m[48;2;19;182;196m▀[0m[38;2;21;184;198m[48;2;19;182;196m▀[0m[38;2;21;184;198m[48;2;19;182;196m▀[0m[38;2;66;65;66m[48;2;19;182;196m▀[0m[38;2;66;65;66m[48;2;19;182;196m▀[0m[38;2;164;163;172m[48;2;66;65;66m▀[0m[38;2;30;29;44m[48;2;21;184;198m▀[0m[38;2;21;184;198m[48;2;21;184;198m▀[0m[38;2;21;184;198m[48;2;21;184;198m▀[0m[38;2;0;0;0m[48;2;0;0;0m▀[0m  
 [38;2;0;0;0m[48;2;0;0;0m▀[0m[38;2;1;131;142m[48;2;1;66;72m▀[0m[38;2;66;65;66m[48;2;23;186;200m▀[0m[38;2;19;182;196m[48;2;6;144;156m▀[0m[38;2;5;144;155m[48;2;164;163;172m▀[0m[38;2;19;182;196m[48;2;3;105;114m▀[0m[38;2;19;182;196m[48;2;21;184;198m▀[0m[38;2;19;182;196m[48;2;21;184;198m▀[0m[38;2;19;182;196m[48;2;6;112;120m▀[0m[38;2;10;156;169m[48;2;164;163;172m▀[0m[38;2;19;182;196m[48;2;11;157;170m▀[0m[38;2;21;184;198m[48;2;21;184;198m▀[0m[38;2;21;184;198m[48;2;21;184;198m▀[0m[38;2;173;48;66m[48;2;170;48;65m▀[0m[38;2;21;184;198m[48;2;170;48;65m▀[0m[38;2;21;184;198m[48;2;21;184;198m▀[0m[38;2;0;0;0m[48;2;0;0;0m▀[0m 
  [38;2;0;12;8m[48;2;0;0;16m▀[0m[38;2;12;158;171m[48;2;71;71;82m▀[0m[38;2;164;163;172m[48;2;134;133;141m▀[0m[38;2;164;163;172m[48;2;164;163;172m▀[0m[38;2;164;163;172m[48;2;164;163;172m▀[0m[38;2;3;105;114m[48;2;106;105;113m▀[0m[38;2;3;105;114m[48;2;106;105;113m▀[0m[38;2;164;163;172m[48;2;106;105;113m▀[0m[38;2;164;163;172m[48;2;106;105;113m▀[0m[38;2;164;163;172m[48;2;164;163;172m▀[0m[38;2;11;157;170m[48;2;11;157;170m▀[0m[38;2;173;48;66m[48;2;173;48;66m▀[0m[38;2;231;65;90m[48;2;203;71;99m▀[0m[38;2;170;48;65m[48;2;181;48;66m▀[0m[38;2;21;184;198m[48;2;21;184;198m▀[0m[38;2;0;0;0m[48;2;0;0;0m▀[0m 
 [38;2;0;0;0m[48;2;0;0;0m▀[0m[38;2;71;71;82m[48;2;23;186;200m▀[0m[38;2;189;190;189m[48;2;1;66;72m▀[0m[38;2;134;133;141m[48;2;49;60;82m▀[0m[38;2;179;178;187m[48;2;179;178;187m▀[0m[38;2;179;178;187m[48;2;179;178;187m▀[0m[38;2;255;255;255m[48;2;255;255;255m▀[0m[38;2;214;215;206m[48;2;0;0;0m▀[0m[38;2;214;215;206m[48;2;255;255;255m▀[0m[38;2;255;255;255m[48;2;255;239;247m▀[0m[38;2;134;133;141m[48;2;134;133;141m▀[0m[38;2;11;157;170m[48;2;11;157;170m▀[0m[38;2;173;48;66m[48;2;21;184;198m▀[0m[38;2;181;48;66m[48;2;21;184;198m▀[0m[38;2;23;186;200m[48;2;21;184;198m▀[0m[38;2;21;184;198m[48;2;0;0;0m▀[0m[38;2;0;0;0m▀ 
  [38;2;0;12;8m▀[38;2;23;186;200m[48;2;0;0;0m▀[0m[38;2;17;180;194m[48;2;206;81;107m▀[0m[38;2;17;180;194m[48;2;206;81;107m▀[0m[38;2;179;178;187m[48;2;21;184;198m▀[0m[38;2;134;133;141m[48;2;21;184;198m▀[0m[38;2;255;255;255m[48;2;164;163;172m▀[0m[38;2;255;255;255m[48;2;164;163;172m▀[0m[38;2;134;133;141m[48;2;16;179;193m▀[0m[38;2;177;154;189m[48;2;66;65;66m▀[0m[38;2;11;157;170m[48;2;0;0;0m▀[0m[38;2;0;0;0m▀[38;2;0;0;0m▀[38;2;0;0;0m▀   
    [38;2;0;16;16m▀[38;2;68;37;46m[48;2;0;0;0m▀[0m[38;2;66;65;66m[48;2;190;189;198m▀[0m[38;2;66;65;66m[48;2;190;189;198m▀[0m[38;2;189;190;181m[48;2;66;65;66m▀[0m[38;2;1;98;107m[48;2;66;65;66m▀[0m[38;2;66;65;66m[48;2;1;139;151m▀[0m[38;2;1;142;154m[48;2;14;177;191m▀[0m[38;2;0;0;0m[48;2;21;184;198m▀[0m[38;2;0;0;0m▄     
    [38;2;0;0;0m▄[38;2;0;0;0m[48;2;1;132;143m▀[0m[38;2;190;189;198m[48;2;0;0;0m▀[0m[38;2;0;0;0m▀[38;2;1;131;142m[48;2;0;8;0m▀[0m[38;2;1;131;142m[48;2;1;131;142m▀[0m[38;2;1;139;151m[48;2;1;142;154m▀[0m[38;2;66;60;66m[48;2;66;65;66m▀[0m[38;2;21;184;198m[48;2;66;65;66m▀[0m[38;2;0;0;0m[48;2;21;184;198m▀[0m[38;2;0;0;0m▄    
    [38;2;0;0;0m▀[38;2;1;132;143m[48;2;0;0;0m▀[0m[38;2;66;65;66m[48;2;0;0;0m▀[0m[38;2;0;0;0m[48;2;1;132;143m▀[0m[38;2;1;131;142m[48;2;1;126;137m▀[0m[38;2;1;67;73m[48;2;1;67;73m▀[0m[38;2;66;65;66m[48;2;18;181;195m▀[0m[38;2;16;179;193m[48;2;66;60;66m▀[0m[38;2;21;184;198m[48;2;21;184;198m▀[0m[38;2;21;184;198m[48;2;0;0;0m▀[0m[38;2;0;0;0m▀    
       [38;2;0;0;0m▀[38;2;0;12;8m▀[38;2;27;190;204m[48;2;0;0;0m▀[0m[38;2;18;181;195m[48;2;0;0;0m▀[0m[38;2;1;143;156m[48;2;0;0;0m▀[0m[38;2;0;0;0m▀      
                                     [0m                                     