    [38;2;0;0;0m▄[38;2;0;0;0m[48;2;135;115;186m▀[0m[38;2;0;0;0m[48;2;135;114;189m▀[0m[38;2;0;0;0m[48;2;135;114;189m▀[0m[38;2;0;0;0m[48;2;132;114;191m▀[0m[38;2;0;0;0m▄    [38;2;0;0;0m▄[38;2;0;0;0m[48;2;132;114;191m▀[0m[38;2;0;0;0m[48;2;135;114;189m▀[0m[38;2;0;0;0m[48;2;135;114;189m▀[0m[38;2;0;0;0m[48;2;132;114;191m▀[0m[38;2;0;0;0m▄    
  [38;2;0;0;0m▄[38;2;0;0;0m[48;2;132;114;191m▀[0m[38;2;67;57;93m[48;2;132;114;191m▀[0m[38;2;135;115;186m[48;2;66;65;66m▀[0m[38;2;102;83;145m[48;2;69;59;81m▀[0m[38;2;102;83;145m[48;2;0;0;0m▀[0m[38;2;0;0;0m▀[38;2;0;0;0m▄[38;2;0;0;0m▄[38;2;0;0;0m▄[38;2;0;0;0m▄[38;2;0;0;0m▄ [38;2;0;0;0m▀[38;2;102;83;145m[48;2;0;0;0m▀[0m[38;2;135;114;189m[48;2;135;115;186m▀[0m[38;2;132;114;191m[48;2;136;114;191m▀[0m[38;2;132;114;191m[48;2;136;114;191m▀[0m[38;2;0;0;0m[48;2;132;110;202m▀[0m[38;2;0;4;8m▄  
 [38;2;0;0;0m[48;2;0;0;0m▀[0m[38;2;132;114;191m[48;2;135;114;189m▀[0m[38;2;132;114;191m[48;2;135;114;189m▀[0m[38;2;132;114;191m[48;2;136;112;198m▀[0m[38;2;132;114;191m[48;2;102;86;138m▀[0m[38;2;102;89;123m[48;2;66;65;66m▀[0m[38;2;69;59;81m[48;2;45;101;132m▀[0m[38;2;0;0;0m[48;2;46;102;133m▀[0m[38;2;46;102;133m[48;2;46;102;133m▀[0m[38;2;46;102;133m[48;2;46;102;133m▀[0m[38;2;46;102;133m[48;2;46;102;133m▀[0m[38;2;46;102;133m[48;2;46;102;133m▀[0m[38;2;46;102;133m[48;2;46;102;133m▀[0m[38;2;0;0;0m[48;2;45;101;132m▀[0m[38;2;0;0;0m[48;2;66;65;66m▀[0m[38;2;67;57;93m[48;2;135;114;189m▀[0m[38;2;135;115;186m[48;2;102;83;145m▀[0m[38;2;136;114;191m[48;2;102;83;145m▀[0m[38;2;136;114;191m[48;2;102;83;145m▀[0m[38;2;88;90;123m[48;2;136;114;191m▀[0m[38;2;132;110;202m[48;2;136;114;191m▀[0m[38;2;0;0;0m[48;2;0;0;0m▀[0m 
 [38;2;0;0;0m[48;2;0;0;0m▀[0m[38;2;102;83;145m[48;2;101;84;146m▀[0m[38;2;135;114;189m[48;2;101;84;146m▀[0m[38;2;102;86;138m[48;2;66;65;66m▀[0m[38;2;66;65;74m[48;2;45;101;132m▀[0m[38;2;45;101;132m[48;2;46;102;133m▀[0m[38;2;45;101;132m[48;2;46;102;133m▀[0m[38;2;46;102;133m[48;2;46;102;133m▀[0m[38;2;46;102;133m[48;2;46;102;133m▀[0m[38;2;46;102;133m[48;2;46;102;133m▀[0m[38;2;46;102;133m[48;2;46;102;133m▀[0m[38;2;46;102;133m[48;2;46;102;133m▀[0m[38;2;46;102;133m[48;2;46;102;133m▀[0m[38;2;45;101;132m[48;2;45;101;132m▀[0m[38;2;66;65;66m[48;2;66;65;66m▀[0m[38;2;135;114;189m[48;2;132;114;191m▀[0m[38;2;135;114;189m[48;2;132;114;191m▀[0m[38;2;135;114;189m[48;2;135;114;189m▀[0m[38;2;135;114;189m[48;2;135;114;189m▀[0m[38;2;136;114;191m[48;2;135;114;189m▀[0m[38;2;136;114;191m[48;2;102;83;145m▀[0m[38;2;0;0;0m[48;2;0;0;0m▀[0m 
 [38;2;0;0;0m▀[38;2;101;84;146m[48;2;0;0;0m▀[0m[38;2;101;84;146m[48;2;66;66;66m▀[0m[38;2;66;65;66m[48;2;45;101;132m▀[0m[38;2;45;101;132m[48;2;255;253;214m▀[0m[38;2;46;102;133m[48;2;46;102;133m▀[0m[38;2;46;102;133m[48;2;46;102;133m▀[0m[38;2;46;102;133m[48;2;46;102;133m▀[0m[38;2;46;102;133m[48;2;46;102;133m▀[0m[38;2;46;102;133m[48;2;45;101;132m▀[0m[38;2;46;102;133m[48;2;45;101;132m▀[0m[38;2;46;102;133m[48;2;45;101;132m▀[0m[38;2;46;102;133m[48;2;45;101;132m▀[0m[38;2;45;101;132m[48;2;45;101;132m▀[0m[38;2;45;101;132m[48;2;45;101;132m▀[0m[38;2;66;65;66m[48;2;66;65;66m▀[0m[38;2;132;114;191m[48;2;105;78;159m▀[0m[38;2;135;114;189m[48;2;99;84;146m▀[0m[38;2;102;83;145m[48;2;99;84;146m▀[0m[38;2;102;83;145m[48;2;103;85;134m▀[0m[38;2;102;83;145m[48;2;0;0;0m▀[0m[38;2;0;0;0m▀ 
  [38;2;0;0;0m▀[38;2;66;66;66m[48;2;0;0;0m▀[0m[38;2;255;253;214m[48;2;104;69;95m▀[0m[38;2;255;253;214m[48;2;104;69;95m▀[0m[38;2;46;102;133m[48;2;255;253;214m▀[0m[38;2;46;102;133m[48;2;39;95;126m▀[0m[38;2;46;102;133m[48;2;45;101;132m▀[0m[38;2;46;102;133m[48;2;45;101;132m▀[0m[38;2;45;101;132m[48;2;255;253;214m▀[0m[38;2;255;253;214m[48;2;255;253;214m▀[0m[38;2;255;253;214m[48;2;255;253;214m▀[0m[38;2;45;101;132m[48;2;255;253;214m▀[0m[38;2;255;253;214m[48;2;45;101;132m▀[0m[38;2;45;101;132m[48;2;255;253;214m▀[0m[38;2;47;103;134m[48;2;66;65;66m▀[0m[38;2;66;65;66m[48;2;103;81;147m▀[0m[38;2;66;66;66m[48;2;101;84;146m▀[0m[38;2;66;66;66m[48;2;101;84;146m▀[0m[38;2;69;56;90m[48;2;103;81;147m▀[0m[38;2;0;0;0m[48;2;0;0;0m▀[0m  
   [38;2;0;0;0m[48;2;0;0;0m▀[0m[38;2;104;69;95m[48;2;247;253;211m▀[0m[38;2;255;255;255m[48;2;131;74;117m▀[0m[38;2;39;95;126m[48;2;184;196;180m▀[0m[38;2;39;95;126m[48;2;44;100;131m▀[0m[38;2;45;101;132m[48;2;44;100;131m▀[0m[38;2;255;253;214m[48;2;184;196;180m▀[0m[38;2;66;65;66m[48;2;132;64;108m▀[0m[38;2;66;65;66m[48;2;255;255;255m▀[0m[38;2;66;65;66m[48;2;123;66;104m▀[0m[38;2;66;65;66m[48;2;255;253;214m▀[0m[38;2;255;253;214m[48;2;255;253;214m▀[0m[38;2;45;101;132m[48;2;25;81;112m▀[0m[38;2;34;90;121m[48;2;26;82;113m▀[0m[38;2;66;65;66m[48;2;26;82;113m▀[0m[38;2;101;84;146m[48;2;0;0;0m▀[0m[38;2;101;84;146m[48;2;0;0;0m▀[0m[38;2;0;0;0m▀   
   [38;2;0;0;0m▀[38;2;205;198;197m[48;2;0;0;0m▀[0m[38;2;247;249;214m[48;2;189;181;173m▀[0m[38;2;239;253;214m[48;2;189;181;180m▀[0m[38;2;239;253;214m[48;2;52;108;139m▀[0m[38;2;239;253;214m[48;2;66;65;66m▀[0m[38;2;239;253;214m[48;2;255;249;214m▀[0m[38;2;132;64;108m[48;2;255;253;214m▀[0m[38;2;132;64;108m[48;2;255;253;214m▀[0m[38;2;123;66;104m[48;2;255;249;214m▀[0m[38;2;255;253;214m[48;2;255;249;214m▀[0m[38;2;255;253;214m[48;2;189;181;173m▀[0m[38;2;25;81;112m[48;2;189;181;173m▀[0m[38;2;26;82;113m[48;2;26;82;113m▀[0m[38;2;26;82;113m[48;2;0;0;0m▀[0m[38;2;0;0;0m▀     
     [38;2;0;0;0m▀[38;2;0;4;8m▀[38;2;189;181;180m[48;2;0;0;0m▀[0m[38;2;192;188;161m[48;2;0;0;0m▀[0m[38;2;66;65;66m[48;2;0;0;0m▀[0m[38;2;189;179;172m[48;2;66;65;66m▀[0m[38;2;189;179;172m[48;2;66;65;66m▀[0m[38;2;192;188;161m[48;2;66;65;66m▀[0m[38;2;66;65;66m[48;2;189;181;173m▀[0m[38;2;63;63;68m[48;2;0;0;0m▀[0m[38;2;0;4;0m▀[38;2;0;0;0m▀[38;2;0;0;0m▄      
     [38;2;0;0;0m▄[38;2;0;0;0m[48;2;58;114;145m▀[0m[38;2;46;102;133m[48;2;66;60;66m▀[0m[38;2;49;105;136m[48;2;15;71;102m▀[0m[38;2;140;134;156m[48;2;189;177;173m▀[0m[38;2;189;181;173m[48;2;189;181;173m▀[0m[38;2;189;181;173m[48;2;46;102;133m▀[0m[38;2;66;65;66m[48;2;46;102;133m▀[0m[38;2;66;65;66m[48;2;46;102;133m▀[0m[38;2;46;102;133m[48;2;18;74;105m▀[0m[38;2;0;0;0m[48;2;47;103;134m▀[0m[38;2;0;0;0m[48;2;49;105;136m▀[0m[38;2;255;253;214m[48;2;189;177;173m▀[0m[38;2;0;0;0m[48;2;255;253;214m▀[0m[38;2;0;0;0m▄    
    [38;2;0;0;0m[48;2;0;0;0m▀[0m[38;2;26;82;113m[48;2;189;181;173m▀[0m[38;2;181;173;173m[48;2;255;253;214m▀[0m[38;2;66;60;66m[48;2;255;253;214m▀[0m[38;2;57;113;144m[48;2;66;65;66m▀[0m[38;2;189;177;173m[48;2;45;101;132m▀[0m[38;2;46;102;133m[48;2;46;102;133m▀[0m[38;2;46;102;133m[48;2;46;102;133m▀[0m[38;2;46;102;133m[48;2;46;102;133m▀[0m[38;2;46;102;133m[48;2;46;102;133m▀[0m[38;2;47;103;134m[48;2;46;102;133m▀[0m[38;2;0;4;0m[48;2;0;0;0m▀[0m[38;2;0;0;8m▀[38;2;189;177;173m[48;2;0;0;0m▀[0m[38;2;0;0;0m▀     
     [38;2;0;0;0m▀[38;2;255;253;214m[48;2;0;0;0m▀[0m[38;2;66;65;66m[48;2;0;0;0m▀[0m[38;2;45;101;132m[48;2;26;82;113m▀[0m[38;2;45;101;132m[48;2;26;82;113m▀[0m[38;2;46;102;133m[48;2;46;102;133m▀[0m[38;2;46;102;133m[48;2;46;102;133m▀[0m[38;2;46;102;133m[48;2;46;102;133m▀[0m[38;2;46;102;133m[48;2;46;102;133m▀[0m[38;2;46;102;133m[48;2;15;71;102m▀[0m[38;2;46;102;133m[48;2;0;0;0m▀[0m[38;2;0;0;0m▀       
        [38;2;0;0;0m▀[38;2;26;82;113m[48;2;0;0;0m▀[0m[38;2;189;181;173m[48;2;189;181;173m▀[0m[38;2;46;102;133m[48;2;189;181;173m▀[0m[38;2;46;102;133m[48;2;189;181;173m▀[0m[38;2;46;102;133m[48;2;0;0;0m▀[0m[38;2;0;0;0m▀         
         [38;2;0;0;0m▀[38;2;59;115;146m[48;2;0;0;0m▀[0m[38;2;189;181;173m[48;2;0;0;0m▀[0m[38;2;0;0;0m▀           
                                     [0m                                     