          [38;2;0;0;0m▄[38;2;0;0;0m[48;2;198;136;53m▀[0m[38;2;0;0;0m[48;2;255;227;74m▀[0m[38;2;0;0;0m[48;2;255;227;74m▀[0m[38;2;0;0;0m▄        
         [38;2;0;0;0m[48;2;0;0;0m▀[0m[38;2;226;179;48m[48;2;255;227;74m▀[0m[38;2;255;227;74m[48;2;226;179;48m▀[0m[38;2;198;136;53m[48;2;198;136;53m▀[0m[38;2;255;227;74m[48;2;255;227;74m▀[0m[38;2;255;227;74m[48;2;255;227;74m▀[0m[38;2;0;0;0m[48;2;65;65;65m▀[0m[38;2;0;0;0m▄[38;2;0;0;0m▄[38;2;0;0;0m▄    
    [38;2;0;0;0m▄ [38;2;0;0;0m▄[38;2;0;0;0m[48;2;30;128;35m▀[0m[38;2;0;0;0m[48;2;65;65;65m▀[0m[38;2;226;179;48m[48;2;226;179;48m▀[0m[38;2;255;227;74m[48;2;226;179;48m▀[0m[38;2;198;136;53m[48;2;198;136;53m▀[0m[38;2;255;227;74m[48;2;226;179;48m▀[0m[38;2;255;227;74m[48;2;226;179;48m▀[0m[38;2;226;179;48m[48;2;226;179;48m▀[0m[38;2;226;179;48m[48;2;226;179;48m▀[0m[38;2;65;65;65m[48;2;65;65;65m▀[0m[38;2;60;158;65m[48;2;65;65;65m▀[0m[38;2;60;158;65m[48;2;0;0;0m▀[0m[38;2;0;0;0m▀   
   [38;2;0;0;0m[48;2;0;0;0m▀[0m[38;2;149;205;41m[48;2;149;205;41m▀[0m[38;2;65;65;65m[48;2;149;205;41m▀[0m[38;2;60;158;65m[48;2;65;65;65m▀[0m[38;2;60;158;65m[48;2;65;65;65m▀[0m[38;2;30;128;35m[48;2;60;158;65m▀[0m[38;2;65;65;65m[48;2;60;158;65m▀[0m[38;2;226;179;48m[48;2;65;65;65m▀[0m[38;2;198;136;53m[48;2;226;179;48m▀[0m[38;2;226;179;48m[48;2;226;179;48m▀[0m[38;2;226;179;48m[48;2;65;65;65m▀[0m[38;2;226;179;48m[48;2;65;65;65m▀[0m[38;2;65;65;65m[48;2;30;128;35m▀[0m[38;2;60;158;65m[48;2;30;128;35m▀[0m[38;2;98;193;18m[48;2;30;128;35m▀[0m[38;2;0;0;0m[48;2;98;193;18m▀[0m[38;2;0;0;0m[48;2;98;193;18m▀[0m[38;2;0;0;0m▄  
  [38;2;0;0;0m▄[38;2;0;0;0m[48;2;149;205;41m▀[0m[38;2;149;205;41m[48;2;149;205;41m▀[0m[38;2;149;205;41m[48;2;149;205;41m▀[0m[38;2;149;205;41m[48;2;66;122;3m▀[0m[38;2;109;156;17m[48;2;66;122;3m▀[0m[38;2;65;65;65m[48;2;66;122;3m▀[0m[38;2;65;65;65m[48;2;66;122;3m▀[0m[38;2;65;65;65m[48;2;109;156;17m▀[0m[38;2;65;65;65m[48;2;65;65;65m▀[0m[38;2;65;65;65m[48;2;65;65;65m▀[0m[38;2;98;193;18m[48;2;65;65;65m▀[0m[38;2;30;128;35m[48;2;60;158;65m▀[0m[38;2;98;193;18m[48;2;98;193;18m▀[0m[38;2;98;193;18m[48;2;30;128;35m▀[0m[38;2;30;128;35m[48;2;98;193;18m▀[0m[38;2;30;128;35m[48;2;98;193;18m▀[0m[38;2;30;128;35m[48;2;30;128;35m▀[0m[38;2;0;0;0m[48;2;98;193;18m▀[0m[38;2;0;0;0m▄ 
 [38;2;0;0;0m▄[38;2;0;0;0m[48;2;226;179;48m▀[0m[38;2;109;156;17m[48;2;66;122;3m▀[0m[38;2;149;205;41m[48;2;149;205;41m▀[0m[38;2;149;205;41m[48;2;66;122;3m▀[0m[38;2;149;205;41m[48;2;149;205;41m▀[0m[38;2;66;122;3m[48;2;149;205;41m▀[0m[38;2;66;122;3m[48;2;149;205;41m▀[0m[38;2;109;156;17m[48;2;149;205;41m▀[0m[38;2;149;205;41m[48;2;149;205;41m▀[0m[38;2;149;205;41m[48;2;149;205;41m▀[0m[38;2;149;205;41m[48;2;109;156;17m▀[0m[38;2;149;205;41m[48;2;65;65;65m▀[0m[38;2;65;65;65m[48;2;65;65;65m▀[0m[38;2;60;158;65m[48;2;65;65;65m▀[0m[38;2;30;128;35m[48;2;65;65;65m▀[0m[38;2;60;158;65m[48;2;65;65;65m▀[0m[38;2;30;128;35m[48;2;30;128;35m▀[0m[38;2;98;193;18m[48;2;60;158;65m▀[0m[38;2;30;128;35m[48;2;60;158;65m▀[0m[38;2;0;0;0m[48;2;0;0;0m▀[0m 
 [38;2;0;0;0m[48;2;0;0;0m▀[0m[38;2;226;179;48m[48;2;149;205;41m▀[0m[38;2;149;205;41m[48;2;149;205;41m▀[0m[38;2;149;205;41m[48;2;149;205;41m▀[0m[38;2;149;205;41m[48;2;149;205;41m▀[0m[38;2;149;205;41m[48;2;66;122;3m▀[0m[38;2;109;156;17m[48;2;149;205;41m▀[0m[38;2;149;205;41m[48;2;65;65;65m▀[0m[38;2;149;205;41m[48;2;0;0;0m▀[0m[38;2;149;205;41m[48;2;149;205;41m▀[0m[38;2;109;156;17m[48;2;149;205;41m▀[0m[38;2;65;65;65m[48;2;109;156;17m▀[0m[38;2;65;65;65m[48;2;109;156;17m▀[0m[38;2;109;156;17m[48;2;109;156;17m▀[0m[38;2;109;156;17m[48;2;65;65;65m▀[0m[38;2;109;156;17m[48;2;109;156;17m▀[0m[38;2;109;156;17m[48;2;66;122;3m▀[0m[38;2;65;65;65m[48;2;66;122;3m▀[0m[38;2;65;65;65m[48;2;109;156;17m▀[0m[38;2;65;65;65m[48;2;109;156;17m▀[0m[38;2;0;0;0m[48;2;0;0;0m▀[0m 
  [38;2;0;0;0m[48;2;0;0;0m▀[0m[38;2;149;205;41m[48;2;109;156;17m▀[0m[38;2;149;205;41m[48;2;149;205;41m▀[0m[38;2;149;205;41m[48;2;149;205;41m▀[0m[38;2;149;205;41m[48;2;0;0;0m▀[0m[38;2;0;0;0m[48;2;238;184;16m▀[0m[38;2;0;0;0m[48;2;238;184;16m▀[0m[38;2;255;255;255m[48;2;255;255;255m▀[0m[38;2;149;205;41m[48;2;109;156;17m▀[0m[38;2;109;156;17m[48;2;109;156;17m▀[0m[38;2;109;156;17m[48;2;109;156;17m▀[0m[38;2;66;122;3m[48;2;66;122;3m▀[0m[38;2;66;122;3m[48;2;66;122;3m▀[0m[38;2;109;156;17m[48;2;109;156;17m▀[0m[38;2;65;65;65m[48;2;0;0;0m▀[0m[38;2;109;156;17m[48;2;189;189;189m▀[0m[38;2;109;156;17m[48;2;109;156;17m▀[0m[38;2;109;156;17m[48;2;189;189;189m▀[0m[38;2;0;0;0m[48;2;0;0;0m▀[0m  
   [38;2;0;0;0m▀[38;2;0;0;0m▀[38;2;109;156;17m[48;2;0;0;0m▀[0m[38;2;109;156;17m[48;2;0;0;0m▀[0m[38;2;109;156;17m[48;2;65;65;65m▀[0m[38;2;109;156;17m[48;2;189;189;189m▀[0m[38;2;109;156;17m[48;2;0;0;0m▀[0m[38;2;109;156;17m[48;2;0;0;0m▀[0m[38;2;65;65;65m[48;2;109;156;17m▀[0m[38;2;109;156;17m[48;2;109;156;17m▀[0m[38;2;109;156;17m[48;2;109;156;17m▀[0m[38;2;109;156;17m[48;2;109;156;17m▀[0m[38;2;0;0;0m[48;2;0;0;0m▀[0m [38;2;0;0;0m▀[38;2;0;0;0m▀[38;2;0;0;0m▀   
       [38;2;0;0;0m▀[38;2;0;0;0m▀ [38;2;0;0;0m▀[38;2;255;255;255m[48;2;0;0;0m▀[0m[38;2;109;156;17m[48;2;0;0;0m▀[0m[38;2;255;255;255m[48;2;0;0;0m▀[0m[38;2;0;0;0m▀        
                                     [0m                                     