  [38;2;0;0;0m▄[38;2;0;0;0m[48;2;255;147;178m▀[0m[38;2;0;0;0m[48;2;255;147;178m▀[0m[38;2;0;0;0m▄[38;2;0;0;0m▄[38;2;0;0;0m[48;2;255;147;178m▀[0m[38;2;0;0;0m[48;2;255;147;178m▀[0m[38;2;0;0;0m[48;2;255;147;178m▀[0m[38;2;0;0;0m▄             
 [38;2;0;0;0m[48;2;0;0;0m▀[0m[38;2;255;147;178m[48;2;255;147;178m▀[0m[38;2;255;147;178m[48;2;255;147;178m▀[0m[38;2;255;147;178m[48;2;255;147;178m▀[0m[38;2;255;147;178m[48;2;255;147;178m▀[0m[38;2;255;147;178m[48;2;255;147;178m▀[0m[38;2;255;147;178m[48;2;255;147;178m▀[0m[38;2;255;147;178m[48;2;255;147;178m▀[0m[38;2;255;147;178m[48;2;255;147;178m▀[0m[38;2;255;147;178m[48;2;255;147;178m▀[0m[38;2;0;0;0m[48;2;0;0;0m▀[0m            
 [38;2;0;0;0m[48;2;0;0;0m▀[0m[38;2;255;147;178m[48;2;255;147;178m▀[0m[38;2;255;179;202m[48;2;255;179;202m▀[0m[38;2;255;179;202m[48;2;255;179;202m▀[0m[38;2;255;147;178m[48;2;255;179;202m▀[0m[38;2;255;179;202m[48;2;255;179;202m▀[0m[38;2;255;179;202m[48;2;255;179;202m▀[0m[38;2;255;147;178m[48;2;255;147;178m▀[0m[38;2;255;147;178m[48;2;255;147;178m▀[0m[38;2;255;147;178m[48;2;65;65;65m▀[0m[38;2;0;0;0m[48;2;0;0;0m▀[0m[38;2;0;0;0m▄     [38;2;0;0;0m▄[38;2;0;0;0m[48;2;190;80;112m▀[0m[38;2;0;0;0m[48;2;255;179;202m▀[0m[38;2;0;0;0m[48;2;190;80;112m▀[0m[38;2;0;0;0m▄ 
  [38;2;0;0;0m[48;2;0;0;0m▀[0m[38;2;255;179;202m[48;2;255;147;178m▀[0m[38;2;255;179;202m[48;2;255;179;202m▀[0m[38;2;255;179;202m[48;2;255;179;202m▀[0m[38;2;255;179;202m[48;2;255;179;202m▀[0m[38;2;255;179;202m[48;2;255;147;178m▀[0m[38;2;255;147;178m[48;2;255;147;178m▀[0m[38;2;255;147;178m[48;2;65;65;65m▀[0m[38;2;65;65;65m[48;2;236;233;97m▀[0m[38;2;236;233;97m[48;2;236;233;97m▀[0m[38;2;236;233;97m[48;2;0;0;0m▀[0m[38;2;0;0;0m▀    [38;2;0;0;0m[48;2;0;0;0m▀[0m[38;2;255;179;202m[48;2;190;80;112m▀[0m[38;2;255;179;202m[48;2;255;179;202m▀[0m[38;2;255;179;202m[48;2;190;80;112m▀[0m[38;2;0;0;0m[48;2;0;0;0m▀[0m 
   [38;2;0;0;0m[48;2;0;0;0m▀[0m[38;2;65;65;65m[48;2;236;233;97m▀[0m[38;2;255;179;202m[48;2;65;65;65m▀[0m[38;2;255;147;178m[48;2;65;65;65m▀[0m[38;2;65;65;65m[48;2;65;65;65m▀[0m[38;2;65;65;65m[48;2;0;0;0m▀[0m[38;2;65;65;65m[48;2;255;255;255m▀[0m[38;2;65;65;65m[48;2;255;255;255m▀[0m[38;2;188;185;49m[48;2;98;98;98m▀[0m[38;2;236;233;97m[48;2;236;233;97m▀[0m[38;2;0;0;0m[48;2;0;0;0m▀[0m    [38;2;0;0;0m▄[38;2;0;0;0m[48;2;188;185;49m▀[0m[38;2;188;185;49m[48;2;0;0;0m▀[0m[38;2;0;0;0m▀  
  [38;2;0;0;0m[48;2;0;0;0m▀[0m[38;2;236;233;97m[48;2;236;233;97m▀[0m[38;2;236;233;97m[48;2;98;98;98m▀[0m[38;2;236;233;97m[48;2;236;233;97m▀[0m[38;2;98;98;98m[48;2;236;233;97m▀[0m[38;2;255;255;255m[48;2;188;185;49m▀[0m[38;2;213;65;57m[48;2;255;255;255m▀[0m[38;2;255;255;255m[48;2;255;255;255m▀[0m[38;2;255;255;255m[48;2;236;233;97m▀[0m[38;2;188;185;49m[48;2;236;233;97m▀[0m[38;2;236;233;97m[48;2;0;0;0m▀[0m[38;2;0;0;0m▀ [38;2;0;0;0m▄[38;2;0;0;0m▄[38;2;0;0;0m[48;2;188;185;49m▀[0m[38;2;188;185;49m[48;2;188;185;49m▀[0m[38;2;188;185;49m[48;2;0;0;0m▀[0m[38;2;0;0;0m▀   
   [38;2;0;0;0m▀[38;2;236;233;97m[48;2;0;0;0m▀[0m[38;2;236;233;97m[48;2;0;0;0m▀[0m[38;2;236;233;97m[48;2;188;185;49m▀[0m[38;2;236;233;97m[48;2;236;233;97m▀[0m[38;2;236;233;97m[48;2;236;233;97m▀[0m[38;2;236;233;97m[48;2;236;233;97m▀[0m[38;2;236;233;97m[48;2;188;185;49m▀[0m[38;2;188;185;49m[48;2;188;185;49m▀[0m[38;2;0;0;0m[48;2;188;185;49m▀[0m[38;2;0;0;0m[48;2;236;233;97m▀[0m[38;2;0;0;0m[48;2;236;233;97m▀[0m[38;2;236;233;97m[48;2;65;65;65m▀[0m[38;2;236;233;97m[48;2;236;233;97m▀[0m[38;2;98;98;98m[48;2;255;179;202m▀[0m[38;2;188;185;49m[48;2;0;0;0m▀[0m[38;2;0;0;0m▀    
      [38;2;0;0;0m▀[38;2;0;0;0m[48;2;0;0;0m▀[0m[38;2;98;98;98m[48;2;255;255;255m▀[0m[38;2;98;98;98m[48;2;255;255;255m▀[0m[38;2;188;185;49m[48;2;98;98;98m▀[0m[38;2;188;185;49m[48;2;65;65;65m▀[0m[38;2;65;65;65m[48;2;236;233;97m▀[0m[38;2;236;233;97m[48;2;65;65;65m▀[0m[38;2;65;65;65m[48;2;65;65;65m▀[0m[38;2;236;233;97m[48;2;236;233;97m▀[0m[38;2;65;65;65m[48;2;236;233;97m▀[0m[38;2;0;0;0m[48;2;65;65;65m▀[0m[38;2;0;0;0m▄     
       [38;2;0;0;0m▄[38;2;0;0;0m[48;2;65;65;65m▀[0m[38;2;255;255;255m[48;2;65;65;65m▀[0m[38;2;98;98;98m[48;2;98;98;98m▀[0m[38;2;65;65;65m[48;2;98;98;98m▀[0m[38;2;236;233;97m[48;2;65;65;65m▀[0m[38;2;236;233;97m[48;2;255;179;202m▀[0m[38;2;65;65;65m[48;2;0;0;0m▀[0m[38;2;65;65;65m[48;2;0;0;0m▀[0m[38;2;255;179;202m[48;2;65;65;65m▀[0m[38;2;65;65;65m[48;2;65;65;65m▀[0m[38;2;0;0;0m[48;2;65;65;65m▀[0m[38;2;0;0;0m▄    
      [38;2;0;0;0m▄[38;2;0;0;0m[48;2;190;80;112m▀[0m[38;2;65;65;65m[48;2;65;65;65m▀[0m[38;2;0;0;0m[48;2;0;0;0m▀[0m[38;2;0;0;0m▀[38;2;98;98;98m[48;2;0;0;0m▀[0m[38;2;98;98;98m[48;2;98;98;98m▀[0m[38;2;0;0;0m[48;2;0;0;0m▀[0m [38;2;0;0;0m▄[38;2;0;0;0m[48;2;190;80;112m▀[0m[38;2;65;65;65m[48;2;190;80;112m▀[0m[38;2;65;65;65m[48;2;0;0;0m▀[0m[38;2;0;0;0m▀    
       [38;2;0;0;0m▀[38;2;0;0;0m▀ [38;2;0;0;0m▄[38;2;0;0;0m[48;2;255;147;178m▀[0m[38;2;98;98;98m[48;2;255;147;178m▀[0m[38;2;0;0;0m[48;2;0;0;0m▀[0m  [38;2;0;0;0m▀[38;2;0;0;0m▀      
                         [38;2;0;0;0m▀[38;2;0;0;0m▀                         
                                     [0m                                     