     [38;2;0;0;0m▄[38;2;0;0;0m[48;2;235;159;222m▀[0m[38;2;0;0;0m[48;2;235;159;222m▀[0m[38;2;0;0;0m[48;2;65;65;65m▀[0m[38;2;0;0;0m▄[38;2;0;0;0m▄[38;2;0;0;0m▄        
     [38;2;0;0;0m[48;2;0;0;0m▀[0m[38;2;235;159;222m[48;2;65;65;65m▀[0m[38;2;65;65;65m[48;2;255;205;249m▀[0m[38;2;255;205;249m[48;2;255;205;249m▀[0m[38;2;255;205;249m[48;2;255;205;249m▀[0m[38;2;255;205;249m[48;2;255;205;249m▀[0m[38;2;235;159;222m[48;2;255;205;249m▀[0m[38;2;0;0;0m[48;2;235;159;222m▀[0m[38;2;0;0;0m▄[38;2;0;0;0m▄[38;2;0;0;0m▄[38;2;0;0;0m▄[38;2;0;0;0m▄  
     [38;2;0;0;0m▄[38;2;0;0;0m[48;2;65;65;65m▀[0m[38;2;255;205;249m[48;2;255;205;249m▀[0m[38;2;255;205;249m[48;2;255;205;249m▀[0m[38;2;255;205;249m[48;2;213;104;192m▀[0m[38;2;235;159;222m[48;2;213;104;192m▀[0m[38;2;235;159;222m[48;2;235;159;222m▀[0m[38;2;235;159;222m[48;2;235;159;222m▀[0m[38;2;213;104;192m[48;2;255;205;249m▀[0m[38;2;235;159;222m[48;2;255;205;249m▀[0m[38;2;255;205;249m[48;2;255;205;249m▀[0m[38;2;255;205;249m[48;2;213;104;192m▀[0m[38;2;255;205;249m[48;2;65;65;65m▀[0m[38;2;0;0;0m[48;2;0;0;0m▀[0m 
    [38;2;0;0;0m[48;2;0;0;0m▀[0m[38;2;255;205;249m[48;2;45;218;75m▀[0m[38;2;255;255;255m[48;2;27;146;48m▀[0m[38;2;65;65;65m[48;2;255;205;249m▀[0m[38;2;235;159;222m[48;2;65;65;65m▀[0m[38;2;235;159;222m[48;2;65;65;65m▀[0m[38;2;65;65;65m[48;2;255;205;249m▀[0m[38;2;65;65;65m[48;2;255;205;249m▀[0m[38;2;255;205;249m[48;2;255;205;249m▀[0m[38;2;255;205;249m[48;2;255;205;249m▀[0m[38;2;255;205;249m[48;2;255;205;249m▀[0m[38;2;65;65;65m[48;2;213;104;192m▀[0m[38;2;65;65;65m[48;2;65;65;65m▀[0m[38;2;65;65;65m[48;2;0;0;0m▀[0m[38;2;0;0;0m▀ 
  [38;2;0;0;0m▄[38;2;0;0;0m[48;2;0;0;0m▀[0m[38;2;255;255;255m[48;2;255;255;255m▀[0m[38;2;27;146;48m[48;2;45;218;75m▀[0m[38;2;255;255;255m[48;2;27;146;48m▀[0m[38;2;255;205;249m[48;2;255;205;249m▀[0m[38;2;255;205;249m[48;2;255;205;249m▀[0m[38;2;255;205;249m[48;2;255;205;249m▀[0m[38;2;255;205;249m[48;2;255;205;249m▀[0m[38;2;255;205;249m[48;2;27;146;48m▀[0m[38;2;255;205;249m[48;2;45;218;75m▀[0m[38;2;255;205;249m[48;2;255;255;255m▀[0m[38;2;255;205;249m[48;2;255;205;249m▀[0m[38;2;255;205;249m[48;2;255;205;249m▀[0m[38;2;65;65;65m[48;2;235;159;222m▀[0m[38;2;0;0;0m[48;2;235;159;222m▀[0m[38;2;0;0;0m▄ 
 [38;2;0;0;0m▀[38;2;235;159;222m[48;2;0;0;0m▀[0m[38;2;65;65;65m[48;2;0;0;0m▀[0m[38;2;255;205;249m[48;2;235;159;222m▀[0m[38;2;255;255;255m[48;2;255;205;249m▀[0m[38;2;255;205;249m[48;2;65;65;65m▀[0m[38;2;255;205;249m[48;2;255;205;249m▀[0m[38;2;255;205;249m[48;2;255;205;249m▀[0m[38;2;255;205;249m[48;2;255;205;249m▀[0m[38;2;27;146;48m[48;2;45;218;75m▀[0m[38;2;255;255;255m[48;2;27;146;48m▀[0m[38;2;27;146;48m[48;2;45;218;75m▀[0m[38;2;45;218;75m[48;2;45;218;75m▀[0m[38;2;255;255;255m[48;2;255;255;255m▀[0m[38;2;235;159;222m[48;2;235;159;222m▀[0m[38;2;235;159;222m[48;2;235;159;222m▀[0m[38;2;235;159;222m[48;2;235;159;222m▀[0m[38;2;0;0;0m[48;2;0;0;0m▀[0m 
   [38;2;0;0;0m▀[38;2;65;65;65m[48;2;0;0;0m▀[0m[38;2;235;159;222m[48;2;235;159;222m▀[0m[38;2;255;205;249m[48;2;235;159;222m▀[0m[38;2;65;65;65m[48;2;235;159;222m▀[0m[38;2;65;65;65m[48;2;235;159;222m▀[0m[38;2;255;205;249m[48;2;235;159;222m▀[0m[38;2;255;255;255m[48;2;235;159;222m▀[0m[38;2;45;218;75m[48;2;255;255;255m▀[0m[38;2;45;218;75m[48;2;255;255;255m▀[0m[38;2;255;255;255m[48;2;255;255;255m▀[0m[38;2;255;255;255m[48;2;235;159;222m▀[0m[38;2;235;159;222m[48;2;235;159;222m▀[0m[38;2;235;159;222m[48;2;235;159;222m▀[0m[38;2;0;0;0m[48;2;0;0;0m▀[0m  
   [38;2;0;0;0m▄[38;2;0;0;0m[48;2;213;104;192m▀[0m[38;2;65;65;65m[48;2;213;104;192m▀[0m[38;2;235;159;222m[48;2;65;65;65m▀[0m[38;2;235;159;222m[48;2;235;159;222m▀[0m[38;2;235;159;222m[48;2;235;159;222m▀[0m[38;2;235;159;222m[48;2;65;65;65m▀[0m[38;2;213;104;192m[48;2;255;205;249m▀[0m[38;2;213;104;192m[48;2;255;205;249m▀[0m[38;2;235;159;222m[48;2;235;159;222m▀[0m[38;2;235;159;222m[48;2;235;159;222m▀[0m[38;2;235;159;222m[48;2;235;159;222m▀[0m[38;2;235;159;222m[48;2;0;0;0m▀[0m[38;2;0;0;0m▀   
    [38;2;0;0;0m▀[38;2;0;0;0m▀[38;2;0;0;0m▀[38;2;0;0;0m▀[38;2;0;0;0m▀[38;2;235;159;222m[48;2;0;0;0m▀[0m[38;2;65;65;65m[48;2;213;104;192m▀[0m[38;2;65;65;65m[48;2;213;104;192m▀[0m[38;2;235;159;222m[48;2;213;104;192m▀[0m[38;2;213;104;192m[48;2;235;159;222m▀[0m[38;2;0;0;0m[48;2;0;0;0m▀[0m     
          [38;2;0;0;0m▀[38;2;235;159;222m[48;2;0;0;0m▀[0m[38;2;235;159;222m[48;2;0;0;0m▀[0m[38;2;0;0;0m▀      
                                     [0m                                     