                [38;2;0;0;0m▄[38;2;0;0;0m[48;2;205;198;205m▀[0m[38;2;0;0;0m[48;2;137;132;137m▀[0m[38;2;0;0;0m▄      [38;2;0;0;0m▄[38;2;0;0;0m▄                  
                [38;2;0;0;0m[48;2;0;0;0m▀[0m[38;2;196;196;196m[48;2;137;137;137m▀[0m[38;2;255;255;255m[48;2;255;255;255m▀[0m[38;2;0;0;0m[48;2;0;0;0m▀[0m [38;2;0;0;0m▄[38;2;0;0;0m[48;2;244;146;100m▀[0m[38;2;0;0;0m▄ [38;2;0;4;0m[48;2;0;4;0m▀[0m[38;2;255;255;255m[48;2;127;129;127m▀[0m[38;2;137;132;137m[48;2;205;198;205m▀[0m[38;2;0;0;0m[48;2;0;0;0m▀[0m                 
                 [38;2;0;0;0m[48;2;0;0;0m▀[0m[38;2;205;198;205m[48;2;137;132;137m▀[0m[38;2;82;82;82m[48;2;246;246;246m▀[0m[38;2;0;0;0m[48;2;82;82;82m▀[0m[38;2;245;143;99m[48;2;245;143;99m▀[0m[38;2;245;143;99m[48;2;245;143;99m▀[0m[38;2;249;141;98m[48;2;249;141;98m▀[0m[38;2;0;8;16m[48;2;84;51;41m▀[0m[38;2;255;255;255m[48;2;136;136;136m▀[0m[38;2;136;136;136m[48;2;195;195;195m▀[0m[38;2;197;194;205m[48;2;0;0;0m▀[0m[38;2;0;0;0m▀                 
        [38;2;0;0;0m▄[38;2;0;0;0m▄[38;2;0;0;0m▄     [38;2;0;0;0m▄[38;2;0;12;24m[48;2;240;145;106m▀[0m[38;2;82;55;49m[48;2;82;55;49m▀[0m[38;2;255;255;255m[48;2;191;191;191m▀[0m[38;2;65;64;65m[48;2;65;64;65m▀[0m[38;2;236;134;90m[48;2;163;95;63m▀[0m[38;2;163;95;63m[48;2;253;250;248m▀[0m[38;2;65;68;65m[48;2;65;68;65m▀[0m[38;2;255;255;255m[48;2;128;130;128m▀[0m[38;2;153;114;94m[48;2;79;60;54m▀[0m[38;2;0;12;24m[48;2;247;157;118m▀[0m[38;2;0;0;0m▄                  
      [38;2;0;0;0m▄[38;2;8;4;8m[48;2;191;191;191m▀[0m[38;2;191;191;191m[48;2;130;130;130m▀[0m[38;2;150;148;142m[48;2;182;182;182m▀[0m[38;2;182;182;182m[48;2;150;148;142m▀[0m[38;2;0;0;0m[48;2;182;182;182m▀[0m[38;2;0;0;0m▄ [38;2;0;0;0m▄[38;2;0;0;0m[48;2;68;72;150m▀[0m[38;2;240;138;94m[48;2;42;44;48m▀[0m[38;2;244;146;100m[48;2;244;146;100m▀[0m[38;2;244;146;100m[48;2;65;64;65m▀[0m[38;2;73;68;65m[48;2;133;130;128m▀[0m[38;2;255;255;255m[48;2;194;192;191m▀[0m[38;2;197;196;197m[48;2;255;255;255m▀[0m[38;2;197;196;197m[48;2;139;137;139m▀[0m[38;2;255;255;255m[48;2;133;130;128m▀[0m[38;2;73;68;65m[48;2;255;255;255m▀[0m[38;2;245;143;99m[48;2;155;95;69m▀[0m[38;2;245;143;99m[48;2;244;146;100m▀[0m[38;2;246;160;122m[48;2;198;96;52m▀[0m[38;2;0;0;0m[48;2;246;160;122m▀[0m[38;2;0;0;0m▄   [38;2;0;0;0m▄[38;2;0;0;0m[48;2;182;182;182m▀[0m[38;2;0;0;0m[48;2;127;127;127m▀[0m[38;2;0;0;0m[48;2;191;191;191m▀[0m[38;2;0;0;0m▄        
      [38;2;0;0;0m▀[38;2;191;191;191m[48;2;8;4;8m▀[0m[38;2;191;191;191m[48;2;130;130;130m▀[0m[38;2;150;148;142m[48;2;182;182;182m▀[0m[38;2;182;182;182m[48;2;150;148;142m▀[0m[38;2;132;132;132m[48;2;132;132;132m▀[0m[38;2;8;4;8m[48;2;194;194;194m▀[0m[38;2;0;0;0m▄[38;2;0;0;0m▀[38;2;68;78;169m[48;2;6;4;3m▀[0m[38;2;35;39;86m[48;2;68;78;169m▀[0m[38;2;42;44;48m[48;2;42;44;48m▀[0m[38;2;135;131;135m[48;2;205;198;205m▀[0m[38;2;182;182;182m[48;2;137;136;135m▀[0m[38;2;137;136;135m[48;2;182;182;182m▀[0m[38;2;137;136;135m[48;2;182;182;182m▀[0m[38;2;182;182;182m[48;2;137;136;135m▀[0m[38;2;139;137;139m[48;2;197;196;197m▀[0m[38;2;255;255;255m[48;2;197;196;197m▀[0m[38;2;255;255;255m[48;2;42;44;48m▀[0m[38;2;42;44;48m[48;2;50;59;129m▀[0m[38;2;53;59;139m[48;2;53;59;139m▀[0m[38;2;39;43;102m[48;2;0;0;0m▀[0m[38;2;0;0;0m▀[38;2;0;0;0m▄[38;2;0;0;0m[48;2;191;191;191m▀[0m[38;2;0;0;0m[48;2;127;127;127m▀[0m[38;2;150;148;142m[48;2;182;182;182m▀[0m[38;2;150;148;142m[48;2;150;148;142m▀[0m[38;2;182;182;182m[48;2;150;148;142m▀[0m[38;2;150;148;142m[48;2;182;182;182m▀[0m[38;2;127;127;127m[48;2;191;191;191m▀[0m[38;2;0;0;0m[48;2;0;0;0m▀[0m       
        [38;2;0;0;0m▀[38;2;0;0;0m▀[38;2;182;182;182m[48;2;0;0;0m▀[0m[38;2;132;132;132m[48;2;8;4;8m▀[0m[38;2;132;132;132m[48;2;194;194;194m▀[0m[38;2;191;191;191m[48;2;130;130;130m▀[0m[38;2;8;4;8m[48;2;191;191;191m▀[0m[38;2;42;44;48m[48;2;42;44;48m▀[0m[38;2;68;78;169m[48;2;42;44;48m▀[0m[38;2;68;78;169m[48;2;68;78;169m▀[0m[38;2;42;44;48m[48;2;68;78;169m▀[0m[38;2;193;193;193m[48;2;42;44;48m▀[0m[38;2;130;130;130m[48;2;193;193;193m▀[0m[38;2;130;130;130m[48;2;193;193;193m▀[0m[38;2;193;193;193m[48;2;42;44;48m▀[0m[38;2;42;44;48m[48;2;35;39;91m▀[0m[38;2;42;44;48m[48;2;54;60;139m▀[0m[38;2;53;59;141m[48;2;53;59;141m▀[0m[38;2;53;59;141m[48;2;53;59;141m▀[0m[38;2;60;61;94m[48;2;42;44;48m▀[0m[38;2;42;44;48m[48;2;193;193;193m▀[0m[38;2;8;4;8m[48;2;191;191;191m▀[0m[38;2;191;191;191m[48;2;130;130;130m▀[0m[38;2;150;148;142m[48;2;150;148;142m▀[0m[38;2;150;148;142m[48;2;182;182;182m▀[0m[38;2;130;130;130m[48;2;191;191;191m▀[0m[38;2;191;191;191m[48;2;8;4;8m▀[0m[38;2;182;182;182m[48;2;0;0;0m▀[0m[38;2;0;0;0m▀[38;2;0;0;0m▀        
 [38;2;0;0;0m[48;2;0;0;0m▀[0m[38;2;0;0;0m[48;2;255;255;255m▀[0m[38;2;0;0;0m[48;2;255;255;255m▀[0m[38;2;0;0;0m▄[38;2;0;0;0m▄[38;2;0;0;0m▄     [38;2;0;0;0m▀[38;2;191;191;191m[48;2;0;0;0m▀[0m[38;2;127;127;127m[48;2;0;0;0m▀[0m[38;2;182;182;182m[48;2;143;143;143m▀[0m[38;2;42;44;48m[48;2;143;143;143m▀[0m[38;2;68;78;169m[48;2;42;44;48m▀[0m[38;2;68;78;169m[48;2;68;78;169m▀[0m[38;2;68;75;160m[48;2;42;44;48m▀[0m[38;2;42;44;48m[48;2;212;92;48m▀[0m[38;2;42;44;48m[48;2;65;64;65m▀[0m[38;2;53;59;139m[48;2;42;44;48m▀[0m[38;2;53;59;139m[48;2;53;59;139m▀[0m[38;2;53;59;139m[48;2;42;44;48m▀[0m[38;2;42;44;48m[48;2;182;182;182m▀[0m[38;2;42;44;48m[48;2;143;143;143m▀[0m[38;2;182;182;182m[48;2;150;148;142m▀[0m[38;2;150;148;142m[48;2;182;182;182m▀[0m[38;2;130;130;130m[48;2;191;191;191m▀[0m[38;2;191;191;191m[48;2;8;4;8m▀[0m[38;2;182;182;182m[48;2;0;0;0m▀[0m[38;2;0;0;0m▀[38;2;0;0;0m▀            
  [38;2;0;0;0m[48;2;0;0;0m▀[0m[38;2;255;255;255m[48;2;255;255;255m▀[0m[38;2;255;255;255m[48;2;255;255;255m▀[0m[38;2;255;255;255m[48;2;255;255;255m▀[0m[38;2;255;255;255m[48;2;255;255;255m▀[0m[38;2;0;0;0m[48;2;255;255;255m▀[0m[38;2;0;0;0m[48;2;255;255;255m▀[0m[38;2;0;0;0m[48;2;255;255;255m▀[0m[38;2;0;0;0m[48;2;255;255;255m▀[0m[38;2;0;0;0m▄[38;2;0;0;0m▄[38;2;0;0;0m▄[38;2;0;0;0m▄[38;2;0;0;24m[48;2;66;66;66m▀[0m[38;2;183;183;183m[48;2;66;66;66m▀[0m[38;2;143;143;143m[48;2;182;182;182m▀[0m[38;2;42;44;48m[48;2;143;143;143m▀[0m[38;2;251;131;87m[48;2;64;61;59m▀[0m[38;2;157;98;74m[48;2;157;98;74m▀[0m[38;2;255;159;123m[48;2;65;64;65m▀[0m[38;2;65;64;65m[48;2;200;180;153m▀[0m[38;2;42;44;48m[48;2;143;143;143m▀[0m[38;2;143;143;143m[48;2;182;182;182m▀[0m[38;2;143;143;143m[48;2;65;64;65m▀[0m[38;2;182;182;182m[48;2;65;64;65m▀[0m[38;2;65;64;65m[48;2;0;0;0m▀[0m[38;2;0;0;0m▀[38;2;0;0;0m▀                
   [38;2;0;0;0m[48;2;0;0;0m▀[0m[38;2;255;255;255m[48;2;255;255;255m▀[0m[38;2;255;255;255m[48;2;255;255;255m▀[0m[38;2;255;255;255m[48;2;255;255;255m▀[0m[38;2;255;255;255m[48;2;255;255;255m▀[0m[38;2;255;255;255m[48;2;255;255;255m▀[0m[38;2;255;255;255m[48;2;255;255;255m▀[0m[38;2;255;255;255m[48;2;255;255;255m▀[0m[38;2;255;255;255m[48;2;255;255;255m▀[0m[38;2;255;255;255m[48;2;255;255;255m▀[0m[38;2;135;135;135m[48;2;135;135;135m▀[0m[38;2;172;172;172m[48;2;246;246;246m▀[0m[38;2;255;255;255m[48;2;182;182;182m▀[0m[38;2;182;182;182m[48;2;255;255;255m▀[0m[38;2;65;64;65m[48;2;182;182;182m▀[0m[38;2;65;64;65m[48;2;65;64;65m▀[0m[38;2;65;64;74m[48;2;186;186;186m▀[0m[38;2;65;64;74m[48;2;127;127;127m▀[0m[38;2;65;65;65m[48;2;234;234;234m▀[0m[38;2;65;65;65m[48;2;178;178;178m▀[0m[38;2;65;64;65m[48;2;255;255;255m▀[0m[38;2;65;64;65m[48;2;65;64;65m▀[0m[38;2;197;194;205m[48;2;65;64;68m▀[0m[38;2;0;0;0m[48;2;65;64;68m▀[0m[38;2;0;0;0m▄[38;2;0;0;0m▄[38;2;0;0;0m▄[38;2;0;0;0m▄[38;2;0;0;0m▄[38;2;0;0;0m▄[38;2;0;0;0m▄[38;2;0;0;0m▄[38;2;0;0;0m▄[38;2;0;0;0m▄[38;2;0;0;0m▄[38;2;0;0;0m[48;2;197;194;205m▀[0m[38;2;0;4;8m[48;2;255;255;255m▀[0m[38;2;0;4;8m[48;2;169;171;172m▀[0m[38;2;0;4;8m[48;2;255;255;255m▀[0m[38;2;0;4;8m[48;2;169;171;172m▀[0m[38;2;0;0;0m[48;2;255;255;255m▀[0m[38;2;0;0;0m[48;2;0;0;0m▀[0m 
    [38;2;0;0;0m▀[38;2;0;0;0m▀[38;2;0;0;0m▀[38;2;0;0;0m▀[38;2;0;0;0m▀[38;2;0;0;0m▀[38;2;0;0;0m▀[38;2;0;0;0m▀[38;2;0;0;0m▀[38;2;0;0;0m▀[38;2;0;0;0m▀[38;2;0;0;0m▀[38;2;182;182;182m[48;2;0;0;0m▀[0m[38;2;255;255;255m[48;2;65;64;65m▀[0m[38;2;65;64;65m[48;2;65;64;65m▀[0m[38;2;186;186;186m[48;2;65;64;74m▀[0m[38;2;127;127;127m[48;2;65;64;74m▀[0m[38;2;178;178;178m[48;2;65;65;65m▀[0m[38;2;234;234;234m[48;2;65;65;65m▀[0m[38;2;180;180;180m[48;2;71;70;68m▀[0m[38;2;234;234;234m[48;2;71;70;68m▀[0m[38;2;182;182;182m[48;2;255;255;255m▀[0m[38;2;255;255;255m[48;2;182;182;182m▀[0m[38;2;172;172;172m[48;2;246;246;246m▀[0m[38;2;135;135;135m[48;2;135;135;135m▀[0m[38;2;255;255;255m[48;2;255;255;255m▀[0m[38;2;255;255;255m[48;2;255;255;255m▀[0m[38;2;255;255;255m[48;2;255;255;255m▀[0m[38;2;255;255;255m[48;2;255;255;255m▀[0m[38;2;255;255;255m[48;2;255;255;255m▀[0m[38;2;255;255;255m[48;2;200;195;208m▀[0m[38;2;255;255;255m[48;2;255;255;255m▀[0m[38;2;255;255;255m[48;2;200;195;208m▀[0m[38;2;200;195;208m[48;2;255;255;255m▀[0m[38;2;255;255;255m[48;2;200;195;208m▀[0m[38;2;200;195;208m[48;2;255;255;255m▀[0m[38;2;255;255;255m[48;2;200;195;208m▀[0m[38;2;200;195;208m[48;2;255;255;255m▀[0m[38;2;255;255;255m[48;2;200;195;208m▀[0m[38;2;0;0;0m[48;2;0;0;0m▀[0m  
                [38;2;0;0;0m▄[38;2;32;4;0m[48;2;255;255;255m▀[0m[38;2;106;87;84m[48;2;255;255;255m▀[0m[38;2;244;146;100m[48;2;155;95;69m▀[0m[38;2;155;95;69m[48;2;155;95;69m▀[0m[38;2;192;129;106m[48;2;175;97;65m▀[0m[38;2;175;97;65m[48;2;135;127;162m▀[0m[38;2;53;59;141m[48;2;132;128;159m▀[0m[38;2;53;59;141m[48;2;155;90;67m▀[0m[38;2;65;64;65m[48;2;0;0;0m▀[0m[38;2;0;0;0m▀[38;2;0;0;0m▀[38;2;0;0;0m▀[38;2;0;0;0m▀[38;2;0;0;0m▀[38;2;255;255;255m[48;2;0;0;0m▀[0m[38;2;255;255;255m[48;2;0;0;0m▀[0m[38;2;169;171;172m[48;2;0;4;8m▀[0m[38;2;255;255;255m[48;2;0;4;8m▀[0m[38;2;200;195;208m[48;2;255;255;255m▀[0m[38;2;255;255;255m[48;2;200;195;208m▀[0m[38;2;200;195;208m[48;2;255;255;255m▀[0m[38;2;255;255;255m[48;2;200;195;208m▀[0m[38;2;255;255;255m[48;2;255;255;255m▀[0m[38;2;255;255;255m[48;2;200;195;208m▀[0m[38;2;255;255;255m[48;2;255;255;255m▀[0m[38;2;0;0;0m[48;2;0;0;0m▀[0m   
              [38;2;0;0;0m▄[38;2;8;8;8m[48;2;255;255;255m▀[0m[38;2;172;172;172m[48;2;255;255;255m▀[0m[38;2;200;195;208m[48;2;200;195;208m▀[0m[38;2;255;255;255m[48;2;200;195;208m▀[0m[38;2;180;171;169m[48;2;106;87;84m▀[0m[38;2;255;255;255m[48;2;32;4;0m▀[0m[38;2;200;195;208m[48;2;255;255;255m▀[0m[38;2;255;255;255m[48;2;255;255;255m▀[0m[38;2;255;255;255m[48;2;255;255;255m▀[0m[38;2;155;90;67m[48;2;255;255;255m▀[0m[38;2;242;135;95m[48;2;161;92;65m▀[0m[38;2;0;0;0m[48;2;161;92;65m▀[0m[38;2;0;0;0m▄       [38;2;0;0;0m▀[38;2;0;0;0m▀[38;2;0;0;0m▀[38;2;255;255;255m[48;2;0;0;0m▀[0m[38;2;169;171;172m[48;2;0;4;8m▀[0m[38;2;255;255;255m[48;2;0;4;8m▀[0m[38;2;0;0;0m▀    
              [38;2;0;0;0m[48;2;0;0;0m▀[0m[38;2;255;255;255m[48;2;135;135;135m▀[0m[38;2;255;255;255m[48;2;255;255;255m▀[0m[38;2;253;250;248m[48;2;163;95;63m▀[0m[38;2;163;95;63m[48;2;193;147;125m▀[0m[38;2;0;0;0m[48;2;0;0;0m▀[0m [38;2;0;4;8m[48;2;0;4;8m▀[0m[38;2;255;255;255m[48;2;169;171;172m▀[0m[38;2;255;255;255m[48;2;200;195;208m▀[0m[38;2;200;195;208m[48;2;200;195;208m▀[0m[38;2;163;95;63m[48;2;253;250;248m▀[0m[38;2;193;147;125m[48;2;163;95;63m▀[0m[38;2;0;0;0m[48;2;0;0;0m▀[0m                  
              [38;2;0;0;0m[48;2;0;0;0m▀[0m[38;2;200;194;208m[48;2;200;194;208m▀[0m[38;2;136;136;136m[48;2;200;194;208m▀[0m[38;2;155;90;67m[48;2;0;0;0m▀[0m[38;2;0;0;0m▀   [38;2;0;0;0m[48;2;0;0;0m▀[0m[38;2;200;195;208m[48;2;255;255;255m▀[0m[38;2;255;255;255m[48;2;255;255;255m▀[0m[38;2;255;255;255m[48;2;196;196;196m▀[0m[38;2;255;255;255m[48;2;137;137;137m▀[0m[38;2;0;0;0m[48;2;0;0;0m▀[0m                  
             [38;2;0;4;0m[48;2;0;4;0m▀[0m[38;2;127;129;127m[48;2;255;255;255m▀[0m[38;2;136;136;136m[48;2;0;0;0m▀[0m[38;2;0;0;0m▀      [38;2;0;0;0m▀[38;2;136;136;136m[48;2;0;0;0m▀[0m[38;2;200;194;208m[48;2;200;194;208m▀[0m[38;2;200;194;208m[48;2;200;194;208m▀[0m[38;2;0;0;0m[48;2;136;136;136m▀[0m[38;2;0;0;0m▄                 
             [38;2;0;0;0m▀[38;2;255;255;255m[48;2;0;0;0m▀[0m[38;2;0;0;0m▀         [38;2;0;4;0m[48;2;0;4;0m▀[0m[38;2;127;129;127m[48;2;255;255;255m▀[0m[38;2;255;255;255m[48;2;255;255;255m▀[0m[38;2;0;0;0m[48;2;0;0;0m▀[0m                 
                          [38;2;0;0;0m[48;2;0;0;0m▀[0m[38;2;255;255;255m[48;2;255;255;255m▀[0m[38;2;0;0;0m[48;2;0;0;0m▀[0m                 
                                    [38;2;0;0;0m▀                            
                                     [0m                                     