     [38;2;0;0;0m[48;2;0;0;0m▀[0m[38;2;0;0;0m[48;2;250;234;144m▀[0m[38;2;0;0;0m▄[38;2;0;0;0m[48;2;106;164;82m▀[0m[38;2;0;0;0m▄[38;2;0;0;0m[48;2;250;234;144m▀[0m[38;2;0;0;0m▄[38;2;0;0;0m[48;2;250;234;144m▀[0m[38;2;0;0;0m▄        
     [38;2;0;0;0m[48;2;0;0;0m▀[0m[38;2;250;234;144m[48;2;141;210;93m▀[0m[38;2;106;164;82m[48;2;106;164;82m▀[0m[38;2;106;164;82m[48;2;106;164;82m▀[0m[38;2;65;65;65m[48;2;65;65;65m▀[0m[38;2;250;234;144m[48;2;250;234;144m▀[0m[38;2;250;234;144m[48;2;106;164;82m▀[0m[38;2;250;234;144m[48;2;230;192;88m▀[0m[38;2;0;0;0m[48;2;230;192;88m▀[0m[38;2;0;0;0m[48;2;230;192;88m▀[0m[38;2;0;0;0m▄      
    [38;2;0;0;0m▄[38;2;0;0;0m[48;2;250;234;144m▀[0m[38;2;141;210;93m[48;2;141;210;93m▀[0m[38;2;141;210;93m[48;2;250;234;144m▀[0m[38;2;65;65;65m[48;2;250;234;144m▀[0m[38;2;250;234;144m[48;2;250;234;144m▀[0m[38;2;141;210;93m[48;2;250;234;144m▀[0m[38;2;106;164;82m[48;2;106;164;82m▀[0m[38;2;106;164;82m[48;2;106;164;82m▀[0m[38;2;230;192;88m[48;2;230;192;88m▀[0m[38;2;0;0;0m[48;2;230;192;88m▀[0m[38;2;0;0;0m▄      
   [38;2;0;0;0m▄[38;2;0;0;0m[48;2;141;210;93m▀[0m[38;2;250;234;144m[48;2;250;234;144m▀[0m[38;2;250;234;144m[48;2;141;210;93m▀[0m[38;2;141;210;93m[48;2;141;210;93m▀[0m[38;2;141;210;93m[48;2;141;210;93m▀[0m[38;2;250;234;144m[48;2;250;234;144m▀[0m[38;2;141;210;93m[48;2;0;0;0m▀[0m[38;2;250;234;144m[48;2;230;192;88m▀[0m[38;2;106;164;82m[48;2;106;164;82m▀[0m[38;2;230;192;88m[48;2;0;0;0m▀[0m[38;2;0;0;0m▀       
  [38;2;0;0;0m[48;2;0;0;0m▀[0m[38;2;65;65;65m[48;2;230;192;88m▀[0m[38;2;250;234;144m[48;2;65;65;65m▀[0m[38;2;250;234;144m[48;2;65;65;65m▀[0m[38;2;250;234;144m[48;2;65;65;65m▀[0m[38;2;141;210;93m[48;2;250;234;144m▀[0m[38;2;106;164;82m[48;2;250;234;144m▀[0m[38;2;230;192;88m[48;2;106;164;82m▀[0m[38;2;106;164;82m[48;2;230;192;88m▀[0m[38;2;230;192;88m[48;2;230;192;88m▀[0m[38;2;106;164;82m[48;2;0;0;0m▀[0m[38;2;0;0;0m▀ [38;2;0;0;0m▄[38;2;0;0;0m▄[38;2;0;0;0m▄[38;2;0;0;0m▄   
  [38;2;0;0;0m▄[38;2;0;0;0m[48;2;0;0;0m▀[0m[38;2;230;192;88m[48;2;65;65;65m▀[0m[38;2;230;192;88m[48;2;65;65;65m▀[0m[38;2;230;192;88m[48;2;106;164;82m▀[0m[38;2;65;65;65m[48;2;230;192;88m▀[0m[38;2;65;65;65m[48;2;230;192;88m▀[0m[38;2;250;234;144m[48;2;106;164;82m▀[0m[38;2;106;164;82m[48;2;106;164;82m▀[0m[38;2;106;164;82m[48;2;65;65;65m▀[0m[38;2;0;0;0m[48;2;106;164;82m▀[0m[38;2;0;0;0m▄[38;2;0;0;0m[48;2;65;65;65m▀[0m[38;2;65;65;65m[48;2;141;210;93m▀[0m[38;2;141;210;93m[48;2;106;164;82m▀[0m[38;2;141;210;93m[48;2;66;124;65m▀[0m[38;2;65;65;65m[48;2;141;210;93m▀[0m[38;2;0;0;0m[48;2;0;0;0m▀[0m  
 [38;2;0;0;0m▀[38;2;230;192;88m[48;2;0;0;0m▀[0m[38;2;106;164;82m[48;2;0;0;0m▀[0m[38;2;106;164;82m[48;2;0;0;0m▀[0m[38;2;0;0;0m▀[38;2;0;0;0m▀[38;2;65;65;65m[48;2;0;0;0m▀[0m[38;2;65;65;65m[48;2;141;210;93m▀[0m[38;2;106;164;82m[48;2;141;210;93m▀[0m[38;2;106;164;82m[48;2;65;65;65m▀[0m[38;2;106;164;82m[48;2;141;210;93m▀[0m[38;2;141;210;93m[48;2;141;210;93m▀[0m[38;2;141;210;93m[48;2;106;164;82m▀[0m[38;2;65;65;65m[48;2;65;65;65m▀[0m[38;2;141;210;93m[48;2;141;210;93m▀[0m[38;2;66;124;65m[48;2;141;210;93m▀[0m[38;2;141;210;93m[48;2;141;210;93m▀[0m[38;2;66;124;65m[48;2;66;124;65m▀[0m[38;2;141;210;93m[48;2;141;210;93m▀[0m[38;2;0;0;0m[48;2;0;0;0m▀[0m 
      [38;2;0;0;0m▄[38;2;0;0;0m[48;2;106;164;82m▀[0m[38;2;82;99;218m[48;2;82;99;218m▀[0m[38;2;65;65;65m[48;2;82;99;218m▀[0m[38;2;250;234;144m[48;2;65;65;65m▀[0m[38;2;250;234;144m[48;2;65;65;65m▀[0m[38;2;65;65;65m[48;2;141;210;93m▀[0m[38;2;65;65;65m[48;2;106;164;82m▀[0m[38;2;106;164;82m[48;2;65;65;65m▀[0m[38;2;106;164;82m[48;2;66;124;65m▀[0m[38;2;141;210;93m[48;2;66;124;65m▀[0m[38;2;66;124;65m[48;2;106;164;82m▀[0m[38;2;141;210;93m[48;2;106;164;82m▀[0m[38;2;0;0;0m[48;2;0;0;0m▀[0m  
      [38;2;0;0;0m▀[38;2;106;164;82m[48;2;0;0;0m▀[0m[38;2;65;65;65m[48;2;0;0;0m▀[0m[38;2;106;164;82m[48;2;0;0;0m▀[0m[38;2;106;164;82m[48;2;65;65;65m▀[0m[38;2;141;210;93m[48;2;141;210;93m▀[0m[38;2;141;210;93m[48;2;141;210;93m▀[0m[38;2;141;210;93m[48;2;65;65;65m▀[0m[38;2;65;65;65m[48;2;0;0;0m▀[0m[38;2;106;164;82m[48;2;0;0;0m▀[0m[38;2;106;164;82m[48;2;0;0;0m▀[0m[38;2;0;0;0m▀[38;2;0;0;0m▀   
          [38;2;0;0;0m▀[38;2;250;234;144m[48;2;0;0;0m▀[0m[38;2;250;234;144m[48;2;0;0;0m▀[0m[38;2;0;0;0m▀        
                                     [0m                                     