                [38;2;0;0;0m▄[38;2;0;0;0m[48;2;255;180;115m▀[0m[38;2;0;0;0m▄                  
           [38;2;0;0;0m▄[38;2;0;0;0m▄[38;2;0;0;0m[48;2;255;132;66m▀[0m[38;2;0;0;0m[48;2;255;132;66m▀[0m[38;2;0;0;0m[48;2;255;149;82m▀[0m[38;2;255;149;82m[48;2;255;149;82m▀[0m[38;2;255;162;99m[48;2;177;106;58m▀[0m[38;2;0;0;0m[48;2;0;0;0m▀[0m                  
   [38;2;0;0;0m▄[38;2;0;0;0m[48;2;255;180;115m▀[0m[38;2;0;0;0m▄ [38;2;0;0;0m▄[38;2;0;0;0m[48;2;255;180;115m▀[0m[38;2;0;0;0m▄[38;2;0;0;0m[48;2;255;132;66m▀[0m[38;2;255;134;66m[48;2;255;134;66m▀[0m[38;2;255;134;66m[48;2;255;134;66m▀[0m[38;2;255;134;66m[48;2;255;134;66m▀[0m[38;2;255;134;66m[48;2;255;134;66m▀[0m[38;2;192;80;22m[48;2;255;132;66m▀[0m[38;2;192;80;22m[48;2;255;132;66m▀[0m[38;2;255;132;66m[48;2;179;83;34m▀[0m[38;2;255;132;66m[48;2;0;0;0m▀[0m[38;2;0;0;0m▀                 
   [38;2;0;0;0m[48;2;0;0;0m▀[0m[38;2;255;180;115m[48;2;255;180;115m▀[0m[38;2;255;180;115m[48;2;255;180;115m▀[0m[38;2;0;0;0m[48;2;255;180;115m▀[0m[38;2;255;180;115m[48;2;192;80;22m▀[0m[38;2;255;180;115m[48;2;255;180;115m▀[0m[38;2;0;0;0m[48;2;255;149;82m▀[0m[38;2;255;149;82m[48;2;255;149;82m▀[0m[38;2;255;134;66m[48;2;255;134;66m▀[0m[38;2;255;134;66m[48;2;255;134;66m▀[0m[38;2;255;134;66m[48;2;255;134;66m▀[0m[38;2;255;134;66m[48;2;255;134;66m▀[0m[38;2;255;134;66m[48;2;255;134;66m▀[0m[38;2;255;134;66m[48;2;255;134;66m▀[0m[38;2;255;134;66m[48;2;255;134;66m▀[0m[38;2;255;134;66m[48;2;255;134;66m▀[0m[38;2;0;0;0m[48;2;255;132;66m▀[0m[38;2;0;0;0m[48;2;255;132;66m▀[0m[38;2;0;0;0m▄               
  [38;2;0;0;0m[48;2;0;0;0m▀[0m[38;2;255;180;115m[48;2;255;180;115m▀[0m[38;2;192;80;22m[48;2;255;180;115m▀[0m[38;2;255;178;115m[48;2;255;132;66m▀[0m[38;2;255;178;115m[48;2;255;178;115m▀[0m[38;2;255;178;115m[48;2;255;178;115m▀[0m[38;2;255;178;115m[48;2;255;178;115m▀[0m[38;2;255;178;115m[48;2;255;178;115m▀[0m[38;2;255;178;115m[48;2;255;178;115m▀[0m[38;2;255;178;115m[48;2;255;178;115m▀[0m[38;2;255;178;115m[48;2;255;178;115m▀[0m[38;2;255;132;66m[48;2;255;178;115m▀[0m[38;2;255;132;66m[48;2;255;178;115m▀[0m[38;2;255;134;66m[48;2;255;134;66m▀[0m[38;2;255;134;66m[48;2;255;134;66m▀[0m[38;2;255;132;66m[48;2;66;65;66m▀[0m[38;2;255;132;66m[48;2;66;65;66m▀[0m[38;2;227;92;28m[48;2;66;65;66m▀[0m[38;2;227;92;28m[48;2;227;92;28m▀[0m[38;2;0;0;0m[48;2;227;92;28m▀[0m[38;2;0;0;0m▄              
  [38;2;0;0;0m▄[38;2;0;0;8m[48;2;137;105;112m▀[0m[38;2;206;158;165m[48;2;0;0;8m▀[0m[38;2;255;178;115m[48;2;255;132;66m▀[0m[38;2;255;178;115m[48;2;255;132;66m▀[0m[38;2;255;134;66m[48;2;255;134;66m▀[0m[38;2;255;134;66m[48;2;255;134;66m▀[0m[38;2;255;134;66m[48;2;255;134;66m▀[0m[38;2;255;134;66m[48;2;255;134;66m▀[0m[38;2;255;134;66m[48;2;255;134;66m▀[0m[38;2;255;134;66m[48;2;255;134;66m▀[0m[38;2;255;180;115m[48;2;66;65;66m▀[0m[38;2;255;180;115m[48;2;66;65;66m▀[0m[38;2;66;65;66m[48;2;66;150;189m▀[0m[38;2;66;65;66m[48;2;66;150;189m▀[0m[38;2;65;148;189m[48;2;73;106;172m▀[0m[38;2;65;148;189m[48;2;73;106;172m▀[0m[38;2;66;146;198m[48;2;66;117;156m▀[0m[38;2;66;60;74m[48;2;66;146;198m▀[0m[38;2;41;73;90m[48;2;74;146;181m▀[0m[38;2;8;0;0m[48;2;8;0;0m▀[0m              
 [38;2;0;0;0m[48;2;0;0;0m▀[0m[38;2;255;255;165m[48;2;255;255;165m▀[0m[38;2;0;16;16m[48;2;85;44;35m▀[0m[38;2;255;134;74m[48;2;255;134;74m▀[0m[38;2;255;134;66m[48;2;255;134;66m▀[0m[38;2;255;134;66m[48;2;255;134;66m▀[0m[38;2;255;134;66m[48;2;255;134;66m▀[0m[38;2;255;134;66m[48;2;255;134;66m▀[0m[38;2;255;134;66m[48;2;255;134;66m▀[0m[38;2;255;134;66m[48;2;255;134;66m▀[0m[38;2;253;108;26m[48;2;95;95;107m▀[0m[38;2;95;95;107m[48;2;24;105;140m▀[0m[38;2;65;148;189m[48;2;73;106;172m▀[0m[38;2;65;148;189m[48;2;73;106;172m▀[0m[38;2;66;65;66m[48;2;66;65;66m▀[0m[38;2;74;105;173m[48;2;74;105;173m▀[0m[38;2;74;105;173m[48;2;74;105;173m▀[0m[38;2;74;105;173m[48;2;66;65;66m▀[0m[38;2;66;65;66m[48;2;74;105;173m▀[0m[38;2;74;105;173m[48;2;74;105;173m▀[0m[38;2;74;105;173m[48;2;66;65;66m▀[0m[38;2;74;105;173m[48;2;74;105;173m▀[0m[38;2;0;0;0m[48;2;74;105;173m▀[0m[38;2;0;0;0m▄            
 [38;2;0;0;0m▀[38;2;255;255;165m[48;2;0;0;0m▀[0m[38;2;255;255;165m[48;2;255;255;165m▀[0m[38;2;66;65;66m[48;2;66;65;66m▀[0m[38;2;255;132;66m[48;2;217;95;32m▀[0m[38;2;255;132;66m[48;2;192;80;22m▀[0m[38;2;192;80;22m[48;2;255;132;66m▀[0m[38;2;255;132;66m[48;2;192;80;22m▀[0m[38;2;253;108;26m[48;2;95;95;107m▀[0m[38;2;95;95;107m[48;2;24;105;140m▀[0m[38;2;66;65;66m[48;2;66;65;66m▀[0m[38;2;74;105;173m[48;2;74;105;173m▀[0m[38;2;74;105;173m[48;2;66;65;66m▀[0m[38;2;74;105;173m[48;2;66;65;66m▀[0m[38;2;79;109;170m[48;2;23;68;65m▀[0m[38;2;79;109;170m[48;2;8;4;0m▀[0m[38;2;0;0;0m▀[38;2;66;67;66m[48;2;0;0;0m▀[0m[38;2;66;65;66m[48;2;227;92;28m▀[0m[38;2;66;65;66m[48;2;227;92;28m▀[0m[38;2;93;78;96m[48;2;211;84;11m▀[0m[38;2;41;89;132m[48;2;93;78;96m▀[0m[38;2;79;109;170m[48;2;43;56;85m▀[0m[38;2;79;109;170m[48;2;8;4;0m▀[0m[38;2;0;0;0m▀ [38;2;0;0;0m[48;2;0;0;0m▀[0m[38;2;0;0;0m[48;2;0;181;110m▀[0m[38;2;0;0;0m[48;2;0;181;110m▀[0m[38;2;0;0;0m[48;2;0;181;110m▀[0m[38;2;0;0;0m▄     
  [38;2;0;0;0m▀[38;2;255;255;165m[48;2;0;0;0m▀[0m[38;2;255;255;165m[48;2;255;255;165m▀[0m[38;2;82;48;49m[48;2;255;239;148m▀[0m[38;2;139;111;82m[48;2;82;48;49m▀[0m[38;2;255;132;66m[48;2;255;132;66m▀[0m[38;2;66;65;66m[48;2;66;65;66m▀[0m[38;2;74;105;173m[48;2;74;105;173m▀[0m[38;2;74;105;173m[48;2;0;0;0m▀[0m[38;2;66;65;66m[48;2;255;255;247m▀[0m[38;2;66;65;66m[48;2;192;191;186m▀[0m[38;2;222;190;107m[48;2;41;125;122m▀[0m[38;2;41;125;122m[48;2;41;125;122m▀[0m[38;2;0;181;110m[48;2;0;181;110m▀[0m[38;2;0;0;0m[48;2;0;0;0m▀[0m  [38;2;0;0;0m[48;2;0;0;0m▀[0m[38;2;210;87;21m[48;2;210;87;21m▀[0m[38;2;73;50;39m[48;2;0;28;33m▀[0m[38;2;225;105;45m[48;2;73;50;39m▀[0m[38;2;0;0;0m[48;2;66;67;66m▀[0m[38;2;0;0;0m▄[38;2;0;0;0m▄ [38;2;0;0;0m▀[38;2;0;181;110m[48;2;0;0;0m▀[0m[38;2;0;181;114m[48;2;24;228;105m▀[0m[38;2;0;181;114m[48;2;0;181;114m▀[0m[38;2;0;181;110m[48;2;0;181;110m▀[0m[38;2;0;0;0m[48;2;0;0;0m▀[0m [38;2;0;0;0m▄  
    [38;2;0;0;0m▀[38;2;175;171;110m[48;2;16;4;0m▀[0m[38;2;255;255;165m[48;2;255;255;165m▀[0m[38;2;41;56;99m[48;2;247;251;173m▀[0m[38;2;109;121;123m[48;2;247;251;173m▀[0m[38;2;208;197;123m[48;2;255;247;156m▀[0m[38;2;115;97;57m[48;2;115;97;57m▀[0m[38;2;16;8;0m[48;2;95;90;85m▀[0m[38;2;255;255;255m[48;2;255;255;255m▀[0m[38;2;214;211;123m[48;2;0;181;136m▀[0m[38;2;0;181;136m[48;2;88;157;118m▀[0m[38;2;0;181;110m[48;2;0;0;0m▀[0m[38;2;0;0;0m▀ [38;2;0;0;0m[48;2;0;0;0m▀[0m[38;2;227;92;28m[48;2;0;0;0m▀[0m[38;2;0;0;0m▀[38;2;0;0;0m▄[38;2;0;0;0m[48;2;0;181;110m▀[0m[38;2;27;226;105m[48;2;27;226;105m▀[0m[38;2;27;226;105m[48;2;179;255;196m▀[0m[38;2;24;228;105m[48;2;24;228;105m▀[0m[38;2;0;0;0m[48;2;24;228;105m▀[0m[38;2;0;0;0m▄[38;2;0;0;0m[48;2;24;228;105m▀[0m[38;2;27;226;105m[48;2;179;255;196m▀[0m[38;2;27;226;105m[48;2;27;226;105m▀[0m[38;2;0;181;114m[48;2;0;181;114m▀[0m[38;2;0;181;114m[48;2;0;181;114m▀[0m[38;2;0;0;0m[48;2;0;181;110m▀[0m[38;2;0;181;110m[48;2;0;181;110m▀[0m[38;2;0;0;0m[48;2;0;0;0m▀[0m 
    [38;2;0;0;0m[48;2;0;0;0m▀[0m[38;2;255;255;165m[48;2;255;255;165m▀[0m[38;2;255;255;165m[48;2;255;255;165m▀[0m[38;2;255;255;165m[48;2;255;133;65m▀[0m[38;2;255;255;165m[48;2;255;255;165m▀[0m[38;2;255;251;156m[48;2;208;199;120m▀[0m[38;2;255;251;156m[48;2;115;97;49m▀[0m[38;2;255;243;123m[48;2;197;195;134m▀[0m[38;2;197;195;134m[48;2;46;144;142m▀[0m[38;2;6;152;83m[48;2;6;237;136m▀[0m[38;2;6;237;136m[48;2;0;0;8m▀[0m[38;2;0;0;0m▀[38;2;0;0;0m▄[38;2;0;0;0m▄[38;2;0;0;0m▄ [38;2;0;0;0m[48;2;0;0;0m▀[0m[38;2;0;181;110m[48;2;66;65;66m▀[0m[38;2;0;181;110m[48;2;0;181;110m▀[0m[38;2;3;154;76m[48;2;0;0;0m▀[0m[38;2;0;247;130m[48;2;0;0;0m▀[0m[38;2;24;228;105m[48;2;0;181;114m▀[0m[38;2;24;228;105m[48;2;0;181;114m▀[0m[38;2;27;226;105m[48;2;27;226;105m▀[0m[38;2;179;255;196m[48;2;27;226;105m▀[0m[38;2;24;228;105m[48;2;24;228;105m▀[0m[38;2;24;228;105m[48;2;0;181;114m▀[0m[38;2;0;181;114m[48;2;0;181;114m▀[0m[38;2;0;181;114m[48;2;0;181;114m▀[0m[38;2;0;181;110m[48;2;0;181;110m▀[0m[38;2;0;181;110m[48;2;0;0;0m▀[0m[38;2;0;0;0m▀ 
     [38;2;0;0;0m▀[38;2;222;190;107m[48;2;0;0;0m▀[0m[38;2;222;190;107m[48;2;0;0;0m▀[0m[38;2;222;190;107m[48;2;0;0;0m▀[0m[38;2;222;190;107m[48;2;0;0;0m▀[0m[38;2;0;0;0m▀[38;2;24;65;42m[48;2;16;0;0m▀[0m[38;2;0;247;130m[48;2;22;154;81m▀[0m[38;2;24;228;106m[48;2;24;228;106m▀[0m[38;2;24;228;106m[48;2;24;228;106m▀[0m[38;2;0;0;8m[48;2;6;237;136m▀[0m[38;2;6;237;136m[48;2;6;152;83m▀[0m[38;2;97;177;146m[48;2;0;181;149m▀[0m[38;2;0;181;149m[48;2;247;255;181m▀[0m[38;2;0;0;0m[48;2;255;255;165m▀[0m[38;2;255;255;165m[48;2;255;255;165m▀[0m[38;2;255;255;165m[48;2;255;255;165m▀[0m[38;2;0;0;0m[48;2;255;255;165m▀[0m[38;2;0;0;0m▄ [38;2;0;0;0m[48;2;0;0;0m▀[0m[38;2;0;181;110m[48;2;0;181;110m▀[0m[38;2;0;181;114m[48;2;0;181;114m▀[0m[38;2;0;181;114m[48;2;0;181;114m▀[0m[38;2;0;181;114m[48;2;0;181;114m▀[0m[38;2;0;181;114m[48;2;0;181;114m▀[0m[38;2;0;181;114m[48;2;0;181;114m▀[0m[38;2;0;181;114m[48;2;0;181;114m▀[0m[38;2;0;181;110m[48;2;0;0;0m▀[0m[38;2;0;0;0m▀  
          [38;2;0;0;0m▄[38;2;16;8;0m[48;2;175;172;110m▀[0m[38;2;95;90;55m[48;2;255;255;165m▀[0m[38;2;24;228;105m[48;2;17;164;154m▀[0m[38;2;24;228;105m[48;2;24;228;105m▀[0m[38;2;0;181;149m[48;2;97;177;146m▀[0m[38;2;247;255;181m[48;2;0;181;149m▀[0m[38;2;255;255;165m[48;2;255;255;165m▀[0m[38;2;255;255;165m[48;2;0;0;0m▀[0m[38;2;255;255;165m[48;2;16;4;0m▀[0m[38;2;175;171;110m[48;2;255;255;165m▀[0m[38;2;255;255;165m[48;2;255;255;165m▀[0m[38;2;255;255;165m[48;2;255;255;165m▀[0m[38;2;0;0;0m[48;2;0;0;0m▀[0m  [38;2;0;0;0m▀[38;2;0;181;110m[48;2;0;0;0m▀[0m[38;2;0;181;110m[48;2;0;0;0m▀[0m[38;2;0;181;110m[48;2;0;0;0m▀[0m[38;2;0;181;110m[48;2;0;0;0m▀[0m[38;2;0;0;0m▀[38;2;0;0;0m▀    
         [38;2;0;0;0m▄[38;2;0;0;0m[48;2;0;181;110m▀[0m[38;2;8;170;141m[48;2;8;170;141m▀[0m[38;2;222;190;107m[48;2;8;170;141m▀[0m[38;2;0;164;141m[48;2;0;184;131m▀[0m[38;2;24;228;105m[48;2;24;228;105m▀[0m[38;2;24;228;105m[48;2;24;228;105m▀[0m[38;2;17;164;154m[48;2;24;228;105m▀[0m[38;2;0;0;0m[48;2;0;0;0m▀[0m  [38;2;0;0;0m[48;2;0;0;0m▀[0m[38;2;255;255;165m[48;2;255;255;165m▀[0m[38;2;255;255;165m[48;2;255;255;165m▀[0m[38;2;0;0;0m[48;2;222;190;107m▀[0m[38;2;0;0;0m▄            
         [38;2;0;0;0m▀[38;2;0;181;110m[48;2;0;0;0m▀[0m[38;2;66;65;66m[48;2;66;65;66m▀[0m[38;2;0;181;110m[48;2;0;181;110m▀[0m[38;2;0;181;110m[48;2;66;65;66m▀[0m[38;2;0;181;110m[48;2;66;65;66m▀[0m[38;2;24;228;105m[48;2;24;228;105m▀[0m[38;2;66;65;66m[48;2;66;65;66m▀[0m[38;2;0;0;0m[48;2;0;0;0m▀[0m   [38;2;0;0;0m[48;2;0;0;0m▀[0m[38;2;222;190;107m[48;2;222;190;107m▀[0m[38;2;222;189;107m[48;2;222;189;107m▀[0m[38;2;222;189;107m[48;2;222;189;107m▀[0m[38;2;0;0;0m[48;2;0;0;0m▀[0m           
         [38;2;0;0;0m▄[38;2;0;0;0m[48;2;222;190;107m▀[0m[38;2;222;190;107m[48;2;222;190;107m▀[0m[38;2;74;87;117m[48;2;74;87;117m▀[0m[38;2;115;99;57m[48;2;115;99;57m▀[0m[38;2;222;190;107m[48;2;222;190;107m▀[0m[38;2;66;65;66m[48;2;222;190;107m▀[0m[38;2;222;190;107m[48;2;222;190;107m▀[0m[38;2;0;0;0m[48;2;0;0;0m▀[0m   [38;2;0;0;8m[48;2;0;0;8m▀[0m[38;2;189;182;156m[48;2;126;121;106m▀[0m[38;2;222;190;107m[48;2;74;130;181m▀[0m[38;2;222;190;107m[48;2;74;130;181m▀[0m[38;2;74;105;173m[48;2;74;105;173m▀[0m[38;2;0;0;0m[48;2;0;0;0m▀[0m          
         [38;2;0;0;0m▀[38;2;74;105;173m[48;2;0;0;0m▀[0m[38;2;84;112;164m[48;2;8;4;0m▀[0m[38;2;46;58;82m[48;2;8;4;0m▀[0m[38;2;222;190;107m[48;2;74;130;181m▀[0m[38;2;222;190;107m[48;2;74;130;181m▀[0m[38;2;173;178;173m[48;2;115;118;126m▀[0m[38;2;115;118;126m[48;2;0;0;33m▀[0m[38;2;0;0;0m▀    [38;2;0;0;0m▀[38;2;0;0;0m▀[38;2;0;0;0m▀[38;2;0;0;0m▀           
              [38;2;0;0;0m▀[38;2;0;0;0m▀[38;2;0;0;0m▀                      
                                     [0m                                     