         [38;2;0;0;0m▄[38;2;0;0;0m[48;2;111;54;142m▀[0m[38;2;0;0;0m[48;2;168;82;213m▀[0m[38;2;0;0;0m▄    [38;2;0;0;0m▄[38;2;0;0;0m▄             
         [38;2;0;0;0m[48;2;0;0;0m▀[0m[38;2;157;79;202m[48;2;157;79;202m▀[0m[38;2;157;79;202m[48;2;157;79;202m▀[0m[38;2;0;0;0m[48;2;65;64;65m▀[0m[38;2;0;0;0m▄[38;2;0;0;0m▄ [38;2;0;0;0m[48;2;0;0;0m▀[0m[38;2;126;82;169m[48;2;191;123;255m▀[0m[38;2;199;123;255m[48;2;199;123;255m▀[0m[38;2;0;0;0m[48;2;0;0;0m▀[0m   [38;2;0;0;0m▄[38;2;0;0;0m▄       
         [38;2;0;0;0m▀[38;2;163;82;205m[48;2;0;0;0m▀[0m[38;2;163;82;205m[48;2;163;82;205m▀[0m[38;2;163;82;205m[48;2;163;82;205m▀[0m[38;2;163;82;205m[48;2;65;64;65m▀[0m[38;2;163;82;205m[48;2;0;0;0m▀[0m[38;2;0;0;0m[48;2;163;82;205m▀[0m[38;2;65;64;65m[48;2;65;64;65m▀[0m[38;2;199;123;255m[48;2;199;123;255m▀[0m[38;2;193;115;255m[48;2;193;115;255m▀[0m[38;2;60;57;65m[48;2;147;95;191m▀[0m[38;2;0;0;0m[48;2;163;82;205m▀[0m[38;2;0;0;0m▄[38;2;16;8;0m[48;2;163;82;205m▀[0m[38;2;163;82;205m[48;2;57;38;68m▀[0m[38;2;163;82;205m[48;2;0;0;0m▀[0m[38;2;0;0;0m▀      
          [38;2;0;0;0m[48;2;0;0;0m▀[0m[38;2;163;82;205m[48;2;163;82;205m▀[0m[38;2;163;82;205m[48;2;163;82;205m▀[0m[38;2;0;0;0m[48;2;0;0;0m▀[0m [38;2;0;0;0m[48;2;0;0;0m▀[0m[38;2;199;123;255m[48;2;199;123;255m▀[0m[38;2;199;123;255m[48;2;199;123;255m▀[0m[38;2;65;64;65m[48;2;0;0;0m▀[0m[38;2;0;0;0m▀[38;2;163;82;205m[48;2;0;0;0m▀[0m[38;2;163;82;205m[48;2;0;0;0m▀[0m[38;2;65;64;65m[48;2;0;0;0m▀[0m[38;2;0;0;0m▀        
          [38;2;0;0;0m[48;2;0;0;0m▀[0m[38;2;126;82;169m[48;2;191;123;255m▀[0m[38;2;199;123;255m[48;2;209;155;247m▀[0m[38;2;199;123;255m[48;2;209;155;247m▀[0m[38;2;0;0;0m[48;2;199;123;255m▀[0m[38;2;199;123;255m[48;2;199;123;255m▀[0m[38;2;199;123;255m[48;2;199;123;255m▀[0m[38;2;199;123;255m[48;2;199;123;255m▀[0m[38;2;0;0;0m[48;2;199;123;255m▀[0m[38;2;0;0;0m▄   [38;2;0;0;0m▄[38;2;0;0;0m▄       
        [38;2;0;0;0m▄[38;2;0;0;0m[48;2;199;123;255m▀[0m[38;2;199;123;255m[48;2;199;123;255m▀[0m[38;2;209;155;247m[48;2;199;123;255m▀[0m[38;2;208;155;246m[48;2;208;155;246m▀[0m[38;2;208;155;246m[48;2;208;155;246m▀[0m[38;2;209;155;247m[48;2;199;123;255m▀[0m[38;2;199;123;255m[48;2;199;123;255m▀[0m[38;2;199;123;255m[48;2;199;123;255m▀[0m[38;2;199;123;255m[48;2;199;123;255m▀[0m[38;2;199;123;255m[48;2;199;123;255m▀[0m[38;2;199;123;255m[48;2;137;57;164m▀[0m[38;2;0;0;0m[48;2;199;123;255m▀[0m[38;2;0;0;0m[48;2;199;123;255m▀[0m[38;2;0;0;0m[48;2;199;123;255m▀[0m[38;2;199;123;255m[48;2;199;123;255m▀[0m[38;2;0;0;0m[48;2;0;0;0m▀[0m [38;2;0;0;0m▄[38;2;0;0;0m▄    
       [38;2;0;0;0m▄[38;2;0;0;8m[48;2;138;82;172m▀[0m[38;2;203;123;255m[48;2;203;123;255m▀[0m[38;2;199;123;255m[48;2;199;123;255m▀[0m[38;2;199;123;255m[48;2;199;123;255m▀[0m[38;2;199;123;255m[48;2;164;78;189m▀[0m[38;2;199;123;255m[48;2;199;123;255m▀[0m[38;2;199;123;255m[48;2;65;64;65m▀[0m[38;2;199;123;255m[48;2;65;64;65m▀[0m[38;2;199;123;255m[48;2;255;255;255m▀[0m[38;2;199;123;255m[48;2;199;123;255m▀[0m[38;2;137;57;164m[48;2;137;57;164m▀[0m[38;2;199;123;255m[48;2;199;123;255m▀[0m[38;2;199;123;255m[48;2;199;123;255m▀[0m[38;2;199;123;255m[48;2;199;123;255m▀[0m[38;2;199;123;255m[48;2;199;123;255m▀[0m[38;2;199;123;255m[48;2;65;64;65m▀[0m[38;2;195;123;255m[48;2;68;46;84m▀[0m[38;2;8;0;0m[48;2;130;84;169m▀[0m[38;2;163;82;205m[48;2;163;82;205m▀[0m[38;2;163;82;205m[48;2;65;64;65m▀[0m[38;2;0;0;0m[48;2;65;64;65m▀[0m[38;2;0;0;0m▄  
  [38;2;0;0;0m▄[38;2;0;0;0m▄[38;2;0;0;0m▄[38;2;0;0;0m[48;2;199;123;255m▀[0m[38;2;0;0;0m[48;2;199;123;255m▀[0m[38;2;199;123;255m[48;2;199;123;255m▀[0m[38;2;199;123;255m[48;2;199;123;255m▀[0m[38;2;199;123;255m[48;2;199;123;255m▀[0m[38;2;199;123;255m[48;2;199;123;255m▀[0m[38;2;164;78;189m[48;2;199;123;255m▀[0m[38;2;194;131;246m[48;2;69;49;82m▀[0m[38;2;8;0;0m[48;2;8;0;0m▀[0m[38;2;255;97;90m[48;2;189;93;109m▀[0m[38;2;189;93;109m[48;2;136;49;172m▀[0m[38;2;248;246;255m[48;2;136;49;172m▀[0m[38;2;136;49;172m[48;2;199;123;255m▀[0m[38;2;199;123;255m[48;2;199;123;255m▀[0m[38;2;199;123;255m[48;2;154;79;200m▀[0m[38;2;199;123;255m[48;2;0;0;0m▀[0m[38;2;0;0;0m▀[38;2;0;0;0m▀[38;2;65;64;65m[48;2;0;0;0m▀[0m[38;2;163;82;205m[48;2;163;82;205m▀[0m[38;2;65;64;65m[48;2;65;64;65m▀[0m[38;2;65;64;65m[48;2;163;82;205m▀[0m[38;2;65;64;65m[48;2;163;82;205m▀[0m[38;2;163;82;205m[48;2;0;0;0m▀[0m[38;2;163;82;205m[48;2;0;0;0m▀[0m[38;2;0;0;0m▀ 
 [38;2;0;0;0m[48;2;0;0;0m▀[0m[38;2;203;139;255m[48;2;137;57;164m▀[0m[38;2;203;139;255m[48;2;203;139;255m▀[0m[38;2;187;134;238m[48;2;206;164;255m▀[0m[38;2;187;134;238m[48;2;152;74;205m▀[0m[38;2;199;123;255m[48;2;154;79;200m▀[0m[38;2;199;123;255m[48;2;154;79;200m▀[0m[38;2;199;123;255m[48;2;154;79;200m▀[0m[38;2;154;79;200m[48;2;154;79;200m▀[0m[38;2;157;79;202m[48;2;157;79;202m▀[0m[38;2;157;79;202m[48;2;157;79;202m▀[0m[38;2;163;82;205m[48;2;65;64;65m▀[0m[38;2;163;82;205m[48;2;65;64;65m▀[0m[38;2;157;79;202m[48;2;157;79;202m▀[0m[38;2;157;79;202m[48;2;157;79;202m▀[0m[38;2;199;123;255m[48;2;154;79;200m▀[0m[38;2;199;123;255m[48;2;154;79;200m▀[0m[38;2;163;82;205m[48;2;163;82;205m▀[0m[38;2;163;82;205m[48;2;0;0;0m▀[0m[38;2;79;79;82m[48;2;248;223;255m▀[0m[38;2;0;0;0m[48;2;248;223;255m▀[0m[38;2;0;0;0m[48;2;247;215;255m▀[0m[38;2;78;76;82m[48;2;78;76;82m▀[0m[38;2;163;82;205m[48;2;65;64;65m▀[0m[38;2;163;82;205m[48;2;65;64;65m▀[0m[38;2;65;64;65m[48;2;0;0;0m▀[0m[38;2;0;0;0m▀    
  [38;2;0;0;0m▀[38;2;137;57;164m[48;2;0;0;0m▀[0m[38;2;163;82;205m[48;2;0;0;0m▀[0m[38;2;163;82;205m[48;2;0;0;0m▀[0m[38;2;0;0;0m▀[38;2;0;0;0m▀[38;2;0;0;0m▀[38;2;163;82;205m[48;2;0;0;0m▀[0m[38;2;163;82;205m[48;2;0;0;0m▀[0m[38;2;0;0;0m▀[38;2;163;82;205m[48;2;0;0;0m▀[0m[38;2;163;82;205m[48;2;0;0;0m▀[0m[38;2;65;64;65m[48;2;65;64;65m▀[0m[38;2;65;64;65m[48;2;163;82;205m▀[0m[38;2;154;79;202m[48;2;154;79;202m▀[0m[38;2;137;57;164m[48;2;154;79;202m▀[0m[38;2;0;0;0m[48;2;0;0;0m▀[0m [38;2;0;0;0m▀[38;2;248;223;255m[48;2;0;0;0m▀[0m[38;2;248;223;255m[48;2;65;64;65m▀[0m[38;2;248;223;255m[48;2;65;64;65m▀[0m[38;2;69;65;74m[48;2;215;181;223m▀[0m[38;2;215;181;223m[48;2;172;138;180m▀[0m[38;2;199;165;207m[48;2;199;165;207m▀[0m[38;2;0;0;0m[48;2;0;0;0m▀[0m    
             [38;2;0;0;0m▄[38;2;6;0;8m[48;2;191;123;255m▀[0m[38;2;128;82;172m[48;2;128;82;172m▀[0m[38;2;157;79;202m[48;2;157;79;202m▀[0m[38;2;157;79;202m[48;2;157;79;202m▀[0m[38;2;131;82;172m[48;2;195;123;255m▀[0m[38;2;6;0;8m[48;2;195;123;255m▀[0m[38;2;16;8;0m[48;2;57;38;68m▀[0m[38;2;163;82;205m[48;2;163;82;205m▀[0m[38;2;65;64;65m[48;2;65;64;65m▀[0m[38;2;213;179;221m[48;2;171;137;179m▀[0m[38;2;179;145;187m[48;2;212;178;220m▀[0m[38;2;212;178;220m[48;2;212;178;220m▀[0m[38;2;212;178;220m[48;2;0;0;0m▀[0m[38;2;0;0;0m▀    
            [38;2;0;0;0m▄[38;2;0;0;0m[48;2;199;123;255m▀[0m[38;2;199;123;255m[48;2;139;108;84m▀[0m[38;2;199;123;255m[48;2;139;108;84m▀[0m[38;2;199;123;255m[48;2;199;123;255m▀[0m[38;2;199;123;255m[48;2;199;123;255m▀[0m[38;2;199;123;255m[48;2;199;123;255m▀[0m[38;2;199;123;255m[48;2;199;123;255m▀[0m[38;2;199;123;255m[48;2;199;123;255m▀[0m[38;2;65;64;65m[48;2;199;123;255m▀[0m[38;2;65;64;65m[48;2;65;64;65m▀[0m[38;2;212;178;220m[48;2;65;64;65m▀[0m[38;2;212;178;220m[48;2;71;57;74m▀[0m[38;2;71;57;74m[48;2;163;82;205m▀[0m[38;2;0;0;0m[48;2;163;82;205m▀[0m[38;2;0;0;0m▄    
            [38;2;0;0;0m[48;2;0;0;0m▀[0m[38;2;156;112;74m[48;2;156;112;74m▀[0m[38;2;255;155;65m[48;2;165;119;68m▀[0m[38;2;255;155;65m[48;2;165;119;68m▀[0m[38;2;145;113;77m[48;2;145;113;77m▀[0m[38;2;199;123;255m[48;2;145;113;77m▀[0m[38;2;199;123;255m[48;2;199;123;255m▀[0m[38;2;199;123;255m[48;2;137;57;164m▀[0m[38;2;195;123;255m[48;2;133;57;164m▀[0m[38;2;133;57;164m[48;2;153;79;194m▀[0m[38;2;65;64;65m[48;2;163;82;205m▀[0m[38;2;163;82;205m[48;2;65;64;65m▀[0m[38;2;163;82;205m[48;2;0;0;0m▀[0m[38;2;0;0;0m▀[38;2;0;0;0m▀[38;2;163;82;205m[48;2;0;0;0m▀[0m[38;2;0;0;0m[48;2;0;0;0m▀[0m   
             [38;2;0;0;0m[48;2;0;0;0m▀[0m[38;2;255;155;65m[48;2;165;119;68m▀[0m[38;2;255;155;65m[48;2;165;119;68m▀[0m[38;2;255;155;65m[48;2;174;120;68m▀[0m[38;2;123;113;82m[48;2;174;120;68m▀[0m[38;2;163;82;205m[48;2;142;107;84m▀[0m[38;2;163;82;205m[48;2;163;82;205m▀[0m[38;2;137;57;164m[48;2;154;79;202m▀[0m[38;2;154;79;202m[48;2;154;79;202m▀[0m[38;2;163;82;205m[48;2;111;54;139m▀[0m[38;2;0;0;8m[48;2;163;82;205m▀[0m[38;2;0;0;0m▄       
              [38;2;0;0;0m▀[38;2;0;0;0m▀[38;2;201;157;78m[48;2;0;3;16m▀[0m[38;2;201;157;78m[48;2;65;56;38m▀[0m[38;2;201;157;78m[48;2;86;65;45m▀[0m[38;2;86;65;45m[48;2;199;123;255m▀[0m[38;2;65;64;65m[48;2;196;115;255m▀[0m[38;2;152;98;191m[48;2;65;64;65m▀[0m[38;2;157;79;202m[48;2;157;79;202m▀[0m[38;2;157;79;202m[48;2;157;79;202m▀[0m[38;2;0;0;0m[48;2;0;0;0m▀[0m       
                 [38;2;0;0;0m[48;2;0;0;0m▀[0m[38;2;199;123;255m[48;2;199;123;255m▀[0m[38;2;199;123;255m[48;2;199;123;255m▀[0m[38;2;190;106;255m[48;2;115;68;139m▀[0m[38;2;63;49;82m[48;2;153;87;197m▀[0m[38;2;163;82;205m[48;2;163;82;205m▀[0m[38;2;0;0;0m[48;2;0;0;0m▀[0m        
                  [38;2;0;0;0m▀[38;2;163;82;205m[48;2;0;0;0m▀[0m[38;2;163;82;205m[48;2;0;0;0m▀[0m[38;2;163;82;205m[48;2;0;0;0m▀[0m[38;2;0;0;0m▀         
                                     [0m                                     