  [38;2;0;0;0m▄[38;2;0;0;0m▄ [38;2;0;0;0m▄[38;2;0;0;0m[48;2;230;215;150m▀[0m[38;2;0;0;0m[48;2;230;215;150m▀[0m[38;2;0;0;0m[48;2;172;157;92m▀[0m[38;2;0;0;0m▄   [38;2;0;0;0m▄[38;2;0;0;0m▄ [38;2;0;0;0m▄[38;2;0;0;0m[48;2;197;182;117m▀[0m[38;2;0;0;0m[48;2;197;182;117m▀[0m[38;2;0;0;0m[48;2;197;182;117m▀[0m[38;2;0;0;0m[48;2;136;121;56m▀[0m[38;2;0;0;0m▄       
 [38;2;0;0;0m[48;2;0;0;0m▀[0m[38;2;230;215;150m[48;2;230;215;150m▀[0m[38;2;230;215;150m[48;2;197;182;117m▀[0m[38;2;0;0;0m[48;2;255;255;255m▀[0m[38;2;172;157;92m[48;2;115;115;115m▀[0m[38;2;230;215;150m[48;2;115;115;115m▀[0m[38;2;230;215;150m[48;2;172;157;92m▀[0m[38;2;172;157;92m[48;2;230;215;150m▀[0m[38;2;0;0;0m[48;2;172;157;92m▀[0m[38;2;0;0;0m▄[38;2;0;0;0m▄[38;2;0;0;0m[48;2;197;182;117m▀[0m[38;2;197;182;117m[48;2;197;182;117m▀[0m[38;2;136;121;56m[48;2;197;182;117m▀[0m[38;2;0;0;0m[48;2;197;182;117m▀[0m[38;2;65;65;65m[48;2;197;182;117m▀[0m[38;2;197;182;117m[48;2;197;182;117m▀[0m[38;2;197;182;117m[48;2;197;182;117m▀[0m[38;2;197;182;117m[48;2;197;182;117m▀[0m[38;2;136;121;56m[48;2;197;182;117m▀[0m[38;2;0;0;0m[48;2;136;121;56m▀[0m[38;2;0;0;0m▄[38;2;0;0;0m[48;2;197;182;117m▀[0m[38;2;0;0;0m[48;2;136;121;56m▀[0m[38;2;0;0;0m▄   
  [38;2;0;0;0m[48;2;0;0;0m▀[0m[38;2;255;255;255m[48;2;197;182;117m▀[0m[38;2;0;0;0m[48;2;255;255;255m▀[0m[38;2;115;115;115m[48;2;73;183;1m▀[0m[38;2;115;115;115m[48;2;108;244;19m▀[0m[38;2;115;115;115m[48;2;115;115;115m▀[0m[38;2;172;157;92m[48;2;239;239;239m▀[0m[38;2;230;215;150m[48;2;197;182;117m▀[0m[38;2;230;215;150m[48;2;230;215;150m▀[0m[38;2;65;65;65m[48;2;65;65;65m▀[0m[38;2;197;182;117m[48;2;65;65;65m▀[0m[38;2;0;0;0m[48;2;0;0;0m▀[0m[38;2;0;0;0m[48;2;65;65;65m▀[0m[38;2;65;65;65m[48;2;230;215;150m▀[0m[38;2;65;65;65m[48;2;230;215;150m▀[0m[38;2;65;65;65m[48;2;172;157;92m▀[0m[38;2;136;121;56m[48;2;65;65;65m▀[0m[38;2;197;182;117m[48;2;136;121;56m▀[0m[38;2;197;182;117m[48;2;136;121;56m▀[0m[38;2;197;182;117m[48;2;197;182;117m▀[0m[38;2;197;182;117m[48;2;197;182;117m▀[0m[38;2;197;182;117m[48;2;197;182;117m▀[0m[38;2;197;182;117m[48;2;197;182;117m▀[0m[38;2;136;121;56m[48;2;136;121;56m▀[0m[38;2;0;0;0m[48;2;0;0;0m▀[0m  
 [38;2;0;0;0m[48;2;0;0;0m▀[0m[38;2;230;215;150m[48;2;230;215;150m▀[0m[38;2;230;215;150m[48;2;230;215;150m▀[0m[38;2;65;65;65m[48;2;115;115;115m▀[0m[38;2;73;183;1m[48;2;65;65;65m▀[0m[38;2;73;183;1m[48;2;65;65;65m▀[0m[38;2;65;65;65m[48;2;115;115;115m▀[0m[38;2;197;182;117m[48;2;115;115;115m▀[0m[38;2;239;239;239m[48;2;230;215;150m▀[0m[38;2;65;65;65m[48;2;65;65;65m▀[0m[38;2;230;215;150m[48;2;230;215;150m▀[0m[38;2;230;215;150m[48;2;230;215;150m▀[0m[38;2;65;65;65m[48;2;230;215;150m▀[0m[38;2;172;157;92m[48;2;230;215;150m▀[0m[38;2;230;215;150m[48;2;230;215;150m▀[0m[38;2;230;215;150m[48;2;230;215;150m▀[0m[38;2;172;157;92m[48;2;230;215;150m▀[0m[38;2;65;65;65m[48;2;172;157;92m▀[0m[38;2;197;182;117m[48;2;65;65;65m▀[0m[38;2;197;182;117m[48;2;65;65;65m▀[0m[38;2;136;121;56m[48;2;197;182;117m▀[0m[38;2;197;182;117m[48;2;136;121;56m▀[0m[38;2;197;182;117m[48;2;197;182;117m▀[0m[38;2;136;121;56m[48;2;136;121;56m▀[0m[38;2;0;0;0m[48;2;0;0;0m▀[0m[38;2;0;0;0m▄  
  [38;2;0;0;0m▀[38;2;0;0;0m▀[38;2;230;215;150m[48;2;0;0;0m▀[0m[38;2;115;115;115m[48;2;230;215;150m▀[0m[38;2;0;0;0m[48;2;230;215;150m▀[0m[38;2;115;115;115m[48;2;172;157;92m▀[0m[38;2;230;215;150m[48;2;115;115;115m▀[0m[38;2;230;215;150m[48;2;230;215;150m▀[0m[38;2;230;215;150m[48;2;230;215;150m▀[0m[38;2;65;65;65m[48;2;65;65;65m▀[0m[38;2;230;215;150m[48;2;230;215;150m▀[0m[38;2;230;215;150m[48;2;59;147;1m▀[0m[38;2;59;147;1m[48;2;108;244;19m▀[0m[38;2;59;147;1m[48;2;73;183;1m▀[0m[38;2;59;147;1m[48;2;59;147;1m▀[0m[38;2;230;215;150m[48;2;59;147;1m▀[0m[38;2;230;215;150m[48;2;230;215;150m▀[0m[38;2;230;215;150m[48;2;230;215;150m▀[0m[38;2;172;157;92m[48;2;172;157;92m▀[0m[38;2;65;65;65m[48;2;65;65;65m▀[0m[38;2;136;121;56m[48;2;197;182;117m▀[0m[38;2;197;182;117m[48;2;136;121;56m▀[0m[38;2;197;182;117m[48;2;197;182;117m▀[0m[38;2;197;182;117m[48;2;197;182;117m▀[0m[38;2;136;121;56m[48;2;136;121;56m▀[0m[38;2;0;0;0m[48;2;0;0;0m▀[0m 
    [38;2;0;0;0m▀[38;2;230;215;150m[48;2;0;0;0m▀[0m[38;2;230;215;150m[48;2;0;0;0m▀[0m[38;2;172;157;92m[48;2;0;0;0m▀[0m[38;2;0;0;0m▀[38;2;0;0;0m▀[38;2;65;65;65m[48;2;0;0;0m▀[0m[38;2;230;215;150m[48;2;230;215;150m▀[0m[38;2;230;215;150m[48;2;230;215;150m▀[0m[38;2;59;147;1m[48;2;59;147;1m▀[0m[38;2;73;183;1m[48;2;59;147;1m▀[0m[38;2;73;183;1m[48;2;73;183;1m▀[0m[38;2;73;183;1m[48;2;59;147;1m▀[0m[38;2;59;147;1m[48;2;59;147;1m▀[0m[38;2;230;215;150m[48;2;230;215;150m▀[0m[38;2;172;157;92m[48;2;172;157;92m▀[0m[38;2;65;65;65m[48;2;65;65;65m▀[0m[38;2;197;182;117m[48;2;197;182;117m▀[0m[38;2;0;0;0m[48;2;0;0;0m▀[0m[38;2;0;0;0m[48;2;0;0;0m▀[0m[38;2;197;182;117m[48;2;197;182;117m▀[0m[38;2;197;182;117m[48;2;197;182;117m▀[0m[38;2;136;121;56m[48;2;136;121;56m▀[0m[38;2;0;0;0m[48;2;0;0;0m▀[0m 
          [38;2;0;0;0m▄[38;2;0;0;0m[48;2;197;182;117m▀[0m[38;2;65;65;65m[48;2;197;182;117m▀[0m[38;2;230;215;150m[48;2;65;65;65m▀[0m[38;2;59;147;1m[48;2;230;215;150m▀[0m[38;2;59;147;1m[48;2;230;215;150m▀[0m[38;2;59;147;1m[48;2;172;157;92m▀[0m[38;2;230;215;150m[48;2;115;115;115m▀[0m[38;2;230;215;150m[48;2;230;215;150m▀[0m[38;2;230;215;150m[48;2;230;215;150m▀[0m[38;2;172;157;92m[48;2;172;157;92m▀[0m[38;2;65;65;65m[48;2;65;65;65m▀[0m[38;2;136;121;56m[48;2;197;182;117m▀[0m[38;2;197;182;117m[48;2;197;182;117m▀[0m[38;2;197;182;117m[48;2;0;0;0m▀[0m[38;2;0;0;0m▀[38;2;0;0;0m▀  
          [38;2;0;0;0m▀[38;2;197;182;117m[48;2;0;0;0m▀[0m[38;2;197;182;117m[48;2;0;0;0m▀[0m[38;2;65;65;65m[48;2;197;182;117m▀[0m[38;2;230;215;150m[48;2;65;65;65m▀[0m[38;2;230;215;150m[48;2;65;65;65m▀[0m[38;2;172;157;92m[48;2;65;65;65m▀[0m[38;2;65;65;65m[48;2;136;121;56m▀[0m[38;2;65;65;65m[48;2;136;121;56m▀[0m[38;2;65;65;65m[48;2;197;182;117m▀[0m[38;2;65;65;65m[48;2;197;182;117m▀[0m[38;2;197;182;117m[48;2;197;182;117m▀[0m[38;2;197;182;117m[48;2;197;182;117m▀[0m[38;2;197;182;117m[48;2;197;182;117m▀[0m[38;2;136;121;56m[48;2;136;121;56m▀[0m[38;2;0;0;0m[48;2;0;0;0m▀[0m   
             [38;2;0;0;0m▀[38;2;0;0;0m▀[38;2;65;65;65m[48;2;0;0;0m▀[0m[38;2;197;182;117m[48;2;197;182;117m▀[0m[38;2;197;182;117m[48;2;197;182;117m▀[0m[38;2;197;182;117m[48;2;197;182;117m▀[0m[38;2;136;121;56m[48;2;136;121;56m▀[0m[38;2;0;0;0m[48;2;0;0;0m▀[0m[38;2;0;0;0m▀[38;2;197;182;117m[48;2;0;0;0m▀[0m[38;2;136;121;56m[48;2;0;0;0m▀[0m[38;2;0;0;0m▀    
                [38;2;0;0;0m▀[38;2;0;0;0m▀[38;2;0;0;0m▀[38;2;0;0;0m▀         
                                     [0m                                     