                [38;2;7;7;7m▄[38;2;7;7;7m[48;2;121;131;151m▀[0m[38;2;7;7;7m[48;2;7;7;7m▀[0m                 
              [38;2;7;7;7m▄[38;2;7;7;7m[48;2;66;66;66m▀[0m[38;2;121;131;151m[48;2;121;131;151m▀[0m[38;2;121;131;151m[48;2;66;66;66m▀[0m[38;2;7;7;7m[48;2;7;7;7m▀[0m                 
             [38;2;7;7;7m▄[38;2;7;7;7m[48;2;66;66;66m▀[0m[38;2;121;131;151m[48;2;121;131;151m▀[0m[38;2;66;66;66m[48;2;66;66;66m▀[0m[38;2;82;90;106m[48;2;7;7;7m▀[0m[38;2;7;7;7m▀                 
             [38;2;7;7;7m[48;2;7;7;7m▀[0m[38;2;121;131;151m[48;2;82;90;106m▀[0m[38;2;66;66;66m[48;2;66;66;66m▀[0m[38;2;82;90;106m[48;2;82;90;106m▀[0m[38;2;66;66;66m[48;2;66;66;66m▀[0m[38;2;7;7;7m[48;2;171;198;111m▀[0m[38;2;7;7;7m▄[38;2;7;7;7m▄    [38;2;7;7;7m▄[38;2;7;7;7m[48;2;248;248;248m▀[0m[38;2;7;7;7m[48;2;7;7;7m▀[0m        
        [38;2;7;7;7m[48;2;7;7;7m▀[0m[38;2;7;7;7m[48;2;121;131;151m▀[0m[38;2;7;7;7m▄[38;2;7;7;7m▄[38;2;7;7;7m[48;2;171;198;111m▀[0m[38;2;206;221;170m[48;2;206;221;170m▀[0m[38;2;66;66;66m[48;2;206;221;170m▀[0m[38;2;82;90;106m[48;2;66;66;66m▀[0m[38;2;66;66;66m[48;2;206;221;170m▀[0m[38;2;171;198;111m[48;2;171;198;111m▀[0m[38;2;171;198;111m[48;2;171;198;111m▀[0m[38;2;171;198;111m[48;2;66;66;66m▀[0m[38;2;171;198;111m[48;2;66;66;66m▀[0m[38;2;7;7;7m[48;2;82;90;106m▀[0m[38;2;7;7;7m[48;2;7;7;7m▀[0m [38;2;7;7;7m▄[38;2;7;7;7m[48;2;248;248;248m▀[0m[38;2;248;248;248m[48;2;248;248;248m▀[0m[38;2;189;205;205m[48;2;189;205;205m▀[0m[38;2;7;7;7m[48;2;248;248;248m▀[0m[38;2;7;7;7m[48;2;7;7;7m▀[0m      
        [38;2;7;7;7m▀[38;2;82;90;106m[48;2;7;7;7m▀[0m[38;2;121;131;151m[48;2;82;90;106m▀[0m[38;2;66;66;66m[48;2;121;131;151m▀[0m[38;2;171;198;111m[48;2;66;66;66m▀[0m[38;2;171;198;111m[48;2;171;198;111m▀[0m[38;2;206;221;170m[48;2;171;198;111m▀[0m[38;2;206;221;170m[48;2;171;198;111m▀[0m[38;2;171;198;111m[48;2;66;66;66m▀[0m[38;2;171;198;111m[48;2;66;66;66m▀[0m[38;2;66;66;66m[48;2;121;131;151m▀[0m[38;2;82;90;106m[48;2;66;66;66m▀[0m[38;2;82;90;106m[48;2;66;66;66m▀[0m[38;2;66;66;66m[48;2;7;7;7m▀[0m[38;2;7;7;7m▀[38;2;7;7;7m▄[38;2;7;7;7m[48;2;248;248;248m▀[0m[38;2;248;248;248m[48;2;248;248;248m▀[0m[38;2;189;205;205m[48;2;66;66;66m▀[0m[38;2;248;248;248m[48;2;248;248;248m▀[0m[38;2;248;248;248m[48;2;7;7;7m▀[0m[38;2;7;7;7m▀      
         [38;2;7;7;7m[48;2;7;7;7m▀[0m[38;2;82;90;106m[48;2;66;66;66m▀[0m[38;2;121;131;151m[48;2;82;90;106m▀[0m[38;2;66;66;66m[48;2;121;131;151m▀[0m[38;2;171;198;111m[48;2;66;66;66m▀[0m[38;2;171;198;111m[48;2;66;66;66m▀[0m[38;2;66;66;66m[48;2;121;131;151m▀[0m[38;2;121;131;151m[48;2;66;66;66m▀[0m[38;2;121;131;151m[48;2;66;66;66m▀[0m[38;2;66;66;66m[48;2;82;90;106m▀[0m[38;2;82;90;106m[48;2;66;66;66m▀[0m[38;2;66;66;66m[48;2;82;90;106m▀[0m[38;2;89;95;63m[48;2;66;66;66m▀[0m[38;2;7;7;7m[48;2;89;95;63m▀[0m[38;2;66;66;66m[48;2;66;66;66m▀[0m[38;2;248;248;248m[48;2;66;66;66m▀[0m[38;2;66;66;66m[48;2;82;90;106m▀[0m[38;2;82;90;106m[48;2;82;90;106m▀[0m[38;2;66;66;66m[48;2;66;66;66m▀[0m[38;2;7;7;7m[48;2;66;66;66m▀[0m[38;2;7;7;7m▄      
        [38;2;7;7;7m[48;2;7;7;7m▀[0m[38;2;132;137;95m[48;2;132;137;95m▀[0m[38;2;66;66;66m[48;2;66;66;66m▀[0m[38;2;66;66;66m[48;2;82;90;106m▀[0m[38;2;82;90;106m[48;2;66;66;66m▀[0m[38;2;66;66;66m[48;2;82;90;106m▀[0m[38;2;121;131;151m[48;2;66;66;66m▀[0m[38;2;66;66;66m[48;2;82;90;106m▀[0m[38;2;82;90;106m[48;2;66;66;66m▀[0m[38;2;82;90;106m[48;2;66;66;66m▀[0m[38;2;66;66;66m[48;2;248;248;248m▀[0m[38;2;171;198;111m[48;2;171;198;111m▀[0m[38;2;66;66;66m[48;2;66;66;66m▀[0m[38;2;82;90;106m[48;2;66;66;66m▀[0m[38;2;66;66;66m[48;2;66;66;66m▀[0m[38;2;82;90;106m[48;2;82;90;106m▀[0m[38;2;82;90;106m[48;2;66;66;66m▀[0m[38;2;66;66;66m[48;2;171;198;111m▀[0m[38;2;82;90;106m[48;2;66;66;66m▀[0m[38;2;66;66;66m[48;2;171;198;111m▀[0m[38;2;82;90;106m[48;2;66;66;66m▀[0m[38;2;7;7;7m[48;2;82;90;106m▀[0m[38;2;7;7;7m▄     
        [38;2;7;7;7m▀[38;2;66;66;66m[48;2;7;7;7m▀[0m[38;2;82;90;106m[48;2;66;66;66m▀[0m[38;2;66;66;66m[48;2;66;66;66m▀[0m[38;2;66;66;66m[48;2;171;198;111m▀[0m[38;2;82;90;106m[48;2;66;66;66m▀[0m[38;2;66;66;66m[48;2;132;137;95m▀[0m[38;2;66;66;66m[48;2;171;198;111m▀[0m[38;2;7;7;7m[48;2;171;198;111m▀[0m[38;2;248;248;248m[48;2;171;198;111m▀[0m[38;2;171;198;111m[48;2;66;66;66m▀[0m[38;2;66;66;66m[48;2;82;90;106m▀[0m[38;2;82;90;106m[48;2;66;66;66m▀[0m[38;2;82;90;106m[48;2;82;90;106m▀[0m[38;2;66;66;66m[48;2;82;90;106m▀[0m[38;2;66;66;66m[48;2;82;90;106m▀[0m[38;2;82;90;106m[48;2;66;66;66m▀[0m[38;2;206;221;170m[48;2;206;221;170m▀[0m[38;2;206;221;170m[48;2;132;137;95m▀[0m[38;2;132;137;95m[48;2;171;198;111m▀[0m[38;2;66;66;66m[48;2;132;137;95m▀[0m[38;2;82;90;106m[48;2;66;66;66m▀[0m[38;2;66;66;66m[48;2;82;90;106m▀[0m[38;2;7;7;7m[48;2;7;7;7m▀[0m    
         [38;2;7;7;7m▀[38;2;82;90;106m[48;2;7;7;7m▀[0m[38;2;66;66;66m[48;2;82;90;106m▀[0m[38;2;171;198;111m[48;2;66;66;66m▀[0m[38;2;171;198;111m[48;2;132;137;95m▀[0m[38;2;171;198;111m[48;2;171;198;111m▀[0m[38;2;171;198;111m[48;2;66;66;66m▀[0m[38;2;171;198;111m[48;2;66;66;66m▀[0m[38;2;66;66;66m[48;2;82;90;106m▀[0m[38;2;82;90;106m[48;2;66;66;66m▀[0m[38;2;82;90;106m[48;2;66;66;66m▀[0m[38;2;66;66;66m[48;2;213;155;91m▀[0m[38;2;66;66;66m[48;2;147;117;87m▀[0m[38;2;66;66;66m[48;2;66;66;66m▀[0m[38;2;66;66;66m[48;2;82;90;106m▀[0m[38;2;82;90;106m[48;2;66;66;66m▀[0m[38;2;66;66;66m[48;2;171;198;111m▀[0m[38;2;132;137;95m[48;2;171;198;111m▀[0m[38;2;171;198;111m[48;2;132;137;95m▀[0m[38;2;132;137;95m[48;2;171;198;111m▀[0m[38;2;66;66;66m[48;2;7;7;7m▀[0m[38;2;7;7;7m▀     
  [38;2;7;7;7m[48;2;7;7;7m▀[0m[38;2;7;7;7m[48;2;82;90;106m▀[0m[38;2;7;7;7m[48;2;82;90;106m▀[0m[38;2;7;7;7m▄  [38;2;7;7;7m▄[38;2;7;7;7m[48;2;171;198;111m▀[0m[38;2;132;137;95m[48;2;66;66;66m▀[0m[38;2;66;66;66m[48;2;66;66;66m▀[0m[38;2;82;90;106m[48;2;82;90;106m▀[0m[38;2;66;66;66m[48;2;82;90;106m▀[0m[38;2;66;66;66m[48;2;82;90;106m▀[0m[38;2;82;90;106m[48;2;82;90;106m▀[0m[38;2;82;90;106m[48;2;66;66;66m▀[0m[38;2;82;90;106m[48;2;66;66;66m▀[0m[38;2;66;66;66m[48;2;213;155;91m▀[0m[38;2;213;155;91m[48;2;213;155;91m▀[0m[38;2;147;117;87m[48;2;171;198;111m▀[0m[38;2;171;198;111m[48;2;171;198;111m▀[0m[38;2;66;66;66m[48;2;171;198;111m▀[0m[38;2;82;90;106m[48;2;66;66;66m▀[0m[38;2;82;90;106m[48;2;82;90;106m▀[0m[38;2;66;66;66m[48;2;66;66;66m▀[0m[38;2;66;66;66m[48;2;82;90;106m▀[0m[38;2;66;66;66m[48;2;66;66;66m▀[0m[38;2;171;198;111m[48;2;132;137;95m▀[0m[38;2;132;137;95m[48;2;171;198;111m▀[0m[38;2;7;7;7m[48;2;7;7;7m▀[0m     
  [38;2;7;7;7m▀[38;2;82;90;106m[48;2;7;7;7m▀[0m[38;2;82;90;106m[48;2;82;90;106m▀[0m[38;2;82;90;106m[48;2;82;90;106m▀[0m[38;2;7;7;7m[48;2;82;90;106m▀[0m[38;2;7;7;7m[48;2;66;66;66m▀[0m[38;2;171;198;111m[48;2;171;198;111m▀[0m[38;2;171;198;111m[48;2;7;7;7m▀[0m[38;2;7;7;7m▀[38;2;7;7;7m▀[38;2;66;66;66m[48;2;7;7;7m▀[0m[38;2;66;66;66m[48;2;89;95;63m▀[0m[38;2;82;90;106m[48;2;66;66;66m▀[0m[38;2;66;66;66m[48;2;89;95;63m▀[0m[38;2;66;66;66m[48;2;132;137;95m▀[0m[38;2;132;137;95m[48;2;66;66;66m▀[0m[38;2;132;137;95m[48;2;66;66;66m▀[0m[38;2;132;137;95m[48;2;66;66;66m▀[0m[38;2;132;137;95m[48;2;66;66;66m▀[0m[38;2;132;137;95m[48;2;132;137;95m▀[0m[38;2;132;137;95m[48;2;66;66;66m▀[0m[38;2;66;66;66m[48;2;66;66;66m▀[0m[38;2;66;66;66m[48;2;82;90;106m▀[0m[38;2;66;66;66m[48;2;82;90;106m▀[0m[38;2;82;90;106m[48;2;66;66;66m▀[0m[38;2;82;90;106m[48;2;7;7;7m▀[0m[38;2;7;7;7m▀[38;2;171;198;111m[48;2;7;7;7m▀[0m[38;2;171;198;111m[48;2;132;137;95m▀[0m[38;2;7;7;7m[48;2;171;198;111m▀[0m[38;2;7;7;7m▄   
 [38;2;7;7;7m▄[38;2;7;7;7m[48;2;171;198;111m▀[0m[38;2;132;137;95m[48;2;132;137;95m▀[0m[38;2;82;90;106m[48;2;66;66;66m▀[0m[38;2;82;90;106m[48;2;82;90;106m▀[0m[38;2;82;90;106m[48;2;82;90;106m▀[0m[38;2;82;90;106m[48;2;82;90;106m▀[0m[38;2;66;66;66m[48;2;82;90;106m▀[0m[38;2;7;7;7m[48;2;82;90;106m▀[0m[38;2;7;7;7m▄[38;2;7;7;7m[48;2;82;90;106m▀[0m[38;2;66;66;66m[48;2;66;66;66m▀[0m[38;2;132;137;95m[48;2;89;95;63m▀[0m[38;2;132;137;95m[48;2;132;137;95m▀[0m[38;2;132;137;95m[48;2;89;95;63m▀[0m[38;2;66;66;66m[48;2;132;137;95m▀[0m[38;2;66;66;66m[48;2;66;66;66m▀[0m[38;2;147;117;87m[48;2;132;137;95m▀[0m[38;2;147;117;87m[48;2;171;198;111m▀[0m[38;2;147;117;87m[48;2;171;198;111m▀[0m[38;2;66;66;66m[48;2;89;95;63m▀[0m[38;2;89;95;63m[48;2;132;137;95m▀[0m[38;2;66;66;66m[48;2;132;137;95m▀[0m[38;2;82;90;106m[48;2;66;66;66m▀[0m[38;2;82;90;106m[48;2;82;90;106m▀[0m[38;2;82;90;106m[48;2;82;90;106m▀[0m[38;2;82;90;106m[48;2;82;90;106m▀[0m[38;2;7;7;7m[48;2;82;90;106m▀[0m[38;2;171;198;111m[48;2;66;66;66m▀[0m[38;2;171;198;111m[48;2;171;198;111m▀[0m[38;2;171;198;111m[48;2;7;7;7m▀[0m[38;2;7;7;7m▀   
 [38;2;7;7;7m▀[38;2;7;7;7m▀[38;2;7;7;7m▀[38;2;66;66;66m[48;2;7;7;7m▀[0m[38;2;82;90;106m[48;2;66;66;66m▀[0m[38;2;82;90;106m[48;2;82;90;106m▀[0m[38;2;82;90;106m[48;2;82;90;106m▀[0m[38;2;82;90;106m[48;2;82;90;106m▀[0m[38;2;82;90;106m[48;2;82;90;106m▀[0m[38;2;82;90;106m[48;2;82;90;106m▀[0m[38;2;82;90;106m[48;2;82;90;106m▀[0m[38;2;66;66;66m[48;2;7;7;7m▀[0m[38;2;89;95;63m[48;2;82;90;106m▀[0m[38;2;89;95;63m[48;2;132;137;95m▀[0m[38;2;132;137;95m[48;2;89;95;63m▀[0m[38;2;66;66;66m[48;2;66;66;66m▀[0m[38;2;132;137;95m[48;2;7;7;7m▀[0m[38;2;89;95;63m[48;2;132;137;95m▀[0m[38;2;89;95;63m[48;2;132;137;95m▀[0m[38;2;89;95;63m[48;2;132;137;95m▀[0m[38;2;132;137;95m[48;2;132;137;95m▀[0m[38;2;89;95;63m[48;2;66;66;66m▀[0m[38;2;66;66;66m[48;2;171;198;111m▀[0m[38;2;66;66;66m[48;2;171;198;111m▀[0m[38;2;66;66;66m[48;2;66;66;66m▀[0m[38;2;82;90;106m[48;2;82;90;106m▀[0m[38;2;82;90;106m[48;2;82;90;106m▀[0m[38;2;82;90;106m[48;2;82;90;106m▀[0m[38;2;82;90;106m[48;2;82;90;106m▀[0m[38;2;7;7;7m[48;2;82;90;106m▀[0m[38;2;7;7;7m▄[38;2;7;7;7m▄[38;2;7;7;7m[48;2;82;90;106m▀[0m[38;2;7;7;7m[48;2;7;7;7m▀[0m 
   [38;2;7;7;7m▄[38;2;7;7;7m▄[38;2;7;7;7m[48;2;82;90;106m▀[0m[38;2;82;90;106m[48;2;82;90;106m▀[0m[38;2;82;90;106m[48;2;66;66;66m▀[0m[38;2;82;90;106m[48;2;66;66;66m▀[0m[38;2;82;90;106m[48;2;82;90;106m▀[0m[38;2;66;66;66m[48;2;7;7;7m▀[0m[38;2;7;7;7m▀ [38;2;7;7;7m▀[38;2;82;90;106m[48;2;7;7;7m▀[0m[38;2;82;90;106m[48;2;147;117;87m▀[0m[38;2;7;7;7m[48;2;82;90;106m▀[0m[38;2;7;7;7m▄[38;2;7;7;7m▀[38;2;132;137;95m[48;2;7;7;7m▀[0m[38;2;132;137;95m[48;2;7;7;7m▀[0m[38;2;7;7;7m▀[38;2;7;7;7m▀[38;2;7;7;7m▀[38;2;66;66;66m[48;2;7;7;7m▀[0m[38;2;82;90;106m[48;2;82;90;106m▀[0m[38;2;82;90;106m[48;2;82;90;106m▀[0m[38;2;82;90;106m[48;2;82;90;106m▀[0m[38;2;82;90;106m[48;2;82;90;106m▀[0m[38;2;82;90;106m[48;2;82;90;106m▀[0m[38;2;82;90;106m[48;2;82;90;106m▀[0m[38;2;82;90;106m[48;2;82;90;106m▀[0m[38;2;82;90;106m[48;2;82;90;106m▀[0m[38;2;82;90;106m[48;2;7;7;7m▀[0m[38;2;7;7;7m▀ 
   [38;2;7;7;7m▀[38;2;82;90;106m[48;2;7;7;7m▀[0m[38;2;82;90;106m[48;2;7;7;7m▀[0m[38;2;66;66;66m[48;2;7;7;7m▀[0m[38;2;82;90;106m[48;2;7;7;7m▀[0m[38;2;7;7;7m▀[38;2;7;7;7m▀   [38;2;7;7;7m▄[38;2;7;7;7m[48;2;66;66;66m▀[0m[38;2;82;90;106m[48;2;132;137;95m▀[0m[38;2;132;137;95m[48;2;66;66;66m▀[0m[38;2;132;137;95m[48;2;132;137;95m▀[0m[38;2;7;7;7m[48;2;7;7;7m▀[0m   [38;2;7;7;7m[48;2;7;7;7m▀[0m[38;2;7;7;7m[48;2;82;90;106m▀[0m[38;2;66;66;66m[48;2;82;90;106m▀[0m[38;2;82;90;106m[48;2;82;90;106m▀[0m[38;2;82;90;106m[48;2;82;90;106m▀[0m[38;2;82;90;106m[48;2;82;90;106m▀[0m[38;2;82;90;106m[48;2;82;90;106m▀[0m[38;2;82;90;106m[48;2;82;90;106m▀[0m[38;2;82;90;106m[48;2;82;90;106m▀[0m[38;2;66;66;66m[48;2;82;90;106m▀[0m[38;2;82;90;106m[48;2;7;7;7m▀[0m[38;2;7;7;7m▀  
             [38;2;7;7;7m[48;2;7;7;7m▀[0m[38;2;82;90;106m[48;2;82;90;106m▀[0m[38;2;66;66;66m[48;2;7;7;7m▀[0m[38;2;82;90;106m[48;2;82;90;106m▀[0m[38;2;66;66;66m[48;2;7;7;7m▀[0m[38;2;7;7;7m▀    [38;2;7;7;7m▀[38;2;66;66;66m[48;2;7;7;7m▀[0m[38;2;66;66;66m[48;2;82;90;106m▀[0m[38;2;82;90;106m[48;2;66;66;66m▀[0m[38;2;82;90;106m[48;2;66;66;66m▀[0m[38;2;82;90;106m[48;2;66;66;66m▀[0m[38;2;82;90;106m[48;2;7;7;7m▀[0m[38;2;7;7;7m▀[38;2;7;7;7m▀    
             [38;2;7;7;7m▀[38;2;82;90;106m[48;2;7;7;7m▀[0m[38;2;7;7;7m▀[38;2;82;90;106m[48;2;7;7;7m▀[0m[38;2;7;7;7m▀      [38;2;7;7;7m[48;2;7;7;7m▀[0m[38;2;82;90;106m[48;2;82;90;106m▀[0m[38;2;7;7;7m[48;2;7;7;7m▀[0m[38;2;82;90;106m[48;2;82;90;106m▀[0m[38;2;7;7;7m[48;2;7;7;7m▀[0m       
                                 [38;2;7;7;7m▀ [38;2;7;7;7m▀                
                                     [0m                                     