                   [38;2;0;0;0m▄[38;2;0;0;0m[48;2;133;117;35m▀[0m[38;2;0;0;0m[48;2;218;199;102m▀[0m[38;2;0;0;0m[48;2;218;199;102m▀[0m[38;2;0;0;0m▄                
                  [38;2;0;0;0m[48;2;0;0;0m▀[0m[38;2;218;199;102m[48;2;218;199;102m▀[0m[38;2;218;199;102m[48;2;218;199;102m▀[0m[38;2;133;117;35m[48;2;133;117;35m▀[0m[38;2;218;199;102m[48;2;218;199;102m▀[0m[38;2;0;0;0m[48;2;0;0;0m▀[0m                
                  [38;2;0;0;0m▄[38;2;0;0;0m[48;2;218;199;102m▀[0m[38;2;133;117;35m[48;2;218;199;102m▀[0m[38;2;218;199;102m[48;2;218;199;102m▀[0m[38;2;218;199;102m[48;2;0;0;0m▀[0m[38;2;0;0;0m▀                
                [38;2;0;0;0m▄[38;2;0;0;0m▄[38;2;0;0;0m▄[38;2;0;0;0m[48;2;65;70;74m▀[0m[38;2;133;117;35m[48;2;219;200;102m▀[0m[38;2;218;199;102m[48;2;219;200;102m▀[0m[38;2;0;0;0m[48;2;65;70;74m▀[0m[38;2;0;0;0m▄          [38;2;0;4;0m▄[38;2;0;4;0m▄[38;2;0;0;0m[48;2;189;188;189m▀[0m[38;2;0;0;0m[48;2;255;255;255m▀[0m[38;2;0;0;0m▄ 
       [38;2;0;0;0m▄[38;2;0;0;0m[48;2;238;210;148m▀[0m[38;2;0;0;0m[48;2;238;210;148m▀[0m[38;2;0;0;0m[48;2;238;210;148m▀[0m[38;2;0;0;0m[48;2;238;210;148m▀[0m[38;2;0;0;0m▄[38;2;0;0;0m▄[38;2;0;0;0m[48;2;224;205;106m▀[0m[38;2;0;0;0m[48;2;224;205;106m▀[0m[38;2;218;199;102m[48;2;218;199;102m▀[0m[38;2;218;199;102m[48;2;0;0;0m▀[0m[38;2;218;199;102m[48;2;0;0;0m▀[0m[38;2;218;199;102m[48;2;169;151;63m▀[0m[38;2;219;200;102m[48;2;215;196;98m▀[0m[38;2;219;200;102m[48;2;122;129;112m▀[0m[38;2;218;199;102m[48;2;0;0;0m▀[0m[38;2;218;199;102m[48;2;218;199;102m▀[0m[38;2;0;0;0m[48;2;218;199;102m▀[0m[38;2;0;0;0m[48;2;218;199;102m▀[0m[38;2;0;0;0m▄[38;2;0;0;0m▄[38;2;0;0;0m[48;2;139;137;131m▀[0m[38;2;0;0;0m[48;2;139;137;131m▀[0m[38;2;0;0;0m[48;2;45;48;45m▀[0m[38;2;0;4;0m▄[38;2;0;0;0m[48;2;189;188;189m▀[0m[38;2;0;0;0m[48;2;255;255;255m▀[0m[38;2;169;171;169m[48;2;189;190;189m▀[0m[38;2;255;255;255m[48;2;189;190;189m▀[0m[38;2;189;188;189m[48;2;189;190;189m▀[0m[38;2;189;188;189m[48;2;0;0;0m▀[0m[38;2;0;0;0m▀ 
 [38;2;0;0;0m▄[38;2;0;0;0m[48;2;238;210;148m▀[0m[38;2;0;0;0m[48;2;194;164;98m▀[0m[38;2;0;0;0m[48;2;238;210;148m▀[0m[38;2;0;0;0m[48;2;194;164;98m▀[0m[38;2;0;0;0m[48;2;238;210;148m▀[0m[38;2;238;210;148m[48;2;194;164;98m▀[0m[38;2;194;164;98m[48;2;194;164;95m▀[0m[38;2;194;164;98m[48;2;194;164;95m▀[0m[38;2;194;164;98m[48;2;180;159;109m▀[0m[38;2;194;164;98m[48;2;49;48;49m▀[0m[38;2;46;52;57m[48;2;169;151;63m▀[0m[38;2;166;149;61m[48;2;169;151;63m▀[0m[38;2;127;139;118m[48;2;0;0;0m▀[0m[38;2;0;4;8m▀[38;2;0;0;0m▀ [38;2;0;4;8m▄[38;2;0;0;0m[48;2;127;139;118m▀[0m[38;2;215;196;98m[48;2;220;201;103m▀[0m[38;2;0;0;0m[48;2;220;201;103m▀[0m[38;2;0;0;0m▄[38;2;0;0;0m▀[38;2;0;0;0m▀[38;2;218;199;102m[48;2;0;0;0m▀[0m[38;2;46;45;43m[48;2;137;134;131m▀[0m[38;2;139;137;131m[48;2;93;91;90m▀[0m[38;2;90;89;86m[48;2;49;48;49m▀[0m[38;2;90;89;86m[48;2;49;48;49m▀[0m[38;2;90;93;90m[48;2;90;89;86m▀[0m[38;2;45;48;45m[48;2;90;89;86m▀[0m[38;2;189;188;189m[48;2;60;62;60m▀[0m[38;2;189;188;189m[48;2;180;186;180m▀[0m[38;2;189;190;189m[48;2;0;0;0m▀[0m[38;2;0;0;0m▀[38;2;0;0;0m▀   
 [38;2;0;0;0m▀[38;2;194;164;98m[48;2;0;0;0m▀[0m[38;2;238;210;148m[48;2;0;0;0m▀[0m[38;2;194;164;98m[48;2;0;0;0m▀[0m[38;2;238;210;148m[48;2;0;0;0m▀[0m[38;2;238;210;148m[48;2;0;0;0m▀[0m[38;2;194;164;98m[48;2;238;210;148m▀[0m[38;2;194;164;95m[48;2;194;164;98m▀[0m[38;2;194;164;95m[48;2;194;164;98m▀[0m[38;2;49;48;49m[48;2;169;161;137m▀[0m[38;2;246;214;139m[48;2;49;48;49m▀[0m[38;2;49;48;49m[48;2;246;218;148m▀[0m[38;2;49;48;49m[48;2;164;145;98m▀[0m[38;2;197;165;98m[48;2;0;0;0m▀[0m[38;2;0;0;0m▀[38;2;0;0;0m▄[38;2;0;0;0m[48;2;215;196;98m▀[0m[38;2;224;205;106m[48;2;50;190;229m▀[0m[38;2;224;205;106m[48;2;151;232;255m▀[0m[38;2;248;240;193m[48;2;133;117;35m▀[0m[38;2;220;201;103m[48;2;218;199;102m▀[0m[38;2;218;199;102m[48;2;218;199;102m▀[0m[38;2;0;0;0m[48;2;0;0;0m▀[0m [38;2;0;0;0m[48;2;0;0;0m▀[0m[38;2;93;91;90m[48;2;90;89;86m▀[0m[38;2;49;48;49m[48;2;90;89;86m▀[0m[38;2;169;151;63m[48;2;49;48;49m▀[0m[38;2;169;151;63m[48;2;218;199;102m▀[0m[38;2;49;48;49m[48;2;49;44;41m▀[0m[38;2;90;89;86m[48;2;98;98;101m▀[0m[38;2;60;62;60m[48;2;90;89;86m▀[0m[38;2;0;0;0m[48;2;0;0;0m▀[0m      
       [38;2;0;0;0m▀[38;2;238;210;148m[48;2;0;0;0m▀[0m[38;2;238;210;148m[48;2;49;48;49m▀[0m[38;2;49;48;49m[48;2;49;48;49m▀[0m[38;2;174;156;66m[48;2;169;151;63m▀[0m[38;2;82;72;49m[48;2;0;0;0m▀[0m[38;2;0;0;0m▀ [38;2;0;0;0m[48;2;0;0;0m▀[0m[38;2;215;196;98m[48;2;49;48;49m▀[0m[38;2;126;137;148m[48;2;218;199;102m▀[0m[38;2;151;232;255m[48;2;133;117;35m▀[0m[38;2;21;161;200m[48;2;218;199;102m▀[0m[38;2;218;199;102m[48;2;218;199;102m▀[0m[38;2;133;117;35m[48;2;218;199;102m▀[0m[38;2;218;199;102m[48;2;134;118;36m▀[0m[38;2;218;199;102m[48;2;169;151;63m▀[0m[38;2;0;0;0m[48;2;0;0;0m▀[0m [38;2;0;0;0m▀[38;2;90;89;86m[48;2;0;0;0m▀[0m[38;2;49;48;49m[48;2;90;93;90m▀[0m[38;2;218;199;102m[48;2;45;48;45m▀[0m[38;2;217;197;100m[48;2;218;199;102m▀[0m[38;2;49;44;41m[48;2;0;0;0m▀[0m[38;2;0;0;0m▀       
         [38;2;0;0;0m[48;2;0;0;0m▀[0m[38;2;169;151;63m[48;2;169;151;63m▀[0m[38;2;169;151;63m[48;2;0;0;0m▀[0m[38;2;0;0;0m▀  [38;2;0;0;0m[48;2;0;0;0m▀[0m[38;2;49;48;49m[48;2;166;149;61m▀[0m[38;2;218;199;102m[48;2;46;52;57m▀[0m[38;2;218;199;102m[48;2;49;48;49m▀[0m[38;2;218;199;102m[48;2;222;203;104m▀[0m[38;2;49;48;49m[48;2;49;48;49m▀[0m[38;2;49;48;49m[48;2;49;48;49m▀[0m[38;2;134;118;36m[48;2;122;106;27m▀[0m[38;2;169;151;63m[48;2;175;157;67m▀[0m[38;2;0;0;0m[48;2;0;0;0m▀[0m   [38;2;0;4;0m▀[38;2;45;48;45m[48;2;0;0;0m▀[0m[38;2;218;199;102m[48;2;218;199;102m▀[0m[38;2;0;0;0m[48;2;0;0;0m▀[0m        
         [38;2;0;0;0m[48;2;0;0;0m▀[0m[38;2;169;151;63m[48;2;166;149;61m▀[0m[38;2;0;0;0m[48;2;0;0;0m▀[0m    [38;2;0;0;0m▀[38;2;166;149;61m[48;2;0;0;0m▀[0m[38;2;49;48;49m[48;2;0;0;0m▀[0m[38;2;170;152;64m[48;2;136;120;37m▀[0m[38;2;169;151;63m[48;2;122;106;27m▀[0m[38;2;135;119;37m[48;2;175;157;67m▀[0m[38;2;175;157;67m[48;2;0;0;0m▀[0m[38;2;0;4;8m▀     [38;2;0;0;0m[48;2;0;0;0m▀[0m[38;2;218;199;102m[48;2;218;199;102m▀[0m[38;2;0;0;0m[48;2;0;0;0m▀[0m        
         [38;2;0;0;0m▀[38;2;166;149;61m[48;2;0;0;0m▀[0m[38;2;46;52;57m[48;2;139;133;131m▀[0m[38;2;0;0;0m[48;2;90;89;86m▀[0m[38;2;0;0;0m[48;2;90;89;86m▀[0m[38;2;0;0;0m▄   [38;2;0;0;0m▄[38;2;0;0;0m[48;2;54;194;233m▀[0m[38;2;49;55;60m[48;2;218;199;102m▀[0m[38;2;0;0;0m[48;2;52;192;231m▀[0m[38;2;0;0;0m▄  [38;2;0;0;0m▄[38;2;0;0;0m▄[38;2;0;0;0m▄[38;2;0;0;0m[48;2;49;48;49m▀[0m[38;2;218;199;102m[48;2;218;199;102m▀[0m[38;2;218;199;102m[48;2;0;0;0m▀[0m[38;2;0;0;0m▀        
         [38;2;0;0;0m[48;2;0;0;0m▀[0m[38;2;139;133;131m[48;2;137;134;131m▀[0m[38;2;93;89;87m[48;2;49;48;49m▀[0m[38;2;49;48;49m[48;2;169;151;63m▀[0m[38;2;49;48;49m[48;2;169;151;63m▀[0m[38;2;90;89;86m[48;2;46;52;57m▀[0m[38;2;0;0;0m[48;2;0;0;0m▀[0m  [38;2;0;0;0m▀[38;2;54;194;233m[48;2;0;0;0m▀[0m[38;2;52;192;231m[48;2;0;0;0m▀[0m[38;2;52;192;231m[48;2;0;0;0m▀[0m[38;2;0;0;0m▀ [38;2;0;0;0m[48;2;0;0;0m▀[0m[38;2;131;85;65m[48;2;65;68;71m▀[0m[38;2;126;78;60m[48;2;57;44;41m▀[0m[38;2;189;117;90m[48;2;106;98;98m▀[0m[38;2;49;48;49m[48;2;180;113;90m▀[0m[38;2;218;199;102m[48;2;0;0;0m▀[0m[38;2;0;0;0m▀         
      [38;2;0;0;0m▄[38;2;0;0;0m▄ [38;2;0;0;0m[48;2;0;0;0m▀[0m[38;2;93;91;90m[48;2;90;89;86m▀[0m[38;2;93;91;90m[48;2;90;89;86m▀[0m[38;2;49;48;49m[48;2;90;89;86m▀[0m[38;2;169;151;63m[48;2;49;48;49m▀[0m[38;2;166;149;61m[48;2;169;151;63m▀[0m[38;2;46;52;57m[48;2;169;151;63m▀[0m[38;2;0;0;0m[48;2;169;151;63m▀[0m[38;2;0;0;0m[48;2;169;151;63m▀[0m[38;2;0;4;0m▄[38;2;0;4;0m▄[38;2;0;0;0m▄[38;2;0;0;0m▄[38;2;0;0;0m[48;2;218;199;102m▀[0m[38;2;0;0;0m[48;2;218;199;102m▀[0m[38;2;65;68;71m[48;2;218;199;102m▀[0m[38;2;216;197;99m[48;2;218;199;102m▀[0m[38;2;217;198;101m[48;2;49;48;49m▀[0m[38;2;57;44;41m[48;2;135;85;65m▀[0m[38;2;180;113;90m[48;2;180;109;90m▀[0m[38;2;0;0;0m[48;2;49;48;49m▀[0m[38;2;0;0;0m▄         
     [38;2;0;0;0m[48;2;0;0;0m▀[0m[38;2;139;133;131m[48;2;90;89;86m▀[0m[38;2;93;89;87m[48;2;90;89;86m▀[0m[38;2;0;0;0m[48;2;90;89;86m▀[0m[38;2;90;89;86m[48;2;90;89;86m▀[0m[38;2;90;89;86m[48;2;0;0;0m▀[0m[38;2;0;0;0m▀[38;2;90;89;86m[48;2;0;0;0m▀[0m[38;2;90;89;86m[48;2;0;0;0m▀[0m[38;2;0;0;0m▀[38;2;0;0;0m▀[38;2;0;0;0m▀[38;2;169;151;63m[48;2;0;0;0m▀[0m[38;2;158;141;55m[48;2;0;0;0m▀[0m[38;2;227;208;108m[48;2;0;0;0m▀[0m[38;2;218;199;102m[48;2;0;0;0m▀[0m[38;2;218;199;102m[48;2;0;0;0m▀[0m[38;2;218;199;102m[48;2;0;0;0m▀[0m[38;2;0;0;0m▀[38;2;0;0;0m▀[38;2;0;0;0m▀[38;2;135;85;65m[48;2;0;0;0m▀[0m[38;2;135;85;65m[48;2;0;0;0m▀[0m[38;2;137;89;76m[48;2;131;85;65m▀[0m[38;2;49;48;49m[48;2;131;85;65m▀[0m[38;2;180;113;90m[48;2;180;113;98m▀[0m[38;2;0;0;0m[48;2;180;113;98m▀[0m[38;2;0;0;0m▄       
     [38;2;0;0;0m▄[38;2;0;0;0m[48;2;90;89;86m▀[0m[38;2;90;89;86m[48;2;90;89;86m▀[0m[38;2;90;89;86m[48;2;0;0;0m▀[0m[38;2;0;0;0m▀                  [38;2;0;0;0m[48;2;0;0;0m▀[0m[38;2;131;85;65m[48;2;131;85;65m▀[0m[38;2;60;40;38m[48;2;180;117;90m▀[0m[38;2;0;4;8m[48;2;0;4;0m▀[0m        
      [38;2;0;0;0m▀[38;2;0;0;0m▀                     [38;2;0;0;0m▀[38;2;120;79;60m[48;2;0;0;0m▀[0m[38;2;180;117;90m[48;2;0;0;0m▀[0m[38;2;0;0;0m▀       
                                     [0m                                     