   [38;2;0;0;0m▄[38;2;0;0;0m▄[38;2;0;0;0m▄[38;2;0;0;0m▄[38;2;0;0;0m[48;2;118;106;36m▀[0m[38;2;0;0;0m[48;2;239;227;157m▀[0m[38;2;0;0;0m[48;2;239;227;157m▀[0m[38;2;0;0;0m[48;2;238;226;156m▀[0m[38;2;0;0;0m[48;2;127;115;45m▀[0m[38;2;0;0;0m▄        [38;2;0;0;0m▄[38;2;0;0;0m▄[38;2;0;0;0m▄[38;2;0;0;0m▄[38;2;0;0;0m▄            
  [38;2;0;0;0m[48;2;0;0;0m▀[0m[38;2;127;115;45m[48;2;238;226;156m▀[0m[38;2;221;209;139m[48;2;221;209;139m▀[0m[38;2;123;111;41m[48;2;255;255;255m▀[0m[38;2;118;106;36m[48;2;239;227;157m▀[0m[38;2;239;227;157m[48;2;239;227;157m▀[0m[38;2;239;227;157m[48;2;239;227;157m▀[0m[38;2;239;227;157m[48;2;239;227;157m▀[0m[38;2;239;227;157m[48;2;239;227;157m▀[0m[38;2;118;106;36m[48;2;239;227;157m▀[0m[38;2;124;112;42m[48;2;232;220;150m▀[0m[38;2;0;0;0m[48;2;124;112;42m▀[0m[38;2;0;0;0m[48;2;66;65;66m▀[0m[38;2;0;0;0m▄[38;2;0;0;0m[48;2;190;178;108m▀[0m[38;2;0;0;0m[48;2;190;178;108m▀[0m[38;2;0;0;0m[48;2;128;116;46m▀[0m[38;2;0;0;0m▄[38;2;0;0;0m[48;2;190;178;108m▀[0m[38;2;190;178;108m[48;2;190;178;108m▀[0m[38;2;189;177;107m[48;2;189;177;107m▀[0m[38;2;189;177;107m[48;2;189;177;107m▀[0m[38;2;189;177;107m[48;2;189;177;107m▀[0m[38;2;128;116;46m[48;2;189;177;107m▀[0m[38;2;0;0;0m[48;2;128;116;46m▀[0m[38;2;0;0;0m▄[38;2;0;0;0m[48;2;190;178;108m▀[0m[38;2;0;0;0m[48;2;190;178;108m▀[0m[38;2;0;0;0m[48;2;128;116;46m▀[0m[38;2;0;0;0m▄      
  [38;2;0;0;0m▀[38;2;239;227;157m[48;2;0;0;0m▀[0m[38;2;247;243;247m[48;2;247;243;247m▀[0m[38;2;0;0;0m[48;2;247;243;247m▀[0m[38;2;255;255;255m[48;2;82;81;74m▀[0m[38;2;139;139;134m[48;2;82;81;74m▀[0m[38;2;164;152;82m[48;2;82;79;68m▀[0m[38;2;164;152;82m[48;2;164;152;82m▀[0m[38;2;235;223;153m[48;2;164;152;82m▀[0m[38;2;235;223;153m[48;2;255;255;255m▀[0m[38;2;239;227;157m[48;2;239;227;157m▀[0m[38;2;239;227;157m[48;2;239;227;157m▀[0m[38;2;118;106;36m[48;2;118;106;36m▀[0m[38;2;66;65;66m[48;2;66;65;66m▀[0m[38;2;189;177;107m[48;2;66;65;66m▀[0m[38;2;189;177;107m[48;2;66;65;66m▀[0m[38;2;190;178;108m[48;2;66;65;66m▀[0m[38;2;66;65;66m[48;2;117;105;35m▀[0m[38;2;66;65;66m[48;2;239;227;157m▀[0m[38;2;66;65;66m[48;2;239;227;157m▀[0m[38;2;66;60;57m[48;2;233;221;151m▀[0m[38;2;66;60;57m[48;2;129;117;47m▀[0m[38;2;187;175;105m[48;2;60;63;68m▀[0m[38;2;187;175;105m[48;2;132;120;50m▀[0m[38;2;189;177;107m[48;2;189;177;107m▀[0m[38;2;189;177;107m[48;2;189;177;107m▀[0m[38;2;189;177;107m[48;2;189;177;107m▀[0m[38;2;189;177;107m[48;2;189;177;107m▀[0m[38;2;189;177;107m[48;2;189;177;107m▀[0m[38;2;128;116;46m[48;2;128;116;46m▀[0m[38;2;0;0;0m[48;2;0;0;0m▀[0m     
   [38;2;0;0;0m[48;2;0;0;0m▀[0m[38;2;164;152;82m[48;2;164;152;82m▀[0m[38;2;82;79;68m[48;2;82;79;68m▀[0m[38;2;58;131;48m[48;2;63;173;49m▀[0m[38;2;63;173;49m[48;2;63;173;49m▀[0m[38;2;74;126;68m[48;2;41;178;4m▀[0m[38;2;79;79;68m[48;2;79;79;68m▀[0m[38;2;255;255;255m[48;2;164;152;82m▀[0m[38;2;255;255;255m[48;2;255;255;255m▀[0m[38;2;255;255;255m[48;2;220;208;138m▀[0m[38;2;120;108;38m[48;2;120;108;38m▀[0m[38;2;66;60;57m[48;2;66;60;57m▀[0m[38;2;129;117;47m[48;2;233;221;151m▀[0m[38;2;239;227;157m[48;2;239;227;157m▀[0m[38;2;118;106;36m[48;2;239;227;157m▀[0m[38;2;118;106;36m[48;2;239;227;157m▀[0m[38;2;239;227;157m[48;2;239;227;157m▀[0m[38;2;239;227;157m[48;2;239;227;157m▀[0m[38;2;239;227;157m[48;2;239;227;157m▀[0m[38;2;239;227;157m[48;2;239;227;157m▀[0m[38;2;118;106;36m[48;2;239;227;157m▀[0m[38;2;125;113;43m[48;2;233;221;151m▀[0m[38;2;57;56;49m[48;2;125;113;43m▀[0m[38;2;66;65;66m[48;2;66;65;66m▀[0m[38;2;189;177;107m[48;2;66;65;66m▀[0m[38;2;189;177;107m[48;2;189;177;107m▀[0m[38;2;189;177;107m[48;2;189;177;107m▀[0m[38;2;128;116;46m[48;2;128;116;46m▀[0m[38;2;0;0;0m[48;2;0;0;0m▀[0m      
  [38;2;0;0;0m[48;2;0;0;0m▀[0m[38;2;239;227;157m[48;2;239;227;157m▀[0m[38;2;165;153;83m[48;2;238;226;156m▀[0m[38;2;79;77;71m[48;2;165;153;83m▀[0m[38;2;74;126;68m[48;2;79;79;68m▀[0m[38;2;41;178;4m[48;2;79;79;68m▀[0m[38;2;101;118;99m[48;2;74;81;74m▀[0m[38;2;74;81;74m[48;2;160;148;78m▀[0m[38;2;164;152;82m[48;2;164;152;82m▀[0m[38;2;164;152;82m[48;2;239;227;157m▀[0m[38;2;239;227;157m[48;2;239;227;157m▀[0m[38;2;118;106;36m[48;2;239;227;157m▀[0m[38;2;66;60;57m[48;2;129;117;47m▀[0m[38;2;233;221;151m[48;2;66;60;57m▀[0m[38;2;239;227;157m[48;2;239;227;157m▀[0m[38;2;239;227;157m[48;2;64;65;64m▀[0m[38;2;64;65;64m[48;2;73;229;49m▀[0m[38;2;64;65;64m[48;2;76;175;64m▀[0m[38;2;50;75;48m[48;2;125;154;121m▀[0m[38;2;237;225;155m[48;2;50;75;48m▀[0m[38;2;239;227;157m[48;2;239;227;157m▀[0m[38;2;239;227;157m[48;2;239;227;157m▀[0m[38;2;239;227;157m[48;2;239;227;157m▀[0m[38;2;239;227;157m[48;2;239;227;157m▀[0m[38;2;118;106;36m[48;2;118;106;36m▀[0m[38;2;66;65;66m[48;2;66;65;66m▀[0m[38;2;189;177;107m[48;2;128;116;46m▀[0m[38;2;189;177;107m[48;2;189;177;107m▀[0m[38;2;189;177;107m[48;2;189;177;107m▀[0m[38;2;128;116;46m[48;2;189;177;107m▀[0m[38;2;0;0;0m[48;2;188;176;106m▀[0m[38;2;0;0;0m[48;2;131;119;49m▀[0m[38;2;0;0;0m▄   
  [38;2;0;0;0m▀[38;2;118;106;36m[48;2;0;0;0m▀[0m[38;2;238;226;156m[48;2;0;0;0m▀[0m[38;2;238;226;156m[48;2;127;115;45m▀[0m[38;2;163;151;81m[48;2;238;226;156m▀[0m[38;2;0;0;0m[48;2;0;0;0m▀[0m[38;2;164;152;82m[48;2;239;227;157m▀[0m[38;2;164;152;82m[48;2;239;227;157m▀[0m[38;2;239;227;157m[48;2;118;106;36m▀[0m[38;2;239;227;157m[48;2;118;106;36m▀[0m[38;2;239;227;157m[48;2;239;227;157m▀[0m[38;2;239;227;157m[48;2;118;106;36m▀[0m[38;2;118;106;36m[48;2;66;65;66m▀[0m[38;2;66;65;66m[48;2;66;65;66m▀[0m[38;2;64;65;64m[48;2;64;65;64m▀[0m[38;2;73;229;49m[48;2;76;175;64m▀[0m[38;2;73;229;49m[48;2;73;229;49m▀[0m[38;2;73;229;49m[48;2;60;174;42m▀[0m[38;2;62;174;48m[48;2;62;174;48m▀[0m[38;2;62;174;48m[48;2;62;174;48m▀[0m[38;2;64;65;64m[48;2;64;65;64m▀[0m[38;2;239;227;157m[48;2;239;227;157m▀[0m[38;2;239;227;157m[48;2;239;227;157m▀[0m[38;2;118;106;36m[48;2;118;106;36m▀[0m[38;2;66;65;66m[48;2;66;65;66m▀[0m[38;2;189;177;107m[48;2;189;177;107m▀[0m[38;2;66;64;66m[48;2;0;0;0m▀[0m[38;2;0;0;0m[48;2;0;0;0m▀[0m[38;2;63;60;57m[48;2;8;4;0m▀[0m[38;2;190;178;108m[48;2;190;178;108m▀[0m[38;2;189;177;107m[48;2;189;177;107m▀[0m[38;2;128;116;46m[48;2;128;116;46m▀[0m[38;2;0;0;0m[48;2;0;0;0m▀[0m   
     [38;2;0;0;0m▀[38;2;239;227;157m[48;2;0;0;0m▀[0m[38;2;239;227;157m[48;2;0;0;0m▀[0m[38;2;238;226;156m[48;2;0;0;0m▀[0m[38;2;127;115;45m[48;2;0;0;0m▀[0m[38;2;118;106;36m[48;2;0;0;0m▀[0m[38;2;0;0;0m▀[38;2;0;0;0m▀[38;2;66;65;66m[48;2;0;0;0m▀[0m[38;2;66;65;66m[48;2;66;65;66m▀[0m[38;2;239;227;157m[48;2;239;227;157m▀[0m[38;2;55;67;53m[48;2;236;224;154m▀[0m[38;2;103;122;102m[48;2;55;67;53m▀[0m[38;2;63;173;49m[48;2;58;131;48m▀[0m[38;2;63;173;49m[48;2;58;131;48m▀[0m[38;2;45;181;16m[48;2;59;125;53m▀[0m[38;2;59;125;53m[48;2;60;71;59m▀[0m[38;2;64;65;64m[48;2;239;227;157m▀[0m[38;2;239;227;157m[48;2;239;227;157m▀[0m[38;2;239;227;157m[48;2;239;227;157m▀[0m[38;2;118;106;36m[48;2;239;227;157m▀[0m[38;2;66;65;66m[48;2;117;105;35m▀[0m[38;2;190;178;108m[48;2;66;65;66m▀[0m[38;2;63;60;57m[48;2;190;178;108m▀[0m[38;2;8;4;0m[48;2;190;178;108m▀[0m[38;2;60;63;68m[48;2;187;175;105m▀[0m[38;2;187;175;105m[48;2;132;120;50m▀[0m[38;2;188;176;106m[48;2;0;0;0m▀[0m[38;2;131;119;49m[48;2;0;0;0m▀[0m[38;2;0;0;0m▀   
              [38;2;0;0;0m▀[38;2;118;106;36m[48;2;0;0;0m▀[0m[38;2;238;226;156m[48;2;57;56;57m▀[0m[38;2;238;226;156m[48;2;127;115;45m▀[0m[38;2;64;65;64m[48;2;239;227;157m▀[0m[38;2;64;65;64m[48;2;239;227;157m▀[0m[38;2;64;65;64m[48;2;239;227;157m▀[0m[38;2;239;227;157m[48;2;239;227;157m▀[0m[38;2;239;227;157m[48;2;118;106;36m▀[0m[38;2;239;227;157m[48;2;118;106;36m▀[0m[38;2;239;227;157m[48;2;239;227;157m▀[0m[38;2;239;227;157m[48;2;118;106;36m▀[0m[38;2;118;106;36m[48;2;66;65;66m▀[0m[38;2;66;65;66m[48;2;66;65;66m▀[0m[38;2;189;177;107m[48;2;189;177;107m▀[0m[38;2;189;177;107m[48;2;128;116;46m▀[0m[38;2;128;116;46m[48;2;0;0;0m▀[0m[38;2;0;0;0m▀      
          [38;2;0;0;0m▄[38;2;0;0;0m▄[38;2;0;0;0m▄[38;2;0;0;0m▄[38;2;0;0;0m[48;2;166;112;160m▀[0m[38;2;83;56;80m[48;2;249;168;240m▀[0m[38;2;66;65;66m[48;2;247;142;236m▀[0m[38;2;66;65;66m[48;2;247;142;236m▀[0m[38;2;74;60;57m[48;2;156;135;131m▀[0m[38;2;235;223;153m[48;2;74;60;57m▀[0m[38;2;233;221;151m[48;2;66;60;57m▀[0m[38;2;129;117;47m[48;2;66;60;57m▀[0m[38;2;93;99;104m[48;2;66;65;66m▀[0m[38;2;66;65;66m[48;2;131;119;49m▀[0m[38;2;66;65;66m[48;2;189;177;107m▀[0m[38;2;66;65;66m[48;2;189;177;107m▀[0m[38;2;66;65;66m[48;2;189;177;107m▀[0m[38;2;189;177;107m[48;2;189;177;107m▀[0m[38;2;189;177;107m[48;2;189;177;107m▀[0m[38;2;128;116;46m[48;2;189;177;107m▀[0m[38;2;0;0;0m[48;2;128;116;46m▀[0m[38;2;0;0;0m▄      
   [38;2;0;0;0m[48;2;0;0;0m▀[0m[38;2;0;0;0m[48;2;190;178;108m▀[0m[38;2;0;0;0m▄[38;2;0;0;0m▄[38;2;0;0;0m[48;2;190;178;108m▀[0m[38;2;0;0;0m[48;2;190;178;108m▀[0m[38;2;0;0;0m[48;2;190;178;108m▀[0m[38;2;239;227;157m[48;2;74;73;66m▀[0m[38;2;239;227;157m[48;2;74;73;66m▀[0m[38;2;238;226;156m[48;2;238;226;156m▀[0m[38;2;182;107;174m[48;2;163;50;151m▀[0m[38;2;244;110;230m[48;2;197;98;186m▀[0m[38;2;244;110;230m[48;2;244;110;230m▀[0m[38;2;243;111;229m[48;2;243;111;229m▀[0m[38;2;243;111;229m[48;2;243;111;229m▀[0m[38;2;244;119;231m[48;2;196;92;185m▀[0m[38;2;196;92;185m[48;2;148;64;139m▀[0m[38;2;239;227;157m[48;2;239;227;157m▀[0m[38;2;239;227;157m[48;2;82;81;66m▀[0m[38;2;241;229;159m[48;2;66;65;66m▀[0m[38;2;66;65;66m[48;2;188;176;106m▀[0m[38;2;189;177;107m[48;2;189;177;107m▀[0m[38;2;189;177;107m[48;2;128;116;46m▀[0m[38;2;190;178;108m[48;2;0;0;0m▀[0m[38;2;190;178;108m[48;2;190;178;108m▀[0m[38;2;189;177;107m[48;2;189;177;107m▀[0m[38;2;189;177;107m[48;2;128;116;46m▀[0m[38;2;132;120;50m[48;2;57;60;66m▀[0m[38;2;8;4;0m[48;2;57;60;66m▀[0m[38;2;0;0;0m▄[38;2;0;0;0m[48;2;190;178;108m▀[0m[38;2;0;0;0m[48;2;0;0;0m▀[0m   
   [38;2;0;0;0m▄[38;2;8;12;8m[48;2;249;237;167m▀[0m[38;2;174;162;92m[48;2;100;88;18m▀[0m[38;2;112;100;30m[48;2;0;0;0m▀[0m[38;2;0;0;0m▀[38;2;0;0;0m▀[38;2;66;65;66m[48;2;0;0;0m▀[0m[38;2;82;81;66m[48;2;239;227;157m▀[0m[38;2;239;227;157m[48;2;239;227;157m▀[0m[38;2;239;227;157m[48;2;82;81;66m▀[0m[38;2;239;227;157m[48;2;82;81;66m▀[0m[38;2;148;57;138m[48;2;239;227;157m▀[0m[38;2;148;57;138m[48;2;239;227;157m▀[0m[38;2;148;57;138m[48;2;239;227;157m▀[0m[38;2;148;57;138m[48;2;239;227;157m▀[0m[38;2;106;74;74m[48;2;106;74;74m▀[0m[38;2;239;227;157m[48;2;106;74;74m▀[0m[38;2;239;227;157m[48;2;82;81;66m▀[0m[38;2;239;227;157m[48;2;239;227;157m▀[0m[38;2;74;69;66m[48;2;239;227;157m▀[0m[38;2;74;69;66m[48;2;74;69;66m▀[0m[38;2;128;116;46m[48;2;0;0;0m▀[0m[38;2;0;0;0m▀ [38;2;0;0;0m▀[38;2;0;0;0m▀[38;2;0;0;0m▀[38;2;0;0;0m▀[38;2;112;100;30m[48;2;0;0;0m▀[0m[38;2;192;180;110m[48;2;105;93;23m▀[0m[38;2;0;4;0m[48;2;192;180;110m▀[0m[38;2;0;0;0m▄   
   [38;2;0;0;0m[48;2;0;0;0m▀[0m[38;2;239;227;157m[48;2;239;227;157m▀[0m[38;2;0;0;0m[48;2;239;227;157m▀[0m[38;2;0;0;0m▄  [38;2;0;0;0m▀[38;2;82;79;68m[48;2;0;0;0m▀[0m[38;2;82;79;68m[48;2;0;0;0m▀[0m[38;2;82;79;70m[48;2;0;0;0m▀[0m[38;2;0;0;0m▀[38;2;79;78;71m[48;2;8;4;0m▀[0m[38;2;240;228;158m[48;2;79;78;71m▀[0m[38;2;239;227;157m[48;2;82;81;66m▀[0m[38;2;82;81;66m[48;2;82;81;66m▀[0m[38;2;82;79;70m[48;2;0;0;0m▀[0m[38;2;0;0;0m▀[38;2;82;79;68m[48;2;0;0;0m▀[0m[38;2;82;79;68m[48;2;0;0;0m▀[0m[38;2;82;79;70m[48;2;0;0;0m▀[0m[38;2;0;0;0m▀       [38;2;0;0;0m▄[38;2;0;0;0m[48;2;239;227;157m▀[0m[38;2;239;227;157m[48;2;239;227;157m▀[0m[38;2;0;0;0m[48;2;0;0;0m▀[0m   
  [38;2;0;0;0m▄[38;2;0;0;0m[48;2;239;227;157m▀[0m[38;2;118;106;36m[48;2;239;227;157m▀[0m[38;2;239;227;157m[48;2;118;106;36m▀[0m[38;2;239;227;157m[48;2;239;227;157m▀[0m[38;2;0;0;0m[48;2;239;227;157m▀[0m[38;2;0;0;0m[48;2;239;227;157m▀[0m[38;2;0;0;0m▄[38;2;0;0;0m▄[38;2;0;0;0m▄[38;2;0;0;0m▄  [38;2;0;0;0m▀[38;2;0;0;0m▀[38;2;0;0;0m▀       [38;2;0;0;0m▄[38;2;0;0;0m▄[38;2;0;0;0m▄[38;2;0;0;0m▄[38;2;0;0;0m[48;2;239;227;157m▀[0m[38;2;0;0;0m[48;2;239;227;157m▀[0m[38;2;239;227;157m[48;2;239;227;157m▀[0m[38;2;239;227;157m[48;2;118;106;36m▀[0m[38;2;118;106;36m[48;2;239;227;157m▀[0m[38;2;0;0;0m[48;2;239;227;157m▀[0m[38;2;0;0;0m▄  
 [38;2;0;0;0m▀[38;2;239;227;157m[48;2;0;0;0m▀[0m[38;2;239;227;157m[48;2;0;0;0m▀[0m[38;2;118;106;36m[48;2;0;0;0m▀[0m[38;2;0;0;0m▀[38;2;239;227;157m[48;2;0;0;0m▀[0m[38;2;239;227;157m[48;2;0;0;0m▀[0m[38;2;239;227;157m[48;2;239;227;157m▀[0m[38;2;239;227;157m[48;2;239;227;157m▀[0m[38;2;239;227;157m[48;2;239;227;157m▀[0m[38;2;239;227;157m[48;2;239;227;157m▀[0m[38;2;239;227;157m[48;2;239;227;157m▀[0m[38;2;0;0;0m[48;2;239;227;157m▀[0m[38;2;0;0;0m[48;2;239;227;157m▀[0m[38;2;0;0;0m[48;2;239;227;157m▀[0m[38;2;0;0;0m[48;2;238;226;156m▀[0m[38;2;0;0;0m[48;2;127;115;45m▀[0m[38;2;0;4;0m[48;2;194;182;112m▀[0m[38;2;0;4;0m[48;2;106;94;24m▀[0m[38;2;0;0;0m[48;2;239;227;157m▀[0m[38;2;0;0;0m[48;2;239;227;157m▀[0m[38;2;0;0;0m[48;2;239;227;157m▀[0m[38;2;0;0;0m[48;2;239;227;157m▀[0m[38;2;0;0;0m[48;2;239;227;157m▀[0m[38;2;239;227;157m[48;2;239;227;157m▀[0m[38;2;239;227;157m[48;2;239;227;157m▀[0m[38;2;239;227;157m[48;2;239;227;157m▀[0m[38;2;239;227;157m[48;2;239;227;157m▀[0m[38;2;239;227;157m[48;2;239;227;157m▀[0m[38;2;239;227;157m[48;2;0;0;0m▀[0m[38;2;239;227;157m[48;2;0;0;0m▀[0m[38;2;0;0;0m▀[38;2;118;106;36m[48;2;0;0;0m▀[0m[38;2;239;227;157m[48;2;0;0;0m▀[0m[38;2;239;227;157m[48;2;0;0;0m▀[0m[38;2;0;0;0m▀ 
        [38;2;0;0;0m▀[38;2;0;0;0m▀[38;2;0;0;0m▀[38;2;0;0;0m▀[38;2;239;227;157m[48;2;0;0;0m▀[0m[38;2;239;227;157m[48;2;0;0;0m▀[0m[38;2;239;227;157m[48;2;0;0;0m▀[0m[38;2;239;227;157m[48;2;0;0;0m▀[0m[38;2;102;90;20m[48;2;16;12;8m▀[0m[38;2;252;240;170m[48;2;177;165;95m▀[0m[38;2;237;225;155m[48;2;237;225;155m▀[0m[38;2;237;225;155m[48;2;190;178;108m▀[0m[38;2;127;115;45m[48;2;0;0;0m▀[0m[38;2;238;226;156m[48;2;0;0;0m▀[0m[38;2;239;227;157m[48;2;0;0;0m▀[0m[38;2;239;227;157m[48;2;0;0;0m▀[0m[38;2;239;227;157m[48;2;0;0;0m▀[0m[38;2;239;227;157m[48;2;0;0;0m▀[0m[38;2;0;0;0m▀[38;2;0;0;0m▀[38;2;0;0;0m▀[38;2;0;0;0m▀        
                 [38;2;0;0;0m▀[38;2;239;227;157m[48;2;0;0;0m▀[0m[38;2;0;0;0m▀                  
                                     [0m                                     