   [38;2;177;122;176m▄[38;2;177;122;176m[48;2;255;195;240m▀[0m[38;2;177;122;176m[48;2;255;195;240m▀[0m[38;2;177;122;176m[48;2;255;195;240m▀[0m[38;2;177;122;176m▄      [38;2;177;122;176m▄[38;2;177;122;176m[48;2;255;195;240m▀[0m[38;2;177;122;176m[48;2;255;195;240m▀[0m[38;2;177;122;176m▄  [38;2;177;122;176m▄[38;2;177;122;176m[48;2;216;158;208m▀[0m[38;2;177;122;176m[48;2;255;195;240m▀[0m[38;2;177;122;176m[48;2;255;195;240m▀[0m[38;2;177;122;176m▄  
  [38;2;177;122;176m[48;2;177;122;176m▀[0m[38;2;216;158;208m[48;2;216;158;208m▀[0m[38;2;255;195;240m[48;2;216;158;208m▀[0m[38;2;255;195;240m[48;2;255;195;240m▀[0m[38;2;255;195;240m[48;2;255;195;240m▀[0m[38;2;255;195;240m[48;2;255;195;240m▀[0m[38;2;177;122;176m[48;2;177;122;176m▀[0m     [38;2;177;122;176m▀[38;2;255;195;240m[48;2;177;122;176m▀[0m[38;2;255;195;240m[48;2;177;122;176m▀[0m[38;2;177;122;176m▀[38;2;177;122;176m▄[38;2;177;122;176m[48;2;216;158;208m▀[0m[38;2;177;122;176m[48;2;216;158;208m▀[0m[38;2;255;195;240m[48;2;255;195;240m▀[0m[38;2;255;195;240m[48;2;255;195;240m▀[0m[38;2;255;195;240m[48;2;255;195;240m▀[0m[38;2;255;195;240m[48;2;255;195;240m▀[0m[38;2;177;122;176m[48;2;177;122;176m▀[0m 
   [38;2;177;122;176m▀[38;2;177;122;176m▀[38;2;216;158;208m[48;2;177;122;176m▀[0m[38;2;216;158;208m[48;2;177;122;176m▀[0m[38;2;177;122;176m▀   [38;2;0;0;0m▄[38;2;0;0;0m[48;2;124;186;178m▀[0m[38;2;0;0;0m[48;2;124;186;178m▀[0m[38;2;0;0;0m▄   [38;2;177;122;176m▀[38;2;216;158;208m[48;2;177;122;176m▀[0m[38;2;216;158;208m[48;2;216;158;208m▀[0m[38;2;255;195;240m[48;2;216;158;208m▀[0m[38;2;255;195;240m[48;2;255;195;240m▀[0m[38;2;255;195;240m[48;2;255;195;240m▀[0m[38;2;177;122;176m[48;2;255;195;240m▀[0m[38;2;177;122;176m▄ 
 [38;2;177;122;176m▄[38;2;177;122;176m[48;2;216;158;208m▀[0m[38;2;177;122;176m[48;2;216;158;208m▀[0m[38;2;177;122;176m▄ [38;2;0;0;0m▄[38;2;0;0;0m[48;2;78;140;132m▀[0m[38;2;0;0;0m[48;2;48;110;102m▀[0m[38;2;0;0;0m▄[38;2;0;0;0m[48;2;124;186;178m▀[0m[38;2;65;65;65m[48;2;124;186;178m▀[0m[38;2;78;140;132m[48;2;78;140;132m▀[0m[38;2;78;140;132m[48;2;78;140;132m▀[0m[38;2;65;65;65m[48;2;124;186;178m▀[0m[38;2;0;0;0m[48;2;124;186;178m▀[0m[38;2;0;0;0m▄[38;2;0;0;0m▄[38;2;0;0;0m▄ [38;2;177;122;176m▀[38;2;177;122;176m▀[38;2;255;195;240m[48;2;177;122;176m▀[0m[38;2;255;195;240m[48;2;177;122;176m▀[0m[38;2;177;122;176m[48;2;177;122;176m▀[0m[38;2;177;122;176m▀ 
 [38;2;177;122;176m▀[38;2;216;158;208m[48;2;177;122;176m▀[0m[38;2;216;158;208m[48;2;177;122;176m▀[0m[38;2;177;122;176m▀ [38;2;0;0;0m▀[38;2;48;110;102m[48;2;0;0;0m▀[0m[38;2;78;140;132m[48;2;214;206;214m▀[0m[38;2;124;186;178m[48;2;124;186;178m▀[0m[38;2;124;186;178m[48;2;124;186;178m▀[0m[38;2;124;186;178m[48;2;124;186;178m▀[0m[38;2;124;186;178m[48;2;124;186;178m▀[0m[38;2;124;186;178m[48;2;124;186;178m▀[0m[38;2;124;186;178m[48;2;124;186;178m▀[0m[38;2;124;186;178m[48;2;124;186;178m▀[0m[38;2;124;186;178m[48;2;124;186;178m▀[0m[38;2;78;140;132m[48;2;124;186;178m▀[0m[38;2;124;186;178m[48;2;78;140;132m▀[0m[38;2;0;0;0m[48;2;0;0;0m▀[0m       
      [38;2;0;0;0m[48;2;0;0;0m▀[0m[38;2;124;186;178m[48;2;124;186;178m▀[0m[38;2;255;255;255m[48;2;124;186;178m▀[0m[38;2;124;186;178m[48;2;124;186;178m▀[0m[38;2;124;186;178m[48;2;124;186;178m▀[0m[38;2;124;186;178m[48;2;124;186;178m▀[0m[38;2;124;186;178m[48;2;124;186;178m▀[0m[38;2;124;186;178m[48;2;0;0;0m▀[0m[38;2;124;186;178m[48;2;255;255;255m▀[0m[38;2;124;186;178m[48;2;78;140;132m▀[0m[38;2;124;186;178m[48;2;124;186;178m▀[0m[38;2;124;186;178m[48;2;124;186;178m▀[0m[38;2;0;0;0m[48;2;65;65;65m▀[0m[38;2;0;0;0m▄  [38;2;177;122;176m▄[38;2;177;122;176m[48;2;255;195;240m▀[0m[38;2;177;122;176m▄  
     [38;2;0;0;0m[48;2;0;0;0m▀[0m[38;2;78;140;132m[48;2;78;140;132m▀[0m[38;2;65;65;65m[48;2;214;206;214m▀[0m[38;2;124;186;178m[48;2;65;65;65m▀[0m[38;2;124;186;178m[48;2;65;65;65m▀[0m[38;2;124;186;178m[48;2;124;186;178m▀[0m[38;2;124;186;178m[48;2;124;186;178m▀[0m[38;2;255;255;255m[48;2;124;186;178m▀[0m[38;2;255;255;255m[48;2;124;186;178m▀[0m[38;2;255;255;255m[48;2;124;186;178m▀[0m[38;2;255;255;255m[48;2;65;65;65m▀[0m[38;2;124;186;178m[48;2;78;140;132m▀[0m[38;2;78;140;132m[48;2;78;140;132m▀[0m[38;2;78;140;132m[48;2;78;140;132m▀[0m[38;2;48;110;102m[48;2;78;140;132m▀[0m[38;2;0;0;0m[48;2;0;0;0m▀[0m  [38;2;177;122;176m▀   
      [38;2;0;0;0m▀[38;2;48;110;102m[48;2;0;0;0m▀[0m[38;2;197;99;123m[48;2;78;140;132m▀[0m[38;2;197;99;123m[48;2;197;99;123m▀[0m[38;2;65;65;65m[48;2;197;99;123m▀[0m[38;2;65;65;65m[48;2;197;99;123m▀[0m[38;2;65;65;65m[48;2;197;99;123m▀[0m[38;2;65;65;65m[48;2;255;255;255m▀[0m[38;2;65;65;65m[48;2;48;110;102m▀[0m[38;2;78;140;132m[48;2;78;140;132m▀[0m[38;2;78;140;132m[48;2;78;140;132m▀[0m[38;2;78;140;132m[48;2;78;140;132m▀[0m[38;2;48;110;102m[48;2;0;0;0m▀[0m[38;2;0;0;0m▀       
   [38;2;177;122;176m▄[38;2;177;122;176m[48;2;216;158;208m▀[0m[38;2;177;122;176m[48;2;216;158;208m▀[0m[38;2;0;0;0m[48;2;0;0;0m▀[0m[38;2;48;110;102m[48;2;78;140;132m▀[0m[38;2;78;140;132m[48;2;65;65;65m▀[0m[38;2;214;206;214m[48;2;78;140;132m▀[0m[38;2;214;206;214m[48;2;124;186;178m▀[0m[38;2;78;140;132m[48;2;124;186;178m▀[0m[38;2;78;140;132m[48;2;214;206;214m▀[0m[38;2;78;140;132m[48;2;214;206;214m▀[0m[38;2;78;140;132m[48;2;78;140;132m▀[0m[38;2;78;140;132m[48;2;78;140;132m▀[0m[38;2;78;140;132m[48;2;78;140;132m▀[0m[38;2;78;140;132m[48;2;65;65;65m▀[0m[38;2;0;0;0m[48;2;48;110;102m▀[0m[38;2;0;0;0m▄       
  [38;2;177;122;176m▄[38;2;177;122;176m[48;2;216;158;208m▀[0m[38;2;216;158;208m[48;2;216;158;208m▀[0m[38;2;216;158;208m[48;2;216;158;208m▀[0m[38;2;216;158;208m[48;2;216;158;208m▀[0m[38;2;0;0;0m[48;2;177;122;176m▀[0m[38;2;0;0;0m▀[38;2;0;0;0m▀[38;2;214;206;214m[48;2;0;0;0m▀[0m[38;2;214;206;214m[48;2;0;0;0m▀[0m[38;2;124;186;178m[48;2;78;140;132m▀[0m[38;2;78;140;132m[48;2;214;206;214m▀[0m[38;2;78;140;132m[48;2;0;0;0m▀[0m[38;2;78;140;132m[48;2;0;0;0m▀[0m[38;2;0;0;0m▀[38;2;48;110;102m[48;2;0;0;0m▀[0m[38;2;48;110;102m[48;2;0;0;0m▀[0m[38;2;0;0;0m▀       
  [38;2;177;122;176m▀[38;2;177;122;176m[48;2;177;122;176m▀[0m[38;2;216;158;208m[48;2;177;122;176m▀[0m[38;2;216;158;208m[48;2;177;122;176m▀[0m[38;2;177;122;176m▀ [38;2;177;122;176m▄[38;2;177;122;176m[48;2;216;158;208m▀[0m[38;2;177;122;176m▄ [38;2;0;0;0m▀[38;2;0;0;0m▀   [38;2;177;122;176m▄[38;2;177;122;176m▄[38;2;177;122;176m[48;2;255;195;240m▀[0m[38;2;177;122;176m[48;2;255;195;240m▀[0m[38;2;177;122;176m▄     
         [38;2;177;122;176m▀      [38;2;177;122;176m[48;2;177;122;176m▀[0m[38;2;255;195;240m[48;2;255;195;240m▀[0m[38;2;255;195;240m[48;2;255;195;240m▀[0m[38;2;255;195;240m[48;2;255;195;240m▀[0m[38;2;255;195;240m[48;2;216;158;208m▀[0m[38;2;216;158;208m[48;2;216;158;208m▀[0m[38;2;177;122;176m[48;2;177;122;176m▀[0m    
                 [38;2;177;122;176m▀[38;2;255;195;240m[48;2;177;122;176m▀[0m[38;2;255;195;240m[48;2;177;122;176m▀[0m[38;2;177;122;176m▀[38;2;177;122;176m▀     
                                     [0m                                     