  [38;2;0;0;0m▄[38;2;0;0;0m[48;2;138;117;77m▀[0m[38;2;0;0;0m[48;2;138;117;77m▀[0m[38;2;0;0;0m[48;2;65;65;65m▀[0m[38;2;0;0;0m▄            
 [38;2;0;0;0m[48;2;0;0;0m▀[0m[38;2;138;117;77m[48;2;138;117;77m▀[0m[38;2;138;117;77m[48;2;138;117;77m▀[0m[38;2;138;117;77m[48;2;65;65;65m▀[0m[38;2;138;117;77m[48;2;138;117;77m▀[0m[38;2;0;0;0m[48;2;0;0;0m▀[0m    [38;2;0;0;0m▄[38;2;0;0;0m[48;2;138;117;77m▀[0m[38;2;0;0;0m[48;2;138;117;77m▀[0m[38;2;0;0;0m▄    
  [38;2;0;0;0m▀[38;2;0;0;0m▀[38;2;0;0;0m[48;2;0;0;0m▀[0m[38;2;138;117;77m[48;2;65;65;65m▀[0m[38;2;0;0;0m[48;2;138;117;77m▀[0m[38;2;0;0;0m▄[38;2;0;0;0m[48;2;247;230;165m▀[0m[38;2;0;0;0m[48;2;247;230;165m▀[0m[38;2;0;0;0m[48;2;65;65;65m▀[0m[38;2;65;65;65m[48;2;138;117;77m▀[0m[38;2;138;117;77m[48;2;65;65;65m▀[0m[38;2;138;117;77m[48;2;138;117;77m▀[0m[38;2;138;117;77m[48;2;138;117;77m▀[0m[38;2;0;0;0m[48;2;0;0;0m▀[0m   
    [38;2;0;0;0m▄[38;2;0;0;0m[48;2;247;230;165m▀[0m[38;2;138;117;77m[48;2;65;65;65m▀[0m[38;2;65;65;65m[48;2;235;125;0m▀[0m[38;2;65;65;65m[48;2;235;125;0m▀[0m[38;2;65;65;65m[48;2;65;65;65m▀[0m[38;2;138;117;77m[48;2;138;117;77m▀[0m[38;2;138;117;77m[48;2;65;65;65m▀[0m[38;2;65;65;65m[48;2;65;65;65m▀[0m[38;2;65;65;65m[48;2;247;230;165m▀[0m[38;2;0;0;0m[48;2;247;230;165m▀[0m[38;2;0;0;0m▄   
  [38;2;0;0;0m▄[38;2;0;0;0m[48;2;248;207;72m▀[0m[38;2;247;230;165m[48;2;65;65;65m▀[0m[38;2;65;65;65m[48;2;255;255;255m▀[0m[38;2;65;65;65m[48;2;255;192;35m▀[0m[38;2;170;91;1m[48;2;65;65;65m▀[0m[38;2;170;91;1m[48;2;65;65;65m▀[0m[38;2;170;91;1m[48;2;65;65;65m▀[0m[38;2;65;65;65m[48;2;255;192;35m▀[0m[38;2;255;192;35m[48;2;255;192;35m▀[0m[38;2;235;125;0m[48;2;255;192;35m▀[0m[38;2;65;65;65m[48;2;235;125;0m▀[0m[38;2;247;230;165m[48;2;65;65;65m▀[0m[38;2;247;230;165m[48;2;247;230;165m▀[0m[38;2;0;0;0m[48;2;248;207;72m▀[0m[38;2;0;0;0m▄ 
  [38;2;0;0;0m▀[38;2;248;207;72m[48;2;0;0;0m▀[0m[38;2;65;65;65m[48;2;248;207;72m▀[0m[38;2;0;0;0m[48;2;65;65;65m▀[0m[38;2;255;192;35m[48;2;65;65;65m▀[0m[38;2;255;192;35m[48;2;65;65;65m▀[0m[38;2;255;192;35m[48;2;255;192;35m▀[0m[38;2;255;192;35m[48;2;255;192;35m▀[0m[38;2;255;255;255m[48;2;0;0;0m▀[0m[38;2;255;192;35m[48;2;255;192;35m▀[0m[38;2;255;192;35m[48;2;255;192;35m▀[0m[38;2;255;192;35m[48;2;65;65;65m▀[0m[38;2;65;65;65m[48;2;65;65;65m▀[0m[38;2;248;207;72m[48;2;248;207;72m▀[0m[38;2;248;207;72m[48;2;248;207;72m▀[0m[38;2;0;0;0m[48;2;0;0;0m▀[0m 
   [38;2;0;0;0m▄[38;2;0;0;0m[48;2;65;65;65m▀[0m[38;2;170;91;1m[48;2;65;65;65m▀[0m[38;2;235;125;0m[48;2;170;91;1m▀[0m[38;2;170;91;1m[48;2;170;91;1m▀[0m[38;2;65;65;65m[48;2;65;65;65m▀[0m[38;2;255;192;35m[48;2;65;65;65m▀[0m[38;2;255;192;35m[48;2;65;65;65m▀[0m[38;2;235;125;0m[48;2;65;65;65m▀[0m[38;2;65;65;65m[48;2;248;207;72m▀[0m[38;2;65;65;65m[48;2;248;207;72m▀[0m[38;2;248;207;72m[48;2;248;207;72m▀[0m[38;2;248;207;72m[48;2;0;0;0m▀[0m[38;2;0;0;0m▀  
  [38;2;0;0;0m[48;2;0;0;0m▀[0m[38;2;138;117;77m[48;2;138;117;77m▀[0m[38;2;138;117;77m[48;2;138;117;77m▀[0m[38;2;235;125;0m[48;2;235;125;0m▀[0m[38;2;65;65;65m[48;2;248;207;72m▀[0m[38;2;65;65;65m[48;2;248;207;72m▀[0m[38;2;247;230;165m[48;2;65;65;65m▀[0m[38;2;247;230;165m[48;2;65;65;65m▀[0m[38;2;247;230;165m[48;2;247;230;165m▀[0m[38;2;247;230;165m[48;2;248;207;72m▀[0m[38;2;247;230;165m[48;2;65;65;65m▀[0m[38;2;65;65;65m[48;2;255;192;35m▀[0m[38;2;65;65;65m[48;2;255;192;35m▀[0m[38;2;0;0;0m[48;2;0;0;0m▀[0m   
   [38;2;0;0;0m▀[38;2;0;0;0m▀[38;2;255;192;35m[48;2;0;0;0m▀[0m[38;2;247;230;165m[48;2;0;0;0m▀[0m[38;2;65;65;65m[48;2;65;65;65m▀[0m[38;2;138;117;77m[48;2;138;117;77m▀[0m[38;2;138;117;77m[48;2;138;117;77m▀[0m[38;2;65;65;65m[48;2;65;65;65m▀[0m[38;2;65;65;65m[48;2;255;192;35m▀[0m[38;2;255;192;35m[48;2;255;192;35m▀[0m[38;2;255;192;35m[48;2;255;192;35m▀[0m[38;2;255;192;35m[48;2;0;0;0m▀[0m[38;2;0;0;0m▀   
      [38;2;0;0;0m▀[38;2;117;96;57m[48;2;0;0;0m▀[0m[38;2;65;65;65m[48;2;0;0;0m▀[0m[38;2;0;0;0m▀[38;2;248;207;72m[48;2;0;0;0m▀[0m[38;2;235;125;0m[48;2;65;65;65m▀[0m[38;2;235;125;0m[48;2;117;96;57m▀[0m[38;2;65;65;65m[48;2;117;96;57m▀[0m[38;2;0;0;0m[48;2;0;0;0m▀[0m    
          [38;2;0;0;0m▀[38;2;117;96;57m[48;2;0;0;0m▀[0m[38;2;117;96;57m[48;2;0;0;0m▀[0m[38;2;0;0;0m▀     
                                     [0m                                     