                [38;2;0;0;0m▄[38;2;0;0;0m▄                    [38;2;0;0;0m▄[38;2;0;0;0m[48;2;206;213;247m▀[0m[38;2;0;0;0m[48;2;118;131;134m▀[0m[38;2;8;4;8m▄       
             [38;2;0;0;0m▄[38;2;0;0;0m[48;2;239;243;247m▀[0m[38;2;0;0;0m[48;2;79;81;82m▀[0m[38;2;206;209;255m[48;2;206;209;255m▀[0m[38;2;206;209;255m[48;2;206;209;255m▀[0m[38;2;0;0;0m[48;2;206;209;255m▀[0m[38;2;0;0;0m▄[38;2;0;0;0m[48;2;206;209;255m▀[0m[38;2;0;0;0m▄            [38;2;8;8;8m▄[38;2;0;0;0m[48;2;214;221;255m▀[0m[38;2;0;0;0m▄[38;2;0;0;0m[48;2;206;209;255m▀[0m[38;2;206;213;247m[48;2;206;213;247m▀[0m[38;2;137;142;164m[48;2;134;137;148m▀[0m[38;2;173;182;198m[48;2;237;110;228m▀[0m[38;2;173;182;198m[48;2;90;92;115m▀[0m[38;2;0;0;0m[48;2;137;142;164m▀[0m[38;2;0;0;0m▄[38;2;0;0;0m▄    
      [38;2;0;0;0m▄       [38;2;0;0;0m[48;2;0;0;0m▀[0m[38;2;159;159;164m[48;2;165;178;190m▀[0m[38;2;136;139;148m[48;2;165;178;190m▀[0m[38;2;206;209;255m[48;2;136;139;148m▀[0m[38;2;206;209;255m[48;2;206;209;255m▀[0m[38;2;206;209;255m[48;2;206;209;255m▀[0m[38;2;206;209;255m[48;2;66;65;66m▀[0m[38;2;0;0;0m[48;2;66;65;66m▀[0m[38;2;0;0;0m▄          [38;2;0;0;0m[48;2;0;0;0m▀[0m[38;2;214;221;255m[48;2;208;211;255m▀[0m[38;2;145;164;172m[48;2;208;211;255m▀[0m[38;2;206;209;255m[48;2;206;209;255m▀[0m[38;2;206;209;255m[48;2;164;177;190m▀[0m[38;2;134;137;148m[48;2;134;137;148m▀[0m[38;2;170;176;197m[48;2;170;176;197m▀[0m[38;2;90;92;115m[48;2;90;92;115m▀[0m[38;2;252;143;245m[48;2;252;143;245m▀[0m[38;2;206;213;247m[48;2;206;209;247m▀[0m[38;2;206;213;247m[48;2;74;77;82m▀[0m[38;2;255;255;255m[48;2;0;0;0m▀[0m[38;2;0;0;0m▀   
    [38;2;0;0;0m▄[38;2;0;0;0m[48;2;206;209;255m▀[0m[38;2;206;209;255m[48;2;206;213;247m▀[0m[38;2;0;0;0m[48;2;134;137;148m▀[0m[38;2;0;0;0m▄ [38;2;0;0;0m▄[38;2;0;0;0m▄ [38;2;0;0;0m▄[38;2;0;0;0m[48;2;255;255;255m▀[0m[38;2;165;178;190m[48;2;66;65;66m▀[0m[38;2;136;139;148m[48;2;66;65;66m▀[0m[38;2;165;178;190m[48;2;66;65;66m▀[0m[38;2;66;65;66m[48;2;206;209;255m▀[0m[38;2;66;65;66m[48;2;206;209;255m▀[0m[38;2;206;209;255m[48;2;132;139;148m▀[0m[38;2;206;209;255m[48;2;66;65;66m▀[0m[38;2;0;0;0m[48;2;0;0;0m▀[0m         [38;2;0;0;0m▄[38;2;66;65;66m[48;2;206;209;255m▀[0m[38;2;208;211;255m[48;2;206;209;255m▀[0m[38;2;208;211;255m[48;2;206;209;255m▀[0m[38;2;164;177;190m[48;2;164;177;190m▀[0m[38;2;206;209;255m[48;2;206;209;255m▀[0m[38;2;206;213;247m[48;2;206;209;255m▀[0m[38;2;134;137;148m[48;2;136;139;148m▀[0m[38;2;237;110;228m[48;2;164;177;190m▀[0m[38;2;90;92;115m[48;2;164;177;190m▀[0m[38;2;140;141;164m[48;2;0;0;0m▀[0m[38;2;8;0;0m▀     
   [38;2;0;0;0m▄[38;2;0;0;0m[48;2;208;211;255m▀[0m[38;2;206;209;255m[48;2;208;211;255m▀[0m[38;2;134;137;148m[48;2;136;139;148m▀[0m[38;2;170;176;197m[48;2;165;178;190m▀[0m[38;2;82;79;70m[48;2;135;138;148m▀[0m[38;2;0;0;0m[48;2;241;118;233m▀[0m[38;2;241;118;233m[48;2;255;185;255m▀[0m[38;2;0;0;0m[48;2;57;65;82m▀[0m[38;2;0;0;0m▄[38;2;0;0;0m[48;2;206;209;255m▀[0m[38;2;66;65;66m[48;2;208;211;255m▀[0m[38;2;66;65;66m[48;2;208;211;255m▀[0m[38;2;206;209;255m[48;2;206;213;247m▀[0m[38;2;206;209;255m[48;2;134;137;148m▀[0m[38;2;206;209;255m[48;2;137;144;149m▀[0m[38;2;136;139;148m[48;2;82;77;66m▀[0m[38;2;66;65;66m[48;2;165;178;190m▀[0m[38;2;165;178;190m[48;2;165;178;190m▀[0m[38;2;206;209;255m[48;2;181;193;195m▀[0m[38;2;0;0;0m[48;2;90;89;82m▀[0m[38;2;0;0;0m▄[38;2;0;0;0m▄[38;2;0;0;0m[48;2;129;155;169m▀[0m[38;2;0;0;0m[48;2;129;155;169m▀[0m[38;2;0;0;0m[48;2;129;155;169m▀[0m[38;2;0;0;0m[48;2;129;155;169m▀[0m[38;2;0;0;0m▄[38;2;0;0;0m▄[38;2;0;0;0m[48;2;66;65;66m▀[0m[38;2;206;209;255m[48;2;206;209;255m▀[0m[38;2;206;209;255m[48;2;206;209;255m▀[0m[38;2;164;177;190m[48;2;136;139;148m▀[0m[38;2;206;209;255m[48;2;136;139;148m▀[0m[38;2;206;209;255m[48;2;206;209;255m▀[0m[38;2;206;209;255m[48;2;206;213;247m▀[0m[38;2;136;139;148m[48;2;134;137;148m▀[0m[38;2;164;177;190m[48;2;237;110;228m▀[0m[38;2;164;177;190m[48;2;90;92;115m▀[0m[38;2;0;0;0m[48;2;137;142;164m▀[0m[38;2;0;0;0m▄[38;2;0;0;0m▄    
   [38;2;0;0;0m[48;2;0;0;0m▀[0m[38;2;208;211;255m[48;2;206;209;255m▀[0m[38;2;208;211;255m[48;2;206;209;255m▀[0m[38;2;136;139;148m[48;2;135;138;148m▀[0m[38;2;136;139;148m[48;2;241;118;233m▀[0m[38;2;241;118;233m[48;2;241;118;233m▀[0m[38;2;241;118;233m[48;2;135;138;148m▀[0m[38;2;144;150;123m[48;2;208;211;255m▀[0m[38;2;206;209;255m[48;2;208;211;255m▀[0m[38;2;206;209;255m[48;2;206;209;255m▀[0m[38;2;206;209;255m[48;2;206;209;255m▀[0m[38;2;208;211;255m[48;2;206;213;247m▀[0m[38;2;208;211;255m[48;2;134;137;148m▀[0m[38;2;134;137;148m[48;2;165;178;190m▀[0m[38;2;170;176;197m[48;2;82;79;68m▀[0m[38;2;82;77;66m[48;2;206;209;255m▀[0m[38;2;165;173;189m[48;2;82;81;82m▀[0m[38;2;94;97;96m[48;2;206;209;255m▀[0m[38;2;165;178;190m[48;2;82;81;66m▀[0m[38;2;90;89;82m[48;2;129;155;169m▀[0m[38;2;124;150;164m[48;2;129;155;169m▀[0m[38;2;129;155;169m[48;2;79;105;119m▀[0m[38;2;129;155;169m[48;2;79;105;119m▀[0m[38;2;79;105;119m[48;2;75;101;115m▀[0m[38;2;129;155;169m[48;2;66;65;66m▀[0m[38;2;66;65;66m[48;2;136;139;148m▀[0m[38;2;66;65;66m[48;2;206;209;255m▀[0m[38;2;129;155;169m[48;2;66;65;66m▀[0m[38;2;66;65;63m[48;2;206;209;255m▀[0m[38;2;206;209;255m[48;2;206;209;255m▀[0m[38;2;206;209;255m[48;2;136;139;148m▀[0m[38;2;136;139;148m[48;2;208;211;255m▀[0m[38;2;206;209;255m[48;2;208;211;255m▀[0m[38;2;206;209;255m[48;2;208;211;255m▀[0m[38;2;136;139;148m[48;2;208;211;255m▀[0m[38;2;134;137;148m[48;2;134;137;148m▀[0m[38;2;170;176;197m[48;2;170;176;197m▀[0m[38;2;90;92;115m[48;2;90;92;115m▀[0m[38;2;252;143;245m[48;2;252;143;245m▀[0m[38;2;206;213;247m[48;2;206;209;255m▀[0m[38;2;206;213;247m[48;2;0;0;0m▀[0m[38;2;255;255;255m[48;2;0;0;0m▀[0m[38;2;0;0;0m▀   
   [38;2;0;0;0m[48;2;0;0;0m▀[0m[38;2;206;209;255m[48;2;206;209;255m▀[0m[38;2;136;139;148m[48;2;136;139;148m▀[0m[38;2;241;118;233m[48;2;241;118;233m▀[0m[38;2;241;118;233m[48;2;161;164;186m▀[0m[38;2;241;118;233m[48;2;136;139;148m▀[0m[38;2;135;138;148m[48;2;206;209;255m▀[0m[38;2;208;211;255m[48;2;206;213;255m▀[0m[38;2;208;211;255m[48;2;206;213;255m▀[0m[38;2;206;209;255m[48;2;137;144;149m▀[0m[38;2;136;139;148m[48;2;165;173;189m▀[0m[38;2;134;137;148m[48;2;165;178;190m▀[0m[38;2;170;176;197m[48;2;165;178;190m▀[0m[38;2;165;178;190m[48;2;66;65;66m▀[0m[38;2;165;178;190m[48;2;66;65;66m▀[0m[38;2;82;81;82m[48;2;206;209;255m▀[0m[38;2;206;209;255m[48;2;206;209;255m▀[0m[38;2;206;209;255m[48;2;48;74;88m▀[0m[38;2;206;209;255m[48;2;48;74;88m▀[0m[38;2;52;78;92m[48;2;129;155;169m▀[0m[38;2;75;101;115m[48;2;129;155;169m▀[0m[38;2;129;155;169m[48;2;134;160;174m▀[0m[38;2;129;155;169m[48;2;76;102;116m▀[0m[38;2;134;160;174m[48;2;74;69;66m▀[0m[38;2;66;65;66m[48;2;140;143;156m▀[0m[38;2;206;209;255m[48;2;206;209;255m▀[0m[38;2;206;209;255m[48;2;206;209;255m▀[0m[38;2;206;209;255m[48;2;136;139;148m▀[0m[38;2;206;209;255m[48;2;136;139;148m▀[0m[38;2;136;139;148m[48;2;208;211;255m▀[0m[38;2;206;209;255m[48;2;208;211;255m▀[0m[38;2;208;211;255m[48;2;206;209;255m▀[0m[38;2;208;211;255m[48;2;0;0;0m▀[0m[38;2;208;211;255m[48;2;0;0;0m▀[0m[38;2;208;211;255m[48;2;0;0;0m▀[0m[38;2;206;213;247m[48;2;0;0;0m▀[0m[38;2;134;137;148m[48;2;206;209;255m▀[0m[38;2;237;110;228m[48;2;118;134;132m▀[0m[38;2;90;92;115m[48;2;8;4;0m▀[0m[38;2;0;0;0m▀[38;2;0;0;0m▄[38;2;0;0;0m▄[38;2;0;0;0m▄   
  [38;2;0;0;0m[48;2;0;0;0m▀[0m[38;2;206;209;255m[48;2;206;209;255m▀[0m[38;2;206;209;255m[48;2;136;139;148m▀[0m[38;2;136;139;148m[48;2;136;139;148m▀[0m[38;2;161;164;186m[48;2;208;211;255m▀[0m[38;2;161;164;186m[48;2;208;211;255m▀[0m[38;2;206;209;255m[48;2;164;171;192m▀[0m[38;2;206;209;255m[48;2;82;81;82m▀[0m[38;2;164;171;192m[48;2;82;81;66m▀[0m[38;2;82;81;66m[48;2;234;106;226m▀[0m[38;2;82;77;66m[48;2;82;79;68m▀[0m[38;2;82;77;66m[48;2;165;178;190m▀[0m[38;2;66;65;66m[48;2;66;60;66m▀[0m[38;2;66;65;66m[48;2;165;173;189m▀[0m[38;2;165;178;190m[48;2;47;73;87m▀[0m[38;2;165;178;190m[48;2;47;73;87m▀[0m[38;2;49;75;89m[48;2;129;155;169m▀[0m[38;2;49;75;89m[48;2;129;155;169m▀[0m[38;2;129;155;169m[48;2;134;160;174m▀[0m[38;2;129;155;169m[48;2;52;78;92m▀[0m[38;2;129;155;169m[48;2;47;73;87m▀[0m[38;2;79;105;119m[48;2;47;73;87m▀[0m[38;2;76;102;116m[48;2;74;69;66m▀[0m[38;2;68;69;68m[48;2;214;217;255m▀[0m[38;2;206;213;247m[48;2;165;178;190m▀[0m[38;2;74;69;66m[48;2;165;178;190m▀[0m[38;2;136;139;148m[48;2;82;79;68m▀[0m[38;2;206;209;255m[48;2;165;178;190m▀[0m[38;2;206;209;255m[48;2;206;213;255m▀[0m[38;2;206;209;255m[48;2;206;213;255m▀[0m[38;2;208;211;255m[48;2;66;65;66m▀[0m[38;2;208;211;255m[48;2;66;65;66m▀[0m[38;2;0;0;0m[48;2;129;155;169m▀[0m[38;2;0;0;0m▄  [38;2;8;0;0m▄[38;2;0;0;0m[48;2;165;178;190m▀[0m[38;2;63;69;66m[48;2;165;178;190m▀[0m[38;2;173;186;199m[48;2;165;178;190m▀[0m[38;2;0;0;0m[48;2;165;178;190m▀[0m[38;2;165;178;190m[48;2;165;178;190m▀[0m[38;2;165;178;190m[48;2;0;0;0m▀[0m[38;2;165;178;190m[48;2;0;0;0m▀[0m[38;2;0;0;0m▀  
 [38;2;0;0;0m▄[38;2;0;0;0m[48;2;206;209;255m▀[0m[38;2;206;209;255m[48;2;66;65;66m▀[0m[38;2;136;139;148m[48;2;206;209;255m▀[0m[38;2;206;209;255m[48;2;206;209;255m▀[0m[38;2;208;211;255m[48;2;231;247;255m▀[0m[38;2;208;211;255m[48;2;82;81;66m▀[0m[38;2;82;81;82m[48;2;82;81;74m▀[0m[38;2;253;147;247m[48;2;82;81;74m▀[0m[38;2;234;106;226m[48;2;82;85;74m▀[0m[38;2;82;81;66m[48;2;82;85;74m▀[0m[38;2;165;178;190m[48;2;159;164;192m▀[0m[38;2;165;178;190m[48;2;159;164;192m▀[0m[38;2;66;60;66m[48;2;110;119;120m▀[0m[38;2;52;78;92m[48;2;66;65;66m▀[0m[38;2;79;105;119m[48;2;50;76;90m▀[0m[38;2;79;105;119m[48;2;50;76;90m▀[0m[38;2;48;74;88m[48;2;79;105;119m▀[0m[38;2;48;74;88m[48;2;79;105;119m▀[0m[38;2;52;78;92m[48;2;66;65;66m▀[0m[38;2;75;101;115m[48;2;66;65;66m▀[0m[38;2;79;105;119m[48;2;47;73;87m▀[0m[38;2;79;105;119m[48;2;79;105;119m▀[0m[38;2;120;125;129m[48;2;79;105;119m▀[0m[38;2;74;69;66m[48;2;79;105;119m▀[0m[38;2;82;79;68m[48;2;66;65;66m▀[0m[38;2;82;79;68m[48;2;132;139;148m▀[0m[38;2;165;178;190m[48;2;165;178;190m▀[0m[38;2;165;178;190m[48;2;165;178;190m▀[0m[38;2;159;164;192m[48;2;136;139;148m▀[0m[38;2;66;69;66m[48;2;206;209;255m▀[0m[38;2;129;155;169m[48;2;74;73;66m▀[0m[38;2;129;155;169m[48;2;110;136;150m▀[0m[38;2;129;155;169m[48;2;129;155;169m▀[0m[38;2;129;155;169m[48;2;79;105;119m▀[0m[38;2;0;0;0m[48;2;79;105;119m▀[0m[38;2;0;0;0m[48;2;62;62;66m▀[0m[38;2;165;178;190m[48;2;52;78;92m▀[0m[38;2;60;63;63m[48;2;77;103;117m▀[0m[38;2;66;65;66m[48;2;51;77;91m▀[0m[38;2;165;178;190m[48;2;66;65;66m▀[0m[38;2;165;178;190m[48;2;165;178;190m▀[0m[38;2;0;0;0m[48;2;0;0;0m▀[0m [38;2;0;0;0m▄[38;2;0;0;0m▄  
 [38;2;0;0;0m[48;2;0;0;0m▀[0m[38;2;206;209;255m[48;2;86;95;94m▀[0m[38;2;66;65;66m[48;2;173;182;190m▀[0m[38;2;206;209;255m[48;2;66;65;66m▀[0m[38;2;82;81;66m[48;2;165;168;206m▀[0m[38;2;82;81;66m[48;2;170;171;203m▀[0m[38;2;231;247;255m[48;2;99;97;98m▀[0m[38;2;139;139;134m[48;2;95;97;95m▀[0m[38;2;255;255;255m[48;2;95;97;95m▀[0m[38;2;82;85;74m[48;2;206;213;247m▀[0m[38;2;206;209;255m[48;2;134;137;148m▀[0m[38;2;214;221;255m[48;2;99;100;123m▀[0m[38;2;104;108;129m[48;2;132;136;156m▀[0m[38;2;132;137;148m[48;2;137;137;148m▀[0m[38;2;132;137;148m[48;2;68;71;74m▀[0m[38;2;66;64;66m[48;2;0;0;0m▀[0m[38;2;0;0;0m▀[38;2;0;0;0m▀[38;2;70;69;66m[48;2;0;0;0m▀[0m[38;2;165;178;190m[48;2;165;178;190m▀[0m[38;2;66;65;66m[48;2;66;65;66m▀[0m[38;2;79;105;119m[48;2;79;105;119m▀[0m[38;2;47;73;87m[48;2;79;105;119m▀[0m[38;2;79;105;119m[48;2;66;65;66m▀[0m[38;2;66;65;66m[48;2;165;178;190m▀[0m[38;2;165;178;190m[48;2;136;139;148m▀[0m[38;2;132;139;148m[48;2;165;178;190m▀[0m[38;2;165;178;190m[48;2;107;133;147m▀[0m[38;2;48;74;88m[48;2;82;77;66m▀[0m[38;2;136;139;148m[48;2;137;139;148m▀[0m[38;2;136;139;148m[48;2;137;139;148m▀[0m[38;2;222;243;255m[48;2;206;209;247m▀[0m[38;2;74;73;66m[48;2;82;77;66m▀[0m[38;2;79;105;119m[48;2;79;105;119m▀[0m[38;2;79;105;119m[48;2;79;105;119m▀[0m[38;2;52;78;92m[48;2;47;73;87m▀[0m[38;2;79;105;119m[48;2;79;105;119m▀[0m[38;2;66;60;66m[48;2;66;65;66m▀[0m[38;2;52;78;92m[48;2;79;105;119m▀[0m[38;2;77;103;117m[48;2;46;72;86m▀[0m[38;2;66;65;66m[48;2;165;178;190m▀[0m[38;2;165;178;190m[48;2;164;177;190m▀[0m[38;2;165;178;190m[48;2;164;177;190m▀[0m[38;2;0;0;0m[48;2;173;182;190m▀[0m[38;2;165;178;190m[48;2;86;95;94m▀[0m[38;2;165;178;190m[48;2;0;0;0m▀[0m[38;2;0;0;0m▀ 
  [38;2;0;0;0m▀[38;2;0;0;0m▀[38;2;165;168;206m[48;2;66;65;66m▀[0m[38;2;66;65;66m[48;2;0;0;0m▀[0m[38;2;206;209;255m[48;2;0;0;0m▀[0m[38;2;206;209;255m[48;2;0;0;0m▀[0m[38;2;206;209;255m[48;2;137;140;148m▀[0m[38;2;206;209;255m[48;2;137;140;148m▀[0m[38;2;134;137;148m[48;2;165;178;190m▀[0m[38;2;170;176;197m[48;2;0;0;0m▀[0m[38;2;165;173;189m[48;2;0;0;0m▀[0m[38;2;99;100;123m[48;2;0;0;0m▀[0m[38;2;0;0;0m▀[38;2;0;0;0m▀  [38;2;0;0;0m▄[38;2;0;0;0m[48;2;50;76;90m▀[0m[38;2;132;139;148m[48;2;52;59;60m▀[0m[38;2;132;139;148m[48;2;156;165;181m▀[0m[38;2;66;65;66m[48;2;66;60;66m▀[0m[38;2;79;105;119m[48;2;52;78;92m▀[0m[38;2;66;65;66m[48;2;66;60;66m▀[0m[38;2;165;178;190m[48;2;107;133;147m▀[0m[38;2;136;139;148m[48;2;136;139;148m▀[0m[38;2;165;178;190m[48;2;165;178;190m▀[0m[38;2;82;77;66m[48;2;82;79;68m▀[0m[38;2;137;144;149m[48;2;82;79;68m▀[0m[38;2;50;76;90m[48;2;82;79;68m▀[0m[38;2;137;139;148m[48;2;82;108;122m▀[0m[38;2;144;148;156m[48;2;82;79;68m▀[0m[38;2;82;77;66m[48;2;79;105;119m▀[0m[38;2;79;105;119m[48;2;79;105;119m▀[0m[38;2;47;73;87m[48;2;47;73;87m▀[0m[38;2;79;105;119m[48;2;79;105;119m▀[0m[38;2;79;105;119m[48;2;79;105;119m▀[0m[38;2;79;105;119m[48;2;47;73;87m▀[0m[38;2;66;65;66m[48;2;79;105;119m▀[0m[38;2;165;178;190m[48;2;0;0;0m▀[0m[38;2;8;0;0m▀[38;2;164;177;190m[48;2;0;0;0m▀[0m[38;2;164;177;190m[48;2;0;0;0m▀[0m[38;2;0;0;0m▀[38;2;0;0;0m▀   
        [38;2;0;0;0m▀[38;2;0;0;0m▀[38;2;0;0;0m▀   [38;2;0;0;0m▄[38;2;0;0;0m▄[38;2;0;0;0m▄[38;2;0;0;0m[48;2;48;74;88m▀[0m[38;2;66;64;66m[48;2;48;74;88m▀[0m[38;2;50;76;90m[48;2;0;0;0m▀[0m[38;2;104;109;120m[48;2;0;0;0m▀[0m[38;2;0;0;0m▀[38;2;107;133;147m[48;2;0;0;0m▀[0m[38;2;66;60;66m[48;2;66;65;66m▀[0m[38;2;52;78;92m[48;2;66;65;66m▀[0m[38;2;66;60;66m[48;2;66;65;66m▀[0m[38;2;136;139;148m[48;2;52;54;54m▀[0m[38;2;165;178;190m[48;2;140;142;148m▀[0m[38;2;82;79;68m[48;2;165;178;190m▀[0m[38;2;79;105;119m[48;2;60;68;63m▀[0m[38;2;82;108;122m[48;2;79;105;119m▀[0m[38;2;82;79;68m[48;2;79;105;119m▀[0m[38;2;82;79;68m[48;2;52;52;49m▀[0m[38;2;79;105;119m[48;2;48;74;88m▀[0m[38;2;79;105;119m[48;2;79;105;119m▀[0m[38;2;47;73;87m[48;2;79;105;119m▀[0m[38;2;79;105;119m[48;2;51;77;91m▀[0m[38;2;79;105;119m[48;2;66;65;66m▀[0m[38;2;47;73;87m[48;2;80;106;120m▀[0m[38;2;79;105;119m[48;2;0;0;0m▀[0m[38;2;0;0;0m▀        
             [38;2;0;0;0m▀[38;2;198;195;189m[48;2;0;0;0m▀[0m[38;2;66;65;63m[48;2;198;195;189m▀[0m[38;2;48;74;88m[48;2;0;0;0m▀[0m[38;2;48;74;88m[48;2;0;0;0m▀[0m[38;2;0;0;0m▀    [38;2;0;0;0m▀[38;2;48;74;88m[48;2;0;0;0m▀[0m[38;2;48;74;88m[48;2;48;74;88m▀[0m[38;2;49;75;89m[48;2;0;0;0m▀[0m[38;2;8;8;8m▀[38;2;8;8;0m▀[38;2;165;178;190m[48;2;0;0;0m▀[0m[38;2;82;79;68m[48;2;80;106;120m▀[0m[38;2;82;79;68m[48;2;80;106;120m▀[0m[38;2;81;107;121m[48;2;0;0;0m▀[0m[38;2;8;8;8m▀[38;2;0;0;0m▀[38;2;70;69;66m[48;2;0;0;0m▀[0m[38;2;66;65;66m[48;2;79;105;119m▀[0m[38;2;77;103;117m[48;2;79;105;119m▀[0m[38;2;80;106;120m[48;2;0;0;0m▀[0m[38;2;0;0;0m▀         
              [38;2;0;0;0m▀[38;2;0;0;0m▀     [38;2;0;0;0m▄[38;2;0;0;0m[48;2;198;195;189m▀[0m[38;2;0;0;0m[48;2;93;97;97m▀[0m[38;2;48;74;88m[48;2;198;195;189m▀[0m[38;2;48;74;88m[48;2;0;0;0m▀[0m[38;2;0;0;0m▀[38;2;0;0;0m▄[38;2;0;0;0m[48;2;85;85;82m▀[0m[38;2;79;105;119m[48;2;85;85;82m▀[0m[38;2;80;106;120m[48;2;0;0;0m▀[0m[38;2;0;0;0m▀  [38;2;0;0;0m▄[38;2;0;0;0m[48;2;123;125;123m▀[0m[38;2;79;105;119m[48;2;46;72;86m▀[0m[38;2;79;105;119m[48;2;145;145;142m▀[0m[38;2;0;0;0m[48;2;0;0;0m▀[0m          
                    [38;2;0;0;0m▀[38;2;152;149;143m[48;2;0;0;0m▀[0m[38;2;93;97;97m[48;2;0;0;0m▀[0m[38;2;198;195;189m[48;2;0;0;0m▀[0m[38;2;0;0;0m▀ [38;2;0;0;0m[48;2;0;0;0m▀[0m[38;2;255;255;255m[48;2;0;0;0m▀[0m[38;2;0;0;0m▀[38;2;255;255;247m[48;2;0;0;0m▀[0m[38;2;0;0;0m▀ [38;2;0;0;0m▄[38;2;0;0;0m[48;2;255;255;255m▀[0m[38;2;247;251;247m[48;2;85;87;85m▀[0m[38;2;123;125;123m[48;2;255;255;255m▀[0m[38;2;255;251;247m[48;2;255;255;255m▀[0m[38;2;46;72;86m[48;2;0;0;0m▀[0m[38;2;255;255;255m[48;2;255;255;255m▀[0m[38;2;0;0;0m[48;2;0;0;0m▀[0m         
                                 [38;2;0;0;0m▀[38;2;0;4;0m▀[38;2;0;4;0m▀[38;2;0;0;0m▀ [38;2;0;0;0m▀          
                                     [0m                                     