               [38;2;0;0;0m▄[38;2;0;0;0m[48;2;234;224;239m▀[0m[38;2;0;0;0m[48;2;234;224;239m▀[0m[38;2;0;0;0m[48;2;234;224;239m▀[0m[38;2;0;0;0m[48;2;234;224;239m▀[0m[38;2;0;0;0m▄[38;2;0;0;0m▄[38;2;0;0;0m▄[38;2;0;0;0m[48;2;250;242;255m▀[0m[38;2;0;0;0m[48;2;250;242;255m▀[0m[38;2;0;0;0m[48;2;250;242;255m▀[0m[38;2;0;0;0m[48;2;250;242;255m▀[0m[38;2;0;0;0m[48;2;242;232;247m▀[0m[38;2;0;0;0m▄[38;2;0;0;0m▄         
              [38;2;0;0;0m[48;2;0;0;0m▀[0m[38;2;234;224;239m[48;2;140;136;129m▀[0m[38;2;234;224;239m[48;2;234;224;239m▀[0m[38;2;238;228;246m[48;2;238;228;246m▀[0m[38;2;234;224;239m[48;2;238;228;246m▀[0m[38;2;129;122;122m[48;2;242;232;247m▀[0m[38;2;242;232;247m[48;2;75;71;63m▀[0m[38;2;80;64;49m[48;2;174;133;126m▀[0m[38;2;255;218;218m[48;2;80;64;49m▀[0m[38;2;255;255;255m[48;2;237;232;247m▀[0m[38;2;255;255;255m[48;2;255;255;255m▀[0m[38;2;249;246;255m[48;2;65;64;65m▀[0m[38;2;249;246;255m[48;2;249;246;255m▀[0m[38;2;238;232;247m[48;2;238;232;247m▀[0m[38;2;238;232;247m[48;2;238;232;247m▀[0m[38;2;242;232;247m[48;2;242;232;247m▀[0m[38;2;0;0;0m[48;2;242;232;247m▀[0m[38;2;0;0;0m▄[38;2;0;0;0m▄[38;2;0;0;0m▄[38;2;0;0;0m▄    
              [38;2;0;0;0m[48;2;0;0;0m▀[0m[38;2;185;180;173m[48;2;147;142;135m▀[0m[38;2;185;180;173m[48;2;185;180;173m▀[0m[38;2;65;64;65m[48;2;65;64;65m▀[0m[38;2;65;64;65m[48;2;232;128;70m▀[0m[38;2;242;232;247m[48;2;65;64;65m▀[0m[38;2;65;64;65m[48;2;65;64;65m▀[0m[38;2;232;128;70m[48;2;232;128;70m▀[0m[38;2;65;64;65m[48;2;65;64;65m▀[0m[38;2;239;228;234m[48;2;180;174;178m▀[0m[38;2;65;64;65m[48;2;65;64;65m▀[0m[38;2;232;128;70m[48;2;232;128;70m▀[0m[38;2;65;64;65m[48;2;65;64;65m▀[0m[38;2;238;232;247m[48;2;238;232;247m▀[0m[38;2;238;232;247m[48;2;238;232;247m▀[0m[38;2;238;232;247m[48;2;238;232;247m▀[0m[38;2;238;232;247m[48;2;238;232;247m▀[0m[38;2;240;231;251m[48;2;240;231;251m▀[0m[38;2;240;231;251m[48;2;239;226;246m▀[0m[38;2;242;232;247m[48;2;174;169;162m▀[0m[38;2;242;232;247m[48;2;174;169;162m▀[0m[38;2;0;0;0m[48;2;118;108;100m▀[0m[38;2;0;0;0m[48;2;78;71;67m▀[0m[38;2;0;0;0m▄ 
               [38;2;0;0;0m▀[38;2;181;172;177m[48;2;0;0;0m▀[0m[38;2;181;177;173m[48;2;181;177;173m▀[0m[38;2;65;64;65m[48;2;65;64;65m▀[0m[38;2;203;160;85m[48;2;65;59;63m▀[0m[38;2;65;59;63m[48;2;255;206;114m▀[0m[38;2;232;128;70m[48;2;252;223;89m▀[0m[38;2;252;223;89m[48;2;252;223;89m▀[0m[38;2;65;59;63m[48;2;255;206;114m▀[0m[38;2;203;160;85m[48;2;65;59;63m▀[0m[38;2;203;160;85m[48;2;65;59;63m▀[0m[38;2;65;59;63m[48;2;255;206;114m▀[0m[38;2;181;177;170m[48;2;65;64;65m▀[0m[38;2;181;177;170m[48;2;181;177;170m▀[0m[38;2;245;228;248m[48;2;187;177;187m▀[0m[38;2;245;228;248m[48;2;74;75;64m▀[0m[38;2;235;228;248m[48;2;178;170;165m▀[0m[38;2;235;228;248m[48;2;150;144;128m▀[0m[38;2;224;221;231m[48;2;145;145;141m▀[0m[38;2;105;107;97m[48;2;105;107;97m▀[0m[38;2;116;112;104m[48;2;116;112;104m▀[0m[38;2;116;112;104m[48;2;116;112;104m▀[0m[38;2;0;0;0m[48;2;0;0;0m▀[0m 
         [38;2;0;0;0m▄[38;2;0;0;0m▄[38;2;0;0;0m[48;2;114;73;59m▀[0m[38;2;0;0;0m[48;2;114;73;59m▀[0m[38;2;0;0;0m[48;2;114;73;59m▀[0m[38;2;0;0;0m[48;2;114;73;59m▀[0m[38;2;0;1;8m[48;2;114;73;59m▀[0m[38;2;66;58;58m[48;2;66;58;58m▀[0m[38;2;77;67;59m[48;2;255;240;180m▀[0m[38;2;255;221;89m[48;2;77;67;59m▀[0m[38;2;255;221;89m[48;2;255;221;89m▀[0m[38;2;255;221;89m[48;2;152;121;33m▀[0m[38;2;152;121;33m[48;2;255;221;89m▀[0m[38;2;255;221;89m[48;2;255;221;89m▀[0m[38;2;255;221;89m[48;2;152;121;33m▀[0m[38;2;255;221;89m[48;2;152;121;33m▀[0m[38;2;255;221;89m[48;2;152;121;33m▀[0m[38;2;255;221;89m[48;2;255;221;89m▀[0m[38;2;255;221;89m[48;2;255;221;89m▀[0m[38;2;65;64;65m[48;2;65;64;65m▀[0m[38;2;66;63;56m[48;2;247;212;80m▀[0m[38;2;247;212;80m[48;2;187;164;72m▀[0m[38;2;72;69;66m[48;2;72;69;66m▀[0m[38;2;181;177;170m[48;2;181;177;170m▀[0m[38;2;181;177;170m[48;2;138;137;127m▀[0m[38;2;115;116;105m[48;2;138;137;127m▀[0m[38;2;116;112;104m[48;2;116;112;104m▀[0m[38;2;116;112;104m[48;2;69;68;69m▀[0m[38;2;0;0;0m[48;2;0;0;0m▀[0m 
     [38;2;0;0;0m▄[38;2;0;0;0m[48;2;159;95;77m▀[0m[38;2;0;0;0m[48;2;113;69;50m▀[0m[38;2;0;0;0m[48;2;172;98;73m▀[0m[38;2;155;98;78m[48;2;155;98;78m▀[0m[38;2;113;74;57m[48;2;155;98;78m▀[0m[38;2;109;73;53m[48;2;169;106;77m▀[0m[38;2;109;73;53m[48;2;0;4;1m▀[0m[38;2;189;97;48m[48;2;0;12;12m▀[0m[38;2;189;97;48m[48;2;91;51;31m▀[0m[38;2;65;64;65m[48;2;242;232;247m▀[0m[38;2;65;64;65m[48;2;65;64;65m▀[0m[38;2;255;240;173m[48;2;255;240;173m▀[0m[38;2;65;64;65m[48;2;215;191;81m▀[0m[38;2;255;221;89m[48;2;78;67;43m▀[0m[38;2;136;118;60m[48;2;255;221;89m▀[0m[38;2;166;171;151m[48;2;97;80;58m▀[0m[38;2;0;0;0m[48;2;255;251;246m▀[0m[38;2;255;241;187m[48;2;205;183;77m▀[0m[38;2;255;241;187m[48;2;255;241;187m▀[0m[38;2;255;221;89m[48;2;152;121;33m▀[0m[38;2;255;221;89m[48;2;255;221;89m▀[0m[38;2;78;68;53m[48;2;78;68;53m▀[0m[38;2;255;220;81m[48;2;135;117;63m▀[0m[38;2;152;121;33m[48;2;152;121;33m▀[0m[38;2;196;156;43m[48;2;196;156;43m▀[0m[38;2;65;64;65m[48;2;65;64;65m▀[0m[38;2;181;177;170m[48;2;65;64;65m▀[0m[38;2;181;177;170m[48;2;0;0;0m▀[0m[38;2;181;177;170m[48;2;0;0;0m▀[0m[38;2;0;0;0m▀[38;2;0;0;0m▀  
     [38;2;0;0;0m[48;2;0;0;0m▀[0m[38;2;113;69;50m[48;2;172;98;73m▀[0m[38;2;157;99;77m[48;2;157;99;77m▀[0m[38;2;157;99;77m[48;2;157;99;77m▀[0m[38;2;155;103;81m[48;2;103;72;55m▀[0m[38;2;155;103;81m[48;2;0;4;1m▀[0m[38;2;0;0;0m▀  [38;2;0;0;0m[48;2;0;0;0m▀[0m[38;2;249;246;255m[48;2;140;136;129m▀[0m[38;2;249;246;255m[48;2;249;246;255m▀[0m[38;2;65;64;65m[48;2;255;255;255m▀[0m[38;2;65;64;65m[48;2;255;255;255m▀[0m[38;2;255;255;255m[48;2;255;255;255m▀[0m[38;2;65;64;65m[48;2;255;255;255m▀[0m[38;2;255;240;180m[48;2;65;64;65m▀[0m[38;2;217;191;81m[48;2;65;64;65m▀[0m[38;2;221;187;136m[48;2;76;76;55m▀[0m[38;2;76;76;55m[48;2;246;255;230m▀[0m[38;2;78;68;53m[48;2;253;255;213m▀[0m[38;2;198;197;156m[48;2;78;68;53m▀[0m[38;2;208;161;36m[48;2;65;64;65m▀[0m[38;2;161;129;46m[48;2;65;64;65m▀[0m[38;2;196;157;48m[48;2;64;68;65m▀[0m[38;2;64;68;65m[48;2;114;73;59m▀[0m[38;2;114;73;59m[48;2;114;73;59m▀[0m[38;2;0;0;0m[48;2;114;73;59m▀[0m[38;2;0;0;0m▄     
    [38;2;0;0;0m▄[38;2;0;0;0m[48;2;155;98;78m▀[0m[38;2;155;98;78m[48;2;155;98;78m▀[0m[38;2;158;98;76m[48;2;158;98;76m▀[0m[38;2;232;128;70m[48;2;232;128;70m▀[0m[38;2;232;128;70m[48;2;232;128;70m▀[0m[38;2;0;0;0m[48;2;0;0;0m▀[0m    [38;2;0;0;0m[48;2;0;0;0m▀[0m[38;2;235;228;248m[48;2;78;75;83m▀[0m[38;2;242;232;247m[48;2;242;232;247m▀[0m[38;2;65;64;65m[48;2;65;64;65m▀[0m[38;2;78;68;53m[48;2;198;197;156m▀[0m[38;2;253;255;213m[48;2;78;68;53m▀[0m[38;2;255;255;255m[48;2;237;232;247m▀[0m[38;2;255;255;255m[48;2;237;232;247m▀[0m[38;2;237;239;247m[48;2;65;64;65m▀[0m[38;2;237;239;247m[48;2;237;239;247m▀[0m[38;2;242;232;247m[48;2;242;232;247m▀[0m[38;2;242;232;247m[48;2;65;64;65m▀[0m[38;2;242;232;247m[48;2;65;64;65m▀[0m[38;2;242;232;247m[48;2;65;64;65m▀[0m[38;2;65;64;65m[48;2;65;64;65m▀[0m[38;2;114;73;59m[48;2;65;64;65m▀[0m[38;2;114;73;59m[48;2;114;73;59m▀[0m[38;2;114;73;59m[48;2;114;73;59m▀[0m[38;2;66;58;58m[48;2;66;58;58m▀[0m[38;2;0;1;8m[48;2;101;93;86m▀[0m[38;2;0;0;0m▄   
   [38;2;0;0;0m▄[38;2;0;0;0m[48;2;159;95;77m▀[0m[38;2;157;99;77m[48;2;157;99;77m▀[0m[38;2;157;99;77m[48;2;157;99;77m▀[0m[38;2;114;73;59m[48;2;0;0;0m▀[0m[38;2;0;0;0m▀[38;2;0;0;0m▀   [38;2;0;0;0m▄[38;2;0;0;0m[48;2;207;163;38m▀[0m[38;2;207;163;38m[48;2;207;163;38m▀[0m[38;2;0;0;0m[48;2;207;163;38m▀[0m[38;2;65;64;65m[48;2;65;64;65m▀[0m[38;2;255;221;89m[48;2;65;64;65m▀[0m[38;2;255;221;89m[48;2;65;64;65m▀[0m[38;2;65;64;65m[48;2;65;64;65m▀[0m[38;2;242;232;247m[48;2;242;232;247m▀[0m[38;2;65;64;65m[48;2;65;64;65m▀[0m[38;2;255;216;65m[48;2;194;166;60m▀[0m[38;2;68;60;53m[48;2;194;166;60m▀[0m[38;2;65;64;65m[48;2;204;160;41m▀[0m[38;2;204;160;41m[48;2;65;64;65m▀[0m[38;2;66;63;56m[48;2;192;167;71m▀[0m[38;2;255;220;81m[48;2;255;220;81m▀[0m[38;2;252;223;89m[48;2;232;128;70m▀[0m[38;2;232;128;70m[48;2;232;128;70m▀[0m[38;2;64;68;65m[48;2;189;100;48m▀[0m[38;2;114;73;59m[48;2;64;68;65m▀[0m[38;2;114;73;59m[48;2;114;73;59m▀[0m[38;2;114;73;59m[48;2;0;0;0m▀[0m[38;2;0;0;0m▀   
  [38;2;0;0;0m▄[38;2;0;4;1m[48;2;103;72;55m▀[0m[38;2;155;103;81m[48;2;155;103;81m▀[0m[38;2;157;99;77m[48;2;157;99;77m▀[0m[38;2;157;99;77m[48;2;157;99;77m▀[0m[38;2;0;0;0m[48;2;0;0;0m▀[0m   [38;2;0;0;0m▄[38;2;0;0;0m[48;2;207;163;38m▀[0m[38;2;192;167;71m[48;2;255;220;81m▀[0m[38;2;66;63;56m[48;2;255;220;81m▀[0m[38;2;65;64;65m[48;2;232;128;70m▀[0m[38;2;65;64;65m[48;2;232;128;70m▀[0m[38;2;255;221;89m[48;2;65;64;65m▀[0m[38;2;255;221;89m[48;2;255;221;89m▀[0m[38;2;255;221;89m[48;2;255;221;89m▀[0m[38;2;207;163;42m[48;2;255;221;89m▀[0m[38;2;65;59;63m[48;2;255;217;73m▀[0m[38;2;65;59;63m[48;2;193;165;69m▀[0m[38;2;65;64;65m[48;2;255;221;89m▀[0m[38;2;65;64;65m[48;2;65;64;65m▀[0m[38;2;66;54;61m[48;2;204;161;74m▀[0m[38;2;255;206;97m[48;2;204;161;74m▀[0m[38;2;252;223;89m[48;2;232;128;70m▀[0m[38;2;252;223;89m[48;2;252;223;89m▀[0m[38;2;254;215;99m[48;2;220;140;70m▀[0m[38;2;220;140;70m[48;2;199;67;37m▀[0m[38;2;165;126;54m[48;2;214;156;49m▀[0m[38;2;65;64;65m[48;2;65;64;65m▀[0m[38;2;114;73;59m[48;2;114;73;59m▀[0m[38;2;0;0;0m[48;2;0;0;0m▀[0m    
 [38;2;0;0;0m[48;2;0;0;0m▀[0m[38;2;155;98;78m[48;2;155;98;78m▀[0m[38;2;155;98;78m[48;2;113;74;57m▀[0m[38;2;155;98;78m[48;2;155;98;78m▀[0m[38;2;158;98;76m[48;2;158;98;76m▀[0m[38;2;158;98;76m[48;2;232;128;70m▀[0m[38;2;232;128;70m[48;2;232;128;70m▀[0m[38;2;0;0;0m[48;2;232;128;70m▀[0m[38;2;0;0;0m▄ [38;2;0;0;0m▀[38;2;207;163;38m[48;2;0;0;0m▀[0m[38;2;252;223;89m[48;2;252;223;89m▀[0m[38;2;232;128;70m[48;2;252;223;89m▀[0m[38;2;232;128;70m[48;2;252;223;89m▀[0m[38;2;252;223;89m[48;2;252;223;89m▀[0m[38;2;65;64;65m[48;2;255;221;89m▀[0m[38;2;255;221;89m[48;2;65;64;65m▀[0m[38;2;252;223;89m[48;2;252;223;89m▀[0m[38;2;252;223;89m[48;2;252;223;89m▀[0m[38;2;232;128;70m[48;2;252;223;89m▀[0m[38;2;252;223;89m[48;2;232;128;70m▀[0m[38;2;252;223;89m[48;2;252;223;89m▀[0m[38;2;252;223;89m[48;2;252;223;89m▀[0m[38;2;65;64;65m[48;2;255;221;89m▀[0m[38;2;65;64;65m[48;2;255;221;89m▀[0m[38;2;255;221;89m[48;2;255;221;89m▀[0m[38;2;255;221;89m[48;2;207;163;42m▀[0m[38;2;255;219;98m[48;2;186;154;51m▀[0m[38;2;186;154;51m[48;2;8;4;0m▀[0m[38;2;65;64;65m[48;2;65;64;65m▀[0m[38;2;114;73;59m[48;2;114;73;59m▀[0m[38;2;120;69;57m[48;2;120;69;57m▀[0m[38;2;120;69;57m[48;2;120;69;57m▀[0m[38;2;0;0;0m[48;2;0;0;0m▀[0m   
  [38;2;0;0;0m▀[38;2;103;72;55m[48;2;0;4;1m▀[0m[38;2;155;103;81m[48;2;155;103;81m▀[0m[38;2;157;99;77m[48;2;157;99;77m▀[0m[38;2;157;99;77m[48;2;157;99;77m▀[0m[38;2;232;128;70m[48;2;114;73;59m▀[0m[38;2;232;128;70m[48;2;114;73;59m▀[0m[38;2;0;0;0m[48;2;0;0;0m▀[0m   [38;2;0;0;0m▀[38;2;0;0;0m▀[38;2;0;0;0m▀[38;2;255;221;89m[48;2;0;0;0m▀[0m[38;2;255;217;73m[48;2;65;59;63m▀[0m[38;2;65;59;63m[48;2;193;165;69m▀[0m[38;2;255;220;81m[48;2;66;63;56m▀[0m[38;2;255;220;81m[48;2;192;167;71m▀[0m[38;2;252;223;89m[48;2;252;223;89m▀[0m[38;2;252;223;89m[48;2;252;223;89m▀[0m[38;2;252;223;89m[48;2;232;128;70m▀[0m[38;2;252;223;89m[48;2;252;223;89m▀[0m[38;2;232;128;70m[48;2;194;90;37m▀[0m[38;2;232;128;70m[48;2;194;90;37m▀[0m[38;2;204;148;50m[48;2;204;148;50m▀[0m[38;2;204;148;50m[48;2;0;0;0m▀[0m[38;2;0;0;0m▀[38;2;0;0;0m▄[38;2;0;0;0m[48;2;114;73;59m▀[0m[38;2;114;73;59m[48;2;114;73;59m▀[0m[38;2;114;73;59m[48;2;0;0;0m▀[0m[38;2;0;0;0m▀    
    [38;2;0;0;0m[48;2;0;0;0m▀[0m[38;2;157;99;77m[48;2;157;99;77m▀[0m[38;2;157;99;77m[48;2;157;99;77m▀[0m[38;2;155;98;78m[48;2;155;98;78m▀[0m[38;2;0;0;0m[48;2;155;98;78m▀[0m[38;2;0;0;0m▄  [38;2;0;0;0m▄[38;2;0;0;0m[48;2;232;128;70m▀[0m[38;2;0;0;0m[48;2;232;128;70m▀[0m[38;2;0;0;0m[48;2;232;128;70m▀[0m[38;2;0;0;0m▄[38;2;0;0;0m▀[38;2;207;163;38m[48;2;0;0;0m▀[0m[38;2;204;160;41m[48;2;204;160;41m▀[0m[38;2;65;64;65m[48;2;204;160;41m▀[0m[38;2;204;160;41m[48;2;65;64;65m▀[0m[38;2;204;160;41m[48;2;65;64;65m▀[0m[38;2;199;95;37m[48;2;204;160;41m▀[0m[38;2;199;95;37m[48;2;204;160;41m▀[0m[38;2;179;122;55m[48;2;228;154;51m▀[0m[38;2;179;122;55m[48;2;77;52;67m▀[0m[38;2;65;64;65m[48;2;65;64;65m▀[0m[38;2;181;177;170m[48;2;181;177;170m▀[0m[38;2;0;4;1m[48;2;181;177;170m▀[0m[38;2;59;60;56m[48;2;181;177;170m▀[0m[38;2;93;86;79m[48;2;185;173;159m▀[0m[38;2;93;86;79m[48;2;0;0;0m▀[0m[38;2;0;0;0m▀ [38;2;0;0;0m▄   
     [38;2;0;0;0m[48;2;0;0;0m▀[0m[38;2;155;98;78m[48;2;155;98;78m▀[0m[38;2;157;99;77m[48;2;157;99;77m▀[0m[38;2;157;99;77m[48;2;157;99;77m▀[0m[38;2;155;98;78m[48;2;155;98;78m▀[0m[38;2;0;0;0m[48;2;155;98;78m▀[0m[38;2;0;0;0m[48;2;155;98;78m▀[0m[38;2;155;98;78m[48;2;155;98;78m▀[0m[38;2;232;128;71m[48;2;232;128;71m▀[0m[38;2;232;128;71m[48;2;232;128;71m▀[0m[38;2;232;128;71m[48;2;232;128;71m▀[0m[38;2;232;128;71m[48;2;232;128;71m▀[0m[38;2;0;1;8m[48;2;60;59;63m▀[0m[38;2;60;59;63m[48;2;181;177;170m▀[0m[38;2;65;64;65m[48;2;181;177;170m▀[0m[38;2;65;64;65m[48;2;181;177;170m▀[0m[38;2;204;160;41m[48;2;65;64;65m▀[0m[38;2;204;160;41m[48;2;65;64;65m▀[0m[38;2;65;64;65m[48;2;181;177;170m▀[0m[38;2;65;64;65m[48;2;181;177;170m▀[0m[38;2;65;64;65m[48;2;65;64;65m▀[0m[38;2;181;177;170m[48;2;181;177;170m▀[0m[38;2;181;173;173m[48;2;181;173;173m▀[0m[38;2;64;66;56m[48;2;239;228;234m▀[0m[38;2;65;64;65m[48;2;242;232;247m▀[0m[38;2;242;232;247m[48;2;242;232;247m▀[0m[38;2;181;177;170m[48;2;242;232;247m▀[0m[38;2;181;177;170m[48;2;181;177;170m▀[0m[38;2;0;0;0m[48;2;181;177;170m▀[0m[38;2;0;0;0m[48;2;181;177;170m▀[0m[38;2;181;177;170m[48;2;0;0;0m▀[0m[38;2;0;0;0m▀  
    [38;2;0;0;0m[48;2;0;0;0m▀[0m[38;2;120;69;57m[48;2;120;69;57m▀[0m[38;2;120;69;57m[48;2;120;69;57m▀[0m[38;2;159;95;77m[48;2;114;73;59m▀[0m[38;2;159;95;77m[48;2;114;73;59m▀[0m[38;2;157;99;77m[48;2;157;99;77m▀[0m[38;2;157;99;77m[48;2;157;99;77m▀[0m[38;2;159;95;77m[48;2;114;73;59m▀[0m[38;2;114;73;59m[48;2;114;73;59m▀[0m[38;2;114;73;59m[48;2;114;73;59m▀[0m[38;2;232;128;70m[48;2;114;73;59m▀[0m[38;2;230;135;75m[48;2;130;64;51m▀[0m[38;2;130;64;51m[48;2;60;69;55m▀[0m[38;2;65;64;65m[48;2;181;177;170m▀[0m[38;2;181;177;170m[48;2;181;177;170m▀[0m[38;2;183;176;169m[48;2;183;176;169m▀[0m[38;2;183;176;169m[48;2;183;176;169m▀[0m[38;2;181;177;170m[48;2;242;232;247m▀[0m[38;2;181;177;170m[48;2;242;232;247m▀[0m[38;2;181;177;170m[48;2;242;232;247m▀[0m[38;2;181;177;170m[48;2;242;232;247m▀[0m[38;2;238;232;247m[48;2;238;232;247m▀[0m[38;2;238;232;247m[48;2;238;232;247m▀[0m[38;2;242;232;247m[48;2;242;232;247m▀[0m[38;2;181;177;170m[48;2;242;232;247m▀[0m[38;2;242;232;247m[48;2;181;177;170m▀[0m[38;2;242;232;247m[48;2;242;232;247m▀[0m[38;2;242;232;247m[48;2;181;177;170m▀[0m[38;2;181;177;170m[48;2;181;177;170m▀[0m[38;2;65;64;65m[48;2;0;0;0m▀[0m[38;2;0;0;0m▀    
     [38;2;0;0;0m▀[38;2;114;73;59m[48;2;0;0;0m▀[0m[38;2;114;73;59m[48;2;0;0;0m▀[0m[38;2;0;0;0m▀[38;2;114;73;59m[48;2;0;0;0m▀[0m[38;2;114;73;59m[48;2;0;0;0m▀[0m[38;2;120;69;57m[48;2;120;69;57m▀[0m[38;2;120;69;57m[48;2;120;69;57m▀[0m[38;2;120;69;57m[48;2;120;69;57m▀[0m[38;2;120;69;57m[48;2;120;69;57m▀[0m[38;2;66;63;56m[48;2;114;73;59m▀[0m[38;2;182;176;161m[48;2;66;63;56m▀[0m[38;2;183;176;169m[48;2;183;176;169m▀[0m[38;2;183;176;169m[48;2;183;176;169m▀[0m[38;2;181;177;170m[48;2;181;177;170m▀[0m[38;2;181;177;170m[48;2;242;232;247m▀[0m[38;2;238;232;247m[48;2;238;232;247m▀[0m[38;2;238;232;247m[48;2;238;232;247m▀[0m[38;2;238;232;247m[48;2;238;232;247m▀[0m[38;2;238;232;247m[48;2;238;232;247m▀[0m[38;2;238;232;247m[48;2;238;232;247m▀[0m[38;2;238;232;247m[48;2;238;232;247m▀[0m[38;2;242;232;247m[48;2;242;232;247m▀[0m[38;2;242;232;247m[48;2;181;177;170m▀[0m[38;2;183;176;169m[48;2;183;176;169m▀[0m[38;2;183;176;169m[48;2;183;176;169m▀[0m[38;2;181;177;170m[48;2;0;0;0m▀[0m[38;2;0;0;0m▀      
           [38;2;0;0;0m▀[38;2;0;0;0m▀[38;2;114;73;59m[48;2;0;0;0m▀[0m[38;2;114;73;59m[48;2;114;73;59m▀[0m[38;2;120;69;57m[48;2;120;69;57m▀[0m[38;2;120;69;57m[48;2;120;69;57m▀[0m[38;2;59;60;56m[48;2;0;4;1m▀[0m[38;2;181;177;170m[48;2;181;177;170m▀[0m[38;2;183;176;169m[48;2;183;176;169m▀[0m[38;2;183;176;169m[48;2;183;176;169m▀[0m[38;2;167;160;170m[48;2;0;0;0m▀[0m[38;2;250;242;255m[48;2;0;0;0m▀[0m[38;2;240;237;247m[48;2;8;7;0m▀[0m[38;2;240;237;247m[48;2;162;159;164m▀[0m[38;2;183;176;169m[48;2;183;176;169m▀[0m[38;2;183;176;169m[48;2;183;176;169m▀[0m[38;2;181;177;170m[48;2;181;177;170m▀[0m[38;2;181;177;170m[48;2;0;0;0m▀[0m[38;2;0;0;0m▀[38;2;0;0;0m▀        
              [38;2;0;0;0m▀[38;2;0;0;0m▀[38;2;0;0;0m▀ [38;2;0;0;0m▀[38;2;0;0;0m▀[38;2;0;0;0m▀   [38;2;0;0;0m▀[38;2;0;0;0m▀[38;2;0;0;0m▀[38;2;0;0;0m▀           
                                     [0m                                     