         [38;2;0;0;0m▄[38;2;0;0;0m[48;2;226;151;0m▀[0m[38;2;0;0;0m▄          
  [38;2;0;0;0m▄     [38;2;0;0;0m[48;2;0;0;0m▀[0m[38;2;226;151;0m[48;2;226;151;0m▀[0m[38;2;226;151;0m[48;2;0;0;0m▀[0m[38;2;0;0;0m▀          
 [38;2;0;0;0m[48;2;0;0;0m▀[0m[38;2;226;151;0m[48;2;226;151;0m▀[0m[38;2;0;0;0m[48;2;255;209;0m▀[0m[38;2;0;0;0m▄[38;2;0;0;0m▄[38;2;0;0;0m[48;2;189;189;189m▀[0m[38;2;0;0;0m[48;2;255;255;255m▀[0m[38;2;0;0;0m[48;2;255;255;255m▀[0m[38;2;255;209;0m[48;2;255;255;255m▀[0m[38;2;255;209;0m[48;2;189;189;189m▀[0m[38;2;0;0;0m[48;2;255;209;0m▀[0m[38;2;0;0;0m▄  [38;2;0;0;0m▄[38;2;0;0;0m▄     
  [38;2;0;0;0m▀[38;2;226;151;0m[48;2;0;0;0m▀[0m[38;2;189;189;189m[48;2;255;255;255m▀[0m[38;2;255;255;255m[48;2;255;255;255m▀[0m[38;2;255;255;255m[48;2;255;255;255m▀[0m[38;2;255;255;255m[48;2;255;255;255m▀[0m[38;2;255;255;255m[48;2;255;255;255m▀[0m[38;2;255;255;255m[48;2;255;255;255m▀[0m[38;2;255;255;255m[48;2;255;255;255m▀[0m[38;2;255;255;255m[48;2;255;209;0m▀[0m[38;2;189;189;189m[48;2;255;209;0m▀[0m[38;2;0;0;0m[48;2;255;209;0m▀[0m[38;2;65;65;65m[48;2;226;151;0m▀[0m[38;2;226;151;0m[48;2;226;151;0m▀[0m[38;2;226;151;0m[48;2;0;0;0m▀[0m[38;2;0;0;0m▀    
  [38;2;0;0;0m[48;2;0;0;0m▀[0m[38;2;189;189;189m[48;2;255;255;255m▀[0m[38;2;255;255;255m[48;2;189;189;189m▀[0m[38;2;255;255;255m[48;2;255;255;255m▀[0m[38;2;255;255;255m[48;2;189;189;189m▀[0m[38;2;255;255;255m[48;2;255;255;255m▀[0m[38;2;255;255;255m[48;2;255;255;255m▀[0m[38;2;255;255;255m[48;2;255;255;255m▀[0m[38;2;255;255;255m[48;2;255;255;255m▀[0m[38;2;255;255;255m[48;2;255;255;255m▀[0m[38;2;255;209;0m[48;2;255;255;255m▀[0m[38;2;226;151;0m[48;2;65;65;65m▀[0m[38;2;65;65;65m[48;2;189;189;189m▀[0m[38;2;0;0;0m[48;2;255;255;255m▀[0m[38;2;0;0;0m▄     
 [38;2;0;0;0m[48;2;0;0;0m▀[0m[38;2;255;255;255m[48;2;189;189;189m▀[0m[38;2;189;189;189m[48;2;255;255;255m▀[0m[38;2;255;255;255m[48;2;255;255;255m▀[0m[38;2;189;189;189m[48;2;255;255;255m▀[0m[38;2;255;255;255m[48;2;65;65;65m▀[0m[38;2;255;255;255m[48;2;65;65;65m▀[0m[38;2;255;255;255m[48;2;0;0;0m▀[0m[38;2;1;175;71m[48;2;1;242;98m▀[0m[38;2;65;65;65m[48;2;123;123;123m▀[0m[38;2;65;65;65m[48;2;65;65;65m▀[0m[38;2;255;255;255m[48;2;255;255;255m▀[0m[38;2;255;255;255m[48;2;255;255;255m▀[0m[38;2;255;255;255m[48;2;255;255;255m▀[0m[38;2;255;255;255m[48;2;189;189;189m▀[0m[38;2;255;255;255m[48;2;65;65;65m▀[0m[38;2;0;0;0m[48;2;110;84;56m▀[0m[38;2;0;0;0m▄   
 [38;2;0;0;0m▀[38;2;0;0;0m▀[38;2;65;65;65m[48;2;0;0;0m▀[0m[38;2;65;65;65m[48;2;226;151;0m▀[0m[38;2;65;65;65m[48;2;255;255;255m▀[0m[38;2;123;123;123m[48;2;123;123;123m▀[0m[38;2;123;123;123m[48;2;123;123;123m▀[0m[38;2;1;242;98m[48;2;123;123;123m▀[0m[38;2;1;242;98m[48;2;189;189;189m▀[0m[38;2;65;65;65m[48;2;255;255;255m▀[0m[38;2;255;255;255m[48;2;255;255;255m▀[0m[38;2;255;255;255m[48;2;255;209;0m▀[0m[38;2;189;189;189m[48;2;255;209;0m▀[0m[38;2;123;123;123m[48;2;226;151;0m▀[0m[38;2;65;65;65m[48;2;65;65;65m▀[0m[38;2;182;156;128m[48;2;150;124;96m▀[0m[38;2;150;124;96m[48;2;182;156;128m▀[0m[38;2;182;156;128m[48;2;150;124;96m▀[0m[38;2;0;0;0m[48;2;182;156;128m▀[0m[38;2;0;0;0m▄ 
  [38;2;0;0;0m▀[38;2;226;151;0m[48;2;0;0;0m▀[0m[38;2;255;209;0m[48;2;0;0;0m▀[0m[38;2;189;189;189m[48;2;65;65;65m▀[0m[38;2;255;255;255m[48;2;255;255;255m▀[0m[38;2;255;255;255m[48;2;189;189;189m▀[0m[38;2;255;255;255m[48;2;255;255;255m▀[0m[38;2;255;255;255m[48;2;255;255;255m▀[0m[38;2;255;255;255m[48;2;189;189;189m▀[0m[38;2;255;255;255m[48;2;255;255;255m▀[0m[38;2;255;255;255m[48;2;189;189;189m▀[0m[38;2;255;209;0m[48;2;65;65;65m▀[0m[38;2;255;209;0m[48;2;110;84;56m▀[0m[38;2;226;151;0m[48;2;110;84;56m▀[0m[38;2;65;65;65m[48;2;150;124;96m▀[0m[38;2;182;156;128m[48;2;150;124;96m▀[0m[38;2;150;124;96m[48;2;110;84;56m▀[0m[38;2;150;124;96m[48;2;0;0;0m▀[0m[38;2;0;0;0m▀ 
    [38;2;0;0;0m▀[38;2;0;0;0m▀[38;2;189;189;189m[48;2;0;0;0m▀[0m[38;2;0;0;0m▀[38;2;189;189;189m[48;2;0;0;0m▀[0m[38;2;65;65;65m[48;2;65;65;65m▀[0m[38;2;189;189;189m[48;2;0;0;0m▀[0m[38;2;65;65;65m[48;2;0;0;0m▀[0m[38;2;110;84;56m[48;2;65;65;65m▀[0m[38;2;150;124;96m[48;2;0;0;0m▀[0m[38;2;110;84;56m[48;2;65;65;65m▀[0m[38;2;150;124;96m[48;2;0;0;0m▀[0m[38;2;110;84;56m[48;2;0;0;0m▀[0m[38;2;0;0;0m▀[38;2;0;0;0m▀   
          [38;2;0;0;0m▀[38;2;0;0;0m▀  [38;2;0;0;0m▀ [38;2;0;0;0m▀         
                                     [0m                                     