     [38;2;0;0;0m▄[38;2;0;0;0m[48;2;197;195;188m▀[0m[38;2;0;0;0m▄     [38;2;0;0;0m▄[38;2;0;0;0m▄[38;2;0;0;0m[48;2;255;255;255m▀[0m[38;2;0;0;0m[48;2;197;195;188m▀[0m[38;2;0;0;0m▄                       
    [38;2;0;0;0m▄[38;2;0;0;0m[48;2;197;195;188m▀[0m[38;2;197;195;188m[48;2;197;195;188m▀[0m[38;2;0;0;0m[48;2;65;65;63m▀[0m[38;2;0;0;0m▄ [38;2;0;0;0m▄[38;2;0;0;0m[48;2;255;255;255m▀[0m[38;2;8;8;8m[48;2;255;255;255m▀[0m[38;2;255;255;255m[48;2;172;172;172m▀[0m[38;2;197;195;188m[48;2;197;195;188m▀[0m[38;2;197;195;188m[48;2;0;0;0m▀[0m[38;2;0;0;0m▀                     [38;2;0;0;0m▄[38;2;0;0;0m▄ 
    [38;2;8;5;0m[48;2;8;5;0m▀[0m[38;2;230;211;171m[48;2;120;109;85m▀[0m[38;2;197;195;188m[48;2;178;115;45m▀[0m[38;2;197;195;188m[48;2;178;115;45m▀[0m[38;2;172;172;172m[48;2;255;255;255m▀[0m[38;2;8;8;8m[48;2;255;255;255m▀[0m[38;2;255;255;255m[48;2;255;255;255m▀[0m[38;2;255;255;255m[48;2;201;198;188m▀[0m[38;2;201;199;187m[48;2;201;199;187m▀[0m[38;2;201;199;187m[48;2;201;199;187m▀[0m[38;2;74;67;26m[48;2;0;12;16m▀[0m[38;2;232;203;30m[48;2;232;203;30m▀[0m[38;2;0;0;0m[48;2;0;0;0m▀[0m                  [38;2;0;0;0m▄[38;2;0;0;0m[48;2;235;196;29m▀[0m[38;2;0;0;0m[48;2;235;196;29m▀[0m[38;2;235;196;29m[48;2;0;0;0m▀[0m[38;2;0;0;0m▀ 
  [38;2;0;0;0m▄[38;2;0;0;0m[48;2;174;113;45m▀[0m[38;2;255;225;106m[48;2;255;255;255m▀[0m[38;2;255;225;106m[48;2;255;255;255m▀[0m[38;2;255;236;115m[48;2;179;116;45m▀[0m[38;2;255;236;115m[48;2;255;236;115m▀[0m[38;2;179;116;45m[48;2;255;236;115m▀[0m[38;2;179;116;45m[48;2;255;236;115m▀[0m[38;2;255;255;255m[48;2;174;113;45m▀[0m[38;2;255;255;255m[48;2;255;255;255m▀[0m[38;2;169;171;169m[48;2;255;255;255m▀[0m[38;2;0;4;0m[48;2;0;4;0m▀[0m [38;2;0;0;0m[48;2;0;0;0m▀[0m[38;2;243;206;38m[48;2;162;137;26m▀[0m[38;2;0;0;0m[48;2;0;0;0m▀[0m              [38;2;0;0;0m▄[38;2;0;0;0m[48;2;255;236;115m▀[0m[38;2;0;0;0m[48;2;235;196;29m▀[0m[38;2;235;196;29m[48;2;235;196;29m▀[0m[38;2;235;195;25m[48;2;235;195;25m▀[0m[38;2;174;113;45m[48;2;235;195;25m▀[0m[38;2;0;0;0m[48;2;235;196;29m▀[0m[38;2;0;0;0m▄ 
 [38;2;0;0;0m▄[38;2;32;20;0m[48;2;110;97;78m▀[0m[38;2;255;250;255m[48;2;255;250;255m▀[0m[38;2;255;255;255m[48;2;255;255;255m▀[0m[38;2;255;255;255m[48;2;174;113;45m▀[0m[38;2;255;255;255m[48;2;206;172;38m▀[0m[38;2;206;172;38m[48;2;255;255;255m▀[0m[38;2;97;90;79m[48;2;16;10;0m▀[0m[38;2;97;90;79m[48;2;255;252;246m▀[0m[38;2;201;198;188m[48;2;201;198;188m▀[0m[38;2;255;255;255m[48;2;255;255;255m▀[0m[38;2;255;255;255m[48;2;255;255;255m▀[0m[38;2;0;0;0m[48;2;255;255;255m▀[0m[38;2;0;0;0m▄ [38;2;0;0;0m[48;2;0;0;0m▀[0m[38;2;243;206;38m[48;2;162;137;26m▀[0m[38;2;0;0;0m[48;2;0;0;0m▀[0m          [38;2;0;0;0m▄[38;2;0;0;0m[48;2;255;236;115m▀[0m[38;2;0;0;0m[48;2;255;236;115m▀[0m[38;2;255;236;115m[48;2;240;199;26m▀[0m[38;2;240;199;26m[48;2;240;199;26m▀[0m[38;2;235;195;25m[48;2;235;195;25m▀[0m[38;2;235;195;25m[48;2;174;113;45m▀[0m[38;2;72;67;37m[48;2;231;194;44m▀[0m[38;2;72;67;37m[48;2;0;20;24m▀[0m[38;2;0;0;0m▀  
 [38;2;0;0;0m▀[38;2;255;236;115m[48;2;0;0;0m▀[0m[38;2;255;236;115m[48;2;255;236;115m▀[0m[38;2;255;236;115m[48;2;179;116;45m▀[0m[38;2;255;236;115m[48;2;179;116;45m▀[0m[38;2;110;99;79m[48;2;182;176;167m▀[0m[38;2;32;20;0m[48;2;255;255;255m▀[0m[38;2;86;254;15m[48;2;243;254;238m▀[0m[38;2;243;254;238m[48;2;199;250;178m▀[0m[38;2;201;199;187m[48;2;201;199;187m▀[0m[38;2;201;199;187m[48;2;201;199;187m▀[0m[38;2;255;255;255m[48;2;201;198;188m▀[0m[38;2;255;255;255m[48;2;255;255;255m▀[0m[38;2;0;0;0m[48;2;255;255;255m▀[0m[38;2;0;0;0m▄[38;2;0;0;0m▀[38;2;174;113;45m[48;2;0;0;0m▀[0m[38;2;178;119;45m[48;2;178;119;45m▀[0m[38;2;0;0;0m[48;2;0;0;0m▀[0m      [38;2;0;0;0m▄[38;2;0;0;0m[48;2;255;236;115m▀[0m[38;2;0;0;0m[48;2;255;236;115m▀[0m[38;2;255;236;115m[48;2;255;236;115m▀[0m[38;2;255;236;115m[48;2;240;199;26m▀[0m[38;2;240;199;26m[48;2;240;199;26m▀[0m[38;2;235;196;29m[48;2;235;196;29m▀[0m[38;2;235;196;29m[48;2;0;0;0m▀[0m[38;2;0;0;0m▀[38;2;0;0;0m▀[38;2;0;0;0m▀    
   [38;2;0;0;0m▀[38;2;0;0;0m▀[38;2;197;195;188m[48;2;0;0;0m▀[0m[38;2;197;195;188m[48;2;0;0;0m▀[0m[38;2;197;195;188m[48;2;0;0;0m▀[0m[38;2;197;195;188m[48;2;0;0;0m▀[0m[38;2;197;195;188m[48;2;197;195;188m▀[0m[38;2;201;199;187m[48;2;201;199;187m▀[0m[38;2;201;199;187m[48;2;201;199;187m▀[0m[38;2;201;198;188m[48;2;201;198;188m▀[0m[38;2;255;255;255m[48;2;201;198;188m▀[0m[38;2;255;255;255m[48;2;255;255;255m▀[0m[38;2;255;255;255m[48;2;255;255;255m▀[0m[38;2;16;10;0m[48;2;255;252;246m▀[0m[38;2;97;90;79m[48;2;97;90;79m▀[0m[38;2;179;116;45m[48;2;65;64;65m▀[0m[38;2;179;116;45m[48;2;179;116;45m▀[0m[38;2;0;4;8m[48;2;168;114;58m▀[0m[38;2;0;4;8m[48;2;83;54;31m▀[0m[38;2;0;0;0m▄[38;2;0;0;0m[48;2;255;236;115m▀[0m[38;2;0;0;0m[48;2;255;236;115m▀[0m[38;2;0;0;0m[48;2;255;236;115m▀[0m[38;2;255;236;115m[48;2;255;236;115m▀[0m[38;2;255;236;115m[48;2;240;199;26m▀[0m[38;2;238;197;22m[48;2;238;197;22m▀[0m[38;2;238;197;22m[48;2;238;197;22m▀[0m[38;2;235;196;29m[48;2;235;196;29m▀[0m[38;2;235;196;29m[48;2;0;0;0m▀[0m[38;2;0;0;0m▀        
         [38;2;0;0;0m▀[38;2;0;0;0m▀[38;2;197;195;188m[48;2;0;0;0m▀[0m[38;2;201;199;187m[48;2;201;199;187m▀[0m[38;2;201;199;187m[48;2;201;199;187m▀[0m[38;2;201;198;188m[48;2;201;198;188m▀[0m[38;2;255;255;255m[48;2;201;198;188m▀[0m[38;2;255;255;255m[48;2;255;255;255m▀[0m[38;2;255;255;255m[48;2;255;255;255m▀[0m[38;2;255;255;255m[48;2;255;255;255m▀[0m[38;2;65;64;65m[48;2;255;255;255m▀[0m[38;2;125;85;54m[48;2;255;255;255m▀[0m[38;2;125;85;54m[48;2;255;255;255m▀[0m[38;2;255;236;115m[48;2;179;116;45m▀[0m[38;2;255;236;115m[48;2;179;116;45m▀[0m[38;2;255;238;113m[48;2;255;238;113m▀[0m[38;2;255;238;113m[48;2;255;238;113m▀[0m[38;2;180;129;47m[48;2;255;248;102m▀[0m[38;2;236;195;49m[48;2;180;129;47m▀[0m[38;2;235;196;29m[48;2;235;196;29m▀[0m[38;2;235;196;29m[48;2;0;0;0m▀[0m[38;2;0;0;0m▀          
          [38;2;0;0;0m▄[38;2;0;0;0m[48;2;197;195;188m▀[0m[38;2;197;195;188m[48;2;76;89;106m▀[0m[38;2;197;195;188m[48;2;197;195;188m▀[0m[38;2;201;199;187m[48;2;201;199;187m▀[0m[38;2;201;199;187m[48;2;201;199;187m▀[0m[38;2;201;198;188m[48;2;201;198;188m▀[0m[38;2;255;255;255m[48;2;201;198;188m▀[0m[38;2;255;255;255m[48;2;255;255;255m▀[0m[38;2;255;255;255m[48;2;65;64;65m▀[0m[38;2;82;89;106m[48;2;255;255;255m▀[0m[38;2;82;89;106m[48;2;255;255;255m▀[0m[38;2;255;255;255m[48;2;82;89;106m▀[0m[38;2;255;255;255m[48;2;82;89;106m▀[0m[38;2;193;136;42m[48;2;255;255;246m▀[0m[38;2;214;179;111m[48;2;193;136;42m▀[0m[38;2;255;236;115m[48;2;240;199;26m▀[0m[38;2;240;199;26m[48;2;240;199;26m▀[0m[38;2;0;0;0m[48;2;235;196;29m▀[0m[38;2;0;0;0m▄           
        [38;2;0;0;0m▄[38;2;0;0;0m▄[38;2;8;12;16m[48;2;139;141;137m▀[0m[38;2;205;206;197m[48;2;74;76;76m▀[0m[38;2;98;102;106m[48;2;49;56;65m▀[0m[38;2;197;195;188m[48;2;197;195;188m▀[0m[38;2;197;195;188m[48;2;178;115;45m▀[0m[38;2;197;195;188m[48;2;178;115;45m▀[0m[38;2;197;195;188m[48;2;178;115;45m▀[0m[38;2;197;195;188m[48;2;197;195;188m▀[0m[38;2;197;195;188m[48;2;197;195;188m▀[0m[38;2;65;64;65m[48;2;197;195;188m▀[0m[38;2;255;255;255m[48;2;65;64;65m▀[0m[38;2;255;255;255m[48;2;255;255;255m▀[0m[38;2;255;255;255m[48;2;255;255;255m▀[0m[38;2;255;255;255m[48;2;169;175;172m▀[0m[38;2;82;89;106m[48;2;82;89;106m▀[0m[38;2;255;253;246m[48;2;197;196;200m▀[0m[38;2;184;131;44m[48;2;206;198;171m▀[0m[38;2;193;162;85m[48;2;184;131;44m▀[0m[38;2;235;196;29m[48;2;235;196;29m▀[0m[38;2;0;0;0m[48;2;0;0;0m▀[0m           
      [38;2;0;0;0m▄[38;2;0;0;0m[48;2;235;196;29m▀[0m[38;2;212;190;42m[48;2;164;186;180m▀[0m[38;2;175;168;139m[48;2;175;168;139m▀[0m[38;2;197;195;188m[48;2;0;0;0m▀[0m[38;2;197;195;188m[48;2;0;0;0m▀[0m[38;2;0;0;0m▀[38;2;174;113;45m[48;2;0;0;0m▀[0m[38;2;238;197;22m[48;2;238;197;22m▀[0m[38;2;238;197;22m[48;2;238;197;22m▀[0m[38;2;235;195;25m[48;2;235;195;25m▀[0m[38;2;174;113;45m[48;2;235;195;25m▀[0m[38;2;184;131;44m[48;2;193;162;85m▀[0m[38;2;206;198;171m[48;2;184;131;44m▀[0m[38;2;219;205;173m[48;2;147;107;73m▀[0m[38;2;110;60;23m[48;2;147;107;73m▀[0m[38;2;74;80;90m[48;2;74;80;90m▀[0m[38;2;255;255;255m[48;2;74;80;90m▀[0m[38;2;255;252;238m[48;2;173;162;83m▀[0m[38;2;133;118;6m[48;2;173;162;83m▀[0m[38;2;231;222;162m[48;2;129;101;26m▀[0m[38;2;163;143;71m[48;2;163;143;71m▀[0m[38;2;235;196;29m[48;2;0;0;0m▀[0m[38;2;0;0;0m▀           
      [38;2;0;0;0m▀[38;2;197;195;188m[48;2;0;0;0m▀[0m[38;2;0;0;0m▀[38;2;0;0;0m▀   [38;2;0;0;0m▀[38;2;87;75;84m[48;2;82;72;0m▀[0m[38;2;88;230;50m[48;2;88;230;50m▀[0m[38;2;81;235;38m[48;2;235;196;29m▀[0m[38;2;235;196;29m[48;2;81;235;38m▀[0m[38;2;238;197;22m[48;2;238;197;22m▀[0m[38;2;238;197;22m[48;2;238;197;22m▀[0m[38;2;142;136;108m[48;2;87;81;43m▀[0m[38;2;87;81;43m[48;2;255;251;238m▀[0m[38;2;255;238;113m[48;2;255;238;113m▀[0m[38;2;255;238;113m[48;2;255;238;113m▀[0m[38;2;255;236;115m[48;2;255;236;115m▀[0m[38;2;255;236;115m[48;2;65;64;65m▀[0m[38;2;72;67;37m[48;2;72;67;37m▀[0m[38;2;231;194;44m[48;2;0;20;24m▀[0m[38;2;0;0;0m▀            
               [38;2;0;0;0m▀[38;2;81;235;38m[48;2;0;0;0m▀[0m[38;2;81;235;38m[48;2;0;0;0m▀[0m[38;2;81;235;38m[48;2;235;196;29m▀[0m[38;2;235;196;29m[48;2;235;196;29m▀[0m[38;2;235;196;29m[48;2;235;196;29m▀[0m[38;2;65;64;65m[48;2;235;196;29m▀[0m[38;2;82;83;82m[48;2;0;0;0m▀[0m[38;2;246;250;246m[48;2;0;0;0m▀[0m[38;2;65;64;65m[48;2;0;0;0m▀[0m[38;2;0;0;0m▀[38;2;235;196;29m[48;2;0;0;0m▀[0m[38;2;235;196;29m[48;2;235;196;29m▀[0m[38;2;0;0;0m[48;2;235;196;29m▀[0m[38;2;0;0;0m[48;2;235;196;29m▀[0m[38;2;0;0;0m[48;2;235;196;29m▀[0m[38;2;0;0;0m[48;2;235;196;29m▀[0m[38;2;0;0;0m▄        
                  [38;2;0;0;0m▀[38;2;0;0;0m▀[38;2;0;0;0m▀[38;2;0;0;0m▀     [38;2;0;0;0m▀[38;2;0;0;0m▀[38;2;235;196;29m[48;2;0;0;0m▀[0m[38;2;235;196;29m[48;2;0;0;0m▀[0m[38;2;0;0;0m▀         
                                     [0m                                     