   [38;2;0;0;0m▄[38;2;0;0;0m[48;2;255;222;118m▀[0m[38;2;0;0;0m▄ [38;2;0;0;0m▄[38;2;0;0;0m[48;2;255;222;118m▀[0m[38;2;0;0;0m▄      
   [38;2;0;0;0m[48;2;0;0;0m▀[0m[38;2;255;222;118m[48;2;200;159;27m▀[0m[38;2;0;0;0m[48;2;0;0;0m▀[0m [38;2;0;0;0m[48;2;0;0;0m▀[0m[38;2;255;222;118m[48;2;200;159;27m▀[0m[38;2;65;65;65m[48;2;65;65;65m▀[0m[38;2;0;0;0m[48;2;218;244;1m▀[0m[38;2;0;0;0m▄    
  [38;2;0;0;0m▄[38;2;0;0;0m[48;2;182;211;1m▀[0m[38;2;65;65;65m[48;2;182;211;1m▀[0m[38;2;255;222;118m[48;2;255;222;118m▀[0m[38;2;0;0;0m[48;2;154;179;1m▀[0m[38;2;255;222;118m[48;2;255;222;118m▀[0m[38;2;65;65;65m[48;2;65;65;65m▀[0m[38;2;182;211;1m[48;2;182;211;1m▀[0m[38;2;218;244;1m[48;2;182;211;1m▀[0m[38;2;0;0;0m[48;2;218;244;1m▀[0m[38;2;0;0;0m▄   
  [38;2;0;0;0m▀[38;2;182;211;1m[48;2;0;0;0m▀[0m[38;2;154;179;1m[48;2;255;222;118m▀[0m[38;2;255;222;118m[48;2;200;159;27m▀[0m[38;2;200;159;27m[48;2;255;222;118m▀[0m[38;2;255;222;118m[48;2;200;159;27m▀[0m[38;2;200;159;27m[48;2;255;222;118m▀[0m[38;2;102;174;15m[48;2;255;222;118m▀[0m[38;2;182;211;1m[48;2;102;174;15m▀[0m[38;2;218;244;1m[48;2;182;211;1m▀[0m[38;2;0;0;0m[48;2;0;0;0m▀[0m   
  [38;2;0;0;0m[48;2;0;0;0m▀[0m[38;2;154;179;1m[48;2;154;179;1m▀[0m[38;2;255;255;255m[48;2;255;90;181m▀[0m[38;2;255;222;118m[48;2;255;222;118m▀[0m[38;2;255;222;118m[48;2;255;222;118m▀[0m[38;2;255;222;118m[48;2;255;222;118m▀[0m[38;2;255;222;118m[48;2;255;255;255m▀[0m[38;2;255;222;118m[48;2;255;222;118m▀[0m[38;2;255;222;118m[48;2;255;222;118m▀[0m[38;2;154;179;1m[48;2;154;179;1m▀[0m[38;2;218;244;1m[48;2;218;244;1m▀[0m[38;2;0;0;0m[48;2;0;0;0m▀[0m  
   [38;2;0;0;0m▀[38;2;255;222;118m[48;2;0;0;0m▀[0m[38;2;255;222;118m[48;2;200;159;27m▀[0m[38;2;255;222;118m[48;2;255;222;118m▀[0m[38;2;255;222;118m[48;2;255;222;118m▀[0m[38;2;255;90;181m[48;2;255;222;118m▀[0m[38;2;255;222;118m[48;2;200;159;27m▀[0m[38;2;200;159;27m[48;2;218;244;1m▀[0m[38;2;218;244;1m[48;2;218;244;1m▀[0m[38;2;218;244;1m[48;2;0;0;0m▀[0m[38;2;0;0;0m▀  
   [38;2;0;0;0m▄[38;2;0;0;0m▄[38;2;0;0;0m[48;2;200;159;27m▀[0m[38;2;65;65;65m[48;2;0;0;0m▀[0m[38;2;76;118;39m[48;2;0;0;0m▀[0m[38;2;200;159;27m[48;2;102;174;15m▀[0m[38;2;65;65;65m[48;2;76;118;39m▀[0m[38;2;0;0;0m[48;2;0;0;0m▀[0m[38;2;0;0;0m▀    
 [38;2;0;0;0m▄[38;2;0;0;0m[48;2;218;244;1m▀[0m[38;2;218;244;1m[48;2;0;0;0m▀[0m[38;2;182;211;1m[48;2;0;0;0m▀[0m[38;2;0;0;0m▀[38;2;0;0;0m▄[38;2;0;0;0m[48;2;102;174;15m▀[0m[38;2;154;179;1m[48;2;255;222;118m▀[0m[38;2;102;174;15m[48;2;102;174;15m▀[0m[38;2;200;159;27m[48;2;76;118;39m▀[0m[38;2;0;0;0m[48;2;182;211;1m▀[0m[38;2;0;0;0m[48;2;218;244;1m▀[0m[38;2;0;0;0m▄  
 [38;2;0;0;0m▀[38;2;0;0;0m▀   [38;2;0;0;0m▀[38;2;76;118;39m[48;2;0;0;0m▀[0m[38;2;200;159;27m[48;2;76;118;39m▀[0m[38;2;76;118;39m[48;2;102;174;15m▀[0m[38;2;102;174;15m[48;2;102;174;15m▀[0m[38;2;65;65;65m[48;2;76;118;39m▀[0m[38;2;65;65;65m[48;2;154;179;1m▀[0m[38;2;218;244;1m[48;2;0;0;0m▀[0m[38;2;0;0;0m[48;2;0;0;0m▀[0m 
       [38;2;0;0;0m▀[38;2;65;65;65m[48;2;0;0;0m▀[0m[38;2;76;118;39m[48;2;102;174;15m▀[0m[38;2;0;0;0m[48;2;0;0;0m▀[0m[38;2;0;0;0m▀[38;2;182;211;1m[48;2;0;0;0m▀[0m[38;2;0;0;0m[48;2;0;0;0m▀[0m  
                          [38;2;0;0;0m▀[38;2;0;0;0m▀                        
                                     [0m                                     