   [38;2;0;0;0m▄[38;2;0;0;0m[48;2;0;0;0m▀[0m      [38;2;0;0;0m▄          
 [38;2;0;0;0m▄[38;2;0;0;0m[48;2;0;0;0m▀[0m[38;2;0;0;0m[48;2;0;0;0m▀[0m     [38;2;0;0;0m▄[38;2;0;0;0m[48;2;0;0;0m▀[0m[38;2;0;0;0m[48;2;0;0;0m▀[0m         
 [38;2;0;0;0m[48;2;0;0;0m▀[0m[38;2;0;0;0m[48;2;0;0;0m▀[0m [38;2;0;0;0m▄[38;2;0;0;0m▄[38;2;0;0;0m[48;2;255;173;27m▀[0m[38;2;0;0;0m[48;2;0;0;0m▀[0m[38;2;0;0;0m[48;2;0;0;0m▀[0m[38;2;0;0;0m[48;2;0;0;0m▀[0m[38;2;0;0;0m[48;2;0;0;0m▀[0m          
  [38;2;0;0;0m[48;2;0;0;0m▀[0m[38;2;0;0;0m[48;2;65;65;65m▀[0m[38;2;255;173;27m[48;2;65;65;65m▀[0m[38;2;255;173;27m[48;2;255;173;27m▀[0m[38;2;255;173;27m[48;2;0;0;0m▀[0m[38;2;0;0;0m[48;2;65;65;65m▀[0m[38;2;0;0;0m[48;2;255;173;27m▀[0m[38;2;255;173;27m[48;2;255;173;27m▀[0m[38;2;200;92;10m[48;2;255;173;27m▀[0m[38;2;0;0;0m[48;2;200;92;10m▀[0m[38;2;0;0;0m▄        
 [38;2;0;0;0m[48;2;0;0;0m▀[0m[38;2;255;255;255m[48;2;206;239;230m▀[0m[38;2;65;65;65m[48;2;255;173;27m▀[0m[38;2;65;65;65m[48;2;255;173;27m▀[0m[38;2;255;173;27m[48;2;255;173;27m▀[0m[38;2;0;0;0m[48;2;255;255;255m▀[0m[38;2;58;132;247m[48;2;255;255;255m▀[0m[38;2;0;0;0m[48;2;41;82;156m▀[0m[38;2;255;173;27m[48;2;0;0;0m▀[0m[38;2;255;173;27m[48;2;255;173;27m▀[0m[38;2;249;124;16m[48;2;249;124;16m▀[0m[38;2;0;0;0m[48;2;65;65;65m▀[0m[38;2;0;0;0m▄[38;2;0;0;0m[48;2;249;124;16m▀[0m[38;2;0;0;0m[48;2;249;124;16m▀[0m[38;2;0;0;0m[48;2;249;124;16m▀[0m[38;2;0;0;0m▄   
 [38;2;0;0;0m[48;2;0;0;0m▀[0m[38;2;58;132;247m[48;2;41;82;156m▀[0m[38;2;255;173;27m[48;2;255;173;27m▀[0m[38;2;255;173;27m[48;2;255;173;27m▀[0m[38;2;255;173;27m[48;2;255;173;27m▀[0m[38;2;206;239;230m[48;2;41;82;156m▀[0m[38;2;123;181;255m[48;2;58;132;247m▀[0m[38;2;41;82;156m[48;2;41;82;156m▀[0m[38;2;0;0;0m[48;2;218;247;114m▀[0m[38;2;249;124;16m[48;2;249;124;16m▀[0m[38;2;249;124;16m[48;2;65;65;65m▀[0m[38;2;65;65;65m[48;2;249;124;16m▀[0m[38;2;249;124;16m[48;2;209;223;31m▀[0m[38;2;209;223;31m[48;2;209;223;31m▀[0m[38;2;209;223;31m[48;2;123;181;255m▀[0m[38;2;209;223;31m[48;2;123;181;255m▀[0m[38;2;200;92;10m[48;2;206;239;230m▀[0m[38;2;0;0;0m[48;2;206;239;230m▀[0m[38;2;0;0;0m▄ 
  [38;2;0;0;0m▀[38;2;255;173;27m[48;2;0;0;0m▀[0m[38;2;255;173;27m[48;2;218;247;114m▀[0m[38;2;218;247;114m[48;2;218;247;114m▀[0m[38;2;0;0;0m[48;2;218;247;114m▀[0m[38;2;41;82;156m[48;2;209;223;31m▀[0m[38;2;218;247;114m[48;2;65;65;65m▀[0m[38;2;209;223;31m[48;2;65;65;65m▀[0m[38;2;200;92;10m[48;2;65;65;65m▀[0m[38;2;65;65;65m[48;2;255;255;255m▀[0m[38;2;65;65;65m[48;2;255;255;255m▀[0m[38;2;209;223;31m[48;2;65;65;65m▀[0m[38;2;123;181;255m[48;2;206;239;230m▀[0m[38;2;206;239;230m[48;2;206;239;230m▀[0m[38;2;206;239;230m[48;2;206;239;230m▀[0m[38;2;206;239;230m[48;2;206;239;230m▀[0m[38;2;206;239;230m[48;2;206;239;230m▀[0m[38;2;0;0;0m[48;2;0;0;0m▀[0m 
    [38;2;0;0;0m▀[38;2;0;0;0m[48;2;0;0;0m▀[0m[38;2;65;65;65m[48;2;189;189;189m▀[0m[38;2;65;65;65m[48;2;65;65;65m▀[0m[38;2;209;223;31m[48;2;218;247;114m▀[0m[38;2;209;223;31m[48;2;209;223;31m▀[0m[38;2;65;65;65m[48;2;218;247;114m▀[0m[38;2;255;255;255m[48;2;65;65;65m▀[0m[38;2;189;189;189m[48;2;65;65;65m▀[0m[38;2;65;65;65m[48;2;189;189;189m▀[0m[38;2;200;92;10m[48;2;200;92;10m▀[0m[38;2;206;239;230m[48;2;65;65;65m▀[0m[38;2;206;239;230m[48;2;0;0;0m▀[0m[38;2;206;239;230m[48;2;0;0;0m▀[0m[38;2;0;0;0m▀  
      [38;2;0;0;0m▀[38;2;0;0;0m▀[38;2;112;128;43m[48;2;0;0;0m▀[0m[38;2;218;247;114m[48;2;65;65;65m▀[0m[38;2;209;223;31m[48;2;112;128;43m▀[0m[38;2;0;0;0m[48;2;65;65;65m▀[0m[38;2;189;189;189m[48;2;0;0;0m▀[0m[38;2;189;189;189m[48;2;0;0;0m▀[0m[38;2;65;65;65m[48;2;65;65;65m▀[0m[38;2;0;0;0m[48;2;200;92;10m▀[0m[38;2;0;0;0m▄    
        [38;2;0;0;0m▀[38;2;249;124;16m[48;2;0;0;0m▀[0m[38;2;200;92;10m[48;2;0;0;0m▀[0m[38;2;0;0;0m▀ [38;2;0;0;0m[48;2;0;0;0m▀[0m[38;2;65;65;65m[48;2;249;124;16m▀[0m[38;2;200;92;10m[48;2;200;92;10m▀[0m[38;2;0;0;0m[48;2;0;0;0m▀[0m    
                             [38;2;0;0;0m▀[38;2;0;0;0m▀                     
                                     [0m                                     