               [38;2;0;0;0m▄[38;2;0;0;0m[48;2;255;155;52m▀[0m[38;2;0;0;0m[48;2;251;234;206m▀[0m[38;2;0;0;0m[48;2;251;234;206m▀[0m[38;2;0;0;0m[48;2;251;234;206m▀[0m[38;2;0;0;0m▄   
              [38;2;0;0;0m[48;2;0;0;0m▀[0m[38;2;255;155;52m[48;2;255;155;52m▀[0m[38;2;251;234;206m[48;2;251;234;206m▀[0m[38;2;251;234;206m[48;2;251;234;206m▀[0m[38;2;216;199;171m[48;2;251;234;206m▀[0m[38;2;0;0;0m[48;2;0;0;0m▀[0m    
              [38;2;0;0;0m▄[38;2;0;0;0m[48;2;0;0;0m▀[0m[38;2;210;108;4m[48;2;255;155;52m▀[0m[38;2;251;234;206m[48;2;210;108;4m▀[0m[38;2;251;234;206m[48;2;251;234;206m▀[0m[38;2;251;234;206m[48;2;251;234;206m▀[0m[38;2;0;0;0m[48;2;255;155;52m▀[0m[38;2;0;0;0m▄  
     [38;2;0;0;0m▄[38;2;0;0;0m[48;2;251;234;206m▀[0m[38;2;0;0;0m▄ [38;2;0;0;0m▄[38;2;0;0;0m▄[38;2;0;0;0m[48;2;251;234;206m▀[0m[38;2;0;0;0m[48;2;251;234;206m▀[0m[38;2;0;0;0m[48;2;251;234;206m▀[0m[38;2;251;234;206m[48;2;251;234;206m▀[0m[38;2;251;234;206m[48;2;255;155;52m▀[0m[38;2;255;155;52m[48;2;210;108;4m▀[0m[38;2;210;108;4m[48;2;210;108;4m▀[0m[38;2;251;234;206m[48;2;251;234;206m▀[0m[38;2;251;234;206m[48;2;251;234;206m▀[0m[38;2;251;234;206m[48;2;251;234;206m▀[0m[38;2;210;108;4m[48;2;210;108;4m▀[0m[38;2;0;0;0m[48;2;0;0;0m▀[0m 
    [38;2;0;0;0m[48;2;0;0;0m▀[0m[38;2;251;234;206m[48;2;251;234;206m▀[0m[38;2;251;234;206m[48;2;255;155;52m▀[0m[38;2;65;65;65m[48;2;255;155;52m▀[0m[38;2;0;0;0m[48;2;210;108;4m▀[0m[38;2;251;234;206m[48;2;210;108;4m▀[0m[38;2;255;155;52m[48;2;65;65;65m▀[0m[38;2;65;65;65m[48;2;251;234;206m▀[0m[38;2;210;108;4m[48;2;65;65;65m▀[0m[38;2;210;108;4m[48;2;210;108;4m▀[0m[38;2;210;108;4m[48;2;210;108;4m▀[0m[38;2;210;108;4m[48;2;255;155;52m▀[0m[38;2;210;108;4m[48;2;251;234;206m▀[0m[38;2;251;234;206m[48;2;251;234;206m▀[0m[38;2;251;234;206m[48;2;251;234;206m▀[0m[38;2;251;234;206m[48;2;255;155;52m▀[0m[38;2;255;155;52m[48;2;210;108;4m▀[0m[38;2;210;108;4m[48;2;0;0;0m▀[0m[38;2;0;0;0m▀ 
  [38;2;0;0;0m▄[38;2;0;0;0m[48;2;255;155;52m▀[0m[38;2;251;234;206m[48;2;210;108;4m▀[0m[38;2;255;155;52m[48;2;210;108;4m▀[0m[38;2;210;108;4m[48;2;210;108;4m▀[0m[38;2;210;108;4m[48;2;255;155;52m▀[0m[38;2;210;108;4m[48;2;251;234;206m▀[0m[38;2;65;65;65m[48;2;251;234;206m▀[0m[38;2;251;234;206m[48;2;251;234;206m▀[0m[38;2;251;234;206m[48;2;251;234;206m▀[0m[38;2;65;65;65m[48;2;255;155;52m▀[0m[38;2;251;234;206m[48;2;210;108;4m▀[0m[38;2;251;234;206m[48;2;210;108;4m▀[0m[38;2;251;234;206m[48;2;251;234;206m▀[0m[38;2;251;234;206m[48;2;251;234;206m▀[0m[38;2;251;234;206m[48;2;210;108;4m▀[0m[38;2;255;155;52m[48;2;210;108;4m▀[0m[38;2;210;108;4m[48;2;255;155;52m▀[0m[38;2;210;108;4m[48;2;216;199;171m▀[0m[38;2;0;0;0m[48;2;138;121;93m▀[0m[38;2;0;0;0m▄ 
 [38;2;0;0;0m▄[38;2;0;0;0m[48;2;251;234;206m▀[0m[38;2;210;108;4m[48;2;210;108;4m▀[0m[38;2;210;108;4m[48;2;255;155;52m▀[0m[38;2;255;155;52m[48;2;251;234;206m▀[0m[38;2;251;234;206m[48;2;216;199;171m▀[0m[38;2;251;234;206m[48;2;216;199;171m▀[0m[38;2;251;234;206m[48;2;255;155;52m▀[0m[38;2;251;234;206m[48;2;210;108;4m▀[0m[38;2;255;155;52m[48;2;210;108;4m▀[0m[38;2;210;108;4m[48;2;210;108;4m▀[0m[38;2;210;108;4m[48;2;210;108;4m▀[0m[38;2;210;108;4m[48;2;210;108;4m▀[0m[38;2;251;234;206m[48;2;210;108;4m▀[0m[38;2;251;234;206m[48;2;216;199;171m▀[0m[38;2;216;199;171m[48;2;216;199;171m▀[0m[38;2;216;199;171m[48;2;138;121;93m▀[0m[38;2;216;199;171m[48;2;216;199;171m▀[0m[38;2;216;199;171m[48;2;216;199;171m▀[0m[38;2;216;199;171m[48;2;138;121;93m▀[0m[38;2;138;121;93m[48;2;216;199;171m▀[0m[38;2;0;0;0m[48;2;0;0;0m▀[0m 
 [38;2;0;0;0m[48;2;0;0;0m▀[0m[38;2;251;234;206m[48;2;138;121;93m▀[0m[38;2;251;234;206m[48;2;251;234;206m▀[0m[38;2;251;234;206m[48;2;255;155;52m▀[0m[38;2;210;108;4m[48;2;255;236;33m▀[0m[38;2;255;255;255m[48;2;0;0;0m▀[0m[38;2;65;65;65m[48;2;65;65;65m▀[0m[38;2;210;108;4m[48;2;255;155;52m▀[0m[38;2;210;108;4m[48;2;216;199;171m▀[0m[38;2;138;121;93m[48;2;216;199;171m▀[0m[38;2;255;155;52m[48;2;138;121;93m▀[0m[38;2;216;199;171m[48;2;216;199;171m▀[0m[38;2;216;199;171m[48;2;216;199;171m▀[0m[38;2;216;199;171m[48;2;210;108;4m▀[0m[38;2;216;199;171m[48;2;0;0;0m▀[0m[38;2;138;121;93m[48;2;0;0;0m▀[0m[38;2;0;0;0m▀[38;2;0;0;0m▀[38;2;138;121;93m[48;2;0;0;0m▀[0m[38;2;216;199;171m[48;2;0;0;0m▀[0m[38;2;0;0;0m▀  
  [38;2;0;0;0m▀[38;2;0;0;0m▀[38;2;216;199;171m[48;2;0;0;0m▀[0m[38;2;216;199;171m[48;2;0;0;0m▀[0m[38;2;216;199;171m[48;2;0;0;0m▀[0m[38;2;216;199;171m[48;2;0;0;0m▀[0m[38;2;216;199;171m[48;2;138;121;93m▀[0m[38;2;216;199;171m[48;2;138;121;93m▀[0m[38;2;138;121;93m[48;2;216;199;171m▀[0m[38;2;138;121;93m[48;2;216;199;171m▀[0m[38;2;138;121;93m[48;2;0;0;0m▀[0m[38;2;0;0;0m▀[38;2;0;0;0m▀         
        [38;2;0;0;0m▀[38;2;251;234;206m[48;2;0;0;0m▀[0m[38;2;216;199;171m[48;2;0;0;0m▀[0m[38;2;0;0;0m▀            
                                     [0m                                     