  [38;2;0;0;0m▄[38;2;0;0;0m▄ [38;2;0;0;0m▄[38;2;0;0;0m[48;2;247;58;49m▀[0m[38;2;0;0;0m▄   [38;2;0;0;0m▄[38;2;0;0;0m▄[38;2;0;0;0m▄         
 [38;2;0;0;0m[48;2;0;0;0m▀[0m[38;2;161;126;95m[48;2;244;236;205m▀[0m[38;2;250;248;234m[48;2;142;107;76m▀[0m[38;2;0;0;0m[48;2;142;107;76m▀[0m[38;2;165;58;66m[48;2;247;58;49m▀[0m[38;2;247;58;49m[48;2;247;58;49m▀[0m[38;2;247;58;49m[48;2;247;58;49m▀[0m[38;2;0;0;0m[48;2;165;58;66m▀[0m[38;2;0;0;0m▄[38;2;0;0;0m[48;2;250;248;234m▀[0m[38;2;250;248;234m[48;2;250;248;234m▀[0m[38;2;250;248;234m[48;2;250;248;234m▀[0m[38;2;142;107;76m[48;2;250;248;234m▀[0m[38;2;0;0;0m[48;2;0;0;0m▀[0m   [38;2;0;0;0m▄[38;2;0;0;0m▄[38;2;0;0;0m[48;2;250;248;234m▀[0m[38;2;0;0;0m▄ 
 [38;2;0;0;0m▀[38;2;244;236;205m[48;2;0;0;0m▀[0m[38;2;142;107;76m[48;2;142;107;76m▀[0m[38;2;165;58;66m[48;2;247;58;49m▀[0m[38;2;247;58;49m[48;2;161;126;95m▀[0m[38;2;161;126;95m[48;2;201;166;135m▀[0m[38;2;201;166;135m[48;2;201;166;135m▀[0m[38;2;201;166;135m[48;2;201;166;135m▀[0m[38;2;250;248;234m[48;2;201;166;135m▀[0m[38;2;201;166;135m[48;2;142;107;76m▀[0m[38;2;142;107;76m[48;2;142;107;76m▀[0m[38;2;201;166;135m[48;2;142;107;76m▀[0m[38;2;250;248;234m[48;2;244;236;205m▀[0m[38;2;0;0;0m[48;2;0;0;0m▀[0m  [38;2;0;0;0m[48;2;0;0;0m▀[0m[38;2;142;107;76m[48;2;250;248;234m▀[0m[38;2;250;248;234m[48;2;250;248;234m▀[0m[38;2;250;248;234m[48;2;250;248;234m▀[0m[38;2;0;0;0m[48;2;0;0;0m▀[0m 
 [38;2;0;0;0m▄[38;2;0;0;0m[48;2;255;255;255m▀[0m[38;2;201;166;135m[48;2;201;166;135m▀[0m[38;2;0;0;0m[48;2;201;166;135m▀[0m[38;2;201;166;135m[48;2;201;166;135m▀[0m[38;2;201;166;135m[48;2;161;126;95m▀[0m[38;2;161;126;95m[48;2;255;255;255m▀[0m[38;2;161;126;95m[48;2;189;173;173m▀[0m[38;2;201;166;135m[48;2;161;126;95m▀[0m[38;2;201;166;135m[48;2;201;166;135m▀[0m[38;2;142;107;76m[48;2;201;166;135m▀[0m[38;2;244;236;205m[48;2;0;0;0m▀[0m[38;2;0;0;0m▀   [38;2;0;0;0m▄[38;2;0;0;0m[48;2;201;166;135m▀[0m[38;2;250;248;234m[48;2;0;0;0m▀[0m[38;2;142;107;76m[48;2;0;0;0m▀[0m[38;2;0;0;0m▀ 
 [38;2;0;0;0m▀[38;2;250;248;234m[48;2;0;0;0m▀[0m[38;2;201;166;135m[48;2;247;58;49m▀[0m[38;2;201;166;135m[48;2;247;58;49m▀[0m[38;2;201;166;135m[48;2;161;126;95m▀[0m[38;2;189;173;173m[48;2;250;248;234m▀[0m[38;2;0;0;0m[48;2;255;255;255m▀[0m[38;2;255;255;255m[48;2;250;248;234m▀[0m[38;2;250;248;234m[48;2;244;236;205m▀[0m[38;2;161;126;95m[48;2;244;236;205m▀[0m[38;2;0;0;0m[48;2;0;0;0m▀[0m  [38;2;0;0;0m▄[38;2;0;0;0m▄[38;2;0;0;0m[48;2;161;126;95m▀[0m[38;2;201;166;135m[48;2;0;0;0m▀[0m[38;2;0;0;0m▀    
   [38;2;0;0;0m▀[38;2;161;126;95m[48;2;0;0;0m▀[0m[38;2;250;248;234m[48;2;0;0;0m▀[0m[38;2;250;248;234m[48;2;161;126;95m▀[0m[38;2;161;126;95m[48;2;244;236;205m▀[0m[38;2;244;236;205m[48;2;244;236;205m▀[0m[38;2;244;236;205m[48;2;161;126;95m▀[0m[38;2;0;0;0m[48;2;201;166;135m▀[0m[38;2;201;166;135m[48;2;201;166;135m▀[0m[38;2;0;0;0m[48;2;201;166;135m▀[0m[38;2;0;0;0m[48;2;201;166;135m▀[0m[38;2;201;166;135m[48;2;201;166;135m▀[0m[38;2;201;166;135m[48;2;201;166;135m▀[0m[38;2;0;0;0m[48;2;201;166;135m▀[0m[38;2;0;0;0m▄     
     [38;2;0;0;0m▄[38;2;0;0;0m[48;2;161;126;95m▀[0m[38;2;161;126;95m[48;2;161;126;95m▀[0m[38;2;201;166;135m[48;2;161;126;95m▀[0m[38;2;201;166;135m[48;2;201;166;135m▀[0m[38;2;201;166;135m[48;2;201;166;135m▀[0m[38;2;201;166;135m[48;2;201;166;135m▀[0m[38;2;201;166;135m[48;2;161;126;95m▀[0m[38;2;201;166;135m[48;2;161;126;95m▀[0m[38;2;201;166;135m[48;2;201;166;135m▀[0m[38;2;201;166;135m[48;2;201;166;135m▀[0m[38;2;201;166;135m[48;2;161;126;95m▀[0m[38;2;0;0;0m[48;2;161;126;95m▀[0m[38;2;0;0;0m▄    
    [38;2;0;0;0m▄[38;2;0;0;0m[48;2;244;236;205m▀[0m[38;2;161;126;95m[48;2;161;126;95m▀[0m[38;2;161;126;95m[48;2;161;126;95m▀[0m[38;2;161;126;95m[48;2;0;0;0m▀[0m[38;2;142;107;76m[48;2;142;107;76m▀[0m[38;2;201;166;135m[48;2;201;166;135m▀[0m[38;2;201;166;135m[48;2;201;166;135m▀[0m[38;2;142;107;76m[48;2;201;166;135m▀[0m[38;2;161;126;95m[48;2;0;0;0m▀[0m[38;2;0;0;0m▀[38;2;161;126;95m[48;2;0;0;0m▀[0m[38;2;161;126;95m[48;2;161;126;95m▀[0m[38;2;161;126;95m[48;2;244;236;205m▀[0m[38;2;0;0;0m[48;2;0;0;0m▀[0m    
   [38;2;0;0;0m▀[38;2;244;236;205m[48;2;0;0;0m▀[0m[38;2;161;126;95m[48;2;0;0;0m▀[0m[38;2;244;236;205m[48;2;0;0;0m▀[0m[38;2;0;0;0m▀ [38;2;0;0;0m[48;2;0;0;0m▀[0m[38;2;201;166;135m[48;2;250;248;234m▀[0m[38;2;201;166;135m[48;2;244;236;205m▀[0m[38;2;201;166;135m[48;2;0;0;0m▀[0m[38;2;0;0;0m▀ [38;2;0;0;0m▀[38;2;244;236;205m[48;2;0;0;0m▀[0m[38;2;244;236;205m[48;2;0;0;0m▀[0m[38;2;0;0;0m▀    
        [38;2;0;0;0m▀[38;2;250;248;234m[48;2;0;0;0m▀[0m[38;2;201;166;135m[48;2;0;0;0m▀[0m[38;2;250;248;234m[48;2;0;0;0m▀[0m[38;2;0;0;0m▀          
                                     [0m                                     