      [38;2;0;0;0m▄[38;2;0;0;0m[48;2;255;248;236m▀[0m[38;2;0;0;0m▄   [38;2;0;0;0m▄              
      [38;2;0;0;0m[48;2;0;0;0m▀[0m[38;2;197;197;197m[48;2;197;197;197m▀[0m[38;2;0;0;0m[48;2;255;248;236m▀[0m[38;2;0;0;0m▄[38;2;0;0;0m▄[38;2;0;0;0m[48;2;0;0;0m▀[0m[38;2;255;248;236m[48;2;197;197;197m▀[0m[38;2;0;0;0m[48;2;255;248;236m▀[0m[38;2;0;0;0m▄            
      [38;2;0;0;0m[48;2;0;0;0m▀[0m[38;2;180;74;57m[48;2;211;203;212m▀[0m[38;2;255;248;236m[48;2;238;82;74m▀[0m[38;2;211;203;212m[48;2;238;82;74m▀[0m[38;2;255;248;236m[48;2;180;74;57m▀[0m[38;2;0;0;0m[48;2;255;248;236m▀[0m[38;2;197;197;197m[48;2;197;197;197m▀[0m[38;2;255;248;236m[48;2;255;248;236m▀[0m[38;2;0;0;0m[48;2;255;248;236m▀[0m[38;2;0;0;0m▄     [38;2;0;0;0m▄ [38;2;0;0;0m▄[38;2;0;0;0m▄  
     [38;2;0;0;0m[48;2;0;0;0m▀[0m[38;2;180;74;57m[48;2;119;116;125m▀[0m[38;2;238;82;74m[48;2;238;82;74m▀[0m[38;2;180;74;57m[48;2;238;82;74m▀[0m[38;2;211;203;212m[48;2;238;82;74m▀[0m[38;2;255;248;236m[48;2;238;82;74m▀[0m[38;2;255;248;236m[48;2;180;74;57m▀[0m[38;2;255;248;236m[48;2;255;248;236m▀[0m[38;2;255;248;236m[48;2;255;248;236m▀[0m[38;2;255;248;236m[48;2;255;248;236m▀[0m[38;2;0;0;0m[48;2;0;0;0m▀[0m    [38;2;0;0;0m[48;2;0;0;0m▀[0m[38;2;255;248;236m[48;2;255;248;236m▀[0m[38;2;0;0;0m[48;2;255;248;236m▀[0m[38;2;255;248;236m[48;2;255;248;236m▀[0m[38;2;0;0;0m[48;2;211;203;212m▀[0m[38;2;0;0;0m▄ 
  [38;2;0;0;0m▄[38;2;0;0;0m▄[38;2;0;0;0m[48;2;211;203;212m▀[0m[38;2;107;103;114m[48;2;119;116;125m▀[0m[38;2;205;189;49m[48;2;205;189;49m▀[0m[38;2;238;82;74m[48;2;119;116;125m▀[0m[38;2;119;116;125m[48;2;119;116;125m▀[0m[38;2;93;92;101m[48;2;255;238;49m▀[0m[38;2;93;92;101m[48;2;0;0;0m▀[0m[38;2;93;92;101m[48;2;255;238;49m▀[0m[38;2;93;92;101m[48;2;255;238;49m▀[0m[38;2;93;92;101m[48;2;93;92;101m▀[0m[38;2;255;248;236m[48;2;255;248;236m▀[0m[38;2;255;248;236m[48;2;255;248;236m▀[0m[38;2;0;0;0m[48;2;0;0;0m▀[0m  [38;2;0;0;0m[48;2;0;0;0m▀[0m[38;2;211;203;212m[48;2;255;248;236m▀[0m[38;2;255;248;236m[48;2;211;203;212m▀[0m[38;2;255;248;236m[48;2;0;0;0m▀[0m[38;2;0;0;0m▀[38;2;0;0;0m▀  
 [38;2;0;0;0m▀[38;2;180;74;57m[48;2;0;0;0m▀[0m[38;2;180;74;57m[48;2;0;0;0m▀[0m[38;2;0;0;0m▀[38;2;238;82;74m[48;2;0;0;0m▀[0m[38;2;119;116;125m[48;2;238;82;74m▀[0m[38;2;119;116;125m[48;2;238;82;74m▀[0m[38;2;238;82;74m[48;2;238;82;74m▀[0m[38;2;255;238;49m[48;2;180;74;57m▀[0m[38;2;238;82;74m[48;2;255;238;49m▀[0m[38;2;255;238;49m[48;2;255;238;49m▀[0m[38;2;255;238;49m[48;2;180;74;57m▀[0m[38;2;180;74;57m[48;2;238;82;74m▀[0m[38;2;255;248;236m[48;2;255;248;236m▀[0m[38;2;255;248;236m[48;2;0;0;0m▀[0m[38;2;0;0;0m▀  [38;2;0;0;0m[48;2;0;0;0m▀[0m[38;2;255;248;236m[48;2;255;248;236m▀[0m[38;2;0;0;0m[48;2;211;203;212m▀[0m[38;2;0;0;0m▄    
      [38;2;0;0;0m▀[38;2;0;0;0m▀[38;2;238;82;74m[48;2;0;0;0m▀[0m[38;2;238;82;74m[48;2;0;0;0m▀[0m[38;2;180;74;57m[48;2;211;203;212m▀[0m[38;2;180;74;57m[48;2;211;203;212m▀[0m[38;2;238;82;74m[48;2;211;203;212m▀[0m[38;2;255;248;236m[48;2;238;82;74m▀[0m[38;2;0;0;0m[48;2;238;82;74m▀[0m[38;2;0;0;0m▄    [38;2;0;0;0m[48;2;0;0;0m▀[0m[38;2;255;248;236m[48;2;211;203;212m▀[0m[38;2;0;0;0m[48;2;0;0;0m▀[0m    
         [38;2;0;0;0m▄[38;2;0;0;0m[48;2;149;137;151m▀[0m[38;2;255;248;236m[48;2;211;203;212m▀[0m[38;2;255;248;236m[48;2;255;248;236m▀[0m[38;2;211;203;212m[48;2;255;248;236m▀[0m[38;2;238;82;74m[48;2;211;203;212m▀[0m[38;2;238;82;74m[48;2;211;203;212m▀[0m[38;2;0;0;0m[48;2;0;0;0m▀[0m[38;2;0;0;0m▄[38;2;0;0;0m▄[38;2;0;0;0m[48;2;211;203;212m▀[0m[38;2;211;203;212m[48;2;211;203;212m▀[0m[38;2;211;203;212m[48;2;0;0;0m▀[0m[38;2;0;0;0m▀    
        [38;2;0;0;0m▄[38;2;0;0;0m[48;2;211;203;212m▀[0m[38;2;180;74;57m[48;2;149;137;151m▀[0m[38;2;149;137;151m[48;2;211;203;212m▀[0m[38;2;211;203;212m[48;2;238;82;74m▀[0m[38;2;211;203;212m[48;2;149;137;151m▀[0m[38;2;255;248;236m[48;2;255;248;236m▀[0m[38;2;255;248;236m[48;2;255;248;236m▀[0m[38;2;255;248;236m[48;2;255;248;236m▀[0m[38;2;211;203;212m[48;2;0;0;0m▀[0m[38;2;211;203;212m[48;2;0;0;0m▀[0m[38;2;211;203;212m[48;2;0;0;0m▀[0m[38;2;0;0;0m▀      
       [38;2;0;0;0m▀[38;2;180;74;57m[48;2;0;0;0m▀[0m[38;2;180;74;57m[48;2;0;0;0m▀[0m[38;2;211;203;212m[48;2;238;82;74m▀[0m[38;2;149;137;151m[48;2;238;82;74m▀[0m[38;2;211;203;212m[48;2;211;203;212m▀[0m[38;2;211;203;212m[48;2;0;0;0m▀[0m[38;2;211;203;212m[48;2;0;0;0m▀[0m[38;2;255;248;236m[48;2;0;0;0m▀[0m[38;2;0;0;0m▀          
                [38;2;0;0;0m▀[38;2;0;0;0m▀[38;2;0;0;0m▀                    
                                     [0m                                     