      [38;2;0;0;0m▄[38;2;0;0;0m▄[38;2;0;0;0m[48;2;105;157;184m▀[0m[38;2;0;0;0m[48;2;105;157;184m▀[0m[38;2;0;0;0m[48;2;105;157;184m▀[0m[38;2;0;0;0m[48;2;105;157;184m▀[0m[38;2;0;0;0m[48;2;105;157;184m▀[0m[38;2;0;0;0m[48;2;0;0;0m▀[0m       
  [38;2;0;0;0m▄[38;2;0;0;0m[48;2;147;199;226m▀[0m[38;2;0;0;0m[48;2;105;157;184m▀[0m[38;2;0;0;0m▄[38;2;0;0;0m[48;2;0;0;0m▀[0m[38;2;105;157;184m[48;2;60;112;139m▀[0m[38;2;105;157;184m[48;2;60;112;139m▀[0m[38;2;60;112;139m[48;2;105;157;184m▀[0m[38;2;60;112;139m[48;2;147;199;226m▀[0m[38;2;60;112;139m[48;2;147;199;226m▀[0m[38;2;60;112;139m[48;2;0;0;0m▀[0m[38;2;0;0;0m▀ [38;2;0;0;0m▄[38;2;0;0;0m▄[38;2;0;0;0m▄[38;2;0;0;0m▄[38;2;0;0;0m▄ 
 [38;2;0;0;0m[48;2;0;0;0m▀[0m[38;2;147;199;226m[48;2;147;199;226m▀[0m[38;2;105;157;184m[48;2;65;65;65m▀[0m[38;2;60;112;139m[48;2;60;112;139m▀[0m[38;2;60;112;139m[48;2;105;157;184m▀[0m[38;2;60;112;139m[48;2;147;199;226m▀[0m[38;2;60;112;139m[48;2;147;199;226m▀[0m[38;2;147;199;226m[48;2;60;112;139m▀[0m[38;2;147;199;226m[48;2;60;112;139m▀[0m[38;2;105;157;184m[48;2;147;199;226m▀[0m[38;2;65;65;65m[48;2;147;199;226m▀[0m[38;2;0;0;0m[48;2;147;199;226m▀[0m[38;2;0;0;0m[48;2;60;112;139m▀[0m[38;2;0;0;0m[48;2;60;112;139m▀[0m[38;2;105;157;184m[48;2;65;65;65m▀[0m[38;2;105;157;184m[48;2;65;65;65m▀[0m[38;2;65;65;65m[48;2;147;199;226m▀[0m[38;2;147;199;226m[48;2;105;157;184m▀[0m[38;2;0;0;0m[48;2;0;0;0m▀[0m 
 [38;2;0;0;0m[48;2;0;0;0m▀[0m[38;2;105;157;184m[48;2;60;112;139m▀[0m[38;2;147;199;226m[48;2;105;157;184m▀[0m[38;2;65;65;65m[48;2;147;199;226m▀[0m[38;2;65;65;65m[48;2;147;199;226m▀[0m[38;2;60;112;139m[48;2;65;65;65m▀[0m[38;2;60;112;139m[48;2;65;65;65m▀[0m[38;2;60;112;139m[48;2;65;65;65m▀[0m[38;2;60;112;139m[48;2;65;65;65m▀[0m[38;2;105;157;184m[48;2;65;65;65m▀[0m[38;2;105;157;184m[48;2;65;65;65m▀[0m[38;2;65;65;65m[48;2;65;65;65m▀[0m[38;2;65;65;65m[48;2;147;199;226m▀[0m[38;2;65;65;65m[48;2;147;199;226m▀[0m[38;2;147;199;226m[48;2;105;157;184m▀[0m[38;2;147;199;226m[48;2;105;157;184m▀[0m[38;2;105;157;184m[48;2;105;157;184m▀[0m[38;2;105;157;184m[48;2;0;0;0m▀[0m[38;2;0;0;0m▀ 
  [38;2;0;0;0m▀[38;2;60;112;139m[48;2;0;0;0m▀[0m[38;2;105;157;184m[48;2;0;0;0m▀[0m[38;2;105;157;184m[48;2;65;65;65m▀[0m[38;2;147;199;226m[48;2;105;157;184m▀[0m[38;2;147;199;226m[48;2;105;157;184m▀[0m[38;2;147;199;226m[48;2;105;157;184m▀[0m[38;2;147;199;226m[48;2;105;157;184m▀[0m[38;2;147;199;226m[48;2;105;157;184m▀[0m[38;2;147;199;226m[48;2;105;157;184m▀[0m[38;2;147;199;226m[48;2;105;157;184m▀[0m[38;2;105;157;184m[48;2;105;157;184m▀[0m[38;2;105;157;184m[48;2;65;65;65m▀[0m[38;2;105;157;184m[48;2;0;0;0m▀[0m[38;2;60;112;139m[48;2;0;0;0m▀[0m[38;2;0;0;0m▀   
    [38;2;0;0;0m[48;2;0;0;0m▀[0m[38;2;255;131;49m[48;2;255;131;49m▀[0m[38;2;65;65;65m[48;2;255;131;49m▀[0m[38;2;65;65;65m[48;2;255;131;49m▀[0m[38;2;65;65;65m[48;2;101;186;61m▀[0m[38;2;65;65;65m[48;2;255;255;255m▀[0m[38;2;65;65;65m[48;2;0;0;0m▀[0m[38;2;65;65;65m[48;2;255;255;255m▀[0m[38;2;65;65;65m[48;2;214;214;214m▀[0m[38;2;65;65;65m[48;2;105;157;184m▀[0m[38;2;60;112;139m[48;2;120;231;82m▀[0m[38;2;0;0;0m[48;2;0;0;0m▀[0m     
     [38;2;0;0;0m[48;2;0;0;0m▀[0m[38;2;160;255;124m[48;2;65;65;65m▀[0m[38;2;160;255;124m[48;2;101;186;61m▀[0m[38;2;255;131;49m[48;2;160;255;124m▀[0m[38;2;160;255;124m[48;2;160;255;124m▀[0m[38;2;255;255;255m[48;2;160;255;124m▀[0m[38;2;255;255;255m[48;2;105;157;184m▀[0m[38;2;105;157;184m[48;2;65;65;65m▀[0m[38;2;105;157;184m[48;2;65;65;65m▀[0m[38;2;0;0;0m[48;2;0;0;0m▀[0m      
  [38;2;0;0;0m▄[38;2;0;0;0m[48;2;255;131;49m▀[0m[38;2;0;0;0m[48;2;120;231;82m▀[0m[38;2;120;231;82m[48;2;120;231;82m▀[0m[38;2;101;186;61m[48;2;0;0;0m▀[0m[38;2;0;0;0m▀[38;2;0;0;0m▀[38;2;0;0;0m[48;2;0;0;0m▀[0m[38;2;65;65;65m[48;2;105;157;184m▀[0m[38;2;65;65;65m[48;2;105;157;184m▀[0m[38;2;120;231;82m[48;2;160;255;124m▀[0m[38;2;120;231;82m[48;2;101;186;61m▀[0m[38;2;101;186;61m[48;2;160;255;124m▀[0m[38;2;0;0;0m[48;2;120;231;82m▀[0m[38;2;0;0;0m▄[38;2;0;0;0m▄   
  [38;2;0;0;0m▀[38;2;0;0;0m[48;2;0;0;0m▀[0m[38;2;255;131;49m[48;2;0;0;0m▀[0m[38;2;0;0;0m▀ [38;2;0;0;0m▄[38;2;0;0;0m[48;2;255;131;49m▀[0m[38;2;65;65;65m[48;2;105;157;184m▀[0m[38;2;105;157;184m[48;2;65;65;65m▀[0m[38;2;105;157;184m[48;2;105;157;184m▀[0m[38;2;160;255;124m[48;2;105;157;184m▀[0m[38;2;160;255;124m[48;2;120;231;82m▀[0m[38;2;65;65;65m[48;2;120;231;82m▀[0m[38;2;160;255;124m[48;2;65;65;65m▀[0m[38;2;160;255;124m[48;2;160;255;124m▀[0m[38;2;101;186;61m[48;2;160;255;124m▀[0m[38;2;0;0;0m[48;2;255;131;49m▀[0m[38;2;0;0;0m▄ 
       [38;2;0;0;0m▀[38;2;0;0;0m[48;2;0;0;0m▀[0m[38;2;255;131;49m[48;2;0;0;0m▀[0m[38;2;0;0;0m▀[38;2;0;0;0m▀[38;2;60;112;139m[48;2;0;0;0m▀[0m[38;2;105;157;184m[48;2;255;131;49m▀[0m[38;2;60;112;139m[48;2;105;157;184m▀[0m[38;2;65;65;65m[48;2;105;157;184m▀[0m[38;2;65;65;65m[48;2;0;0;0m▀[0m[38;2;255;131;49m[48;2;0;0;0m▀[0m[38;2;0;0;0m▀[38;2;0;0;0m▀ 
            [38;2;0;0;0m▀[38;2;0;0;0m[48;2;0;0;0m▀[0m[38;2;255;131;49m[48;2;0;0;0m▀[0m[38;2;0;0;0m▀[38;2;0;0;0m▀    
                                     [0m                                     