    [38;2;0;0;0m▄[38;2;0;0;0m[48;2;233;178;248m▀[0m[38;2;0;0;0m[48;2;220;139;242m▀[0m[38;2;0;0;0m[48;2;184;105;233m▀[0m[38;2;0;0;0m▄              
   [38;2;0;0;0m[48;2;0;0;0m▀[0m[38;2;220;139;242m[48;2;220;139;242m▀[0m[38;2;206;99;132m[48;2;65;65;65m▀[0m[38;2;206;99;132m[48;2;230;123;165m▀[0m[38;2;220;139;242m[48;2;220;139;242m▀[0m[38;2;184;105;233m[48;2;184;105;233m▀[0m[38;2;0;0;0m[48;2;0;0;0m▀[0m     [38;2;0;0;0m▄[38;2;0;0;0m[48;2;233;178;248m▀[0m[38;2;0;0;0m[48;2;220;139;242m▀[0m[38;2;0;0;0m[48;2;184;105;233m▀[0m[38;2;0;0;0m▄   
   [38;2;0;0;0m▀[38;2;220;139;242m[48;2;0;0;0m▀[0m[38;2;230;123;165m[48;2;220;139;242m▀[0m[38;2;206;99;132m[48;2;220;139;242m▀[0m[38;2;220;139;242m[48;2;184;105;233m▀[0m[38;2;135;75;201m[48;2;135;75;201m▀[0m[38;2;0;0;0m[48;2;184;105;233m▀[0m[38;2;0;0;0m▄[38;2;0;0;0m▄[38;2;0;0;0m▄ [38;2;0;0;0m[48;2;0;0;0m▀[0m[38;2;220;139;242m[48;2;220;139;242m▀[0m[38;2;206;99;132m[48;2;65;65;65m▀[0m[38;2;206;99;132m[48;2;230;123;165m▀[0m[38;2;220;139;242m[48;2;220;139;242m▀[0m[38;2;184;105;233m[48;2;184;105;233m▀[0m[38;2;0;0;0m[48;2;0;0;0m▀[0m  
     [38;2;0;0;0m[48;2;0;0;0m▀[0m[38;2;65;65;65m[48;2;255;255;255m▀[0m[38;2;184;105;233m[48;2;220;139;242m▀[0m[38;2;220;139;242m[48;2;233;178;248m▀[0m[38;2;233;178;248m[48;2;233;178;248m▀[0m[38;2;233;178;248m[48;2;220;139;242m▀[0m[38;2;220;139;242m[48;2;220;139;242m▀[0m[38;2;184;105;233m[48;2;220;139;242m▀[0m[38;2;0;0;0m[48;2;220;139;242m▀[0m[38;2;0;0;0m[48;2;184;105;233m▀[0m[38;2;220;139;242m[48;2;135;75;201m▀[0m[38;2;230;123;165m[48;2;220;139;242m▀[0m[38;2;206;99;132m[48;2;220;139;242m▀[0m[38;2;220;139;242m[48;2;135;75;201m▀[0m[38;2;184;105;233m[48;2;0;0;0m▀[0m[38;2;0;0;0m▀  
  [38;2;0;0;0m▄[38;2;0;0;0m▄[38;2;0;0;0m[48;2;0;0;0m▀[0m[38;2;220;139;242m[48;2;249;227;59m▀[0m[38;2;0;0;0m[48;2;235;169;15m▀[0m[38;2;255;255;255m[48;2;135;75;201m▀[0m[38;2;135;75;201m[48;2;220;139;242m▀[0m[38;2;135;75;201m[48;2;220;139;242m▀[0m[38;2;220;139;242m[48;2;135;75;201m▀[0m[38;2;220;139;242m[48;2;255;255;255m▀[0m[38;2;255;255;255m[48;2;0;0;0m▀[0m[38;2;255;255;255m[48;2;255;255;255m▀[0m[38;2;220;139;242m[48;2;255;255;255m▀[0m[38;2;220;139;242m[48;2;220;139;242m▀[0m[38;2;135;75;201m[48;2;220;139;242m▀[0m[38;2;0;0;0m[48;2;0;0;0m▀[0m[38;2;0;0;0m▀    
 [38;2;0;0;0m[48;2;0;0;0m▀[0m[38;2;184;105;233m[48;2;135;75;201m▀[0m[38;2;184;105;233m[48;2;184;105;233m▀[0m[38;2;65;65;65m[48;2;65;65;65m▀[0m[38;2;249;227;59m[48;2;65;65;65m▀[0m[38;2;249;227;59m[48;2;255;255;255m▀[0m[38;2;249;227;59m[48;2;249;227;59m▀[0m[38;2;235;169;15m[48;2;249;227;59m▀[0m[38;2;235;169;15m[48;2;249;227;59m▀[0m[38;2;220;139;242m[48;2;249;227;59m▀[0m[38;2;220;139;242m[48;2;249;227;59m▀[0m[38;2;135;75;201m[48;2;249;227;59m▀[0m[38;2;135;75;201m[48;2;249;227;59m▀[0m[38;2;220;139;242m[48;2;65;65;65m▀[0m[38;2;220;139;242m[48;2;220;139;242m▀[0m[38;2;220;139;242m[48;2;184;105;233m▀[0m[38;2;135;75;201m[48;2;184;105;233m▀[0m[38;2;0;0;0m[48;2;0;0;0m▀[0m    
 [38;2;0;0;0m▀[38;2;135;75;201m[48;2;0;0;0m▀[0m[38;2;65;65;65m[48;2;0;0;0m▀[0m[38;2;135;75;201m[48;2;0;0;0m▀[0m[38;2;65;65;65m[48;2;65;65;65m▀[0m[38;2;255;255;255m[48;2;206;99;132m▀[0m[38;2;206;99;132m[48;2;206;99;132m▀[0m[38;2;206;99;132m[48;2;206;99;132m▀[0m[38;2;206;99;132m[48;2;206;99;132m▀[0m[38;2;206;99;132m[48;2;65;65;65m▀[0m[38;2;235;169;15m[48;2;65;65;65m▀[0m[38;2;249;227;59m[48;2;255;255;255m▀[0m[38;2;249;227;59m[48;2;235;169;15m▀[0m[38;2;249;227;59m[48;2;249;227;59m▀[0m[38;2;65;65;65m[48;2;65;65;65m▀[0m[38;2;184;105;233m[48;2;184;105;233m▀[0m[38;2;184;105;233m[48;2;65;65;65m▀[0m[38;2;65;65;65m[48;2;220;139;242m▀[0m[38;2;0;0;0m[48;2;220;139;242m▀[0m[38;2;0;0;0m[48;2;220;139;242m▀[0m[38;2;0;0;0m▄ 
    [38;2;0;0;0m▄[38;2;0;0;0m[48;2;235;169;15m▀[0m[38;2;206;99;132m[48;2;255;255;255m▀[0m[38;2;206;99;132m[48;2;206;99;132m▀[0m[38;2;206;99;132m[48;2;65;65;65m▀[0m[38;2;65;65;65m[48;2;230;123;165m▀[0m[38;2;65;65;65m[48;2;230;123;165m▀[0m[38;2;65;65;65m[48;2;206;99;132m▀[0m[38;2;222;222;222m[48;2;65;65;65m▀[0m[38;2;65;65;65m[48;2;65;65;65m▀[0m[38;2;249;227;59m[48;2;249;227;59m▀[0m[38;2;65;65;65m[48;2;65;65;65m▀[0m[38;2;135;75;201m[48;2;135;75;201m▀[0m[38;2;65;65;65m[48;2;184;105;233m▀[0m[38;2;184;105;233m[48;2;184;105;233m▀[0m[38;2;220;139;242m[48;2;184;105;233m▀[0m[38;2;184;105;233m[48;2;135;75;201m▀[0m[38;2;0;0;0m[48;2;0;0;0m▀[0m 
    [38;2;0;0;0m▀[38;2;249;227;59m[48;2;0;0;0m▀[0m[38;2;235;169;15m[48;2;249;227;59m▀[0m[38;2;206;99;132m[48;2;249;227;59m▀[0m[38;2;230;123;165m[48;2;249;227;59m▀[0m[38;2;230;123;165m[48;2;235;169;15m▀[0m[38;2;230;123;165m[48;2;206;99;132m▀[0m[38;2;230;123;165m[48;2;206;99;132m▀[0m[38;2;206;99;132m[48;2;255;255;255m▀[0m[38;2;206;99;132m[48;2;206;99;132m▀[0m[38;2;249;227;59m[48;2;249;227;59m▀[0m[38;2;65;65;65m[48;2;65;65;65m▀[0m[38;2;135;75;201m[48;2;135;75;201m▀[0m[38;2;65;65;65m[48;2;135;75;201m▀[0m[38;2;65;65;65m[48;2;0;0;0m▀[0m[38;2;0;0;0m▀[38;2;0;0;0m▀  
    [38;2;0;0;0m[48;2;0;0;0m▀[0m[38;2;135;75;201m[48;2;222;222;222m▀[0m[38;2;65;65;65m[48;2;135;75;201m▀[0m[38;2;65;65;65m[48;2;222;222;222m▀[0m[38;2;65;65;65m[48;2;135;75;201m▀[0m[38;2;249;227;59m[48;2;0;0;0m▀[0m[38;2;249;227;59m[48;2;0;0;0m▀[0m[38;2;249;227;59m[48;2;249;227;59m▀[0m[38;2;235;169;15m[48;2;249;227;59m▀[0m[38;2;235;169;15m[48;2;249;227;59m▀[0m[38;2;249;227;59m[48;2;65;65;65m▀[0m[38;2;65;65;65m[48;2;135;75;201m▀[0m[38;2;184;105;233m[48;2;184;105;233m▀[0m[38;2;184;105;233m[48;2;184;105;233m▀[0m[38;2;0;0;0m[48;2;0;0;0m▀[0m    
     [38;2;0;0;0m▀[38;2;0;0;0m▀[38;2;0;0;0m▀[38;2;0;0;0m▀  [38;2;0;0;0m▀[38;2;0;0;0m▀[38;2;0;0;0m▀[38;2;135;75;201m[48;2;0;0;0m▀[0m[38;2;220;139;242m[48;2;135;75;201m▀[0m[38;2;220;139;242m[48;2;255;255;255m▀[0m[38;2;220;139;242m[48;2;135;75;201m▀[0m[38;2;184;105;233m[48;2;255;255;255m▀[0m[38;2;0;0;0m[48;2;0;0;0m▀[0m   
                [38;2;0;0;0m▀[38;2;0;0;0m▀[38;2;0;0;0m▀[38;2;0;0;0m▀      
                                     [0m                                     