    [38;2;0;4;0m▄[38;2;0;4;0m[48;2;165;159;107m▀[0m[38;2;0;4;0m▄     [38;2;0;4;0m▄[38;2;0;4;0m[48;2;209;218;102m▀[0m[38;2;0;4;0m▄           
    [38;2;0;4;0m[48;2;0;4;0m▀[0m[38;2;162;152;104m[48;2;162;152;104m▀[0m[38;2;162;152;104m[48;2;162;152;104m▀[0m[38;2;0;4;0m[48;2;0;4;0m▀[0m   [38;2;0;4;0m▄[38;2;0;4;0m[48;2;209;218;102m▀[0m[38;2;209;218;102m[48;2;209;218;102m▀[0m[38;2;0;4;0m[48;2;0;4;0m▀[0m           
    [38;2;0;4;0m[48;2;0;4;0m▀[0m[38;2;66;65;66m[48;2;66;65;66m▀[0m[38;2;160;147;103m[48;2;66;65;66m▀[0m[38;2;164;154;104m[48;2;164;154;104m▀[0m[38;2;0;4;0m[48;2;0;4;0m▀[0m [38;2;0;4;0m▄[38;2;16;4;0m[48;2;211;220;104m▀[0m[38;2;211;220;104m[48;2;68;74;49m▀[0m[38;2;212;221;105m[48;2;212;221;105m▀[0m[38;2;212;221;105m[48;2;212;221;105m▀[0m[38;2;0;4;0m[48;2;0;4;0m▀[0m          
     [38;2;0;4;0m[48;2;0;4;0m▀[0m[38;2;66;64;66m[48;2;66;64;66m▀[0m[38;2;160;147;103m[48;2;66;65;66m▀[0m[38;2;160;147;103m[48;2;66;65;66m▀[0m[38;2;0;4;0m[48;2;99;97;99m▀[0m[38;2;66;66;66m[48;2;99;97;99m▀[0m[38;2;209;218;102m[48;2;209;218;102m▀[0m[38;2;66;65;66m[48;2;66;65;66m▀[0m[38;2;112;111;87m[48;2;74;60;57m▀[0m[38;2;210;219;103m[48;2;210;219;103m▀[0m[38;2;0;4;0m[48;2;0;4;0m▀[0m          
     [38;2;0;4;0m▄[38;2;0;4;0m[48;2;209;218;102m▀[0m[38;2;209;218;102m[48;2;95;96;96m▀[0m[38;2;95;96;96m[48;2;95;96;96m▀[0m[38;2;95;96;96m[48;2;95;96;96m▀[0m[38;2;209;218;102m[48;2;209;218;102m▀[0m[38;2;74;60;57m[48;2;210;219;103m▀[0m[38;2;112;111;87m[48;2;210;219;103m▀[0m[38;2;66;65;66m[48;2;66;65;66m▀[0m[38;2;209;218;102m[48;2;209;218;102m▀[0m[38;2;188;206;123m[48;2;137;131;87m▀[0m[38;2;16;4;0m[48;2;63;68;51m▀[0m[38;2;0;4;0m▄        
    [38;2;0;4;0m[48;2;0;4;0m▀[0m[38;2;212;221;105m[48;2;212;221;105m▀[0m[38;2;212;221;105m[48;2;212;221;105m▀[0m[38;2;95;97;95m[48;2;95;97;95m▀[0m[38;2;95;97;95m[48;2;95;97;95m▀[0m[38;2;212;221;105m[48;2;212;221;105m▀[0m[38;2;212;221;105m[48;2;212;221;105m▀[0m[38;2;209;218;102m[48;2;209;218;102m▀[0m[38;2;209;218;102m[48;2;66;65;66m▀[0m[38;2;210;219;103m[48;2;74;60;49m▀[0m[38;2;106;102;87m[48;2;106;102;87m▀[0m[38;2;94;97;94m[48;2;94;97;94m▀[0m[38;2;66;65;66m[48;2;94;97;94m▀[0m[38;2;99;97;99m[48;2;66;66;66m▀[0m[38;2;0;4;0m[48;2;99;97;99m▀[0m[38;2;0;4;0m▄      
    [38;2;0;4;0m▀[38;2;102;107;74m[48;2;16;8;0m▀[0m[38;2;214;199;132m[48;2;102;107;74m▀[0m[38;2;95;97;95m[48;2;95;97;95m▀[0m[38;2;95;97;95m[48;2;95;97;95m▀[0m[38;2;214;199;132m[48;2;102;107;74m▀[0m[38;2;102;107;74m[48;2;16;8;0m▀[0m[38;2;123;44;41m[48;2;167;113;109m▀[0m[38;2;255;251;247m[48;2;255;251;247m▀[0m[38;2;95;97;95m[48;2;95;97;95m▀[0m[38;2;95;97;95m[48;2;95;97;95m▀[0m[38;2;95;97;95m[48;2;95;97;95m▀[0m[38;2;95;97;95m[48;2;95;97;95m▀[0m[38;2;66;65;66m[48;2;66;65;66m▀[0m[38;2;94;97;94m[48;2;94;97;94m▀[0m[38;2;94;97;94m[48;2;94;97;94m▀[0m[38;2;0;4;0m[48;2;94;97;94m▀[0m[38;2;0;4;0m▄    
    [38;2;0;4;0m▄[38;2;0;4;0m[48;2;99;97;99m▀[0m[38;2;66;66;66m[48;2;99;97;99m▀[0m[38;2;95;97;95m[48;2;95;97;95m▀[0m[38;2;95;97;95m[48;2;95;97;95m▀[0m[38;2;85;85;87m[48;2;85;85;87m▀[0m[38;2;255;85;82m[48;2;85;85;87m▀[0m[38;2;255;85;82m[48;2;95;95;98m▀[0m[38;2;95;95;98m[48;2;95;95;98m▀[0m[38;2;95;96;96m[48;2;209;218;102m▀[0m[38;2;95;96;96m[48;2;209;218;102m▀[0m[38;2;188;206;123m[48;2;16;4;0m▀[0m[38;2;63;68;51m[48;2;137;131;87m▀[0m[38;2;94;97;94m[48;2;94;97;94m▀[0m[38;2;66;65;66m[48;2;66;65;66m▀[0m[38;2;95;97;95m[48;2;95;97;95m▀[0m[38;2;95;97;95m[48;2;95;97;95m▀[0m[38;2;0;4;0m[48;2;94;97;94m▀[0m[38;2;0;4;0m▄   
    [38;2;0;4;0m▀[38;2;66;66;66m[48;2;0;4;0m▀[0m[38;2;99;97;99m[48;2;0;4;0m▀[0m[38;2;102;107;74m[48;2;16;8;0m▀[0m[38;2;102;107;74m[48;2;214;199;132m▀[0m[38;2;212;221;105m[48;2;212;221;105m▀[0m[38;2;212;221;105m[48;2;212;221;105m▀[0m[38;2;210;219;103m[48;2;170;158;98m▀[0m[38;2;210;219;103m[48;2;66;65;66m▀[0m[38;2;66;64;66m[48;2;0;4;0m▀[0m[38;2;0;4;0m▀ [38;2;0;4;0m[48;2;0;4;0m▀[0m[38;2;94;97;94m[48;2;94;97;94m▀[0m[38;2;66;65;66m[48;2;94;97;94m▀[0m[38;2;94;97;94m[48;2;0;4;0m▀[0m[38;2;94;97;94m[48;2;94;97;94m▀[0m[38;2;94;97;94m[48;2;94;97;94m▀[0m[38;2;0;4;0m[48;2;0;4;0m▀[0m   
       [38;2;0;4;0m▄[38;2;0;4;0m[48;2;94;97;94m▀[0m[38;2;66;65;66m[48;2;126;200;255m▀[0m[38;2;66;65;66m[48;2;126;200;255m▀[0m[38;2;112;116;128m[48;2;132;204;255m▀[0m[38;2;132;204;255m[48;2;97;99;57m▀[0m[38;2;66;71;71m[48;2;99;105;107m▀[0m[38;2;0;4;0m[48;2;99;105;107m▀[0m[38;2;0;4;0m▄ [38;2;0;4;0m▀[38;2;0;4;0m▀ [38;2;0;4;0m▀[38;2;0;4;0m▀    
      [38;2;0;4;0m[48;2;0;4;0m▀[0m[38;2;120;131;134m[48;2;73;74;57m▀[0m[38;2;73;74;57m[48;2;247;255;255m▀[0m[38;2;66;65;66m[48;2;145;194;219m▀[0m[38;2;145;194;219m[48;2;66;65;66m▀[0m[38;2;105;201;255m[48;2;90;166;192m▀[0m[38;2;66;60;57m[48;2;90;166;192m▀[0m[38;2;111;100;65m[48;2;16;8;0m▀[0m[38;2;211;220;104m[48;2;211;220;104m▀[0m[38;2;0;4;0m[48;2;209;218;102m▀[0m[38;2;0;4;0m▄   [38;2;0;4;0m▄[38;2;0;4;0m[48;2;164;154;104m▀[0m[38;2;0;4;0m[48;2;164;154;104m▀[0m[38;2;0;4;0m▄  
    [38;2;0;4;0m▄[38;2;8;4;0m[48;2;104;101;84m▀[0m[38;2;149;156;123m[48;2;104;101;84m▀[0m[38;2;160;147;103m[48;2;160;147;103m▀[0m[38;2;66;65;66m[48;2;66;65;66m▀[0m[38;2;66;60;57m[48;2;123;215;255m▀[0m[38;2;100;154;177m[48;2;123;215;255m▀[0m[38;2;93;145;172m[48;2;126;200;255m▀[0m[38;2;8;12;16m[48;2;54;77;90m▀[0m[38;2;0;4;0m▄[38;2;0;4;0m[48;2;66;64;66m▀[0m[38;2;209;218;102m[48;2;209;218;102m▀[0m[38;2;209;218;102m[48;2;95;96;96m▀[0m[38;2;0;4;0m[48;2;0;4;0m▀[0m [38;2;0;4;0m▄[38;2;0;4;0m[48;2;165;159;107m▀[0m[38;2;164;154;104m[48;2;164;154;104m▀[0m[38;2;164;154;104m[48;2;0;4;0m▀[0m[38;2;164;154;104m[48;2;0;4;0m▀[0m[38;2;0;4;0m[48;2;0;4;0m▀[0m 
 [38;2;0;4;0m▄[38;2;0;4;0m[48;2;198;195;189m▀[0m[38;2;0;4;0m[48;2;198;195;189m▀[0m[38;2;99;99;94m[48;2;198;195;189m▀[0m[38;2;94;97;94m[48;2;94;97;94m▀[0m[38;2;94;97;94m[48;2;66;65;66m▀[0m[38;2;74;69;66m[48;2;165;155;107m▀[0m[38;2;85;93;99m[48;2;165;155;107m▀[0m[38;2;95;95;98m[48;2;95;95;98m▀[0m[38;2;126;200;255m[48;2;95;95;98m▀[0m[38;2;95;96;96m[48;2;95;96;96m▀[0m[38;2;95;96;96m[48;2;209;218;102m▀[0m[38;2;112;111;87m[48;2;210;219;103m▀[0m[38;2;74;60;57m[48;2;210;219;103m▀[0m[38;2;210;219;103m[48;2;74;60;49m▀[0m[38;2;106;102;87m[48;2;106;102;87m▀[0m[38;2;99;97;99m[48;2;99;97;99m▀[0m[38;2;0;4;0m[48;2;66;66;66m▀[0m[38;2;164;154;104m[48;2;164;154;104m▀[0m[38;2;164;154;104m[48;2;0;4;0m▀[0m[38;2;0;4;0m▀    
  [38;2;0;4;0m[48;2;0;4;0m▀[0m[38;2;198;190;189m[48;2;66;60;66m▀[0m[38;2;66;60;66m[48;2;110;103;107m▀[0m[38;2;85;93;99m[48;2;74;69;66m▀[0m[38;2;74;69;66m[48;2;165;155;107m▀[0m[38;2;162;152;104m[48;2;162;152;104m▀[0m[38;2;162;152;104m[48;2;162;152;104m▀[0m[38;2;170;158;98m[48;2;66;65;66m▀[0m[38;2;210;219;103m[48;2;66;65;66m▀[0m[38;2;212;221;105m[48;2;212;221;105m▀[0m[38;2;212;221;105m[48;2;212;221;105m▀[0m[38;2;209;218;102m[48;2;209;218;102m▀[0m[38;2;209;218;102m[48;2;66;65;66m▀[0m[38;2;66;65;66m[48;2;94;97;94m▀[0m[38;2;94;97;94m[48;2;94;97;94m▀[0m[38;2;95;95;95m[48;2;255;255;255m▀[0m[38;2;255;255;255m[48;2;255;255;255m▀[0m[38;2;85;83;85m[48;2;255;251;255m▀[0m[38;2;0;0;0m[48;2;255;251;255m▀[0m[38;2;0;4;0m▄    
   [38;2;0;4;0m▀[38;2;0;4;0m▀[38;2;66;66;66m[48;2;0;4;0m▀[0m[38;2;66;66;66m[48;2;99;97;99m▀[0m[38;2;160;147;103m[48;2;66;65;66m▀[0m[38;2;160;147;103m[48;2;66;65;66m▀[0m[38;2;165;159;107m[48;2;0;4;0m▀[0m[38;2;0;4;0m▀[38;2;209;218;102m[48;2;0;4;0m▀[0m[38;2;209;218;102m[48;2;209;218;102m▀[0m[38;2;209;218;102m[48;2;209;218;102m▀[0m[38;2;66;65;66m[48;2;209;218;102m▀[0m[38;2;94;97;94m[48;2;66;65;66m▀[0m[38;2;94;97;94m[48;2;94;97;94m▀[0m[38;2;85;83;85m[48;2;85;83;85m▀[0m[38;2;255;251;255m[48;2;0;0;0m▀[0m[38;2;0;4;0m▀[38;2;0;4;0m▀     
    [38;2;0;4;0m▄[38;2;0;4;0m▄[38;2;0;4;0m[48;2;94;97;94m▀[0m[38;2;94;97;94m[48;2;94;97;94m▀[0m[38;2;0;4;0m[48;2;94;97;94m▀[0m[38;2;0;4;0m▄  [38;2;0;4;0m▀[38;2;0;4;0m▀[38;2;66;64;66m[48;2;0;4;0m▀[0m[38;2;66;65;66m[48;2;94;97;94m▀[0m[38;2;66;65;66m[48;2;94;97;94m▀[0m[38;2;0;4;0m[48;2;94;97;94m▀[0m[38;2;0;4;0m▄       
   [38;2;0;4;0m▀[38;2;94;97;94m[48;2;0;4;0m▀[0m[38;2;66;66;66m[48;2;0;4;0m▀[0m[38;2;99;97;99m[48;2;0;4;0m▀[0m[38;2;94;97;94m[48;2;0;4;0m▀[0m[38;2;0;4;0m▀     [38;2;0;4;0m▄[38;2;0;8;0m[48;2;123;121;123m▀[0m[38;2;82;83;82m[48;2;123;121;123m▀[0m[38;2;90;90;90m[48;2;132;130;132m▀[0m[38;2;8;12;8m[48;2;90;90;90m▀[0m[38;2;0;4;0m▄      
              [38;2;0;4;0m▀[38;2;66;66;66m[48;2;0;4;0m▀[0m[38;2;99;97;99m[48;2;0;4;0m▀[0m[38;2;66;66;66m[48;2;0;4;0m▀[0m[38;2;99;97;99m[48;2;0;4;0m▀[0m[38;2;0;4;0m▀      
                                     [0m                                     