     [38;2;0;4;0m▄[38;2;0;4;0m[48;2;255;239;132m▀[0m[38;2;0;4;0m[48;2;255;238;123m▀[0m[38;2;0;4;0m[48;2;183;170;69m▀[0m[38;2;0;4;0m▄                                
   [38;2;0;4;0m▄[38;2;0;4;0m[48;2;204;169;66m▀[0m[38;2;255;239;132m[48;2;204;169;66m▀[0m[38;2;204;169;66m[48;2;204;169;66m▀[0m[38;2;209;170;59m[48;2;66;65;66m▀[0m[38;2;209;170;59m[48;2;66;65;66m▀[0m[38;2;204;169;66m[48;2;204;169;66m▀[0m[38;2;0;4;0m[48;2;0;4;0m▀[0m                   [38;2;0;4;0m▄[38;2;0;4;0m▄[38;2;0;4;0m▄         
  [38;2;0;4;0m▄[38;2;0;4;0m[48;2;204;169;66m▀[0m[38;2;204;169;66m[48;2;204;169;66m▀[0m[38;2;209;170;59m[48;2;66;65;66m▀[0m[38;2;66;65;66m[48;2;66;65;66m▀[0m[38;2;75;70;61m[48;2;208;194;186m▀[0m[38;2;208;194;186m[48;2;8;8;0m▀[0m[38;2;0;4;0m▀    [38;2;0;4;0m▄[38;2;0;4;0m▄            [38;2;0;4;0m▄[38;2;8;4;0m[48;2;185;169;69m▀[0m[38;2;185;169;69m[48;2;255;238;123m▀[0m[38;2;204;169;66m[48;2;255;239;132m▀[0m[38;2;255;239;132m[48;2;204;169;66m▀[0m[38;2;0;4;0m[48;2;183;170;69m▀[0m[38;2;0;4;0m[48;2;255;238;123m▀[0m[38;2;0;4;0m▄      
  [38;2;0;4;0m[48;2;0;4;0m▀[0m[38;2;205;169;63m[48;2;205;169;63m▀[0m[38;2;205;169;63m[48;2;205;169;63m▀[0m[38;2;66;65;66m[48;2;66;65;66m▀[0m[38;2;66;65;66m[48;2;199;195;187m▀[0m[38;2;199;195;187m[48;2;0;4;0m▀[0m[38;2;0;4;0m▀   [38;2;0;4;0m▄[38;2;41;0;13m[48;2;255;239;140m▀[0m[38;2;255;239;140m[48;2;86;82;72m▀[0m[38;2;255;239;132m[48;2;0;4;0m▀[0m[38;2;0;4;0m▀  [38;2;0;4;0m[48;2;0;4;0m▀[0m[38;2;0;4;0m[48;2;255;239;132m▀[0m[38;2;0;4;0m▄[38;2;0;4;0m▄     [38;2;0;4;0m▀[38;2;255;239;132m[48;2;66;65;66m▀[0m[38;2;66;65;66m[48;2;66;65;66m▀[0m[38;2;66;65;66m[48;2;255;247;189m▀[0m[38;2;255;247;189m[48;2;66;65;66m▀[0m[38;2;255;239;132m[48;2;255;239;132m▀[0m[38;2;204;169;66m[48;2;255;239;132m▀[0m[38;2;255;238;123m[48;2;185;169;69m▀[0m[38;2;8;4;0m[48;2;255;238;123m▀[0m[38;2;0;4;0m▄    
 [38;2;0;4;0m[48;2;0;4;0m▀[0m[38;2;204;169;66m[48;2;204;169;66m▀[0m[38;2;202;157;86m[48;2;156;125;81m▀[0m[38;2;77;61;63m[48;2;77;61;63m▀[0m[38;2;66;65;66m[48;2;66;65;66m▀[0m[38;2;199;195;187m[48;2;199;195;187m▀[0m[38;2;0;4;0m[48;2;0;4;0m▀[0m   [38;2;0;4;0m[48;2;0;4;0m▀[0m[38;2;255;239;132m[48;2;255;239;132m▀[0m[38;2;84;83;63m[48;2;84;83;63m▀[0m[38;2;148;54;64m[48;2;148;54;64m▀[0m[38;2;0;4;0m[48;2;199;195;187m▀[0m[38;2;0;4;0m▄  [38;2;0;4;0m▄[38;2;0;4;0m[48;2;66;63;66m▀[0m[38;2;255;239;132m[48;2;255;239;132m▀[0m[38;2;204;169;66m[48;2;204;169;66m▀[0m[38;2;0;4;0m[48;2;204;169;66m▀[0m[38;2;0;4;0m▄      [38;2;0;4;0m[48;2;0;4;0m▀[0m[38;2;255;255;255m[48;2;255;255;255m▀[0m[38;2;87;54;54m[48;2;87;54;54m▀[0m[38;2;255;239;132m[48;2;87;54;54m▀[0m[38;2;255;239;128m[48;2;255;239;128m▀[0m[38;2;255;239;128m[48;2;255;239;128m▀[0m[38;2;0;4;0m[48;2;255;239;132m▀[0m[38;2;0;4;0m▄   
 [38;2;3;0;8m[48;2;3;0;8m▀[0m[38;2;140;114;65m[48;2;211;169;93m▀[0m[38;2;209;167;71m[48;2;141;114;76m▀[0m[38;2;209;167;71m[48;2;86;61;77m▀[0m[38;2;66;65;66m[48;2;66;65;66m▀[0m[38;2;199;195;187m[48;2;199;195;187m▀[0m[38;2;0;4;0m[48;2;0;4;0m▀[0m  [38;2;0;4;0m[48;2;0;4;0m▀[0m[38;2;255;239;132m[48;2;255;239;132m▀[0m[38;2;84;83;63m[48;2;84;83;63m▀[0m[38;2;150;52;57m[48;2;150;52;57m▀[0m[38;2;150;52;57m[48;2;150;52;57m▀[0m[38;2;199;195;187m[48;2;150;51;55m▀[0m[38;2;199;195;187m[48;2;199;195;187m▀[0m[38;2;0;8;0m[48;2;169;172;169m▀[0m[38;2;0;8;0m[48;2;255;255;255m▀[0m[38;2;66;65;66m[48;2;255;255;255m▀[0m[38;2;255;255;255m[48;2;255;255;255m▀[0m[38;2;66;65;66m[48;2;66;65;66m▀[0m[38;2;255;239;132m[48;2;255;239;132m▀[0m[38;2;205;169;63m[48;2;205;169;63m▀[0m[38;2;205;169;63m[48;2;205;169;63m▀[0m[38;2;0;4;0m[48;2;0;4;0m▀[0m      [38;2;0;4;0m[48;2;0;4;0m▀[0m[38;2;255;255;255m[48;2;255;255;255m▀[0m[38;2;149;55;70m[48;2;149;55;70m▀[0m[38;2;66;65;66m[48;2;66;65;66m▀[0m[38;2;206;184;84m[48;2;255;230;115m▀[0m[38;2;255;239;140m[48;2;139;126;70m▀[0m[38;2;20;0;3m[48;2;255;239;140m▀[0m[38;2;0;4;0m▄  
 [38;2;0;4;0m[48;2;0;4;0m▀[0m[38;2;204;169;66m[48;2;204;169;66m▀[0m[38;2;209;170;59m[48;2;209;170;59m▀[0m[38;2;66;65;66m[48;2;66;65;66m▀[0m[38;2;149;51;60m[48;2;149;51;60m▀[0m[38;2;66;65;66m[48;2;66;65;66m▀[0m[38;2;208;194;186m[48;2;208;194;186m▀[0m[38;2;8;8;0m[48;2;75;70;61m▀[0m[38;2;8;0;2m[48;2;90;82;43m▀[0m[38;2;255;239;132m[48;2;255;239;132m▀[0m[38;2;255;239;132m[48;2;97;75;84m▀[0m[38;2;97;75;84m[48;2;97;75;84m▀[0m[38;2;150;51;55m[48;2;150;51;55m▀[0m[38;2;199;195;187m[48;2;199;195;187m▀[0m[38;2;122;74;79m[48;2;200;184;200m▀[0m[38;2;122;74;79m[48;2;94;29;29m▀[0m[38;2;230;149;158m[48;2;78;51;71m▀[0m[38;2;78;51;71m[48;2;179;116;127m▀[0m[38;2;66;65;66m[48;2;255;48;53m▀[0m[38;2;66;65;66m[48;2;255;48;53m▀[0m[38;2;255;255;255m[48;2;66;65;66m▀[0m[38;2;66;65;66m[48;2;66;65;66m▀[0m[38;2;255;239;132m[48;2;255;239;132m▀[0m[38;2;204;169;66m[48;2;204;169;66m▀[0m[38;2;204;169;66m[48;2;204;169;66m▀[0m[38;2;0;4;0m[48;2;0;4;0m▀[0m     [38;2;0;4;0m▀[38;2;255;255;255m[48;2;24;0;10m▀[0m[38;2;96;71;79m[48;2;255;255;255m▀[0m[38;2;98;61;61m[48;2;87;54;54m▀[0m[38;2;255;239;132m[48;2;98;61;61m▀[0m[38;2;155;115;92m[48;2;194;160;96m▀[0m[38;2;255;238;123m[48;2;255;238;123m▀[0m[38;2;0;4;0m[48;2;0;4;0m▀[0m  
 [38;2;0;4;0m[48;2;0;4;0m▀[0m[38;2;204;169;66m[48;2;204;169;66m▀[0m[38;2;209;170;59m[48;2;209;170;59m▀[0m[38;2;66;65;66m[48;2;66;65;66m▀[0m[38;2;149;51;60m[48;2;149;51;60m▀[0m[38;2;149;51;60m[48;2;66;65;66m▀[0m[38;2;66;65;66m[48;2;199;195;187m▀[0m[38;2;199;195;187m[48;2;199;195;187m▀[0m[38;2;66;65;66m[48;2;66;65;66m▀[0m[38;2;209;170;59m[48;2;209;170;59m▀[0m[38;2;84;79;66m[48;2;84;79;66m▀[0m[38;2;199;195;187m[48;2;199;195;187m▀[0m[38;2;147;51;54m[48;2;221;154;178m▀[0m[38;2;221;154;178m[48;2;221;154;178m▀[0m[38;2;143;12;13m[48;2;180;88;94m▀[0m[38;2;180;88;94m[48;2;255;243;255m▀[0m[38;2;226;52;61m[48;2;226;52;61m▀[0m[38;2;255;101;165m[48;2;226;52;61m▀[0m[38;2;151;50;58m[48;2;233;135;170m▀[0m[38;2;233;135;170m[48;2;151;50;58m▀[0m[38;2;179;116;127m[48;2;230;149;158m▀[0m[38;2;78;51;71m[48;2;78;51;71m▀[0m[38;2;255;239;132m[48;2;255;239;132m▀[0m[38;2;142;110;111m[48;2;142;110;111m▀[0m[38;2;205;169;63m[48;2;205;169;63m▀[0m[38;2;205;169;63m[48;2;205;169;63m▀[0m[38;2;0;4;0m[48;2;0;4;0m▀[0m  [38;2;0;4;0m▄[38;2;0;4;0m▄ [38;2;0;4;0m[48;2;0;4;0m▀[0m[38;2;255;255;255m[48;2;255;255;255m▀[0m[38;2;149;51;60m[48;2;149;51;60m▀[0m[38;2;66;65;66m[48;2;66;65;66m▀[0m[38;2;255;239;128m[48;2;255;239;128m▀[0m[38;2;255;239;128m[48;2;255;239;128m▀[0m[38;2;255;239;132m[48;2;255;239;132m▀[0m[38;2;0;4;0m[48;2;0;4;0m▀[0m 
  [38;2;0;4;0m[48;2;0;4;0m▀[0m[38;2;205;169;63m[48;2;205;169;63m▀[0m[38;2;205;169;63m[48;2;205;169;63m▀[0m[38;2;66;65;66m[48;2;66;65;66m▀[0m[38;2;149;51;60m[48;2;149;51;60m▀[0m[38;2;66;65;66m[48;2;149;51;60m▀[0m[38;2;66;65;66m[48;2;66;65;66m▀[0m[38;2;67;66;55m[48;2;222;202;147m▀[0m[38;2;170;157;117m[48;2;67;66;55m▀[0m[38;2;209;170;59m[48;2;209;170;59m▀[0m[38;2;84;83;63m[48;2;84;83;63m▀[0m[38;2;255;93;173m[48;2;255;93;173m▀[0m[38;2;100;32;124m[48;2;131;74;137m▀[0m[38;2;255;255;255m[48;2;255;255;255m▀[0m[38;2;212;51;50m[48;2;212;51;50m▀[0m[38;2;170;41;139m[48;2;199;107;174m▀[0m[38;2;255;243;247m[48;2;199;107;174m▀[0m[38;2;255;101;165m[48;2;255;101;165m▀[0m[38;2;255;101;165m[48;2;147;53;62m▀[0m[38;2;242;226;145m[48;2;66;65;66m▀[0m[38;2;66;65;66m[48;2;242;226;145m▀[0m[38;2;255;239;132m[48;2;255;239;132m▀[0m[38;2;142;110;111m[48;2;142;110;111m▀[0m[38;2;204;169;66m[48;2;204;169;66m▀[0m[38;2;204;169;66m[48;2;0;4;0m▀[0m[38;2;0;4;0m▀ [38;2;0;4;0m▀[38;2;255;255;255m[48;2;0;4;0m▀[0m[38;2;255;255;255m[48;2;85;85;85m▀[0m[38;2;0;0;0m[48;2;170;170;170m▀[0m[38;2;0;4;0m[48;2;0;4;0m▀[0m[38;2;255;255;255m[48;2;255;255;255m▀[0m[38;2;149;51;60m[48;2;149;51;60m▀[0m[38;2;255;48;53m[48;2;255;48;53m▀[0m[38;2;66;65;66m[48;2;66;65;66m▀[0m[38;2;255;239;132m[48;2;255;239;132m▀[0m[38;2;255;239;132m[48;2;255;239;132m▀[0m[38;2;0;4;0m[48;2;0;4;0m▀[0m 
  [38;2;0;4;0m▀[38;2;203;167;75m[48;2;6;0;16m▀[0m[38;2;135;114;56m[48;2;203;167;75m▀[0m[38;2;80;46;46m[48;2;202;162;86m▀[0m[38;2;110;90;84m[48;2;80;46;46m▀[0m[38;2;66;65;66m[48;2;66;65;66m▀[0m[38;2;199;195;187m[48;2;66;65;66m▀[0m[38;2;66;65;66m[48;2;66;65;66m▀[0m[38;2;66;65;66m[48;2;199;195;187m▀[0m[38;2;209;170;59m[48;2;66;65;66m▀[0m[38;2;209;170;59m[48;2;209;170;59m▀[0m[38;2;66;65;66m[48;2;66;65;66m▀[0m[38;2;255;255;255m[48;2;255;255;255m▀[0m[38;2;255;255;255m[48;2;255;255;255m▀[0m[38;2;255;46;48m[48;2;255;255;255m▀[0m[38;2;149;55;70m[48;2;255;255;255m▀[0m[38;2;149;55;70m[48;2;255;255;255m▀[0m[38;2;135;68;95m[48;2;200;196;178m▀[0m[38;2;200;196;178m[48;2;147;113;138m▀[0m[38;2;142;110;111m[48;2;255;239;132m▀[0m[38;2;255;239;132m[48;2;255;239;132m▀[0m[38;2;143;113;108m[48;2;143;113;108m▀[0m[38;2;205;171;59m[48;2;205;171;59m▀[0m[38;2;211;169;93m[48;2;140;114;65m▀[0m[38;2;3;0;8m[48;2;3;0;8m▀[0m  [38;2;0;4;0m▀[38;2;199;195;187m[48;2;0;4;0m▀[0m[38;2;199;195;187m[48;2;0;4;0m▀[0m[38;2;66;67;62m[48;2;199;195;187m▀[0m[38;2;255;255;255m[48;2;255;255;255m▀[0m[38;2;255;255;255m[48;2;255;255;255m▀[0m[38;2;168;88;89m[48;2;255;243;245m▀[0m[38;2;168;88;89m[48;2;122;12;15m▀[0m[38;2;66;65;66m[48;2;66;65;66m▀[0m[38;2;255;230;115m[48;2;206;184;84m▀[0m[38;2;255;239;132m[48;2;255;239;132m▀[0m[38;2;0;4;0m[48;2;0;4;0m▀[0m 
   [38;2;0;4;0m▀[38;2;144;109;112m[48;2;0;4;0m▀[0m[38;2;156;125;81m[48;2;202;157;86m▀[0m[38;2;77;61;63m[48;2;77;61;63m▀[0m[38;2;150;52;57m[48;2;150;52;57m▀[0m[38;2;150;52;57m[48;2;150;52;57m▀[0m[38;2;149;51;60m[48;2;149;51;60m▀[0m[38;2;66;65;66m[48;2;66;65;66m▀[0m[38;2;199;195;187m[48;2;199;195;187m▀[0m[38;2;66;65;66m[48;2;199;195;187m▀[0m[38;2;209;170;59m[48;2;66;65;66m▀[0m[38;2;66;65;66m[48;2;66;65;66m▀[0m[38;2;199;195;187m[48;2;66;65;66m▀[0m[38;2;199;195;187m[48;2;66;65;66m▀[0m[38;2;136;136;102m[48;2;199;195;187m▀[0m[38;2;136;136;102m[48;2;199;195;187m▀[0m[38;2;221;202;158m[48;2;84;67;63m▀[0m[38;2;130;112;95m[48;2;175;155;126m▀[0m[38;2;255;239;115m[48;2;195;161;85m▀[0m[38;2;156;116;81m[48;2;195;161;85m▀[0m[38;2;211;169;93m[48;2;68;60;49m▀[0m[38;2;140;115;71m[48;2;24;0;21m▀[0m[38;2;0;4;0m▀      [38;2;0;4;0m[48;2;0;4;0m▀[0m[38;2;201;195;187m[48;2;201;195;187m▀[0m[38;2;255;255;255m[48;2;201;195;187m▀[0m[38;2;66;65;66m[48;2;66;65;66m▀[0m[38;2;255;48;53m[48;2;255;48;53m▀[0m[38;2;66;65;66m[48;2;255;239;132m▀[0m[38;2;255;239;132m[48;2;255;239;132m▀[0m[38;2;144;109;112m[48;2;144;109;112m▀[0m[38;2;0;4;0m[48;2;0;4;0m▀[0m 
    [38;2;0;4;0m▀[38;2;204;169;66m[48;2;0;4;0m▀[0m[38;2;204;169;66m[48;2;204;169;66m▀[0m[38;2;66;65;66m[48;2;66;65;66m▀[0m[38;2;149;51;60m[48;2;149;51;60m▀[0m[38;2;150;52;57m[48;2;150;52;57m▀[0m[38;2;150;52;57m[48;2;150;52;57m▀[0m[38;2;66;65;66m[48;2;66;65;66m▀[0m[38;2;199;195;187m[48;2;199;195;187m▀[0m[38;2;199;195;187m[48;2;66;65;66m▀[0m[38;2;199;195;187m[48;2;66;65;66m▀[0m[38;2;199;188;187m[48;2;83;37;39m▀[0m[38;2;123;91;95m[48;2;199;188;187m▀[0m[38;2;84;80;66m[48;2;84;80;66m▀[0m[38;2;84;80;66m[48;2;84;80;66m▀[0m[38;2;209;170;59m[48;2;84;83;63m▀[0m[38;2;209;170;59m[48;2;84;83;63m▀[0m[38;2;84;79;66m[48;2;84;79;66m▀[0m[38;2;84;79;66m[48;2;199;195;187m▀[0m[38;2;66;65;66m[48;2;199;195;187m▀[0m[38;2;199;195;187m[48;2;199;195;187m▀[0m[38;2;0;4;0m[48;2;255;255;255m▀[0m[38;2;0;4;0m▄[38;2;0;4;0m▄ [38;2;0;4;0m▄[38;2;0;4;0m▄[38;2;0;0;0m[48;2;255;255;255m▀[0m[38;2;170;170;170m[48;2;85;85;85m▀[0m[38;2;199;195;187m[48;2;199;195;187m▀[0m[38;2;66;65;66m[48;2;66;65;66m▀[0m[38;2;230;149;158m[48;2;78;51;71m▀[0m[38;2;78;51;71m[48;2;179;116;127m▀[0m[38;2;255;231;123m[48;2;78;56;65m▀[0m[38;2;134;119;84m[48;2;204;181;93m▀[0m[38;2;204;169;66m[48;2;204;169;66m▀[0m[38;2;0;4;0m[48;2;0;4;0m▀[0m 
     [38;2;0;4;0m▀[38;2;204;169;66m[48;2;0;4;0m▀[0m[38;2;209;170;59m[48;2;209;170;59m▀[0m[38;2;66;65;66m[48;2;66;65;66m▀[0m[38;2;155;50;60m[48;2;0;4;0m▀[0m[38;2;0;4;0m▀[38;2;0;4;0m▀[38;2;66;63;66m[48;2;0;4;0m▀[0m[38;2;80;46;46m[48;2;80;46;46m▀[0m[38;2;110;90;84m[48;2;202;162;86m▀[0m[38;2;143;65;69m[48;2;77;47;54m▀[0m[38;2;77;47;54m[48;2;8;16;0m▀[0m[38;2;199;195;187m[48;2;199;195;187m▀[0m[38;2;66;65;66m[48;2;66;65;66m▀[0m[38;2;177;162;116m[48;2;85;84;53m▀[0m[38;2;85;84;53m[48;2;222;202;147m▀[0m[38;2;199;195;187m[48;2;84;79;66m▀[0m[38;2;84;79;66m[48;2;84;79;66m▀[0m[38;2;192;191;192m[48;2;255;255;255m▀[0m[38;2;66;65;66m[48;2;66;65;66m▀[0m[38;2;70;47;52m[48;2;133;110;115m▀[0m[38;2;255;243;245m[48;2;70;47;52m▀[0m[38;2;255;251;255m[48;2;85;82;85m▀[0m[38;2;0;0;0m[48;2;255;251;255m▀[0m[38;2;255;255;255m[48;2;255;255;255m▀[0m[38;2;255;255;255m[48;2;66;65;66m▀[0m[38;2;66;65;66m[48;2;255;48;53m▀[0m[38;2;66;65;66m[48;2;255;48;53m▀[0m[38;2;230;149;158m[48;2;78;51;71m▀[0m[38;2;78;51;71m[48;2;179;116;127m▀[0m[38;2;255;49;50m[48;2;255;49;50m▀[0m[38;2;255;49;50m[48;2;255;49;50m▀[0m[38;2;66;65;66m[48;2;66;65;66m▀[0m[38;2;209;170;59m[48;2;209;170;59m▀[0m[38;2;204;169;66m[48;2;0;4;0m▀[0m[38;2;0;4;0m▀ 
      [38;2;0;4;0m▀[38;2;204;169;66m[48;2;0;4;0m▀[0m[38;2;204;169;66m[48;2;204;169;66m▀[0m[38;2;0;4;0m[48;2;0;4;0m▀[0m  [38;2;0;4;0m▄[38;2;0;4;0m[48;2;204;169;66m▀[0m[38;2;204;169;66m[48;2;204;169;66m▀[0m[38;2;0;4;0m[48;2;204;169;66m▀[0m[38;2;0;4;0m▄[38;2;0;4;0m▀[38;2;199;195;187m[48;2;0;4;0m▀[0m[38;2;66;65;66m[48;2;192;191;192m▀[0m[38;2;255;255;255m[48;2;255;255;255m▀[0m[38;2;84;83;63m[48;2;255;255;255m▀[0m[38;2;255;255;255m[48;2;255;255;255m▀[0m[38;2;199;189;199m[48;2;80;49;54m▀[0m[38;2;80;49;54m[48;2;120;94;94m▀[0m[38;2;150;52;57m[48;2;150;52;57m▀[0m[38;2;150;52;57m[48;2;150;52;57m▀[0m[38;2;149;55;70m[48;2;149;55;70m▀[0m[38;2;255;255;255m[48;2;149;55;70m▀[0m[38;2;66;65;66m[48;2;255;48;53m▀[0m[38;2;255;48;53m[48;2;66;65;66m▀[0m[38;2;255;48;53m[48;2;255;48;53m▀[0m[38;2;255;48;53m[48;2;66;65;66m▀[0m[38;2;255;49;50m[48;2;255;49;50m▀[0m[38;2;255;49;50m[48;2;255;49;50m▀[0m[38;2;255;48;53m[48;2;255;48;53m▀[0m[38;2;66;65;66m[48;2;66;65;66m▀[0m[38;2;205;169;63m[48;2;205;169;63m▀[0m[38;2;205;169;63m[48;2;205;169;63m▀[0m[38;2;0;4;0m[48;2;0;4;0m▀[0m  
        [38;2;0;4;0m▀[38;2;204;169;66m[48;2;0;4;0m▀[0m[38;2;0;4;0m[48;2;0;4;0m▀[0m  [38;2;0;4;0m▀[38;2;204;169;66m[48;2;0;4;0m▀[0m[38;2;0;4;0m▀   [38;2;0;4;0m▀[38;2;199;195;187m[48;2;0;4;0m▀[0m[38;2;255;255;255m[48;2;191;194;194m▀[0m[38;2;128;133;134m[48;2;65;74;75m▀[0m[38;2;199;189;199m[48;2;80;49;54m▀[0m[38;2;80;49;54m[48;2;120;94;94m▀[0m[38;2;146;53;57m[48;2;146;53;57m▀[0m[38;2;146;53;57m[48;2;0;4;0m▀[0m[38;2;0;4;0m▀[38;2;0;4;0m▀[38;2;130;117;103m[48;2;57;0;13m▀[0m[38;2;255;235;156m[48;2;255;235;156m▀[0m[38;2;66;65;66m[48;2;66;65;66m▀[0m[38;2;255;239;132m[48;2;255;239;132m▀[0m[38;2;66;63;66m[48;2;0;4;0m▀[0m[38;2;0;4;0m▀[38;2;158;121;150m[48;2;0;4;0m▀[0m[38;2;79;62;75m[48;2;158;121;150m▀[0m[38;2;204;169;66m[48;2;204;169;66m▀[0m[38;2;0;4;0m[48;2;0;4;0m▀[0m   
                    [38;2;0;4;0m▀[38;2;86;77;74m[48;2;41;0;9m▀[0m[38;2;86;77;74m[48;2;255;235;148m▀[0m[38;2;255;239;132m[48;2;146;53;62m▀[0m[38;2;146;53;62m[48;2;146;53;62m▀[0m[38;2;0;4;0m[48;2;0;4;0m▀[0m  [38;2;0;4;0m▀[38;2;255;238;123m[48;2;8;4;0m▀[0m[38;2;185;169;69m[48;2;185;169;69m▀[0m[38;2;255;238;123m[48;2;8;4;0m▀[0m[38;2;255;238;123m[48;2;185;169;69m▀[0m[38;2;203;167;75m[48;2;0;8;8m▀[0m[38;2;0;8;8m[48;2;67;62;31m▀[0m[38;2;66;65;66m[48;2;66;65;66m▀[0m[38;2;209;170;59m[48;2;209;170;59m▀[0m[38;2;0;4;0m[48;2;0;4;0m▀[0m    
                [38;2;0;4;0m▄[38;2;0;4;0m▄  [38;2;0;4;0m▄[38;2;0;4;0m[48;2;255;239;132m▀[0m[38;2;255;239;132m[48;2;255;239;132m▀[0m[38;2;146;53;57m[48;2;146;53;57m▀[0m[38;2;0;4;0m[48;2;0;4;0m▀[0m  [38;2;0;4;0m▄[38;2;0;4;0m▄ [38;2;0;4;0m▀ [38;2;0;4;0m▀ [38;2;0;4;0m[48;2;0;4;0m▀[0m[38;2;204;169;66m[48;2;0;4;0m▀[0m[38;2;0;4;0m▀     
                [38;2;0;4;0m▀[38;2;204;169;66m[48;2;0;4;0m▀[0m[38;2;0;4;0m[48;2;204;169;66m▀[0m[38;2;0;4;0m[48;2;198;163;113m▀[0m[38;2;198;163;113m[48;2;99;85;56m▀[0m[38;2;255;239;132m[48;2;203;165;112m▀[0m[38;2;203;165;112m[48;2;255;239;132m▀[0m[38;2;92;68;82m[48;2;181;165;97m▀[0m[38;2;92;68;82m[48;2;255;239;115m▀[0m[38;2;0;4;0m[48;2;255;239;132m▀[0m[38;2;0;4;0m[48;2;255;239;132m▀[0m[38;2;255;239;132m[48;2;0;4;0m▀[0m[38;2;0;4;0m▀             
                  [38;2;0;4;0m▀[38;2;0;4;0m▀[38;2;198;168;113m[48;2;0;4;0m▀[0m[38;2;100;86;42m[48;2;3;0;8m▀[0m[38;2;203;167;75m[48;2;3;0;8m▀[0m[38;2;255;239;132m[48;2;0;4;0m▀[0m[38;2;255;239;132m[48;2;0;4;0m▀[0m[38;2;0;4;0m▀[38;2;0;4;0m▀               
                                     [0m                                     