    [38;2;0;0;0m▄[38;2;0;0;0m▄[38;2;0;0;0m[48;2;237;216;68m▀[0m[38;2;0;0;0m[48;2;237;216;68m▀[0m[38;2;0;0;0m[48;2;237;216;68m▀[0m[38;2;0;0;0m[48;2;237;216;68m▀[0m[38;2;0;0;0m[48;2;237;216;68m▀[0m[38;2;0;0;0m[48;2;237;216;68m▀[0m[38;2;0;0;0m▄[38;2;0;0;0m▄      
  [38;2;0;0;0m▄[38;2;0;0;0m[48;2;237;216;68m▀[0m[38;2;237;216;68m[48;2;237;216;68m▀[0m[38;2;237;216;65m[48;2;237;216;65m▀[0m[38;2;237;216;65m[48;2;237;216;65m▀[0m[38;2;237;216;65m[48;2;237;216;65m▀[0m[38;2;237;216;65m[48;2;237;216;65m▀[0m[38;2;237;216;65m[48;2;237;216;65m▀[0m[38;2;237;216;65m[48;2;237;216;65m▀[0m[38;2;237;216;65m[48;2;237;216;65m▀[0m[38;2;237;216;65m[48;2;237;216;65m▀[0m[38;2;232;204;58m[48;2;232;204;58m▀[0m[38;2;0;0;0m[48;2;232;204;58m▀[0m[38;2;0;0;0m▄    
 [38;2;0;0;0m▄[38;2;0;0;0m[48;2;237;216;68m▀[0m[38;2;237;216;65m[48;2;237;216;65m▀[0m[38;2;237;216;65m[48;2;237;216;65m▀[0m[38;2;237;216;68m[48;2;237;216;68m▀[0m[38;2;237;216;68m[48;2;66;65;66m▀[0m[38;2;237;216;68m[48;2;66;65;66m▀[0m[38;2;237;216;68m[48;2;66;65;66m▀[0m[38;2;237;216;65m[48;2;237;216;65m▀[0m[38;2;237;216;65m[48;2;237;216;65m▀[0m[38;2;237;216;68m[48;2;237;216;68m▀[0m[38;2;211;176;63m[48;2;211;176;63m▀[0m[38;2;237;216;68m[48;2;237;216;68m▀[0m[38;2;211;176;63m[48;2;211;176;63m▀[0m[38;2;237;216;68m[48;2;237;216;68m▀[0m[38;2;0;0;0m[48;2;0;0;0m▀[0m   
 [38;2;0;0;0m[48;2;0;0;0m▀[0m[38;2;237;216;68m[48;2;237;216;68m▀[0m[38;2;226;196;66m[48;2;0;0;16m▀[0m[38;2;68;62;43m[48;2;226;196;66m▀[0m[38;2;66;65;66m[48;2;211;176;63m▀[0m[38;2;211;176;63m[48;2;211;176;63m▀[0m[38;2;211;176;63m[48;2;211;176;63m▀[0m[38;2;211;176;63m[48;2;211;176;63m▀[0m[38;2;66;65;66m[48;2;211;176;63m▀[0m[38;2;211;176;63m[48;2;66;65;66m▀[0m[38;2;237;216;68m[48;2;211;176;63m▀[0m[38;2;237;216;68m[48;2;237;216;68m▀[0m[38;2;211;176;63m[48;2;237;216;68m▀[0m[38;2;237;216;68m[48;2;237;216;68m▀[0m[38;2;237;216;65m[48;2;237;216;65m▀[0m[38;2;237;216;65m[48;2;237;216;65m▀[0m[38;2;0;0;0m[48;2;0;0;0m▀[0m  
  [38;2;0;0;0m▀ [38;2;0;0;0m▀[38;2;211;176;63m[48;2;0;0;0m▀[0m[38;2;211;176;63m[48;2;211;176;63m▀[0m[38;2;211;176;63m[48;2;146;123;39m▀[0m[38;2;211;176;63m[48;2;211;176;63m▀[0m[38;2;211;176;63m[48;2;211;176;63m▀[0m[38;2;146;123;39m[48;2;211;176;63m▀[0m[38;2;211;176;63m[48;2;66;65;66m▀[0m[38;2;66;65;66m[48;2;66;65;66m▀[0m[38;2;66;65;66m[48;2;66;65;66m▀[0m[38;2;211;176;63m[48;2;66;65;66m▀[0m[38;2;237;216;68m[48;2;211;176;63m▀[0m[38;2;237;216;68m[48;2;237;216;68m▀[0m[38;2;0;0;0m[48;2;237;216;68m▀[0m[38;2;0;0;0m▄ 
    [38;2;0;0;0m▄[38;2;0;0;0m[48;2;143;120;41m▀[0m[38;2;143;120;41m[48;2;211;181;59m▀[0m[38;2;211;176;63m[48;2;211;176;63m▀[0m[38;2;146;123;39m[48;2;211;176;63m▀[0m[38;2;211;176;41m[48;2;145;123;66m▀[0m[38;2;66;65;66m[48;2;66;65;66m▀[0m[38;2;29;63;88m[48;2;69;195;255m▀[0m[38;2;69;195;255m[48;2;16;0;0m▀[0m[38;2;66;65;66m[48;2;65;198;255m▀[0m[38;2;66;65;66m[48;2;66;65;66m▀[0m[38;2;66;65;66m[48;2;66;65;66m▀[0m[38;2;237;216;68m[48;2;237;216;68m▀[0m[38;2;226;196;66m[48;2;226;196;66m▀[0m[38;2;0;0;0m[48;2;0;0;0m▀[0m 
  [38;2;0;0;0m▄[38;2;8;4;0m[48;2;237;219;65m▀[0m[38;2;115;107;53m[48;2;237;219;65m▀[0m[38;2;211;176;63m[48;2;237;216;68m▀[0m[38;2;211;176;63m[48;2;237;216;68m▀[0m[38;2;200;170;75m[48;2;244;214;65m▀[0m[38;2;244;214;65m[48;2;74;65;66m▀[0m[38;2;237;216;68m[48;2;66;65;66m▀[0m[38;2;66;65;66m[48;2;66;65;66m▀[0m[38;2;69;195;255m[48;2;29;63;88m▀[0m[38;2;16;0;0m[48;2;69;195;255m▀[0m[38;2;65;198;255m[48;2;66;65;66m▀[0m[38;2;66;65;66m[48;2;66;65;66m▀[0m[38;2;66;65;66m[48;2;66;65;66m▀[0m[38;2;244;218;62m[48;2;197;173;73m▀[0m[38;2;211;176;63m[48;2;211;176;63m▀[0m[38;2;0;0;0m[48;2;0;0;0m▀[0m 
   [38;2;0;0;0m▀[38;2;66;65;66m[48;2;0;0;0m▀[0m[38;2;66;65;66m[48;2;145;123;66m▀[0m[38;2;66;65;66m[48;2;211;176;41m▀[0m[38;2;66;65;66m[48;2;211;176;63m▀[0m[38;2;211;176;63m[48;2;211;176;63m▀[0m[38;2;211;176;63m[48;2;146;123;39m▀[0m[38;2;211;176;63m[48;2;146;123;39m▀[0m[38;2;66;65;66m[48;2;211;176;63m▀[0m[38;2;66;65;66m[48;2;66;65;66m▀[0m[38;2;66;65;66m[48;2;66;65;66m▀[0m[38;2;66;65;66m[48;2;211;176;63m▀[0m[38;2;211;176;63m[48;2;211;176;63m▀[0m[38;2;211;176;63m[48;2;211;176;63m▀[0m[38;2;211;176;63m[48;2;211;176;63m▀[0m[38;2;0;0;0m[48;2;0;0;0m▀[0m 
  [38;2;0;0;0m▄ [38;2;0;0;0m▄[38;2;0;0;0m[48;2;226;191;69m▀[0m[38;2;156;129;47m[48;2;226;191;69m▀[0m[38;2;146;123;39m[48;2;211;176;63m▀[0m[38;2;146;123;39m[48;2;211;176;63m▀[0m[38;2;208;174;52m[48;2;208;174;52m▀[0m[38;2;143;123;62m[48;2;66;65;57m▀[0m[38;2;211;176;63m[48;2;211;176;63m▀[0m[38;2;211;176;63m[48;2;211;176;63m▀[0m[38;2;211;176;63m[48;2;146;123;39m▀[0m[38;2;211;176;63m[48;2;211;176;63m▀[0m[38;2;211;176;63m[48;2;211;176;63m▀[0m[38;2;211;176;63m[48;2;211;176;63m▀[0m[38;2;0;0;0m[48;2;0;0;0m▀[0m  
 [38;2;0;0;0m[48;2;0;0;0m▀[0m[38;2;226;196;66m[48;2;226;196;66m▀[0m[38;2;0;0;16m[48;2;237;216;68m▀[0m[38;2;237;216;68m[48;2;74;69;46m▀[0m[38;2;237;216;68m[48;2;66;65;66m▀[0m[38;2;237;216;68m[48;2;66;65;66m▀[0m[38;2;237;216;68m[48;2;66;65;66m▀[0m[38;2;66;65;66m[48;2;237;216;68m▀[0m[38;2;66;65;66m[48;2;211;176;63m▀[0m[38;2;211;176;63m[48;2;211;176;63m▀[0m[38;2;211;176;63m[48;2;211;176;63m▀[0m[38;2;146;123;39m[48;2;146;123;39m▀[0m[38;2;211;176;63m[48;2;211;176;63m▀[0m[38;2;146;123;39m[48;2;146;123;39m▀[0m[38;2;211;176;63m[48;2;211;176;63m▀[0m[38;2;0;0;0m[48;2;0;0;0m▀[0m   
  [38;2;0;0;0m▀[38;2;211;176;63m[48;2;0;0;0m▀[0m[38;2;211;176;63m[48;2;211;176;63m▀[0m[38;2;237;216;68m[48;2;211;176;63m▀[0m[38;2;237;216;68m[48;2;211;176;63m▀[0m[38;2;237;216;68m[48;2;211;176;63m▀[0m[38;2;211;176;63m[48;2;211;176;63m▀[0m[38;2;211;176;63m[48;2;211;176;63m▀[0m[38;2;146;123;39m[48;2;211;176;63m▀[0m[38;2;211;176;63m[48;2;211;176;63m▀[0m[38;2;211;176;63m[48;2;211;176;63m▀[0m[38;2;143;116;44m[48;2;0;0;0m▀[0m[38;2;211;176;63m[48;2;0;0;0m▀[0m[38;2;0;0;0m▀    
    [38;2;0;0;0m▀[38;2;0;0;0m▀[38;2;0;0;0m▀[38;2;211;176;63m[48;2;0;0;0m▀[0m[38;2;211;176;63m[48;2;0;0;0m▀[0m[38;2;211;176;63m[48;2;0;0;0m▀[0m[38;2;211;176;63m[48;2;0;0;0m▀[0m[38;2;0;0;0m▀[38;2;0;0;0m▀       
                                     [0m                                     