   [38;2;0;0;0m▄[38;2;0;0;0m▄[38;2;0;0;0m▄[38;2;0;0;0m[48;2;107;107;99m▀[0m[38;2;0;0;0m▄                        
  [38;2;0;0;0m[48;2;0;0;0m▀[0m[38;2;65;65;65m[48;2;203;159;28m▀[0m[38;2;203;159;28m[48;2;203;159;28m▀[0m[38;2;65;65;65m[48;2;65;65;65m▀[0m[38;2;107;107;99m[48;2;107;107;99m▀[0m[38;2;107;107;99m[48;2;107;107;99m▀[0m[38;2;0;0;0m[48;2;107;107;99m▀[0m[38;2;0;0;0m▄[38;2;0;0;0m▄  [38;2;0;0;0m▄[38;2;0;0;0m[48;2;255;213;44m▀[0m[38;2;0;0;0m[48;2;203;159;28m▀[0m[38;2;0;0;0m▄      [38;2;0;0;0m▄[38;2;0;0;0m▄[38;2;0;0;0m▄[38;2;0;0;0m▄     
  [38;2;0;0;0m[48;2;0;0;0m▀[0m[38;2;203;159;28m[48;2;203;159;28m▀[0m[38;2;203;159;28m[48;2;65;65;65m▀[0m[38;2;65;65;65m[48;2;107;107;99m▀[0m[38;2;65;65;65m[48;2;65;65;65m▀[0m[38;2;107;107;99m[48;2;65;65;65m▀[0m[38;2;107;107;99m[48;2;107;107;99m▀[0m[38;2;107;107;99m[48;2;107;107;99m▀[0m[38;2;107;107;99m[48;2;107;107;99m▀[0m[38;2;0;0;0m[48;2;107;107;99m▀[0m[38;2;0;0;0m[48;2;65;65;65m▀[0m[38;2;255;213;44m[48;2;255;213;44m▀[0m[38;2;255;213;44m[48;2;176;120;62m▀[0m[38;2;255;213;44m[48;2;255;213;44m▀[0m[38;2;0;0;0m[48;2;0;0;0m▀[0m   [38;2;0;0;0m▄[38;2;0;0;0m[48;2;65;65;65m▀[0m[38;2;0;0;0m[48;2;65;65;65m▀[0m[38;2;107;107;99m[48;2;65;65;65m▀[0m[38;2;107;107;99m[48;2;0;0;0m▀[0m[38;2;107;107;99m[48;2;0;0;0m▀[0m[38;2;65;65;65m[48;2;107;107;99m▀[0m[38;2;0;0;0m[48;2;65;65;65m▀[0m[38;2;0;0;0m▄   
   [38;2;0;0;0m[48;2;0;0;0m▀[0m[38;2;107;107;99m[48;2;107;107;99m▀[0m[38;2;107;107;99m[48;2;107;107;99m▀[0m[38;2;107;107;99m[48;2;107;107;99m▀[0m[38;2;107;107;99m[48;2;107;107;99m▀[0m[38;2;107;107;99m[48;2;65;65;65m▀[0m[38;2;65;65;65m[48;2;255;213;44m▀[0m[38;2;107;107;99m[48;2;65;65;65m▀[0m[38;2;65;65;65m[48;2;65;65;65m▀[0m[38;2;255;213;44m[48;2;255;213;44m▀[0m[38;2;176;120;62m[48;2;247;144;41m▀[0m[38;2;247;144;41m[48;2;255;213;44m▀[0m[38;2;203;159;28m[48;2;0;0;0m▀[0m[38;2;0;0;0m▀  [38;2;0;0;0m[48;2;0;0;0m▀[0m[38;2;65;65;65m[48;2;65;65;65m▀[0m[38;2;65;65;65m[48;2;0;0;0m▀[0m[38;2;0;0;0m▀[38;2;0;0;0m▀ [38;2;0;0;0m▄[38;2;0;0;0m[48;2;0;0;0m▀[0m[38;2;107;107;99m[48;2;107;107;99m▀[0m[38;2;0;0;0m[48;2;0;0;0m▀[0m   
  [38;2;0;0;0m[48;2;0;0;0m▀[0m[38;2;203;159;28m[48;2;203;159;28m▀[0m[38;2;107;107;99m[48;2;107;107;99m▀[0m[38;2;107;107;99m[48;2;107;107;99m▀[0m[38;2;107;107;99m[48;2;107;107;99m▀[0m[38;2;65;65;65m[48;2;65;65;65m▀[0m[38;2;255;213;44m[48;2;255;162;70m▀[0m[38;2;255;213;44m[48;2;243;143;40m▀[0m[38;2;255;213;44m[48;2;255;255;255m▀[0m[38;2;65;65;65m[48;2;255;213;44m▀[0m[38;2;203;159;28m[48;2;65;65;65m▀[0m[38;2;255;213;44m[48;2;65;65;65m▀[0m[38;2;65;65;65m[48;2;0;0;0m▀[0m[38;2;0;0;0m▀[38;2;0;0;0m▄[38;2;0;0;0m[48;2;107;107;99m▀[0m[38;2;0;0;0m[48;2;65;65;65m▀[0m[38;2;107;107;99m[48;2;65;65;65m▀[0m[38;2;0;0;0m[48;2;0;0;0m▀[0m[38;2;0;0;0m▄   [38;2;0;0;0m[48;2;0;0;0m▀[0m[38;2;247;144;41m[48;2;247;144;41m▀[0m[38;2;0;0;0m[48;2;176;120;62m▀[0m[38;2;0;0;0m[48;2;247;144;41m▀[0m[38;2;0;0;0m[48;2;247;144;41m▀[0m[38;2;0;0;0m[48;2;0;0;0m▀[0m 
 [38;2;0;0;0m▄[38;2;0;0;0m[48;2;65;65;65m▀[0m[38;2;203;159;28m[48;2;65;65;65m▀[0m[38;2;107;107;99m[48;2;239;99;58m▀[0m[38;2;107;107;99m[48;2;239;99;58m▀[0m[38;2;65;65;65m[48;2;255;213;44m▀[0m[38;2;255;213;44m[48;2;255;213;44m▀[0m[38;2;65;65;65m[48;2;255;255;255m▀[0m[38;2;255;162;70m[48;2;255;255;255m▀[0m[38;2;255;255;255m[48;2;255;213;44m▀[0m[38;2;255;213;44m[48;2;255;213;44m▀[0m[38;2;255;213;44m[48;2;65;65;65m▀[0m[38;2;107;107;99m[48;2;107;107;99m▀[0m[38;2;107;107;99m[48;2;107;107;99m▀[0m[38;2;0;0;0m[48;2;107;107;99m▀[0m[38;2;0;0;0m[48;2;65;65;65m▀[0m[38;2;65;65;65m[48;2;107;107;99m▀[0m[38;2;65;65;65m[48;2;65;65;65m▀[0m[38;2;107;107;99m[48;2;107;107;99m▀[0m[38;2;107;107;99m[48;2;0;0;0m▀[0m[38;2;0;0;0m▀ [38;2;0;0;0m▄[38;2;0;0;0m[48;2;247;144;41m▀[0m[38;2;247;144;41m[48;2;247;144;41m▀[0m[38;2;247;144;41m[48;2;176;120;62m▀[0m[38;2;247;144;41m[48;2;247;144;41m▀[0m[38;2;247;144;41m[48;2;0;0;0m▀[0m[38;2;0;0;0m▀  
  [38;2;0;0;0m▀[38;2;0;0;0m▀[38;2;0;0;0m▀[38;2;203;159;28m[48;2;0;0;0m▀[0m[38;2;255;213;44m[48;2;0;0;0m▀[0m[38;2;255;213;44m[48;2;65;65;65m▀[0m[38;2;255;213;44m[48;2;65;65;65m▀[0m[38;2;255;213;44m[48;2;65;65;65m▀[0m[38;2;65;65;65m[48;2;107;107;99m▀[0m[38;2;65;65;65m[48;2;65;65;65m▀[0m[38;2;107;107;99m[48;2;65;65;65m▀[0m[38;2;107;107;99m[48;2;65;65;65m▀[0m[38;2;107;107;99m[48;2;65;65;65m▀[0m[38;2;65;65;65m[48;2;255;213;44m▀[0m[38;2;107;107;99m[48;2;107;107;99m▀[0m[38;2;107;107;99m[48;2;107;107;99m▀[0m[38;2;107;107;99m[48;2;107;107;99m▀[0m[38;2;65;65;65m[48;2;0;0;0m▀[0m[38;2;107;107;99m[48;2;0;0;0m▀[0m[38;2;0;0;0m▀ [38;2;0;0;0m▀[38;2;0;0;0m▀[38;2;0;0;0m▀[38;2;65;65;65m[48;2;0;0;0m▀[0m[38;2;247;144;41m[48;2;0;0;0m▀[0m[38;2;0;0;0m[48;2;0;0;0m▀[0m   
      [38;2;0;0;0m[48;2;0;0;0m▀[0m[38;2;176;120;62m[48;2;65;65;65m▀[0m[38;2;65;65;65m[48;2;65;65;65m▀[0m[38;2;107;107;99m[48;2;107;107;99m▀[0m[38;2;107;107;99m[48;2;65;65;65m▀[0m[38;2;65;65;65m[48;2;107;107;99m▀[0m[38;2;65;65;65m[48;2;65;65;65m▀[0m[38;2;255;213;44m[48;2;255;213;44m▀[0m[38;2;255;213;44m[48;2;255;213;44m▀[0m[38;2;255;213;44m[48;2;255;213;44m▀[0m[38;2;203;159;28m[48;2;255;213;44m▀[0m[38;2;107;107;99m[48;2;107;107;99m▀[0m[38;2;107;107;99m[48;2;65;65;65m▀[0m[38;2;0;0;0m[48;2;65;65;65m▀[0m[38;2;0;0;0m▄           
     [38;2;0;0;0m[48;2;0;0;0m▀[0m[38;2;134;102;27m[48;2;203;159;28m▀[0m[38;2;176;120;62m[48;2;203;159;28m▀[0m[38;2;176;120;62m[48;2;203;159;28m▀[0m[38;2;0;0;0m[48;2;0;0;0m▀[0m[38;2;0;0;0m▀[38;2;107;107;99m[48;2;0;0;0m▀[0m[38;2;247;144;41m[48;2;176;120;62m▀[0m[38;2;247;144;41m[48;2;176;120;62m▀[0m[38;2;255;213;44m[48;2;0;0;0m▀[0m[38;2;0;0;0m▀[38;2;0;0;0m▀[38;2;65;65;65m[48;2;0;0;0m▀[0m[38;2;65;65;65m[48;2;203;159;28m▀[0m[38;2;65;65;65m[48;2;203;159;28m▀[0m[38;2;0;0;0m[48;2;0;0;0m▀[0m           
      [38;2;0;0;0m▀[38;2;0;0;0m▀[38;2;0;0;0m▀ [38;2;0;0;0m[48;2;0;0;0m▀[0m[38;2;203;159;28m[48;2;255;213;44m▀[0m[38;2;247;144;41m[48;2;203;159;28m▀[0m[38;2;247;144;41m[48;2;255;213;44m▀[0m[38;2;0;0;0m[48;2;0;0;0m▀[0m   [38;2;0;0;0m▀[38;2;0;0;0m▀            
              [38;2;0;0;0m▀[38;2;0;0;0m▀[38;2;0;0;0m▀                      
                                     [0m                                     