          [38;2;8;3;0m▄[38;2;0;0;0m[48;2;97;101;97m▀[0m[38;2;0;0;0m▄                      
        [38;2;0;0;0m▄[38;2;0;0;0m[48;2;93;97;93m▀[0m[38;2;97;101;97m[48;2;95;97;95m▀[0m[38;2;68;67;64m[48;2;95;97;95m▀[0m[38;2;0;0;0m[48;2;0;0;0m▀[0m              [38;2;0;0;0m▄[38;2;0;0;0m[48;2;255;159;65m▀[0m[38;2;0;0;0m[48;2;0;0;0m▀[0m     
   [38;2;0;0;0m▄[38;2;0;0;0m[48;2;76;70;67m▀[0m[38;2;0;0;0m▄ [38;2;0;0;0m▄[38;2;0;0;0m[48;2;95;97;95m▀[0m[38;2;93;97;93m[48;2;95;97;95m▀[0m[38;2;95;97;95m[48;2;95;97;95m▀[0m[38;2;95;97;95m[48;2;95;97;95m▀[0m[38;2;93;97;93m[48;2;93;97;93m▀[0m[38;2;0;0;0m[48;2;0;0;0m▀[0m   [38;2;0;0;0m▄[38;2;0;0;0m▄[38;2;0;0;0m[48;2;93;97;93m▀[0m[38;2;0;0;0m▄  [38;2;0;0;0m▄[38;2;0;0;0m[48;2;255;159;65m▀[0m[38;2;0;0;0m[48;2;255;159;65m▀[0m[38;2;0;0;0m[48;2;255;158;62m▀[0m[38;2;255;159;65m[48;2;255;158;62m▀[0m[38;2;255;159;65m[48;2;255;158;62m▀[0m[38;2;0;0;0m[48;2;8;8;8m▀[0m     
  [38;2;0;0;0m[48;2;0;0;0m▀[0m[38;2;83;74;68m[48;2;83;74;67m▀[0m[38;2;76;70;67m[48;2;83;74;67m▀[0m[38;2;76;70;67m[48;2;83;74;67m▀[0m[38;2;0;0;0m[48;2;95;97;95m▀[0m[38;2;93;97;93m[48;2;95;97;95m▀[0m[38;2;95;97;95m[48;2;95;97;95m▀[0m[38;2;95;97;95m[48;2;95;97;95m▀[0m[38;2;95;97;95m[48;2;95;97;95m▀[0m[38;2;95;97;95m[48;2;95;97;95m▀[0m[38;2;93;97;93m[48;2;95;93;92m▀[0m[38;2;93;97;93m[48;2;80;74;67m▀[0m[38;2;0;0;0m[48;2;83;74;63m▀[0m[38;2;0;0;0m[48;2;93;97;93m▀[0m[38;2;0;0;0m[48;2;95;97;95m▀[0m[38;2;93;97;93m[48;2;95;97;95m▀[0m[38;2;93;97;93m[48;2;95;97;95m▀[0m[38;2;93;97;93m[48;2;95;97;95m▀[0m[38;2;0;0;0m[48;2;0;0;0m▀[0m   [38;2;0;0;0m▀[38;2;255;159;65m[48;2;0;0;0m▀[0m[38;2;255;158;62m[48;2;255;159;65m▀[0m[38;2;255;158;62m[48;2;215;120;51m▀[0m[38;2;255;158;62m[48;2;219;118;47m▀[0m[38;2;201;96;21m[48;2;219;118;47m▀[0m[38;2;0;0;0m[48;2;215;121;56m▀[0m[38;2;0;0;0m▄   
 [38;2;0;0;0m[48;2;0;0;0m▀[0m[38;2;83;74;67m[48;2;77;69;54m▀[0m[38;2;83;74;67m[48;2;77;69;54m▀[0m[38;2;83;74;67m[48;2;65;64;65m▀[0m[38;2;65;64;65m[48;2;98;93;89m▀[0m[38;2;95;97;95m[48;2;95;97;95m▀[0m[38;2;95;97;95m[48;2;95;97;95m▀[0m[38;2;95;97;95m[48;2;95;97;95m▀[0m[38;2;95;97;95m[48;2;95;97;95m▀[0m[38;2;95;97;95m[48;2;95;97;95m▀[0m[38;2;95;97;95m[48;2;95;97;95m▀[0m[38;2;80;74;67m[48;2;95;97;95m▀[0m[38;2;95;93;92m[48;2;95;97;95m▀[0m[38;2;93;97;93m[48;2;93;97;93m▀[0m[38;2;93;97;93m[48;2;93;97;93m▀[0m[38;2;95;97;95m[48;2;95;97;95m▀[0m[38;2;95;97;95m[48;2;95;97;95m▀[0m[38;2;95;97;95m[48;2;93;97;93m▀[0m[38;2;95;97;95m[48;2;0;0;0m▀[0m[38;2;0;0;0m▀    [38;2;0;0;0m[48;2;0;0;0m▀[0m[38;2;215;120;51m[48;2;215;121;56m▀[0m[38;2;215;120;51m[48;2;0;0;0m▀[0m[38;2;65;64;65m[48;2;64;68;64m▀[0m[38;2;65;64;65m[48;2;97;101;97m▀[0m[38;2;0;0;0m[48;2;0;0;0m▀[0m    
 [38;2;0;0;0m▄[38;2;24;8;0m[48;2;252;217;30m▀[0m[38;2;253;218;32m[48;2;83;74;63m▀[0m[38;2;76;75;74m[48;2;95;97;95m▀[0m[38;2;98;93;89m[48;2;95;97;95m▀[0m[38;2;95;97;95m[48;2;95;97;95m▀[0m[38;2;95;97;95m[48;2;95;97;95m▀[0m[38;2;95;97;95m[48;2;95;97;95m▀[0m[38;2;95;97;95m[48;2;95;97;95m▀[0m[38;2;95;97;95m[48;2;95;97;95m▀[0m[38;2;95;97;95m[48;2;95;97;95m▀[0m[38;2;95;97;95m[48;2;95;97;95m▀[0m[38;2;95;97;95m[48;2;65;58;56m▀[0m[38;2;65;64;65m[48;2;254;224;66m▀[0m[38;2;65;64;65m[48;2;254;224;66m▀[0m[38;2;95;97;95m[48;2;65;58;56m▀[0m[38;2;95;97;95m[48;2;95;97;95m▀[0m[38;2;93;97;93m[48;2;0;0;0m▀[0m[38;2;0;0;0m▀ [38;2;0;0;0m▄[38;2;0;0;0m▄[38;2;0;0;0m[48;2;83;74;67m▀[0m[38;2;0;0;0m▄ [38;2;0;0;0m▀ [38;2;0;4;0m▀[38;2;64;68;64m[48;2;0;0;0m▀[0m[38;2;93;97;93m[48;2;68;67;64m▀[0m[38;2;0;0;0m[48;2;97;101;97m▀[0m[38;2;0;0;0m▄  
 [38;2;0;0;0m[48;2;0;0;0m▀[0m[38;2;252;217;30m[48;2;252;217;30m▀[0m[38;2;83;74;63m[48;2;95;97;95m▀[0m[38;2;95;97;95m[48;2;95;97;95m▀[0m[38;2;95;97;95m[48;2;95;97;95m▀[0m[38;2;95;97;95m[48;2;95;97;95m▀[0m[38;2;95;97;95m[48;2;95;97;95m▀[0m[38;2;95;97;95m[48;2;95;97;95m▀[0m[38;2;95;97;95m[48;2;95;97;95m▀[0m[38;2;95;97;95m[48;2;95;93;92m▀[0m[38;2;95;97;95m[48;2;95;93;92m▀[0m[38;2;65;58;56m[48;2;155;65;0m▀[0m[38;2;254;224;63m[48;2;149;121;90m▀[0m[38;2;219;94;34m[48;2;255;159;65m▀[0m[38;2;254;224;66m[48;2;224;94;33m▀[0m[38;2;254;224;63m[48;2;254;224;66m▀[0m[38;2;65;58;56m[48;2;65;64;65m▀[0m[38;2;0;0;0m[48;2;93;97;93m▀[0m[38;2;0;0;0m▄[38;2;0;0;0m[48;2;65;64;65m▀[0m[38;2;83;74;68m[48;2;76;75;74m▀[0m[38;2;83;74;67m[48;2;83;74;67m▀[0m[38;2;83;74;67m[48;2;0;0;0m▀[0m[38;2;0;0;0m▀     [38;2;8;3;0m▀[38;2;97;101;97m[48;2;0;0;0m▀[0m[38;2;0;0;0m[48;2;93;97;93m▀[0m[38;2;0;0;0m▄ 
 [38;2;0;0;0m▀[38;2;252;217;30m[48;2;0;0;0m▀[0m[38;2;95;97;95m[48;2;93;97;93m▀[0m[38;2;95;97;95m[48;2;95;97;95m▀[0m[38;2;95;97;95m[48;2;95;97;95m▀[0m[38;2;95;97;95m[48;2;93;97;93m▀[0m[38;2;95;97;95m[48;2;93;97;93m▀[0m[38;2;95;97;95m[48;2;86;75;61m▀[0m[38;2;95;97;95m[48;2;86;75;61m▀[0m[38;2;80;74;67m[48;2;255;97;57m▀[0m[38;2;80;74;67m[48;2;192;64;29m▀[0m[38;2;254;216;69m[48;2;254;224;66m▀[0m[38;2;149;121;90m[48;2;219;94;34m▀[0m[38;2;255;159;65m[48;2;248;100;28m▀[0m[38;2;224;94;33m[48;2;248;100;28m▀[0m[38;2;254;224;66m[48;2;254;224;63m▀[0m[38;2;65;64;65m[48;2;65;58;56m▀[0m[38;2;93;97;93m[48;2;93;97;93m▀[0m[38;2;93;97;93m[48;2;93;97;93m▀[0m[38;2;98;93;89m[48;2;65;64;65m▀[0m[38;2;65;64;65m[48;2;83;74;67m▀[0m[38;2;83;74;67m[48;2;83;74;67m▀[0m[38;2;0;0;0m[48;2;65;64;65m▀[0m[38;2;0;0;0m▄[38;2;0;0;0m[48;2;83;74;67m▀[0m[38;2;0;0;0m[48;2;83;74;68m▀[0m[38;2;0;0;0m▄   [38;2;0;0;0m[48;2;0;0;0m▀[0m[38;2;93;97;93m[48;2;93;97;93m▀[0m[38;2;0;0;0m[48;2;0;0;0m▀[0m 
  [38;2;0;0;0m▀[38;2;93;97;93m[48;2;0;0;0m▀[0m[38;2;95;97;95m[48;2;95;97;95m▀[0m[38;2;95;97;95m[48;2;95;97;95m▀[0m[38;2;93;97;93m[48;2;83;74;63m▀[0m[38;2;83;74;63m[48;2;254;224;66m▀[0m[38;2;43;49;0m[48;2;219;94;34m▀[0m[38;2;255;159;90m[48;2;219;94;34m▀[0m[38;2;255;97;57m[48;2;110;68;53m▀[0m[38;2;192;64;29m[48;2;254;224;66m▀[0m[38;2;254;224;66m[48;2;254;224;66m▀[0m[38;2;254;224;66m[48;2;83;74;63m▀[0m[38;2;248;100;28m[48;2;65;64;65m▀[0m[38;2;254;224;66m[48;2;65;64;65m▀[0m[38;2;65;58;56m[48;2;93;97;93m▀[0m[38;2;95;97;95m[48;2;65;64;65m▀[0m[38;2;93;97;93m[48;2;65;64;65m▀[0m[38;2;65;64;65m[48;2;93;97;93m▀[0m[38;2;83;74;67m[48;2;93;97;93m▀[0m[38;2;83;74;67m[48;2;65;64;65m▀[0m[38;2;83;74;67m[48;2;65;64;65m▀[0m[38;2;83;74;67m[48;2;76;75;74m▀[0m[38;2;83;74;67m[48;2;76;70;67m▀[0m[38;2;83;74;67m[48;2;0;0;0m▀[0m[38;2;0;0;0m▀   [38;2;8;3;0m▄[38;2;0;0;0m[48;2;106;101;97m▀[0m[38;2;93;97;93m[48;2;0;0;0m▀[0m[38;2;0;0;0m▀ 
   [38;2;0;0;0m[48;2;0;0;0m▀[0m[38;2;95;97;95m[48;2;255;97;57m▀[0m[38;2;95;97;95m[48;2;255;97;57m▀[0m[38;2;83;74;63m[48;2;255;224;40m▀[0m[38;2;254;224;66m[48;2;254;224;66m▀[0m[38;2;254;224;66m[48;2;254;224;66m▀[0m[38;2;254;224;66m[48;2;254;224;66m▀[0m[38;2;110;68;53m[48;2;254;224;66m▀[0m[38;2;110;68;53m[48;2;75;66;64m▀[0m[38;2;83;74;63m[48;2;83;74;67m▀[0m[38;2;83;74;63m[48;2;65;64;65m▀[0m[38;2;83;74;67m[48;2;65;64;65m▀[0m[38;2;65;64;65m[48;2;83;74;67m▀[0m[38;2;65;64;65m[48;2;98;93;89m▀[0m[38;2;93;97;93m[48;2;98;93;89m▀[0m[38;2;93;97;93m[48;2;75;63;55m▀[0m[38;2;65;64;65m[48;2;95;97;95m▀[0m[38;2;93;97;93m[48;2;95;97;95m▀[0m[38;2;93;97;93m[48;2;95;97;95m▀[0m[38;2;95;97;95m[48;2;93;97;93m▀[0m[38;2;65;64;65m[48;2;93;97;93m▀[0m[38;2;76;70;67m[48;2;65;64;65m▀[0m[38;2;76;70;67m[48;2;0;0;0m▀[0m[38;2;0;0;0m[48;2;83;74;67m▀[0m[38;2;0;0;0m[48;2;83;74;67m▀[0m[38;2;0;0;0m[48;2;83;74;67m▀[0m[38;2;0;0;0m[48;2;83;74;67m▀[0m[38;2;75;69;64m[48;2;0;0;0m▀[0m[38;2;75;69;64m[48;2;0;0;0m▀[0m[38;2;0;0;0m▀  
    [38;2;0;0;0m▀[38;2;0;0;0m▀[38;2;254;224;66m[48;2;0;0;0m▀[0m[38;2;254;224;66m[48;2;65;64;65m▀[0m[38;2;254;224;66m[48;2;65;64;65m▀[0m[38;2;65;64;65m[48;2;83;74;67m▀[0m[38;2;75;66;64m[48;2;76;70;67m▀[0m[38;2;75;66;64m[48;2;76;70;67m▀[0m[38;2;83;74;67m[48;2;83;74;67m▀[0m[38;2;83;74;67m[48;2;83;74;67m▀[0m[38;2;83;74;67m[48;2;80;74;67m▀[0m[38;2;83;74;67m[48;2;80;74;67m▀[0m[38;2;76;75;74m[48;2;83;74;63m▀[0m[38;2;65;64;65m[48;2;93;97;93m▀[0m[38;2;253;222;31m[48;2;98;97;98m▀[0m[38;2;75;63;55m[48;2;65;64;65m▀[0m[38;2;95;97;95m[48;2;95;97;95m▀[0m[38;2;95;97;95m[48;2;95;97;95m▀[0m[38;2;93;97;93m[48;2;90;85;81m▀[0m[38;2;83;74;63m[48;2;252;217;30m▀[0m[38;2;0;0;0m[48;2;0;0;0m▀[0m [38;2;0;0;0m▀[38;2;0;0;0m▀[38;2;0;0;0m▀[38;2;0;0;0m▀     
      [38;2;0;0;0m▄[38;2;0;0;0m[48;2;83;74;67m▀[0m[38;2;83;74;67m[48;2;110;75;53m▀[0m[38;2;83;74;67m[48;2;243;203;32m▀[0m[38;2;76;70;67m[48;2;0;0;0m▀[0m[38;2;0;0;0m▀[38;2;65;64;65m[48;2;0;0;0m▀[0m[38;2;83;74;67m[48;2;65;64;65m▀[0m[38;2;80;74;67m[48;2;95;97;95m▀[0m[38;2;95;93;92m[48;2;95;97;95m▀[0m[38;2;93;97;93m[48;2;93;97;93m▀[0m[38;2;93;97;93m[48;2;0;0;0m▀[0m[38;2;0;0;0m▀[38;2;0;0;0m▀[38;2;95;97;95m[48;2;0;0;0m▀[0m[38;2;95;97;95m[48;2;93;97;93m▀[0m[38;2;90;85;81m[48;2;83;74;63m▀[0m[38;2;252;217;30m[48;2;252;217;30m▀[0m[38;2;0;0;0m[48;2;252;217;30m▀[0m[38;2;0;0;0m▄         
     [38;2;0;0;0m▄[38;2;0;0;0m[48;2;83;74;67m▀[0m[38;2;83;74;67m[48;2;83;74;67m▀[0m[38;2;110;75;53m[48;2;77;70;62m▀[0m[38;2;117;123;108m[48;2;203;166;158m▀[0m[38;2;0;0;0m[48;2;0;0;0m▀[0m  [38;2;0;0;0m[48;2;0;0;0m▀[0m[38;2;95;97;95m[48;2;95;97;95m▀[0m[38;2;95;97;95m[48;2;95;97;95m▀[0m[38;2;93;97;93m[48;2;97;101;97m▀[0m[38;2;0;0;0m[48;2;0;4;0m▀[0m   [38;2;0;0;0m▀[38;2;252;217;30m[48;2;0;1;8m▀[0m[38;2;252;217;30m[48;2;254;228;65m▀[0m[38;2;252;217;30m[48;2;254;224;30m▀[0m[38;2;252;217;30m[48;2;254;224;30m▀[0m[38;2;0;0;0m[48;2;0;0;0m▀[0m        
    [38;2;0;0;0m[48;2;0;0;0m▀[0m[38;2;83;74;68m[48;2;65;64;65m▀[0m[38;2;83;74;67m[48;2;83;74;67m▀[0m[38;2;83;74;67m[48;2;83;74;67m▀[0m[38;2;138;125;117m[48;2;83;74;68m▀[0m[38;2;32;9;0m[48;2;0;0;0m▀[0m  [38;2;0;0;0m▄[38;2;0;0;0m[48;2;93;97;93m▀[0m[38;2;95;97;95m[48;2;93;97;93m▀[0m[38;2;95;97;95m[48;2;93;97;93m▀[0m[38;2;64;68;64m[48;2;93;97;93m▀[0m[38;2;64;68;64m[48;2;93;97;93m▀[0m[38;2;0;0;0m[48;2;0;0;0m▀[0m  [38;2;0;0;0m▀[38;2;254;228;65m[48;2;0;0;0m▀[0m[38;2;191;167;24m[48;2;0;0;0m▀[0m[38;2;254;223;66m[48;2;0;0;0m▀[0m[38;2;211;214;26m[48;2;0;0;0m▀[0m[38;2;0;0;0m▀        
     [38;2;0;0;0m▀[38;2;0;0;0m▀[38;2;0;0;0m▀[38;2;0;0;0m▀   [38;2;0;0;0m▀[38;2;93;97;93m[48;2;0;0;0m▀[0m[38;2;83;74;63m[48;2;0;0;0m▀[0m[38;2;93;97;93m[48;2;0;0;0m▀[0m[38;2;93;97;93m[48;2;0;0;0m▀[0m[38;2;0;0;0m▀                 
                                     [0m                                     