   [38;2;0;0;0m▄[38;2;0;0;0m[48;2;74;111;11m▀[0m[38;2;0;0;0m[48;2;185;222;122m▀[0m[38;2;0;0;0m[48;2;185;222;122m▀[0m[38;2;0;0;0m[48;2;65;65;65m▀[0m[38;2;0;0;0m▄[38;2;0;0;0m▄                      [38;2;0;0;0m▄[38;2;0;0;0m▄ [38;2;0;0;0m▄[38;2;0;0;0m▄     
 [38;2;0;0;0m▄[38;2;0;0;0m[48;2;185;222;122m▀[0m[38;2;74;111;11m[48;2;74;111;11m▀[0m[38;2;185;222;122m[48;2;185;222;122m▀[0m[38;2;185;222;122m[48;2;185;222;122m▀[0m[38;2;185;222;122m[48;2;74;111;11m▀[0m[38;2;74;111;11m[48;2;185;222;122m▀[0m[38;2;185;222;122m[48;2;185;222;122m▀[0m[38;2;185;222;122m[48;2;185;222;122m▀[0m[38;2;0;0;0m[48;2;0;0;0m▀[0m    [38;2;0;0;0m▄[38;2;0;0;0m▄ [38;2;0;0;0m▄[38;2;0;0;0m[48;2;205;164;131m▀[0m[38;2;0;0;0m[48;2;205;164;131m▀[0m[38;2;0;0;0m[48;2;205;164;131m▀[0m[38;2;0;0;0m[48;2;205;164;131m▀[0m[38;2;0;0;0m▄      [38;2;0;0;0m▄[38;2;0;0;0m[48;2;185;222;122m▀[0m[38;2;185;222;122m[48;2;185;222;122m▀[0m[38;2;185;222;122m[48;2;74;111;11m▀[0m[38;2;0;0;0m[48;2;185;222;122m▀[0m[38;2;185;222;122m[48;2;185;222;122m▀[0m[38;2;185;222;122m[48;2;185;222;122m▀[0m[38;2;0;0;0m[48;2;74;111;11m▀[0m[38;2;0;0;0m▄   
 [38;2;0;0;0m▀[38;2;185;222;122m[48;2;0;0;0m▀[0m[38;2;185;222;122m[48;2;0;0;0m▀[0m[38;2;74;111;11m[48;2;0;0;0m▀[0m[38;2;65;65;65m[48;2;97;134;34m▀[0m[38;2;65;65;65m[48;2;97;134;34m▀[0m[38;2;185;222;122m[48;2;65;65;65m▀[0m[38;2;185;222;122m[48;2;65;65;65m▀[0m[38;2;65;65;65m[48;2;142;179;79m▀[0m[38;2;65;65;65m[48;2;142;179;79m▀[0m[38;2;0;0;0m[48;2;0;0;0m▀[0m [38;2;0;0;0m▄[38;2;0;0;0m[48;2;205;164;131m▀[0m[38;2;205;164;131m[48;2;205;164;131m▀[0m[38;2;205;164;131m[48;2;65;65;65m▀[0m[38;2;0;0;0m[48;2;205;164;131m▀[0m[38;2;205;164;131m[48;2;205;164;131m▀[0m[38;2;205;164;131m[48;2;205;164;131m▀[0m[38;2;205;164;131m[48;2;65;65;65m▀[0m[38;2;205;164;131m[48;2;65;65;65m▀[0m[38;2;65;65;65m[48;2;205;164;131m▀[0m[38;2;65;65;65m[48;2;205;164;131m▀[0m[38;2;0;0;0m[48;2;205;164;131m▀[0m[38;2;0;0;0m▄    [38;2;0;0;0m▀[38;2;185;222;122m[48;2;0;0;0m▀[0m[38;2;185;222;122m[48;2;65;65;65m▀[0m[38;2;65;65;65m[48;2;97;134;34m▀[0m[38;2;185;222;122m[48;2;65;65;65m▀[0m[38;2;185;222;122m[48;2;74;111;11m▀[0m[38;2;74;111;11m[48;2;185;222;122m▀[0m[38;2;185;222;122m[48;2;185;222;122m▀[0m[38;2;185;222;122m[48;2;185;222;122m▀[0m[38;2;0;0;0m[48;2;0;0;0m▀[0m  
     [38;2;0;0;0m▀[38;2;97;134;34m[48;2;0;0;0m▀[0m[38;2;97;134;34m[48;2;97;134;34m▀[0m[38;2;65;65;65m[48;2;97;134;34m▀[0m[38;2;65;65;65m[48;2;97;134;34m▀[0m[38;2;65;65;65m[48;2;97;134;34m▀[0m[38;2;97;134;34m[48;2;97;134;34m▀[0m[38;2;0;0;0m[48;2;65;65;65m▀[0m[38;2;205;164;131m[48;2;205;164;131m▀[0m[38;2;205;164;131m[48;2;205;164;131m▀[0m[38;2;65;65;65m[48;2;65;65;65m▀[0m[38;2;205;164;131m[48;2;205;164;131m▀[0m[38;2;205;164;131m[48;2;205;164;131m▀[0m[38;2;205;164;131m[48;2;65;65;65m▀[0m[38;2;65;65;65m[48;2;65;65;65m▀[0m[38;2;65;65;65m[48;2;205;164;131m▀[0m[38;2;205;164;131m[48;2;205;164;131m▀[0m[38;2;205;164;131m[48;2;205;164;131m▀[0m[38;2;205;164;131m[48;2;205;164;131m▀[0m[38;2;205;164;131m[48;2;205;164;131m▀[0m[38;2;205;164;131m[48;2;205;164;131m▀[0m[38;2;0;0;0m[48;2;0;0;0m▀[0m   [38;2;0;0;0m[48;2;0;0;0m▀[0m[38;2;142;179;79m[48;2;65;65;65m▀[0m[38;2;142;179;79m[48;2;142;179;79m▀[0m[38;2;74;111;11m[48;2;142;179;79m▀[0m[38;2;97;134;34m[48;2;65;65;65m▀[0m[38;2;65;65;65m[48;2;97;134;34m▀[0m[38;2;185;222;122m[48;2;65;65;65m▀[0m[38;2;185;222;122m[48;2;65;65;65m▀[0m[38;2;65;65;65m[48;2;0;0;0m▀[0m[38;2;0;0;0m▀  
      [38;2;0;0;0m▀[38;2;97;134;34m[48;2;0;0;0m▀[0m[38;2;97;134;34m[48;2;97;134;34m▀[0m[38;2;97;134;34m[48;2;97;134;34m▀[0m[38;2;97;134;34m[48;2;97;134;34m▀[0m[38;2;65;65;65m[48;2;65;65;65m▀[0m[38;2;205;164;131m[48;2;205;164;131m▀[0m[38;2;205;164;131m[48;2;205;164;131m▀[0m[38;2;65;65;65m[48;2;65;65;65m▀[0m[38;2;65;65;65m[48;2;205;164;131m▀[0m[38;2;205;164;131m[48;2;205;164;131m▀[0m[38;2;205;164;131m[48;2;65;65;65m▀[0m[38;2;65;65;65m[48;2;65;65;65m▀[0m[38;2;205;164;131m[48;2;205;164;131m▀[0m[38;2;205;164;131m[48;2;205;164;131m▀[0m[38;2;205;164;131m[48;2;65;65;65m▀[0m[38;2;65;65;65m[48;2;185;222;122m▀[0m[38;2;65;65;65m[48;2;185;222;122m▀[0m[38;2;65;65;65m[48;2;142;179;79m▀[0m[38;2;205;164;131m[48;2;65;65;65m▀[0m[38;2;65;65;65m[48;2;142;179;79m▀[0m[38;2;0;0;0m[48;2;142;179;79m▀[0m[38;2;0;0;0m▄[38;2;0;0;0m▄[38;2;0;0;0m▄[38;2;0;0;0m[48;2;142;179;79m▀[0m[38;2;65;65;65m[48;2;142;179;79m▀[0m[38;2;65;65;65m[48;2;65;65;65m▀[0m[38;2;97;134;34m[48;2;97;134;34m▀[0m[38;2;97;134;34m[48;2;97;134;34m▀[0m[38;2;97;134;34m[48;2;97;134;34m▀[0m[38;2;142;179;79m[48;2;97;134;34m▀[0m[38;2;0;0;0m[48;2;142;179;79m▀[0m[38;2;0;0;0m▄  
        [38;2;0;0;0m▀[38;2;0;0;0m▀[38;2;97;134;34m[48;2;0;0;0m▀[0m[38;2;65;65;65m[48;2;65;65;65m▀[0m[38;2;205;164;131m[48;2;205;164;131m▀[0m[38;2;205;164;131m[48;2;205;164;131m▀[0m[38;2;65;65;65m[48;2;65;65;65m▀[0m[38;2;205;164;131m[48;2;205;164;131m▀[0m[38;2;205;164;131m[48;2;205;164;131m▀[0m[38;2;65;65;65m[48;2;65;65;65m▀[0m[38;2;205;164;131m[48;2;205;164;131m▀[0m[38;2;205;164;131m[48;2;65;65;65m▀[0m[38;2;65;65;65m[48;2;156;65;65m▀[0m[38;2;142;179;79m[48;2;255;255;255m▀[0m[38;2;185;222;122m[48;2;142;179;79m▀[0m[38;2;185;222;122m[48;2;185;222;122m▀[0m[38;2;185;222;122m[48;2;142;179;79m▀[0m[38;2;142;179;79m[48;2;97;134;34m▀[0m[38;2;142;179;79m[48;2;142;179;79m▀[0m[38;2;142;179;79m[48;2;142;179;79m▀[0m[38;2;97;134;34m[48;2;142;179;79m▀[0m[38;2;142;179;79m[48;2;142;179;79m▀[0m[38;2;142;179;79m[48;2;142;179;79m▀[0m[38;2;142;179;79m[48;2;97;134;34m▀[0m[38;2;142;179;79m[48;2;97;134;34m▀[0m[38;2;142;179;79m[48;2;142;179;79m▀[0m[38;2;65;65;65m[48;2;97;134;34m▀[0m[38;2;97;134;34m[48;2;97;134;34m▀[0m[38;2;97;134;34m[48;2;97;134;34m▀[0m[38;2;97;134;34m[48;2;97;134;34m▀[0m[38;2;142;179;79m[48;2;97;134;34m▀[0m[38;2;142;179;79m[48;2;142;179;79m▀[0m[38;2;0;0;0m[48;2;0;0;0m▀[0m 
         [38;2;0;0;0m▄[38;2;0;0;0m[48;2;142;179;79m▀[0m[38;2;142;179;79m[48;2;142;179;79m▀[0m[38;2;65;65;65m[48;2;65;65;65m▀[0m[38;2;205;164;131m[48;2;205;164;131m▀[0m[38;2;65;65;65m[48;2;65;65;65m▀[0m[38;2;205;164;131m[48;2;205;164;131m▀[0m[38;2;65;65;65m[48;2;65;65;65m▀[0m[38;2;205;164;131m[48;2;205;164;131m▀[0m[38;2;205;164;131m[48;2;65;65;65m▀[0m[38;2;0;0;0m[48;2;255;98;65m▀[0m[38;2;255;98;65m[48;2;255;180;148m▀[0m[38;2;255;255;255m[48;2;255;255;255m▀[0m[38;2;255;255;255m[48;2;255;255;255m▀[0m[38;2;142;179;79m[48;2;97;134;34m▀[0m[38;2;97;134;34m[48;2;255;246;180m▀[0m[38;2;255;246;180m[48;2;255;246;180m▀[0m[38;2;65;65;65m[48;2;65;65;65m▀[0m[38;2;142;179;79m[48;2;185;222;122m▀[0m[38;2;142;179;79m[48;2;97;134;34m▀[0m[38;2;97;134;34m[48;2;185;222;122m▀[0m[38;2;185;222;122m[48;2;185;222;122m▀[0m[38;2;185;222;122m[48;2;185;222;122m▀[0m[38;2;185;222;122m[48;2;185;222;122m▀[0m[38;2;65;65;65m[48;2;185;222;122m▀[0m[38;2;97;134;34m[48;2;65;65;65m▀[0m[38;2;97;134;34m[48;2;97;134;34m▀[0m[38;2;97;134;34m[48;2;0;0;0m▀[0m[38;2;97;134;34m[48;2;0;0;0m▀[0m[38;2;97;134;34m[48;2;0;0;0m▀[0m[38;2;0;0;0m▀  
        [38;2;0;0;0m▄[38;2;0;0;0m[48;2;74;111;11m▀[0m[38;2;142;179;79m[48;2;142;179;79m▀[0m[38;2;65;65;65m[48;2;65;65;65m▀[0m[38;2;205;197;123m[48;2;205;197;123m▀[0m[38;2;65;65;65m[48;2;97;134;34m▀[0m[38;2;65;65;65m[48;2;65;65;65m▀[0m[38;2;205;164;131m[48;2;65;65;65m▀[0m[38;2;65;65;65m[48;2;142;179;79m▀[0m[38;2;205;164;131m[48;2;65;65;65m▀[0m[38;2;65;65;65m[48;2;142;179;79m▀[0m[38;2;255;255;255m[48;2;97;134;34m▀[0m[38;2;255;255;255m[48;2;97;134;34m▀[0m[38;2;255;255;255m[48;2;97;134;34m▀[0m[38;2;97;134;34m[48;2;255;246;180m▀[0m[38;2;255;246;180m[48;2;255;246;180m▀[0m[38;2;255;246;180m[48;2;255;246;180m▀[0m[38;2;156;148;98m[48;2;65;65;65m▀[0m[38;2;65;65;65m[48;2;185;222;122m▀[0m[38;2;185;222;122m[48;2;185;222;122m▀[0m[38;2;185;222;122m[48;2;185;222;122m▀[0m[38;2;185;222;122m[48;2;185;222;122m▀[0m[38;2;185;222;122m[48;2;185;222;122m▀[0m[38;2;185;222;122m[48;2;185;222;122m▀[0m[38;2;185;222;122m[48;2;185;222;122m▀[0m[38;2;185;222;122m[48;2;185;222;122m▀[0m[38;2;185;222;122m[48;2;185;222;122m▀[0m[38;2;0;0;0m[48;2;0;0;0m▀[0m      
   [38;2;0;0;0m▄[38;2;0;0;0m[48;2;65;65;65m▀[0m[38;2;0;0;0m[48;2;185;222;122m▀[0m[38;2;0;0;0m[48;2;185;222;122m▀[0m[38;2;0;0;0m[48;2;185;222;122m▀[0m[38;2;97;134;34m[48;2;65;65;65m▀[0m[38;2;97;134;34m[48;2;97;134;34m▀[0m[38;2;74;111;11m[48;2;65;65;65m▀[0m[38;2;142;179;79m[48;2;65;65;65m▀[0m[38;2;65;65;65m[48;2;97;134;34m▀[0m[38;2;255;246;180m[48;2;65;65;65m▀[0m[38;2;255;246;180m[48;2;255;246;180m▀[0m[38;2;97;134;34m[48;2;255;246;180m▀[0m[38;2;97;134;34m[48;2;255;246;180m▀[0m[38;2;97;134;34m[48;2;255;246;180m▀[0m[38;2;97;134;34m[48;2;255;246;180m▀[0m[38;2;255;246;180m[48;2;255;246;180m▀[0m[38;2;255;246;180m[48;2;255;246;180m▀[0m[38;2;255;246;180m[48;2;255;246;180m▀[0m[38;2;255;246;180m[48;2;82;90;106m▀[0m[38;2;255;246;180m[48;2;82;90;106m▀[0m[38;2;156;148;98m[48;2;205;197;123m▀[0m[38;2;65;65;65m[48;2;65;65;65m▀[0m[38;2;185;222;122m[48;2;185;222;122m▀[0m[38;2;185;222;122m[48;2;185;222;122m▀[0m[38;2;185;222;122m[48;2;185;222;122m▀[0m[38;2;185;222;122m[48;2;185;222;122m▀[0m[38;2;185;222;122m[48;2;142;179;79m▀[0m[38;2;142;179;79m[48;2;142;179;79m▀[0m[38;2;185;222;122m[48;2;142;179;79m▀[0m[38;2;185;222;122m[48;2;97;134;34m▀[0m[38;2;185;222;122m[48;2;185;222;122m▀[0m[38;2;0;0;0m[48;2;185;222;122m▀[0m[38;2;0;0;0m▄     
  [38;2;0;0;0m▄[38;2;0;0;0m[48;2;185;222;122m▀[0m[38;2;185;222;122m[48;2;74;111;11m▀[0m[38;2;185;222;122m[48;2;74;111;11m▀[0m[38;2;185;222;122m[48;2;74;111;11m▀[0m[38;2;74;111;11m[48;2;97;134;34m▀[0m[38;2;97;134;34m[48;2;97;134;34m▀[0m[38;2;65;65;65m[48;2;74;111;11m▀[0m[38;2;185;222;122m[48;2;185;222;122m▀[0m[38;2;185;222;122m[48;2;185;222;122m▀[0m[38;2;65;65;65m[48;2;0;0;0m▀[0m[38;2;97;134;34m[48;2;0;0;0m▀[0m[38;2;65;65;65m[48;2;65;65;65m▀[0m[38;2;255;246;180m[48;2;65;65;65m▀[0m[38;2;255;246;180m[48;2;65;65;65m▀[0m[38;2;255;246;180m[48;2;82;90;106m▀[0m[38;2;82;90;106m[48;2;205;197;123m▀[0m[38;2;82;90;106m[48;2;205;197;123m▀[0m[38;2;82;90;106m[48;2;205;197;123m▀[0m[38;2;82;90;106m[48;2;205;197;123m▀[0m[38;2;205;197;123m[48;2;65;65;65m▀[0m[38;2;205;197;123m[48;2;65;65;65m▀[0m[38;2;65;65;65m[48;2;185;222;122m▀[0m[38;2;185;222;122m[48;2;185;222;122m▀[0m[38;2;185;222;122m[48;2;185;222;122m▀[0m[38;2;185;222;122m[48;2;185;222;122m▀[0m[38;2;185;222;122m[48;2;185;222;122m▀[0m[38;2;185;222;122m[48;2;142;179;79m▀[0m[38;2;74;111;11m[48;2;0;0;0m▀[0m[38;2;142;179;79m[48;2;0;0;0m▀[0m[38;2;97;134;34m[48;2;97;134;34m▀[0m[38;2;185;222;122m[48;2;185;222;122m▀[0m[38;2;185;222;122m[48;2;185;222;122m▀[0m[38;2;185;222;122m[48;2;185;222;122m▀[0m[38;2;185;222;122m[48;2;185;222;122m▀[0m[38;2;0;0;0m[48;2;0;0;0m▀[0m    
  [38;2;0;0;0m▀[38;2;185;222;122m[48;2;0;0;0m▀[0m[38;2;185;222;122m[48;2;74;111;11m▀[0m[38;2;185;222;122m[48;2;74;111;11m▀[0m[38;2;74;111;11m[48;2;97;134;34m▀[0m[38;2;97;134;34m[48;2;97;134;34m▀[0m[38;2;97;134;34m[48;2;97;134;34m▀[0m[38;2;97;134;34m[48;2;97;134;34m▀[0m[38;2;74;111;11m[48;2;0;0;0m▀[0m[38;2;0;0;0m▀  [38;2;0;0;0m▀[38;2;142;179;79m[48;2;0;0;0m▀[0m[38;2;142;179;79m[48;2;142;179;79m▀[0m[38;2;65;65;65m[48;2;142;179;79m▀[0m[38;2;65;65;65m[48;2;142;179;79m▀[0m[38;2;65;65;65m[48;2;97;134;34m▀[0m[38;2;65;65;65m[48;2;142;179;79m▀[0m[38;2;65;65;65m[48;2;142;179;79m▀[0m[38;2;185;222;122m[48;2;142;179;79m▀[0m[38;2;185;222;122m[48;2;142;179;79m▀[0m[38;2;185;222;122m[48;2;185;222;122m▀[0m[38;2;185;222;122m[48;2;185;222;122m▀[0m[38;2;185;222;122m[48;2;185;222;122m▀[0m[38;2;185;222;122m[48;2;97;134;34m▀[0m[38;2;142;179;79m[48;2;142;179;79m▀[0m[38;2;0;0;0m[48;2;0;0;0m▀[0m [38;2;0;0;0m▄[38;2;0;0;0m[48;2;185;222;122m▀[0m[38;2;65;65;65m[48;2;185;222;122m▀[0m[38;2;185;222;122m[48;2;65;65;65m▀[0m[38;2;65;65;65m[48;2;74;111;11m▀[0m[38;2;65;65;65m[48;2;185;222;122m▀[0m[38;2;65;65;65m[48;2;185;222;122m▀[0m[38;2;0;0;0m[48;2;185;222;122m▀[0m[38;2;0;0;0m▄  
   [38;2;0;0;0m▀[38;2;185;222;122m[48;2;0;0;0m▀[0m[38;2;185;222;122m[48;2;65;65;65m▀[0m[38;2;0;0;0m▀[38;2;0;0;0m▀[38;2;0;0;0m▀[38;2;0;0;0m▀      [38;2;0;0;0m▀[38;2;97;134;34m[48;2;0;0;0m▀[0m[38;2;97;134;34m[48;2;142;179;79m▀[0m[38;2;142;179;79m[48;2;142;179;79m▀[0m[38;2;97;134;34m[48;2;142;179;79m▀[0m[38;2;142;179;79m[48;2;142;179;79m▀[0m[38;2;142;179;79m[48;2;97;134;34m▀[0m[38;2;142;179;79m[48;2;97;134;34m▀[0m[38;2;142;179;79m[48;2;97;134;34m▀[0m[38;2;142;179;79m[48;2;97;134;34m▀[0m[38;2;97;134;34m[48;2;142;179;79m▀[0m[38;2;142;179;79m[48;2;142;179;79m▀[0m[38;2;0;0;0m[48;2;0;0;0m▀[0m  [38;2;0;0;0m[48;2;0;0;0m▀[0m[38;2;185;222;122m[48;2;185;222;122m▀[0m[38;2;185;222;122m[48;2;185;222;122m▀[0m[38;2;65;65;65m[48;2;65;65;65m▀[0m[38;2;185;222;122m[48;2;74;111;11m▀[0m[38;2;185;222;122m[48;2;74;111;11m▀[0m[38;2;185;222;122m[48;2;74;111;11m▀[0m[38;2;185;222;122m[48;2;74;111;11m▀[0m[38;2;0;0;0m[48;2;0;0;0m▀[0m  
                 [38;2;0;0;0m[48;2;0;0;0m▀[0m[38;2;74;111;11m[48;2;255;213;82m▀[0m[38;2;142;179;79m[48;2;74;111;11m▀[0m[38;2;142;179;79m[48;2;156;131;74m▀[0m[38;2;142;179;79m[48;2;255;246;0m▀[0m[38;2;142;179;79m[48;2;156;131;74m▀[0m[38;2;142;179;79m[48;2;74;111;11m▀[0m[38;2;142;179;79m[48;2;74;111;11m▀[0m[38;2;142;179;79m[48;2;74;111;11m▀[0m[38;2;74;111;11m[48;2;255;213;82m▀[0m[38;2;74;111;11m[48;2;74;111;11m▀[0m[38;2;0;0;0m[48;2;0;0;0m▀[0m   [38;2;0;0;0m▀[38;2;0;0;0m[48;2;0;0;0m▀[0m[38;2;65;65;65m[48;2;65;65;65m▀[0m[38;2;185;222;122m[48;2;74;111;11m▀[0m[38;2;185;222;122m[48;2;74;111;11m▀[0m[38;2;185;222;122m[48;2;74;111;11m▀[0m[38;2;185;222;122m[48;2;0;0;0m▀[0m[38;2;0;0;0m▀  
               [38;2;0;0;0m▄[38;2;0;0;0m[48;2;97;134;34m▀[0m[38;2;65;65;65m[48;2;97;134;34m▀[0m[38;2;74;111;11m[48;2;65;65;65m▀[0m[38;2;74;111;11m[48;2;74;111;11m▀[0m[38;2;255;246;0m[48;2;156;131;74m▀[0m[38;2;213;106;90m[48;2;255;213;82m▀[0m[38;2;255;213;82m[48;2;156;131;74m▀[0m[38;2;74;111;11m[48;2;74;111;11m▀[0m[38;2;255;246;0m[48;2;74;111;11m▀[0m[38;2;74;111;11m[48;2;65;65;65m▀[0m[38;2;74;111;11m[48;2;65;65;65m▀[0m[38;2;65;65;65m[48;2;185;222;122m▀[0m[38;2;65;65;65m[48;2;185;222;122m▀[0m[38;2;0;0;0m[48;2;185;222;122m▀[0m[38;2;0;0;0m▄   [38;2;0;0;0m▀[38;2;185;222;122m[48;2;0;0;0m▀[0m[38;2;185;222;122m[48;2;0;0;0m▀[0m[38;2;185;222;122m[48;2;0;0;0m▀[0m[38;2;0;0;0m▀   
              [38;2;0;0;0m[48;2;0;0;0m▀[0m[38;2;97;134;34m[48;2;97;134;34m▀[0m[38;2;97;134;34m[48;2;97;134;34m▀[0m[38;2;97;134;34m[48;2;97;134;34m▀[0m[38;2;97;134;34m[48;2;97;134;34m▀[0m[38;2;65;65;65m[48;2;97;134;34m▀[0m[38;2;65;65;65m[48;2;97;134;34m▀[0m[38;2;74;111;11m[48;2;0;0;0m▀[0m[38;2;74;111;11m[48;2;0;0;0m▀[0m[38;2;74;111;11m[48;2;0;0;0m▀[0m[38;2;65;65;65m[48;2;142;179;79m▀[0m[38;2;185;222;122m[48;2;97;134;34m▀[0m[38;2;185;222;122m[48;2;185;222;122m▀[0m[38;2;185;222;122m[48;2;185;222;122m▀[0m[38;2;185;222;122m[48;2;185;222;122m▀[0m[38;2;185;222;122m[48;2;185;222;122m▀[0m[38;2;185;222;122m[48;2;185;222;122m▀[0m[38;2;0;0;0m[48;2;0;0;0m▀[0m          
              [38;2;0;0;0m▄[38;2;0;0;0m[48;2;97;134;34m▀[0m[38;2;74;111;11m[48;2;65;65;65m▀[0m[38;2;74;111;11m[48;2;97;134;34m▀[0m[38;2;97;134;34m[48;2;0;0;0m▀[0m[38;2;0;0;0m▀[38;2;0;0;0m▀   [38;2;0;0;0m▀[38;2;142;179;79m[48;2;0;0;0m▀[0m[38;2;142;179;79m[48;2;65;65;65m▀[0m[38;2;185;222;122m[48;2;142;179;79m▀[0m[38;2;185;222;122m[48;2;185;222;122m▀[0m[38;2;185;222;122m[48;2;185;222;122m▀[0m[38;2;185;222;122m[48;2;142;179;79m▀[0m[38;2;185;222;122m[48;2;185;222;122m▀[0m[38;2;0;0;0m[48;2;0;0;0m▀[0m         
               [38;2;0;0;0m▀[38;2;0;0;0m▀[38;2;0;0;0m▀        [38;2;0;0;0m[48;2;0;0;0m▀[0m[38;2;65;65;65m[48;2;142;179;79m▀[0m[38;2;142;179;79m[48;2;97;134;34m▀[0m[38;2;142;179;79m[48;2;65;65;65m▀[0m[38;2;142;179;79m[48;2;65;65;65m▀[0m[38;2;65;65;65m[48;2;0;0;0m▀[0m[38;2;0;0;0m▀         
                           [38;2;0;0;0m▀[38;2;65;65;65m[48;2;0;0;0m▀[0m[38;2;142;179;79m[48;2;0;0;0m▀[0m[38;2;97;134;34m[48;2;0;0;0m▀[0m[38;2;142;179;79m[48;2;0;0;0m▀[0m[38;2;0;0;0m▀         
                                     [0m                                     