         [38;2;0;0;0m▄[38;2;0;0;0m▄[38;2;0;0;0m[48;2;82;82;90m▀[0m[38;2;0;0;0m[48;2;206;181;107m▀[0m[38;2;0;0;0m[48;2;206;181;107m▀[0m[38;2;0;0;0m[48;2;82;82;90m▀[0m[38;2;0;0;0m▄            
       [38;2;0;0;0m▄[38;2;0;0;0m[48;2;247;230;148m▀[0m[38;2;247;230;148m[48;2;82;82;90m▀[0m[38;2;82;82;90m[48;2;247;230;148m▀[0m[38;2;247;230;148m[48;2;82;82;90m▀[0m[38;2;82;82;90m[48;2;247;230;148m▀[0m[38;2;247;230;148m[48;2;206;181;107m▀[0m[38;2;247;230;148m[48;2;82;82;90m▀[0m[38;2;206;181;107m[48;2;0;0;0m▀[0m[38;2;0;0;0m[48;2;0;0;0m▀[0m           
       [38;2;0;0;0m▀[38;2;206;181;107m[48;2;0;0;0m▀[0m[38;2;82;82;90m[48;2;82;82;90m▀[0m[38;2;247;230;148m[48;2;206;181;107m▀[0m[38;2;82;82;90m[48;2;82;82;90m▀[0m[38;2;206;181;107m[48;2;82;82;90m▀[0m[38;2;82;82;90m[48;2;169;207;121m▀[0m[38;2;169;207;121m[48;2;169;207;121m▀[0m[38;2;169;207;121m[48;2;169;207;121m▀[0m[38;2;0;0;0m[48;2;120;158;72m▀[0m[38;2;0;0;0m▄[38;2;0;0;0m▄[38;2;0;0;0m▄        
      [38;2;0;0;0m▄[38;2;0;0;0m▄[38;2;0;0;0m[48;2;169;207;121m▀[0m[38;2;169;207;121m[48;2;169;207;121m▀[0m[38;2;82;82;90m[48;2;169;207;121m▀[0m[38;2;169;207;121m[48;2;169;207;121m▀[0m[38;2;169;207;121m[48;2;169;207;121m▀[0m[38;2;169;207;121m[48;2;0;0;0m▀[0m[38;2;82;82;90m[48;2;189;189;181m▀[0m[38;2;82;82;90m[48;2;120;158;72m▀[0m[38;2;120;158;72m[48;2;120;158;72m▀[0m[38;2;82;82;90m[48;2;82;82;90m▀[0m[38;2;120;158;72m[48;2;120;158;72m▀[0m[38;2;92;130;44m[48;2;92;130;44m▀[0m[38;2;0;0;0m[48;2;120;158;72m▀[0m[38;2;0;0;0m[48;2;120;158;72m▀[0m[38;2;0;0;0m▄[38;2;0;0;0m▄    
  [38;2;0;0;0m▄[38;2;0;0;0m[48;2;120;158;72m▀[0m[38;2;0;0;0m[48;2;169;207;121m▀[0m[38;2;0;0;0m[48;2;82;82;90m▀[0m[38;2;120;158;72m[48;2;82;82;90m▀[0m[38;2;82;82;90m[48;2;120;158;72m▀[0m[38;2;169;207;121m[48;2;82;82;90m▀[0m[38;2;169;207;121m[48;2;169;207;121m▀[0m[38;2;169;207;121m[48;2;82;82;90m▀[0m[38;2;169;207;121m[48;2;120;158;72m▀[0m[38;2;0;0;0m[48;2;120;158;72m▀[0m[38;2;42;130;255m[48;2;120;158;72m▀[0m[38;2;255;255;255m[48;2;120;158;72m▀[0m[38;2;120;158;72m[48;2;120;158;72m▀[0m[38;2;120;158;72m[48;2;82;82;90m▀[0m[38;2;120;158;72m[48;2;120;158;72m▀[0m[38;2;120;158;72m[48;2;120;158;72m▀[0m[38;2;120;158;72m[48;2;120;158;72m▀[0m[38;2;92;130;44m[48;2;120;158;72m▀[0m[38;2;120;158;72m[48;2;92;130;44m▀[0m[38;2;120;158;72m[48;2;82;82;90m▀[0m[38;2;92;130;44m[48;2;42;130;255m▀[0m[38;2;0;0;0m[48;2;169;207;121m▀[0m[38;2;0;0;0m▄  
 [38;2;0;0;0m[48;2;0;0;0m▀[0m[38;2;120;158;72m[48;2;169;207;121m▀[0m[38;2;169;207;121m[48;2;120;158;72m▀[0m[38;2;120;158;72m[48;2;169;207;121m▀[0m[38;2;169;207;121m[48;2;120;158;72m▀[0m[38;2;82;82;90m[48;2;82;82;90m▀[0m[38;2;92;130;44m[48;2;120;158;72m▀[0m[38;2;82;82;90m[48;2;82;82;90m▀[0m[38;2;82;82;90m[48;2;169;207;121m▀[0m[38;2;120;158;72m[48;2;82;82;90m▀[0m[38;2;120;158;72m[48;2;82;82;90m▀[0m[38;2;120;158;72m[48;2;82;82;90m▀[0m[38;2;120;158;72m[48;2;255;255;255m▀[0m[38;2;82;82;90m[48;2;82;82;90m▀[0m[38;2;82;82;90m[48;2;169;207;121m▀[0m[38;2;120;158;72m[48;2;120;158;72m▀[0m[38;2;120;158;72m[48;2;120;158;72m▀[0m[38;2;82;82;90m[48;2;120;158;72m▀[0m[38;2;120;158;72m[48;2;82;82;90m▀[0m[38;2;82;82;90m[48;2;120;158;72m▀[0m[38;2;82;82;90m[48;2;169;207;121m▀[0m[38;2;42;130;255m[48;2;169;207;121m▀[0m[38;2;169;207;121m[48;2;169;207;121m▀[0m[38;2;169;207;121m[48;2;42;130;255m▀[0m[38;2;169;207;121m[48;2;42;130;255m▀[0m[38;2;0;0;0m[48;2;0;0;0m▀[0m 
 [38;2;0;0;0m▀[38;2;120;158;72m[48;2;0;0;0m▀[0m[38;2;169;207;121m[48;2;120;158;72m▀[0m[38;2;120;158;72m[48;2;120;158;72m▀[0m[38;2;82;82;90m[48;2;120;158;72m▀[0m[38;2;120;158;72m[48;2;120;158;72m▀[0m[38;2;120;158;72m[48;2;120;158;72m▀[0m[38;2;82;82;90m[48;2;0;0;0m▀[0m[38;2;169;207;121m[48;2;120;158;72m▀[0m[38;2;169;207;121m[48;2;169;207;121m▀[0m[38;2;92;130;44m[48;2;92;130;44m▀[0m[38;2;169;207;121m[48;2;169;207;121m▀[0m[38;2;82;82;90m[48;2;169;207;121m▀[0m[38;2;169;207;121m[48;2;169;207;121m▀[0m[38;2;169;207;121m[48;2;120;158;72m▀[0m[38;2;120;158;72m[48;2;120;158;72m▀[0m[38;2;120;158;72m[48;2;120;158;72m▀[0m[38;2;120;158;72m[48;2;82;82;90m▀[0m[38;2;82;82;90m[48;2;0;0;0m▀[0m[38;2;169;207;121m[48;2;120;158;72m▀[0m[38;2;120;158;72m[48;2;169;207;121m▀[0m[38;2;169;207;121m[48;2;120;158;72m▀[0m[38;2;169;207;121m[48;2;169;207;121m▀[0m[38;2;169;207;121m[48;2;120;158;72m▀[0m[38;2;0;0;0m[48;2;0;0;0m▀[0m  
   [38;2;0;0;0m▀[38;2;0;0;0m▀[38;2;120;158;72m[48;2;0;0;0m▀[0m[38;2;120;158;72m[48;2;0;0;0m▀[0m[38;2;0;0;0m▀ [38;2;0;0;0m[48;2;0;0;0m▀[0m[38;2;120;158;72m[48;2;206;181;107m▀[0m[38;2;120;158;72m[48;2;82;82;90m▀[0m[38;2;92;130;44m[48;2;206;181;107m▀[0m[38;2;120;158;72m[48;2;247;230;148m▀[0m[38;2;120;158;72m[48;2;206;181;107m▀[0m[38;2;120;158;72m[48;2;82;82;90m▀[0m[38;2;82;82;90m[48;2;206;181;107m▀[0m[38;2;82;82;90m[48;2;206;181;107m▀[0m[38;2;206;181;107m[48;2;0;0;0m▀[0m[38;2;0;0;0m▀[38;2;0;0;0m▀[38;2;169;207;121m[48;2;0;0;0m▀[0m[38;2;120;158;72m[48;2;0;0;0m▀[0m[38;2;0;0;0m▀[38;2;0;0;0m▀   
        [38;2;0;0;0m[48;2;0;0;0m▀[0m[38;2;120;158;72m[48;2;120;158;72m▀[0m[38;2;82;82;90m[48;2;120;158;72m▀[0m[38;2;206;181;107m[48;2;120;158;72m▀[0m[38;2;247;230;148m[48;2;206;181;107m▀[0m[38;2;42;130;255m[48;2;247;230;148m▀[0m[38;2;247;230;148m[48;2;206;181;107m▀[0m[38;2;206;181;107m[48;2;82;82;90m▀[0m[38;2;82;82;90m[48;2;82;82;90m▀[0m[38;2;82;82;90m[48;2;82;82;90m▀[0m[38;2;0;0;0m[48;2;120;158;72m▀[0m[38;2;0;0;0m▄        
        [38;2;0;0;0m▀[38;2;82;82;90m[48;2;0;0;0m▀[0m[38;2;120;158;72m[48;2;0;0;0m▀[0m[38;2;120;158;72m[48;2;0;0;0m▀[0m[38;2;0;0;0m▀[38;2;0;0;0m▀[38;2;0;0;0m▀[38;2;82;82;90m[48;2;0;0;0m▀[0m[38;2;82;82;90m[48;2;120;158;72m▀[0m[38;2;120;158;72m[48;2;92;130;44m▀[0m[38;2;120;158;72m[48;2;92;130;44m▀[0m[38;2;120;158;72m[48;2;92;130;44m▀[0m[38;2;0;0;0m[48;2;0;0;0m▀[0m       
                [38;2;0;0;0m▀[38;2;120;158;72m[48;2;0;0;0m▀[0m[38;2;169;207;121m[48;2;0;0;0m▀[0m[38;2;92;130;44m[48;2;0;0;0m▀[0m[38;2;169;207;121m[48;2;0;0;0m▀[0m[38;2;0;0;0m[48;2;0;0;0m▀[0m      
                                     [0m                                     