                  [38;2;0;0;0m▄[38;2;0;0;0m[48;2;255;140;82m▀[0m[38;2;0;0;0m▄  
     [38;2;0;0;0m▄[38;2;0;0;0m▄   [38;2;0;0;0m▄[38;2;0;0;0m▄[38;2;0;0;0m▄[38;2;0;0;0m▄[38;2;0;0;0m▄[38;2;0;0;0m▄ [38;2;0;0;0m[48;2;0;0;0m▀[0m[38;2;255;140;82m[48;2;255;140;82m▀[0m[38;2;247;247;41m[48;2;247;247;41m▀[0m[38;2;0;0;0m[48;2;247;247;41m▀[0m[38;2;0;0;0m▄ 
   [38;2;0;0;0m▄[38;2;0;0;0m[48;2;247;247;41m▀[0m[38;2;247;247;41m[48;2;65;65;65m▀[0m[38;2;247;247;41m[48;2;247;247;41m▀[0m[38;2;0;0;0m[48;2;161;89;156m▀[0m[38;2;0;0;0m[48;2;215;99;205m▀[0m[38;2;0;0;0m[48;2;247;247;41m▀[0m[38;2;126;64;38m[48;2;247;247;41m▀[0m[38;2;163;93;69m[48;2;65;65;65m▀[0m[38;2;163;93;69m[48;2;163;93;69m▀[0m[38;2;65;65;65m[48;2;163;93;69m▀[0m[38;2;163;93;69m[48;2;65;65;65m▀[0m[38;2;163;93;69m[48;2;163;93;69m▀[0m[38;2;0;0;0m[48;2;214;90;58m▀[0m[38;2;255;140;82m[48;2;247;247;41m▀[0m[38;2;255;140;82m[48;2;247;247;41m▀[0m[38;2;247;247;41m[48;2;255;140;82m▀[0m[38;2;255;140;82m[48;2;0;0;0m▀[0m[38;2;0;0;0m▀ 
  [38;2;0;0;0m▄[38;2;0;0;0m[48;2;215;99;205m▀[0m[38;2;247;247;41m[48;2;235;144;225m▀[0m[38;2;247;247;41m[48;2;215;99;205m▀[0m[38;2;161;89;156m[48;2;215;99;205m▀[0m[38;2;215;99;205m[48;2;215;99;205m▀[0m[38;2;247;247;41m[48;2;247;247;41m▀[0m[38;2;0;0;0m[48;2;247;247;41m▀[0m[38;2;247;247;41m[48;2;221;81;206m▀[0m[38;2;65;65;65m[48;2;161;89;156m▀[0m[38;2;126;64;38m[48;2;65;65;65m▀[0m[38;2;163;93;69m[48;2;163;93;69m▀[0m[38;2;126;64;38m[48;2;126;64;38m▀[0m[38;2;163;93;69m[48;2;189;140;115m▀[0m[38;2;247;247;41m[48;2;163;93;69m▀[0m[38;2;247;247;41m[48;2;65;65;65m▀[0m[38;2;214;90;58m[48;2;0;0;0m▀[0m[38;2;0;0;0m▀   
 [38;2;0;0;0m[48;2;0;0;0m▀[0m[38;2;235;144;225m[48;2;235;144;225m▀[0m[38;2;249;186;255m[48;2;235;144;225m▀[0m[38;2;249;186;255m[48;2;235;144;225m▀[0m[38;2;235;144;225m[48;2;235;144;225m▀[0m[38;2;215;99;205m[48;2;235;144;225m▀[0m[38;2;215;99;205m[48;2;215;99;205m▀[0m[38;2;221;81;206m[48;2;215;99;205m▀[0m[38;2;221;81;206m[48;2;215;99;205m▀[0m[38;2;161;89;156m[48;2;215;99;205m▀[0m[38;2;215;99;205m[48;2;215;99;205m▀[0m[38;2;65;65;65m[48;2;215;99;205m▀[0m[38;2;126;64;38m[48;2;65;65;65m▀[0m[38;2;126;64;38m[48;2;163;93;69m▀[0m[38;2;126;64;38m[48;2;163;93;69m▀[0m[38;2;189;140;115m[48;2;126;64;38m▀[0m[38;2;126;64;38m[48;2;126;64;38m▀[0m[38;2;163;93;69m[48;2;189;140;115m▀[0m[38;2;0;0;0m[48;2;0;0;0m▀[0m   
 [38;2;0;0;0m▀[38;2;235;144;225m[48;2;0;0;0m▀[0m[38;2;235;144;225m[48;2;161;89;156m▀[0m[38;2;235;144;225m[48;2;235;144;225m▀[0m[38;2;235;144;225m[48;2;235;144;225m▀[0m[38;2;235;144;225m[48;2;215;99;205m▀[0m[38;2;215;99;205m[48;2;215;99;205m▀[0m[38;2;215;99;205m[48;2;215;99;205m▀[0m[38;2;215;99;205m[48;2;65;65;65m▀[0m[38;2;215;99;205m[48;2;65;65;65m▀[0m[38;2;215;99;205m[48;2;215;99;205m▀[0m[38;2;215;99;205m[48;2;161;89;156m▀[0m[38;2;65;65;65m[48;2;65;65;65m▀[0m[38;2;163;93;69m[48;2;189;140;115m▀[0m[38;2;189;140;115m[48;2;189;140;115m▀[0m[38;2;126;64;38m[48;2;126;64;38m▀[0m[38;2;163;93;69m[48;2;163;93;69m▀[0m[38;2;126;64;38m[48;2;163;93;69m▀[0m[38;2;0;0;0m[48;2;0;0;0m▀[0m   
  [38;2;65;65;65m▀[38;2;215;99;205m[48;2;65;65;65m▀[0m[38;2;65;65;65m[48;2;0;0;0m▀[0m[38;2;65;65;65m[48;2;161;89;156m▀[0m[38;2;65;65;65m[48;2;65;65;65m▀[0m[38;2;215;99;205m[48;2;235;144;225m▀[0m[38;2;65;65;65m[48;2;235;144;225m▀[0m[38;2;161;89;156m[48;2;65;65;65m▀[0m[38;2;215;99;205m[48;2;235;144;225m▀[0m[38;2;161;89;156m[48;2;65;65;65m▀[0m[38;2;65;65;65m[48;2;126;64;38m▀[0m[38;2;126;64;38m[48;2;163;93;69m▀[0m[38;2;163;93;69m[48;2;126;64;38m▀[0m[38;2;126;64;38m[48;2;163;93;69m▀[0m[38;2;126;64;38m[48;2;163;93;69m▀[0m[38;2;189;140;115m[48;2;126;64;38m▀[0m[38;2;126;64;38m[48;2;0;0;0m▀[0m[38;2;0;0;0m▀   
     [38;2;0;0;0m[48;2;0;0;0m▀[0m[38;2;65;65;65m[48;2;215;99;205m▀[0m[38;2;249;186;255m[48;2;65;65;65m▀[0m[38;2;235;144;225m[48;2;65;65;65m▀[0m[38;2;65;65;65m[48;2;215;99;205m▀[0m[38;2;65;65;65m[48;2;215;99;205m▀[0m[38;2;65;65;65m[48;2;215;99;205m▀[0m[38;2;189;140;115m[48;2;65;65;65m▀[0m[38;2;163;93;69m[48;2;189;140;115m▀[0m[38;2;163;93;69m[48;2;189;140;115m▀[0m[38;2;126;64;38m[48;2;126;64;38m▀[0m[38;2;189;140;115m[48;2;65;65;65m▀[0m[38;2;65;65;65m[48;2;0;0;0m▀[0m[38;2;0;0;0m▀    
   [38;2;0;0;0m▄[38;2;0;0;0m[48;2;215;99;205m▀[0m[38;2;215;99;205m[48;2;215;99;205m▀[0m[38;2;215;99;205m[48;2;215;99;205m▀[0m[38;2;215;99;205m[48;2;215;99;205m▀[0m[38;2;215;99;205m[48;2;215;99;205m▀[0m[38;2;215;99;205m[48;2;215;99;205m▀[0m[38;2;215;99;205m[48;2;215;99;205m▀[0m[38;2;215;99;205m[48;2;235;144;225m▀[0m[38;2;235;144;225m[48;2;235;144;225m▀[0m[38;2;65;65;65m[48;2;235;144;225m▀[0m[38;2;65;65;65m[48;2;215;99;205m▀[0m[38;2;215;99;205m[48;2;215;99;205m▀[0m[38;2;65;65;65m[48;2;215;99;205m▀[0m[38;2;215;99;205m[48;2;215;99;205m▀[0m[38;2;0;0;0m[48;2;215;99;205m▀[0m[38;2;0;0;0m[48;2;235;144;225m▀[0m[38;2;0;0;0m▄  
   [38;2;0;0;0m▀[38;2;235;144;225m[48;2;0;0;0m▀[0m[38;2;215;99;205m[48;2;0;0;0m▀[0m[38;2;215;99;205m[48;2;161;89;156m▀[0m[38;2;215;99;205m[48;2;215;99;205m▀[0m[38;2;215;99;205m[48;2;235;144;225m▀[0m[38;2;215;99;205m[48;2;235;144;225m▀[0m[38;2;215;99;205m[48;2;215;99;205m▀[0m[38;2;215;99;205m[48;2;215;99;205m▀[0m[38;2;215;99;205m[48;2;215;99;205m▀[0m[38;2;215;99;205m[48;2;235;144;225m▀[0m[38;2;215;99;205m[48;2;235;144;225m▀[0m[38;2;235;144;225m[48;2;235;144;225m▀[0m[38;2;235;144;225m[48;2;0;0;0m▀[0m[38;2;235;144;225m[48;2;0;0;0m▀[0m[38;2;235;144;225m[48;2;0;0;0m▀[0m[38;2;161;89;156m[48;2;0;0;0m▀[0m[38;2;0;0;0m▀  
      [38;2;0;0;0m▀[38;2;0;0;0m▀[38;2;0;0;0m▀[38;2;161;89;156m[48;2;0;0;0m▀[0m[38;2;235;144;225m[48;2;0;0;0m▀[0m[38;2;235;144;225m[48;2;0;0;0m▀[0m[38;2;235;144;225m[48;2;0;0;0m▀[0m[38;2;215;99;205m[48;2;0;0;0m▀[0m[38;2;0;0;0m▀[38;2;0;0;0m▀       
                                     [0m                                     