              [38;2;0;0;0m▄[38;2;0;0;0m[48;2;255;182;191m▀[0m[38;2;0;0;0m[48;2;255;182;191m▀[0m[38;2;0;0;0m▄[38;2;0;0;0m▄                    
              [38;2;0;0;0m▄[38;2;0;0;0m[48;2;65;64;65m▀[0m[38;2;255;181;189m[48;2;255;181;189m▀[0m[38;2;255;181;189m[48;2;255;181;189m▀[0m[38;2;255;182;191m[48;2;255;182;191m▀[0m[38;2;0;0;0m[48;2;0;0;0m▀[0m                   
  [38;2;0;0;0m▄         [38;2;0;0;0m▄[38;2;0;0;0m[48;2;255;182;191m▀[0m[38;2;255;181;189m[48;2;255;181;189m▀[0m[38;2;255;181;189m[48;2;255;181;189m▀[0m[38;2;255;181;189m[48;2;255;181;189m▀[0m[38;2;255;181;189m[48;2;255;181;189m▀[0m[38;2;254;60;118m[48;2;255;182;191m▀[0m[38;2;254;60;118m[48;2;254;60;118m▀[0m[38;2;0;0;0m[48;2;0;0;0m▀[0m             [38;2;0;0;0m▄    
 [38;2;0;0;0m[48;2;0;0;0m▀[0m[38;2;197;93;137m[48;2;197;93;137m▀[0m[38;2;0;0;0m[48;2;197;93;137m▀[0m[38;2;0;0;0m[48;2;197;93;137m▀[0m[38;2;0;0;0m▄      [38;2;0;0;0m▄[38;2;0;0;0m[48;2;255;182;191m▀[0m[38;2;255;181;189m[48;2;255;181;189m▀[0m[38;2;255;181;189m[48;2;255;181;189m▀[0m[38;2;255;182;191m[48;2;255;182;191m▀[0m[38;2;255;182;191m[48;2;254;60;115m▀[0m[38;2;255;57;112m[48;2;255;57;112m▀[0m[38;2;0;0;0m[48;2;255;57;112m▀[0m[38;2;0;0;0m▄[38;2;0;0;0m▄[38;2;0;0;0m[48;2;197;93;137m▀[0m[38;2;0;0;0m[48;2;197;93;137m▀[0m[38;2;0;0;0m▄   [38;2;0;0;0m▄[38;2;0;0;0m[48;2;255;106;155m▀[0m[38;2;0;0;0m[48;2;255;106;155m▀[0m[38;2;0;0;0m▄[38;2;0;0;0m▄[38;2;0;0;0m[48;2;255;57;112m▀[0m[38;2;255;57;112m[48;2;255;57;112m▀[0m[38;2;0;0;0m[48;2;0;0;0m▀[0m   
 [38;2;0;0;0m▀[38;2;197;93;137m[48;2;0;0;0m▀[0m[38;2;197;93;137m[48;2;0;0;0m▀[0m[38;2;197;93;137m[48;2;197;93;137m▀[0m[38;2;0;0;0m[48;2;197;93;137m▀[0m[38;2;0;0;0m▄[38;2;0;0;0m▄  [38;2;0;0;0m▄[38;2;0;0;0m[48;2;255;182;191m▀[0m[38;2;255;181;189m[48;2;255;181;189m▀[0m[38;2;255;181;189m[48;2;255;181;189m▀[0m[38;2;255;181;189m[48;2;255;181;189m▀[0m[38;2;255;181;189m[48;2;255;181;189m▀[0m[38;2;255;181;189m[48;2;255;181;189m▀[0m[38;2;255;181;189m[48;2;255;181;189m▀[0m[38;2;255;90;124m[48;2;255;182;191m▀[0m[38;2;255;65;124m[48;2;255;65;124m▀[0m[38;2;65;64;74m[48;2;255;82;146m▀[0m[38;2;191;79;123m[48;2;65;64;74m▀[0m[38;2;197;93;137m[48;2;197;93;137m▀[0m[38;2;0;0;0m[48;2;0;0;0m▀[0m    [38;2;0;0;0m▄[38;2;0;0;0m[48;2;65;64;65m▀[0m[38;2;254;104;148m[48;2;254;60;115m▀[0m[38;2;254;60;115m[48;2;254;60;115m▀[0m[38;2;255;57;112m[48;2;255;57;112m▀[0m[38;2;255;57;112m[48;2;0;0;0m▀[0m[38;2;0;0;0m▀    
   [38;2;0;0;0m▄[38;2;0;0;0m[48;2;197;93;137m▀[0m[38;2;197;93;137m[48;2;197;93;137m▀[0m[38;2;197;95;139m[48;2;197;95;139m▀[0m[38;2;197;95;139m[48;2;197;95;139m▀[0m[38;2;0;4;0m[48;2;189;101;140m▀[0m[38;2;0;4;0m[48;2;94;52;71m▀[0m[38;2;254;60;115m[48;2;254;60;115m▀[0m[38;2;255;182;191m[48;2;255;182;191m▀[0m[38;2;255;181;189m[48;2;255;181;189m▀[0m[38;2;255;181;189m[48;2;255;181;189m▀[0m[38;2;255;182;191m[48;2;255;182;191m▀[0m[38;2;255;182;191m[48;2;255;94;129m▀[0m[38;2;255;182;191m[48;2;255;65;124m▀[0m[38;2;255;90;124m[48;2;255;65;124m▀[0m[38;2;254;60;116m[48;2;254;60;116m▀[0m[38;2;254;60;116m[48;2;254;60;116m▀[0m[38;2;255;74;138m[48;2;164;90;123m▀[0m[38;2;194;84;127m[48;2;194;84;127m▀[0m[38;2;197;93;137m[48;2;163;63;85m▀[0m[38;2;197;93;137m[48;2;197;93;137m▀[0m[38;2;0;0;0m[48;2;65;64;65m▀[0m[38;2;0;0;0m▄[38;2;0;0;0m[48;2;255;57;112m▀[0m[38;2;0;0;0m[48;2;255;57;112m▀[0m[38;2;65;64;65m[48;2;255;57;112m▀[0m[38;2;255;57;112m[48;2;255;57;112m▀[0m[38;2;254;60;116m[48;2;254;60;116m▀[0m[38;2;254;60;116m[48;2;254;60;116m▀[0m[38;2;255;57;112m[48;2;255;57;112m▀[0m[38;2;255;57;112m[48;2;0;0;0m▀[0m[38;2;0;0;0m▀    
   [38;2;0;0;0m▀[38;2;189;97;137m[48;2;0;8;8m▀[0m[38;2;189;97;137m[48;2;94;52;70m▀[0m[38;2;65;64;65m[48;2;255;57;112m▀[0m[38;2;255;57;112m[48;2;255;57;112m▀[0m[38;2;255;57;112m[48;2;255;57;112m▀[0m[38;2;65;64;65m[48;2;255;57;112m▀[0m[38;2;255;57;112m[48;2;65;64;65m▀[0m[38;2;255;57;112m[48;2;255;57;112m▀[0m[38;2;255;182;191m[48;2;254;60;115m▀[0m[38;2;255;182;191m[48;2;255;182;191m▀[0m[38;2;254;60;118m[48;2;255;182;191m▀[0m[38;2;254;60;118m[48;2;254;60;118m▀[0m[38;2;254;60;116m[48;2;254;60;116m▀[0m[38;2;254;60;116m[48;2;254;60;116m▀[0m[38;2;255;57;112m[48;2;255;57;112m▀[0m[38;2;255;57;112m[48;2;166;60;83m▀[0m[38;2;255;157;156m[48;2;255;157;156m▀[0m[38;2;156;65;94m[48;2;205;119;111m▀[0m[38;2;205;105;148m[48;2;205;105;148m▀[0m[38;2;65;64;65m[48;2;65;64;65m▀[0m[38;2;65;64;65m[48;2;255;106;155m▀[0m[38;2;255;106;155m[48;2;255;106;155m▀[0m[38;2;254;104;148m[48;2;254;104;148m▀[0m[38;2;254;60;115m[48;2;254;104;148m▀[0m[38;2;254;60;116m[48;2;254;60;116m▀[0m[38;2;254;60;116m[48;2;254;60;116m▀[0m[38;2;255;57;112m[48;2;0;0;0m▀[0m[38;2;0;0;0m▀[38;2;0;0;0m▀      
     [38;2;0;0;0m[48;2;0;0;0m▀[0m[38;2;255;57;112m[48;2;197;95;140m▀[0m[38;2;255;57;112m[48;2;255;57;112m▀[0m[38;2;255;57;112m[48;2;255;57;112m▀[0m[38;2;255;57;112m[48;2;197;95;140m▀[0m[38;2;191;115;149m[48;2;65;60;65m▀[0m[38;2;65;60;65m[48;2;255;145;139m▀[0m[38;2;255;57;112m[48;2;65;64;65m▀[0m[38;2;255;57;112m[48;2;65;64;65m▀[0m[38;2;255;57;112m[48;2;65;64;65m▀[0m[38;2;255;57;112m[48;2;65;64;65m▀[0m[38;2;172;137;144m[48;2;86;68;72m▀[0m[38;2;0;0;0m[48;2;255;211;220m▀[0m[38;2;172;57;84m[48;2;255;250;255m▀[0m[38;2;255;250;255m[48;2;213;156;172m▀[0m[38;2;255;161;148m[48;2;255;161;148m▀[0m[38;2;156;89;60m[48;2;156;89;60m▀[0m[38;2;65;64;65m[48;2;65;64;65m▀[0m[38;2;255;57;112m[48;2;255;57;112m▀[0m[38;2;254;104;148m[48;2;254;60;115m▀[0m[38;2;254;104;148m[48;2;254;104;148m▀[0m[38;2;254;104;148m[48;2;254;104;148m▀[0m[38;2;254;104;148m[48;2;254;60;115m▀[0m[38;2;254;60;116m[48;2;254;60;116m▀[0m[38;2;254;60;116m[48;2;254;60;116m▀[0m[38;2;255;57;112m[48;2;255;57;112m▀[0m[38;2;0;0;0m[48;2;0;0;0m▀[0m [38;2;0;0;0m▄[38;2;0;4;0m[48;2;94;52;71m▀[0m[38;2;0;4;0m[48;2;189;101;140m▀[0m[38;2;0;0;0m[48;2;197;93;137m▀[0m[38;2;0;0;0m▄ 
      [38;2;0;4;0m[48;2;0;4;0m▀[0m[38;2;189;101;140m[48;2;94;52;71m▀[0m[38;2;197;93;137m[48;2;65;64;65m▀[0m[38;2;197;93;137m[48;2;65;64;65m▀[0m[38;2;75;65;67m[48;2;75;65;67m▀[0m[38;2;255;161;148m[48;2;75;65;67m▀[0m[38;2;255;161;148m[48;2;255;161;148m▀[0m[38;2;65;64;65m[48;2;255;161;148m▀[0m[38;2;65;64;65m[48;2;255;161;148m▀[0m[38;2;65;64;65m[48;2;255;161;148m▀[0m[38;2;254;161;150m[48;2;254;161;150m▀[0m[38;2;254;161;150m[48;2;254;161;150m▀[0m[38;2;255;161;148m[48;2;255;161;148m▀[0m[38;2;255;161;148m[48;2;156;89;60m▀[0m[38;2;143;87;82m[48;2;213;105;106m▀[0m[38;2;213;105;106m[48;2;79;60;63m▀[0m[38;2;78;71;72m[48;2;78;71;72m▀[0m[38;2;78;71;72m[48;2;197;93;137m▀[0m[38;2;255;57;112m[48;2;65;64;65m▀[0m[38;2;255;57;112m[48;2;255;57;112m▀[0m[38;2;254;60;116m[48;2;254;60;116m▀[0m[38;2;254;60;116m[48;2;254;60;116m▀[0m[38;2;255;57;112m[48;2;255;57;112m▀[0m[38;2;255;57;112m[48;2;0;0;0m▀[0m[38;2;0;0;0m▀  [38;2;0;0;0m▀[38;2;197;93;137m[48;2;0;0;0m▀[0m[38;2;197;93;137m[48;2;197;93;137m▀[0m[38;2;0;0;0m[48;2;197;93;137m▀[0m[38;2;0;0;0m▄ 
     [38;2;0;0;0m[48;2;0;0;0m▀[0m[38;2;65;64;65m[48;2;65;64;65m▀[0m[38;2;225;105;120m[48;2;65;64;65m▀[0m[38;2;211;61;91m[48;2;65;72;65m▀[0m[38;2;65;72;65m[48;2;255;85;120m▀[0m[38;2;255;57;112m[48;2;255;57;112m▀[0m[38;2;88;70;73m[48;2;88;70;73m▀[0m[38;2;71;70;65m[48;2;71;70;65m▀[0m[38;2;205;105;115m[48;2;71;70;65m▀[0m[38;2;65;64;65m[48;2;205;105;115m▀[0m[38;2;65;64;65m[48;2;205;105;115m▀[0m[38;2;65;64;65m[48;2;205;105;98m▀[0m[38;2;159;91;87m[48;2;65;64;65m▀[0m[38;2;145;89;84m[48;2;79;66;68m▀[0m[38;2;213;105;106m[48;2;79;66;68m▀[0m[38;2;65;64;65m[48;2;86;72;74m▀[0m[38;2;86;72;74m[48;2;86;72;74m▀[0m[38;2;98;64;82m[48;2;189;87;109m▀[0m[38;2;189;87;109m[48;2;246;93;123m▀[0m[38;2;197;93;137m[48;2;65;64;65m▀[0m[38;2;65;64;65m[48;2;65;64;65m▀[0m[38;2;65;64;65m[48;2;255;182;191m▀[0m[38;2;65;64;65m[48;2;255;182;191m▀[0m[38;2;93;50;56m[48;2;255;173;181m▀[0m[38;2;0;0;24m[48;2;93;50;56m▀[0m[38;2;0;0;0m▄[38;2;0;0;0m[48;2;157;64;85m▀[0m[38;2;0;0;0m[48;2;164;59;82m▀[0m[38;2;0;0;0m[48;2;164;59;82m▀[0m[38;2;153;79;108m[48;2;153;79;108m▀[0m[38;2;197;90;134m[48;2;67;60;60m▀[0m[38;2;157;64;85m[48;2;0;0;0m▀[0m[38;2;0;0;0m▀ 
     [38;2;0;0;0m▄[38;2;0;4;16m[48;2;222;108;121m▀[0m[38;2;71;43;46m[48;2;222;108;121m▀[0m[38;2;65;64;65m[48;2;65;64;65m▀[0m[38;2;255;111;138m[48;2;255;111;138m▀[0m[38;2;255;94;129m[48;2;255;182;191m▀[0m[38;2;255;182;191m[48;2;255;182;191m▀[0m[38;2;86;72;72m[48;2;255;182;191m▀[0m[38;2;86;72;72m[48;2;86;72;72m▀[0m[38;2;85;73;74m[48;2;85;73;74m▀[0m[38;2;85;73;74m[48;2;85;73;74m▀[0m[38;2;85;73;74m[48;2;85;73;74m▀[0m[38;2;85;73;74m[48;2;85;73;74m▀[0m[38;2;88;70;73m[48;2;88;70;73m▀[0m[38;2;88;70;73m[48;2;255;57;112m▀[0m[38;2;86;72;72m[48;2;255;65;112m▀[0m[38;2;255;65;112m[48;2;255;65;112m▀[0m[38;2;180;97;135m[48;2;255;145;141m▀[0m[38;2;250;119;134m[48;2;250;119;134m▀[0m[38;2;65;64;65m[48;2;65;64;65m▀[0m[38;2;86;72;74m[48;2;86;72;74m▀[0m[38;2;65;64;65m[48;2;86;72;74m▀[0m[38;2;65;64;65m[48;2;86;72;74m▀[0m[38;2;67;60;60m[48;2;100;93;93m▀[0m[38;2;84;77;78m[48;2;84;77;78m▀[0m[38;2;65;64;65m[48;2;65;64;65m▀[0m[38;2;164;61;84m[48;2;164;61;84m▀[0m[38;2;163;63;85m[48;2;163;63;85m▀[0m[38;2;163;63;85m[48;2;163;63;85m▀[0m[38;2;163;63;85m[48;2;163;63;85m▀[0m[38;2;163;63;85m[48;2;163;63;85m▀[0m[38;2;0;0;0m[48;2;0;0;0m▀[0m  
    [38;2;0;0;0m▄[38;2;0;0;0m[48;2;222;108;121m▀[0m[38;2;225;105;120m[48;2;225;105;120m▀[0m[38;2;65;64;65m[48;2;65;64;65m▀[0m[38;2;205;105;115m[48;2;205;105;115m▀[0m[38;2;65;64;65m[48;2;65;64;65m▀[0m[38;2;255;182;191m[48;2;255;90;125m▀[0m[38;2;255;182;191m[48;2;255;74;138m▀[0m[38;2;255;96;130m[48;2;254;60;116m▀[0m[38;2;254;60;116m[48;2;254;60;116m▀[0m[38;2;254;60;116m[48;2;254;60;116m▀[0m[38;2;254;60;116m[48;2;254;60;116m▀[0m[38;2;254;60;116m[48;2;254;60;116m▀[0m[38;2;254;60;116m[48;2;254;60;116m▀[0m[38;2;255;65;124m[48;2;255;65;124m▀[0m[38;2;255;182;191m[48;2;255;90;124m▀[0m[38;2;255;181;189m[48;2;255;181;189m▀[0m[38;2;255;181;189m[48;2;255;181;189m▀[0m[38;2;255;154;171m[48;2;65;64;65m▀[0m[38;2;65;64;65m[48;2;254;161;150m▀[0m[38;2;255;161;148m[48;2;255;161;148m▀[0m[38;2;65;64;65m[48;2;255;161;148m▀[0m[38;2;65;64;65m[48;2;65;64;65m▀[0m[38;2;65;64;65m[48;2;255;182;191m▀[0m[38;2;65;64;65m[48;2;255;182;191m▀[0m[38;2;65;64;65m[48;2;255;182;191m▀[0m[38;2;255;182;191m[48;2;255;182;191m▀[0m[38;2;65;64;65m[48;2;65;64;65m▀[0m[38;2;164;59;82m[48;2;164;59;82m▀[0m[38;2;164;59;82m[48;2;0;0;0m▀[0m[38;2;0;0;0m▀[38;2;0;0;0m▀   
    [38;2;0;0;0m▀[38;2;222;108;121m[48;2;0;0;0m▀[0m[38;2;222;108;121m[48;2;0;4;16m▀[0m[38;2;71;43;46m[48;2;222;108;121m▀[0m[38;2;205;105;115m[48;2;65;64;65m▀[0m[38;2;205;105;115m[48;2;205;105;115m▀[0m[38;2;65;68;74m[48;2;205;105;115m▀[0m[38;2;255;82;142m[48;2;65;68;74m▀[0m[38;2;255;57;112m[48;2;65;64;65m▀[0m[38;2;255;57;112m[48;2;255;57;112m▀[0m[38;2;255;74;138m[48;2;255;91;126m▀[0m[38;2;255;91;126m[48;2;255;183;192m▀[0m[38;2;255;181;189m[48;2;255;181;189m▀[0m[38;2;255;181;189m[48;2;255;181;189m▀[0m[38;2;255;94;129m[48;2;255;182;191m▀[0m[38;2;255;182;191m[48;2;255;182;191m▀[0m[38;2;255;182;191m[48;2;255;182;191m▀[0m[38;2;65;64;65m[48;2;65;64;65m▀[0m[38;2;254;161;150m[48;2;254;161;150m▀[0m[38;2;254;161;150m[48;2;254;161;150m▀[0m[38;2;255;161;148m[48;2;255;161;148m▀[0m[38;2;65;64;65m[48;2;65;64;65m▀[0m[38;2;255;181;189m[48;2;255;181;189m▀[0m[38;2;255;181;189m[48;2;255;181;189m▀[0m[38;2;255;182;191m[48;2;169;90;87m▀[0m[38;2;255;182;191m[48;2;255;182;191m▀[0m[38;2;255;182;191m[48;2;169;90;87m▀[0m[38;2;255;182;191m[48;2;255;182;191m▀[0m[38;2;0;0;0m[48;2;0;0;0m▀[0m      
       [38;2;0;0;0m[48;2;0;0;0m▀[0m[38;2;65;64;65m[48;2;197;93;137m▀[0m[38;2;65;64;65m[48;2;65;64;65m▀[0m[38;2;65;64;65m[48;2;65;64;65m▀[0m[38;2;65;64;65m[48;2;65;64;65m▀[0m[38;2;65;64;65m[48;2;65;64;65m▀[0m[38;2;65;64;65m[48;2;197;93;137m▀[0m[38;2;96;47;53m[48;2;0;0;8m▀[0m[38;2;255;173;181m[48;2;0;0;8m▀[0m[38;2;255;182;191m[48;2;0;0;0m▀[0m[38;2;255;182;191m[48;2;0;0;0m▀[0m[38;2;255;57;112m[48;2;0;0;0m▀[0m[38;2;255;57;112m[48;2;0;0;0m▀[0m[38;2;0;0;0m▀[38;2;0;0;0m▀[38;2;82;57;66m[48;2;0;8;8m▀[0m[38;2;246;165;156m[48;2;82;57;66m▀[0m[38;2;255;161;148m[48;2;65;64;65m▀[0m[38;2;255;161;148m[48;2;65;64;65m▀[0m[38;2;65;64;65m[48;2;65;64;65m▀[0m[38;2;255;182;191m[48;2;65;64;65m▀[0m[38;2;195;87;97m[48;2;0;0;0m▀[0m[38;2;255;170;177m[48;2;0;0;0m▀[0m[38;2;0;0;0m▀[38;2;0;0;0m▀       
        [38;2;0;0;0m▀[38;2;230;234;238m[48;2;0;0;0m▀[0m[38;2;197;93;137m[48;2;0;0;0m▀[0m[38;2;197;93;137m[48;2;0;0;0m▀[0m[38;2;197;93;137m[48;2;0;0;0m▀[0m[38;2;0;0;0m▀       [38;2;0;0;0m▀[38;2;255;65;121m[48;2;0;16;16m▀[0m[38;2;84;32;45m[48;2;255;65;121m▀[0m[38;2;98;49;66m[48;2;255;243;245m▀[0m[38;2;98;49;66m[48;2;150;112;122m▀[0m[38;2;86;68;72m[48;2;172;137;144m▀[0m[38;2;0;0;0m[48;2;255;211;220m▀[0m[38;2;0;0;0m▄          
                       [38;2;0;0;0m▀[38;2;0;0;0m▀[38;2;0;0;0m▀[38;2;0;0;0m▀[38;2;0;0;0m▀           
                                     [0m                                     