                [38;2;0;0;0m▄[38;2;0;0;0m[48;2;255;188;185m▀[0m[38;2;0;0;0m▄    [38;2;0;0;0m▄              
              [38;2;0;0;0m▄[38;2;0;0;0m▄[38;2;0;0;0m[48;2;255;186;182m▀[0m[38;2;255;188;185m[48;2;255;186;182m▀[0m[38;2;0;0;0m[48;2;255;188;185m▀[0m[38;2;0;0;0m▄ [38;2;0;0;0m▄[38;2;0;0;0m[48;2;255;186;182m▀[0m[38;2;255;188;185m[48;2;255;186;182m▀[0m[38;2;0;0;0m[48;2;0;0;0m▀[0m             
             [38;2;0;0;0m[48;2;0;0;0m▀[0m[38;2;255;188;185m[48;2;255;186;182m▀[0m[38;2;255;188;185m[48;2;255;186;182m▀[0m[38;2;255;186;182m[48;2;255;188;185m▀[0m[38;2;255;186;182m[48;2;0;0;0m▀[0m[38;2;0;0;0m▀ [38;2;0;0;0m▄[38;2;0;0;0m[48;2;255;188;185m▀[0m[38;2;255;186;182m[48;2;255;186;182m▀[0m[38;2;255;186;182m[48;2;255;186;182m▀[0m[38;2;255;188;185m[48;2;255;188;185m▀[0m[38;2;0;0;0m[48;2;0;0;0m▀[0m            
          [38;2;0;0;0m▄[38;2;0;0;0m[48;2;255;57;112m▀[0m[38;2;0;0;0m[48;2;254;60;116m▀[0m[38;2;255;188;185m[48;2;254;60;116m▀[0m[38;2;255;186;182m[48;2;255;158;172m▀[0m[38;2;255;186;182m[48;2;255;158;172m▀[0m[38;2;255;188;185m[48;2;160;64;105m▀[0m[38;2;255;188;185m[48;2;160;64;105m▀[0m[38;2;0;0;0m[48;2;255;133;153m▀[0m[38;2;0;0;0m[48;2;255;191;188m▀[0m[38;2;255;188;185m[48;2;255;188;185m▀[0m[38;2;255;188;185m[48;2;255;188;185m▀[0m[38;2;255;186;182m[48;2;255;188;194m▀[0m[38;2;255;186;182m[48;2;0;0;0m▀[0m[38;2;0;0;0m▀          [38;2;156;64;103m▄  
         [38;2;0;0;0m[48;2;0;0;0m▀[0m[38;2;255;57;112m[48;2;255;57;112m▀[0m[38;2;255;57;112m[48;2;255;57;112m▀[0m[38;2;254;60;116m[48;2;255;57;112m▀[0m[38;2;254;60;116m[48;2;255;57;112m▀[0m[38;2;230;85;108m[48;2;65;64;65m▀[0m[38;2;82;48;65m[48;2;255;57;112m▀[0m[38;2;255;57;112m[48;2;254;60;116m▀[0m[38;2;255;57;112m[48;2;254;60;116m▀[0m[38;2;254;74;139m[48;2;254;60;116m▀[0m[38;2;255;133;153m[48;2;254;60;116m▀[0m[38;2;255;65;124m[48;2;254;60;116m▀[0m[38;2;255;133;153m[48;2;254;60;116m▀[0m[38;2;255;188;194m[48;2;255;57;112m▀[0m[38;2;255;188;194m[48;2;255;57;112m▀[0m[38;2;0;0;0m[48;2;71;32;40m▀[0m[38;2;0;12;16m▄      [38;2;156;64;103m▄[38;2;156;64;103m▄[38;2;156;64;103m[48;2;255;131;153m▀[0m[38;2;255;131;153m[48;2;255;131;153m▀[0m[38;2;160;64;105m[48;2;160;64;105m▀[0m 
         [38;2;0;0;0m▀[38;2;160;64;105m[48;2;0;0;0m▀[0m[38;2;255;57;112m[48;2;65;64;65m▀[0m[38;2;255;57;112m[48;2;74;72;72m▀[0m[38;2;215;62;95m[48;2;74;72;72m▀[0m[38;2;65;64;65m[48;2;205;65;101m▀[0m[38;2;255;57;112m[48;2;65;56;65m▀[0m[38;2;254;60;116m[48;2;255;57;112m▀[0m[38;2;254;60;116m[48;2;255;57;112m▀[0m[38;2;254;60;116m[48;2;255;57;112m▀[0m[38;2;254;60;116m[48;2;255;57;112m▀[0m[38;2;254;60;116m[48;2;255;57;104m▀[0m[38;2;254;60;116m[48;2;191;60;90m▀[0m[38;2;255;57;112m[48;2;65;64;65m▀[0m[38;2;215;62;95m[48;2;211;64;97m▀[0m[38;2;216;64;97m[48;2;211;64;97m▀[0m[38;2;216;64;97m[48;2;0;0;0m▀[0m[38;2;0;0;0m▀    [38;2;160;64;105m[48;2;160;64;105m▀[0m[38;2;255;131;153m[48;2;254;60;118m▀[0m[38;2;255;131;153m[48;2;255;131;153m▀[0m[38;2;255;131;153m[48;2;160;64;105m▀[0m[38;2;156;64;103m▀  
           [38;2;0;0;0m[48;2;0;0;0m▀[0m[38;2;224;218;217m[48;2;121;90;97m▀[0m[38;2;0;0;0m[48;2;121;90;97m▀[0m[38;2;205;65;101m[48;2;106;80;98m▀[0m[38;2;159;65;92m[48;2;106;80;98m▀[0m[38;2;65;64;65m[48;2;246;238;242m▀[0m[38;2;65;64;65m[48;2;32;0;15m▀[0m[38;2;160;64;105m[48;2;230;234;230m▀[0m[38;2;160;64;105m[48;2;230;234;230m▀[0m[38;2;65;68;65m[48;2;156;64;103m▀[0m[38;2;65;68;65m[48;2;213;63;96m▀[0m[38;2;211;64;97m[48;2;211;64;97m▀[0m[38;2;211;64;97m[48;2;211;64;97m▀[0m[38;2;0;0;0m[48;2;78;40;56m▀[0m[38;2;0;12;8m▄    [38;2;160;64;105m[48;2;160;64;105m▀[0m[38;2;255;57;112m[48;2;255;57;112m▀[0m[38;2;255;131;153m[48;2;254;60;116m▀[0m[38;2;254;60;118m[48;2;254;60;116m▀[0m[38;2;160;64;105m[48;2;255;57;112m▀[0m[38;2;160;64;105m▄  
           [38;2;0;0;0m▄[38;2;0;0;0m[48;2;251;188;197m▀[0m[38;2;242;179;193m[48;2;251;188;197m▀[0m[38;2;254;188;198m[48;2;251;188;197m▀[0m[38;2;106;80;98m[48;2;251;188;197m▀[0m[38;2;104;79;91m[48;2;79;90;104m▀[0m[38;2;246;238;242m[48;2;79;90;104m▀[0m[38;2;230;234;230m[48;2;211;64;97m▀[0m[38;2;156;64;103m[48;2;211;64;97m▀[0m[38;2;213;63;96m[48;2;215;62;95m▀[0m[38;2;213;63;96m[48;2;215;62;95m▀[0m[38;2;211;64;97m[48;2;211;64;97m▀[0m[38;2;65;64;65m[48;2;65;64;65m▀[0m[38;2;156;68;104m[48;2;156;64;103m▀[0m[38;2;156;68;104m[48;2;0;0;0m▀[0m[38;2;0;0;0m▀  [38;2;160;64;105m[48;2;160;64;105m▀[0m[38;2;255;57;112m[48;2;255;57;112m▀[0m[38;2;255;57;112m[48;2;255;57;112m▀[0m[38;2;254;60;116m[48;2;254;60;116m▀[0m[38;2;254;60;116m[48;2;254;60;116m▀[0m[38;2;255;57;112m[48;2;255;57;112m▀[0m[38;2;160;64;105m[48;2;160;64;105m▀[0m  
          [38;2;0;0;0m[48;2;0;8;16m▀[0m[38;2;254;188;198m[48;2;212;117;136m▀[0m[38;2;251;188;197m[48;2;65;64;65m▀[0m[38;2;251;188;197m[48;2;65;64;65m▀[0m[38;2;251;188;197m[48;2;255;183;197m▀[0m[38;2;251;188;197m[48;2;255;183;197m▀[0m[38;2;254;188;198m[48;2;254;188;198m▀[0m[38;2;254;188;198m[48;2;74;72;82m▀[0m[38;2;79;89;104m[48;2;211;64;97m▀[0m[38;2;211;64;97m[48;2;211;64;97m▀[0m[38;2;215;62;95m[48;2;189;101;111m▀[0m[38;2;215;62;95m[48;2;74;56;65m▀[0m[38;2;65;64;65m[48;2;255;186;182m▀[0m[38;2;65;64;65m[48;2;255;186;182m▀[0m[38;2;0;0;0m[48;2;255;188;185m▀[0m[38;2;0;0;0m▄    [38;2;160;64;105m▀[38;2;255;57;112m[48;2;156;64;103m▀[0m[38;2;254;60;116m[48;2;164;57;101m▀[0m[38;2;254;60;116m[48;2;164;57;101m▀[0m[38;2;160;64;105m▀   
      [38;2;0;4;8m▄[38;2;0;4;8m▄[38;2;0;0;0m[48;2;205;65;101m▀[0m[38;2;0;0;0m[48;2;65;56;65m▀[0m[38;2;212;117;136m[48;2;221;115;127m▀[0m[38;2;67;49;53m[48;2;221;115;127m▀[0m[38;2;205;137;165m[48;2;65;64;65m▀[0m[38;2;205;137;165m[48;2;65;64;65m▀[0m[38;2;192;142;153m[48;2;65;60;65m▀[0m[38;2;74;56;65m[48;2;255;65;128m▀[0m[38;2;74;72;82m[48;2;65;64;65m▀[0m[38;2;74;72;82m[48;2;65;64;65m▀[0m[38;2;65;64;65m[48;2;65;64;65m▀[0m[38;2;65;64;65m[48;2;65;64;65m▀[0m[38;2;74;56;65m[48;2;65;64;65m▀[0m[38;2;255;185;188m[48;2;255;188;188m▀[0m[38;2;255;186;182m[48;2;255;186;182m▀[0m[38;2;255;186;182m[48;2;255;186;182m▀[0m[38;2;255;188;185m[48;2;255;188;185m▀[0m[38;2;255;188;185m[48;2;255;188;185m▀[0m[38;2;0;0;0m[48;2;0;0;0m▀[0m    [38;2;0;0;0m[48;2;0;0;0m▀[0m[38;2;246;82;146m[48;2;255;177;187m▀[0m[38;2;0;0;8m[48;2;0;0;0m▀[0m    
   [38;2;0;0;0m▄[38;2;0;0;0m[48;2;213;63;96m▀[0m[38;2;0;0;0m[48;2;213;63;96m▀[0m[38;2;99;41;54m[48;2;156;64;103m▀[0m[38;2;203;73;102m[48;2;156;64;103m▀[0m[38;2;159;65;92m[48;2;213;74;114m▀[0m[38;2;205;65;101m[48;2;142;49;76m▀[0m[38;2;65;64;65m[48;2;0;0;0m▀[0m[38;2;221;115;127m[48;2;0;0;0m▀[0m[38;2;221;115;127m[48;2;92;57;56m▀[0m[38;2;65;64;65m[48;2;92;57;56m▀[0m[38;2;160;65;100m[48;2;255;183;182m▀[0m[38;2;255;65;128m[48;2;172;56;104m▀[0m[38;2;255;57;112m[48;2;255;57;112m▀[0m[38;2;255;57;112m[48;2;255;57;112m▀[0m[38;2;255;57;112m[48;2;172;56;104m▀[0m[38;2;255;57;112m[48;2;216;68;99m▀[0m[38;2;65;64;65m[48;2;255;57;112m▀[0m[38;2;222;116;116m[48;2;65;64;65m▀[0m[38;2;255;186;182m[48;2;202;67;97m▀[0m[38;2;255;186;182m[48;2;134;70;85m▀[0m[38;2;156;64;103m[48;2;255;57;112m▀[0m[38;2;156;64;103m[48;2;255;57;112m▀[0m[38;2;0;0;0m[48;2;246;82;142m▀[0m[38;2;0;12;24m▄ [38;2;0;0;0m▄[38;2;0;0;0m[48;2;255;188;185m▀[0m[38;2;255;188;185m[48;2;255;188;185m▀[0m[38;2;255;177;187m[48;2;0;0;0m▀[0m[38;2;0;0;0m▀    
 [38;2;0;0;0m▄[38;2;0;0;0m[48;2;197;201;205m▀[0m[38;2;78;89;106m[48;2;82;93;106m▀[0m[38;2;156;64;103m[48;2;255;250;255m▀[0m[38;2;213;63;96m[48;2;95;83;88m▀[0m[38;2;213;63;96m[48;2;95;83;88m▀[0m[38;2;156;64;103m[48;2;16;0;7m▀[0m[38;2;0;0;0m▀[38;2;0;0;0m▀  [38;2;0;0;24m[48;2;0;0;24m▀[0m[38;2;255;178;173m[48;2;255;193;191m▀[0m[38;2;172;56;104m[48;2;172;56;104m▀[0m[38;2;216;68;99m[48;2;216;68;99m▀[0m[38;2;255;57;112m[48;2;156;64;103m▀[0m[38;2;160;64;105m[48;2;255;188;185m▀[0m[38;2;255;183;182m[48;2;255;188;185m▀[0m[38;2;172;56;104m[48;2;156;64;103m▀[0m[38;2;255;57;112m[48;2;255;57;112m▀[0m[38;2;255;57;112m[48;2;255;57;112m▀[0m[38;2;74;68;74m[48;2;255;57;104m▀[0m[38;2;255;81;118m[48;2;74;80;82m▀[0m[38;2;255;57;112m[48;2;160;69;110m▀[0m[38;2;160;64;105m[48;2;255;65;133m▀[0m[38;2;164;63;104m[48;2;255;57;112m▀[0m[38;2;82;41;59m[48;2;255;57;112m▀[0m[38;2;0;0;0m[48;2;65;64;65m▀[0m[38;2;217;118;130m[48;2;221;115;127m▀[0m[38;2;255;188;185m[48;2;217;118;130m▀[0m[38;2;218;118;130m[48;2;0;0;0m▀[0m[38;2;0;0;0m▀     
 [38;2;0;0;0m▀[38;2;82;93;106m[48;2;0;0;0m▀[0m[38;2;255;255;255m[48;2;0;0;0m▀[0m[38;2;16;0;7m▀[38;2;16;0;7m▀[38;2;255;250;255m[48;2;0;0;0m▀[0m[38;2;16;0;7m▀  [38;2;0;0;0m▄[38;2;0;0;0m[48;2;217;118;130m▀[0m[38;2;196;106;102m[48;2;221;115;127m▀[0m[38;2;94;58;58m[48;2;65;64;65m▀[0m[38;2;255;183;182m[48;2;221;118;122m▀[0m[38;2;172;56;104m[48;2;255;188;190m▀[0m[38;2;156;64;103m[48;2;255;188;185m▀[0m[38;2;255;188;185m[48;2;255;188;185m▀[0m[38;2;255;188;185m[48;2;255;188;185m▀[0m[38;2;255;188;185m[48;2;255;188;185m▀[0m[38;2;160;64;105m[48;2;255;188;185m▀[0m[38;2;255;57;112m[48;2;117;79;94m▀[0m[38;2;194;65;95m[48;2;82;89;106m▀[0m[38;2;74;80;82m[48;2;255;188;185m▀[0m[38;2;65;56;74m[48;2;65;64;65m▀[0m[38;2;160;69;110m[48;2;65;64;65m▀[0m[38;2;160;64;105m[48;2;255;57;112m▀[0m[38;2;160;64;105m[48;2;255;57;112m▀[0m[38;2;65;64;65m[48;2;74;72;72m▀[0m[38;2;221;115;127m[48;2;0;0;0m▀[0m[38;2;0;0;0m▀       
          [38;2;0;0;0m▀[38;2;217;118;130m[48;2;0;0;0m▀[0m[38;2;221;115;127m[48;2;217;118;130m▀[0m[38;2;221;115;127m[48;2;217;118;130m▀[0m[38;2;65;60;74m[48;2;221;115;127m▀[0m[38;2;221;118;122m[48;2;65;64;65m▀[0m[38;2;218;118;130m[48;2;217;118;130m▀[0m[38;2;255;188;185m[48;2;217;118;130m▀[0m[38;2;255;188;185m[48;2;218;118;130m▀[0m[38;2;218;118;130m[48;2;218;118;130m▀[0m[38;2;214;116;127m[48;2;74;76;82m▀[0m[38;2;117;79;94m[48;2;255;188;185m▀[0m[38;2;255;188;185m[48;2;255;188;185m▀[0m[38;2;255;188;185m[48;2;65;64;65m▀[0m[38;2;65;64;65m[48;2;255;255;255m▀[0m[38;2;222;222;222m[48;2;194;194;194m▀[0m[38;2;160;64;105m[48;2;156;64;103m▀[0m[38;2;160;64;105m[48;2;255;255;255m▀[0m[38;2;224;218;217m[48;2;123;106;113m▀[0m[38;2;0;0;0m[48;2;230;213;220m▀[0m[38;2;0;0;0m▄       
           [38;2;0;0;0m▄[38;2;0;4;16m[48;2;0;12;16m▀[0m[38;2;69;46;49m[48;2;71;32;40m▀[0m[38;2;65;64;65m[48;2;71;32;40m▀[0m[38;2;65;64;65m[48;2;0;12;16m▀[0m[38;2;0;0;0m▀[38;2;0;0;0m▀[38;2;218;118;130m[48;2;0;0;0m▀[0m[38;2;218;118;130m[48;2;0;0;0m▀[0m[38;2;74;76;82m[48;2;0;0;0m▀[0m[38;2;255;188;185m[48;2;0;0;0m▀[0m[38;2;255;188;185m[48;2;255;188;185m▀[0m[38;2;65;64;65m[48;2;255;188;185m▀[0m[38;2;255;255;255m[48;2;65;64;65m▀[0m[38;2;74;72;74m[48;2;221;115;127m▀[0m[38;2;156;64;103m[48;2;65;64;65m▀[0m[38;2;255;255;255m[48;2;0;0;0m▀[0m[38;2;16;0;7m▀[38;2;230;213;220m[48;2;0;0;0m▀[0m[38;2;0;0;0m▀       
        [38;2;0;0;0m▄[38;2;0;0;0m[48;2;222;222;222m▀[0m[38;2;0;0;0m[48;2;95;75;83m▀[0m[38;2;211;64;97m[48;2;95;75;83m▀[0m[38;2;216;64;97m[48;2;135;98;115m▀[0m[38;2;216;64;97m[48;2;135;98;115m▀[0m[38;2;216;64;97m[48;2;213;74;114m▀[0m[38;2;216;64;97m[48;2;142;49;76m▀[0m[38;2;0;0;0m[48;2;0;0;0m▀[0m    [38;2;0;0;0m▄[38;2;0;0;16m[48;2;255;57;112m▀[0m[38;2;97;53;51m[48;2;65;64;65m▀[0m[38;2;65;64;65m[48;2;65;64;65m▀[0m[38;2;65;64;65m[48;2;65;64;65m▀[0m[38;2;0;0;0m[48;2;255;57;112m▀[0m[38;2;0;0;0m▄          
         [38;2;0;0;0m▀[38;2;24;0;9m▀[38;2;238;222;226m[48;2;0;0;0m▀[0m[38;2;246;197;220m[48;2;0;0;0m▀[0m[38;2;24;0;11m▀[38;2;0;0;0m▀[38;2;0;0;0m▀    [38;2;0;0;0m▄[38;2;0;0;0m[48;2;255;255;255m▀[0m[38;2;255;57;112m[48;2;164;57;101m▀[0m[38;2;255;57;112m[48;2;246;82;146m▀[0m[38;2;255;57;112m[48;2;156;64;103m▀[0m[38;2;255;57;112m[48;2;156;64;103m▀[0m[38;2;255;57;112m[48;2;255;57;112m▀[0m[38;2;0;0;0m[48;2;0;0;0m▀[0m          
                    [38;2;0;0;0m▀[38;2;0;0;0m▀[38;2;0;0;8m▀[38;2;164;57;101m[48;2;0;0;0m▀[0m[38;2;255;255;255m[48;2;0;0;0m▀[0m[38;2;156;64;103m[48;2;0;0;0m▀[0m[38;2;0;0;0m▀           
                                     [0m                                     