      [38;2;0;0;0m▄[38;2;0;0;0m[48;2;251;247;122m▀[0m[38;2;0;0;0m▄    [38;2;0;0;0m▄      
      [38;2;0;0;0m[48;2;0;0;0m▀[0m[38;2;251;247;122m[48;2;251;247;122m▀[0m[38;2;251;247;122m[48;2;65;65;65m▀[0m[38;2;0;0;0m[48;2;251;247;122m▀[0m[38;2;0;0;0m[48;2;251;247;122m▀[0m[38;2;0;0;0m▄[38;2;0;0;0m[48;2;251;247;122m▀[0m[38;2;251;247;122m[48;2;251;247;122m▀[0m[38;2;0;0;0m[48;2;0;0;0m▀[0m     
      [38;2;0;0;0m▄[38;2;0;0;0m[48;2;65;65;65m▀[0m[38;2;192;144;65m[48;2;251;247;122m▀[0m[38;2;251;247;122m[48;2;192;144;65m▀[0m[38;2;242;208;73m[48;2;192;144;65m▀[0m[38;2;192;144;65m[48;2;251;247;122m▀[0m[38;2;251;247;122m[48;2;65;65;65m▀[0m[38;2;192;144;65m[48;2;0;0;0m▀[0m[38;2;0;0;0m▀     
    [38;2;0;0;0m▄[38;2;0;0;0m[48;2;251;247;122m▀[0m[38;2;251;247;122m[48;2;0;0;0m▀[0m[38;2;251;247;122m[48;2;251;247;122m▀[0m[38;2;251;247;122m[48;2;251;247;122m▀[0m[38;2;251;247;122m[48;2;251;247;122m▀[0m[38;2;251;247;122m[48;2;251;247;122m▀[0m[38;2;251;247;122m[48;2;251;247;122m▀[0m[38;2;251;247;122m[48;2;251;247;122m▀[0m[38;2;0;0;0m[48;2;242;208;73m▀[0m[38;2;0;0;0m▄     
  [38;2;0;0;0m▄[38;2;0;0;0m[48;2;0;0;0m▀[0m[38;2;255;91;63m[48;2;255;91;63m▀[0m[38;2;251;247;122m[48;2;242;208;73m▀[0m[38;2;0;0;0m[48;2;251;247;122m▀[0m[38;2;251;247;122m[48;2;251;247;122m▀[0m[38;2;251;247;122m[48;2;251;247;122m▀[0m[38;2;251;247;122m[48;2;0;0;0m▀[0m[38;2;0;0;0m[48;2;251;247;122m▀[0m[38;2;0;0;0m[48;2;251;247;122m▀[0m[38;2;251;247;122m[48;2;251;247;122m▀[0m[38;2;251;247;122m[48;2;255;91;63m▀[0m[38;2;0;0;0m[48;2;255;91;63m▀[0m[38;2;0;0;0m▄    
 [38;2;0;0;0m[48;2;0;0;0m▀[0m[38;2;255;85;58m[48;2;255;85;58m▀[0m[38;2;199;54;29m[48;2;255;85;58m▀[0m[38;2;65;65;65m[48;2;65;65;65m▀[0m[38;2;242;208;73m[48;2;192;144;65m▀[0m[38;2;65;65;65m[48;2;242;208;73m▀[0m[38;2;251;247;122m[48;2;65;65;65m▀[0m[38;2;251;247;122m[48;2;65;65;65m▀[0m[38;2;251;247;122m[48;2;65;65;65m▀[0m[38;2;251;247;122m[48;2;65;65;65m▀[0m[38;2;65;65;65m[48;2;242;208;73m▀[0m[38;2;255;91;63m[48;2;255;91;63m▀[0m[38;2;242;208;73m[48;2;255;91;63m▀[0m[38;2;255;91;63m[48;2;65;65;65m▀[0m[38;2;0;0;0m[48;2;242;208;73m▀[0m[38;2;0;0;0m▄   
 [38;2;0;0;0m▀[38;2;199;54;29m[48;2;0;0;0m▀[0m[38;2;65;65;65m[48;2;0;0;0m▀[0m[38;2;251;247;122m[48;2;251;247;122m▀[0m[38;2;65;65;65m[48;2;251;247;122m▀[0m[38;2;65;65;65m[48;2;192;144;65m▀[0m[38;2;242;208;73m[48;2;65;65;65m▀[0m[38;2;242;208;73m[48;2;65;65;65m▀[0m[38;2;242;208;73m[48;2;65;65;65m▀[0m[38;2;242;208;73m[48;2;65;65;65m▀[0m[38;2;242;208;73m[48;2;65;65;65m▀[0m[38;2;65;65;65m[48;2;192;144;65m▀[0m[38;2;65;65;65m[48;2;242;208;73m▀[0m[38;2;242;208;73m[48;2;65;65;65m▀[0m[38;2;65;65;65m[48;2;255;85;58m▀[0m[38;2;65;65;65m[48;2;255;85;58m▀[0m[38;2;0;0;0m[48;2;0;0;0m▀[0m  
   [38;2;0;0;0m▄[38;2;0;0;0m[48;2;242;208;73m▀[0m[38;2;251;247;122m[48;2;65;65;65m▀[0m[38;2;251;247;122m[48;2;192;144;65m▀[0m[38;2;65;65;65m[48;2;251;247;122m▀[0m[38;2;65;65;65m[48;2;251;247;122m▀[0m[38;2;65;65;65m[48;2;251;247;122m▀[0m[38;2;242;208;73m[48;2;242;208;73m▀[0m[38;2;242;208;73m[48;2;242;208;73m▀[0m[38;2;242;208;73m[48;2;242;208;73m▀[0m[38;2;65;65;65m[48;2;65;65;65m▀[0m[38;2;255;85;58m[48;2;255;85;58m▀[0m[38;2;255;85;58m[48;2;255;85;58m▀[0m[38;2;255;85;58m[48;2;199;54;29m▀[0m[38;2;199;54;29m[48;2;199;54;29m▀[0m[38;2;0;0;0m[48;2;0;0;0m▀[0m 
    [38;2;0;0;0m▀[38;2;0;0;0m▀[38;2;0;0;0m▀[38;2;0;0;0m▀[38;2;0;0;0m▀[38;2;242;208;73m[48;2;0;0;0m▀[0m[38;2;242;208;73m[48;2;0;0;0m▀[0m[38;2;192;144;65m[48;2;251;247;122m▀[0m[38;2;65;65;65m[48;2;251;247;122m▀[0m[38;2;192;144;65m[48;2;242;208;73m▀[0m[38;2;65;65;65m[48;2;0;0;0m▀[0m[38;2;199;54;29m[48;2;0;0;0m▀[0m[38;2;199;54;29m[48;2;0;0;0m▀[0m[38;2;0;0;0m▀  
                    [38;2;0;0;0m▀[38;2;0;0;0m▀[38;2;0;0;0m▀                
                                     [0m                                     