        [38;2;0;0;0m▄[38;2;0;0;0m[48;2;179;143;58m▀[0m[38;2;0;0;0m[48;2;179;143;58m▀[0m[38;2;0;0;0m▄   [38;2;0;0;0m▄   [38;2;0;0;0m▄[38;2;0;0;0m[48;2;179;143;58m▀[0m[38;2;0;0;0m[48;2;179;143;58m▀[0m[38;2;0;0;0m[48;2;179;143;58m▀[0m[38;2;0;0;0m▄     
       [38;2;0;0;0m▄ [38;2;0;0;0m[48;2;0;0;0m▀[0m[38;2;179;143;58m[48;2;179;143;58m▀[0m[38;2;246;219;68m[48;2;246;219;68m▀[0m[38;2;0;0;0m[48;2;0;0;0m▀[0m [38;2;0;0;0m[48;2;0;0;0m▀[0m[38;2;208;150;0m[48;2;208;150;0m▀[0m[38;2;8;0;0m[48;2;120;71;0m▀[0m[38;2;0;0;0m▄[38;2;0;0;0m[48;2;66;65;66m▀[0m[38;2;177;141;56m[48;2;177;141;56m▀[0m[38;2;177;141;56m[48;2;246;219;68m▀[0m[38;2;246;219;68m[48;2;0;0;0m▀[0m[38;2;0;0;0m▀      
      [38;2;0;0;0m▀[38;2;207;149;0m[48;2;0;0;0m▀[0m[38;2;0;0;0m[48;2;207;149;0m▀[0m[38;2;66;65;66m[48;2;66;65;66m▀[0m[38;2;179;143;58m[48;2;179;143;58m▀[0m[38;2;176;140;55m[48;2;176;140;55m▀[0m[38;2;253;226;79m[48;2;66;65;66m▀[0m[38;2;0;0;0m[48;2;66;64;66m▀[0m[38;2;0;0;0m[48;2;66;64;66m▀[0m[38;2;66;65;66m[48;2;179;143;58m▀[0m[38;2;66;65;66m[48;2;179;143;58m▀[0m[38;2;66;65;66m[48;2;179;143;58m▀[0m[38;2;179;143;58m[48;2;179;143;58m▀[0m[38;2;177;141;56m[48;2;177;141;56m▀[0m[38;2;246;219;68m[48;2;246;219;68m▀[0m[38;2;0;0;0m[48;2;0;0;0m▀[0m       
    [38;2;0;0;0m▄[38;2;0;0;0m▄[38;2;0;0;0m▄[38;2;8;12;0m[48;2;54;56;66m▀[0m[38;2;54;56;66m[48;2;183;147;63m▀[0m[38;2;179;143;58m[48;2;179;143;58m▀[0m[38;2;179;143;58m[48;2;66;65;66m▀[0m[38;2;66;65;66m[48;2;179;143;58m▀[0m[38;2;179;143;58m[48;2;179;143;58m▀[0m[38;2;177;141;56m[48;2;177;141;56m▀[0m[38;2;177;141;56m[48;2;177;141;56m▀[0m[38;2;177;141;56m[48;2;177;141;56m▀[0m[38;2;177;141;56m[48;2;177;141;56m▀[0m[38;2;177;141;56m[48;2;177;141;56m▀[0m[38;2;177;141;56m[48;2;246;219;68m▀[0m[38;2;249;222;73m[48;2;139;83;0m▀[0m[38;2;16;0;0m[48;2;139;83;0m▀[0m[38;2;0;0;0m▄[38;2;0;0;0m[48;2;206;148;0m▀[0m[38;2;0;0;0m▄     
   [38;2;0;0;0m▀[38;2;179;143;58m[48;2;0;0;0m▀[0m[38;2;136;100;0m[48;2;177;141;56m▀[0m[38;2;62;64;68m[48;2;62;64;68m▀[0m[38;2;177;141;56m[48;2;177;141;56m▀[0m[38;2;177;141;56m[48;2;177;141;56m▀[0m[38;2;66;65;66m[48;2;66;65;66m▀[0m[38;2;179;143;58m[48;2;179;143;58m▀[0m[38;2;177;141;56m[48;2;177;141;56m▀[0m[38;2;177;141;56m[48;2;177;141;56m▀[0m[38;2;179;143;58m[48;2;179;143;58m▀[0m[38;2;179;143;58m[48;2;66;65;66m▀[0m[38;2;179;143;58m[48;2;66;65;66m▀[0m[38;2;66;65;66m[48;2;179;143;58m▀[0m[38;2;66;65;66m[48;2;179;143;58m▀[0m[38;2;66;65;66m[48;2;179;143;58m▀[0m[38;2;207;149;0m[48;2;66;65;66m▀[0m[38;2;207;149;0m[48;2;66;65;66m▀[0m[38;2;213;155;0m[48;2;128;77;0m▀[0m[38;2;128;77;0m[48;2;16;0;0m▀[0m[38;2;0;0;0m▀ [38;2;0;0;0m▄   
    [38;2;0;0;0m[48;2;0;0;0m▀[0m[38;2;135;99;0m[48;2;135;99;0m▀[0m[38;2;135;99;0m[48;2;135;99;0m▀[0m[38;2;177;141;56m[48;2;177;141;56m▀[0m[38;2;177;141;56m[48;2;177;141;56m▀[0m[38;2;134;98;0m[48;2;177;141;56m▀[0m[38;2;177;141;56m[48;2;177;141;56m▀[0m[38;2;177;141;56m[48;2;177;141;56m▀[0m[38;2;177;141;56m[48;2;177;141;56m▀[0m[38;2;134;98;0m[48;2;177;141;56m▀[0m[38;2;177;141;56m[48;2;177;141;56m▀[0m[38;2;177;141;56m[48;2;177;141;56m▀[0m[38;2;177;141;56m[48;2;177;141;56m▀[0m[38;2;177;141;56m[48;2;177;141;56m▀[0m[38;2;177;141;56m[48;2;177;141;56m▀[0m[38;2;246;219;68m[48;2;177;141;56m▀[0m[38;2;246;219;68m[48;2;177;141;56m▀[0m[38;2;66;65;66m[48;2;246;219;68m▀[0m[38;2;66;65;66m[48;2;246;219;68m▀[0m[38;2;0;0;0m[48;2;246;219;68m▀[0m[38;2;0;0;0m[48;2;246;219;68m▀[0m[38;2;195;159;78m[48;2;195;159;78m▀[0m[38;2;0;0;0m[48;2;0;0;0m▀[0m  
     [38;2;0;0;0m▀[38;2;134;98;0m[48;2;0;0;0m▀[0m[38;2;134;98;0m[48;2;134;98;0m▀[0m[38;2;177;141;56m[48;2;177;141;56m▀[0m[38;2;179;143;58m[48;2;66;65;66m▀[0m[38;2;179;143;58m[48;2;179;143;58m▀[0m[38;2;180;144;60m[48;2;134;98;0m▀[0m[38;2;134;98;0m[48;2;197;235;157m▀[0m[38;2;177;141;56m[48;2;134;98;0m▀[0m[38;2;177;141;56m[48;2;177;141;56m▀[0m[38;2;177;141;56m[48;2;177;141;56m▀[0m[38;2;177;141;56m[48;2;177;141;56m▀[0m[38;2;177;141;56m[48;2;177;141;56m▀[0m[38;2;177;141;56m[48;2;177;141;56m▀[0m[38;2;177;141;56m[48;2;134;98;0m▀[0m[38;2;177;141;56m[48;2;134;98;0m▀[0m[38;2;177;141;56m[48;2;134;98;0m▀[0m[38;2;177;141;56m[48;2;134;98;0m▀[0m[38;2;177;141;56m[48;2;177;141;56m▀[0m[38;2;177;141;56m[48;2;177;141;56m▀[0m[38;2;179;143;58m[48;2;0;0;0m▀[0m[38;2;0;0;0m▀  
   [38;2;0;0;0m▄[38;2;0;0;0m[48;2;182;39;56m▀[0m[38;2;0;16;0m[48;2;186;43;60m▀[0m[38;2;147;4;21m[48;2;186;43;60m▀[0m[38;2;187;44;61m[48;2;57;73;74m▀[0m[38;2;57;73;74m[48;2;207;64;81m▀[0m[38;2;202;59;76m[48;2;202;59;76m▀[0m[38;2;66;65;66m[48;2;66;65;66m▀[0m[38;2;214;199;222m[48;2;214;199;222m▀[0m[38;2;214;199;222m[48;2;0;0;0m▀[0m[38;2;255;231;198m[48;2;203;186;184m▀[0m[38;2;135;99;0m[48;2;135;99;0m▀[0m[38;2;179;143;58m[48;2;66;65;66m▀[0m[38;2;179;143;58m[48;2;66;65;66m▀[0m[38;2;66;65;66m[48;2;202;59;76m▀[0m[38;2;66;65;66m[48;2;202;59;76m▀[0m[38;2;66;65;66m[48;2;202;59;76m▀[0m[38;2;66;65;66m[48;2;202;59;76m▀[0m[38;2;57;73;74m[48;2;207;64;81m▀[0m[38;2;119;84;0m[48;2;57;73;74m▀[0m[38;2;0;0;0m[48;2;0;0;0m▀[0m[38;2;0;0;0m▀    
  [38;2;0;0;0m[48;2;0;0;0m▀[0m[38;2;207;64;81m[48;2;66;65;66m▀[0m[38;2;66;65;66m[48;2;125;177;75m▀[0m[38;2;66;65;66m[48;2;125;177;75m▀[0m[38;2;207;64;81m[48;2;66;65;66m▀[0m[38;2;66;65;66m[48;2;66;65;66m▀[0m[38;2;202;59;76m[48;2;202;59;76m▀[0m[38;2;199;56;73m[48;2;66;60;66m▀[0m[38;2;199;56;73m[48;2;186;43;60m▀[0m[38;2;66;65;66m[48;2;105;106;57m▀[0m[38;2;192;232;150m[48;2;105;106;57m▀[0m[38;2;135;99;0m[48;2;66;65;66m▀[0m[38;2;66;65;66m[48;2;206;63;80m▀[0m[38;2;202;59;76m[48;2;66;65;66m▀[0m[38;2;202;59;76m[48;2;66;65;66m▀[0m[38;2;202;59;76m[48;2;126;178;76m▀[0m[38;2;202;59;76m[48;2;126;178;76m▀[0m[38;2;202;59;76m[48;2;181;38;55m▀[0m[38;2;202;59;76m[48;2;202;59;76m▀[0m[38;2;202;59;76m[48;2;202;59;76m▀[0m[38;2;202;59;76m[48;2;202;59;76m▀[0m[38;2;205;62;79m[48;2;205;62;79m▀[0m[38;2;8;0;8m[48;2;170;27;44m▀[0m[38;2;0;0;0m▄   
  [38;2;0;0;0m▀[38;2;125;177;75m[48;2;0;0;0m▀[0m[38;2;125;177;75m[48;2;125;177;75m▀[0m[38;2;125;177;75m[48;2;125;177;75m▀[0m[38;2;125;177;75m[48;2;0;0;0m▀[0m[38;2;0;0;0m▀[38;2;66;65;66m[48;2;0;0;0m▀[0m[38;2;193;50;67m[48;2;62;74;74m▀[0m[38;2;62;74;74m[48;2;105;106;48m▀[0m[38;2;129;130;72m[48;2;66;65;66m▀[0m[38;2;66;65;66m[48;2;104;105;47m▀[0m[38;2;101;103;44m[48;2;101;103;44m▀[0m[38;2;101;103;44m[48;2;101;103;44m▀[0m[38;2;101;103;44m[48;2;84;112;21m▀[0m[38;2;84;112;21m[48;2;161;209;116m▀[0m[38;2;84;112;21m[48;2;0;0;0m▀[0m[38;2;0;0;0m▀[38;2;195;234;153m[48;2;24;0;8m▀[0m[38;2;198;55;72m[48;2;195;234;153m▀[0m[38;2;202;59;76m[48;2;181;38;55m▀[0m[38;2;202;59;76m[48;2;202;59;76m▀[0m[38;2;190;47;64m[48;2;190;47;64m▀[0m[38;2;190;47;64m[48;2;197;235;157m▀[0m[38;2;0;0;0m[48;2;0;0;0m▀[0m   
    [38;2;0;0;0m[48;2;0;0;0m▀[0m[38;2;125;177;75m[48;2;125;177;75m▀[0m[38;2;0;0;0m[48;2;125;177;75m▀[0m[38;2;0;0;0m▄[38;2;0;0;0m[48;2;209;189;46m▀[0m[38;2;88;117;29m[48;2;106;107;50m▀[0m[38;2;66;60;66m[48;2;122;123;67m▀[0m[38;2;129;130;74m[48;2;129;130;74m▀[0m[38;2;129;130;74m[48;2;255;233;98m▀[0m[38;2;129;130;74m[48;2;255;233;98m▀[0m[38;2;255;233;98m[48;2;255;233;98m▀[0m[38;2;255;233;98m[48;2;129;130;74m▀[0m[38;2;112;139;57m[48;2;112;139;57m▀[0m[38;2;180;223;137m[48;2;180;223;137m▀[0m[38;2;0;0;0m[48;2;0;0;0m▀[0m [38;2;0;0;0m[48;2;0;0;0m▀[0m[38;2;197;235;157m[48;2;197;235;157m▀[0m[38;2;182;39;56m[48;2;197;235;157m▀[0m[38;2;197;235;157m[48;2;197;235;157m▀[0m[38;2;0;0;0m[48;2;0;0;0m▀[0m    
     [38;2;0;0;0m[48;2;0;0;0m▀[0m[38;2;125;177;75m[48;2;125;177;75m▀[0m[38;2;69;98;0m[48;2;69;98;0m▀[0m[38;2;69;98;0m[48;2;209;189;46m▀[0m[38;2;130;131;75m[48;2;130;131;75m▀[0m[38;2;130;131;75m[48;2;130;131;75m▀[0m[38;2;129;130;74m[48;2;255;233;98m▀[0m[38;2;129;130;74m[48;2;129;130;74m▀[0m[38;2;130;131;75m[48;2;130;131;75m▀[0m[38;2;130;131;75m[48;2;130;131;75m▀[0m[38;2;130;131;75m[48;2;113;141;58m▀[0m[38;2;113;141;58m[48;2;197;235;157m▀[0m[38;2;197;235;157m[48;2;0;0;0m▀[0m[38;2;0;0;0m▀[38;2;0;0;0m▄[38;2;0;0;0m[48;2;197;235;157m▀[0m[38;2;197;235;157m[48;2;197;235;157m▀[0m[38;2;197;235;157m[48;2;0;0;0m▀[0m[38;2;0;0;0m▀     
    [38;2;0;0;0m▄[38;2;0;0;0m[48;2;125;177;75m▀[0m[38;2;125;177;75m[48;2;125;177;75m▀[0m[38;2;63;88;16m[48;2;0;0;16m▀[0m[38;2;208;194;65m[48;2;63;88;16m▀[0m[38;2;130;131;75m[48;2;130;131;75m▀[0m[38;2;130;131;75m[48;2;130;131;75m▀[0m[38;2;255;233;98m[48;2;129;130;74m▀[0m[38;2;129;130;74m[48;2;129;130;74m▀[0m[38;2;128;129;73m[48;2;103;104;45m▀[0m[38;2;111;138;56m[48;2;65;60;71m▀[0m[38;2;74;73;85m[48;2;223;251;189m▀[0m[38;2;223;251;189m[48;2;0;0;0m▀[0m[38;2;0;0;0m▀[38;2;0;0;0m▄[38;2;0;0;0m[48;2;197;235;157m▀[0m[38;2;197;235;157m[48;2;197;235;157m▀[0m[38;2;0;0;0m[48;2;0;0;0m▀[0m       
  [38;2;0;0;0m▄[38;2;0;0;8m[48;2;123;175;72m▀[0m[38;2;123;175;72m[48;2;195;234;153m▀[0m[38;2;188;229;147m[48;2;188;229;147m▀[0m[38;2;0;0;0m[48;2;0;0;0m▀[0m [38;2;0;0;0m▀[38;2;209;189;46m[48;2;0;0;24m▀[0m[38;2;113;115;57m[48;2;97;124;38m▀[0m[38;2;255;233;98m[48;2;101;103;44m▀[0m[38;2;101;103;44m[48;2;101;103;44m▀[0m[38;2;78;99;43m[48;2;66;65;66m▀[0m[38;2;66;65;66m[48;2;255;255;255m▀[0m[38;2;255;255;255m[48;2;255;255;255m▀[0m[38;2;255;255;255m[48;2;255;255;255m▀[0m[38;2;0;0;0m[48;2;247;251;247m▀[0m[38;2;82;83;82m[48;2;0;0;0m▀[0m[38;2;197;235;157m[48;2;197;235;157m▀[0m[38;2;128;179;78m[48;2;128;179;78m▀[0m[38;2;255;255;255m[48;2;255;255;255m▀[0m[38;2;0;0;0m[48;2;255;255;255m▀[0m[38;2;0;0;0m[48;2;255;255;255m▀[0m[38;2;0;0;0m▄    
 [38;2;0;0;0m[48;2;0;0;0m▀[0m[38;2;120;172;69m[48;2;193;232;151m▀[0m[38;2;188;229;147m[48;2;0;0;0m▀[0m[38;2;0;0;0m▀[38;2;0;0;0m▀    [38;2;0;0;0m[48;2;0;0;0m▀[0m[38;2;84;112;21m[48;2;66;65;66m▀[0m[38;2;84;112;21m[48;2;84;112;21m▀[0m[38;2;66;65;66m[48;2;66;65;66m▀[0m[38;2;255;255;255m[48;2;193;232;151m▀[0m[38;2;255;255;255m[48;2;255;255;255m▀[0m[38;2;255;255;255m[48;2;0;0;0m▀[0m[38;2;0;0;0m▀ [38;2;0;0;0m[48;2;0;0;0m▀[0m[38;2;197;235;157m[48;2;197;235;157m▀[0m[38;2;125;177;75m[48;2;125;177;75m▀[0m[38;2;255;255;255m[48;2;255;255;255m▀[0m[38;2;255;255;255m[48;2;255;255;255m▀[0m[38;2;0;0;0m[48;2;255;255;255m▀[0m[38;2;0;0;0m▄   
  [38;2;0;0;0m▀      [38;2;0;0;0m▀[38;2;188;229;147m[48;2;0;0;0m▀[0m[38;2;188;229;147m[48;2;0;0;0m▀[0m[38;2;0;0;0m▀[38;2;0;0;0m▀[38;2;188;229;147m[48;2;0;0;0m▀[0m[38;2;193;232;151m[48;2;255;255;255m▀[0m[38;2;66;65;66m[48;2;255;255;255m▀[0m[38;2;0;0;0m[48;2;255;255;255m▀[0m[38;2;0;0;0m▄ [38;2;0;0;0m▀[38;2;196;234;156m[48;2;0;0;0m▀[0m[38;2;123;175;72m[48;2;196;234;156m▀[0m[38;2;255;255;255m[48;2;125;177;75m▀[0m[38;2;255;255;255m[48;2;255;255;255m▀[0m[38;2;0;0;0m[48;2;255;255;255m▀[0m[38;2;0;0;0m▄  
               [38;2;0;0;0m▀[38;2;0;0;0m▀[38;2;0;0;0m▀    [38;2;0;0;0m▀[38;2;0;0;0m▀[38;2;197;235;157m[48;2;0;0;0m▀[0m[38;2;255;255;255m[48;2;0;0;0m▀[0m[38;2;255;255;255m[48;2;0;0;0m▀[0m[38;2;0;0;0m▀ 
                                     [0m                                     