               [38;2;0;4;0m▄[38;2;0;4;0m▄[38;2;0;4;0m▄[38;2;0;4;0m[48;2;154;164;64m▀[0m[38;2;0;4;0m[48;2;154;164;64m▀[0m[38;2;0;4;0m[48;2;154;164;64m▀[0m[38;2;0;4;0m[48;2;154;164;64m▀[0m[38;2;0;4;0m[48;2;154;164;64m▀[0m[38;2;0;4;0m▄[38;2;0;4;0m▄[38;2;0;4;0m▄           
            [38;2;0;4;0m▄[38;2;0;4;0m[48;2;135;145;45m▀[0m[38;2;0;4;0m[48;2;135;145;45m▀[0m[38;2;135;145;45m[48;2;135;145;45m▀[0m[38;2;135;145;45m[48;2;154;164;64m▀[0m[38;2;154;164;64m[48;2;154;164;64m▀[0m[38;2;155;165;65m[48;2;155;165;65m▀[0m[38;2;155;165;65m[48;2;155;165;65m▀[0m[38;2;155;165;65m[48;2;155;165;65m▀[0m[38;2;155;165;65m[48;2;155;165;65m▀[0m[38;2;154;164;64m[48;2;154;164;64m▀[0m[38;2;154;164;64m[48;2;135;145;45m▀[0m[38;2;135;145;45m[48;2;155;165;65m▀[0m[38;2;155;165;65m[48;2;135;145;45m▀[0m[38;2;0;4;0m[48;2;146;156;56m▀[0m[38;2;0;4;0m[48;2;146;156;56m▀[0m[38;2;0;4;0m▄        
         [38;2;0;4;0m▄[38;2;0;4;0m[48;2;255;255;255m▀[0m[38;2;0;4;0m[48;2;255;255;255m▀[0m[38;2;82;91;1m[48;2;255;251;247m▀[0m[38;2;139;149;49m[48;2;82;91;1m▀[0m[38;2;135;145;45m[48;2;135;145;45m▀[0m[38;2;135;145;45m[48;2;135;145;45m▀[0m[38;2;135;145;45m[48;2;135;145;45m▀[0m[38;2;135;145;45m[48;2;135;145;45m▀[0m[38;2;155;165;65m[48;2;135;145;45m▀[0m[38;2;155;165;65m[48;2;135;145;45m▀[0m[38;2;155;165;65m[48;2;135;145;45m▀[0m[38;2;155;165;65m[48;2;135;145;45m▀[0m[38;2;135;145;45m[48;2;135;145;45m▀[0m[38;2;155;165;65m[48;2;135;145;45m▀[0m[38;2;135;145;45m[48;2;135;145;45m▀[0m[38;2;155;165;65m[48;2;135;145;45m▀[0m[38;2;135;145;45m[48;2;135;145;45m▀[0m[38;2;155;165;65m[48;2;135;145;45m▀[0m[38;2;135;145;45m[48;2;135;145;45m▀[0m[38;2;0;4;0m[48;2;135;145;45m▀[0m[38;2;0;4;0m▄      
        [38;2;0;4;0m▄[38;2;0;4;0m[48;2;255;255;255m▀[0m[38;2;255;255;255m[48;2;255;255;255m▀[0m[38;2;255;255;255m[48;2;86;201;182m▀[0m[38;2;255;255;255m[48;2;86;201;182m▀[0m[38;2;255;255;255m[48;2;255;255;255m▀[0m[38;2;85;94;1m[48;2;255;255;255m▀[0m[38;2;85;94;1m[48;2;255;255;255m▀[0m[38;2;85;94;1m[48;2;255;255;255m▀[0m[38;2;85;94;1m[48;2;255;255;255m▀[0m[38;2;85;94;1m[48;2;255;255;255m▀[0m[38;2;85;94;1m[48;2;255;255;255m▀[0m[38;2;85;94;1m[48;2;255;255;255m▀[0m[38;2;85;94;1m[48;2;255;255;255m▀[0m[38;2;136;146;46m[48;2;85;94;1m▀[0m[38;2;136;146;46m[48;2;85;94;1m▀[0m[38;2;135;145;45m[48;2;135;145;45m▀[0m[38;2;135;145;45m[48;2;135;145;45m▀[0m[38;2;135;145;45m[48;2;135;145;45m▀[0m[38;2;135;145;45m[48;2;135;145;45m▀[0m[38;2;135;145;45m[48;2;135;145;45m▀[0m[38;2;135;145;45m[48;2;135;145;45m▀[0m[38;2;0;4;0m[48;2;135;145;45m▀[0m[38;2;0;4;0m▄     
       [38;2;0;4;0m[48;2;0;4;0m▀[0m[38;2;255;255;255m[48;2;255;255;255m▀[0m[38;2;255;255;255m[48;2;82;81;66m▀[0m[38;2;77;87;85m[48;2;231;255;255m▀[0m[38;2;154;171;170m[48;2;0;4;0m▀[0m[38;2;88;209;189m[48;2;88;209;189m▀[0m[38;2;255;255;255m[48;2;88;209;189m▀[0m[38;2;255;255;255m[48;2;255;255;255m▀[0m[38;2;255;255;255m[48;2;255;255;255m▀[0m[38;2;255;255;255m[48;2;255;255;255m▀[0m[38;2;255;255;255m[48;2;86;201;182m▀[0m[38;2;255;255;255m[48;2;86;201;182m▀[0m[38;2;255;255;255m[48;2;86;201;182m▀[0m[38;2;255;255;255m[48;2;86;201;182m▀[0m[38;2;255;255;255m[48;2;255;255;255m▀[0m[38;2;255;255;255m[48;2;255;255;255m▀[0m[38;2;255;255;255m[48;2;255;255;255m▀[0m[38;2;85;94;1m[48;2;85;94;1m▀[0m[38;2;136;146;46m[48;2;136;146;46m▀[0m[38;2;135;145;45m[48;2;135;145;45m▀[0m[38;2;135;145;45m[48;2;135;145;45m▀[0m[38;2;135;145;45m[48;2;135;145;45m▀[0m[38;2;135;145;45m[48;2;135;145;45m▀[0m[38;2;135;145;45m[48;2;135;145;45m▀[0m[38;2;0;4;0m[48;2;135;145;45m▀[0m[38;2;0;4;0m▄    
      [38;2;0;4;0m▄[38;2;0;4;0m[48;2;135;145;45m▀[0m[38;2;255;255;255m[48;2;74;73;66m▀[0m[38;2;74;73;66m[48;2;255;255;255m▀[0m[38;2;255;255;255m[48;2;101;87;85m▀[0m[38;2;24;4;0m[48;2;101;87;85m▀[0m[38;2;90;230;207m[48;2;119;129;29m▀[0m[38;2;90;230;207m[48;2;119;129;29m▀[0m[38;2;82;200;181m[48;2;90;230;207m▀[0m[38;2;82;200;181m[48;2;90;230;207m▀[0m[38;2;93;230;208m[48;2;93;230;208m▀[0m[38;2;93;230;208m[48;2;93;230;208m▀[0m[38;2;90;230;207m[48;2;90;230;207m▀[0m[38;2;90;230;207m[48;2;0;4;0m▀[0m[38;2;156;197;190m[48;2;206;255;255m▀[0m[38;2;156;197;190m[48;2;57;77;82m▀[0m[38;2;255;255;255m[48;2;86;201;182m▀[0m[38;2;255;255;255m[48;2;255;255;255m▀[0m[38;2;255;255;255m[48;2;255;255;255m▀[0m[38;2;85;94;1m[48;2;85;94;1m▀[0m[38;2;135;145;45m[48;2;135;145;45m▀[0m[38;2;135;145;45m[48;2;135;145;45m▀[0m[38;2;135;145;45m[48;2;135;145;45m▀[0m[38;2;135;145;45m[48;2;135;145;45m▀[0m[38;2;135;145;45m[48;2;135;145;45m▀[0m[38;2;135;145;45m[48;2;135;145;45m▀[0m[38;2;0;4;0m[48;2;135;145;45m▀[0m[38;2;0;4;0m▄   
      [38;2;0;4;0m[48;2;0;4;0m▀[0m[38;2;133;143;43m[48;2;69;77;1m▀[0m[38;2;67;74;1m[48;2;219;229;129m▀[0m[38;2;118;128;28m[48;2;219;229;129m▀[0m[38;2;122;132;32m[48;2;227;170;148m▀[0m[38;2;223;233;133m[48;2;227;170;148m▀[0m[38;2;220;230;130m[48;2;220;230;130m▀[0m[38;2;220;230;130m[48;2;220;230;130m▀[0m[38;2;119;129;29m[48;2;222;232;132m▀[0m[38;2;119;129;29m[48;2;222;232;132m▀[0m[38;2;90;230;207m[48;2;107;85;74m▀[0m[38;2;107;85;74m[48;2;107;85;74m▀[0m[38;2;255;255;255m[48;2;85;85;85m▀[0m[38;2;0;0;0m[48;2;255;255;255m▀[0m[38;2;255;255;255m[48;2;82;81;66m▀[0m[38;2;82;81;66m[48;2;82;81;66m▀[0m[38;2;90;230;207m[48;2;90;230;207m▀[0m[38;2;82;200;181m[48;2;82;200;181m▀[0m[38;2;255;255;255m[48;2;255;255;255m▀[0m[38;2;255;255;255m[48;2;255;255;255m▀[0m[38;2;85;94;1m[48;2;85;94;1m▀[0m[38;2;136;146;46m[48;2;136;146;46m▀[0m[38;2;135;145;45m[48;2;135;145;45m▀[0m[38;2;135;145;45m[48;2;135;145;45m▀[0m[38;2;135;145;45m[48;2;135;145;45m▀[0m[38;2;135;145;45m[48;2;135;145;45m▀[0m[38;2;135;145;45m[48;2;135;145;45m▀[0m[38;2;0;4;0m[48;2;0;4;0m▀[0m   
 [38;2;0;4;0m▄[38;2;0;4;0m[48;2;198;195;189m▀[0m[38;2;0;4;0m▄  [38;2;0;4;0m▀[38;2;222;232;132m[48;2;0;4;0m▀[0m[38;2;255;162;148m[48;2;255;162;148m▀[0m[38;2;82;81;66m[48;2;82;81;66m▀[0m[38;2;255;162;148m[48;2;255;162;148m▀[0m[38;2;255;162;148m[48;2;82;81;66m▀[0m[38;2;255;162;148m[48;2;255;162;148m▀[0m[38;2;221;231;131m[48;2;255;162;148m▀[0m[38;2;220;230;130m[48;2;220;230;130m▀[0m[38;2;220;230;130m[48;2;220;230;130m▀[0m[38;2;222;232;132m[48;2;222;232;132m▀[0m[38;2;119;129;29m[48;2;222;232;132m▀[0m[38;2;107;85;74m[48;2;94;104;4m▀[0m[38;2;107;85;74m[48;2;90;230;207m▀[0m[38;2;82;81;66m[48;2;89;221;200m▀[0m[38;2;89;221;200m[48;2;89;221;200m▀[0m[38;2;86;201;182m[48;2;255;255;255m▀[0m[38;2;255;255;255m[48;2;255;255;255m▀[0m[38;2;255;255;255m[48;2;255;255;255m▀[0m[38;2;85;94;1m[48;2;85;94;1m▀[0m[38;2;135;145;45m[48;2;135;145;45m▀[0m[38;2;135;145;45m[48;2;135;145;45m▀[0m[38;2;135;145;45m[48;2;135;145;45m▀[0m[38;2;135;145;45m[48;2;135;145;45m▀[0m[38;2;135;145;45m[48;2;135;145;45m▀[0m[38;2;135;145;45m[48;2;135;145;45m▀[0m[38;2;135;145;45m[48;2;135;145;45m▀[0m[38;2;135;145;45m[48;2;135;145;45m▀[0m[38;2;0;4;0m[48;2;0;4;0m▀[0m  
 [38;2;0;4;0m[48;2;0;4;0m▀[0m[38;2;198;195;189m[48;2;198;195;189m▀[0m[38;2;0;4;0m[48;2;198;195;189m▀[0m[38;2;0;4;0m▄ [38;2;0;4;0m▀[38;2;222;232;132m[48;2;0;4;0m▀[0m[38;2;221;231;131m[48;2;221;231;131m▀[0m[38;2;255;162;148m[48;2;221;231;131m▀[0m[38;2;255;162;148m[48;2;255;162;148m▀[0m[38;2;82;81;66m[48;2;255;162;148m▀[0m[38;2;255;162;148m[48;2;255;162;148m▀[0m[38;2;255;162;148m[48;2;221;231;131m▀[0m[38;2;222;232;132m[48;2;66;65;66m▀[0m[38;2;222;232;132m[48;2;222;232;132m▀[0m[38;2;220;230;130m[48;2;220;230;130m▀[0m[38;2;220;230;130m[48;2;220;230;130m▀[0m[38;2;220;230;130m[48;2;220;230;130m▀[0m[38;2;220;230;130m[48;2;220;230;130m▀[0m[38;2;119;129;29m[48;2;211;221;121m▀[0m[38;2;255;255;247m[48;2;119;129;29m▀[0m[38;2;255;255;255m[48;2;85;94;1m▀[0m[38;2;255;255;255m[48;2;85;94;1m▀[0m[38;2;85;94;1m[48;2;136;146;46m▀[0m[38;2;136;146;46m[48;2;136;146;46m▀[0m[38;2;135;145;45m[48;2;135;145;45m▀[0m[38;2;135;145;45m[48;2;135;145;45m▀[0m[38;2;135;145;45m[48;2;135;145;45m▀[0m[38;2;135;145;45m[48;2;135;145;45m▀[0m[38;2;135;145;45m[48;2;135;145;45m▀[0m[38;2;135;145;45m[48;2;135;145;45m▀[0m[38;2;135;145;45m[48;2;112;122;22m▀[0m[38;2;112;122;22m[48;2;135;145;45m▀[0m[38;2;0;4;0m[48;2;111;121;21m▀[0m[38;2;0;4;0m▄ 
 [38;2;0;4;0m▀[38;2;198;195;189m[48;2;0;4;0m▀[0m[38;2;198;195;189m[48;2;198;195;189m▀[0m[38;2;198;195;189m[48;2;198;195;189m▀[0m[38;2;0;4;0m[48;2;198;195;189m▀[0m[38;2;0;4;0m[48;2;198;195;189m▀[0m[38;2;198;195;189m[48;2;198;195;189m▀[0m[38;2;66;65;66m[48;2;66;65;66m▀[0m[38;2;222;232;132m[48;2;222;232;132m▀[0m[38;2;220;230;130m[48;2;220;230;130m▀[0m[38;2;220;230;130m[48;2;220;230;130m▀[0m[38;2;222;232;132m[48;2;222;232;132m▀[0m[38;2;66;65;66m[48;2;66;65;66m▀[0m[38;2;255;255;255m[48;2;255;255;255m▀[0m[38;2;66;65;66m[48;2;66;65;66m▀[0m[38;2;220;230;130m[48;2;220;230;130m▀[0m[38;2;220;230;130m[48;2;220;230;130m▀[0m[38;2;118;128;28m[48;2;219;229;129m▀[0m[38;2;219;229;129m[48;2;67;74;1m▀[0m[38;2;115;125;25m[48;2;71;79;1m▀[0m[38;2;137;147;47m[48;2;137;147;47m▀[0m[38;2;135;145;45m[48;2;135;145;45m▀[0m[38;2;135;145;45m[48;2;135;145;45m▀[0m[38;2;135;145;45m[48;2;135;145;45m▀[0m[38;2;135;145;45m[48;2;135;145;45m▀[0m[38;2;135;145;45m[48;2;135;145;45m▀[0m[38;2;135;145;45m[48;2;135;145;45m▀[0m[38;2;135;145;45m[48;2;112;122;22m▀[0m[38;2;135;145;45m[48;2;112;122;22m▀[0m[38;2;85;94;1m[48;2;85;94;1m▀[0m[38;2;112;122;22m[48;2;112;122;22m▀[0m[38;2;135;145;45m[48;2;112;122;22m▀[0m[38;2;112;122;22m[48;2;112;122;22m▀[0m[38;2;123;133;33m[48;2;123;133;33m▀[0m[38;2;0;4;0m[48;2;0;4;0m▀[0m 
  [38;2;0;4;0m▀[38;2;198;195;189m[48;2;0;4;0m▀[0m[38;2;200;195;189m[48;2;200;195;189m▀[0m[38;2;200;195;189m[48;2;200;195;189m▀[0m[38;2;200;195;189m[48;2;200;195;189m▀[0m[38;2;200;195;189m[48;2;200;195;189m▀[0m[38;2;198;195;189m[48;2;198;195;189m▀[0m[38;2;66;65;66m[48;2;66;65;66m▀[0m[38;2;222;232;132m[48;2;151;161;61m▀[0m[38;2;151;161;61m[48;2;117;127;27m▀[0m[38;2;225;235;135m[48;2;147;157;57m▀[0m[38;2;70;78;1m[48;2;70;78;1m▀[0m[38;2;255;255;255m[48;2;255;255;255m▀[0m[38;2;255;255;255m[48;2;255;255;255m▀[0m[38;2;74;69;66m[48;2;255;255;247m▀[0m[38;2;197;207;107m[48;2;74;69;66m▀[0m[38;2;66;65;66m[48;2;255;255;255m▀[0m[38;2;255;255;255m[48;2;255;255;255m▀[0m[38;2;255;255;255m[48;2;255;255;255m▀[0m[38;2;66;65;66m[48;2;255;255;255m▀[0m[38;2;135;145;45m[48;2;66;65;66m▀[0m[38;2;135;145;45m[48;2;113;123;23m▀[0m[38;2;85;94;1m[48;2;85;94;1m▀[0m[38;2;112;122;22m[48;2;112;122;22m▀[0m[38;2;85;94;1m[48;2;85;94;1m▀[0m[38;2;112;122;22m[48;2;112;122;22m▀[0m[38;2;112;122;22m[48;2;112;122;22m▀[0m[38;2;112;122;22m[48;2;85;94;1m▀[0m[38;2;85;94;1m[48;2;112;122;22m▀[0m[38;2;112;122;22m[48;2;112;122;22m▀[0m[38;2;113;123;23m[48;2;113;123;23m▀[0m[38;2;113;123;23m[48;2;113;123;23m▀[0m[38;2;111;121;21m[48;2;0;4;0m▀[0m[38;2;0;4;0m▀ 
    [38;2;0;4;0m▀[38;2;0;4;0m▀[38;2;198;195;189m[48;2;0;4;0m▀[0m[38;2;198;195;189m[48;2;0;4;0m▀[0m[38;2;82;73;66m[48;2;206;190;181m▀[0m[38;2;118;128;28m[48;2;82;73;66m▀[0m[38;2;112;122;22m[48;2;82;77;68m▀[0m[38;2;112;122;22m[48;2;82;77;68m▀[0m[38;2;113;123;23m[48;2;113;123;23m▀[0m[38;2;113;123;23m[48;2;113;123;23m▀[0m[38;2;66;65;66m[48;2;66;65;66m▀[0m[38;2;255;255;255m[48;2;255;255;255m▀[0m[38;2;255;255;255m[48;2;255;255;255m▀[0m[38;2;255;255;255m[48;2;255;255;255m▀[0m[38;2;82;89;107m[48;2;255;255;255m▀[0m[38;2;82;89;107m[48;2;255;255;255m▀[0m[38;2;255;255;255m[48;2;255;255;255m▀[0m[38;2;255;255;255m[48;2;66;65;66m▀[0m[38;2;71;79;1m[48;2;84;93;1m▀[0m[38;2;84;93;1m[48;2;111;121;21m▀[0m[38;2;113;123;23m[48;2;113;123;23m▀[0m[38;2;113;123;23m[48;2;113;123;23m▀[0m[38;2;114;124;24m[48;2;114;124;24m▀[0m[38;2;84;93;1m[48;2;66;65;66m▀[0m[38;2;77;86;1m[48;2;0;4;0m▀[0m[38;2;114;124;24m[48;2;0;4;0m▀[0m[38;2;119;129;29m[48;2;198;195;189m▀[0m[38;2;119;129;29m[48;2;119;129;29m▀[0m[38;2;114;124;24m[48;2;206;195;181m▀[0m[38;2;114;124;24m[48;2;69;77;1m▀[0m[38;2;0;4;0m[48;2;0;4;0m▀[0m  
        [38;2;0;4;0m▀[38;2;198;195;189m[48;2;0;4;0m▀[0m[38;2;68;71;63m[48;2;0;8;0m▀[0m[38;2;206;199;189m[48;2;0;8;0m▀[0m[38;2;66;64;66m[48;2;0;4;0m▀[0m[38;2;66;64;66m[48;2;0;4;0m▀[0m[38;2;0;4;0m▀[38;2;0;4;0m▀[38;2;255;255;255m[48;2;0;4;0m▀[0m[38;2;255;255;255m[48;2;255;255;255m▀[0m[38;2;255;255;255m[48;2;255;255;255m▀[0m[38;2;255;255;255m[48;2;255;255;255m▀[0m[38;2;255;251;255m[48;2;0;0;0m▀[0m[38;2;85;83;85m[48;2;255;251;255m▀[0m[38;2;112;122;22m[48;2;85;94;1m▀[0m[38;2;112;122;22m[48;2;85;94;1m▀[0m[38;2;112;122;22m[48;2;85;94;1m▀[0m[38;2;112;122;22m[48;2;112;122;22m▀[0m[38;2;109;119;19m[48;2;74;83;1m▀[0m[38;2;0;4;0m[48;2;0;4;0m▀[0m  [38;2;0;4;0m▀[38;2;0;4;0m▀[38;2;0;4;0m▀[38;2;0;4;0m▀   
                 [38;2;0;4;0m▀[38;2;0;4;0m▀[38;2;0;4;0m▀ [38;2;0;4;0m▀[38;2;255;255;247m[48;2;0;4;0m▀[0m[38;2;127;129;123m[48;2;0;4;0m▀[0m[38;2;247;251;247m[48;2;0;0;0m▀[0m[38;2;82;83;82m[48;2;0;0;0m▀[0m[38;2;66;64;66m[48;2;0;4;0m▀[0m[38;2;0;4;0m▀         
                                     [0m                                     