                [38;2;0;4;0m▄[38;2;0;4;0m▄[38;2;0;4;0m[48;2;116;91;92m▀[0m[38;2;0;4;0m[48;2;0;4;0m▀[0m  [38;2;0;4;0m▄[38;2;0;4;0m▄[38;2;0;4;0m▄  
          [38;2;0;4;0m▄[38;2;0;4;0m[48;2;198;195;189m▀[0m[38;2;0;4;0m[48;2;198;195;189m▀[0m[38;2;0;4;0m▄[38;2;0;4;0m▄[38;2;0;4;0m[48;2;89;71;57m▀[0m[38;2;116;91;92m[48;2;90;71;54m▀[0m[38;2;116;91;92m[48;2;90;71;54m▀[0m[38;2;0;4;0m[48;2;66;64;66m▀[0m[38;2;0;4;0m▄[38;2;0;4;0m[48;2;116;91;92m▀[0m[38;2;0;4;0m[48;2;116;91;92m▀[0m[38;2;113;92;90m[48;2;113;92;90m▀[0m[38;2;113;92;90m[48;2;92;73;57m▀[0m[38;2;116;91;92m[48;2;0;4;0m▀[0m[38;2;0;4;0m▀ 
          [38;2;0;4;0m[48;2;0;4;0m▀[0m[38;2;198;195;189m[48;2;66;67;63m▀[0m[38;2;66;65;66m[48;2;66;65;66m▀[0m[38;2;66;65;66m[48;2;90;72;54m▀[0m[38;2;88;82;77m[48;2;66;60;57m▀[0m[38;2;66;60;57m[48;2;198;190;181m▀[0m[38;2;66;65;66m[48;2;198;195;189m▀[0m[38;2;66;65;66m[48;2;198;195;189m▀[0m[38;2;242;230;219m[48;2;242;230;219m▀[0m[38;2;242;230;219m[48;2;242;230;219m▀[0m[38;2;66;65;66m[48;2;66;65;66m▀[0m[38;2;90;72;54m[48;2;90;72;54m▀[0m[38;2;71;63;52m[48;2;85;73;57m▀[0m[38;2;0;4;8m[48;2;85;73;57m▀[0m[38;2;0;4;0m▄  
        [38;2;0;4;0m▄[38;2;0;4;0m[48;2;255;176;212m▀[0m[38;2;255;176;212m[48;2;255;176;212m▀[0m[38;2;255;176;212m[48;2;255;176;212m▀[0m[38;2;255;143;195m[48;2;255;143;195m▀[0m[38;2;66;65;66m[48;2;255;143;195m▀[0m[38;2;90;72;54m[48;2;66;65;66m▀[0m[38;2;66;65;66m[48;2;90;72;54m▀[0m[38;2;66;67;63m[48;2;0;4;0m▀[0m[38;2;198;195;189m[48;2;0;4;0m▀[0m[38;2;198;195;189m[48;2;198;195;189m▀[0m[38;2;66;65;66m[48;2;198;195;189m▀[0m[38;2;89;71;57m[48;2;0;4;0m▀[0m[38;2;0;4;0m▀[38;2;0;4;0m▀[38;2;0;4;0m▀   
     [38;2;0;4;0m▄[38;2;0;4;0m[48;2;255;131;189m▀[0m[38;2;0;4;0m[48;2;255;131;189m▀[0m[38;2;255;131;189m[48;2;255;131;189m▀[0m[38;2;255;131;189m[48;2;255;131;189m▀[0m[38;2;255;163;206m[48;2;255;163;206m▀[0m[38;2;255;163;206m[48;2;66;65;66m▀[0m[38;2;74;69;66m[48;2;74;69;66m▀[0m[38;2;74;69;66m[48;2;255;131;189m▀[0m[38;2;255;131;189m[48;2;255;131;189m▀[0m[38;2;0;4;0m[48;2;0;4;0m▀[0m  [38;2;0;4;0m▀[38;2;0;4;0m▀       
   [38;2;0;4;0m▄[38;2;0;4;0m[48;2;181;139;104m▀[0m[38;2;181;139;104m[48;2;181;139;104m▀[0m[38;2;130;88;53m[48;2;170;128;93m▀[0m[38;2;255;137;192m[48;2;130;88;53m▀[0m[38;2;255;142;194m[48;2;74;60;66m▀[0m[38;2;74;60;66m[48;2;255;231;239m▀[0m[38;2;33;0;0m[48;2;144;123;123m▀[0m[38;2;255;247;247m[48;2;255;247;247m▀[0m[38;2;82;78;71m[48;2;82;78;71m▀[0m[38;2;82;78;71m[48;2;255;131;189m▀[0m[38;2;255;131;189m[48;2;0;4;0m▀[0m[38;2;0;4;0m▀  [38;2;0;4;0m▄[38;2;0;4;0m▄[38;2;0;4;0m▄      
  [38;2;0;4;0m[48;2;0;4;0m▀[0m[38;2;181;139;104m[48;2;181;139;104m▀[0m[38;2;230;188;153m[48;2;181;139;104m▀[0m[38;2;181;139;104m[48;2;181;139;104m▀[0m[38;2;179;137;102m[48;2;110;68;33m▀[0m[38;2;133;91;56m[48;2;82;77;66m▀[0m[38;2;255;131;189m[48;2;82;78;71m▀[0m[38;2;82;78;71m[48;2;255;131;189m▀[0m[38;2;255;239;247m[48;2;244;116;176m▀[0m[38;2;107;65;66m[48;2;244;116;176m▀[0m[38;2;255;142;194m[48;2;227;99;159m▀[0m[38;2;255;142;194m[48;2;74;69;66m▀[0m[38;2;63;58;52m[48;2;182;151;192m▀[0m[38;2;0;8;8m[48;2;182;151;192m▀[0m[38;2;0;4;0m[48;2;0;4;0m▀[0m[38;2;0;4;0m[48;2;116;91;92m▀[0m[38;2;115;92;90m[48;2;115;92;90m▀[0m[38;2;115;92;90m[48;2;115;92;90m▀[0m[38;2;116;91;92m[48;2;116;91;92m▀[0m[38;2;0;4;0m[48;2;116;91;92m▀[0m[38;2;0;4;0m▄    
  [38;2;0;4;0m▀[38;2;133;91;56m[48;2;0;4;0m▀[0m[38;2;181;139;104m[48;2;130;88;53m▀[0m[38;2;106;64;29m[48;2;74;73;66m▀[0m[38;2;107;105;74m[48;2;66;65;66m▀[0m[38;2;66;65;66m[48;2;79;78;68m▀[0m[38;2;242;114;174m[48;2;200;76;134m▀[0m[38;2;99;101;99m[48;2;242;114;174m▀[0m[38;2;241;113;173m[48;2;241;113;173m▀[0m[38;2;241;113;173m[48;2;241;113;173m▀[0m[38;2;66;65;66m[48;2;66;65;66m▀[0m[38;2;242;114;174m[48;2;242;114;174m▀[0m[38;2;143;112;153m[48;2;143;112;153m▀[0m[38;2;175;144;185m[48;2;66;60;66m▀[0m[38;2;66;65;66m[48;2;116;92;89m▀[0m[38;2;116;92;89m[48;2;116;92;89m▀[0m[38;2;115;92;90m[48;2;115;92;90m▀[0m[38;2;115;92;90m[48;2;115;92;90m▀[0m[38;2;115;92;90m[48;2;115;92;90m▀[0m[38;2;115;92;90m[48;2;115;92;90m▀[0m[38;2;0;4;0m[48;2;116;91;92m▀[0m[38;2;0;4;0m▄   
  [38;2;0;4;0m[48;2;0;4;0m▀[0m[38;2;92;70;54m[48;2;92;70;54m▀[0m[38;2;66;65;66m[48;2;90;72;54m▀[0m[38;2;90;72;54m[48;2;82;51;92m▀[0m[38;2;66;65;66m[48;2;208;177;218m▀[0m[38;2;208;84;142m[48;2;82;51;92m▀[0m[38;2;255;131;189m[48;2;255;131;189m▀[0m[38;2;241;113;173m[48;2;255;131;189m▀[0m[38;2;241;113;173m[48;2;255;131;189m▀[0m[38;2;255;131;189m[48;2;255;131;189m▀[0m[38;2;255;146;197m[48;2;139;108;149m▀[0m[38;2;139;108;149m[48;2;201;170;211m▀[0m[38;2;207;176;217m[48;2;66;60;57m▀[0m[38;2;66;60;57m[48;2;95;79;68m▀[0m[38;2;115;92;90m[48;2;115;92;90m▀[0m[38;2;115;92;90m[48;2;115;92;90m▀[0m[38;2;115;92;90m[48;2;115;92;90m▀[0m[38;2;115;92;90m[48;2;115;92;90m▀[0m[38;2;115;92;90m[48;2;115;92;90m▀[0m[38;2;115;92;90m[48;2;115;92;90m▀[0m[38;2;116;92;89m[48;2;116;92;89m▀[0m[38;2;66;65;66m[48;2;66;65;66m▀[0m[38;2;0;4;0m[48;2;89;71;57m▀[0m[38;2;0;4;0m▄ 
 [38;2;0;4;0m▀[38;2;85;73;57m[48;2;0;4;8m▀[0m[38;2;85;73;57m[48;2;71;63;52m▀[0m[38;2;66;60;57m[48;2;95;79;68m▀[0m[38;2;207;176;217m[48;2;66;60;57m▀[0m[38;2;211;180;221m[48;2;211;180;221m▀[0m[38;2;82;51;92m[48;2;211;180;221m▀[0m[38;2;201;77;135m[48;2;85;54;95m▀[0m[38;2;255;134;190m[48;2;85;54;95m▀[0m[38;2;255;143;195m[48;2;82;51;92m▀[0m[38;2;140;109;150m[48;2;199;168;209m▀[0m[38;2;211;180;221m[48;2;211;180;221m▀[0m[38;2;211;180;221m[48;2;211;180;221m▀[0m[38;2;66;65;66m[48;2;66;65;66m▀[0m[38;2;90;72;54m[48;2;90;72;54m▀[0m[38;2;113;92;90m[48;2;92;73;57m▀[0m[38;2;113;92;90m[48;2;113;92;90m▀[0m[38;2;115;92;90m[48;2;115;92;90m▀[0m[38;2;115;92;90m[48;2;115;92;90m▀[0m[38;2;115;92;90m[48;2;115;92;90m▀[0m[38;2;115;92;90m[48;2;115;92;90m▀[0m[38;2;116;92;89m[48;2;66;65;66m▀[0m[38;2;116;92;89m[48;2;116;92;89m▀[0m[38;2;0;4;0m[48;2;116;91;92m▀[0m[38;2;0;4;0m▄ 
  [38;2;0;4;0m▀[38;2;161;119;84m[48;2;0;4;0m▀[0m[38;2;82;51;92m[48;2;82;51;92m▀[0m[38;2;180;149;190m[48;2;147;116;157m▀[0m[38;2;182;151;192m[48;2;182;151;192m▀[0m[38;2;211;180;221m[48;2;182;151;192m▀[0m[38;2;211;180;221m[48;2;211;180;221m▀[0m[38;2;211;180;221m[48;2;211;180;221m▀[0m[38;2;211;180;221m[48;2;182;151;192m▀[0m[38;2;211;180;221m[48;2;182;151;192m▀[0m[38;2;181;150;191m[48;2;181;150;191m▀[0m[38;2;181;150;191m[48;2;181;150;191m▀[0m[38;2;116;91;85m[48;2;100;69;110m▀[0m[38;2;66;65;66m[48;2;66;65;66m▀[0m[38;2;82;77;66m[48;2;160;118;83m▀[0m[38;2;77;74;59m[48;2;82;77;66m▀[0m[38;2;116;92;90m[48;2;82;79;68m▀[0m[38;2;116;92;90m[48;2;82;79;68m▀[0m[38;2;82;81;74m[48;2;129;87;52m▀[0m[38;2;82;81;74m[48;2;161;119;84m▀[0m[38;2;161;119;84m[48;2;0;4;0m▀[0m[38;2;0;4;0m▀[38;2;0;4;0m▀  
   [38;2;0;4;0m▀[38;2;161;119;84m[48;2;0;4;0m▀[0m[38;2;103;72;113m[48;2;161;119;84m▀[0m[38;2;181;150;191m[48;2;95;64;105m▀[0m[38;2;95;64;105m[48;2;113;93;85m▀[0m[38;2;182;151;192m[48;2;82;81;66m▀[0m[38;2;182;151;192m[48;2;182;151;192m▀[0m[38;2;181;150;191m[48;2;95;64;105m▀[0m[38;2;95;64;105m[48;2;113;93;85m▀[0m[38;2;181;150;191m[48;2;95;64;105m▀[0m[38;2;95;64;105m[48;2;113;93;85m▀[0m[38;2;116;92;89m[48;2;116;92;89m▀[0m[38;2;66;65;66m[48;2;66;65;66m▀[0m[38;2;228;186;151m[48;2;66;65;66m▀[0m[38;2;228;186;151m[48;2;228;186;151m▀[0m[38;2;130;88;53m[48;2;130;88;53m▀[0m[38;2;162;120;85m[48;2;227;185;150m▀[0m[38;2;129;87;52m[48;2;129;87;52m▀[0m[38;2;228;186;151m[48;2;228;186;151m▀[0m[38;2;0;4;0m[48;2;0;4;0m▀[0m    
    [38;2;0;4;0m▀[38;2;161;119;84m[48;2;0;4;0m▀[0m[38;2;162;120;85m[48;2;162;120;85m▀[0m[38;2;66;65;66m[48;2;66;65;66m▀[0m[38;2;87;56;97m[48;2;183;171;160m▀[0m[38;2;87;56;97m[48;2;234;222;211m▀[0m[38;2;116;92;89m[48;2;66;65;66m▀[0m[38;2;116;92;89m[48;2;66;65;66m▀[0m[38;2;105;96;88m[48;2;66;65;66m▀[0m[38;2;66;65;66m[48;2;242;230;219m▀[0m[38;2;66;60;57m[48;2;236;224;213m▀[0m[38;2;181;169;158m[48;2;181;169;158m▀[0m[38;2;66;65;66m[48;2;66;65;66m▀[0m[38;2;228;186;151m[48;2;66;65;66m▀[0m[38;2;228;186;151m[48;2;228;186;151m▀[0m[38;2;129;87;52m[48;2;129;87;52m▀[0m[38;2;228;186;151m[48;2;228;186;151m▀[0m[38;2;129;87;52m[48;2;129;87;52m▀[0m[38;2;228;186;151m[48;2;228;186;151m▀[0m[38;2;0;4;0m[48;2;0;4;0m▀[0m   
      [38;2;0;4;0m▀[38;2;161;119;84m[48;2;0;4;0m▀[0m[38;2;74;73;66m[48;2;174;162;151m▀[0m[38;2;174;162;151m[48;2;74;73;66m▀[0m[38;2;245;233;222m[48;2;168;156;145m▀[0m[38;2;245;233;222m[48;2;90;79;71m▀[0m[38;2;245;233;222m[48;2;168;156;145m▀[0m[38;2;245;233;222m[48;2;90;79;71m▀[0m[38;2;79;79;68m[48;2;175;163;152m▀[0m[38;2;79;79;68m[48;2;79;79;68m▀[0m[38;2;175;163;152m[48;2;175;163;152m▀[0m[38;2;66;65;66m[48;2;66;65;66m▀[0m[38;2;66;60;57m[48;2;88;82;77m▀[0m[38;2;224;182;147m[48;2;66;60;57m▀[0m[38;2;134;92;57m[48;2;57;56;57m▀[0m[38;2;224;182;147m[48;2;134;92;57m▀[0m[38;2;131;89;54m[48;2;228;186;151m▀[0m[38;2;0;4;0m[48;2;0;4;0m▀[0m   
        [38;2;0;4;0m▀[38;2;66;64;66m[48;2;0;4;0m▀[0m[38;2;238;226;215m[48;2;74;56;57m▀[0m[38;2;74;56;57m[48;2;134;111;98m▀[0m[38;2;236;224;213m[48;2;66;56;57m▀[0m[38;2;66;56;57m[48;2;126;111;98m▀[0m[38;2;238;226;215m[48;2;74;56;57m▀[0m[38;2;74;56;57m[48;2;134;111;98m▀[0m[38;2;66;65;66m[48;2;66;65;66m▀[0m[38;2;90;72;54m[48;2;90;72;54m▀[0m[38;2;90;72;54m[48;2;66;65;66m▀[0m[38;2;90;72;54m[48;2;90;72;54m▀[0m[38;2;90;72;54m[48;2;90;72;54m▀[0m[38;2;66;65;66m[48;2;90;72;54m▀[0m[38;2;0;4;0m[48;2;89;71;57m▀[0m[38;2;0;4;0m▄   
       [38;2;0;4;0m▄[38;2;0;4;0m[48;2;187;59;119m▀[0m[38;2;187;59;119m[48;2;0;4;0m▀[0m[38;2;192;64;124m[48;2;148;33;83m▀[0m[38;2;192;64;124m[48;2;153;25;85m▀[0m[38;2;71;63;60m[48;2;241;113;173m▀[0m[38;2;71;63;60m[48;2;194;66;126m▀[0m[38;2;156;89;66m[48;2;240;112;172m▀[0m[38;2;240;112;172m[48;2;240;112;172m▀[0m[38;2;71;63;60m[48;2;194;66;126m▀[0m[38;2;71;63;60m[48;2;241;113;173m▀[0m[38;2;89;71;57m[48;2;0;4;0m▀[0m[38;2;0;4;0m▀[38;2;0;4;0m▀[38;2;89;71;57m[48;2;0;4;0m▀[0m[38;2;92;70;54m[48;2;0;4;0m▀[0m[38;2;92;70;54m[48;2;0;4;0m▀[0m[38;2;0;4;0m▀  
       [38;2;0;4;0m▀[38;2;0;4;0m▀ [38;2;0;4;0m▀[38;2;0;4;0m▀[38;2;183;55;115m[48;2;0;4;0m▀[0m[38;2;0;4;0m▀[38;2;183;55;115m[48;2;0;4;0m▀[0m[38;2;0;4;0m▀[38;2;0;4;0m▀[38;2;183;55;115m[48;2;0;4;0m▀[0m[38;2;0;4;0m▀        
                                     [0m                                     