 [38;2;0;0;0m▄[38;2;0;0;0m[48;2;34;69;171m▀[0m[38;2;0;0;0m[48;2;34;69;171m▀[0m[38;2;0;0;0m▄     [38;2;0;0;0m▄[38;2;0;0;0m[48;2;43;70;124m▀[0m[38;2;0;0;0m[48;2;57;102;206m▀[0m[38;2;0;0;0m[48;2;37;67;137m▀[0m[38;2;0;0;0m▄                                
 [38;2;0;0;0m▀[38;2;157;184;234m[48;2;0;4;24m▀[0m[38;2;71;76;133m[48;2;71;76;133m▀[0m[38;2;34;69;171m[48;2;34;69;171m▀[0m[38;2;0;0;0m[48;2;34;69;171m▀[0m[38;2;0;0;0m[48;2;34;69;171m▀[0m[38;2;0;0;0m▄  [38;2;0;0;0m[48;2;0;0;0m▀[0m[38;2;45;97;218m[48;2;45;97;218m▀[0m[38;2;50;95;220m[48;2;50;95;220m▀[0m[38;2;50;95;220m[48;2;50;95;220m▀[0m[38;2;0;0;0m[48;2;0;0;0m▀[0m     [38;2;0;0;0m▄[38;2;0;0;0m[48;2;45;97;218m▀[0m[38;2;0;0;0m[48;2;57;102;206m▀[0m[38;2;0;0;0m[48;2;37;67;137m▀[0m[38;2;0;0;0m▄        [38;2;0;0;0m▄[38;2;0;0;0m▄[38;2;0;0;0m[48;2;199;221;255m▀[0m[38;2;0;0;0m[48;2;199;221;255m▀[0m[38;2;0;0;0m▄         
  [38;2;0;0;0m▀[38;2;156;183;233m[48;2;0;0;0m▀[0m[38;2;34;69;171m[48;2;34;69;171m▀[0m[38;2;34;69;171m[48;2;34;69;171m▀[0m[38;2;66;65;66m[48;2;66;65;66m▀[0m[38;2;66;65;66m[48;2;34;69;171m▀[0m[38;2;0;0;0m[48;2;66;65;66m▀[0m[38;2;0;0;0m▄[38;2;0;0;0m▀[38;2;45;97;218m[48;2;0;0;0m▀[0m[38;2;50;94;220m[48;2;50;94;220m▀[0m[38;2;50;94;220m[48;2;34;69;171m▀[0m[38;2;0;0;0m[48;2;34;69;171m▀[0m[38;2;0;0;0m▄  [38;2;0;0;0m▄[38;2;0;0;0m▄[38;2;16;8;0m[48;2;31;47;73m▀[0m[38;2;52;116;227m[48;2;52;116;227m▀[0m[38;2;50;95;220m[48;2;50;95;220m▀[0m[38;2;50;95;220m[48;2;50;95;220m▀[0m[38;2;0;0;0m[48;2;43;70;124m▀[0m[38;2;0;0;0m▄[38;2;0;0;0m▄[38;2;0;0;0m▄   [38;2;0;0;0m▄[38;2;0;0;0m[48;2;183;210;255m▀[0m[38;2;183;210;255m[48;2;183;210;255m▀[0m[38;2;159;186;236m[48;2;199;221;255m▀[0m[38;2;159;186;236m[48;2;199;221;255m▀[0m[38;2;0;0;0m[48;2;0;0;0m▀[0m      [38;2;0;0;0m▄[38;2;0;0;0m▄  
   [38;2;0;0;0m▀[38;2;159;186;236m[48;2;0;4;16m▀[0m[38;2;88;83;121m[48;2;159;186;236m▀[0m[38;2;34;69;171m[48;2;34;69;171m▀[0m[38;2;66;65;66m[48;2;34;69;171m▀[0m[38;2;34;69;171m[48;2;66;65;66m▀[0m[38;2;66;65;66m[48;2;66;65;66m▀[0m[38;2;16;4;0m[48;2;45;75;169m▀[0m[38;2;32;39;82m[48;2;45;75;169m▀[0m[38;2;66;65;66m[48;2;66;65;66m▀[0m[38;2;34;69;171m[48;2;66;65;66m▀[0m[38;2;34;69;171m[48;2;34;69;171m▀[0m[38;2;66;65;66m[48;2;34;69;171m▀[0m[38;2;8;4;0m[48;2;26;47;76m▀[0m[38;2;8;4;0m[48;2;60;130;235m▀[0m[38;2;47;125;234m[48;2;47;125;234m▀[0m[38;2;47;125;234m[48;2;47;125;234m▀[0m[38;2;66;65;66m[48;2;50;124;237m▀[0m[38;2;66;65;66m[48;2;66;65;66m▀[0m[38;2;50;94;220m[48;2;34;69;171m▀[0m[38;2;50;94;220m[48;2;50;94;220m▀[0m[38;2;45;90;218m[48;2;51;81;167m▀[0m[38;2;66;65;66m[48;2;66;65;66m▀[0m[38;2;46;97;221m[48;2;78;73;123m▀[0m[38;2;46;97;221m[48;2;78;73;123m▀[0m[38;2;0;0;0m[48;2;43;64;143m▀[0m[38;2;0;0;0m[48;2;65;98;214m▀[0m[38;2;0;4;0m[48;2;63;62;68m▀[0m[38;2;160;187;237m[48;2;63;62;68m▀[0m[38;2;183;210;255m[48;2;183;210;255m▀[0m[38;2;183;210;255m[48;2;0;0;0m▀[0m[38;2;199;221;255m[48;2;0;0;0m▀[0m[38;2;0;0;0m▀    [38;2;0;0;0m▄[38;2;0;0;0m[48;2;34;69;171m▀[0m[38;2;0;0;8m[48;2;75;76;113m▀[0m[38;2;75;76;113m[48;2;151;178;228m▀[0m[38;2;84;81;107m[48;2;153;180;230m▀[0m[38;2;0;0;0m[48;2;0;0;0m▀[0m 
     [38;2;0;0;0m▀[38;2;157;184;234m[48;2;0;0;8m▀[0m[38;2;82;78;122m[48;2;0;0;8m▀[0m[38;2;34;69;171m[48;2;156;183;233m▀[0m[38;2;34;69;171m[48;2;156;183;233m▀[0m[38;2;34;69;171m[48;2;34;69;171m▀[0m[38;2;34;69;171m[48;2;43;67;126m▀[0m[38;2;42;68;129m[48;2;50;96;220m▀[0m[38;2;50;96;220m[48;2;50;96;220m▀[0m[38;2;57;60;66m[48;2;35;83;220m▀[0m[38;2;41;73;169m[48;2;41;73;169m▀[0m[38;2;41;73;169m[48;2;41;73;169m▀[0m[38;2;57;60;66m[48;2;35;83;220m▀[0m[38;2;47;124;234m[48;2;46;94;221m▀[0m[38;2;47;124;234m[48;2;46;94;221m▀[0m[38;2;47;124;234m[48;2;46;94;221m▀[0m[38;2;46;94;221m[48;2;46;94;221m▀[0m[38;2;66;65;66m[48;2;66;65;66m▀[0m[38;2;34;69;171m[48;2;34;69;171m▀[0m[38;2;51;81;167m[48;2;66;65;66m▀[0m[38;2;66;65;66m[48;2;45;90;218m▀[0m[38;2;50;95;220m[48;2;50;95;220m▀[0m[38;2;50;95;220m[48;2;50;95;220m▀[0m[38;2;50;95;220m[48;2;50;95;220m▀[0m[38;2;50;95;220m[48;2;50;95;220m▀[0m[38;2;50;95;220m[48;2;50;95;220m▀[0m[38;2;50;95;220m[48;2;50;95;220m▀[0m[38;2;0;0;0m[48;2;45;97;218m▀[0m[38;2;0;0;0m▄[38;2;0;0;0m▄[38;2;0;0;0m▄[38;2;0;0;0m▄[38;2;0;0;0m[48;2;45;97;218m▀[0m[38;2;0;4;0m[48;2;43;77;179m▀[0m[38;2;0;4;0m[48;2;29;53;119m▀[0m[38;2;34;69;171m[48;2;43;67;126m▀[0m[38;2;34;69;171m[48;2;43;67;126m▀[0m[38;2;42;68;129m[48;2;158;185;235m▀[0m[38;2;158;185;235m[48;2;158;185;235m▀[0m[38;2;0;0;0m[48;2;0;0;0m▀[0m  
        [38;2;0;0;0m▀[38;2;0;0;0m▀[38;2;160;187;237m[48;2;0;12;16m▀[0m[38;2;60;68;79m[48;2;100;128;177m▀[0m[38;2;46;64;109m[48;2;46;64;109m▀[0m[38;2;46;64;109m[48;2;199;221;255m▀[0m[38;2;50;96;220m[48;2;42;68;129m▀[0m[38;2;50;96;220m[48;2;50;96;220m▀[0m[38;2;50;95;220m[48;2;50;95;220m▀[0m[38;2;50;95;220m[48;2;50;95;220m▀[0m[38;2;50;95;220m[48;2;50;95;220m▀[0m[38;2;50;95;220m[48;2;50;95;220m▀[0m[38;2;50;96;220m[48;2;42;68;129m▀[0m[38;2;50;96;220m[48;2;42;68;129m▀[0m[38;2;50;96;220m[48;2;42;68;129m▀[0m[38;2;50;96;220m[48;2;42;68;129m▀[0m[38;2;50;95;220m[48;2;50;95;220m▀[0m[38;2;50;95;220m[48;2;50;95;220m▀[0m[38;2;50;95;220m[48;2;50;95;220m▀[0m[38;2;50;95;220m[48;2;50;95;220m▀[0m[38;2;50;95;220m[48;2;50;95;220m▀[0m[38;2;50;95;220m[48;2;50;95;220m▀[0m[38;2;66;65;66m[48;2;46;94;221m▀[0m[38;2;66;65;66m[48;2;46;94;221m▀[0m[38;2;66;65;66m[48;2;46;94;221m▀[0m[38;2;66;65;66m[48;2;46;94;221m▀[0m[38;2;45;97;218m[48;2;42;73;158m▀[0m[38;2;45;97;218m[48;2;42;62;129m▀[0m[38;2;34;69;171m[48;2;43;67;126m▀[0m[38;2;34;69;171m[48;2;43;67;126m▀[0m[38;2;42;68;129m[48;2;42;68;129m▀[0m[38;2;158;185;235m[48;2;158;185;235m▀[0m[38;2;158;185;235m[48;2;158;185;235m▀[0m[38;2;158;185;235m[48;2;158;185;235m▀[0m[38;2;156;183;233m[48;2;0;0;0m▀[0m[38;2;0;0;0m▀   
          [38;2;0;0;0m▀[38;2;66;65;66m[48;2;0;0;0m▀[0m[38;2;217;232;255m[48;2;66;65;66m▀[0m[38;2;217;232;255m[48;2;217;232;255m▀[0m[38;2;42;68;129m[48;2;199;221;255m▀[0m[38;2;42;68;129m[48;2;42;68;129m▀[0m[38;2;50;96;220m[48;2;42;68;129m▀[0m[38;2;50;96;220m[48;2;42;68;129m▀[0m[38;2;42;68;129m[48;2;199;221;255m▀[0m[38;2;42;68;129m[48;2;199;221;255m▀[0m[38;2;203;224;255m[48;2;115;121;131m▀[0m[38;2;203;224;255m[48;2;66;73;74m▀[0m[38;2;199;221;255m[48;2;120;131;137m▀[0m[38;2;199;221;255m[48;2;199;221;255m▀[0m[38;2;42;68;129m[48;2;199;221;255m▀[0m[38;2;42;68;129m[48;2;199;221;255m▀[0m[38;2;50;96;220m[48;2;42;68;129m▀[0m[38;2;50;96;220m[48;2;50;96;220m▀[0m[38;2;50;95;220m[48;2;50;95;220m▀[0m[38;2;50;95;220m[48;2;50;95;220m▀[0m[38;2;97;109;177m[48;2;32;68;132m▀[0m[38;2;32;68;132m[48;2;154;181;231m▀[0m[38;2;40;70;140m[48;2;156;183;233m▀[0m[38;2;40;70;140m[48;2;40;70;140m▀[0m[38;2;40;70;140m[48;2;40;70;140m▀[0m[38;2;40;70;140m[48;2;156;183;233m▀[0m[38;2;158;185;235m[48;2;158;185;235m▀[0m[38;2;158;185;235m[48;2;158;185;235m▀[0m[38;2;156;183;233m[48;2;0;0;0m▀[0m[38;2;156;183;233m[48;2;0;0;0m▀[0m[38;2;0;0;0m▀[38;2;0;0;0m▀     
           [38;2;0;0;0m▀[38;2;199;221;255m[48;2;0;0;0m▀[0m[38;2;199;221;255m[48;2;199;221;255m▀[0m[38;2;199;221;255m[48;2;82;85;115m▀[0m[38;2;199;221;255m[48;2;199;221;255m▀[0m[38;2;200;222;255m[48;2;200;222;255m▀[0m[38;2;200;222;255m[48;2;200;222;255m▀[0m[38;2;199;221;255m[48;2;82;85;115m▀[0m[38;2;199;221;255m[48;2;199;221;255m▀[0m[38;2;77;79;79m[48;2;154;159;159m▀[0m[38;2;231;239;239m[48;2;0;0;0m▀[0m[38;2;8;8;8m[48;2;115;113;127m▀[0m[38;2;206;225;255m[48;2;206;225;255m▀[0m[38;2;200;222;255m[48;2;200;222;255m▀[0m[38;2;200;222;255m[48;2;200;222;255m▀[0m[38;2;210;228;255m[48;2;154;181;231m▀[0m[38;2;53;68;127m[48;2;154;181;231m▀[0m[38;2;42;68;129m[48;2;158;185;235m▀[0m[38;2;42;68;129m[48;2;158;185;235m▀[0m[38;2;160;187;237m[48;2;63;62;68m▀[0m[38;2;160;187;237m[48;2;0;4;0m▀[0m[38;2;156;183;233m[48;2;0;0;0m▀[0m[38;2;156;183;233m[48;2;0;0;0m▀[0m[38;2;156;183;233m[48;2;0;0;0m▀[0m[38;2;0;0;0m▀[38;2;0;0;0m▀[38;2;0;0;0m▀         
             [38;2;0;0;0m▀[38;2;186;213;255m[48;2;0;0;0m▀[0m[38;2;103;103;119m[48;2;0;0;0m▀[0m[38;2;93;91;112m[48;2;49;52;66m▀[0m[38;2;93;91;112m[48;2;153;180;230m▀[0m[38;2;199;221;255m[48;2;159;186;236m▀[0m[38;2;199;221;255m[48;2;159;186;236m▀[0m[38;2;199;221;255m[48;2;159;186;236m▀[0m[38;2;199;221;255m[48;2;159;186;236m▀[0m[38;2;199;221;255m[48;2;159;186;236m▀[0m[38;2;199;221;255m[48;2;159;186;236m▀[0m[38;2;159;186;236m[48;2;82;85;115m▀[0m[38;2;159;186;236m[48;2;159;186;236m▀[0m[38;2;158;185;235m[48;2;158;185;235m▀[0m[38;2;158;185;235m[48;2;158;185;235m▀[0m[38;2;156;183;233m[48;2;0;0;0m▀[0m[38;2;0;0;0m▀[38;2;0;0;0m▀                
                [38;2;0;0;0m▀[38;2;0;0;0m▀[38;2;0;0;0m▀[38;2;156;183;233m[48;2;0;0;0m▀[0m[38;2;156;183;233m[48;2;0;0;0m▀[0m[38;2;156;183;233m[48;2;0;0;0m▀[0m[38;2;86;85;115m[48;2;0;0;0m▀[0m[38;2;86;85;115m[48;2;0;0;0m▀[0m[38;2;156;183;233m[48;2;0;0;0m▀[0m[38;2;0;0;0m▀[38;2;0;0;0m▀[38;2;0;0;0m▀                   
                                     [0m                                     