      [38;2;0;0;0m▄[38;2;0;0;0m[48;2;237;223;35m▀[0m[38;2;0;0;0m[48;2;237;223;35m▀[0m[38;2;0;0;0m[48;2;246;230;19m▀[0m[38;2;8;0;8m▄[38;2;0;0;0m▄[38;2;0;0;0m▄         [38;2;0;0;0m▄[38;2;0;0;0m▄[38;2;0;0;0m▄         
   [38;2;0;0;0m▄[38;2;0;0;0m[48;2;238;222;34m▀[0m[38;2;0;0;0m[48;2;237;223;35m▀[0m[38;2;148;104;0m[48;2;237;223;35m▀[0m[38;2;237;223;35m[48;2;167;147;70m▀[0m[38;2;237;223;35m[48;2;66;77;66m▀[0m[38;2;166;135;10m[48;2;66;73;66m▀[0m[38;2;246;230;19m[48;2;66;73;66m▀[0m[38;2;238;222;34m[48;2;238;224;41m▀[0m[38;2;238;222;34m[48;2;238;224;41m▀[0m[38;2;0;0;0m[48;2;0;0;0m▀[0m      [38;2;0;0;0m▄[38;2;0;0;0m[48;2;74;48;66m▀[0m[38;2;247;237;103m[48;2;160;139;57m▀[0m[38;2;248;234;66m[48;2;247;237;103m▀[0m[38;2;165;140;43m[48;2;247;237;103m▀[0m[38;2;0;0;0m[48;2;0;0;0m▀[0m [38;2;0;0;0m▄[38;2;0;0;0m▄[38;2;0;0;0m▄    
   [38;2;0;0;0m▀[38;2;238;222;34m[48;2;0;0;0m▀[0m[38;2;237;223;35m[48;2;179;148;18m▀[0m[38;2;237;223;35m[48;2;66;60;66m▀[0m[38;2;66;77;66m[48;2;157;198;77m▀[0m[38;2;137;106;104m[48;2;157;198;77m▀[0m[38;2;184;110;129m[48;2;238;120;151m▀[0m[38;2;240;132;160m[48;2;255;207;220m▀[0m[38;2;82;52;60m[48;2;177;111;128m▀[0m[38;2;0;8;8m[48;2;180;203;74m▀[0m[38;2;0;0;0m▄     [38;2;0;0;0m[48;2;8;0;0m▀[0m[38;2;247;237;103m[48;2;167;145;51m▀[0m[38;2;249;237;90m[48;2;147;105;0m▀[0m[38;2;249;237;90m[48;2;147;105;0m▀[0m[38;2;147;105;0m[48;2;252;246;170m▀[0m[38;2;147;105;0m[48;2;252;246;170m▀[0m[38;2;148;104;0m[48;2;148;104;0m▀[0m[38;2;0;0;0m[48;2;148;104;0m▀[0m[38;2;247;237;103m[48;2;147;105;0m▀[0m[38;2;247;237;103m[48;2;147;105;0m▀[0m[38;2;148;104;0m[48;2;247;237;103m▀[0m[38;2;0;0;0m[48;2;0;0;0m▀[0m   
   [38;2;0;0;0m▄[38;2;0;0;0m[48;2;238;222;34m▀[0m[38;2;238;220;2m[48;2;238;223;19m▀[0m[38;2;66;60;66m[48;2;66;52;66m▀[0m[38;2;157;198;77m[48;2;161;199;77m▀[0m[38;2;157;198;77m[48;2;161;199;77m▀[0m[38;2;238;120;151m[48;2;157;198;77m▀[0m[38;2;126;80;92m[48;2;157;198;77m▀[0m[38;2;156;82;101m[48;2;161;199;77m▀[0m[38;2;180;203;74m[48;2;161;199;77m▀[0m[38;2;161;199;77m[48;2;159;194;77m▀[0m[38;2;0;0;0m[48;2;0;0;0m▀[0m   [38;2;0;0;0m▀[38;2;248;236;81m[48;2;0;0;0m▀[0m[38;2;248;236;81m[48;2;247;237;103m▀[0m[38;2;247;237;103m[48;2;247;237;103m▀[0m[38;2;147;105;0m[48;2;247;237;103m▀[0m[38;2;148;104;0m[48;2;152;108;0m▀[0m[38;2;252;246;170m[48;2;152;108;0m▀[0m[38;2;252;246;170m[48;2;147;105;0m▀[0m[38;2;148;104;0m[48;2;147;105;0m▀[0m[38;2;247;237;103m[48;2;147;105;0m▀[0m[38;2;247;237;103m[48;2;247;237;103m▀[0m[38;2;0;0;0m[48;2;247;237;103m▀[0m[38;2;0;0;0m▄   
   [38;2;0;0;0m▀[38;2;238;222;34m[48;2;0;0;0m▀[0m[38;2;181;150;27m[48;2;111;105;25m▀[0m[38;2;238;223;19m[48;2;222;210;48m▀[0m[38;2;66;65;66m[48;2;75;92;44m▀[0m[38;2;161;199;77m[48;2;149;184;88m▀[0m[38;2;157;198;77m[48;2;161;199;77m▀[0m[38;2;157;198;77m[48;2;161;199;77m▀[0m[38;2;161;199;77m[48;2;82;81;66m▀[0m[38;2;82;78;68m[48;2;255;211;223m▀[0m[38;2;159;194;77m[48;2;66;81;82m▀[0m[38;2;105;129;51m[48;2;142;126;71m▀[0m[38;2;0;0;0m[48;2;0;0;0m▀[0m   [38;2;0;0;0m▄[38;2;0;0;0m[48;2;255;213;224m▀[0m[38;2;147;105;0m[48;2;242;115;148m▀[0m[38;2;147;105;0m[48;2;189;235;119m▀[0m[38;2;189;235;119m[48;2;189;235;119m▀[0m[38;2;152;108;0m[48;2;152;108;0m▀[0m[38;2;247;237;103m[48;2;247;237;103m▀[0m[38;2;247;237;103m[48;2;247;237;103m▀[0m[38;2;147;105;0m[48;2;247;237;103m▀[0m[38;2;147;105;0m[48;2;85;62;66m▀[0m[38;2;247;237;103m[48;2;0;0;0m▀[0m[38;2;0;0;0m▀   
      [38;2;0;0;0m▀[38;2;0;0;0m▀[38;2;0;0;0m▀[38;2;161;199;77m[48;2;0;0;0m▀[0m[38;2;199;30;144m[48;2;230;61;175m▀[0m[38;2;82;81;66m[48;2;85;79;71m▀[0m[38;2;255;211;223m[48;2;255;211;223m▀[0m[38;2;255;208;221m[48;2;255;211;223m▀[0m[38;2;66;81;82m[48;2;255;211;223m▀[0m[38;2;66;65;66m[48;2;82;81;74m▀[0m[38;2;0;0;0m[48;2;191;207;113m▀[0m[38;2;0;0;8m▄[38;2;0;0;8m▄[38;2;0;0;0m[48;2;201;32;146m▀[0m[38;2;231;110;141m[48;2;189;235;119m▀[0m[38;2;242;115;148m[48;2;189;235;119m▀[0m[38;2;189;235;119m[48;2;189;235;119m▀[0m[38;2;189;235;119m[48;2;189;235;119m▀[0m[38;2;189;235;119m[48;2;242;115;148m▀[0m[38;2;147;105;0m[48;2;82;78;40m▀[0m[38;2;247;237;103m[48;2;82;78;40m▀[0m[38;2;247;237;103m[48;2;0;0;0m▀[0m[38;2;0;4;0m▀     
         [38;2;0;8;16m▄[38;2;0;0;0m[48;2;228;127;153m▀[0m[38;2;85;79;71m[48;2;244;255;148m▀[0m[38;2;221;119;145m[48;2;82;81;66m▀[0m[38;2;255;211;223m[48;2;82;81;66m▀[0m[38;2;243;116;149m[48;2;82;81;66m▀[0m[38;2;82;81;74m[48;2;244;255;148m▀[0m[38;2;235;255;148m[48;2;244;255;148m▀[0m[38;2;199;235;119m[48;2;189;235;119m▀[0m[38;2;52;74;49m[48;2;66;65;66m▀[0m[38;2;201;32;146m[48;2;230;61;175m▀[0m[38;2;189;235;119m[48;2;194;25;139m▀[0m[38;2;201;32;146m[48;2;228;59;173m▀[0m[38;2;201;32;146m[48;2;201;32;146m▀[0m[38;2;189;235;119m[48;2;189;235;119m▀[0m[38;2;242;115;148m[48;2;0;0;0m▀[0m[38;2;255;205;218m[48;2;0;0;0m▀[0m[38;2;0;0;24m▀       
    [38;2;0;0;0m▄[38;2;0;0;0m[48;2;228;59;173m▀[0m[38;2;0;0;0m▄ [38;2;0;0;0m[48;2;0;0;0m▀[0m[38;2;255;231;237m[48;2;255;211;223m▀[0m[38;2;228;127;153m[48;2;243;116;149m▀[0m[38;2;244;255;148m[48;2;191;238;118m▀[0m[38;2;244;255;148m[48;2;244;255;148m▀[0m[38;2;244;255;148m[48;2;227;255;148m▀[0m[38;2;244;255;148m[48;2;198;214;112m▀[0m[38;2;244;255;148m[48;2;123;82;93m▀[0m[38;2;191;238;118m[48;2;123;82;93m▀[0m[38;2;189;235;119m[48;2;137;80;95m▀[0m[38;2;189;235;119m[48;2;233;238;100m▀[0m[38;2;66;73;57m[48;2;189;235;119m▀[0m[38;2;230;61;175m[48;2;66;65;66m▀[0m[38;2;228;59;173m[48;2;199;30;144m▀[0m[38;2;228;59;173m[48;2;0;0;0m▀[0m[38;2;0;0;0m▀ [38;2;0;0;0m▄ [38;2;8;4;0m▄[38;2;0;0;0m[48;2;237;68;182m▀[0m[38;2;0;0;0m▄    
 [38;2;0;0;0m▄[38;2;0;0;0m[48;2;230;61;175m▀[0m[38;2;0;0;0m[48;2;229;60;174m▀[0m[38;2;66;65;66m[48;2;229;60;174m▀[0m[38;2;228;59;173m[48;2;231;62;176m▀[0m[38;2;228;59;173m[48;2;74;73;74m▀[0m[38;2;0;0;0m[48;2;157;198;77m▀[0m[38;2;82;79;70m[48;2;157;198;77m▀[0m[38;2;255;211;223m[48;2;82;81;66m▀[0m[38;2;243;116;149m[48;2;187;241;109m▀[0m[38;2;191;238;118m[48;2;193;237;115m▀[0m[38;2;191;238;118m[48;2;193;237;115m▀[0m[38;2;198;214;112m[48;2;189;235;119m▀[0m[38;2;122;89;98m[48;2;125;81;92m▀[0m[38;2;123;82;93m[48;2;255;211;223m▀[0m[38;2;255;211;223m[48;2;255;211;223m▀[0m[38;2;194;126;144m[48;2;255;211;223m▀[0m[38;2;137;80;95m[48;2;243;116;149m▀[0m[38;2;189;235;119m[48;2;193;237;115m▀[0m[38;2;189;235;119m[48;2;193;237;115m▀[0m[38;2;0;0;0m[48;2;0;0;0m▀[0m [38;2;8;0;16m▄[38;2;0;0;0m[48;2;57;74;54m▀[0m[38;2;230;61;175m[48;2;210;41;155m▀[0m[38;2;0;0;0m[48;2;210;41;155m▀[0m[38;2;194;25;139m[48;2;243;116;149m▀[0m[38;2;194;25;139m[48;2;255;211;223m▀[0m[38;2;0;0;0m[48;2;110;122;84m▀[0m[38;2;0;12;24m▄[38;2;0;0;0m▄  
 [38;2;0;0;0m▄[38;2;0;0;0m[48;2;252;246;170m▀[0m[38;2;229;60;174m[48;2;66;65;66m▀[0m[38;2;229;60;174m[48;2;229;60;174m▀[0m[38;2;74;73;74m[48;2;82;77;74m▀[0m[38;2;137;192;96m[48;2;137;192;96m▀[0m[38;2;157;198;77m[48;2;157;198;77m▀[0m[38;2;157;198;77m[48;2;157;198;77m▀[0m[38;2;82;81;66m[48;2;161;199;77m▀[0m[38;2;155;188;94m[48;2;66;65;66m▀[0m[38;2;193;237;115m[48;2;105;134;72m▀[0m[38;2;193;237;115m[48;2;189;246;108m▀[0m[38;2;189;235;119m[48;2;100;146;65m▀[0m[38;2;125;81;92m[48;2;197;241;109m▀[0m[38;2;243;116;149m[48;2;107;128;73m▀[0m[38;2;255;211;223m[48;2;237;130;158m▀[0m[38;2;243;116;149m[48;2;243;113;147m▀[0m[38;2;243;116;149m[48;2;161;199;77m▀[0m[38;2;193;237;115m[48;2;155;188;94m▀[0m[38;2;161;199;77m[48;2;82;81;66m▀[0m[38;2;66;65;66m[48;2;193;237;115m▀[0m[38;2;0;0;0m[48;2;193;237;115m▀[0m[38;2;199;235;119m[48;2;174;234;128m▀[0m[38;2;57;74;54m[48;2;66;65;74m▀[0m[38;2;210;41;155m[48;2;210;41;155m▀[0m[38;2;255;211;223m[48;2;244;114;148m▀[0m[38;2;243;116;149m[48;2;189;235;119m▀[0m[38;2;243;116;149m[48;2;242;115;148m▀[0m[38;2;165;178;115m[48;2;255;195;211m▀[0m[38;2;110;122;84m[48;2;148;154;74m▀[0m[38;2;230;61;175m[48;2;0;0;0m▀[0m[38;2;0;0;0m▀ 
  [38;2;0;0;0m▀[38;2;66;65;66m[48;2;0;0;0m▀[0m[38;2;229;60;174m[48;2;228;59;173m▀[0m[38;2;233;64;178m[48;2;230;61;175m▀[0m[38;2;82;77;74m[48;2;0;0;0m▀[0m[38;2;157;198;77m[48;2;186;17;131m▀[0m[38;2;157;198;77m[48;2;186;17;131m▀[0m[38;2;161;199;77m[48;2;161;199;77m▀[0m[38;2;161;199;77m[48;2;161;199;77m▀[0m[38;2;57;77;57m[48;2;123;170;101m▀[0m[38;2;105;134;72m[48;2;182;13;127m▀[0m[38;2;148;193;86m[48;2;82;81;66m▀[0m[38;2;100;146;65m[48;2;82;127;93m▀[0m[38;2;107;128;73m[48;2;137;192;96m▀[0m[38;2;129;151;79m[48;2;82;77;74m▀[0m[38;2;161;199;77m[48;2;78;75;69m▀[0m[38;2;161;199;77m[48;2;78;75;69m▀[0m[38;2;82;81;66m[48;2;66;65;66m▀[0m[38;2;187;241;109m[48;2;189;235;119m▀[0m[38;2;193;237;115m[48;2;193;237;115m▀[0m[38;2;193;237;115m[48;2;193;237;115m▀[0m[38;2;66;65;74m[48;2;195;251;98m▀[0m[38;2;234;65;179m[48;2;66;69;57m▀[0m[38;2;210;41;155m[48;2;54;81;60m▀[0m[38;2;210;41;155m[48;2;244;75;189m▀[0m[38;2;189;235;119m[48;2;194;25;139m▀[0m[38;2;189;235;119m[48;2;66;73;57m▀[0m[38;2;74;77;49m[48;2;0;0;0m▀[0m[38;2;0;0;24m▀   
   [38;2;0;0;0m▀[38;2;228;59;173m[48;2;0;0;0m▀[0m[38;2;0;0;0m▀ [38;2;8;0;0m▀[38;2;225;56;170m[48;2;0;0;0m▀[0m[38;2;0;0;0m▀[38;2;0;0;0m▀[38;2;8;0;8m▀[38;2;182;13;127m[48;2;0;0;0m▀[0m[38;2;231;62;176m[48;2;0;0;0m▀[0m[38;2;82;81;66m[48;2;82;79;70m▀[0m[38;2;82;77;74m[48;2;189;235;119m▀[0m[38;2;233;64;178m[48;2;82;79;71m▀[0m[38;2;230;61;175m[48;2;237;68;182m▀[0m[38;2;78;75;69m[48;2;74;77;74m▀[0m[38;2;189;235;119m[48;2;189;235;119m▀[0m[38;2;189;235;119m[48;2;189;235;119m▀[0m[38;2;193;237;115m[48;2;158;190;78m▀[0m[38;2;193;237;115m[48;2;158;190;78m▀[0m[38;2;154;190;83m[48;2;161;199;77m▀[0m[38;2;154;190;83m[48;2;0;0;0m▀[0m[38;2;101;162;112m[48;2;0;0;0m▀[0m[38;2;8;0;8m▀[38;2;230;61;175m[48;2;0;0;0m▀[0m[38;2;230;61;175m[48;2;230;61;175m▀[0m[38;2;0;0;0m[48;2;0;0;0m▀[0m    
             [38;2;0;0;0m▄[38;2;0;0;0m[48;2;189;235;119m▀[0m[38;2;189;235;119m[48;2;193;237;115m▀[0m[38;2;189;235;119m[48;2;193;237;115m▀[0m[38;2;74;77;74m[48;2;197;241;109m▀[0m[38;2;172;230;129m[48;2;197;241;109m▀[0m[38;2;189;235;119m[48;2;157;198;77m▀[0m[38;2;66;65;66m[48;2;157;198;77m▀[0m[38;2;75;94;43m[48;2;0;0;0m▀[0m[38;2;0;0;8m▀[38;2;0;0;0m▀    [38;2;0;0;0m▀     
             [38;2;0;0;0m▀[38;2;201;32;146m[48;2;0;0;0m▀[0m[38;2;193;237;115m[48;2;194;25;139m▀[0m[38;2;193;237;115m[48;2;194;25;139m▀[0m[38;2;203;34;148m[48;2;209;40;154m▀[0m[38;2;147;180;84m[48;2;209;40;154m▀[0m[38;2;157;198;77m[48;2;149;184;88m▀[0m[38;2;157;198;77m[48;2;205;36;150m▀[0m[38;2;0;0;0m[48;2;0;0;0m▀[0m            
           [38;2;0;0;0m▄[38;2;0;0;0m[48;2;230;61;175m▀[0m[38;2;0;0;0m[48;2;228;59;173m▀[0m[38;2;230;61;175m[48;2;228;59;173m▀[0m[38;2;66;73;57m[48;2;228;59;173m▀[0m[38;2;233;64;178m[48;2;201;32;146m▀[0m[38;2;229;60;174m[48;2;201;32;146m▀[0m[38;2;229;60;174m[48;2;201;32;146m▀[0m[38;2;205;36;150m[48;2;228;59;173m▀[0m[38;2;0;0;8m[48;2;228;59;173m▀[0m[38;2;0;0;0m▄[38;2;0;0;0m▄           
            [38;2;0;0;0m▀[38;2;0;0;0m▀[38;2;0;0;0m▀[38;2;228;59;173m[48;2;0;0;0m▀[0m[38;2;228;59;173m[48;2;230;61;175m▀[0m[38;2;228;59;173m[48;2;230;61;175m▀[0m[38;2;228;59;173m[48;2;0;0;0m▀[0m[38;2;0;0;0m▀[38;2;228;59;173m[48;2;0;0;0m▀[0m[38;2;228;59;173m[48;2;0;0;0m▀[0m[38;2;228;59;173m[48;2;0;0;0m▀[0m[38;2;0;0;0m▀          
                         [38;2;0;0;0m▀[38;2;0;0;0m▀                         
                                     [0m                                     