             [38;2;0;0;0m▄[38;2;0;0;0m[48;2;197;194;189m▀[0m[38;2;0;0;0m▄           [38;2;0;0;0m▄[38;2;0;0;0m▄      
             [38;2;0;0;0m[48;2;0;0;0m▀[0m[38;2;197;194;189m[48;2;197;194;189m▀[0m[38;2;197;194;189m[48;2;197;194;189m▀[0m[38;2;0;0;0m[48;2;127;127;127m▀[0m[38;2;0;0;0m▄[38;2;0;0;0m[48;2;255;255;255m▀[0m[38;2;0;0;0m[48;2;255;255;255m▀[0m[38;2;0;0;0m[48;2;255;255;255m▀[0m[38;2;0;0;0m[48;2;255;255;255m▀[0m[38;2;0;0;0m▄[38;2;0;0;0m▄[38;2;0;0;0m▄[38;2;0;0;0m[48;2;255;255;255m▀[0m[38;2;0;0;0m[48;2;255;255;255m▀[0m[38;2;255;255;255m[48;2;255;255;255m▀[0m[38;2;0;0;0m[48;2;0;0;0m▀[0m      
             [38;2;0;0;0m[48;2;0;0;0m▀[0m[38;2;197;194;189m[48;2;200;195;189m▀[0m[38;2;131;131;106m[48;2;255;255;255m▀[0m[38;2;255;255;255m[48;2;255;255;255m▀[0m[38;2;255;255;255m[48;2;255;255;255m▀[0m[38;2;255;255;255m[48;2;255;255;255m▀[0m[38;2;255;255;255m[48;2;255;255;255m▀[0m[38;2;255;255;255m[48;2;255;255;255m▀[0m[38;2;255;255;255m[48;2;255;255;255m▀[0m[38;2;255;255;246m[48;2;255;255;255m▀[0m[38;2;127;127;123m[48;2;255;255;255m▀[0m[38;2;255;255;255m[48;2;255;255;255m▀[0m[38;2;255;255;255m[48;2;255;255;255m▀[0m[38;2;255;255;255m[48;2;255;255;255m▀[0m[38;2;0;0;0m[48;2;0;0;0m▀[0m       
            [38;2;0;0;0m▄[38;2;0;0;0m[48;2;255;255;255m▀[0m[38;2;255;255;255m[48;2;255;255;255m▀[0m[38;2;255;255;255m[48;2;255;255;255m▀[0m[38;2;255;255;255m[48;2;255;255;255m▀[0m[38;2;255;255;255m[48;2;255;255;255m▀[0m[38;2;255;255;255m[48;2;255;255;255m▀[0m[38;2;255;255;255m[48;2;255;255;255m▀[0m[38;2;255;255;255m[48;2;255;255;255m▀[0m[38;2;255;255;255m[48;2;255;255;255m▀[0m[38;2;255;255;255m[48;2;255;255;255m▀[0m[38;2;255;255;255m[48;2;255;255;255m▀[0m[38;2;255;255;255m[48;2;131;131;106m▀[0m[38;2;255;255;255m[48;2;197;194;189m▀[0m[38;2;0;0;0m[48;2;0;0;0m▀[0m        
           [38;2;0;0;0m▄[38;2;0;0;0m[48;2;197;194;189m▀[0m[38;2;255;255;255m[48;2;65;64;65m▀[0m[38;2;255;255;255m[48;2;255;255;255m▀[0m[38;2;255;255;255m[48;2;255;255;255m▀[0m[38;2;255;255;255m[48;2;255;255;255m▀[0m[38;2;255;255;255m[48;2;255;255;255m▀[0m[38;2;255;255;255m[48;2;255;255;255m▀[0m[38;2;255;255;255m[48;2;255;255;255m▀[0m[38;2;255;255;255m[48;2;82;82;82m▀[0m[38;2;255;255;255m[48;2;82;82;82m▀[0m[38;2;65;64;65m[48;2;255;255;255m▀[0m[38;2;65;64;65m[48;2;131;129;106m▀[0m[38;2;197;194;189m[48;2;200;194;189m▀[0m[38;2;197;194;189m[48;2;200;194;189m▀[0m[38;2;0;0;0m[48;2;197;194;189m▀[0m[38;2;0;0;0m▄       
           [38;2;0;0;0m[48;2;0;0;0m▀[0m[38;2;197;194;189m[48;2;197;194;172m▀[0m[38;2;65;64;65m[48;2;131;129;115m▀[0m[38;2;255;255;255m[48;2;233;233;235m▀[0m[38;2;255;255;255m[48;2;255;255;255m▀[0m[38;2;255;255;255m[48;2;255;255;255m▀[0m[38;2;255;255;255m[48;2;131;129;106m▀[0m[38;2;128;128;123m[48;2;74;76;82m▀[0m[38;2;65;64;57m[48;2;255;255;246m▀[0m[38;2;0;0;0m[48;2;131;124;120m▀[0m[38;2;246;246;246m[48;2;90;89;90m▀[0m[38;2;255;255;255m[48;2;76;89;106m▀[0m[38;2;131;129;106m[48;2;197;194;189m▀[0m[38;2;200;194;189m[48;2;197;194;189m▀[0m[38;2;200;194;189m[48;2;197;194;189m▀[0m[38;2;197;194;189m[48;2;200;194;189m▀[0m[38;2;197;194;189m[48;2;131;129;115m▀[0m[38;2;0;0;0m[48;2;0;0;0m▀[0m      
            [38;2;0;0;0m[48;2;0;4;0m▀[0m[38;2;131;129;115m[48;2;119;121;115m▀[0m[38;2;233;233;235m[48;2;233;234;235m▀[0m[38;2;233;233;235m[48;2;233;234;235m▀[0m[38;2;255;255;255m[48;2;131;131;106m▀[0m[38;2;131;129;106m[48;2;197;194;189m▀[0m[38;2;194;195;191m[48;2;200;194;189m▀[0m[38;2;74;76;82m[48;2;200;194;189m▀[0m[38;2;90;89;90m[48;2;200;194;189m▀[0m[38;2;200;194;189m[48;2;200;194;189m▀[0m[38;2;197;194;189m[48;2;197;194;189m▀[0m[38;2;197;194;189m[48;2;131;131;106m▀[0m[38;2;131;131;106m[48;2;197;194;189m▀[0m[38;2;131;131;106m[48;2;65;64;63m▀[0m[38;2;131;129;115m[48;2;0;0;0m▀[0m[38;2;0;0;0m▀       
           [38;2;0;0;0m▄[38;2;0;4;0m[48;2;74;68;65m▀[0m[38;2;238;238;230m[48;2;238;238;238m▀[0m[38;2;233;234;235m[48;2;230;234;238m▀[0m[38;2;233;234;235m[48;2;65;64;65m▀[0m[38;2;131;131;106m[48;2;197;194;189m▀[0m[38;2;197;194;189m[48;2;197;194;189m▀[0m[38;2;200;194;189m[48;2;200;194;189m▀[0m[38;2;200;194;189m[48;2;65;64;65m▀[0m[38;2;200;194;189m[48;2;65;64;65m▀[0m[38;2;200;194;189m[48;2;135;123;106m▀[0m[38;2;197;194;189m[48;2;200;194;189m▀[0m[38;2;197;194;189m[48;2;71;63;57m▀[0m[38;2;65;64;63m[48;2;116;155;47m▀[0m[38;2;0;0;0m[48;2;116;155;47m▀[0m[38;2;0;0;0m▄        
           [38;2;0;0;0m▀[38;2;183;182;180m[48;2;0;0;0m▀[0m[38;2;238;238;238m[48;2;197;194;189m▀[0m[38;2;230;234;238m[48;2;197;194;189m▀[0m[38;2;65;64;65m[48;2;197;194;189m▀[0m[38;2;197;194;189m[48;2;65;64;65m▀[0m[38;2;65;64;65m[48;2;65;64;65m▀[0m[38;2;65;64;65m[48;2;163;114;47m▀[0m[38;2;229;180;113m[48;2;223;174;107m▀[0m[38;2;227;178;111m[48;2;226;177;110m▀[0m[38;2;65;64;65m[48;2;226;177;110m▀[0m[38;2;71;63;57m[48;2;180;131;64m▀[0m[38;2;115;154;46m[48;2;75;114;6m▀[0m[38;2;116;155;47m[48;2;115;154;46m▀[0m[38;2;116;155;47m[48;2;115;154;46m▀[0m[38;2;115;154;46m[48;2;118;157;49m▀[0m[38;2;0;0;0m[48;2;118;157;49m▀[0m[38;2;0;0;0m[48;2;158;197;89m▀[0m[38;2;0;0;0m▄     
             [38;2;0;0;0m[48;2;0;0;0m▀[0m[38;2;65;64;65m[48;2;115;154;46m▀[0m[38;2;65;64;65m[48;2;115;154;46m▀[0m[38;2;115;154;46m[48;2;65;64;65m▀[0m[38;2;65;64;65m[48;2;255;240;217m▀[0m[38;2;255;238;215m[48;2;255;238;215m▀[0m[38;2;163;114;47m[48;2;255;238;215m▀[0m[38;2;163;114;47m[48;2;255;238;215m▀[0m[38;2;163;114;47m[48;2;255;238;215m▀[0m[38;2;255;230;195m[48;2;255;238;215m▀[0m[38;2;75;114;6m[48;2;255;238;215m▀[0m[38;2;115;154;46m[48;2;81;120;12m▀[0m[38;2;65;64;65m[48;2;158;197;89m▀[0m[38;2;80;119;11m[48;2;65;64;65m▀[0m[38;2;156;195;87m[48;2;0;0;0m▀[0m[38;2;158;197;89m[48;2;158;197;89m▀[0m[38;2;158;197;89m[48;2;158;197;89m▀[0m[38;2;0;0;0m[48;2;158;197;89m▀[0m[38;2;0;0;0m[48;2;158;197;89m▀[0m[38;2;0;0;0m▄  
          [38;2;0;0;0m▄[38;2;0;0;0m[48;2;119;158;50m▀[0m[38;2;0;0;0m[48;2;107;146;38m▀[0m[38;2;115;154;46m[48;2;65;64;65m▀[0m[38;2;115;154;46m[48;2;0;0;0m▀[0m[38;2;0;0;0m▀[38;2;65;64;65m[48;2;0;0;0m▀[0m[38;2;255;240;217m[48;2;190;141;74m▀[0m[38;2;255;238;215m[48;2;255;240;217m▀[0m[38;2;255;238;215m[48;2;255;240;217m▀[0m[38;2;255;238;215m[48;2;255;240;217m▀[0m[38;2;255;238;215m[48;2;255;240;217m▀[0m[38;2;255;238;215m[48;2;255;240;217m▀[0m[38;2;255;238;215m[48;2;163;114;47m▀[0m[38;2;81;120;12m[48;2;180;131;64m▀[0m[38;2;158;197;89m[48;2;75;114;6m▀[0m[38;2;0;0;0m[48;2;165;204;96m▀[0m[38;2;0;0;0m▄[38;2;0;0;0m[48;2;0;0;0m▀[0m[38;2;158;197;89m[48;2;158;197;89m▀[0m[38;2;158;197;89m[48;2;118;157;49m▀[0m[38;2;158;197;89m[48;2;118;157;49m▀[0m[38;2;158;197;89m[48;2;115;154;46m▀[0m[38;2;0;0;0m[48;2;0;0;0m▀[0m 
  [38;2;0;0;0m▄[38;2;0;0;0m[48;2;255;255;255m▀[0m[38;2;0;0;0m[48;2;255;255;255m▀[0m[38;2;0;0;0m[48;2;255;255;255m▀[0m[38;2;0;0;0m▄[38;2;0;0;0m▄[38;2;0;4;0m▄[38;2;0;4;0m▄[38;2;0;0;0m[48;2;255;255;255m▀[0m[38;2;65;64;65m[48;2;200;195;189m▀[0m[38;2;65;64;65m[48;2;197;194;189m▀[0m[38;2;197;194;189m[48;2;197;194;189m▀[0m[38;2;197;194;189m[48;2;197;194;189m▀[0m[38;2;0;0;0m[48;2;65;64;65m▀[0m[38;2;79;72;68m[48;2;115;154;46m▀[0m[38;2;255;219;168m[48;2;65;64;63m▀[0m[38;2;163;114;47m[48;2;255;240;217m▀[0m[38;2;163;114;47m[48;2;255;240;217m▀[0m[38;2;163;114;47m[48;2;255;240;217m▀[0m[38;2;163;114;47m[48;2;255;240;217m▀[0m[38;2;163;114;47m[48;2;255;238;215m▀[0m[38;2;255;240;217m[48;2;163;114;47m▀[0m[38;2;255;230;195m[48;2;139;90;23m▀[0m[38;2;75;114;6m[48;2;116;155;47m▀[0m[38;2;105;144;36m[48;2;119;158;50m▀[0m[38;2;0;0;0m[48;2;65;60;65m▀[0m[38;2;0;0;0m▄[38;2;0;0;0m▀[38;2;255;255;238m[48;2;0;0;0m▀[0m[38;2;32;8;0m▀[38;2;0;0;0m▀  
 [38;2;0;0;0m[48;2;0;0;0m▀[0m[38;2;255;255;255m[48;2;172;172;172m▀[0m[38;2;255;255;255m[48;2;255;255;255m▀[0m[38;2;255;255;255m[48;2;255;255;255m▀[0m[38;2;255;255;255m[48;2;255;255;255m▀[0m[38;2;255;255;255m[48;2;131;131;106m▀[0m[38;2;255;255;255m[48;2;197;194;189m▀[0m[38;2;255;255;255m[48;2;197;194;189m▀[0m[38;2;169;171;169m[48;2;197;194;189m▀[0m[38;2;200;195;189m[48;2;0;0;0m▀[0m[38;2;200;195;189m[48;2;0;0;0m▀[0m[38;2;0;0;0m▀[38;2;0;0;0m▀[38;2;65;64;65m[48;2;0;0;0m▀[0m[38;2;115;154;46m[48;2;115;154;46m▀[0m[38;2;115;154;46m[48;2;116;155;47m▀[0m[38;2;83;122;14m[48;2;116;155;47m▀[0m[38;2;163;114;47m[48;2;65;64;65m▀[0m[38;2;163;114;47m[48;2;218;169;102m▀[0m[38;2;163;114;47m[48;2;225;176;109m▀[0m[38;2;163;114;47m[48;2;225;176;109m▀[0m[38;2;163;114;47m[48;2;219;170;103m▀[0m[38;2;223;174;107m[48;2;103;142;34m▀[0m[38;2;82;121;13m[48;2;117;156;48m▀[0m[38;2;116;155;47m[48;2;117;156;48m▀[0m[38;2;119;158;50m[48;2;158;197;89m▀[0m[38;2;154;193;85m[48;2;158;197;89m▀[0m[38;2;65;64;65m[48;2;158;197;89m▀[0m[38;2;0;0;0m[48;2;65;64;65m▀[0m[38;2;0;0;0m▄[38;2;0;0;0m▄   
  [38;2;8;8;8m▀[38;2;172;172;172m[48;2;0;0;0m▀[0m[38;2;131;129;106m[48;2;200;194;189m▀[0m[38;2;131;129;106m[48;2;200;194;189m▀[0m[38;2;197;194;189m[48;2;197;194;189m▀[0m[38;2;197;194;189m[48;2;0;0;0m▀[0m[38;2;0;0;0m▀[38;2;0;0;0m▀    [38;2;0;0;0m▄[38;2;0;0;0m[48;2;197;194;189m▀[0m[38;2;82;121;13m[48;2;205;194;180m▀[0m[38;2;116;155;47m[48;2;102;97;90m▀[0m[38;2;122;161;53m[48;2;0;0;0m▀[0m[38;2;65;56;57m[48;2;0;0;0m▀[0m[38;2;0;0;0m▀[38;2;0;0;0m▀[38;2;0;0;0m▀[38;2;103;142;34m[48;2;0;0;0m▀[0m[38;2;117;156;48m[48;2;0;0;0m▀[0m[38;2;158;197;89m[48;2;158;197;89m▀[0m[38;2;158;197;89m[48;2;156;195;87m▀[0m[38;2;158;197;89m[48;2;116;155;47m▀[0m[38;2;158;197;89m[48;2;169;156;148m▀[0m[38;2;65;64;65m[48;2;84;78;74m▀[0m[38;2;115;154;46m[48;2;0;0;0m▀[0m[38;2;115;154;46m[48;2;0;0;0m▀[0m[38;2;0;0;0m▀  
   [38;2;0;0;0m▀[38;2;200;194;189m[48;2;0;0;0m▀[0m[38;2;200;194;189m[48;2;0;0;0m▀[0m[38;2;197;194;189m[48;2;0;0;0m▀[0m[38;2;0;0;0m▀       [38;2;0;0;0m▀[38;2;0;0;0m▀[38;2;0;0;0m▀       [38;2;0;0;0m▀[38;2;116;155;47m[48;2;0;0;0m▀[0m[38;2;255;255;238m[48;2;0;0;0m▀[0m[38;2;255;234;222m[48;2;0;0;0m▀[0m[38;2;0;0;0m▀     
                                     [0m                                     