            [38;2;0;0;0m▄[38;2;0;0;0m▄[38;2;0;0;0m[48;2;193;124;159m▀[0m[38;2;0;0;0m[48;2;159;90;125m▀[0m[38;2;0;0;0m[48;2;159;90;125m▀[0m[38;2;0;0;0m[48;2;159;90;125m▀[0m[38;2;0;0;0m▄[38;2;0;0;0m▄                
          [38;2;0;0;0m▄[38;2;0;4;0m[48;2;146;77;112m▀[0m[38;2;196;127;162m[48;2;196;127;162m▀[0m[38;2;192;123;158m[48;2;192;123;158m▀[0m[38;2;192;123;158m[48;2;192;123;158m▀[0m[38;2;192;123;158m[48;2;158;89;124m▀[0m[38;2;158;89;124m[48;2;158;89;124m▀[0m[38;2;159;90;125m[48;2;159;90;125m▀[0m[38;2;159;90;125m[48;2;159;90;125m▀[0m[38;2;160;91;126m[48;2;121;52;87m▀[0m[38;2;0;0;0m[48;2;160;91;126m▀[0m[38;2;0;0;0m▄              
          [38;2;0;0;0m[48;2;0;0;0m▀[0m[38;2;159;90;125m[48;2;247;215;148m▀[0m[38;2;247;215;148m[48;2;247;215;148m▀[0m[38;2;247;215;148m[48;2;247;215;148m▀[0m[38;2;159;90;125m[48;2;247;215;148m▀[0m[38;2;159;90;125m[48;2;159;90;125m▀[0m[38;2;159;90;125m[48;2;159;90;125m▀[0m[38;2;159;90;125m[48;2;159;90;125m▀[0m[38;2;159;90;125m[48;2;159;90;125m▀[0m[38;2;127;58;93m[48;2;65;64;65m▀[0m[38;2;105;80;93m[48;2;127;58;93m▀[0m[38;2;66;66;66m[48;2;66;66;66m▀[0m[38;2;0;0;0m[48;2;66;66;66m▀[0m[38;2;0;0;0m[48;2;129;60;95m▀[0m[38;2;0;0;0m[48;2;129;60;95m▀[0m[38;2;0;0;0m[48;2;129;60;95m▀[0m[38;2;0;0;0m▄[38;2;0;0;0m▄        
         [38;2;0;0;8m[48;2;0;0;8m▀[0m[38;2;155;86;121m[48;2;247;219;165m▀[0m[38;2;247;214;148m[48;2;247;214;148m▀[0m[38;2;247;214;148m[48;2;247;214;148m▀[0m[38;2;247;214;148m[48;2;247;214;148m▀[0m[38;2;247;214;148m[48;2;247;214;148m▀[0m[38;2;159;90;125m[48;2;159;90;125m▀[0m[38;2;159;90;125m[48;2;159;90;125m▀[0m[38;2;160;91;126m[48;2;160;91;126m▀[0m[38;2;128;59;94m[48;2;106;81;94m▀[0m[38;2;65;64;65m[48;2;65;64;65m▀[0m[38;2;127;58;93m[48;2;127;58;93m▀[0m[38;2;66;65;66m[48;2;66;65;66m▀[0m[38;2;214;174;115m[48;2;214;174;115m▀[0m[38;2;214;173;115m[48;2;214;173;115m▀[0m[38;2;214;173;115m[48;2;214;173;115m▀[0m[38;2;128;59;94m[48;2;214;174;115m▀[0m[38;2;128;59;94m[48;2;214;174;115m▀[0m[38;2;130;61;96m[48;2;130;61;96m▀[0m[38;2;0;4;0m[48;2;102;33;68m▀[0m[38;2;0;0;0m[48;2;129;60;95m▀[0m[38;2;0;0;0m[48;2;129;60;95m▀[0m[38;2;0;0;0m▄[38;2;0;0;0m▄   
         [38;2;0;0;0m[48;2;0;0;0m▀[0m[38;2;247;215;148m[48;2;247;215;148m▀[0m[38;2;247;214;148m[48;2;247;214;148m▀[0m[38;2;247;214;148m[48;2;247;214;148m▀[0m[38;2;247;214;148m[48;2;247;214;148m▀[0m[38;2;247;214;148m[48;2;247;214;148m▀[0m[38;2;159;90;125m[48;2;159;90;125m▀[0m[38;2;159;90;125m[48;2;159;90;125m▀[0m[38;2;122;53;88m[48;2;100;75;88m▀[0m[38;2;100;75;88m[48;2;198;186;222m▀[0m[38;2;127;58;93m[48;2;127;58;93m▀[0m[38;2;65;64;65m[48;2;65;64;65m▀[0m[38;2;214;173;115m[48;2;214;173;115m▀[0m[38;2;214;173;115m[48;2;214;173;115m▀[0m[38;2;214;173;115m[48;2;214;173;115m▀[0m[38;2;214;173;115m[48;2;214;173;115m▀[0m[38;2;222;166;115m[48;2;222;166;115m▀[0m[38;2;90;40;49m[48;2;134;82;71m▀[0m[38;2;247;215;148m[48;2;74;73;74m▀[0m[38;2;117;48;83m[48;2;247;215;148m▀[0m[38;2;111;42;77m[48;2;0;0;0m▀[0m[38;2;0;0;0m▀[38;2;121;52;87m[48;2;0;0;0m▀[0m[38;2;160;91;126m[48;2;160;91;126m▀[0m[38;2;0;0;0m[48;2;129;60;95m▀[0m[38;2;0;0;0m▄ 
        [38;2;0;0;0m▄[38;2;0;4;16m[48;2;156;87;122m▀[0m[38;2;247;219;165m[48;2;156;87;122m▀[0m[38;2;247;214;148m[48;2;247;214;148m▀[0m[38;2;247;214;148m[48;2;247;214;148m▀[0m[38;2;247;215;148m[48;2;159;90;125m▀[0m[38;2;159;90;125m[48;2;159;90;125m▀[0m[38;2;158;89;124m[48;2;158;89;124m▀[0m[38;2;158;89;124m[48;2;128;59;94m▀[0m[38;2;82;65;66m[48;2;160;132;152m▀[0m[38;2;239;199;239m[48;2;82;65;66m▀[0m[38;2;115;46;81m[48;2;71;71;71m▀[0m[38;2;71;71;71m[48;2;214;174;115m▀[0m[38;2;214;173;115m[48;2;214;173;115m▀[0m[38;2;214;173;115m[48;2;214;173;115m▀[0m[38;2;214;173;115m[48;2;214;173;115m▀[0m[38;2;214;173;115m[48;2;214;173;115m▀[0m[38;2;214;172;115m[48;2;214;172;115m▀[0m[38;2;165;40;49m[48;2;165;40;49m▀[0m[38;2;239;235;247m[48;2;66;65;57m▀[0m[38;2;123;121;120m[48;2;239;235;247m▀[0m[38;2;247;215;148m[48;2;123;107;74m▀[0m[38;2;0;0;0m[48;2;0;0;0m▀[0m [38;2;0;0;0m[48;2;0;0;0m▀[0m[38;2;129;60;95m[48;2;129;60;95m▀[0m[38;2;0;0;0m[48;2;0;0;0m▀[0m 
        [38;2;0;0;0m[48;2;0;0;0m▀[0m[38;2;159;90;125m[48;2;159;90;125m▀[0m[38;2;159;90;125m[48;2;159;90;125m▀[0m[38;2;159;90;125m[48;2;159;90;125m▀[0m[38;2;159;90;125m[48;2;159;90;125m▀[0m[38;2;159;90;125m[48;2;159;90;125m▀[0m[38;2;159;90;125m[48;2;159;90;125m▀[0m[38;2;169;100;135m[48;2;82;81;74m▀[0m[38;2;82;81;74m[48;2;214;211;239m▀[0m[38;2;189;97;132m[48;2;57;69;57m▀[0m[38;2;129;60;95m[48;2;129;60;95m▀[0m[38;2;71;60;43m[48;2;0;4;8m▀[0m[38;2;214;174;115m[48;2;214;174;115m▀[0m[38;2;214;173;115m[48;2;214;173;115m▀[0m[38;2;214;173;115m[48;2;214;173;115m▀[0m[38;2;214;173;115m[48;2;214;173;115m▀[0m[38;2;214;173;115m[48;2;214;173;115m▀[0m[38;2;214;173;115m[48;2;214;173;115m▀[0m[38;2;214;173;115m[48;2;214;173;115m▀[0m[38;2;181;60;41m[48;2;225;187;161m▀[0m[38;2;247;251;222m[48;2;225;187;161m▀[0m[38;2;247;215;148m[48;2;247;215;148m▀[0m[38;2;0;0;0m[48;2;0;0;0m▀[0m  [38;2;0;0;0m▀  
       [38;2;0;0;0m▄[38;2;0;0;0m[48;2;159;90;125m▀[0m[38;2;159;90;125m[48;2;159;90;125m▀[0m[38;2;159;90;125m[48;2;159;90;125m▀[0m[38;2;159;90;125m[48;2;159;90;125m▀[0m[38;2;159;90;125m[48;2;159;90;125m▀[0m[38;2;158;89;124m[48;2;158;89;124m▀[0m[38;2;158;89;124m[48;2;128;59;94m▀[0m[38;2;87;68;74m[48;2;150;121;148m▀[0m[38;2;214;174;222m[48;2;87;68;74m▀[0m[38;2;129;60;95m[48;2;129;60;95m▀[0m[38;2;0;0;0m[48;2;0;0;0m▀[0m [38;2;0;0;0m▀[38;2;0;0;0m▀[38;2;214;174;115m[48;2;0;0;0m▀[0m[38;2;214;173;115m[48;2;214;173;115m▀[0m[38;2;214;173;115m[48;2;214;173;115m▀[0m[38;2;231;195;132m[48;2;115;99;70m▀[0m[38;2;231;195;132m[48;2;0;4;8m▀[0m[38;2;247;215;148m[48;2;0;0;0m▀[0m[38;2;0;0;0m▀[38;2;0;0;0m▀      
      [38;2;0;0;0m▄[38;2;0;0;0m[48;2;159;90;125m▀[0m[38;2;159;90;125m[48;2;159;90;125m▀[0m[38;2;159;90;125m[48;2;159;90;125m▀[0m[38;2;159;90;125m[48;2;159;90;125m▀[0m[38;2;159;90;125m[48;2;159;90;125m▀[0m[38;2;159;90;125m[48;2;159;90;125m▀[0m[38;2;171;102;137m[48;2;231;207;247m▀[0m[38;2;107;69;74m[48;2;148;115;131m▀[0m[38;2;189;97;132m[48;2;57;69;57m▀[0m[38;2;129;60;95m[48;2;129;60;95m▀[0m[38;2;0;0;0m[48;2;0;0;0m▀[0m  [38;2;0;0;0m▄[38;2;0;0;0m[48;2;206;170;115m▀[0m[38;2;206;170;115m[48;2;137;113;76m▀[0m[38;2;214;173;115m[48;2;214;173;115m▀[0m[38;2;247;215;148m[48;2;247;215;148m▀[0m[38;2;0;0;0m[48;2;247;215;148m▀[0m[38;2;0;0;0m▄[38;2;0;0;0m▄        
     [38;2;0;0;0m▄[38;2;0;0;0m[48;2;159;90;125m▀[0m[38;2;159;90;125m[48;2;159;90;125m▀[0m[38;2;159;90;125m[48;2;159;90;125m▀[0m[38;2;159;90;125m[48;2;159;90;125m▀[0m[38;2;159;90;125m[48;2;159;90;125m▀[0m[38;2;147;78;113m[48;2;90;89;82m▀[0m[38;2;90;89;82m[48;2;189;105;140m▀[0m[38;2;255;247;255m[48;2;139;119;129m▀[0m[38;2;82;56;66m[48;2;82;56;66m▀[0m[38;2;129;60;95m[48;2;129;60;95m▀[0m[38;2;0;0;0m[48;2;0;0;0m▀[0m [38;2;0;0;0m▄[38;2;0;4;0m[48;2;130;61;96m▀[0m[38;2;130;61;96m[48;2;60;58;54m▀[0m[38;2;71;71;71m[48;2;71;71;71m▀[0m[38;2;71;71;71m[48;2;214;174;115m▀[0m[38;2;247;214;148m[48;2;247;214;148m▀[0m[38;2;247;214;148m[48;2;247;214;148m▀[0m[38;2;157;88;123m[48;2;247;215;148m▀[0m[38;2;247;215;148m[48;2;66;60;57m▀[0m[38;2;159;90;125m[48;2;159;90;125m▀[0m[38;2;0;0;0m[48;2;159;90;125m▀[0m[38;2;0;0;0m[48;2;129;60;95m▀[0m[38;2;0;0;0m▄     
   [38;2;0;0;0m▄[38;2;0;0;0m[48;2;159;90;125m▀[0m[38;2;159;90;125m[48;2;159;90;125m▀[0m[38;2;159;90;125m[48;2;159;90;125m▀[0m[38;2;159;90;125m[48;2;159;90;125m▀[0m[38;2;159;90;125m[48;2;159;90;125m▀[0m[38;2;147;78;113m[48;2;90;89;82m▀[0m[38;2;90;89;82m[48;2;189;105;140m▀[0m[38;2;247;227;247m[48;2;247;227;247m▀[0m[38;2;164;137;152m[48;2;82;48;57m▀[0m[38;2;60;58;54m[48;2;130;61;96m▀[0m[38;2;130;61;96m[48;2;0;4;0m▀[0m[38;2;0;0;0m▀  [38;2;0;0;0m▄[38;2;0;0;0m[48;2;206;170;115m▀[0m[38;2;206;170;115m[48;2;137;113;76m▀[0m[38;2;214;174;115m[48;2;214;174;115m▀[0m[38;2;214;174;115m[48;2;153;84;119m▀[0m[38;2;214;173;115m[48;2;247;215;148m▀[0m[38;2;247;215;148m[48;2;247;215;148m▀[0m[38;2;247;215;148m[48;2;247;215;148m▀[0m[38;2;214;173;115m[48;2;247;215;148m▀[0m[38;2;76;67;57m[48;2;214;178;123m▀[0m[38;2;113;44;79m[48;2;8;12;24m▀[0m[38;2;0;0;0m▀      
 [38;2;0;0;0m▄[38;2;0;0;0m[48;2;159;90;125m▀[0m[38;2;159;90;125m[48;2;159;90;125m▀[0m[38;2;159;90;125m[48;2;159;90;125m▀[0m[38;2;159;90;125m[48;2;159;90;125m▀[0m[38;2;159;90;125m[48;2;159;90;125m▀[0m[38;2;166;97;132m[48;2;74;73;66m▀[0m[38;2;74;73;66m[48;2;222;215;247m▀[0m[38;2;189;97;132m[48;2;57;69;66m▀[0m[38;2;57;69;66m[48;2;130;61;96m▀[0m[38;2;129;60;95m[48;2;129;60;95m▀[0m[38;2;129;60;95m[48;2;0;0;0m▀[0m[38;2;0;0;0m▀   [38;2;0;0;0m[48;2;0;0;0m▀[0m[38;2;214;174;115m[48;2;214;174;115m▀[0m[38;2;153;84;119m[48;2;153;84;119m▀[0m[38;2;214;174;115m[48;2;214;174;115m▀[0m[38;2;192;169;120m[48;2;66;69;66m▀[0m[38;2;66;69;66m[48;2;255;219;148m▀[0m[38;2;247;215;148m[48;2;247;215;148m▀[0m[38;2;205;178;126m[48;2;152;83;118m▀[0m[38;2;247;215;148m[48;2;247;215;148m▀[0m[38;2;247;215;148m[48;2;214;173;115m▀[0m[38;2;214;174;115m[48;2;153;84;119m▀[0m[38;2;214;174;115m[48;2;214;174;115m▀[0m[38;2;0;0;0m[48;2;0;0;0m▀[0m      
 [38;2;0;0;0m▀[38;2;129;60;95m[48;2;0;0;0m▀[0m[38;2;160;91;126m[48;2;65;66;65m▀[0m[38;2;160;91;126m[48;2;65;66;65m▀[0m[38;2;65;64;65m[48;2;127;58;93m▀[0m[38;2;65;64;65m[48;2;127;58;93m▀[0m[38;2;129;60;95m[48;2;129;60;95m▀[0m[38;2;255;255;255m[48;2;0;0;0m▀[0m[38;2;129;60;95m[48;2;0;0;0m▀[0m[38;2;0;0;0m▀[38;2;0;0;0m▀      [38;2;0;0;0m▀[38;2;71;60;46m[48;2;0;4;8m▀[0m[38;2;214;174;123m[48;2;0;4;8m▀[0m[38;2;82;71;54m[48;2;0;0;8m▀[0m[38;2;247;215;148m[48;2;0;0;8m▀[0m[38;2;247;215;148m[48;2;247;215;148m▀[0m[38;2;153;84;119m[48;2;153;84;119m▀[0m[38;2;247;215;148m[48;2;214;173;115m▀[0m[38;2;214;173;115m[48;2;214;173;115m▀[0m[38;2;153;84;119m[48;2;214;174;115m▀[0m[38;2;214;174;115m[48;2;153;84;119m▀[0m[38;2;214;174;115m[48;2;0;0;0m▀[0m[38;2;0;0;0m▀     
   [38;2;0;0;0m▀[38;2;0;0;0m▀[38;2;0;0;0m▀[38;2;0;0;0m▀[38;2;0;0;0m▀               [38;2;0;0;0m▀[38;2;0;0;0m▀[38;2;0;0;0m▀[38;2;0;0;0m▀[38;2;0;0;0m▀[38;2;0;0;0m▀       
                                     [0m                                     