         [38;2;0;0;0m▄[38;2;0;0;0m[48;2;149;175;244m▀[0m[38;2;0;0;0m[48;2;149;175;244m▀[0m[38;2;0;0;0m▄      
        [38;2;0;0;0m▄[38;2;0;0;0m[48;2;79;104;195m▀[0m[38;2;149;175;244m[48;2;103;130;216m▀[0m[38;2;103;130;216m[48;2;0;0;0m▀[0m[38;2;0;0;0m▀      
     [38;2;0;0;0m▄[38;2;0;0;0m[48;2;149;175;244m▀[0m[38;2;0;0;0m[48;2;149;175;244m▀[0m[38;2;149;175;244m[48;2;149;175;244m▀[0m[38;2;149;175;244m[48;2;149;175;244m▀[0m[38;2;79;104;195m[48;2;149;175;244m▀[0m[38;2;0;0;0m[48;2;103;130;216m▀[0m[38;2;0;0;0m▄      
  [38;2;0;0;0m▄[38;2;0;0;0m[48;2;103;130;216m▀[0m[38;2;0;0;0m[48;2;79;104;195m▀[0m[38;2;149;175;244m[48;2;149;175;244m▀[0m[38;2;255;210;131m[48;2;149;175;244m▀[0m[38;2;149;175;244m[48;2;149;175;244m▀[0m[38;2;149;175;244m[48;2;149;175;244m▀[0m[38;2;149;175;244m[48;2;255;210;131m▀[0m[38;2;149;175;244m[48;2;149;175;244m▀[0m[38;2;149;175;244m[48;2;149;175;244m▀[0m[38;2;0;0;0m[48;2;103;130;216m▀[0m[38;2;0;0;0m▄     
  [38;2;0;0;0m▀[38;2;103;130;216m[48;2;0;0;0m▀[0m[38;2;79;104;195m[48;2;255;218;93m▀[0m[38;2;103;130;216m[48;2;255;240;157m▀[0m[38;2;149;175;244m[48;2;103;130;216m▀[0m[38;2;255;210;131m[48;2;103;130;216m▀[0m[38;2;149;175;244m[48;2;103;130;216m▀[0m[38;2;149;175;244m[48;2;103;130;216m▀[0m[38;2;103;130;216m[48;2;255;255;255m▀[0m[38;2;103;130;216m[48;2;103;130;216m▀[0m[38;2;149;175;244m[48;2;149;175;244m▀[0m[38;2;103;130;216m[48;2;149;175;244m▀[0m[38;2;0;0;0m[48;2;149;175;244m▀[0m[38;2;0;0;0m▄   
    [38;2;0;0;0m[48;2;0;0;0m▀[0m[38;2;255;240;157m[48;2;255;240;157m▀[0m[38;2;255;240;157m[48;2;255;240;157m▀[0m[38;2;255;240;157m[48;2;255;240;157m▀[0m[38;2;65;65;65m[48;2;255;240;157m▀[0m[38;2;0;0;0m[48;2;255;240;157m▀[0m[38;2;255;255;255m[48;2;255;218;93m▀[0m[38;2;255;218;93m[48;2;255;218;93m▀[0m[38;2;0;0;0m[48;2;65;65;65m▀[0m[38;2;149;175;244m[48;2;0;0;0m▀[0m[38;2;149;175;244m[48;2;0;0;0m▀[0m[38;2;0;0;0m▀   
  [38;2;0;0;0m▄[38;2;0;0;0m▄ [38;2;0;0;0m▀[38;2;149;175;244m[48;2;0;0;0m▀[0m[38;2;255;240;157m[48;2;65;65;65m▀[0m[38;2;255;240;157m[48;2;65;65;65m▀[0m[38;2;255;218;93m[48;2;255;218;93m▀[0m[38;2;255;218;93m[48;2;0;0;0m▀[0m[38;2;0;0;0m▀       
 [38;2;0;0;0m[48;2;0;0;0m▀[0m[38;2;255;218;93m[48;2;65;65;65m▀[0m[38;2;255;218;93m[48;2;255;218;93m▀[0m[38;2;0;0;0m[48;2;255;218;93m▀[0m[38;2;0;0;0m[48;2;255;218;93m▀[0m[38;2;255;218;93m[48;2;65;65;65m▀[0m[38;2;255;218;93m[48;2;65;65;65m▀[0m[38;2;65;65;65m[48;2;255;240;157m▀[0m[38;2;255;240;157m[48;2;255;240;157m▀[0m[38;2;255;240;157m[48;2;255;218;93m▀[0m[38;2;0;0;0m[48;2;255;240;157m▀[0m[38;2;0;0;0m[48;2;255;240;157m▀[0m[38;2;0;0;0m▄[38;2;0;0;0m▄[38;2;0;0;0m[48;2;255;240;157m▀[0m[38;2;0;0;0m[48;2;255;240;157m▀[0m[38;2;0;0;0m▄ 
  [38;2;0;0;0m▀[38;2;0;0;0m▀[38;2;0;0;0m▀[38;2;65;65;65m[48;2;0;0;0m▀[0m[38;2;232;173;70m[48;2;232;173;70m▀[0m[38;2;255;218;93m[48;2;255;218;93m▀[0m[38;2;255;240;157m[48;2;167;108;5m▀[0m[38;2;167;108;5m[48;2;255;210;131m▀[0m[38;2;255;210;131m[48;2;149;175;244m▀[0m[38;2;65;65;65m[48;2;149;175;244m▀[0m[38;2;65;65;65m[48;2;149;175;244m▀[0m[38;2;255;240;157m[48;2;65;65;65m▀[0m[38;2;255;240;157m[48;2;65;65;65m▀[0m[38;2;255;240;157m[48;2;0;0;0m▀[0m[38;2;65;65;65m[48;2;0;0;0m▀[0m[38;2;0;0;0m▀ 
    [38;2;0;0;0m[48;2;0;0;0m▀[0m[38;2;103;130;216m[48;2;232;173;70m▀[0m[38;2;103;130;216m[48;2;103;130;216m▀[0m[38;2;232;173;70m[48;2;103;130;216m▀[0m[38;2;167;108;5m[48;2;167;108;5m▀[0m[38;2;255;210;131m[48;2;149;175;244m▀[0m[38;2;149;175;244m[48;2;149;175;244m▀[0m[38;2;149;175;244m[48;2;255;210;131m▀[0m[38;2;149;175;244m[48;2;255;210;131m▀[0m[38;2;149;175;244m[48;2;149;175;244m▀[0m[38;2;0;0;0m[48;2;0;0;0m▀[0m    
    [38;2;0;0;0m▀[38;2;65;65;65m[48;2;0;0;0m▀[0m[38;2;103;130;216m[48;2;0;0;0m▀[0m[38;2;103;130;216m[48;2;0;0;0m▀[0m[38;2;65;65;65m[48;2;255;218;93m▀[0m[38;2;103;130;216m[48;2;0;0;0m▀[0m[38;2;149;175;244m[48;2;103;130;216m▀[0m[38;2;255;210;131m[48;2;103;130;216m▀[0m[38;2;232;173;70m[48;2;103;130;216m▀[0m[38;2;103;130;216m[48;2;0;0;0m▀[0m[38;2;0;0;0m▀    
       [38;2;0;0;0m▀[38;2;0;0;0m▀ [38;2;0;0;0m[48;2;0;0;0m▀[0m[38;2;255;218;93m[48;2;255;240;157m▀[0m[38;2;0;0;0m[48;2;0;0;0m▀[0m      
                           [38;2;0;0;0m▀[38;2;0;0;0m▀                       
                                     [0m                                     