   [38;2;0;0;0m▄[38;2;0;0;0m[48;2;115;115;115m▀[0m[38;2;0;0;0m▄[38;2;0;0;0m[48;2;115;115;115m▀[0m[38;2;0;0;0m▄        
   [38;2;0;0;0m▀[38;2;115;115;115m[48;2;0;0;0m▀[0m[38;2;115;115;115m[48;2;115;115;115m▀[0m[38;2;115;115;115m[48;2;65;65;65m▀[0m[38;2;0;0;0m[48;2;65;65;65m▀[0m[38;2;0;0;0m[48;2;148;189;123m▀[0m[38;2;0;0;0m[48;2;148;189;123m▀[0m[38;2;0;0;0m▄[38;2;0;0;0m▄    
   [38;2;0;0;0m[48;2;0;0;0m▀[0m[38;2;65;65;65m[48;2;65;65;65m▀[0m[38;2;65;65;65m[48;2;148;189;123m▀[0m[38;2;148;189;123m[48;2;255;255;255m▀[0m[38;2;148;189;123m[48;2;255;255;255m▀[0m[38;2;148;189;123m[48;2;255;255;255m▀[0m[38;2;189;239;132m[48;2;148;189;123m▀[0m[38;2;189;239;132m[48;2;189;239;132m▀[0m[38;2;148;189;123m[48;2;189;239;132m▀[0m[38;2;0;0;0m[48;2;148;189;123m▀[0m[38;2;0;0;0m▄  
   [38;2;0;0;0m▄[38;2;0;0;0m[48;2;99;214;239m▀[0m[38;2;189;189;189m[48;2;255;255;255m▀[0m[38;2;99;214;239m[48;2;41;148;156m▀[0m[38;2;189;189;189m[48;2;255;255;255m▀[0m[38;2;189;189;189m[48;2;255;255;255m▀[0m[38;2;255;255;255m[48;2;189;189;189m▀[0m[38;2;148;189;123m[48;2;189;189;189m▀[0m[38;2;99;214;239m[48;2;148;189;123m▀[0m[38;2;189;239;132m[48;2;189;239;132m▀[0m[38;2;0;0;0m[48;2;148;189;123m▀[0m[38;2;0;0;0m▄ 
   [38;2;0;0;0m[48;2;0;0;0m▀[0m[38;2;41;148;156m[48;2;255;255;255m▀[0m[38;2;255;255;255m[48;2;255;255;255m▀[0m[38;2;255;255;255m[48;2;255;255;255m▀[0m[38;2;255;255;255m[48;2;255;255;255m▀[0m[38;2;99;214;239m[48;2;255;255;255m▀[0m[38;2;99;214;239m[48;2;41;148;156m▀[0m[38;2;214;214;214m[48;2;255;255;255m▀[0m[38;2;148;189;123m[48;2;148;189;123m▀[0m[38;2;99;214;239m[48;2;189;239;132m▀[0m[38;2;189;239;132m[48;2;189;239;132m▀[0m[38;2;0;0;0m[48;2;0;0;0m▀[0m 
 [38;2;0;0;0m[48;2;0;0;0m▀[0m[38;2;0;0;0m[48;2;0;0;0m▀[0m[38;2;0;0;0m▄[38;2;0;0;0m▀[38;2;255;255;255m[48;2;0;0;0m▀[0m[38;2;214;214;214m[48;2;239;148;132m▀[0m[38;2;255;255;255m[48;2;255;255;255m▀[0m[38;2;41;148;156m[48;2;255;255;255m▀[0m[38;2;41;148;156m[48;2;214;214;214m▀[0m[38;2;214;214;214m[48;2;148;189;123m▀[0m[38;2;148;189;123m[48;2;189;239;132m▀[0m[38;2;189;239;132m[48;2;148;189;123m▀[0m[38;2;0;0;0m[48;2;0;0;0m▀[0m  
   [38;2;0;0;0m▄[38;2;0;0;0m▄[38;2;0;0;0m▄[38;2;0;0;0m[48;2;65;65;65m▀[0m[38;2;65;65;65m[48;2;115;115;115m▀[0m[38;2;148;189;123m[48;2;65;65;65m▀[0m[38;2;148;189;123m[48;2;148;189;123m▀[0m[38;2;99;214;239m[48;2;189;239;132m▀[0m[38;2;148;189;123m[48;2;148;189;123m▀[0m[38;2;0;0;0m[48;2;0;0;0m▀[0m   
   [38;2;0;0;0m▀[38;2;0;0;0m▀[38;2;0;0;0m▄[38;2;0;0;0m[48;2;115;115;115m▀[0m[38;2;148;189;123m[48;2;115;115;115m▀[0m[38;2;65;65;65m[48;2;65;65;65m▀[0m[38;2;65;65;65m[48;2;148;189;123m▀[0m[38;2;115;115;115m[48;2;65;65;65m▀[0m[38;2;65;65;65m[48;2;65;65;65m▀[0m[38;2;0;0;0m[48;2;189;239;132m▀[0m[38;2;0;0;0m▄  
     [38;2;0;0;0m▀[38;2;115;115;115m[48;2;0;0;0m▀[0m[38;2;115;115;115m[48;2;189;189;189m▀[0m[38;2;115;115;115m[48;2;115;115;115m▀[0m[38;2;65;65;65m[48;2;115;115;115m▀[0m[38;2;148;189;123m[48;2;65;65;65m▀[0m[38;2;99;214;239m[48;2;189;239;132m▀[0m[38;2;148;189;123m[48;2;148;189;123m▀[0m[38;2;0;0;0m[48;2;189;239;132m▀[0m[38;2;0;0;0m▄ 
       [38;2;0;0;0m[48;2;0;0;0m▀[0m[38;2;255;255;255m[48;2;255;255;255m▀[0m[38;2;65;65;65m[48;2;0;0;0m▀[0m[38;2;0;0;0m▀[38;2;0;0;0m▀[38;2;189;239;132m[48;2;0;0;0m▀[0m[38;2;148;189;123m[48;2;0;0;0m▀[0m[38;2;0;0;0m[48;2;0;0;0m▀[0m 
                                [38;2;0;0;0m▀                                
                                     [0m                                     