   [38;2;0;0;0m▄[38;2;0;0;0m[48;2;115;115;124m▀[0m[38;2;0;0;0m▄[38;2;0;0;0m[48;2;115;115;124m▀[0m[38;2;0;0;0m▄        
   [38;2;0;0;0m▀[38;2;115;115;124m[48;2;0;0;0m▀[0m[38;2;115;115;124m[48;2;115;115;124m▀[0m[38;2;115;115;124m[48;2;65;65;65m▀[0m[38;2;0;0;0m[48;2;65;65;65m▀[0m[38;2;0;0;0m[48;2;110;202;149m▀[0m[38;2;0;0;0m[48;2;110;202;149m▀[0m[38;2;0;0;0m▄[38;2;0;0;0m▄    
   [38;2;0;0;0m[48;2;0;0;0m▀[0m[38;2;65;65;65m[48;2;65;65;65m▀[0m[38;2;65;65;65m[48;2;110;202;149m▀[0m[38;2;110;202;149m[48;2;255;255;255m▀[0m[38;2;110;202;149m[48;2;255;255;255m▀[0m[38;2;110;202;149m[48;2;255;255;255m▀[0m[38;2;153;245;192m[48;2;110;202;149m▀[0m[38;2;153;245;192m[48;2;153;245;192m▀[0m[38;2;110;202;149m[48;2;153;245;192m▀[0m[38;2;0;0;0m[48;2;110;202;149m▀[0m[38;2;0;0;0m▄  
   [38;2;0;0;0m▄[38;2;0;0;0m[48;2;106;242;68m▀[0m[38;2;189;189;189m[48;2;255;255;255m▀[0m[38;2;106;242;68m[48;2;41;177;3m▀[0m[38;2;189;189;189m[48;2;255;255;255m▀[0m[38;2;189;189;189m[48;2;255;255;255m▀[0m[38;2;255;255;255m[48;2;189;189;189m▀[0m[38;2;110;202;149m[48;2;189;189;189m▀[0m[38;2;106;242;68m[48;2;110;202;149m▀[0m[38;2;153;245;192m[48;2;153;245;192m▀[0m[38;2;0;0;0m[48;2;110;202;149m▀[0m[38;2;0;0;0m▄ 
   [38;2;0;0;0m[48;2;0;0;0m▀[0m[38;2;41;177;3m[48;2;255;255;255m▀[0m[38;2;255;255;255m[48;2;255;255;255m▀[0m[38;2;255;255;255m[48;2;255;255;255m▀[0m[38;2;255;255;255m[48;2;255;255;255m▀[0m[38;2;106;242;68m[48;2;255;255;255m▀[0m[38;2;106;242;68m[48;2;41;177;3m▀[0m[38;2;214;214;214m[48;2;255;255;255m▀[0m[38;2;110;202;149m[48;2;110;202;149m▀[0m[38;2;106;242;68m[48;2;153;245;192m▀[0m[38;2;153;245;192m[48;2;153;245;192m▀[0m[38;2;0;0;0m[48;2;0;0;0m▀[0m 
 [38;2;0;0;0m[48;2;0;0;0m▀[0m[38;2;0;0;0m[48;2;0;0;0m▀[0m[38;2;0;0;0m▄[38;2;0;0;0m▀[38;2;255;255;255m[48;2;0;0;0m▀[0m[38;2;214;214;214m[48;2;245;141;157m▀[0m[38;2;255;255;255m[48;2;255;255;255m▀[0m[38;2;41;177;3m[48;2;255;255;255m▀[0m[38;2;41;177;3m[48;2;214;214;214m▀[0m[38;2;214;214;214m[48;2;110;202;149m▀[0m[38;2;110;202;149m[48;2;153;245;192m▀[0m[38;2;153;245;192m[48;2;110;202;149m▀[0m[38;2;0;0;0m[48;2;0;0;0m▀[0m  
   [38;2;0;0;0m▄[38;2;0;0;0m▄[38;2;0;0;0m▄[38;2;0;0;0m[48;2;65;65;65m▀[0m[38;2;65;65;65m[48;2;115;115;124m▀[0m[38;2;110;202;149m[48;2;65;65;65m▀[0m[38;2;110;202;149m[48;2;110;202;149m▀[0m[38;2;106;242;68m[48;2;153;245;192m▀[0m[38;2;110;202;149m[48;2;110;202;149m▀[0m[38;2;0;0;0m[48;2;0;0;0m▀[0m   
   [38;2;0;0;0m▀[38;2;0;0;0m▀[38;2;0;0;0m▄[38;2;0;0;0m[48;2;115;115;124m▀[0m[38;2;110;202;149m[48;2;115;115;124m▀[0m[38;2;65;65;65m[48;2;65;65;65m▀[0m[38;2;65;65;65m[48;2;110;202;149m▀[0m[38;2;115;115;124m[48;2;65;65;65m▀[0m[38;2;65;65;65m[48;2;65;65;65m▀[0m[38;2;0;0;0m[48;2;153;245;192m▀[0m[38;2;0;0;0m▄  
     [38;2;0;0;0m▀[38;2;115;115;124m[48;2;0;0;0m▀[0m[38;2;115;115;124m[48;2;189;189;189m▀[0m[38;2;115;115;124m[48;2;115;115;124m▀[0m[38;2;65;65;65m[48;2;115;115;124m▀[0m[38;2;110;202;149m[48;2;65;65;65m▀[0m[38;2;106;242;68m[48;2;153;245;192m▀[0m[38;2;110;202;149m[48;2;110;202;149m▀[0m[38;2;0;0;0m[48;2;153;245;192m▀[0m[38;2;0;0;0m▄ 
       [38;2;0;0;0m[48;2;0;0;0m▀[0m[38;2;255;255;255m[48;2;255;255;255m▀[0m[38;2;65;65;65m[48;2;0;0;0m▀[0m[38;2;0;0;0m▀[38;2;0;0;0m▀[38;2;153;245;192m[48;2;0;0;0m▀[0m[38;2;110;202;149m[48;2;0;0;0m▀[0m[38;2;0;0;0m[48;2;0;0;0m▀[0m 
                                [38;2;0;0;0m▀                                
                                     [0m                                     