           [38;2;0;0;0m▄[38;2;0;0;0m▄[38;2;0;0;0m▄[38;2;0;0;0m[48;2;254;122;138m▀[0m[38;2;0;0;0m[48;2;254;122;138m▀[0m[38;2;0;0;0m[48;2;254;122;138m▀[0m[38;2;0;0;0m[48;2;254;122;138m▀[0m[38;2;0;0;0m[48;2;254;122;138m▀[0m[38;2;0;0;0m▄[38;2;0;0;0m▄                 
       [38;2;0;0;0m▄[38;2;0;0;0m▄[38;2;0;0;0m[48;2;224;82;93m▀[0m[38;2;8;4;8m[48;2;186;81;97m▀[0m[38;2;186;81;97m[48;2;254;126;143m▀[0m[38;2;254;122;138m[48;2;254;122;138m▀[0m[38;2;254;122;138m[48;2;197;59;41m▀[0m[38;2;254;120;137m[48;2;254;120;137m▀[0m[38;2;254;120;137m[48;2;254;120;137m▀[0m[38;2;254;120;137m[48;2;254;120;137m▀[0m[38;2;254;120;137m[48;2;254;120;137m▀[0m[38;2;254;120;137m[48;2;254;120;137m▀[0m[38;2;254;120;137m[48;2;254;120;137m▀[0m[38;2;254;126;143m[48;2;186;81;97m▀[0m[38;2;8;4;8m[48;2;186;81;97m▀[0m[38;2;0;0;0m[48;2;224;82;93m▀[0m[38;2;0;0;0m▄              
     [38;2;0;0;0m▄[38;2;0;0;0m[48;2;224;82;93m▀[0m[38;2;224;82;93m[48;2;224;82;93m▀[0m[38;2;224;82;93m[48;2;224;82;93m▀[0m[38;2;224;82;93m[48;2;65;64;65m▀[0m[38;2;86;56;56m[48;2;149;74;81m▀[0m[38;2;254;122;138m[48;2;254;122;138m▀[0m[38;2;177;59;44m[48;2;177;59;44m▀[0m[38;2;255;255;255m[48;2;177;59;44m▀[0m[38;2;157;56;40m[48;2;157;56;40m▀[0m[38;2;254;122;138m[48;2;254;122;138m▀[0m[38;2;254;120;137m[48;2;254;120;137m▀[0m[38;2;254;120;137m[48;2;254;120;137m▀[0m[38;2;254;122;138m[48;2;65;64;65m▀[0m[38;2;254;122;138m[48;2;254;122;138m▀[0m[38;2;254;122;138m[48;2;254;122;138m▀[0m[38;2;171;59;72m[48;2;254;122;138m▀[0m[38;2;224;82;93m[48;2;65;64;65m▀[0m[38;2;224;82;93m[48;2;224;82;93m▀[0m[38;2;0;0;0m[48;2;224;82;93m▀[0m[38;2;0;0;0m▄   [38;2;0;0;0m▄        
   [38;2;0;0;0m▄[38;2;0;0;0m[48;2;224;82;93m▀[0m[38;2;224;82;93m[48;2;224;82;93m▀[0m[38;2;220;80;93m[48;2;220;80;93m▀[0m[38;2;224;82;93m[48;2;220;80;93m▀[0m[38;2;213;93;120m[48;2;87;75;51m▀[0m[38;2;87;75;51m[48;2;104;87;104m▀[0m[38;2;255;231;121m[48;2;255;231;121m▀[0m[38;2;224;82;93m[48;2;224;82;93m▀[0m[38;2;185;58;36m[48;2;254;122;134m▀[0m[38;2;235;88;71m[48;2;185;58;36m▀[0m[38;2;146;45;33m[48;2;254;117;136m▀[0m[38;2;254;117;136m[48;2;186;60;59m▀[0m[38;2;170;60;72m[48;2;255;231;121m▀[0m[38;2;170;60;72m[48;2;255;231;121m▀[0m[38;2;156;127;39m[48;2;255;231;121m▀[0m[38;2;87;87;51m[48;2;255;231;121m▀[0m[38;2;254;122;138m[48;2;65;64;65m▀[0m[38;2;254;122;138m[48;2;254;122;138m▀[0m[38;2;254;122;138m[48;2;254;122;138m▀[0m[38;2;65;64;65m[48;2;254;122;138m▀[0m[38;2;224;82;93m[48;2;65;64;65m▀[0m[38;2;224;82;93m[48;2;224;82;93m▀[0m[38;2;0;0;0m[48;2;224;82;93m▀[0m[38;2;0;0;0m▄[38;2;16;4;0m[48;2;66;66;46m▀[0m[38;2;221;178;39m[48;2;221;178;39m▀[0m[38;2;0;0;0m[48;2;0;0;0m▀[0m       
  [38;2;0;0;0m[48;2;0;0;0m▀[0m[38;2;224;82;93m[48;2;224;82;93m▀[0m[38;2;220;80;93m[48;2;220;80;93m▀[0m[38;2;220;80;93m[48;2;220;80;93m▀[0m[38;2;224;82;93m[48;2;0;0;0m▀[0m[38;2;0;0;0m▀[38;2;84;84;71m[48;2;0;0;0m▀[0m[38;2;255;255;213m[48;2;169;169;142m▀[0m[38;2;163;147;58m[48;2;163;147;58m▀[0m[38;2;207;106;129m[48;2;255;121;127m▀[0m[38;2;254;120;137m[48;2;254;120;137m▀[0m[38;2;254;120;137m[48;2;254;120;137m▀[0m[38;2;170;60;72m[48;2;170;60;72m▀[0m[38;2;255;231;121m[48;2;255;231;121m▀[0m[38;2;255;231;121m[48;2;185;147;24m▀[0m[38;2;255;231;121m[48;2;185;147;24m▀[0m[38;2;185;146;23m[48;2;255;255;246m▀[0m[38;2;220;179;50m[48;2;220;179;50m▀[0m[38;2;65;64;65m[48;2;255;223;114m▀[0m[38;2;254;122;138m[48;2;65;64;65m▀[0m[38;2;254;120;137m[48;2;254;120;137m▀[0m[38;2;254;120;137m[48;2;254;120;137m▀[0m[38;2;65;64;65m[48;2;254;120;138m▀[0m[38;2;206;91;107m[48;2;65;64;65m▀[0m[38;2;224;82;93m[48;2;224;82;93m▀[0m[38;2;65;64;65m[48;2;224;82;93m▀[0m[38;2;224;179;39m[48;2;65;64;65m▀[0m[38;2;224;179;39m[48;2;224;179;39m▀[0m[38;2;221;178;39m[48;2;221;178;39m▀[0m[38;2;16;4;0m[48;2;66;66;46m▀[0m[38;2;0;0;0m[48;2;255;231;121m▀[0m[38;2;0;0;0m▄    
 [38;2;0;0;0m[48;2;0;0;0m▀[0m[38;2;220;80;93m[48;2;220;80;93m▀[0m[38;2;220;80;93m[48;2;220;80;93m▀[0m[38;2;224;82;93m[48;2;224;82;93m▀[0m[38;2;224;82;93m[48;2;0;0;0m▀[0m[38;2;0;0;0m▀  [38;2;0;0;0m[48;2;0;0;0m▀[0m[38;2;171;59;72m[48;2;254;122;138m▀[0m[38;2;254;122;138m[48;2;254;122;138m▀[0m[38;2;254;120;137m[48;2;254;120;137m▀[0m[38;2;254;120;137m[48;2;254;120;137m▀[0m[38;2;149;106;99m[48;2;149;106;99m▀[0m[38;2;79;81;149m[48;2;255;151;16m▀[0m[38;2;255;255;156m[48;2;24;4;0m▀[0m[38;2;195;159;48m[48;2;195;159;48m▀[0m[38;2;255;255;255m[48;2;255;255;255m▀[0m[38;2;229;186;30m[48;2;229;186;30m▀[0m[38;2;255;231;121m[48;2;255;231;121m▀[0m[38;2;92;73;23m[48;2;0;0;0m▀[0m[38;2;254;120;137m[48;2;254;120;137m▀[0m[38;2;254;120;137m[48;2;254;120;137m▀[0m[38;2;254;122;138m[48;2;254;122;138m▀[0m[38;2;65;64;65m[48;2;254;122;138m▀[0m[38;2;224;82;93m[48;2;65;64;65m▀[0m[38;2;224;82;93m[48;2;224;82;93m▀[0m[38;2;65;64;65m[48;2;224;82;93m▀[0m[38;2;221;178;39m[48;2;65;64;65m▀[0m[38;2;216;179;54m[48;2;65;64;65m▀[0m[38;2;65;64;65m[48;2;255;237;132m▀[0m[38;2;255;231;121m[48;2;255;231;121m▀[0m[38;2;0;0;0m[48;2;255;231;121m▀[0m[38;2;0;0;0m▄   
 [38;2;0;0;0m▀[38;2;224;82;93m[48;2;0;0;0m▀[0m[38;2;224;82;93m[48;2;0;0;0m▀[0m[38;2;224;82;93m[48;2;0;0;0m▀[0m[38;2;0;0;0m▀    [38;2;0;0;0m▀[38;2;254;122;138m[48;2;0;0;0m▀[0m[38;2;254;122;138m[48;2;224;79;91m▀[0m[38;2;254;122;138m[48;2;224;79;91m▀[0m[38;2;254;122;138m[48;2;254;122;138m▀[0m[38;2;185;147;24m[48;2;254;122;138m▀[0m[38;2;180;121;65m[48;2;180;121;65m▀[0m[38;2;255;244;213m[48;2;197;182;160m▀[0m[38;2;200;160;46m[48;2;200;160;46m▀[0m[38;2;255;234;137m[48;2;8;7;0m▀[0m[38;2;0;0;0m▀ [38;2;0;0;0m[48;2;0;0;0m▀[0m[38;2;254;122;138m[48;2;254;122;138m▀[0m[38;2;254;120;137m[48;2;254;120;137m▀[0m[38;2;254;120;137m[48;2;254;120;137m▀[0m[38;2;65;64;65m[48;2;254;120;138m▀[0m[38;2;206;91;107m[48;2;65;64;65m▀[0m[38;2;224;82;93m[48;2;224;82;93m▀[0m[38;2;65;64;65m[48;2;65;64;65m▀[0m[38;2;194;153;24m[48;2;254;204;85m▀[0m[38;2;254;204;85m[48;2;255;245;238m▀[0m[38;2;255;231;121m[48;2;157;56;40m▀[0m[38;2;255;231;121m[48;2;255;231;121m▀[0m[38;2;92;74;19m[48;2;186;151;40m▀[0m[38;2;0;0;0m[48;2;255;223;110m▀[0m[38;2;0;0;0m▄ 
          [38;2;0;0;0m▄[38;2;0;0;0m▄[38;2;16;4;0m[48;2;221;178;39m▀[0m[38;2;66;66;46m[48;2;221;178;39m▀[0m[38;2;65;64;65m[48;2;234;193;30m▀[0m[38;2;181;149;31m[48;2;65;64;65m▀[0m[38;2;180;144;28m[48;2;233;187;30m▀[0m[38;2;66;61;55m[48;2;233;187;30m▀[0m[38;2;0;0;0m[48;2;221;178;39m▀[0m[38;2;0;0;0m▄[38;2;0;0;0m▄ [38;2;0;0;0m[48;2;0;0;0m▀[0m[38;2;254;122;138m[48;2;254;122;138m▀[0m[38;2;254;120;137m[48;2;254;120;137m▀[0m[38;2;254;120;137m[48;2;254;120;137m▀[0m[38;2;254;122;138m[48;2;254;122;138m▀[0m[38;2;65;64;65m[48;2;65;64;65m▀[0m[38;2;77;72;53m[48;2;153;122;39m▀[0m[38;2;255;233;127m[48;2;77;72;53m▀[0m[38;2;255;231;121m[48;2;255;231;121m▀[0m[38;2;195;66;50m[48;2;195;66;50m▀[0m[38;2;157;56;40m[48;2;255;231;121m▀[0m[38;2;255;231;121m[48;2;255;231;121m▀[0m[38;2;255;231;121m[48;2;255;231;121m▀[0m[38;2;255;231;121m[48;2;0;0;0m▀[0m[38;2;0;0;0m▀ 
        [38;2;0;0;0m▄[38;2;0;0;0m[48;2;221;178;39m▀[0m[38;2;225;182;34m[48;2;181;144;24m▀[0m[38;2;225;182;34m[48;2;225;182;34m▀[0m[38;2;224;179;39m[48;2;65;64;65m▀[0m[38;2;224;179;39m[48;2;65;64;65m▀[0m[38;2;66;61;55m[48;2;209;171;58m▀[0m[38;2;255;234;128m[48;2;255;234;128m▀[0m[38;2;228;184;36m[48;2;255;231;121m▀[0m[38;2;228;184;36m[48;2;255;231;121m▀[0m[38;2;255;231;121m[48;2;185;147;24m▀[0m[38;2;255;231;121m[48;2;255;231;121m▀[0m[38;2;255;231;121m[48;2;255;231;121m▀[0m[38;2;0;0;0m[48;2;255;231;121m▀[0m[38;2;65;64;65m[48;2;255;223;114m▀[0m[38;2;254;120;137m[48;2;65;64;65m▀[0m[38;2;254;120;137m[48;2;254;120;137m▀[0m[38;2;254;120;137m[48;2;254;120;137m▀[0m[38;2;254;120;137m[48;2;89;77;42m▀[0m[38;2;89;77;42m[48;2;112;95;117m▀[0m[38;2;153;122;39m[48;2;77;72;53m▀[0m[38;2;77;72;53m[48;2;255;233;127m▀[0m[38;2;186;151;24m[48;2;255;234;128m▀[0m[38;2;255;234;128m[48;2;232;190;44m▀[0m[38;2;255;234;131m[48;2;195;159;48m▀[0m[38;2;255;234;131m[48;2;8;7;0m▀[0m[38;2;0;0;0m▀   
        [38;2;0;0;0m▄[38;2;0;0;0m[48;2;221;178;39m▀[0m[38;2;65;64;65m[48;2;65;64;65m▀[0m[38;2;65;64;65m[48;2;224;179;39m▀[0m[38;2;255;234;124m[48;2;255;234;124m▀[0m[38;2;255;234;124m[48;2;255;234;124m▀[0m[38;2;255;234;124m[48;2;255;234;124m▀[0m[38;2;255;234;124m[48;2;255;234;124m▀[0m[38;2;255;234;124m[48;2;255;234;124m▀[0m[38;2;255;234;124m[48;2;255;234;124m▀[0m[38;2;224;179;39m[48;2;224;179;39m▀[0m[38;2;65;64;65m[48;2;65;64;65m▀[0m[38;2;255;231;121m[48;2;0;0;0m▀[0m[38;2;255;231;121m[48;2;0;0;0m▀[0m[38;2;255;231;121m[48;2;255;231;121m▀[0m[38;2;255;231;121m[48;2;228;184;36m▀[0m[38;2;65;64;65m[48;2;255;231;121m▀[0m[38;2;65;64;65m[48;2;65;64;65m▀[0m[38;2;185;147;24m[48;2;65;64;65m▀[0m[38;2;65;64;65m[48;2;185;147;24m▀[0m[38;2;153;122;39m[48;2;77;72;53m▀[0m[38;2;77;72;53m[48;2;255;233;127m▀[0m[38;2;65;64;65m[48;2;255;231;121m▀[0m[38;2;255;231;121m[48;2;255;231;121m▀[0m[38;2;255;231;121m[48;2;92;73;23m▀[0m[38;2;255;231;121m[48;2;0;0;0m▀[0m[38;2;0;0;0m▀   
        [38;2;0;0;0m▀[38;2;221;178;39m[48;2;0;0;0m▀[0m[38;2;224;179;39m[48;2;224;179;39m▀[0m[38;2;65;64;65m[48;2;224;179;39m▀[0m[38;2;255;231;121m[48;2;228;184;36m▀[0m[38;2;255;231;121m[48;2;255;231;121m▀[0m[38;2;255;231;121m[48;2;65;64;65m▀[0m[38;2;65;64;65m[48;2;255;231;121m▀[0m[38;2;255;234;124m[48;2;66;61;55m▀[0m[38;2;216;174;49m[48;2;216;174;49m▀[0m[38;2;221;178;39m[48;2;221;178;39m▀[0m[38;2;0;0;0m[48;2;0;0;0m▀[0m  [38;2;0;0;0m▀[38;2;0;0;0m▀[38;2;0;0;0m▀[38;2;65;64;65m[48;2;0;0;0m▀[0m[38;2;185;147;24m[48;2;185;147;24m▀[0m[38;2;185;147;24m[48;2;0;0;0m▀[0m[38;2;0;0;0m▀[38;2;65;64;65m[48;2;0;0;0m▀[0m[38;2;185;147;24m[48;2;255;231;121m▀[0m[38;2;255;231;121m[48;2;185;147;24m▀[0m[38;2;255;231;121m[48;2;0;0;0m▀[0m[38;2;0;0;0m▀    
         [38;2;0;0;0m▀[38;2;232;190;44m[48;2;8;4;0m▀[0m[38;2;69;66;42m[48;2;8;4;0m▀[0m[38;2;221;178;39m[48;2;0;0;0m▀[0m[38;2;221;178;39m[48;2;221;178;39m▀[0m[38;2;65;64;65m[48;2;65;64;65m▀[0m[38;2;255;231;121m[48;2;255;231;121m▀[0m[38;2;255;234;128m[48;2;255;234;128m▀[0m[38;2;232;190;44m[48;2;186;151;24m▀[0m[38;2;66;66;46m[48;2;16;4;0m▀[0m[38;2;221;178;39m[48;2;221;178;39m▀[0m[38;2;0;0;0m[48;2;221;178;39m▀[0m[38;2;0;0;0m[48;2;221;178;39m▀[0m[38;2;0;0;0m▄[38;2;0;0;0m▄[38;2;0;0;0m[48;2;185;147;24m▀[0m[38;2;185;147;24m[48;2;185;147;24m▀[0m[38;2;185;147;24m[48;2;0;0;0m▀[0m[38;2;0;0;0m▀[38;2;0;0;0m▄[38;2;0;0;0m[48;2;255;231;121m▀[0m[38;2;255;237;141m[48;2;196;157;46m▀[0m[38;2;0;4;0m[48;2;0;4;0m▀[0m      
             [38;2;0;0;0m▀[38;2;0;0;0m▀[38;2;185;147;24m[48;2;0;0;0m▀[0m[38;2;255;231;121m[48;2;0;0;0m▀[0m[38;2;0;0;0m▀ [38;2;0;0;0m▀[38;2;0;0;0m▀[38;2;221;178;39m[48;2;0;0;0m▀[0m[38;2;200;160;46m[48;2;8;7;0m▀[0m[38;2;200;160;46m[48;2;255;234;137m▀[0m[38;2;65;64;65m[48;2;255;231;121m▀[0m[38;2;65;64;65m[48;2;255;231;121m▀[0m[38;2;92;73;23m[48;2;255;231;121m▀[0m[38;2;0;0;0m[48;2;255;231;121m▀[0m[38;2;255;231;121m[48;2;0;0;0m▀[0m[38;2;255;231;121m[48;2;0;0;0m▀[0m[38;2;0;0;0m▀       
                       [38;2;0;0;0m▀[38;2;0;0;0m▀[38;2;0;0;0m▀[38;2;0;0;0m▀[38;2;0;0;0m▀          
                                     [0m                                     