              [38;2;0;0;0m▄[38;2;0;0;0m[48;2;123;132;141m▀[0m[38;2;0;0;0m[48;2;123;132;141m▀[0m[38;2;0;0;0m▄                              
       [38;2;0;0;0m▄[38;2;0;0;0m[48;2;174;187;195m▀[0m[38;2;0;0;0m[48;2;65;64;65m▀[0m[38;2;0;0;0m▄   [38;2;0;0;0m[48;2;0;0;0m▀[0m[38;2;125;135;143m[48;2;125;135;143m▀[0m[38;2;125;135;143m[48;2;84;90;95m▀[0m[38;2;0;0;0m[48;2;123;132;141m▀[0m[38;2;0;0;0m▄[38;2;0;0;0m▄[38;2;0;0;0m[48;2;208;216;219m▀[0m[38;2;0;0;0m[48;2;208;216;219m▀[0m[38;2;0;0;0m[48;2;208;216;219m▀[0m[38;2;0;0;0m[48;2;208;216;219m▀[0m[38;2;0;0;0m[48;2;208;216;219m▀[0m[38;2;0;0;0m[48;2;208;216;219m▀[0m[38;2;0;0;0m▄[38;2;0;0;0m▄       [38;2;0;0;0m▄  [38;2;0;0;0m▄[38;2;0;0;0m[48;2;174;187;195m▀[0m[38;2;0;0;0m▄       
      [38;2;0;0;0m▄[38;2;3;3;4m[48;2;178;191;200m▀[0m[38;2;178;191;200m[48;2;80;86;91m▀[0m[38;2;87;93;98m[48;2;87;93;98m▀[0m[38;2;0;0;0m[48;2;0;0;0m▀[0m  [38;2;0;0;0m[48;2;0;0;0m▀[0m[38;2;123;132;141m[48;2;123;132;141m▀[0m[38;2;87;93;98m[48;2;87;93;98m▀[0m[38;2;87;93;98m[48;2;65;64;65m▀[0m[38;2;59;65;63m[48;2;193;204;209m▀[0m[38;2;193;204;209m[48;2;97;102;104m▀[0m[38;2;208;216;219m[48;2;97;115;116m▀[0m[38;2;208;216;219m[48;2;208;216;219m▀[0m[38;2;207;215;218m[48;2;207;215;218m▀[0m[38;2;207;215;218m[48;2;207;215;218m▀[0m[38;2;207;215;218m[48;2;207;215;218m▀[0m[38;2;207;215;218m[48;2;207;215;218m▀[0m[38;2;208;216;219m[48;2;208;216;219m▀[0m[38;2;208;216;219m[48;2;97;115;116m▀[0m[38;2;193;205;209m[48;2;85;93;95m▀[0m[38;2;0;8;0m[48;2;193;205;209m▀[0m[38;2;0;0;0m▄    [38;2;0;0;0m[48;2;0;0;0m▀[0m[38;2;181;192;199m[48;2;181;192;199m▀[0m[38;2;16;4;0m[48;2;59;61;63m▀[0m[38;2;0;0;0m▄[38;2;0;0;0m[48;2;86;92;97m▀[0m[38;2;84;90;95m[48;2;84;90;95m▀[0m[38;2;174;187;195m[48;2;174;187;195m▀[0m[38;2;0;0;0m[48;2;0;0;0m▀[0m      
    [38;2;0;0;0m▄[38;2;3;3;4m[48;2;120;130;137m▀[0m[38;2;182;195;204m[48;2;120;130;137m▀[0m[38;2;86;92;97m[48;2;123;132;141m▀[0m[38;2;86;92;97m[48;2;86;92;97m▀[0m[38;2;87;93;98m[48;2;65;64;65m▀[0m[38;2;65;64;65m[48;2;87;93;98m▀[0m[38;2;0;0;0m[48;2;86;92;97m▀[0m[38;2;0;0;0m▄[38;2;0;0;0m[48;2;76;76;76m▀[0m[38;2;76;76;76m[48;2;253;231;46m▀[0m[38;2;65;64;65m[48;2;65;64;65m▀[0m[38;2;174;187;195m[48;2;174;187;195m▀[0m[38;2;174;187;195m[48;2;97;115;116m▀[0m[38;2;97;115;116m[48;2;174;187;195m▀[0m[38;2;174;187;195m[48;2;174;187;195m▀[0m[38;2;97;115;116m[48;2;174;187;195m▀[0m[38;2;97;115;116m[48;2;97;115;116m▀[0m[38;2;97;115;116m[48;2;174;187;195m▀[0m[38;2;95;114;115m[48;2;65;64;65m▀[0m[38;2;95;114;115m[48;2;65;64;65m▀[0m[38;2;95;101;103m[48;2;65;72;65m▀[0m[38;2;178;191;200m[48;2;178;191;200m▀[0m[38;2;174;187;195m[48;2;174;187;195m▀[0m[38;2;174;187;195m[48;2;84;90;95m▀[0m[38;2;174;186;195m[48;2;103;110;115m▀[0m[38;2;0;0;0m[48;2;103;110;115m▀[0m[38;2;0;0;0m▄ [38;2;0;0;0m[48;2;0;0;0m▀[0m[38;2;100;108;112m[48;2;169;184;189m▀[0m[38;2;174;187;195m[48;2;97;115;116m▀[0m[38;2;174;187;195m[48;2;174;187;195m▀[0m[38;2;65;64;65m[48;2;178;191;200m▀[0m[38;2;123;131;136m[48;2;65;64;65m▀[0m[38;2;84;90;95m[48;2;84;90;95m▀[0m[38;2;174;187;195m[48;2;84;90;95m▀[0m[38;2;174;187;195m[48;2;174;187;195m▀[0m[38;2;0;0;0m[48;2;174;187;195m▀[0m[38;2;0;0;0m▄    
    [38;2;0;0;0m[48;2;0;0;0m▀[0m[38;2;125;135;143m[48;2;125;135;143m▀[0m[38;2;125;135;143m[48;2;84;90;95m▀[0m[38;2;84;90;95m[48;2;125;135;143m▀[0m[38;2;125;135;143m[48;2;125;135;143m▀[0m[38;2;97;115;116m[48;2;0;0;0m▀[0m[38;2;0;0;0m▀[38;2;98;103;106m[48;2;8;0;0m▀[0m[38;2;62;64;66m[48;2;62;64;66m▀[0m[38;2;217;170;39m[48;2;217;170;39m▀[0m[38;2;217;170;39m[48;2;217;170;39m▀[0m[38;2;132;107;25m[48;2;253;235;46m▀[0m[38;2;65;64;65m[48;2;65;64;65m▀[0m[38;2;97;115;116m[48;2;174;187;195m▀[0m[38;2;174;187;195m[48;2;174;187;195m▀[0m[38;2;174;187;195m[48;2;65;64;65m▀[0m[38;2;174;187;195m[48;2;65;64;65m▀[0m[38;2;65;64;65m[48;2;253;235;46m▀[0m[38;2;65;64;65m[48;2;253;235;46m▀[0m[38;2;255;235;55m[48;2;255;235;55m▀[0m[38;2;255;235;55m[48;2;255;235;55m▀[0m[38;2;253;235;46m[48;2;253;235;46m▀[0m[38;2;65;64;65m[48;2;65;64;65m▀[0m[38;2;86;92;97m[48;2;86;92;97m▀[0m[38;2;123;132;141m[48;2;123;132;141m▀[0m[38;2;123;132;141m[48;2;65;64;65m▀[0m[38;2;123;132;141m[48;2;65;64;65m▀[0m[38;2;59;61;63m[48;2;181;192;199m▀[0m[38;2;16;4;0m[48;2;59;61;63m▀[0m[38;2;177;189;197m[48;2;177;189;197m▀[0m[38;2;177;189;197m[48;2;177;189;197m▀[0m[38;2;97;115;116m[48;2;174;187;195m▀[0m[38;2;174;187;195m[48;2;97;115;116m▀[0m[38;2;174;187;195m[48;2;174;187;195m▀[0m[38;2;65;64;65m[48;2;174;187;195m▀[0m[38;2;119;127;133m[48;2;60;60;61m▀[0m[38;2;97;102;105m[48;2;169;183;191m▀[0m[38;2;174;187;195m[48;2;84;90;95m▀[0m[38;2;174;187;195m[48;2;174;187;195m▀[0m[38;2;0;0;0m[48;2;0;0;0m▀[0m    
  [38;2;0;0;0m▄[38;2;3;3;4m[48;2;178;191;200m▀[0m[38;2;178;191;200m[48;2;80;86;91m▀[0m[38;2;84;90;95m[48;2;174;187;195m▀[0m[38;2;174;187;195m[48;2;174;187;195m▀[0m[38;2;76;82;87m[48;2;127;137;147m▀[0m[38;2;127;137;147m[48;2;0;4;0m▀[0m[38;2;0;0;0m▀[38;2;0;0;0m▄[38;2;16;0;0m[48;2;130;137;143m▀[0m[38;2;63;64;67m[48;2;63;64;67m▀[0m[38;2;74;52;57m[48;2;120;95;104m▀[0m[38;2;227;171;39m[48;2;74;52;57m▀[0m[38;2;214;172;39m[48;2;214;172;39m▀[0m[38;2;253;235;46m[48;2;214;172;39m▀[0m[38;2;65;68;65m[48;2;202;162;36m▀[0m[38;2;65;68;65m[48;2;255;237;98m▀[0m[38;2;255;235;55m[48;2;255;235;55m▀[0m[38;2;255;235;55m[48;2;255;235;55m▀[0m[38;2;253;235;46m[48;2;116;116;117m▀[0m[38;2;253;235;46m[48;2;0;0;0m▀[0m[38;2;255;221;72m[48;2;131;107;112m▀[0m[38;2;74;52;57m[48;2;74;52;57m▀[0m[38;2;64;65;67m[48;2;178;191;200m▀[0m[38;2;122;130;136m[48;2;178;191;200m▀[0m[38;2;88;92;96m[48;2;123;135;143m▀[0m[38;2;65;64;65m[48;2;65;64;65m▀[0m[38;2;123;132;141m[48;2;88;94;100m▀[0m[38;2;178;191;200m[48;2;123;132;141m▀[0m[38;2;65;64;65m[48;2;65;64;65m▀[0m[38;2;65;64;65m[48;2;0;0;0m▀[0m[38;2;0;0;0m▀[38;2;174;187;195m[48;2;0;0;0m▀[0m[38;2;174;187;195m[48;2;174;187;195m▀[0m[38;2;97;115;116m[48;2;174;187;195m▀[0m[38;2;174;187;195m[48;2;84;90;95m▀[0m[38;2;174;187;195m[48;2;174;187;195m▀[0m[38;2;65;64;65m[48;2;65;64;65m▀[0m[38;2;178;191;200m[48;2;123;131;136m▀[0m[38;2;174;187;195m[48;2;174;187;195m▀[0m[38;2;84;90;95m[48;2;84;90;95m▀[0m[38;2;174;187;195m[48;2;174;187;195m▀[0m[38;2;0;0;0m[48;2;0;0;0m▀[0m   
  [38;2;0;0;0m[48;2;0;0;0m▀[0m[38;2;178;191;200m[48;2;123;132;141m▀[0m[38;2;88;94;100m[48;2;88;94;100m▀[0m[38;2;179;191;199m[48;2;179;191;199m▀[0m[38;2;179;191;199m[48;2;123;132;141m▀[0m[38;2;126;135;143m[48;2;126;135;143m▀[0m[38;2;8;0;0m[48;2;59;62;65m▀[0m[38;2;0;0;0m▄[38;2;0;0;0m[48;2;123;132;141m▀[0m[38;2;178;191;200m[48;2;88;94;100m▀[0m[38;2;123;132;141m[48;2;178;191;200m▀[0m[38;2;65;64;65m[48;2;65;64;65m▀[0m[38;2;65;64;65m[48;2;214;172;39m▀[0m[38;2;217;170;39m[48;2;217;170;39m▀[0m[38;2;217;170;39m[48;2;217;170;39m▀[0m[38;2;255;237;71m[48;2;199;161;36m▀[0m[38;2;255;237;71m[48;2;74;68;74m▀[0m[38;2;199;161;36m[48;2;74;64;65m▀[0m[38;2;74;64;65m[48;2;122;127;131m▀[0m[38;2;160;74;65m[48;2;65;60;65m▀[0m[38;2;255;89;65m[48;2;65;60;65m▀[0m[38;2;65;64;65m[48;2;65;64;65m▀[0m[38;2;65;64;65m[48;2;174;187;195m▀[0m[38;2;179;191;199m[48;2;123;132;141m▀[0m[38;2;179;191;199m[48;2;179;191;199m▀[0m[38;2;123;132;141m[48;2;178;191;200m▀[0m[38;2;88;94;100m[48;2;88;94;100m▀[0m[38;2;60;60;61m[48;2;120;125;129m▀[0m[38;2;60;60;61m[48;2;202;211;217m▀[0m[38;2;123;132;141m[48;2;178;191;200m▀[0m[38;2;178;191;200m[48;2;88;94;100m▀[0m[38;2;16;0;0m[48;2;130;137;143m▀[0m[38;2;63;64;67m[48;2;63;64;67m▀[0m[38;2;174;187;195m[48;2;174;187;195m▀[0m[38;2;174;187;195m[48;2;84;90;95m▀[0m[38;2;84;90;95m[48;2;174;187;195m▀[0m[38;2;174;187;195m[48;2;84;90;95m▀[0m[38;2;65;64;65m[48;2;178;191;200m▀[0m[38;2;123;131;136m[48;2;65;64;65m▀[0m[38;2;123;132;141m[48;2;123;132;141m▀[0m[38;2;86;92;97m[48;2;86;92;97m▀[0m[38;2;174;187;195m[48;2;174;187;195m▀[0m[38;2;0;0;0m[48;2;174;187;195m▀[0m[38;2;0;0;0m▄  
 [38;2;0;0;0m[48;2;0;0;0m▀[0m[38;2;105;113;118m[48;2;178;191;200m▀[0m[38;2;86;92;97m[48;2;123;132;141m▀[0m[38;2;123;132;141m[48;2;86;92;97m▀[0m[38;2;123;132;141m[48;2;86;92;97m▀[0m[38;2;123;132;141m[48;2;86;92;97m▀[0m[38;2;123;132;141m[48;2;86;92;97m▀[0m[38;2;123;132;141m[48;2;86;92;97m▀[0m[38;2;65;64;65m[48;2;65;64;65m▀[0m[38;2;123;132;141m[48;2;65;64;65m▀[0m[38;2;131;133;136m[48;2;64;65;67m▀[0m[38;2;64;65;67m[48;2;210;181;39m▀[0m[38;2;214;172;39m[48;2;214;172;39m▀[0m[38;2;214;172;39m[48;2;125;103;23m▀[0m[38;2;122;98;23m[48;2;65;68;65m▀[0m[38;2;224;186;41m[48;2;65;68;65m▀[0m[38;2;214;172;39m[48;2;214;172;39m▀[0m[38;2;253;235;46m[48;2;214;172;39m▀[0m[38;2;64;65;67m[48;2;228;232;44m▀[0m[38;2;172;175;178m[48;2;64;65;67m▀[0m[38;2;178;189;195m[48;2;204;213;217m▀[0m[38;2;121;132;142m[48;2;204;213;217m▀[0m[38;2;179;191;199m[48;2;208;216;219m▀[0m[38;2;179;191;199m[48;2;208;216;219m▀[0m[38;2;170;181;186m[48;2;207;217;220m▀[0m[38;2;130;140;147m[48;2;83;90;96m▀[0m[38;2;208;216;219m[48;2;86;92;97m▀[0m[38;2;208;216;219m[48;2;86;92;97m▀[0m[38;2;178;191;200m[48;2;88;94;100m▀[0m[38;2;88;94;100m[48;2;123;132;141m▀[0m[38;2;84;90;95m[48;2;125;135;143m▀[0m[38;2;125;135;143m[48;2;125;135;143m▀[0m[38;2;65;64;65m[48;2;65;64;65m▀[0m[38;2;174;187;195m[48;2;174;187;195m▀[0m[38;2;174;187;195m[48;2;174;187;195m▀[0m[38;2;84;90;95m[48;2;84;90;95m▀[0m[38;2;177;189;197m[48;2;177;189;197m▀[0m[38;2;177;189;197m[48;2;177;189;197m▀[0m[38;2;84;90;95m[48;2;84;90;95m▀[0m[38;2;174;187;195m[48;2;174;187;195m▀[0m[38;2;60;62;62m[48;2;60;62;62m▀[0m[38;2;178;191;200m[48;2;93;97;100m▀[0m[38;2;174;187;195m[48;2;84;90;95m▀[0m[38;2;174;187;195m[48;2;84;90;95m▀[0m[38;2;81;86;90m[48;2;184;195;203m▀[0m[38;2;0;0;0m[48;2;0;0;0m▀[0m 
 [38;2;8;0;0m[48;2;8;0;0m▀[0m[38;2;127;135;142m[48;2;60;62;65m▀[0m[38;2;179;191;199m[48;2;123;132;141m▀[0m[38;2;179;191;199m[48;2;123;132;141m▀[0m[38;2;125;135;143m[48;2;125;135;143m▀[0m[38;2;125;135;143m[48;2;125;135;143m▀[0m[38;2;123;132;141m[48;2;123;132;141m▀[0m[38;2;123;132;141m[48;2;65;64;65m▀[0m[38;2;65;64;65m[48;2;0;0;0m▀[0m[38;2;0;0;0m▀[38;2;213;167;38m[48;2;0;0;0m▀[0m[38;2;213;167;38m[48;2;141;111;25m▀[0m[38;2;134;107;25m[48;2;61;62;61m▀[0m[38;2;61;62;61m[48;2;0;4;0m▀[0m[38;2;123;132;141m[48;2;0;0;0m▀[0m[38;2;123;132;141m[48;2;123;132;141m▀[0m[38;2;64;65;67m[48;2;131;133;136m▀[0m[38;2;210;181;39m[48;2;64;65;67m▀[0m[38;2;214;172;39m[48;2;214;172;39m▀[0m[38;2;253;235;46m[48;2;214;172;39m▀[0m[38;2;64;65;67m[48;2;210;181;39m▀[0m[38;2;131;133;136m[48;2;64;65;67m▀[0m[38;2;123;132;141m[48;2;65;64;65m▀[0m[38;2;123;132;141m[48;2;123;132;141m▀[0m[38;2;125;135;143m[48;2;125;135;143m▀[0m[38;2;125;135;143m[48;2;125;135;143m▀[0m[38;2;125;135;143m[48;2;125;135;143m▀[0m[38;2;125;135;143m[48;2;125;135;143m▀[0m[38;2;123;132;141m[48;2;123;132;141m▀[0m[38;2;123;132;141m[48;2;0;0;0m▀[0m[38;2;130;137;143m[48;2;16;0;0m▀[0m[38;2;63;64;67m[48;2;63;64;67m▀[0m[38;2;60;62;62m[48;2;60;62;62m▀[0m[38;2;178;191;200m[48;2;93;97;100m▀[0m[38;2;174;187;195m[48;2;174;187;195m▀[0m[38;2;84;90;95m[48;2;84;90;95m▀[0m[38;2;123;132;141m[48;2;123;132;141m▀[0m[38;2;179;191;199m[48;2;123;132;141m▀[0m[38;2;178;191;200m[48;2;123;132;141m▀[0m[38;2;88;94;100m[48;2;88;94;100m▀[0m[38;2;65;64;65m[48;2;65;64;65m▀[0m[38;2;174;187;195m[48;2;174;187;195m▀[0m[38;2;177;189;197m[48;2;177;189;197m▀[0m[38;2;177;189;197m[48;2;177;189;197m▀[0m[38;2;184;195;203m[48;2;81;86;90m▀[0m[38;2;0;0;0m[48;2;0;0;0m▀[0m 
  [38;2;0;0;0m[48;2;0;0;0m▀[0m[38;2;65;64;65m[48;2;156;131;29m▀[0m[38;2;65;64;65m[48;2;127;105;24m▀[0m[38;2;61;62;61m[48;2;0;4;0m▀[0m[38;2;61;62;61m[48;2;134;107;25m▀[0m[38;2;63;65;64m[48;2;0;0;0m▀[0m[38;2;141;118;26m[48;2;141;118;26m▀[0m[38;2;0;0;0m[48;2;0;0;0m▀[0m  [38;2;0;0;0m▀[38;2;0;0;0m▀  [38;2;0;0;0m▀[38;2;65;64;65m[48;2;0;0;0m▀[0m[38;2;65;64;65m[48;2;0;0;0m▀[0m[38;2;55;57;58m[48;2;103;104;106m▀[0m[38;2;208;177;38m[48;2;55;57;58m▀[0m[38;2;214;172;39m[48;2;214;172;39m▀[0m[38;2;214;172;39m[48;2;65;64;65m▀[0m[38;2;119;108;23m[48;2;63;64;65m▀[0m[38;2;63;64;65m[48;2;90;91;93m▀[0m[38;2;62;64;66m[48;2;98;103;106m▀[0m[38;2;62;64;66m[48;2;8;0;0m▀[0m[38;2;65;64;65m[48;2;0;0;0m▀[0m[38;2;0;0;0m▀[38;2;0;0;0m▀  [38;2;0;0;0m[48;2;0;0;0m▀[0m[38;2;174;187;195m[48;2;174;187;195m▀[0m[38;2;84;90;95m[48;2;174;187;195m▀[0m[38;2;84;90;95m[48;2;174;187;195m▀[0m[38;2;84;90;95m[48;2;174;187;195m▀[0m[38;2;84;90;95m[48;2;174;187;195m▀[0m[38;2;84;90;95m[48;2;174;187;195m▀[0m[38;2;84;90;95m[48;2;174;187;195m▀[0m[38;2;84;90;95m[48;2;174;187;195m▀[0m[38;2;174;187;195m[48;2;174;187;195m▀[0m[38;2;65;64;65m[48;2;65;64;65m▀[0m[38;2;65;68;65m[48;2;145;120;27m▀[0m[38;2;65;68;65m[48;2;217;180;40m▀[0m[38;2;0;0;0m[48;2;0;0;0m▀[0m  
  [38;2;0;0;0m▀[38;2;156;131;29m[48;2;0;0;0m▀[0m[38;2;0;0;0m▀ [38;2;0;0;0m▀ [38;2;0;0;0m▀          [38;2;0;0;0m▀[38;2;0;0;0m▀[38;2;0;0;0m▀[38;2;0;0;0m▀[38;2;0;0;0m▀[38;2;0;0;0m▀[38;2;0;0;0m▀      [38;2;0;0;0m▀[38;2;102;108;113m[48;2;8;0;0m▀[0m[38;2;170;182;189m[48;2;53;55;58m▀[0m[38;2;174;187;195m[48;2;65;64;65m▀[0m[38;2;174;187;195m[48;2;65;64;65m▀[0m[38;2;174;187;195m[48;2;65;64;65m▀[0m[38;2;174;187;195m[48;2;65;64;65m▀[0m[38;2;174;187;195m[48;2;65;64;65m▀[0m[38;2;174;187;195m[48;2;65;64;65m▀[0m[38;2;86;92;97m[48;2;0;0;0m▀[0m[38;2;0;0;0m▀[38;2;0;0;0m▀[38;2;214;172;39m[48;2;0;0;0m▀[0m[38;2;0;0;0m▀  
                                 [38;2;0;0;0m[48;2;0;0;0m▀[0m[38;2;214;172;39m[48;2;214;172;39m▀[0m[38;2;156;131;29m[48;2;0;0;0m▀[0m[38;2;0;0;0m▀[38;2;130;103;24m[48;2;0;0;0m▀[0m[38;2;0;0;0m▀[38;2;143;116;26m[48;2;0;4;0m▀[0m[38;2;214;174;38m[48;2;214;174;38m▀[0m[38;2;0;0;0m[48;2;0;0;0m▀[0m      
                                    [38;2;0;0;0m▀     [38;2;0;0;0m▀         
                                     [0m                                     