   [38;2;0;0;0m▄[38;2;0;0;0m▄   [38;2;0;0;0m▄[38;2;0;0;0m[48;2;214;180;187m▀[0m[38;2;0;0;0m▄                            
  [38;2;0;0;0m[48;2;0;0;0m▀[0m[38;2;156;114;202m[48;2;156;114;202m▀[0m[38;2;0;0;0m[48;2;156;114;202m▀[0m[38;2;0;0;0m▄ [38;2;0;0;0m▄[38;2;0;0;0m[48;2;209;166;176m▀[0m[38;2;214;180;187m[48;2;65;64;64m▀[0m[38;2;214;180;187m[48;2;70;63;74m▀[0m[38;2;0;0;0m[48;2;196;100;147m▀[0m[38;2;0;0;0m[48;2;214;118;165m▀[0m[38;2;0;0;0m▄[38;2;0;0;0m▄  [38;2;0;0;0m▄[38;2;0;0;0m▄                    
 [38;2;0;0;0m[48;2;0;0;0m▀[0m[38;2;156;114;202m[48;2;141;100;186m▀[0m[38;2;156;114;202m[48;2;141;100;186m▀[0m[38;2;0;0;0m[48;2;0;0;0m▀[0m  [38;2;0;0;0m[48;2;0;0;0m▀[0m[38;2;65;64;64m[48;2;255;255;255m▀[0m[38;2;209;166;176m[48;2;199;109;172m▀[0m[38;2;228;132;179m[48;2;199;109;172m▀[0m[38;2;228;132;179m[48;2;199;109;172m▀[0m[38;2;214;118;165m[48;2;255;255;255m▀[0m[38;2;214;118;165m[48;2;255;255;255m▀[0m[38;2;214;180;187m[48;2;65;64;64m▀[0m[38;2;0;0;0m[48;2;255;255;255m▀[0m[38;2;0;0;0m[48;2;255;255;255m▀[0m[38;2;255;255;255m[48;2;255;255;255m▀[0m[38;2;255;255;255m[48;2;255;255;255m▀[0m[38;2;0;0;0m[48;2;0;0;0m▀[0m                   
  [38;2;16;12;0m[48;2;0;0;0m▀[0m[38;2;196;157;241m[48;2;191;191;191m▀[0m[38;2;0;0;0m[48;2;0;0;0m▀[0m [38;2;0;0;0m[48;2;8;4;0m▀[0m[38;2;255;255;255m[48;2;255;255;255m▀[0m[38;2;255;255;255m[48;2;255;255;255m▀[0m[38;2;255;255;255m[48;2;255;255;255m▀[0m[38;2;255;255;255m[48;2;255;255;255m▀[0m[38;2;255;255;255m[48;2;255;255;255m▀[0m[38;2;255;255;255m[48;2;255;255;255m▀[0m[38;2;255;255;255m[48;2;255;255;255m▀[0m[38;2;255;255;255m[48;2;255;255;255m▀[0m[38;2;255;255;255m[48;2;255;255;255m▀[0m[38;2;255;255;255m[48;2;255;255;255m▀[0m[38;2;255;255;255m[48;2;190;161;174m▀[0m[38;2;0;0;0m[48;2;0;0;0m▀[0m    [38;2;0;0;0m▄[38;2;0;0;0m[48;2;198;160;241m▀[0m[38;2;0;0;0m[48;2;0;0;0m▀[0m             
   [38;2;0;0;0m▀[38;2;191;191;191m[48;2;0;0;0m▀[0m[38;2;0;0;0m[48;2;65;64;64m▀[0m[38;2;191;191;191m[48;2;198;160;241m▀[0m[38;2;255;255;255m[48;2;198;160;241m▀[0m[38;2;255;255;255m[48;2;255;250;246m▀[0m[38;2;255;255;255m[48;2;249;153;200m▀[0m[38;2;227;131;178m[48;2;244;148;195m▀[0m[38;2;227;131;178m[48;2;130;34;81m▀[0m[38;2;255;255;255m[48;2;65;64;64m▀[0m[38;2;65;64;64m[48;2;255;255;255m▀[0m[38;2;255;255;255m[48;2;255;255;255m▀[0m[38;2;255;255;255m[48;2;255;255;255m▀[0m[38;2;255;255;255m[48;2;214;180;187m▀[0m[38;2;8;4;0m[48;2;0;0;0m▀[0m  [38;2;0;0;0m▄[38;2;0;0;0m▄[38;2;0;0;0m[48;2;198;160;241m▀[0m[38;2;198;160;241m[48;2;198;160;241m▀[0m[38;2;198;160;241m[48;2;0;0;0m▀[0m[38;2;0;0;0m▀             
    [38;2;0;0;0m▄[38;2;0;0;0m[48;2;175;79;139m▀[0m[38;2;198;160;241m[48;2;175;79;139m▀[0m[38;2;198;160;241m[48;2;255;255;255m▀[0m[38;2;255;250;246m[48;2;255;255;255m▀[0m[38;2;67;60;54m[48;2;255;255;255m▀[0m[38;2;8;0;0m[48;2;255;255;255m▀[0m[38;2;187;91;138m[48;2;255;255;255m▀[0m[38;2;255;255;255m[48;2;255;255;255m▀[0m[38;2;255;255;255m[48;2;255;255;255m▀[0m[38;2;255;255;255m[48;2;191;191;191m▀[0m[38;2;211;178;187m[48;2;65;64;64m▀[0m[38;2;214;180;187m[48;2;65;64;64m▀[0m[38;2;65;63;60m[48;2;65;64;64m▀[0m[38;2;0;0;0m[48;2;255;255;255m▀[0m[38;2;0;0;0m[48;2;255;255;255m▀[0m[38;2;255;255;255m[48;2;255;255;255m▀[0m[38;2;159;117;206m[48;2;255;255;255m▀[0m[38;2;198;160;241m[48;2;156;114;202m▀[0m[38;2;198;160;241m[48;2;0;0;0m▀[0m[38;2;198;160;241m[48;2;0;0;0m▀[0m[38;2;0;0;0m▀             
     [38;2;0;0;0m▀[38;2;255;255;255m[48;2;0;0;0m▀[0m[38;2;255;255;255m[48;2;0;0;0m▀[0m[38;2;255;255;255m[48;2;0;0;0m▀[0m[38;2;255;255;255m[48;2;0;0;0m▀[0m[38;2;255;255;255m[48;2;0;0;0m▀[0m[38;2;211;178;187m[48;2;0;0;0m▀[0m[38;2;123;125;123m[48;2;0;0;0m▀[0m[38;2;57;60;57m[48;2;214;180;187m▀[0m[38;2;255;255;255m[48;2;65;64;64m▀[0m[38;2;255;255;255m[48;2;65;64;64m▀[0m[38;2;255;255;255m[48;2;65;63;60m▀[0m[38;2;255;255;255m[48;2;65;63;60m▀[0m[38;2;255;255;255m[48;2;0;0;0m▀[0m[38;2;0;0;0m▀[38;2;0;0;0m▀[38;2;0;0;0m▀[38;2;0;0;0m▀         [38;2;0;0;0m▄[38;2;0;0;0m▄[38;2;0;0;0m[48;2;228;132;179m▀[0m[38;2;0;0;0m[48;2;228;132;179m▀[0m[38;2;0;0;0m▄  
        [38;2;0;4;0m▄[38;2;0;4;0m▄   [38;2;0;0;0m[48;2;0;0;0m▀[0m[38;2;209;178;186m[48;2;190;161;174m▀[0m[38;2;209;178;186m[48;2;190;161;174m▀[0m[38;2;214;180;187m[48;2;255;255;255m▀[0m[38;2;0;0;0m[48;2;255;255;255m▀[0m[38;2;0;0;0m▄           [38;2;0;0;0m▄[38;2;0;0;0m[48;2;213;117;164m▀[0m[38;2;230;134;181m[48;2;228;132;179m▀[0m[38;2;230;134;181m[48;2;228;132;179m▀[0m[38;2;196;100;147m[48;2;230;134;181m▀[0m[38;2;70;63;74m[48;2;230;134;181m▀[0m[38;2;0;0;0m[48;2;230;134;181m▀[0m[38;2;0;0;0m▄ 
      [38;2;0;0;0m▄[38;2;0;0;0m[48;2;255;255;255m▀[0m[38;2;255;255;255m[48;2;255;255;255m▀[0m[38;2;188;160;173m[48;2;255;255;255m▀[0m[38;2;0;0;0m[48;2;211;178;187m▀[0m[38;2;0;0;0m[48;2;211;178;187m▀[0m[38;2;0;0;0m▄[38;2;0;0;0m▄[38;2;8;4;0m[48;2;65;64;64m▀[0m[38;2;255;255;255m[48;2;255;255;246m▀[0m[38;2;255;255;255m[48;2;65;64;64m▀[0m[38;2;255;255;255m[48;2;65;64;64m▀[0m[38;2;214;180;187m[48;2;255;252;250m▀[0m[38;2;0;0;0m[48;2;0;0;0m▀[0m         [38;2;0;0;0m▄[38;2;0;0;0m[48;2;255;255;255m▀[0m[38;2;213;117;164m[48;2;255;255;255m▀[0m[38;2;228;132;179m[48;2;0;0;0m▀[0m[38;2;228;132;179m[48;2;0;0;0m▀[0m[38;2;0;0;0m▀[38;2;0;0;0m▀[38;2;0;0;0m▀  
     [38;2;0;0;0m[48;2;0;0;0m▀[0m[38;2;255;255;255m[48;2;255;255;255m▀[0m[38;2;255;255;255m[48;2;255;255;255m▀[0m[38;2;255;255;255m[48;2;65;64;64m▀[0m[38;2;211;178;187m[48;2;209;178;186m▀[0m[38;2;211;178;187m[48;2;65;63;60m▀[0m[38;2;211;178;187m[48;2;214;180;187m▀[0m[38;2;214;180;187m[48;2;209;178;186m▀[0m[38;2;214;180;187m[48;2;209;178;186m▀[0m[38;2;209;180;191m[48;2;65;64;64m▀[0m[38;2;65;64;64m[48;2;255;255;255m▀[0m[38;2;255;255;255m[48;2;255;255;255m▀[0m[38;2;255;255;255m[48;2;255;255;255m▀[0m[38;2;84;83;83m[48;2;255;255;255m▀[0m[38;2;255;252;250m[48;2;65;64;64m▀[0m[38;2;0;0;0m[48;2;255;255;255m▀[0m[38;2;0;0;0m▄      [38;2;0;0;0m▄[38;2;0;0;0m[48;2;255;255;255m▀[0m[38;2;255;255;255m[48;2;255;255;255m▀[0m[38;2;0;0;0m[48;2;0;0;0m▀[0m       
    [38;2;0;0;0m[48;2;0;0;0m▀[0m[38;2;255;255;255m[48;2;255;255;255m▀[0m[38;2;255;255;255m[48;2;255;255;255m▀[0m[38;2;255;255;255m[48;2;255;255;255m▀[0m[38;2;65;64;64m[48;2;214;165;177m▀[0m[38;2;209;178;186m[48;2;0;0;8m▀[0m[38;2;0;0;0m▀[38;2;214;180;187m[48;2;0;0;0m▀[0m[38;2;209;178;186m[48;2;0;0;0m▀[0m[38;2;65;64;64m[48;2;65;64;64m▀[0m[38;2;255;255;255m[48;2;255;255;255m▀[0m[38;2;255;255;255m[48;2;255;255;255m▀[0m[38;2;255;255;255m[48;2;255;255;255m▀[0m[38;2;211;178;187m[48;2;65;64;64m▀[0m[38;2;255;255;255m[48;2;209;180;191m▀[0m[38;2;255;255;255m[48;2;255;255;246m▀[0m[38;2;84;84;84m[48;2;211;178;187m▀[0m[38;2;188;159;173m[48;2;211;178;187m▀[0m[38;2;0;0;0m[48;2;222;176;189m▀[0m[38;2;0;0;8m▄    [38;2;0;0;0m[48;2;0;4;0m▀[0m[38;2;255;255;255m[48;2;255;255;255m▀[0m[38;2;0;0;0m[48;2;0;0;0m▀[0m        
     [38;2;0;0;0m[48;2;0;0;0m▀[0m[38;2;255;255;255m[48;2;170;74;134m▀[0m[38;2;255;255;255m[48;2;170;74;134m▀[0m[38;2;151;105;118m[48;2;230;134;181m▀[0m[38;2;0;0;8m[48;2;0;0;0m▀[0m   [38;2;0;0;0m[48;2;0;0;0m▀[0m[38;2;255;255;255m[48;2;255;255;255m▀[0m[38;2;255;255;255m[48;2;255;255;255m▀[0m[38;2;255;255;255m[48;2;255;255;255m▀[0m[38;2;65;64;64m[48;2;255;255;255m▀[0m[38;2;209;180;191m[48;2;65;64;64m▀[0m[38;2;65;64;64m[48;2;209;178;186m▀[0m[38;2;211;178;187m[48;2;65;64;64m▀[0m[38;2;211;178;187m[48;2;65;64;64m▀[0m[38;2;76;59;66m[48;2;205;109;156m▀[0m[38;2;156;113;127m[48;2;205;109;156m▀[0m[38;2;0;0;0m[48;2;151;105;118m▀[0m[38;2;0;0;8m▄ [38;2;0;0;0m▄[38;2;0;4;0m[48;2;214;180;187m▀[0m[38;2;188;160;173m[48;2;214;180;187m▀[0m[38;2;0;0;0m[48;2;0;0;0m▀[0m        
    [38;2;0;0;0m▄[38;2;0;0;0m[48;2;225;129;176m▀[0m[38;2;170;74;134m[48;2;173;77;137m▀[0m[38;2;230;134;181m[48;2;228;132;179m▀[0m[38;2;0;0;0m[48;2;0;0;0m▀[0m   [38;2;0;0;16m▄[38;2;0;0;0m[48;2;248;152;199m▀[0m[38;2;65;64;64m[48;2;73;57;58m▀[0m[38;2;255;255;255m[48;2;175;79;126m▀[0m[38;2;255;255;255m[48;2;169;73;133m▀[0m[38;2;171;75;135m[48;2;199;103;150m▀[0m[38;2;65;64;64m[48;2;230;134;181m▀[0m[38;2;209;178;186m[48;2;65;64;64m▀[0m[38;2;65;64;64m[48;2;170;74;134m▀[0m[38;2;205;109;156m[48;2;170;74;134m▀[0m[38;2;205;109;156m[48;2;170;74;134m▀[0m[38;2;171;75;135m[48;2;214;180;187m▀[0m[38;2;214;165;177m[48;2;221;165;182m▀[0m[38;2;73;55;57m[48;2;126;30;90m▀[0m[38;2;0;0;0m[48;2;214;180;187m▀[0m[38;2;214;180;187m[48;2;214;180;187m▀[0m[38;2;214;180;187m[48;2;0;0;0m▀[0m[38;2;0;0;0m▀         
    [38;2;0;0;0m▀[38;2;170;74;134m[48;2;0;0;0m▀[0m[38;2;228;132;179m[48;2;0;0;0m▀[0m[38;2;0;0;8m▀   [38;2;0;0;0m[48;2;0;0;0m▀[0m[38;2;188;92;139m[48;2;207;111;158m▀[0m[38;2;188;92;139m[48;2;207;111;158m▀[0m[38;2;73;57;58m[48;2;78;52;52m▀[0m[38;2;225;129;176m[48;2;228;132;179m▀[0m[38;2;169;73;133m[48;2;170;74;134m▀[0m[38;2;227;131;178m[48;2;230;134;181m▀[0m[38;2;230;134;181m[48;2;65;46;58m▀[0m[38;2;65;64;64m[48;2;207;111;158m▀[0m[38;2;214;180;187m[48;2;171;75;135m▀[0m[38;2;214;180;187m[48;2;171;75;135m▀[0m[38;2;214;180;187m[48;2;171;75;135m▀[0m[38;2;214;180;187m[48;2;171;75;135m▀[0m[38;2;134;90;100m[48;2;201;105;152m▀[0m[38;2;183;124;142m[48;2;201;105;152m▀[0m[38;2;65;63;60m[48;2;0;0;0m▀[0m[38;2;0;0;0m▀           
           [38;2;0;0;0m▄[38;2;8;12;0m[48;2;214;180;187m▀[0m[38;2;65;46;58m[48;2;65;63;60m▀[0m[38;2;228;132;179m[48;2;0;0;0m▀[0m[38;2;175;79;126m[48;2;230;134;181m▀[0m[38;2;230;134;181m[48;2;230;134;181m▀[0m[38;2;230;134;181m[48;2;0;0;0m▀[0m[38;2;8;12;0m▀[38;2;207;111;158m[48;2;0;0;0m▀[0m[38;2;205;109;156m[48;2;80;50;54m▀[0m[38;2;205;109;156m[48;2;176;80;140m▀[0m[38;2;205;109;156m[48;2;170;74;134m▀[0m[38;2;205;109;156m[48;2;170;74;134m▀[0m[38;2;201;105;152m[48;2;65;64;64m▀[0m[38;2;0;0;0m[48;2;0;0;0m▀[0m             
            [38;2;0;0;0m▀[38;2;0;0;0m▀ [38;2;0;0;0m▀[38;2;0;0;0m▀   [38;2;8;8;0m[48;2;0;0;0m▀[0m[38;2;80;50;54m[48;2;214;180;187m▀[0m[38;2;170;74;134m[48;2;0;0;0m▀[0m[38;2;65;64;64m[48;2;214;180;187m▀[0m[38;2;0;0;0m[48;2;0;0;0m▀[0m              
                           [38;2;0;0;0m▀ [38;2;0;0;0m▀                      
                                     [0m                                     