     [38;2;0;0;0m▄             [38;2;0;0;0m▄[38;2;0;0;0m[48;2;136;92;43m▀[0m[38;2;0;0;0m[48;2;0;0;0m▀[0m[38;2;0;0;0m▄[38;2;0;0;0m[48;2;136;92;43m▀[0m[38;2;0;0;0m[48;2;0;0;0m▀[0m[38;2;0;0;0m▄ 
    [38;2;0;0;0m[48;2;0;0;0m▀[0m[38;2;136;92;43m[48;2;136;92;43m▀[0m[38;2;0;0;0m[48;2;0;0;0m▀[0m  [38;2;0;0;0m▄[38;2;0;0;0m[48;2;236;208;89m▀[0m[38;2;0;0;0m▄     [38;2;0;0;0m▄[38;2;0;0;0m[48;2;136;92;43m▀[0m[38;2;136;92;43m[48;2;136;92;43m▀[0m[38;2;104;65;23m[48;2;136;92;43m▀[0m[38;2;136;92;43m[48;2;136;92;43m▀[0m[38;2;136;92;43m[48;2;136;92;43m▀[0m[38;2;104;65;23m[48;2;136;92;43m▀[0m[38;2;136;92;43m[48;2;0;0;0m▀[0m[38;2;0;0;0m▀ 
  [38;2;0;0;0m▄[38;2;0;0;0m[48;2;136;92;43m▀[0m[38;2;136;92;43m[48;2;136;92;43m▀[0m[38;2;136;92;43m[48;2;104;65;23m▀[0m[38;2;0;0;0m[48;2;104;65;23m▀[0m[38;2;0;0;0m▄[38;2;0;0;0m[48;2;236;208;89m▀[0m[38;2;236;208;89m[48;2;236;208;89m▀[0m[38;2;236;208;89m[48;2;104;65;23m▀[0m[38;2;0;0;0m[48;2;0;0;0m▀[0m     [38;2;0;0;0m▀[38;2;136;92;43m[48;2;0;0;0m▀[0m[38;2;136;92;43m[48;2;136;92;43m▀[0m[38;2;136;92;43m[48;2;136;92;43m▀[0m[38;2;136;92;43m[48;2;0;0;0m▀[0m[38;2;0;0;0m▀[38;2;0;0;0m▀   
  [38;2;0;0;0m▀[38;2;136;92;43m[48;2;0;0;0m▀[0m[38;2;104;65;23m[48;2;236;208;89m▀[0m[38;2;236;208;89m[48;2;236;208;89m▀[0m[38;2;236;208;89m[48;2;136;92;43m▀[0m[38;2;104;65;23m[48;2;136;92;43m▀[0m[38;2;236;208;89m[48;2;236;208;89m▀[0m[38;2;104;65;23m[48;2;104;65;23m▀[0m[38;2;104;65;23m[48;2;217;159;82m▀[0m[38;2;0;0;0m[48;2;104;65;23m▀[0m[38;2;0;0;0m▄   [38;2;0;0;0m▄[38;2;0;0;0m[48;2;136;92;43m▀[0m[38;2;0;0;0m[48;2;136;92;43m▀[0m[38;2;136;92;43m[48;2;104;65;23m▀[0m[38;2;0;0;0m[48;2;0;0;0m▀[0m      
  [38;2;0;0;0m▄[38;2;0;0;0m[48;2;236;208;89m▀[0m[38;2;236;208;89m[48;2;236;208;89m▀[0m[38;2;136;92;43m[48;2;136;92;43m▀[0m[38;2;136;92;43m[48;2;236;208;89m▀[0m[38;2;236;208;89m[48;2;12;101;197m▀[0m[38;2;236;208;89m[48;2;205;228;255m▀[0m[38;2;236;208;89m[48;2;236;208;89m▀[0m[38;2;104;65;23m[48;2;236;208;89m▀[0m[38;2;136;92;43m[48;2;104;65;23m▀[0m[38;2;104;65;23m[48;2;136;92;43m▀[0m[38;2;0;0;0m[48;2;104;65;23m▀[0m[38;2;0;0;0m[48;2;136;92;43m▀[0m[38;2;0;0;0m[48;2;136;92;43m▀[0m[38;2;136;92;43m[48;2;136;92;43m▀[0m[38;2;136;92;43m[48;2;136;92;43m▀[0m[38;2;136;92;43m[48;2;136;92;43m▀[0m[38;2;136;92;43m[48;2;136;92;43m▀[0m[38;2;136;92;43m[48;2;104;65;23m▀[0m[38;2;0;0;0m[48;2;0;0;0m▀[0m     
 [38;2;0;0;0m[48;2;0;0;0m▀[0m[38;2;236;208;89m[48;2;60;149;245m▀[0m[38;2;236;208;89m[48;2;12;101;197m▀[0m[38;2;236;208;89m[48;2;236;208;89m▀[0m[38;2;236;208;89m[48;2;236;208;89m▀[0m[38;2;0;0;0m[48;2;236;208;89m▀[0m[38;2;60;149;245m[48;2;205;228;255m▀[0m[38;2;205;228;255m[48;2;136;92;43m▀[0m[38;2;136;92;43m[48;2;136;92;43m▀[0m[38;2;236;208;89m[48;2;104;65;23m▀[0m[38;2;104;65;23m[48;2;136;92;43m▀[0m[38;2;136;92;43m[48;2;136;92;43m▀[0m[38;2;136;92;43m[48;2;104;65;23m▀[0m[38;2;104;65;23m[48;2;104;65;23m▀[0m[38;2;104;65;23m[48;2;217;159;82m▀[0m[38;2;104;65;23m[48;2;217;159;82m▀[0m[38;2;104;65;23m[48;2;217;159;82m▀[0m[38;2;104;65;23m[48;2;236;208;89m▀[0m[38;2;136;92;43m[48;2;104;65;23m▀[0m[38;2;136;92;43m[48;2;104;65;23m▀[0m[38;2;136;92;43m[48;2;0;0;0m▀[0m[38;2;0;0;0m[48;2;0;0;0m▀[0m    
  [38;2;0;0;0m▀[38;2;236;208;89m[48;2;0;0;0m▀[0m[38;2;236;208;89m[48;2;0;0;0m▀[0m[38;2;136;92;43m[48;2;0;0;0m▀[0m[38;2;136;92;43m[48;2;236;208;89m▀[0m[38;2;236;208;89m[48;2;136;92;43m▀[0m[38;2;236;208;89m[48;2;217;159;82m▀[0m[38;2;217;159;82m[48;2;217;159;82m▀[0m[38;2;104;65;23m[48;2;217;159;82m▀[0m[38;2;104;65;23m[48;2;104;65;23m▀[0m[38;2;136;92;43m[48;2;104;65;23m▀[0m[38;2;104;65;23m[48;2;217;159;82m▀[0m[38;2;217;159;82m[48;2;217;159;82m▀[0m[38;2;217;159;82m[48;2;217;159;82m▀[0m[38;2;217;159;82m[48;2;217;159;82m▀[0m[38;2;236;208;89m[48;2;136;92;43m▀[0m[38;2;236;208;89m[48;2;236;208;89m▀[0m[38;2;236;208;89m[48;2;236;208;89m▀[0m[38;2;217;159;82m[48;2;104;65;23m▀[0m[38;2;0;0;0m[48;2;0;0;0m▀[0m     
     [38;2;0;0;0m▄[38;2;0;0;0m[48;2;0;0;0m▀[0m[38;2;217;159;82m[48;2;104;65;23m▀[0m[38;2;217;159;82m[48;2;104;65;23m▀[0m[38;2;217;159;82m[48;2;217;159;82m▀[0m[38;2;217;159;82m[48;2;236;208;89m▀[0m[38;2;236;208;89m[48;2;236;208;89m▀[0m[38;2;136;92;43m[48;2;236;208;89m▀[0m[38;2;217;159;82m[48;2;136;92;43m▀[0m[38;2;217;159;82m[48;2;0;0;0m▀[0m[38;2;136;92;43m[48;2;0;0;0m▀[0m[38;2;0;0;0m▀[38;2;0;0;0m[48;2;0;0;0m▀[0m[38;2;104;65;23m[48;2;236;208;89m▀[0m[38;2;104;65;23m[48;2;104;65;23m▀[0m[38;2;136;92;43m[48;2;136;92;43m▀[0m[38;2;104;65;23m[48;2;136;92;43m▀[0m[38;2;0;0;0m[48;2;0;0;0m▀[0m    
    [38;2;0;0;0m[48;2;0;0;0m▀[0m[38;2;236;208;89m[48;2;104;65;23m▀[0m[38;2;136;92;43m[48;2;236;208;89m▀[0m[38;2;136;92;43m[48;2;104;65;23m▀[0m[38;2;104;65;23m[48;2;104;65;23m▀[0m[38;2;104;65;23m[48;2;104;65;23m▀[0m[38;2;136;92;43m[48;2;136;92;43m▀[0m[38;2;236;208;89m[48;2;136;92;43m▀[0m[38;2;236;208;89m[48;2;136;92;43m▀[0m[38;2;136;92;43m[48;2;104;65;23m▀[0m[38;2;0;0;0m[48;2;0;0;0m▀[0m   [38;2;0;0;0m▀[38;2;236;208;89m[48;2;0;0;0m▀[0m[38;2;136;92;43m[48;2;0;0;0m▀[0m[38;2;236;208;89m[48;2;0;0;0m▀[0m[38;2;0;0;0m▀    
     [38;2;0;0;0m▀[38;2;0;0;0m▀[38;2;0;0;0m▀[38;2;0;0;0m▀[38;2;236;208;89m[48;2;0;0;0m▀[0m[38;2;136;92;43m[48;2;236;208;89m▀[0m[38;2;136;92;43m[48;2;136;92;43m▀[0m[38;2;104;65;23m[48;2;236;208;89m▀[0m[38;2;0;0;0m[48;2;0;0;0m▀[0m             
                [38;2;0;0;0m▀[38;2;0;0;0m▀[38;2;0;0;0m▀                    
                                     [0m                                     