          [38;2;0;0;0m▄[38;2;0;0;0m[48;2;197;194;205m▀[0m[38;2;0;0;0m▄    [38;2;0;0;0m▄                   
      [38;2;0;0;0m▄[38;2;0;0;0m▄[38;2;0;0;0m▄ [38;2;0;0;0m[48;2;0;0;0m▀[0m[38;2;197;194;205m[48;2;64;65;65m▀[0m[38;2;197;194;205m[48;2;64;65;65m▀[0m[38;2;0;0;0m[48;2;125;59;43m▀[0m[38;2;0;0;0m[48;2;125;59;43m▀[0m[38;2;0;0;0m[48;2;64;65;65m▀[0m[38;2;0;0;0m[48;2;255;255;255m▀[0m[38;2;255;255;255m[48;2;255;255;255m▀[0m[38;2;0;0;0m[48;2;0;0;0m▀[0m                  
   [38;2;0;0;0m▄[38;2;0;0;0m[48;2;64;65;65m▀[0m[38;2;0;0;0m[48;2;64;65;65m▀[0m[38;2;64;65;65m[48;2;64;65;65m▀[0m[38;2;64;65;65m[48;2;0;0;0m▀[0m[38;2;64;65;65m[48;2;64;65;65m▀[0m[38;2;0;0;0m[48;2;124;58;42m▀[0m[38;2;124;58;42m[48;2;137;103;111m▀[0m[38;2;124;58;42m[48;2;174;205;255m▀[0m[38;2;125;59;43m[48;2;174;205;255m▀[0m[38;2;125;59;43m[48;2;160;172;206m▀[0m[38;2;125;59;43m[48;2;125;59;43m▀[0m[38;2;125;59;43m[48;2;125;59;43m▀[0m[38;2;64;65;65m[48;2;125;59;43m▀[0m[38;2;64;65;65m[48;2;125;59;43m▀[0m[38;2;125;59;43m[48;2;64;65;65m▀[0m[38;2;0;0;0m[48;2;125;59;43m▀[0m[38;2;0;0;0m[48;2;125;59;43m▀[0m[38;2;0;0;0m[48;2;125;59;43m▀[0m[38;2;0;0;0m▄[38;2;0;0;0m▄             
    [38;2;0;0;0m▀[38;2;0;0;0m▀[38;2;0;0;0m▀ [38;2;0;0;0m[48;2;0;4;0m▀[0m[38;2;124;58;42m[48;2;62;67;82m▀[0m[38;2;174;205;255m[48;2;145;134;153m▀[0m[38;2;174;205;255m[48;2;124;58;42m▀[0m[38;2;151;149;174m[48;2;135;68;52m▀[0m[38;2;124;58;42m[48;2;57;64;65m▀[0m[38;2;64;65;65m[48;2;174;205;255m▀[0m[38;2;64;65;65m[48;2;174;205;255m▀[0m[38;2;64;65;65m[48;2;174;205;255m▀[0m[38;2;125;59;43m[48;2;64;65;65m▀[0m[38;2;125;59;43m[48;2;125;59;43m▀[0m[38;2;64;65;65m[48;2;125;59;43m▀[0m[38;2;64;65;65m[48;2;64;65;65m▀[0m[38;2;125;59;43m[48;2;0;0;0m▀[0m[38;2;125;59;43m[48;2;125;59;43m▀[0m[38;2;125;59;43m[48;2;125;59;43m▀[0m[38;2;0;0;0m[48;2;125;59;43m▀[0m[38;2;0;0;0m▄           
       [38;2;0;0;0m[48;2;0;0;0m▀[0m[38;2;178;203;246m[48;2;174;205;255m▀[0m[38;2;62;67;82m[48;2;174;205;255m▀[0m[38;2;124;58;42m[48;2;64;65;65m▀[0m[38;2;124;58;42m[48;2;64;65;65m▀[0m[38;2;57;64;65m[48;2;175;202;254m▀[0m[38;2;174;204;246m[48;2;175;202;254m▀[0m[38;2;174;205;255m[48;2;127;127;127m▀[0m[38;2;64;65;65m[48;2;255;255;255m▀[0m[38;2;64;65;65m[48;2;255;255;255m▀[0m[38;2;174;205;255m[48;2;64;65;65m▀[0m[38;2;64;65;65m[48;2;57;68;65m▀[0m[38;2;125;59;43m[48;2;122;56;41m▀[0m[38;2;0;0;0m[48;2;0;0;0m▀[0m [38;2;0;0;0m▀[38;2;0;0;0m▀[38;2;125;59;43m[48;2;0;0;0m▀[0m[38;2;125;59;43m[48;2;0;0;0m▀[0m[38;2;0;0;0m▀          
      [38;2;0;4;0m▄[38;2;0;0;0m[48;2;60;67;84m▀[0m[38;2;64;65;65m[48;2;170;97;80m▀[0m[38;2;64;65;65m[48;2;131;64;48m▀[0m[38;2;174;205;255m[48;2;64;65;65m▀[0m[38;2;174;205;255m[48;2;174;205;255m▀[0m[38;2;175;202;254m[48;2;175;202;254m▀[0m[38;2;175;202;254m[48;2;175;202;254m▀[0m[38;2;255;255;255m[48;2;52;60;84m▀[0m[38;2;0;0;0m[48;2;2;0;16m▀[0m[38;2;255;255;255m[48;2;255;255;255m▀[0m[38;2;255;255;255m[48;2;255;255;255m▀[0m[38;2;129;164;213m[48;2;129;165;222m▀[0m[38;2;57;68;65m[48;2;64;65;65m▀[0m[38;2;125;59;43m[48;2;125;59;43m▀[0m[38;2;0;0;0m[48;2;0;0;0m▀[0m               
     [38;2;0;0;0m[48;2;0;0;0m▀[0m[38;2;174;205;255m[48;2;174;205;255m▀[0m[38;2;174;205;255m[48;2;174;205;255m▀[0m[38;2;64;65;65m[48;2;174;205;255m▀[0m[38;2;64;65;65m[48;2;174;205;255m▀[0m[38;2;174;205;255m[48;2;174;205;255m▀[0m[38;2;174;205;255m[48;2;174;205;255m▀[0m[38;2;175;202;254m[48;2;175;202;254m▀[0m[38;2;175;202;254m[48;2;175;202;254m▀[0m[38;2;52;60;84m[48;2;174;205;255m▀[0m[38;2;87;117;169m[48;2;174;205;255m▀[0m[38;2;175;202;254m[48;2;128;168;219m▀[0m[38;2;255;255;255m[48;2;128;168;219m▀[0m[38;2;129;165;222m[48;2;133;164;213m▀[0m[38;2;64;65;65m[48;2;123;57;42m▀[0m[38;2;125;59;43m[48;2;125;59;43m▀[0m[38;2;0;0;0m[48;2;0;0;0m▀[0m               
  [38;2;0;12;8m▄[38;2;0;0;0m[48;2;137;162;197m▀[0m[38;2;0;0;0m[48;2;128;168;219m▀[0m[38;2;129;165;222m[48;2;128;168;219m▀[0m[38;2;64;65;65m[48;2;129;165;222m▀[0m[38;2;174;205;255m[48;2;64;65;65m▀[0m[38;2;64;65;65m[48;2;117;158;222m▀[0m[38;2;64;65;65m[48;2;74;91;117m▀[0m[38;2;64;65;65m[48;2;120;53;68m▀[0m[38;2;174;205;255m[48;2;44;41;82m▀[0m[38;2;175;202;254m[48;2;56;59;74m▀[0m[38;2;175;202;254m[48;2;56;59;74m▀[0m[38;2;60;66;74m[48;2;52;62;98m▀[0m[38;2;136;159;194m[48;2;129;165;222m▀[0m[38;2;128;168;219m[48;2;129;164;213m▀[0m[38;2;128;168;219m[48;2;57;68;65m▀[0m[38;2;57;72;65m[48;2;125;59;43m▀[0m[38;2;123;57;42m[48;2;125;59;43m▀[0m[38;2;125;59;43m[48;2;64;65;65m▀[0m[38;2;125;59;43m[48;2;64;65;65m▀[0m[38;2;0;0;0m[48;2;174;205;255m▀[0m[38;2;0;0;0m▄[38;2;0;0;0m▄      [38;2;0;0;0m▄[38;2;0;0;0m▄[38;2;0;0;0m▄[38;2;0;0;0m▄  
 [38;2;0;0;0m[48;2;0;0;0m▀[0m[38;2;133;66;50m[48;2;124;58;42m▀[0m[38;2;53;58;65m[48;2;64;65;65m▀[0m[38;2;128;168;219m[48;2;129;165;222m▀[0m[38;2;128;168;219m[48;2;129;165;222m▀[0m[38;2;129;165;222m[48;2;128;168;216m▀[0m[38;2;129;165;222m[48;2;86;96;132m▀[0m[38;2;52;58;65m[48;2;57;64;65m▀[0m[38;2;52;58;65m[48;2;135;68;52m▀[0m[38;2;120;53;68m[48;2;64;65;65m▀[0m[38;2;197;64;123m[48;2;64;65;65m▀[0m[38;2;197;64;123m[48;2;64;65;65m▀[0m[38;2;115;59;79m[48;2;64;65;65m▀[0m[38;2;129;165;222m[48;2;64;65;65m▀[0m[38;2;52;62;98m[48;2;125;59;43m▀[0m[38;2;57;68;65m[48;2;135;68;52m▀[0m[38;2;122;56;41m[48;2;57;64;65m▀[0m[38;2;125;59;43m[48;2;64;65;65m▀[0m[38;2;64;65;65m[48;2;174;205;255m▀[0m[38;2;174;205;255m[48;2;175;202;254m▀[0m[38;2;174;205;255m[48;2;175;202;254m▀[0m[38;2;174;205;255m[48;2;175;202;254m▀[0m[38;2;174;205;255m[48;2;175;202;254m▀[0m[38;2;174;205;255m[48;2;174;204;246m▀[0m[38;2;0;0;0m[48;2;57;64;65m▀[0m[38;2;0;0;0m▄   [38;2;0;0;0m[48;2;0;0;0m▀[0m[38;2;64;65;65m[48;2;125;59;43m▀[0m[38;2;125;59;43m[48;2;176;103;85m▀[0m[38;2;125;59;43m[48;2;125;59;43m▀[0m[38;2;64;65;65m[48;2;125;59;43m▀[0m[38;2;0;0;0m[48;2;0;0;0m▀[0m 
  [38;2;0;0;0m▀[38;2;0;0;0m▀[38;2;0;0;0m▀[38;2;0;0;0m▀[38;2;128;168;216m[48;2;0;0;0m▀[0m[38;2;86;96;132m[48;2;174;205;255m▀[0m[38;2;174;204;246m[48;2;174;205;255m▀[0m[38;2;57;64;65m[48;2;174;205;255m▀[0m[38;2;125;59;43m[48;2;64;65;65m▀[0m[38;2;125;59;43m[48;2;64;65;65m▀[0m[38;2;125;59;43m[48;2;74;72;57m▀[0m[38;2;125;59;43m[48;2;74;72;57m▀[0m[38;2;125;59;43m[48;2;64;65;65m▀[0m[38;2;64;65;65m[48;2;174;205;255m▀[0m[38;2;57;64;65m[48;2;175;202;254m▀[0m[38;2;174;204;246m[48;2;175;202;254m▀[0m[38;2;174;205;255m[48;2;174;205;255m▀[0m[38;2;174;205;255m[48;2;174;205;255m▀[0m[38;2;175;202;254m[48;2;64;65;65m▀[0m[38;2;175;202;254m[48;2;64;65;65m▀[0m[38;2;175;202;254m[48;2;174;205;255m▀[0m[38;2;175;202;254m[48;2;174;205;255m▀[0m[38;2;57;64;65m[48;2;64;65;65m▀[0m[38;2;135;68;52m[48;2;124;58;42m▀[0m[38;2;125;59;43m[48;2;64;65;65m▀[0m[38;2;0;0;0m[48;2;0;0;0m▀[0m  [38;2;0;0;0m[48;2;0;0;0m▀[0m[38;2;125;59;43m[48;2;64;65;65m▀[0m[38;2;125;59;43m[48;2;125;59;43m▀[0m[38;2;125;59;43m[48;2;125;59;43m▀[0m[38;2;125;59;43m[48;2;64;65;65m▀[0m[38;2;0;0;0m[48;2;0;0;0m▀[0m 
     [38;2;0;0;0m▄[38;2;0;0;0m[48;2;182;196;255m▀[0m[38;2;174;205;255m[48;2;96;127;177m▀[0m[38;2;174;205;255m[48;2;166;137;95m▀[0m[38;2;169;134;97m[48;2;242;234;193m▀[0m[38;2;167;138;97m[48;2;244;236;194m▀[0m[38;2;167;138;97m[48;2;244;236;194m▀[0m[38;2;126;115;164m[48;2;242;234;193m▀[0m[38;2;159;186;238m[48;2;166;137;95m▀[0m[38;2;174;205;255m[48;2;166;137;95m▀[0m[38;2;174;205;255m[48;2;175;202;254m▀[0m[38;2;175;202;254m[48;2;175;202;254m▀[0m[38;2;175;202;254m[48;2;175;202;254m▀[0m[38;2;174;205;255m[48;2;174;205;255m▀[0m[38;2;128;168;216m[48;2;128;168;216m▀[0m[38;2;129;165;222m[48;2;128;168;219m▀[0m[38;2;129;165;222m[48;2;128;168;219m▀[0m[38;2;60;67;84m[48;2;0;0;0m▀[0m[38;2;0;4;0m▀[38;2;0;0;0m▀[38;2;0;0;0m▀[38;2;0;0;0m▀    [38;2;0;0;0m[48;2;0;0;0m▀[0m[38;2;64;65;65m[48;2;242;234;193m▀[0m[38;2;64;65;65m[48;2;0;0;0m▀[0m[38;2;0;0;0m▀  
   [38;2;0;0;0m▄[38;2;0;0;0m[48;2;129;165;222m▀[0m[38;2;129;165;222m[48;2;64;65;65m▀[0m[38;2;71;81;117m[48;2;174;205;255m▀[0m[38;2;71;81;117m[48;2;174;205;255m▀[0m[38;2;242;234;193m[48;2;87;97;133m▀[0m[38;2;242;234;193m[48;2;242;234;193m▀[0m[38;2;244;236;194m[48;2;244;236;194m▀[0m[38;2;244;236;194m[48;2;244;236;194m▀[0m[38;2;242;234;193m[48;2;244;236;194m▀[0m[38;2;242;234;193m[48;2;95;105;141m▀[0m[38;2;244;236;194m[48;2;244;236;194m▀[0m[38;2;166;137;95m[48;2;244;236;194m▀[0m[38;2;175;202;254m[48;2;166;137;95m▀[0m[38;2;175;202;254m[48;2;175;202;254m▀[0m[38;2;174;205;255m[48;2;175;202;254m▀[0m[38;2;174;205;255m[48;2;175;202;254m▀[0m[38;2;128;168;219m[48;2;175;202;254m▀[0m[38;2;128;168;219m[48;2;175;202;254m▀[0m[38;2;0;0;0m[48;2;149;189;238m▀[0m[38;2;0;0;0m▄      [38;2;0;0;0m▄[38;2;0;0;0m[48;2;247;238;195m▀[0m[38;2;242;234;193m[48;2;115;112;87m▀[0m[38;2;0;0;0m[48;2;0;0;0m▀[0m   
   [38;2;0;0;0m[48;2;0;0;0m▀[0m[38;2;129;165;222m[48;2;128;168;216m▀[0m[38;2;129;165;222m[48;2;166;146;97m▀[0m[38;2;64;65;65m[48;2;242;234;193m▀[0m[38;2;64;65;65m[48;2;242;234;193m▀[0m[38;2;242;234;193m[48;2;242;234;193m▀[0m[38;2;242;234;193m[48;2;242;234;193m▀[0m[38;2;244;236;194m[48;2;244;236;194m▀[0m[38;2;244;236;194m[48;2;244;236;194m▀[0m[38;2;48;58;94m[48;2;64;65;65m▀[0m[38;2;172;203;253m[48;2;64;65;65m▀[0m[38;2;84;94;130m[48;2;244;236;194m▀[0m[38;2;244;236;194m[48;2;244;236;194m▀[0m[38;2;249;240;196m[48;2;249;240;196m▀[0m[38;2;166;137;95m[48;2;146;140;109m▀[0m[38;2;175;202;254m[48;2;175;202;254m▀[0m[38;2;175;202;254m[48;2;175;202;254m▀[0m[38;2;175;202;254m[48;2;175;202;254m▀[0m[38;2;175;202;254m[48;2;175;202;254m▀[0m[38;2;149;189;238m[48;2;174;205;255m▀[0m[38;2;0;0;0m[48;2;174;205;255m▀[0m[38;2;0;0;0m▄   [38;2;7;0;8m▄[38;2;0;0;0m[48;2;109;105;81m▀[0m[38;2;123;120;95m[48;2;242;234;193m▀[0m[38;2;247;238;195m[48;2;0;0;0m▀[0m[38;2;0;0;0m▀    
   [38;2;0;0;0m▀[38;2;128;168;216m[48;2;0;0;0m▀[0m[38;2;166;146;97m[48;2;129;165;222m▀[0m[38;2;242;234;193m[48;2;64;65;65m▀[0m[38;2;87;97;133m[48;2;170;205;255m▀[0m[38;2;87;97;133m[48;2;170;205;255m▀[0m[38;2;242;234;193m[48;2;94;104;140m▀[0m[38;2;244;236;194m[48;2;242;234;193m▀[0m[38;2;244;236;194m[48;2;242;234;193m▀[0m[38;2;242;234;193m[48;2;244;236;194m▀[0m[38;2;242;234;193m[48;2;95;105;141m▀[0m[38;2;244;236;194m[48;2;185;181;152m▀[0m[38;2;244;236;194m[48;2;212;206;173m▀[0m[38;2;201;196;165m[48;2;64;65;65m▀[0m[38;2;98;49;55m[48;2;129;165;222m▀[0m[38;2;175;202;254m[48;2;128;168;216m▀[0m[38;2;175;202;254m[48;2;174;205;255m▀[0m[38;2;175;202;254m[48;2;174;205;255m▀[0m[38;2;175;202;254m[48;2;174;205;255m▀[0m[38;2;174;205;255m[48;2;128;168;219m▀[0m[38;2;128;168;216m[48;2;128;168;219m▀[0m[38;2;64;65;65m[48;2;71;67;49m▀[0m[38;2;0;0;0m[48;2;209;204;171m▀[0m[38;2;0;0;0m[48;2;206;201;169m▀[0m[38;2;0;0;0m[48;2;206;201;169m▀[0m[38;2;206;201;169m[48;2;0;0;0m▀[0m[38;2;206;201;169m[48;2;0;0;0m▀[0m[38;2;0;0;0m▀      
    [38;2;0;0;0m▄[38;2;0;0;0m[48;2;64;65;65m▀[0m[38;2;134;158;191m[48;2;64;65;65m▀[0m[38;2;64;65;65m[48;2;64;65;65m▀[0m[38;2;63;73;109m[48;2;64;65;65m▀[0m[38;2;206;201;169m[48;2;0;0;0m▀[0m[38;2;206;201;169m[48;2;0;0;0m▀[0m[38;2;206;201;169m[48;2;206;201;169m▀[0m[38;2;48;58;94m[48;2;64;65;65m▀[0m[38;2;172;203;253m[48;2;64;65;65m▀[0m[38;2;86;96;132m[48;2;206;201;169m▀[0m[38;2;212;206;173m[48;2;206;201;169m▀[0m[38;2;64;65;65m[48;2;0;0;0m▀[0m[38;2;129;165;222m[48;2;129;165;222m▀[0m[38;2;128;168;216m[48;2;129;165;222m▀[0m[38;2;128;168;216m[48;2;129;165;222m▀[0m[38;2;128;168;216m[48;2;129;165;222m▀[0m[38;2;128;168;216m[48;2;129;165;222m▀[0m[38;2;128;168;219m[48;2;129;165;222m▀[0m[38;2;128;168;219m[48;2;0;0;0m▀[0m[38;2;0;0;8m▀[38;2;0;0;8m▀[38;2;0;0;0m▀[38;2;0;0;0m▀         
     [38;2;0;0;0m▀[38;2;0;0;0m▀[38;2;0;0;0m▀[38;2;0;0;0m▀  [38;2;0;0;0m▀[38;2;0;0;0m▀[38;2;0;0;0m▀[38;2;0;0;0m▀[38;2;0;0;0m▀ [38;2;0;0;0m▀[38;2;129;165;222m[48;2;0;0;0m▀[0m[38;2;64;65;65m[48;2;125;59;43m▀[0m[38;2;64;65;65m[48;2;0;0;0m▀[0m[38;2;64;65;65m[48;2;125;59;43m▀[0m[38;2;129;165;222m[48;2;0;0;0m▀[0m[38;2;0;0;0m▀             
                          [38;2;0;0;0m▀ [38;2;0;0;0m▀                       
                                     [0m                                     