 [38;2;0;0;0m▄[38;2;0;0;0m[48;2;239;178;186m▀[0m[38;2;0;0;0m[48;2;255;255;255m▀[0m[38;2;0;0;0m[48;2;255;255;255m▀[0m[38;2;0;0;0m▄                  
 [38;2;0;0;0m[48;2;0;0;0m▀[0m[38;2;255;255;255m[48;2;255;255;255m▀[0m[38;2;255;255;255m[48;2;182;121;129m▀[0m[38;2;255;255;255m[48;2;239;178;186m▀[0m[38;2;255;255;255m[48;2;255;255;255m▀[0m[38;2;0;0;0m[48;2;0;0;0m▀[0m [38;2;0;0;0m▄    [38;2;0;0;0m▄[38;2;0;0;0m[48;2;239;178;186m▀[0m[38;2;0;0;0m[48;2;255;255;255m▀[0m[38;2;0;0;0m[48;2;255;255;255m▀[0m[38;2;0;0;0m[48;2;255;255;255m▀[0m[38;2;0;0;0m▄     
 [38;2;0;0;0m[48;2;0;0;0m▀[0m[38;2;255;255;255m[48;2;239;178;186m▀[0m[38;2;153;177;1m[48;2;202;219;79m▀[0m[38;2;153;177;1m[48;2;239;178;186m▀[0m[38;2;239;178;186m[48;2;182;121;129m▀[0m[38;2;239;178;186m[48;2;65;65;65m▀[0m[38;2;0;0;0m[48;2;65;65;65m▀[0m[38;2;239;178;186m[48;2;239;178;186m▀[0m[38;2;0;0;0m[48;2;65;65;65m▀[0m[38;2;0;0;0m[48;2;182;121;129m▀[0m[38;2;0;0;0m▄[38;2;0;0;0m[48;2;65;65;65m▀[0m[38;2;239;178;186m[48;2;239;178;186m▀[0m[38;2;255;255;255m[48;2;182;121;129m▀[0m[38;2;255;255;255m[48;2;182;121;129m▀[0m[38;2;255;255;255m[48;2;255;255;255m▀[0m[38;2;255;255;255m[48;2;255;255;255m▀[0m[38;2;0;0;0m[48;2;0;0;0m▀[0m     
 [38;2;0;0;0m▀[38;2;215;154;162m[48;2;0;0;0m▀[0m[38;2;182;121;129m[48;2;215;154;162m▀[0m[38;2;239;178;186m[48;2;182;121;129m▀[0m[38;2;182;121;129m[48;2;239;178;186m▀[0m[38;2;65;65;65m[48;2;239;178;186m▀[0m[38;2;239;178;186m[48;2;182;121;129m▀[0m[38;2;215;154;162m[48;2;215;154;162m▀[0m[38;2;182;121;129m[48;2;239;178;186m▀[0m[38;2;239;178;186m[48;2;239;178;186m▀[0m[38;2;65;65;65m[48;2;239;178;186m▀[0m[38;2;239;178;186m[48;2;182;121;129m▀[0m[38;2;182;121;129m[48;2;239;178;186m▀[0m[38;2;153;177;1m[48;2;182;121;129m▀[0m[38;2;153;177;1m[48;2;202;219;79m▀[0m[38;2;239;178;186m[48;2;239;178;186m▀[0m[38;2;215;154;162m[48;2;0;0;0m▀[0m[38;2;0;0;0m▀ [38;2;0;0;0m▄   
  [38;2;0;0;0m▀[38;2;65;65;65m[48;2;0;0;0m▀[0m[38;2;239;178;186m[48;2;239;178;186m▀[0m[38;2;255;255;255m[48;2;0;0;0m▀[0m[38;2;239;178;186m[48;2;239;178;186m▀[0m[38;2;239;178;186m[48;2;239;178;186m▀[0m[38;2;239;178;186m[48;2;239;178;186m▀[0m[38;2;239;178;186m[48;2;239;178;186m▀[0m[38;2;239;178;186m[48;2;255;255;255m▀[0m[38;2;239;178;186m[48;2;239;178;186m▀[0m[38;2;215;154;162m[48;2;239;178;186m▀[0m[38;2;239;178;186m[48;2;182;121;129m▀[0m[38;2;182;121;129m[48;2;239;178;186m▀[0m[38;2;239;178;186m[48;2;215;154;162m▀[0m[38;2;239;178;186m[48;2;0;0;0m▀[0m[38;2;0;0;0m▀ [38;2;0;0;0m[48;2;0;0;0m▀[0m[38;2;255;255;255m[48;2;255;255;255m▀[0m[38;2;0;0;0m[48;2;0;0;0m▀[0m  
   [38;2;0;0;0m▀[38;2;239;178;186m[48;2;0;0;0m▀[0m[38;2;65;65;65m[48;2;239;178;186m▀[0m[38;2;239;178;186m[48;2;239;178;186m▀[0m[38;2;239;178;186m[48;2;182;121;129m▀[0m[38;2;239;178;186m[48;2;239;178;186m▀[0m[38;2;239;178;186m[48;2;239;178;186m▀[0m[38;2;0;0;0m[48;2;65;65;65m▀[0m[38;2;239;178;186m[48;2;239;178;186m▀[0m[38;2;239;178;186m[48;2;215;154;162m▀[0m[38;2;215;154;162m[48;2;182;121;129m▀[0m[38;2;65;65;65m[48;2;0;0;0m▀[0m[38;2;0;0;0m▀  [38;2;0;0;0m[48;2;0;0;0m▀[0m[38;2;255;255;255m[48;2;255;255;255m▀[0m[38;2;255;255;255m[48;2;255;255;255m▀[0m[38;2;0;0;0m[48;2;0;0;0m▀[0m  
     [38;2;0;0;0m[48;2;0;0;0m▀[0m[38;2;65;65;65m[48;2;182;121;129m▀[0m[38;2;239;178;186m[48;2;65;65;65m▀[0m[38;2;239;178;186m[48;2;65;65;65m▀[0m[38;2;215;154;162m[48;2;65;65;65m▀[0m[38;2;215;154;162m[48;2;182;121;129m▀[0m[38;2;182;121;129m[48;2;65;65;65m▀[0m[38;2;65;65;65m[48;2;0;0;0m▀[0m[38;2;0;0;0m▀ [38;2;0;0;0m▄[38;2;0;0;0m▄[38;2;0;0;0m[48;2;215;154;162m▀[0m[38;2;239;178;186m[48;2;239;178;186m▀[0m[38;2;239;178;186m[48;2;182;121;129m▀[0m[38;2;182;121;129m[48;2;239;178;186m▀[0m[38;2;65;65;65m[48;2;239;178;186m▀[0m[38;2;0;0;0m[48;2;0;0;0m▀[0m 
     [38;2;0;0;0m▄[38;2;0;0;0m[48;2;215;154;162m▀[0m[38;2;215;154;162m[48;2;182;121;129m▀[0m[38;2;215;154;162m[48;2;239;178;186m▀[0m[38;2;239;178;186m[48;2;239;178;186m▀[0m[38;2;65;65;65m[48;2;239;178;186m▀[0m[38;2;239;178;186m[48;2;65;65;65m▀[0m[38;2;182;121;129m[48;2;65;65;65m▀[0m[38;2;0;0;0m[48;2;215;154;162m▀[0m[38;2;0;0;0m[48;2;239;178;186m▀[0m[38;2;215;154;162m[48;2;239;178;186m▀[0m[38;2;239;178;186m[48;2;239;178;186m▀[0m[38;2;239;178;186m[48;2;182;121;129m▀[0m[38;2;239;178;186m[48;2;65;65;65m▀[0m[38;2;239;178;186m[48;2;0;0;0m▀[0m[38;2;182;121;129m[48;2;0;0;0m▀[0m[38;2;0;0;0m▀  
      [38;2;0;0;0m▀[38;2;0;0;0m▀[38;2;0;0;0m▀[38;2;215;154;162m[48;2;0;0;0m▀[0m[38;2;215;154;162m[48;2;0;0;0m▀[0m[38;2;182;121;129m[48;2;215;154;162m▀[0m[38;2;182;121;129m[48;2;0;0;0m▀[0m[38;2;0;0;0m▀[38;2;0;0;0m▀[38;2;215;154;162m[48;2;0;0;0m▀[0m[38;2;239;178;186m[48;2;0;0;0m▀[0m[38;2;239;178;186m[48;2;0;0;0m▀[0m[38;2;0;0;0m▀     
                         [38;2;0;0;0m▀[38;2;0;0;0m▀                         
                                     [0m                                     