        [38;2;0;0;0m▄[38;2;0;0;0m[48;2;226;207;1m▀[0m[38;2;0;0;0m▄[38;2;0;0;0m[48;2;226;207;1m▀[0m[38;2;0;0;0m[48;2;0;0;0m▀[0m        
       [38;2;0;0;0m▄[38;2;0;0;0m[48;2;226;207;1m▀[0m[38;2;226;207;1m[48;2;226;207;1m▀[0m[38;2;226;207;1m[48;2;226;207;1m▀[0m[38;2;226;207;1m[48;2;130;132;1m▀[0m[38;2;65;65;65m[48;2;226;207;1m▀[0m[38;2;0;0;0m[48;2;0;0;0m▀[0m       
   [38;2;0;0;0m▄[38;2;0;0;0m[48;2;226;207;1m▀[0m[38;2;0;0;0m▄[38;2;0;0;0m[48;2;0;0;0m▀[0m[38;2;226;207;1m[48;2;162;165;1m▀[0m[38;2;162;165;1m[48;2;162;165;1m▀[0m[38;2;226;207;1m[48;2;162;165;1m▀[0m[38;2;226;207;1m[48;2;226;207;1m▀[0m[38;2;226;207;1m[48;2;162;165;1m▀[0m[38;2;0;0;0m[48;2;0;0;0m▀[0m  [38;2;0;0;0m▄[38;2;0;0;0m▄    
   [38;2;0;0;0m[48;2;0;0;0m▀[0m[38;2;201;181;1m[48;2;162;165;1m▀[0m[38;2;65;65;65m[48;2;65;65;65m▀[0m[38;2;162;165;1m[48;2;162;165;1m▀[0m[38;2;162;165;1m[48;2;162;165;1m▀[0m[38;2;162;165;1m[48;2;162;165;1m▀[0m[38;2;162;165;1m[48;2;162;165;1m▀[0m[38;2;162;165;1m[48;2;162;165;1m▀[0m[38;2;162;165;1m[48;2;162;165;1m▀[0m[38;2;162;165;1m[48;2;162;165;1m▀[0m[38;2;0;0;0m[48;2;65;65;65m▀[0m[38;2;0;0;0m[48;2;226;207;1m▀[0m[38;2;226;207;1m[48;2;226;207;1m▀[0m[38;2;0;0;0m[48;2;0;0;0m▀[0m    
 [38;2;0;0;0m▄[38;2;0;0;0m[48;2;162;165;1m▀[0m[38;2;65;65;65m[48;2;162;165;1m▀[0m[38;2;162;165;1m[48;2;65;65;65m▀[0m[38;2;65;65;65m[48;2;130;132;1m▀[0m[38;2;162;165;1m[48;2;130;132;1m▀[0m[38;2;162;165;1m[48;2;162;165;1m▀[0m[38;2;162;165;1m[48;2;162;165;1m▀[0m[38;2;162;165;1m[48;2;162;165;1m▀[0m[38;2;162;165;1m[48;2;162;165;1m▀[0m[38;2;162;165;1m[48;2;65;65;65m▀[0m[38;2;65;65;65m[48;2;162;165;1m▀[0m[38;2;201;181;1m[48;2;162;165;1m▀[0m[38;2;201;181;1m[48;2;162;165;1m▀[0m[38;2;65;65;65m[48;2;65;65;65m▀[0m[38;2;162;165;1m[48;2;162;165;1m▀[0m[38;2;0;0;0m[48;2;162;165;1m▀[0m[38;2;0;0;0m▄  
 [38;2;0;0;0m▀[38;2;162;165;1m[48;2;0;0;0m▀[0m[38;2;162;165;1m[48;2;162;165;1m▀[0m[38;2;65;65;65m[48;2;162;165;1m▀[0m[38;2;130;132;1m[48;2;162;165;1m▀[0m[38;2;130;132;1m[48;2;130;132;1m▀[0m[38;2;130;132;1m[48;2;130;132;1m▀[0m[38;2;130;132;1m[48;2;130;132;1m▀[0m[38;2;130;132;1m[48;2;130;132;1m▀[0m[38;2;65;65;65m[48;2;65;65;65m▀[0m[38;2;65;65;65m[48;2;162;165;1m▀[0m[38;2;162;165;1m[48;2;162;165;1m▀[0m[38;2;162;165;1m[48;2;162;165;1m▀[0m[38;2;65;65;65m[48;2;162;165;1m▀[0m[38;2;162;165;1m[48;2;162;165;1m▀[0m[38;2;162;165;1m[48;2;162;165;1m▀[0m[38;2;162;165;1m[48;2;0;0;0m▀[0m[38;2;0;0;0m▀  
   [38;2;0;0;0m▀[38;2;0;0;0m▀[38;2;162;165;1m[48;2;0;0;0m▀[0m[38;2;162;165;1m[48;2;65;65;65m▀[0m[38;2;162;165;1m[48;2;162;165;1m▀[0m[38;2;162;165;1m[48;2;162;165;1m▀[0m[38;2;162;165;1m[48;2;162;165;1m▀[0m[38;2;162;165;1m[48;2;162;165;1m▀[0m[38;2;162;165;1m[48;2;162;165;1m▀[0m[38;2;162;165;1m[48;2;65;65;65m▀[0m[38;2;162;165;1m[48;2;0;0;0m▀[0m[38;2;162;165;1m[48;2;0;0;0m▀[0m[38;2;0;0;0m▀[38;2;0;0;0m▀    
     [38;2;0;0;0m▀[38;2;189;156;58m[48;2;0;0;0m▀[0m[38;2;65;65;65m[48;2;130;132;1m▀[0m[38;2;162;165;1m[48;2;65;65;65m▀[0m[38;2;162;165;1m[48;2;65;65;65m▀[0m[38;2;65;65;65m[48;2;0;0;0m▀[0m[38;2;65;65;65m[48;2;255;86;34m▀[0m[38;2;255;206;49m[48;2;0;0;0m▀[0m[38;2;0;0;0m▀       
      [38;2;0;0;0m▄[38;2;0;0;0m[48;2;255;86;34m▀[0m[38;2;130;132;1m[48;2;65;65;65m▀[0m[38;2;130;132;1m[48;2;65;65;65m▀[0m[38;2;65;65;65m[48;2;65;65;65m▀[0m[38;2;65;65;65m[48;2;162;165;1m▀[0m[38;2;162;165;1m[48;2;255;255;255m▀[0m[38;2;0;0;0m[48;2;222;53;1m▀[0m[38;2;0;0;0m▄[38;2;0;0;0m▄     
   [38;2;0;0;0m▄[38;2;0;0;0m[48;2;130;132;1m▀[0m[38;2;0;0;0m[48;2;130;132;1m▀[0m[38;2;65;65;65m[48;2;65;65;65m▀[0m[38;2;162;165;1m[48;2;162;165;1m▀[0m[38;2;222;53;1m[48;2;222;53;1m▀[0m[38;2;255;255;255m[48;2;255;86;34m▀[0m[38;2;222;53;1m[48;2;222;53;1m▀[0m[38;2;162;165;1m[48;2;65;65;65m▀[0m[38;2;255;86;34m[48;2;162;165;1m▀[0m[38;2;222;53;1m[48;2;162;165;1m▀[0m[38;2;162;165;1m[48;2;162;165;1m▀[0m[38;2;130;132;1m[48;2;162;165;1m▀[0m[38;2;0;0;0m[48;2;130;132;1m▀[0m[38;2;0;0;0m[48;2;130;132;1m▀[0m[38;2;0;0;0m[48;2;130;132;1m▀[0m[38;2;0;0;0m▄ 
   [38;2;0;0;0m▀[38;2;130;132;1m[48;2;0;0;0m▀[0m[38;2;65;65;65m[48;2;162;165;1m▀[0m[38;2;162;165;1m[48;2;162;165;1m▀[0m[38;2;162;165;1m[48;2;65;65;65m▀[0m[38;2;130;132;1m[48;2;130;132;1m▀[0m[38;2;222;53;1m[48;2;130;132;1m▀[0m[38;2;130;132;1m[48;2;130;132;1m▀[0m[38;2;130;132;1m[48;2;130;132;1m▀[0m[38;2;65;65;65m[48;2;65;65;65m▀[0m[38;2;162;165;1m[48;2;162;165;1m▀[0m[38;2;65;65;65m[48;2;162;165;1m▀[0m[38;2;162;165;1m[48;2;65;65;65m▀[0m[38;2;162;165;1m[48;2;162;165;1m▀[0m[38;2;130;132;1m[48;2;162;165;1m▀[0m[38;2;201;181;1m[48;2;201;181;1m▀[0m[38;2;0;0;0m[48;2;0;0;0m▀[0m 
    [38;2;0;0;0m▀[38;2;162;165;1m[48;2;0;0;0m▀[0m[38;2;162;165;1m[48;2;201;181;1m▀[0m[38;2;65;65;65m[48;2;65;65;65m▀[0m[38;2;130;132;1m[48;2;0;0;0m▀[0m[38;2;130;132;1m[48;2;130;132;1m▀[0m[38;2;130;132;1m[48;2;0;0;0m▀[0m[38;2;130;132;1m[48;2;130;132;1m▀[0m[38;2;130;132;1m[48;2;0;0;0m▀[0m[38;2;65;65;65m[48;2;65;65;65m▀[0m[38;2;162;165;1m[48;2;162;165;1m▀[0m[38;2;65;65;65m[48;2;201;181;1m▀[0m[38;2;162;165;1m[48;2;0;0;0m▀[0m[38;2;226;207;1m[48;2;0;0;0m▀[0m[38;2;0;0;0m▀  
     [38;2;0;0;0m▀[38;2;226;207;1m[48;2;0;0;0m▀[0m[38;2;0;0;0m[48;2;0;0;0m▀[0m [38;2;0;0;0m▀ [38;2;0;0;0m▀ [38;2;0;0;0m[48;2;0;0;0m▀[0m[38;2;201;181;1m[48;2;226;207;1m▀[0m[38;2;226;207;1m[48;2;130;132;1m▀[0m[38;2;0;0;0m[48;2;0;0;0m▀[0m    
             [38;2;0;0;0m▀[38;2;226;207;1m[48;2;0;0;0m▀[0m[38;2;0;0;0m▀     
                                     [0m                                     