                    [38;2;0;0;0m▄[38;2;0;0;0m[48;2;239;107;74m▀[0m[38;2;0;0;0m▄ 
         [38;2;0;0;0m▄[38;2;0;0;0m▄[38;2;0;0;0m[48;2;231;77;113m▀[0m[38;2;0;0;0m[48;2;231;77;113m▀[0m[38;2;0;0;0m[48;2;0;0;0m▀[0m     [38;2;0;0;0m▄[38;2;0;0;0m[48;2;239;107;74m▀[0m[38;2;239;107;74m[48;2;0;0;0m▀[0m[38;2;0;0;0m▀ 
    [38;2;0;0;0m▄[38;2;0;0;0m[48;2;212;198;123m▀[0m[38;2;0;0;0m▄[38;2;0;0;0m▄[38;2;0;0;0m[48;2;231;77;113m▀[0m[38;2;231;77;113m[48;2;231;77;113m▀[0m[38;2;231;77;113m[48;2;231;77;113m▀[0m[38;2;231;77;113m[48;2;231;77;113m▀[0m[38;2;0;0;0m[48;2;0;0;0m▀[0m[38;2;0;0;0m▄    [38;2;0;0;0m[48;2;0;0;0m▀[0m[38;2;239;107;74m[48;2;239;107;74m▀[0m[38;2;239;107;74m[48;2;239;107;74m▀[0m[38;2;0;0;0m[48;2;0;0;0m▀[0m  
   [38;2;0;0;0m[48;2;0;0;0m▀[0m[38;2;212;198;123m[48;2;212;198;123m▀[0m[38;2;212;198;123m[48;2;65;65;65m▀[0m[38;2;65;65;65m[48;2;231;77;113m▀[0m[38;2;231;77;113m[48;2;231;77;113m▀[0m[38;2;231;77;113m[48;2;231;77;113m▀[0m[38;2;231;77;113m[48;2;231;77;113m▀[0m[38;2;231;77;113m[48;2;231;77;113m▀[0m[38;2;231;77;113m[48;2;231;77;113m▀[0m[38;2;231;77;113m[48;2;231;77;113m▀[0m[38;2;231;77;113m[48;2;231;77;113m▀[0m[38;2;0;0;0m[48;2;231;77;113m▀[0m[38;2;0;0;0m▄[38;2;0;0;0m▄[38;2;0;0;0m[48;2;0;0;0m▀[0m[38;2;247;181;58m[48;2;247;222;74m▀[0m[38;2;239;107;74m[48;2;247;181;58m▀[0m[38;2;239;107;74m[48;2;247;222;74m▀[0m[38;2;239;107;74m[48;2;247;181;58m▀[0m[38;2;0;0;0m[48;2;0;0;0m▀[0m 
   [38;2;0;0;0m▄[38;2;0;0;0m[48;2;154;87;208m▀[0m[38;2;122;75;156m[48;2;122;75;156m▀[0m[38;2;231;77;113m[48;2;231;77;113m▀[0m[38;2;231;77;113m[48;2;122;75;156m▀[0m[38;2;122;75;156m[48;2;154;87;208m▀[0m[38;2;122;75;156m[48;2;154;87;208m▀[0m[38;2;122;75;156m[48;2;154;87;208m▀[0m[38;2;231;77;113m[48;2;122;75;156m▀[0m[38;2;231;77;113m[48;2;231;77;113m▀[0m[38;2;231;77;113m[48;2;65;65;65m▀[0m[38;2;65;65;65m[48;2;250;236;161m▀[0m[38;2;250;236;161m[48;2;250;236;161m▀[0m[38;2;212;198;123m[48;2;250;236;161m▀[0m[38;2;0;0;0m[48;2;0;0;0m▀[0m[38;2;247;222;74m[48;2;0;0;0m▀[0m[38;2;247;222;74m[48;2;247;222;74m▀[0m[38;2;247;222;74m[48;2;247;222;74m▀[0m[38;2;247;222;74m[48;2;0;0;0m▀[0m[38;2;0;0;0m▀ 
   [38;2;0;0;0m▀[38;2;154;87;208m[48;2;0;0;0m▀[0m[38;2;122;75;156m[48;2;154;87;208m▀[0m[38;2;122;75;156m[48;2;154;87;208m▀[0m[38;2;154;87;208m[48;2;154;87;208m▀[0m[38;2;154;87;208m[48;2;231;77;113m▀[0m[38;2;154;87;208m[48;2;231;77;113m▀[0m[38;2;154;87;208m[48;2;231;77;113m▀[0m[38;2;154;87;208m[48;2;154;87;208m▀[0m[38;2;122;75;156m[48;2;122;75;156m▀[0m[38;2;65;65;65m[48;2;65;65;65m▀[0m[38;2;250;236;161m[48;2;250;236;161m▀[0m[38;2;212;198;123m[48;2;212;198;123m▀[0m[38;2;250;236;161m[48;2;250;236;161m▀[0m[38;2;0;0;0m[48;2;0;0;0m▀[0m[38;2;0;0;0m▀[38;2;247;222;74m[48;2;0;0;0m▀[0m[38;2;247;222;74m[48;2;247;222;74m▀[0m[38;2;0;0;0m[48;2;247;222;74m▀[0m[38;2;0;0;0m▄ 
    [38;2;0;0;0m▀[38;2;122;75;156m[48;2;0;0;0m▀[0m[38;2;154;87;208m[48;2;239;107;74m▀[0m[38;2;239;107;74m[48;2;239;107;74m▀[0m[38;2;231;77;113m[48;2;250;236;161m▀[0m[38;2;0;0;0m[48;2;0;0;0m▀[0m[38;2;255;255;255m[48;2;255;255;255m▀[0m[38;2;122;75;156m[48;2;250;236;161m▀[0m[38;2;231;77;113m[48;2;231;77;113m▀[0m[38;2;65;65;65m[48;2;231;77;113m▀[0m[38;2;250;236;161m[48;2;65;65;65m▀[0m[38;2;212;198;123m[48;2;0;0;0m▀[0m[38;2;0;0;0m▀   [38;2;0;0;0m[48;2;0;0;0m▀[0m[38;2;247;181;58m[48;2;231;77;113m▀[0m[38;2;0;0;0m[48;2;0;0;0m▀[0m 
  [38;2;0;0;0m▄[38;2;0;0;0m[48;2;151;53;100m▀[0m[38;2;0;0;0m[48;2;180;72;108m▀[0m[38;2;65;65;65m[48;2;180;72;108m▀[0m[38;2;250;236;161m[48;2;65;65;65m▀[0m[38;2;250;236;161m[48;2;250;236;161m▀[0m[38;2;250;236;161m[48;2;212;198;123m▀[0m[38;2;250;236;161m[48;2;250;236;161m▀[0m[38;2;250;236;161m[48;2;65;65;65m▀[0m[38;2;250;236;161m[48;2;65;65;65m▀[0m[38;2;65;65;65m[48;2;255;255;255m▀[0m[38;2;65;65;65m[48;2;255;255;255m▀[0m[38;2;255;255;255m[48;2;231;77;113m▀[0m[38;2;0;0;0m[48;2;231;77;113m▀[0m[38;2;0;0;0m▄  [38;2;0;0;0m[48;2;0;0;0m▀[0m[38;2;180;72;108m[48;2;180;72;108m▀[0m[38;2;0;0;0m[48;2;0;0;0m▀[0m  
 [38;2;0;0;0m[48;2;0;0;0m▀[0m[38;2;180;72;108m[48;2;212;198;123m▀[0m[38;2;180;72;108m[48;2;180;72;108m▀[0m[38;2;180;72;108m[48;2;0;0;0m▀[0m[38;2;151;53;100m[48;2;0;0;0m▀[0m[38;2;0;0;0m▀[38;2;65;65;65m[48;2;0;0;0m▀[0m[38;2;65;65;65m[48;2;180;72;108m▀[0m[38;2;65;65;65m[48;2;151;53;100m▀[0m[38;2;255;255;255m[48;2;250;236;161m▀[0m[38;2;255;255;255m[48;2;250;236;161m▀[0m[38;2;255;255;255m[48;2;250;236;161m▀[0m[38;2;65;65;65m[48;2;231;77;113m▀[0m[38;2;231;77;113m[48;2;65;65;65m▀[0m[38;2;247;222;74m[48;2;247;222;74m▀[0m[38;2;247;222;74m[48;2;231;77;113m▀[0m[38;2;0;0;0m[48;2;231;77;113m▀[0m[38;2;0;0;0m[48;2;65;65;65m▀[0m[38;2;180;72;108m[48;2;0;0;0m▀[0m[38;2;0;0;0m▀   
  [38;2;0;0;0m▀[38;2;0;0;0m▀   [38;2;0;0;0m▀[38;2;65;65;65m[48;2;0;0;0m▀[0m[38;2;180;72;108m[48;2;0;0;0m▀[0m[38;2;151;53;100m[48;2;0;0;0m▀[0m[38;2;250;236;161m[48;2;65;65;65m▀[0m[38;2;180;72;108m[48;2;231;77;113m▀[0m[38;2;231;77;113m[48;2;231;77;113m▀[0m[38;2;231;77;113m[48;2;180;72;108m▀[0m[38;2;65;65;65m[48;2;65;65;65m▀[0m[38;2;231;77;113m[48;2;231;77;113m▀[0m[38;2;231;77;113m[48;2;180;72;108m▀[0m[38;2;231;77;113m[48;2;180;72;108m▀[0m[38;2;0;0;0m[48;2;0;0;0m▀[0m    
           [38;2;0;0;0m▀[38;2;250;236;161m[48;2;0;0;0m▀[0m[38;2;212;198;123m[48;2;0;0;0m▀[0m[38;2;250;236;161m[48;2;0;0;0m▀[0m[38;2;0;0;0m▀[38;2;180;72;108m[48;2;0;0;0m▀[0m[38;2;212;198;123m[48;2;250;236;161m▀[0m[38;2;250;236;161m[48;2;212;198;123m▀[0m[38;2;0;0;0m[48;2;0;0;0m▀[0m    
                               [38;2;0;0;0m▀[38;2;0;0;0m▀                   
                                     [0m                                     