     [38;2;0;0;0m▄[38;2;0;0;0m[48;2;235;110;88m▀[0m[38;2;0;0;0m[48;2;235;110;88m▀[0m[38;2;0;0;0m[48;2;235;110;88m▀[0m[38;2;0;0;0m▄     
    [38;2;0;0;0m[48;2;0;0;0m▀[0m[38;2;235;110;88m[48;2;235;110;88m▀[0m[38;2;235;110;88m[48;2;235;110;88m▀[0m[38;2;235;110;88m[48;2;235;110;88m▀[0m[38;2;235;110;88m[48;2;235;110;88m▀[0m[38;2;235;110;88m[48;2;235;110;88m▀[0m[38;2;0;0;0m[48;2;0;0;0m▀[0m    
  [38;2;0;0;0m▄[38;2;0;0;0m[48;2;65;65;65m▀[0m[38;2;235;110;88m[48;2;235;110;88m▀[0m[38;2;235;110;88m[48;2;235;110;88m▀[0m[38;2;235;110;88m[48;2;235;110;88m▀[0m[38;2;235;110;88m[48;2;235;110;88m▀[0m[38;2;235;110;88m[48;2;235;110;88m▀[0m[38;2;235;110;88m[48;2;235;110;88m▀[0m[38;2;235;110;88m[48;2;235;110;88m▀[0m[38;2;0;0;0m[48;2;0;0;0m▀[0m   
 [38;2;0;0;0m[48;2;0;0;0m▀[0m[38;2;142;91;27m[48;2;142;91;27m▀[0m[38;2;65;65;65m[48;2;65;65;65m▀[0m[38;2;212;136;43m[48;2;225;166;56m▀[0m[38;2;235;110;88m[48;2;212;136;43m▀[0m[38;2;235;110;88m[48;2;212;136;43m▀[0m[38;2;212;136;43m[48;2;225;166;56m▀[0m[38;2;212;136;43m[48;2;225;166;56m▀[0m[38;2;212;136;43m[48;2;225;166;56m▀[0m[38;2;235;110;88m[48;2;65;65;65m▀[0m[38;2;0;0;0m[48;2;215;164;100m▀[0m[38;2;0;0;0m[48;2;215;164;100m▀[0m[38;2;0;0;0m▄ 
 [38;2;0;0;0m[48;2;0;0;0m▀[0m[38;2;142;91;27m[48;2;142;91;27m▀[0m[38;2;142;91;27m[48;2;142;91;27m▀[0m[38;2;65;65;65m[48;2;223;200;62m▀[0m[38;2;225;166;56m[48;2;65;65;65m▀[0m[38;2;225;166;56m[48;2;65;65;65m▀[0m[38;2;225;166;56m[48;2;65;65;65m▀[0m[38;2;225;166;56m[48;2;65;65;65m▀[0m[38;2;65;65;65m[48;2;223;200;62m▀[0m[38;2;215;164;100m[48;2;215;164;100m▀[0m[38;2;215;164;100m[48;2;215;164;100m▀[0m[38;2;215;164;100m[48;2;215;164;100m▀[0m[38;2;0;0;0m[48;2;0;0;0m▀[0m 
  [38;2;0;0;0m▀[38;2;223;200;62m[48;2;0;0;0m▀[0m[38;2;223;200;62m[48;2;65;65;65m▀[0m[38;2;213;213;189m[48;2;65;65;65m▀[0m[38;2;65;65;65m[48;2;65;65;65m▀[0m[38;2;213;213;189m[48;2;213;213;189m▀[0m[38;2;65;65;65m[48;2;65;65;65m▀[0m[38;2;244;246;85m[48;2;65;65;65m▀[0m[38;2;223;200;62m[48;2;244;246;85m▀[0m[38;2;223;200;62m[48;2;244;246;85m▀[0m[38;2;215;164;100m[48;2;0;0;0m▀[0m[38;2;0;0;0m▀ 
  [38;2;0;0;0m[48;2;0;0;0m▀[0m[38;2;255;255;230m[48;2;213;213;189m▀[0m[38;2;65;65;65m[48;2;164;164;148m▀[0m[38;2;213;213;189m[48;2;255;255;230m▀[0m[38;2;255;255;230m[48;2;255;255;230m▀[0m[38;2;65;65;65m[48;2;164;164;148m▀[0m[38;2;255;255;230m[48;2;255;255;230m▀[0m[38;2;213;213;189m[48;2;255;255;230m▀[0m[38;2;65;65;65m[48;2;65;65;65m▀[0m[38;2;0;0;0m[48;2;255;255;230m▀[0m[38;2;0;0;0m▄  
   [38;2;0;0;0m[48;2;0;0;0m▀[0m[38;2;255;255;230m[48;2;65;65;65m▀[0m[38;2;213;213;189m[48;2;255;255;230m▀[0m[38;2;213;213;189m[48;2;255;255;230m▀[0m[38;2;255;255;230m[48;2;255;255;230m▀[0m[38;2;213;213;189m[48;2;255;255;230m▀[0m[38;2;164;164;148m[48;2;255;255;230m▀[0m[38;2;213;213;189m[48;2;255;255;230m▀[0m[38;2;164;164;148m[48;2;0;0;0m▀[0m[38;2;0;0;0m▀  
   [38;2;0;0;0m▀[38;2;65;65;65m[48;2;0;0;0m▀[0m[38;2;255;255;230m[48;2;213;213;189m▀[0m[38;2;255;255;230m[48;2;213;213;189m▀[0m[38;2;0;0;0m[48;2;0;0;0m▀[0m[38;2;255;255;230m[48;2;222;246;148m▀[0m[38;2;255;255;230m[48;2;213;213;189m▀[0m[38;2;213;213;189m[48;2;213;213;189m▀[0m[38;2;0;0;0m[48;2;0;0;0m▀[0m   
     [38;2;0;0;0m▀[38;2;213;213;189m[48;2;0;0;0m▀[0m[38;2;213;213;189m[48;2;65;65;65m▀[0m[38;2;213;213;189m[48;2;0;0;0m▀[0m[38;2;213;213;189m[48;2;0;0;0m▀[0m[38;2;0;0;0m▀    
    [38;2;0;0;0m▄[38;2;0;0;0m[48;2;222;246;148m▀[0m[38;2;0;0;0m[48;2;164;164;148m▀[0m[38;2;213;213;189m[48;2;222;246;148m▀[0m[38;2;0;0;0m[48;2;0;0;0m▀[0m[38;2;0;0;0m▄     
     [38;2;0;0;0m▀[38;2;0;0;0m▀[38;2;0;0;0m▀[38;2;222;246;148m[48;2;0;0;0m▀[0m[38;2;222;246;148m[48;2;0;0;0m▀[0m[38;2;0;0;0m▀    
                                     [0m                                     