      [38;2;0;0;0m▄[38;2;0;0;0m[48;2;148;113;57m▀[0m[38;2;0;0;0m[48;2;148;113;57m▀[0m[38;2;0;0;0m▄         
     [38;2;0;0;0m[48;2;0;0;0m▀[0m[38;2;148;115;57m[48;2;148;115;57m▀[0m[38;2;66;65;66m[48;2;66;65;66m▀[0m[38;2;148;113;57m[48;2;148;113;57m▀[0m[38;2;0;0;0m[48;2;0;0;0m▀[0m    [38;2;0;0;0m▄[38;2;0;0;0m▄[38;2;0;0;0m▄  
    [38;2;0;0;0m▄[38;2;0;0;0m[48;2;66;67;66m▀[0m[38;2;74;69;57m[48;2;198;158;82m▀[0m[38;2;136;113;69m[48;2;198;158;82m▀[0m[38;2;66;65;66m[48;2;230;216;176m▀[0m[38;2;66;65;66m[48;2;255;246;220m▀[0m[38;2;0;0;0m[48;2;255;255;255m▀[0m[38;2;0;0;0m▄[38;2;0;0;0m▄[38;2;0;0;0m[48;2;115;107;99m▀[0m[38;2;115;108;99m[48;2;65;66;66m▀[0m[38;2;115;108;99m[48;2;65;66;66m▀[0m[38;2;115;107;99m[48;2;115;107;99m▀[0m[38;2;0;0;0m[48;2;0;0;0m▀[0m 
  [38;2;0;0;0m▄[38;2;0;0;0m[48;2;198;158;90m▀[0m[38;2;198;158;90m[48;2;66;65;66m▀[0m[38;2;198;158;90m[48;2;198;158;90m▀[0m[38;2;197;156;90m[48;2;255;255;255m▀[0m[38;2;255;255;255m[48;2;255;255;255m▀[0m[38;2;255;255;255m[48;2;255;255;255m▀[0m[38;2;115;105;99m[48;2;115;105;99m▀[0m[38;2;115;107;99m[48;2;115;107;99m▀[0m[38;2;115;107;99m[48;2;115;107;99m▀[0m[38;2;115;107;99m[48;2;115;107;99m▀[0m[38;2;66;65;66m[48;2;115;107;99m▀[0m[38;2;115;107;99m[48;2;115;107;99m▀[0m[38;2;115;107;99m[48;2;0;0;0m▀[0m[38;2;0;0;0m▀  
 [38;2;0;0;0m▄[38;2;0;0;0m[48;2;255;215;222m▀[0m[38;2;255;215;222m[48;2;85;71;74m▀[0m[38;2;66;65;66m[48;2;255;255;255m▀[0m[38;2;255;255;255m[48;2;255;255;255m▀[0m[38;2;255;255;255m[48;2;255;255;255m▀[0m[38;2;115;105;99m[48;2;115;105;99m▀[0m[38;2;115;107;99m[48;2;66;65;66m▀[0m[38;2;115;107;99m[48;2;115;107;99m▀[0m[38;2;115;107;99m[48;2;115;107;99m▀[0m[38;2;115;107;99m[48;2;115;107;99m▀[0m[38;2;115;107;99m[48;2;115;107;99m▀[0m[38;2;66;65;66m[48;2;115;107;99m▀[0m[38;2;115;105;99m[48;2;76;70;66m▀[0m[38;2;115;105;99m[48;2;0;0;0m▀[0m[38;2;0;0;0m▀  
 [38;2;0;0;0m▀[38;2;255;215;222m[48;2;0;0;0m▀[0m[38;2;255;215;222m[48;2;255;220;176m▀[0m[38;2;129;93;98m[48;2;192;158;123m▀[0m[38;2;255;251;242m[48;2;255;251;242m▀[0m[38;2;255;255;255m[48;2;255;255;255m▀[0m[38;2;115;105;99m[48;2;255;255;255m▀[0m[38;2;255;255;255m[48;2;57;60;57m▀[0m[38;2;57;60;57m[48;2;57;60;57m▀[0m[38;2;115;105;99m[48;2;255;182;198m▀[0m[38;2;115;105;99m[48;2;115;105;99m▀[0m[38;2;115;107;99m[48;2;115;107;99m▀[0m[38;2;115;107;99m[48;2;115;107;99m▀[0m[38;2;0;0;0m[48;2;0;0;0m▀[0m    
  [38;2;0;0;0m[48;2;0;0;0m▀[0m[38;2;255;255;255m[48;2;170;154;98m▀[0m[38;2;255;255;255m[48;2;255;255;255m▀[0m[38;2;198;105;90m[48;2;255;255;255m▀[0m[38;2;198;101;90m[48;2;255;255;255m▀[0m[38;2;217;144;109m[48;2;255;255;255m▀[0m[38;2;255;255;255m[48;2;115;105;99m▀[0m[38;2;255;182;198m[48;2;115;105;99m▀[0m[38;2;255;182;198m[48;2;255;182;198m▀[0m[38;2;255;182;198m[48;2;115;105;99m▀[0m[38;2;115;107;99m[48;2;115;107;99m▀[0m[38;2;115;107;99m[48;2;115;107;99m▀[0m[38;2;115;107;99m[48;2;115;107;99m▀[0m[38;2;0;0;0m[48;2;0;0;0m▀[0m   
   [38;2;0;0;0m[48;2;0;0;0m▀[0m[38;2;255;255;255m[48;2;255;255;255m▀[0m[38;2;255;255;255m[48;2;255;255;255m▀[0m[38;2;255;255;255m[48;2;255;255;255m▀[0m[38;2;115;105;99m[48;2;255;255;255m▀[0m[38;2;115;107;99m[48;2;115;107;99m▀[0m[38;2;115;107;99m[48;2;66;65;66m▀[0m[38;2;66;65;66m[48;2;115;107;99m▀[0m[38;2;115;107;99m[48;2;115;107;99m▀[0m[38;2;115;107;99m[48;2;66;65;66m▀[0m[38;2;115;107;99m[48;2;115;107;99m▀[0m[38;2;139;130;116m[48;2;232;227;211m▀[0m[38;2;0;0;0m[48;2;0;0;0m▀[0m   
    [38;2;0;0;0m▀[38;2;255;255;255m[48;2;0;0;0m▀[0m[38;2;255;252;241m[48;2;237;233;219m▀[0m[38;2;115;105;90m[48;2;237;233;219m▀[0m[38;2;115;106;87m[48;2;238;234;217m▀[0m[38;2;66;65;74m[48;2;238;234;217m▀[0m[38;2;115;106;87m[48;2;66;65;74m▀[0m[38;2;66;65;74m[48;2;238;234;217m▀[0m[38;2;115;107;98m[48;2;238;234;217m▀[0m[38;2;238;234;217m[48;2;238;234;217m▀[0m[38;2;0;0;0m[48;2;0;0;0m▀[0m    
      [38;2;0;0;0m▀[38;2;0;0;0m▀[38;2;0;0;0m▀[38;2;66;67;66m[48;2;0;0;0m▀[0m[38;2;180;169;147m[48;2;238;234;217m▀[0m[38;2;238;234;217m[48;2;238;234;217m▀[0m[38;2;180;168;147m[48;2;0;0;0m▀[0m[38;2;0;0;0m▀     
                          [38;2;0;0;0m▀[38;2;0;0;0m▀                        
                                     [0m                                     