    [38;2;0;4;0m▄[38;2;0;4;0m[48;2;104;88;111m▀[0m[38;2;0;4;0m[48;2;104;88;111m▀[0m[38;2;0;4;0m▄                           
   [38;2;0;4;0m[48;2;0;4;0m▀[0m[38;2;104;88;111m[48;2;104;88;111m▀[0m[38;2;104;88;111m[48;2;104;88;111m▀[0m[38;2;104;88;111m[48;2;104;88;111m▀[0m[38;2;0;4;0m[48;2;0;4;0m▀[0m    [38;2;0;4;0m▄[38;2;0;4;0m▄[38;2;0;4;0m[48;2;125;109;132m▀[0m[38;2;0;4;0m[48;2;125;109;132m▀[0m[38;2;0;4;0m[48;2;125;109;132m▀[0m[38;2;0;4;0m▄[38;2;0;4;0m▄[38;2;0;4;0m▄      [38;2;0;4;0m▄[38;2;0;4;0m[48;2;125;109;132m▀[0m[38;2;0;4;0m[48;2;125;109;132m▀[0m[38;2;0;4;0m▄[38;2;0;4;0m▄    
  [38;2;0;4;0m[48;2;0;4;0m▀[0m[38;2;104;88;111m[48;2;104;88;111m▀[0m[38;2;104;88;111m[48;2;0;4;0m▀[0m[38;2;66;65;66m[48;2;66;65;66m▀[0m[38;2;103;87;110m[48;2;103;87;110m▀[0m[38;2;0;4;0m[48;2;104;88;111m▀[0m[38;2;0;4;0m▄ [38;2;0;4;0m▄[38;2;0;8;0m[48;2;61;60;74m▀[0m[38;2;129;113;136m[48;2;61;60;74m▀[0m[38;2;126;110;133m[48;2;66;65;66m▀[0m[38;2;126;110;133m[48;2;66;65;66m▀[0m[38;2;126;110;133m[48;2;126;110;133m▀[0m[38;2;126;110;133m[48;2;126;110;133m▀[0m[38;2;126;110;133m[48;2;126;110;133m▀[0m[38;2;126;110;133m[48;2;126;110;133m▀[0m[38;2;125;109;132m[48;2;125;109;132m▀[0m[38;2;0;4;0m[48;2;125;109;132m▀[0m[38;2;0;4;0m▄    [38;2;0;4;0m[48;2;0;4;0m▀[0m[38;2;126;110;133m[48;2;126;110;133m▀[0m[38;2;126;110;133m[48;2;126;110;133m▀[0m[38;2;126;110;133m[48;2;126;110;133m▀[0m[38;2;126;110;133m[48;2;126;110;133m▀[0m[38;2;0;4;0m[48;2;125;109;132m▀[0m[38;2;0;4;0m▄  
   [38;2;0;4;0m▀[38;2;0;4;0m▄[38;2;0;4;0m[48;2;104;88;111m▀[0m[38;2;104;88;111m[48;2;0;4;0m▀[0m[38;2;103;87;110m[48;2;103;87;110m▀[0m[38;2;66;65;66m[48;2;66;65;66m▀[0m[38;2;0;4;0m[48;2;125;109;132m▀[0m[38;2;125;109;132m[48;2;125;109;132m▀[0m[38;2;126;110;133m[48;2;126;110;133m▀[0m[38;2;126;110;133m[48;2;126;110;133m▀[0m[38;2;126;110;133m[48;2;126;110;133m▀[0m[38;2;126;110;133m[48;2;126;110;133m▀[0m[38;2;66;65;66m[48;2;126;110;133m▀[0m[38;2;66;65;66m[48;2;126;110;133m▀[0m[38;2;66;65;66m[48;2;126;110;133m▀[0m[38;2;126;110;133m[48;2;66;65;66m▀[0m[38;2;126;110;133m[48;2;66;65;66m▀[0m[38;2;126;110;133m[48;2;126;110;133m▀[0m[38;2;125;109;132m[48;2;125;109;132m▀[0m[38;2;0;4;0m[48;2;0;4;0m▀[0m  [38;2;0;4;0m[48;2;0;4;0m▀[0m[38;2;125;109;132m[48;2;125;109;132m▀[0m[38;2;126;110;133m[48;2;126;110;133m▀[0m[38;2;126;110;133m[48;2;66;65;66m▀[0m[38;2;126;110;133m[48;2;126;110;133m▀[0m[38;2;126;110;133m[48;2;126;110;133m▀[0m[38;2;125;109;132m[48;2;125;109;132m▀[0m[38;2;0;4;0m[48;2;125;109;132m▀[0m[38;2;0;4;0m▄ 
    [38;2;0;4;0m▀[38;2;0;4;0m▀[38;2;0;4;0m▄[38;2;0;4;0m[48;2;125;109;132m▀[0m[38;2;125;109;132m[48;2;125;109;132m▀[0m[38;2;126;110;133m[48;2;66;65;66m▀[0m[38;2;126;110;133m[48;2;66;65;66m▀[0m[38;2;66;65;66m[48;2;255;219;214m▀[0m[38;2;66;65;66m[48;2;255;219;214m▀[0m[38;2;66;65;66m[48;2;255;219;214m▀[0m[38;2;66;65;66m[48;2;255;219;214m▀[0m[38;2;126;110;133m[48;2;66;65;66m▀[0m[38;2;126;110;133m[48;2;66;65;66m▀[0m[38;2;126;110;133m[48;2;66;65;66m▀[0m[38;2;126;110;133m[48;2;126;110;133m▀[0m[38;2;126;110;133m[48;2;126;110;133m▀[0m[38;2;66;65;66m[48;2;126;110;133m▀[0m[38;2;129;113;136m[48;2;61;60;74m▀[0m[38;2;0;8;0m[48;2;61;60;74m▀[0m[38;2;0;4;0m▄[38;2;0;4;0m[48;2;125;109;132m▀[0m[38;2;126;110;133m[48;2;126;110;133m▀[0m[38;2;126;110;133m[48;2;66;65;66m▀[0m[38;2;126;110;133m[48;2;126;110;133m▀[0m[38;2;126;110;133m[48;2;126;110;133m▀[0m[38;2;66;64;66m[48;2;0;4;0m▀[0m[38;2;0;4;0m▀[38;2;125;109;132m[48;2;0;4;0m▀[0m[38;2;125;109;132m[48;2;125;109;132m▀[0m[38;2;0;4;0m[48;2;0;4;0m▀[0m 
      [38;2;0;4;0m[48;2;0;4;0m▀[0m[38;2;126;110;133m[48;2;126;110;133m▀[0m[38;2;66;65;66m[48;2;66;65;66m▀[0m[38;2;225;199;134m[48;2;247;251;255m▀[0m[38;2;214;174;74m[48;2;214;174;74m▀[0m[38;2;134;145;148m[48;2;134;145;148m▀[0m[38;2;255;219;214m[48;2;255;219;214m▀[0m[38;2;238;222;219m[48;2;238;222;219m▀[0m[38;2;206;174;148m[48;2;255;247;255m▀[0m[38;2;255;255;255m[48;2;222;178;66m▀[0m[38;2;255;255;255m[48;2;222;178;66m▀[0m[38;2;134;136;139m[48;2;255;255;255m▀[0m[38;2;74;77;82m[48;2;134;136;139m▀[0m[38;2;66;65;74m[48;2;255;215;222m▀[0m[38;2;129;113;136m[48;2;66;65;74m▀[0m[38;2;126;110;133m[48;2;126;110;133m▀[0m[38;2;126;110;133m[48;2;105;89;112m▀[0m[38;2;127;111;134m[48;2;60;59;77m▀[0m[38;2;127;111;134m[48;2;0;8;0m▀[0m[38;2;0;4;0m▀[38;2;0;4;0m▀[38;2;125;109;132m[48;2;0;4;0m▀[0m[38;2;125;109;132m[48;2;125;109;132m▀[0m[38;2;0;4;0m[48;2;0;4;0m▀[0m  [38;2;0;4;0m▀  
       [38;2;0;4;0m▀[38;2;66;64;66m[48;2;0;4;0m▀[0m[38;2;192;178;173m[48;2;255;235;231m▀[0m[38;2;255;235;231m[48;2;66;65;57m▀[0m[38;2;66;65;66m[48;2;126;110;133m▀[0m[38;2;66;65;66m[48;2;126;110;133m▀[0m[38;2;255;231;231m[48;2;66;65;66m▀[0m[38;2;255;231;231m[48;2;255;231;231m▀[0m[38;2;189;146;66m[48;2;255;255;255m▀[0m[38;2;189;146;66m[48;2;255;255;255m▀[0m[38;2;255;255;255m[48;2;255;255;255m▀[0m[38;2;148;146;132m[48;2;183;182;173m▀[0m[38;2;255;219;214m[48;2;255;219;214m▀[0m[38;2;66;65;66m[48;2;66;65;66m▀[0m[38;2;125;109;132m[48;2;105;89;112m▀[0m[38;2;105;89;112m[48;2;105;89;112m▀[0m[38;2;104;88;111m[48;2;104;88;111m▀[0m[38;2;0;4;0m[48;2;0;4;0m▀[0m   [38;2;0;4;0m▀      
         [38;2;0;4;0m[48;2;0;4;0m▀[0m[38;2;125;109;132m[48;2;125;109;132m▀[0m[38;2;126;110;133m[48;2;66;65;66m▀[0m[38;2;126;110;133m[48;2;66;65;66m▀[0m[38;2;126;110;133m[48;2;126;110;133m▀[0m[38;2;66;65;66m[48;2;126;110;133m▀[0m[38;2;66;65;66m[48;2;66;65;66m▀[0m[38;2;255;235;239m[48;2;255;235;239m▀[0m[38;2;203;181;148m[48;2;255;219;214m▀[0m[38;2;255;219;214m[48;2;255;219;214m▀[0m[38;2;247;211;222m[48;2;57;56;74m▀[0m[38;2;57;56;74m[48;2;122;106;129m▀[0m[38;2;104;88;111m[48;2;0;4;0m▀[0m[38;2;0;4;0m▀[38;2;0;4;0m▀           
       [38;2;0;4;0m▄[38;2;0;4;0m▄[38;2;0;4;0m▄[38;2;0;4;0m[48;2;100;84;107m▀[0m[38;2;57;56;74m[48;2;122;106;129m▀[0m[38;2;247;211;222m[48;2;57;56;74m▀[0m[38;2;66;65;66m[48;2;66;65;66m▀[0m[38;2;66;65;66m[48;2;66;65;66m▀[0m[38;2;255;219;214m[48;2;66;65;66m▀[0m[38;2;255;219;214m[48;2;66;65;66m▀[0m[38;2;66;65;66m[48;2;103;87;110m▀[0m[38;2;66;65;66m[48;2;103;87;110m▀[0m[38;2;112;96;119m[48;2;54;56;68m▀[0m[38;2;8;16;0m[48;2;54;56;68m▀[0m[38;2;0;4;0m▄             
    [38;2;0;4;0m▄[38;2;0;4;0m[48;2;137;135;166m▀[0m[38;2;0;4;0m[48;2;137;135;166m▀[0m[38;2;97;95;126m[48;2;0;4;0m▀[0m[38;2;97;95;126m[48;2;0;4;0m▀[0m[38;2;66;65;66m[48;2;66;65;66m▀[0m[38;2;100;84;107m[48;2;66;65;66m▀[0m[38;2;66;65;66m[48;2;126;110;133m▀[0m[38;2;126;110;133m[48;2;126;110;133m▀[0m[38;2;126;110;133m[48;2;126;110;133m▀[0m[38;2;126;110;133m[48;2;126;110;133m▀[0m[38;2;126;110;133m[48;2;126;110;133m▀[0m[38;2;126;110;133m[48;2;126;110;133m▀[0m[38;2;66;65;66m[48;2;124;108;131m▀[0m[38;2;66;65;66m[48;2;107;91;114m▀[0m[38;2;126;110;133m[48;2;126;110;133m▀[0m[38;2;126;110;133m[48;2;66;65;66m▀[0m[38;2;43;60;82m[48;2;137;135;166m▀[0m[38;2;8;8;0m[48;2;137;135;166m▀[0m[38;2;0;4;0m[48;2;137;135;166m▀[0m[38;2;0;4;0m▄[38;2;0;4;0m▄         
  [38;2;0;4;0m▄[38;2;0;4;16m[48;2;239;255;255m▀[0m[38;2;159;171;175m[48;2;239;255;255m▀[0m[38;2;97;95;126m[48;2;0;4;0m▀[0m[38;2;0;4;0m▀ [38;2;0;4;0m▄[38;2;0;4;0m[48;2;125;109;132m▀[0m[38;2;125;109;132m[48;2;125;109;132m▀[0m[38;2;126;110;133m[48;2;66;65;66m▀[0m[38;2;126;110;133m[48;2;66;65;66m▀[0m[38;2;66;60;74m[48;2;255;251;255m▀[0m[38;2;129;123;134m[48;2;66;60;74m▀[0m[38;2;126;110;133m[48;2;126;110;133m▀[0m[38;2;126;110;133m[48;2;126;110;133m▀[0m[38;2;126;110;133m[48;2;126;110;133m▀[0m[38;2;66;65;66m[48;2;126;110;133m▀[0m[38;2;103;87;110m[48;2;66;65;66m▀[0m[38;2;103;87;110m[48;2;66;65;66m▀[0m[38;2;66;64;66m[48;2;0;4;0m▀[0m[38;2;0;4;0m▀[38;2;77;93;117m[48;2;0;12;49m▀[0m[38;2;154;174;186m[48;2;231;255;255m▀[0m[38;2;159;171;175m[48;2;239;255;255m▀[0m[38;2;0;4;16m[48;2;239;255;255m▀[0m[38;2;0;4;0m▄       
 [38;2;0;4;0m[48;2;0;4;0m▀[0m[38;2;255;255;255m[48;2;255;255;255m▀[0m[38;2;255;255;255m[48;2;255;255;255m▀[0m[38;2;255;255;255m[48;2;135;145;148m▀[0m[38;2;222;223;222m[48;2;222;223;222m▀[0m[38;2;0;4;0m[48;2;0;4;0m▀[0m [38;2;0;4;0m[48;2;0;4;0m▀[0m[38;2;242;226;167m[48;2;242;226;167m▀[0m[38;2;99;83;106m[48;2;163;140;115m▀[0m[38;2;224;152;161m[48;2;255;255;255m▀[0m[38;2;224;152;161m[48;2;224;152;161m▀[0m[38;2;66;65;66m[48;2;222;145;150m▀[0m[38;2;66;65;66m[48;2;170;118;122m▀[0m[38;2;125;109;132m[48;2;66;65;66m▀[0m[38;2;125;109;132m[48;2;108;92;115m▀[0m[38;2;77;61;84m[48;2;238;230;181m▀[0m[38;2;123;113;90m[48;2;77;61;84m▀[0m[38;2;104;88;111m[48;2;104;88;111m▀[0m[38;2;104;88;111m[48;2;104;88;111m▀[0m[38;2;104;88;111m[48;2;104;88;111m▀[0m[38;2;0;4;0m[48;2;0;4;0m▀[0m[38;2;255;255;255m[48;2;194;194;194m▀[0m[38;2;255;255;255m[48;2;74;73;74m▀[0m[38;2;255;255;255m[48;2;222;225;218m▀[0m[38;2;222;225;218m[48;2;222;225;218m▀[0m[38;2;222;223;214m[48;2;222;223;214m▀[0m[38;2;0;0;0m[48;2;74;74;71m▀[0m[38;2;0;4;0m▄     
 [38;2;0;4;0m▀[38;2;255;255;255m[48;2;0;4;0m▀[0m[38;2;255;255;255m[48;2;255;255;255m▀[0m[38;2;140;146;148m[48;2;216;218;219m▀[0m[38;2;0;4;0m[48;2;0;4;0m▀[0m  [38;2;0;4;0m▀[38;2;103;101;132m[48;2;16;4;0m▀[0m[38;2;54;52;83m[48;2;135;133;164m▀[0m[38;2;190;115;114m[48;2;66;65;66m▀[0m[38;2;190;115;114m[48;2;66;65;66m▀[0m[38;2;190;115;114m[48;2;66;65;66m▀[0m[38;2;190;115;114m[48;2;66;65;66m▀[0m[38;2;57;56;66m[48;2;247;247;255m▀[0m[38;2;120;119;129m[48;2;57;56;66m▀[0m[38;2;238;228;165m[48;2;84;68;91m▀[0m[38;2;84;68;91m[48;2;84;68;91m▀[0m[38;2;104;88;111m[48;2;104;88;111m▀[0m[38;2;104;88;111m[48;2;104;88;111m▀[0m[38;2;104;88;111m[48;2;0;4;0m▀[0m[38;2;0;4;0m▀[38;2;87;91;93m[48;2;0;4;0m▀[0m[38;2;140;149;153m[48;2;195;208;215m▀[0m[38;2;57;65;74m[48;2;127;146;156m▀[0m[38;2;198;227;239m[48;2;57;65;74m▀[0m[38;2;38;56;68m[48;2;16;8;0m▀[0m[38;2;145;160;170m[48;2;145;160;170m▀[0m[38;2;0;4;0m[48;2;0;4;0m▀[0m     
   [38;2;0;4;0m▀[38;2;0;4;0m▀ [38;2;0;4;0m▄[38;2;0;4;0m▄[38;2;0;4;0m▄[38;2;0;4;8m[48;2;94;92;123m▀[0m[38;2;94;92;123m[48;2;136;134;165m▀[0m[38;2;134;132;163m[48;2;52;50;81m▀[0m[38;2;194;192;223m[48;2;134;132;163m▀[0m[38;2;255;255;255m[48;2;101;99;130m▀[0m[38;2;255;255;255m[48;2;132;130;161m▀[0m[38;2;137;135;166m[48;2;137;135;166m▀[0m[38;2;137;135;166m[48;2;137;135;166m▀[0m[38;2;135;133;164m[48;2;106;104;135m▀[0m[38;2;58;56;87m[48;2;135;133;164m▀[0m[38;2;56;54;85m[48;2;139;137;168m▀[0m[38;2;8;8;0m[48;2;8;8;0m▀[0m  [38;2;0;4;0m▀[38;2;194;204;209m[48;2;0;4;0m▀[0m[38;2;141;152;157m[48;2;193;209;216m▀[0m[38;2;0;8;16m[48;2;141;152;157m▀[0m[38;2;0;4;0m▄[38;2;0;4;0m▀      
     [38;2;0;8;8m[48;2;0;8;8m▀[0m[38;2;198;211;219m[48;2;143;153;158m▀[0m[38;2;146;160;171m[48;2;146;160;171m▀[0m[38;2;146;160;171m[48;2;146;160;171m▀[0m[38;2;66;65;66m[48;2;100;84;107m▀[0m[38;2;66;65;66m[48;2;100;84;107m▀[0m[38;2;105;103;134m[48;2;79;77;108m▀[0m[38;2;43;49;66m[48;2;24;16;0m▀[0m[38;2;0;4;0m▀[38;2;0;4;0m▀[38;2;0;4;0m▀[38;2;97;95;126m[48;2;0;4;0m▀[0m[38;2;136;134;165m[48;2;87;85;116m▀[0m[38;2;136;134;165m[48;2;101;99;130m▀[0m[38;2;139;145;151m[48;2;57;60;74m▀[0m[38;2;57;60;74m[48;2;191;202;212m▀[0m[38;2;0;4;0m[48;2;194;204;209m▀[0m[38;2;0;4;0m▄ [38;2;0;4;0m[48;2;0;4;0m▀[0m[38;2;141;152;157m[48;2;193;209;216m▀[0m[38;2;141;152;157m[48;2;0;8;16m▀[0m[38;2;0;4;0m▀       
     [38;2;0;4;0m▀[38;2;145;160;170m[48;2;0;4;0m▀[0m[38;2;145;160;170m[48;2;0;4;0m▀[0m[38;2;145;160;170m[48;2;0;4;0m▀[0m[38;2;145;160;170m[48;2;0;4;0m▀[0m[38;2;0;4;0m▀[38;2;0;4;0m▀     [38;2;8;4;0m[48;2;8;4;0m▀[0m[38;2;85;83;114m[48;2;117;115;146m▀[0m[38;2;193;203;208m[48;2;193;203;208m▀[0m[38;2;255;255;255m[48;2;193;203;208m▀[0m[38;2;193;203;207m[48;2;193;203;207m▀[0m[38;2;193;203;207m[48;2;193;203;207m▀[0m[38;2;0;4;0m[48;2;0;4;0m▀[0m [38;2;0;8;8m[48;2;0;8;8m▀[0m[38;2;198;211;219m[48;2;143;153;158m▀[0m[38;2;0;4;0m[48;2;0;4;0m▀[0m       
                  [38;2;0;4;0m▀[38;2;0;4;0m▀[38;2;194;204;209m[48;2;0;4;0m▀[0m[38;2;194;204;209m[48;2;0;4;0m▀[0m[38;2;194;204;209m[48;2;0;4;0m▀[0m[38;2;0;4;0m▀ [38;2;0;4;0m▀[38;2;145;160;170m[48;2;0;4;0m▀[0m[38;2;0;4;0m▀       
                                     [0m                                     