           [38;2;0;0;0m▄[38;2;0;0;0m▄[38;2;0;0;0m▄[38;2;0;0;0m[48;2;148;204;112m▀[0m[38;2;0;0;0m[48;2;148;204;112m▀[0m[38;2;0;0;0m[48;2;148;204;112m▀[0m[38;2;0;0;0m[48;2;148;204;112m▀[0m[38;2;0;0;0m▄[38;2;0;0;0m▄        
          [38;2;0;0;0m[48;2;0;0;0m▀[0m[38;2;111;167;75m[48;2;148;204;112m▀[0m[38;2;148;204;112m[48;2;85;141;49m▀[0m[38;2;148;204;112m[48;2;148;204;112m▀[0m[38;2;179;235;143m[48;2;148;204;112m▀[0m[38;2;148;204;112m[48;2;148;204;112m▀[0m[38;2;148;204;112m[48;2;148;204;112m▀[0m[38;2;148;204;112m[48;2;148;204;112m▀[0m[38;2;148;204;112m[48;2;148;204;112m▀[0m[38;2;148;204;112m[48;2;148;204;112m▀[0m[38;2;0;0;0m[48;2;148;204;112m▀[0m[38;2;0;0;0m▄      
           [38;2;0;0;0m[48;2;0;0;0m▀[0m[38;2;148;204;112m[48;2;148;204;112m▀[0m[38;2;148;204;112m[48;2;148;204;112m▀[0m[38;2;148;204;112m[48;2;0;0;0m▀[0m[38;2;148;204;112m[48;2;0;0;0m▀[0m[38;2;66;122;30m[48;2;148;204;112m▀[0m[38;2;66;122;30m[48;2;148;204;112m▀[0m[38;2;148;204;112m[48;2;85;141;49m▀[0m[38;2;148;204;112m[48;2;148;204;112m▀[0m[38;2;148;204;112m[48;2;148;204;112m▀[0m[38;2;0;0;0m[48;2;0;0;0m▀[0m      
     [38;2;0;0;0m▄[38;2;0;0;0m▄[38;2;0;0;0m[48;2;148;204;112m▀[0m[38;2;0;0;0m[48;2;148;204;112m▀[0m[38;2;0;0;0m[48;2;148;204;112m▀[0m[38;2;0;0;0m[48;2;148;204;112m▀[0m[38;2;0;0;0m▄[38;2;0;0;0m▀[38;2;0;0;0m▀ [38;2;0;0;0m[48;2;0;0;0m▀[0m[38;2;148;204;112m[48;2;111;167;75m▀[0m[38;2;148;204;112m[48;2;148;204;112m▀[0m[38;2;148;204;112m[48;2;148;204;112m▀[0m[38;2;148;204;112m[48;2;111;167;75m▀[0m[38;2;148;204;112m[48;2;111;167;75m▀[0m[38;2;0;0;0m[48;2;111;167;75m▀[0m[38;2;0;0;0m▄     
   [38;2;0;0;0m▄[38;2;0;0;0m[48;2;148;204;112m▀[0m[38;2;148;204;112m[48;2;148;204;112m▀[0m[38;2;148;204;112m[48;2;148;204;112m▀[0m[38;2;179;235;143m[48;2;148;204;112m▀[0m[38;2;148;204;112m[48;2;148;204;112m▀[0m[38;2;148;204;112m[48;2;148;204;112m▀[0m[38;2;148;204;112m[48;2;148;204;112m▀[0m[38;2;148;204;112m[48;2;148;204;112m▀[0m[38;2;0;0;0m[48;2;111;167;75m▀[0m[38;2;0;0;0m[48;2;111;167;75m▀[0m[38;2;0;0;0m▄[38;2;0;0;0m▄[38;2;0;0;0m[48;2;0;0;0m▀[0m[38;2;111;167;75m[48;2;148;204;112m▀[0m[38;2;111;167;75m[48;2;148;204;112m▀[0m[38;2;111;167;75m[48;2;148;204;112m▀[0m[38;2;111;167;75m[48;2;148;204;112m▀[0m[38;2;148;204;112m[48;2;148;204;112m▀[0m[38;2;0;0;0m[48;2;111;167;75m▀[0m[38;2;0;0;0m▄    
  [38;2;0;0;0m[48;2;0;0;0m▀[0m[38;2;111;167;75m[48;2;111;167;75m▀[0m[38;2;148;204;112m[48;2;111;167;75m▀[0m[38;2;148;204;112m[48;2;148;204;112m▀[0m[38;2;148;204;112m[48;2;66;122;30m▀[0m[38;2;111;167;75m[48;2;148;204;112m▀[0m[38;2;148;204;112m[48;2;111;167;75m▀[0m[38;2;148;204;112m[48;2;66;122;30m▀[0m[38;2;111;167;75m[48;2;206;206;206m▀[0m[38;2;66;122;30m[48;2;85;141;49m▀[0m[38;2;111;167;75m[48;2;111;167;75m▀[0m[38;2;111;167;75m[48;2;148;204;112m▀[0m[38;2;148;204;112m[48;2;148;204;112m▀[0m[38;2;111;167;75m[48;2;111;167;75m▀[0m[38;2;111;167;75m[48;2;111;167;75m▀[0m[38;2;65;65;65m[48;2;65;65;65m▀[0m[38;2;148;204;112m[48;2;85;141;49m▀[0m[38;2;148;204;112m[48;2;85;141;49m▀[0m[38;2;148;204;112m[48;2;111;167;75m▀[0m[38;2;111;167;75m[48;2;111;167;75m▀[0m[38;2;111;167;75m[48;2;148;204;112m▀[0m[38;2;0;0;0m[48;2;0;0;0m▀[0m    
 [38;2;0;0;0m[48;2;0;0;0m▀[0m[38;2;148;204;112m[48;2;111;167;75m▀[0m[38;2;148;204;112m[48;2;148;204;112m▀[0m[38;2;111;167;75m[48;2;148;204;112m▀[0m[38;2;111;167;75m[48;2;148;204;112m▀[0m[38;2;66;122;30m[48;2;148;204;112m▀[0m[38;2;66;122;30m[48;2;148;204;112m▀[0m[38;2;0;0;0m[48;2;148;204;112m▀[0m[38;2;255;255;255m[48;2;148;204;112m▀[0m[38;2;255;255;255m[48;2;148;204;112m▀[0m[38;2;111;167;75m[48;2;148;204;112m▀[0m[38;2;148;204;112m[48;2;111;167;75m▀[0m[38;2;148;204;112m[48;2;65;65;65m▀[0m[38;2;111;167;75m[48;2;85;141;49m▀[0m[38;2;111;167;75m[48;2;111;167;75m▀[0m[38;2;111;167;75m[48;2;65;65;65m▀[0m[38;2;65;65;65m[48;2;85;141;49m▀[0m[38;2;111;167;75m[48;2;111;167;75m▀[0m[38;2;148;204;112m[48;2;111;167;75m▀[0m[38;2;148;204;112m[48;2;111;167;75m▀[0m[38;2;148;204;112m[48;2;111;167;75m▀[0m[38;2;0;0;0m[48;2;65;65;65m▀[0m[38;2;0;0;0m▄    
  [38;2;0;0;0m▀[38;2;111;167;75m[48;2;0;0;0m▀[0m[38;2;148;204;112m[48;2;65;65;65m▀[0m[38;2;148;204;112m[48;2;65;65;65m▀[0m[38;2;148;204;112m[48;2;65;65;65m▀[0m[38;2;111;167;75m[48;2;65;65;65m▀[0m[38;2;65;65;65m[48;2;65;65;65m▀[0m[38;2;65;65;65m[48;2;65;65;65m▀[0m[38;2;111;167;75m[48;2;65;65;65m▀[0m[38;2;111;167;75m[48;2;148;204;112m▀[0m[38;2;111;167;75m[48;2;65;65;65m▀[0m[38;2;65;65;65m[48;2;65;65;65m▀[0m[38;2;65;65;65m[48;2;111;167;75m▀[0m[38;2;111;167;75m[48;2;111;167;75m▀[0m[38;2;65;65;65m[48;2;111;167;75m▀[0m[38;2;111;167;75m[48;2;111;167;75m▀[0m[38;2;85;141;49m[48;2;111;167;75m▀[0m[38;2;85;141;49m[48;2;85;141;49m▀[0m[38;2;111;167;75m[48;2;85;141;49m▀[0m[38;2;111;167;75m[48;2;66;122;30m▀[0m[38;2;65;65;65m[48;2;111;167;75m▀[0m[38;2;111;167;75m[48;2;111;167;75m▀[0m[38;2;0;0;0m[48;2;111;167;75m▀[0m[38;2;0;0;0m[48;2;111;167;75m▀[0m[38;2;0;0;0m▄ 
 [38;2;0;0;0m▄[38;2;0;0;0m[48;2;148;204;112m▀[0m[38;2;148;204;112m[48;2;148;204;112m▀[0m[38;2;111;167;75m[48;2;65;65;65m▀[0m[38;2;65;65;65m[48;2;65;65;65m▀[0m[38;2;65;65;65m[48;2;90;107;115m▀[0m[38;2;90;107;115m[48;2;123;140;148m▀[0m[38;2;123;140;148m[48;2;123;140;148m▀[0m[38;2;123;140;148m[48;2;90;107;115m▀[0m[38;2;65;65;65m[48;2;65;65;65m▀[0m[38;2;111;167;75m[48;2;148;204;112m▀[0m[38;2;65;65;65m[48;2;111;167;75m▀[0m[38;2;65;65;65m[48;2;148;204;112m▀[0m[38;2;148;204;112m[48;2;148;204;112m▀[0m[38;2;111;167;75m[48;2;111;167;75m▀[0m[38;2;111;167;75m[48;2;111;167;75m▀[0m[38;2;111;167;75m[48;2;66;122;30m▀[0m[38;2;111;167;75m[48;2;66;122;30m▀[0m[38;2;111;167;75m[48;2;85;141;49m▀[0m[38;2;111;167;75m[48;2;111;167;75m▀[0m[38;2;111;167;75m[48;2;111;167;75m▀[0m[38;2;111;167;75m[48;2;66;122;30m▀[0m[38;2;111;167;75m[48;2;111;167;75m▀[0m[38;2;111;167;75m[48;2;0;0;0m▀[0m[38;2;66;122;30m[48;2;0;0;0m▀[0m[38;2;0;0;0m▀ 
 [38;2;0;0;0m▀[38;2;111;167;75m[48;2;0;0;0m▀[0m[38;2;148;204;112m[48;2;66;122;30m▀[0m[38;2;148;204;112m[48;2;148;204;112m▀[0m[38;2;65;65;65m[48;2;148;204;112m▀[0m[38;2;65;65;65m[48;2;148;204;112m▀[0m[38;2;65;65;65m[48;2;148;204;112m▀[0m[38;2;65;65;65m[48;2;148;204;112m▀[0m[38;2;111;167;75m[48;2;148;204;112m▀[0m[38;2;148;204;112m[48;2;66;122;30m▀[0m[38;2;148;204;112m[48;2;66;122;30m▀[0m[38;2;148;204;112m[48;2;148;204;112m▀[0m[38;2;148;204;112m[48;2;148;204;112m▀[0m[38;2;148;204;112m[48;2;111;167;75m▀[0m[38;2;111;167;75m[48;2;111;167;75m▀[0m[38;2;66;122;30m[48;2;111;167;75m▀[0m[38;2;111;167;75m[48;2;111;167;75m▀[0m[38;2;111;167;75m[48;2;111;167;75m▀[0m[38;2;111;167;75m[48;2;111;167;75m▀[0m[38;2;111;167;75m[48;2;66;122;30m▀[0m[38;2;111;167;75m[48;2;111;167;75m▀[0m[38;2;111;167;75m[48;2;111;167;75m▀[0m[38;2;0;0;0m[48;2;111;167;75m▀[0m[38;2;0;0;0m▄   
  [38;2;0;0;0m▀[38;2;148;204;112m[48;2;0;0;0m▀[0m[38;2;66;122;30m[48;2;0;0;0m▀[0m[38;2;66;122;30m[48;2;111;167;75m▀[0m[38;2;66;122;30m[48;2;111;167;75m▀[0m[38;2;148;204;112m[48;2;66;122;30m▀[0m[38;2;148;204;112m[48;2;66;122;30m▀[0m[38;2;66;122;30m[48;2;111;167;75m▀[0m[38;2;111;167;75m[48;2;111;167;75m▀[0m[38;2;111;167;75m[48;2;111;167;75m▀[0m[38;2;66;122;30m[48;2;111;167;75m▀[0m[38;2;111;167;75m[48;2;111;167;75m▀[0m[38;2;111;167;75m[48;2;111;167;75m▀[0m[38;2;111;167;75m[48;2;66;122;30m▀[0m[38;2;66;122;30m[48;2;66;122;30m▀[0m[38;2;66;122;30m[48;2;111;167;75m▀[0m[38;2;66;122;30m[48;2;111;167;75m▀[0m[38;2;66;122;30m[48;2;0;0;0m▀[0m[38;2;111;167;75m[48;2;0;0;0m▀[0m[38;2;111;167;75m[48;2;0;0;0m▀[0m[38;2;111;167;75m[48;2;0;0;0m▀[0m[38;2;66;122;30m[48;2;0;0;0m▀[0m[38;2;0;0;0m▀   
     [38;2;0;0;0m▀[38;2;66;122;30m[48;2;0;0;0m▀[0m[38;2;111;167;75m[48;2;0;0;0m▀[0m[38;2;111;167;75m[48;2;0;0;0m▀[0m[38;2;66;122;30m[48;2;0;0;0m▀[0m[38;2;0;0;0m▀[38;2;0;0;0m▀[38;2;111;167;75m[48;2;0;0;0m▀[0m[38;2;66;122;30m[48;2;111;167;75m▀[0m[38;2;66;122;30m[48;2;111;167;75m▀[0m[38;2;66;122;30m[48;2;111;167;75m▀[0m[38;2;111;167;75m[48;2;0;0;0m▀[0m[38;2;111;167;75m[48;2;0;0;0m▀[0m[38;2;0;0;0m▀         
                  [38;2;0;0;0m▀[38;2;0;0;0m▀[38;2;0;0;0m▀                  
                                     [0m                                     