                 [38;2;0;0;0m▄[38;2;0;0;0m[48;2;158;118;239m▀[0m[38;2;0;0;0m[48;2;158;118;239m▀[0m[38;2;0;0;0m▄   [38;2;0;0;0m▄[38;2;0;0;0m▄      
        [38;2;0;0;0m▄[38;2;0;0;0m▄[38;2;0;0;0m[48;2;158;118;239m▀[0m[38;2;0;0;0m[48;2;158;118;239m▀[0m[38;2;0;0;0m[48;2;158;118;239m▀[0m[38;2;0;0;0m[48;2;158;118;239m▀[0m[38;2;0;0;0m▄[38;2;0;0;0m[48;2;157;117;237m▀[0m[38;2;0;0;0m[48;2;157;117;237m▀[0m[38;2;157;117;237m[48;2;157;117;237m▀[0m[38;2;158;118;239m[48;2;107;70;164m▀[0m[38;2;158;118;239m[48;2;0;0;0m▀[0m[38;2;157;117;237m[48;2;0;0;0m▀[0m[38;2;0;0;0m[48;2;157;117;237m▀[0m[38;2;0;0;0m[48;2;158;118;239m▀[0m[38;2;0;0;0m[48;2;158;118;239m▀[0m[38;2;157;117;237m[48;2;157;117;237m▀[0m[38;2;157;117;237m[48;2;157;117;237m▀[0m[38;2;0;0;0m[48;2;157;117;237m▀[0m[38;2;0;0;0m▄    
       [38;2;0;0;0m[48;2;0;0;0m▀[0m[38;2;157;117;237m[48;2;107;70;164m▀[0m[38;2;157;117;237m[48;2;157;117;237m▀[0m[38;2;158;118;239m[48;2;157;117;237m▀[0m[38;2;158;118;239m[48;2;0;0;0m▀[0m[38;2;158;118;239m[48;2;0;0;0m▀[0m[38;2;158;118;239m[48;2;157;117;237m▀[0m[38;2;157;117;237m[48;2;157;117;237m▀[0m[38;2;157;117;237m[48;2;157;117;237m▀[0m[38;2;157;117;237m[48;2;0;0;0m▀[0m[38;2;0;0;0m▀[38;2;0;0;0m▀  [38;2;0;0;0m▀[38;2;158;118;239m[48;2;0;0;0m▀[0m[38;2;158;118;239m[48;2;0;0;0m▀[0m[38;2;107;69;163m[48;2;0;0;0m▀[0m[38;2;107;69;163m[48;2;157;117;237m▀[0m[38;2;157;117;237m[48;2;157;117;237m▀[0m[38;2;0;0;0m[48;2;0;0;0m▀[0m    
    [38;2;0;0;0m▄[38;2;0;0;0m[48;2;157;117;237m▀[0m[38;2;0;0;0m[48;2;157;117;237m▀[0m[38;2;157;117;237m[48;2;157;117;237m▀[0m[38;2;157;117;237m[48;2;158;118;239m▀[0m[38;2;157;117;237m[48;2;158;118;239m▀[0m[38;2;0;0;0m[48;2;157;117;237m▀[0m[38;2;0;0;0m▄ [38;2;0;0;0m▀[38;2;0;0;0m▀[38;2;0;0;0m[48;2;0;0;0m▀[0m[38;2;0;0;0m▄[38;2;0;0;0m[48;2;121;181;226m▀[0m[38;2;0;0;0m[48;2;103;175;221m▀[0m[38;2;0;0;0m[48;2;103;175;221m▀[0m[38;2;0;0;0m[48;2;121;181;226m▀[0m[38;2;0;0;0m▄[38;2;0;0;0m▄[38;2;0;0;0m▄ [38;2;0;0;0m▀[38;2;0;0;0m▀     
  [38;2;0;0;0m▄[38;2;0;0;0m[48;2;157;117;237m▀[0m[38;2;157;117;237m[48;2;158;118;239m▀[0m[38;2;157;117;237m[48;2;158;118;239m▀[0m[38;2;157;117;237m[48;2;107;69;163m▀[0m[38;2;107;70;164m[48;2;157;117;237m▀[0m[38;2;158;118;239m[48;2;157;117;237m▀[0m[38;2;158;118;239m[48;2;157;117;237m▀[0m[38;2;157;117;237m[48;2;0;0;0m▀[0m[38;2;0;0;0m▀[38;2;0;0;16m▄[38;2;0;0;0m[48;2;150;180;212m▀[0m[38;2;0;0;0m[48;2;105;176;222m▀[0m[38;2;105;167;219m[48;2;105;176;222m▀[0m[38;2;121;181;226m[48;2;142;190;226m▀[0m[38;2;121;181;226m[48;2;142;190;226m▀[0m[38;2;144;190;224m[48;2;142;190;226m▀[0m[38;2;144;190;224m[48;2;142;190;226m▀[0m[38;2;121;181;226m[48;2;103;175;221m▀[0m[38;2;121;181;226m[48;2;144;190;224m▀[0m[38;2;105;167;219m[48;2;105;176;222m▀[0m[38;2;105;167;219m[48;2;105;176;222m▀[0m[38;2;0;0;0m[48;2;105;176;222m▀[0m[38;2;0;0;0m[48;2;105;176;222m▀[0m[38;2;0;0;0m▄     
  [38;2;0;0;0m[48;2;0;0;0m▀[0m[38;2;157;117;237m[48;2;157;117;237m▀[0m[38;2;158;118;239m[48;2;158;118;239m▀[0m[38;2;158;118;239m[48;2;158;118;239m▀[0m[38;2;107;69;163m[48;2;157;117;237m▀[0m[38;2;157;117;237m[48;2;0;0;0m▀[0m[38;2;157;117;237m[48;2;0;0;0m▀[0m[38;2;0;0;0m▀[38;2;0;0;0m▄[38;2;0;0;0m[48;2;255;190;189m▀[0m[38;2;255;182;214m[48;2;255;189;189m▀[0m[38;2;150;180;212m[48;2;255;189;189m▀[0m[38;2;105;176;222m[48;2;106;175;223m▀[0m[38;2;105;176;222m[48;2;255;190;189m▀[0m[38;2;103;175;225m[48;2;255;190;189m▀[0m[38;2;142;190;226m[48;2;106;175;223m▀[0m[38;2;142;190;226m[48;2;105;176;222m▀[0m[38;2;103;175;225m[48;2;105;176;222m▀[0m[38;2;144;190;224m[48;2;105;176;222m▀[0m[38;2;103;175;221m[48;2;105;176;222m▀[0m[38;2;105;176;222m[48;2;105;176;222m▀[0m[38;2;105;176;222m[48;2;105;176;222m▀[0m[38;2;105;176;222m[48;2;105;176;222m▀[0m[38;2;105;176;222m[48;2;105;176;222m▀[0m[38;2;105;167;219m[48;2;105;176;222m▀[0m[38;2;0;0;0m[48;2;105;176;222m▀[0m[38;2;0;0;0m▄   
   [38;2;0;0;0m[48;2;0;0;0m▀[0m[38;2;158;118;239m[48;2;157;117;237m▀[0m[38;2;158;118;239m[48;2;0;0;0m▀[0m[38;2;0;0;0m▀  [38;2;0;0;0m▄[38;2;0;0;0m[48;2;255;189;189m▀[0m[38;2;255;190;189m[48;2;255;189;189m▀[0m[38;2;255;189;189m[48;2;255;189;189m▀[0m[38;2;255;189;189m[48;2;255;189;189m▀[0m[38;2;255;190;189m[48;2;255;189;189m▀[0m[38;2;255;190;189m[48;2;255;189;189m▀[0m[38;2;255;190;189m[48;2;255;190;189m▀[0m[38;2;255;190;189m[48;2;255;190;189m▀[0m[38;2;105;176;222m[48;2;99;162;219m▀[0m[38;2;105;176;222m[48;2;99;162;219m▀[0m[38;2;105;176;222m[48;2;103;173;221m▀[0m[38;2;105;176;222m[48;2;103;173;221m▀[0m[38;2;105;176;222m[48;2;105;176;222m▀[0m[38;2;105;176;222m[48;2;105;176;222m▀[0m[38;2;105;176;222m[48;2;105;176;222m▀[0m[38;2;105;176;222m[48;2;105;176;222m▀[0m[38;2;105;176;222m[48;2;105;176;222m▀[0m[38;2;105;176;222m[48;2;105;176;222m▀[0m[38;2;0;0;0m[48;2;83;170;221m▀[0m[38;2;0;0;0m▄  
 [38;2;0;0;0m▄[38;2;0;0;0m[48;2;158;118;239m▀[0m[38;2;157;117;237m[48;2;158;118;239m▀[0m[38;2;157;117;237m[48;2;157;117;237m▀[0m[38;2;0;0;0m[48;2;107;69;163m▀[0m[38;2;0;0;0m▄ [38;2;0;0;0m▄[38;2;0;0;0m[48;2;255;190;189m▀[0m[38;2;255;189;189m[48;2;255;189;189m▀[0m[38;2;255;189;189m[48;2;255;189;189m▀[0m[38;2;255;189;189m[48;2;255;189;189m▀[0m[38;2;255;189;189m[48;2;255;189;189m▀[0m[38;2;255;189;189m[48;2;255;189;189m▀[0m[38;2;255;189;189m[48;2;255;189;189m▀[0m[38;2;255;190;189m[48;2;255;189;189m▀[0m[38;2;106;175;223m[48;2;255;189;189m▀[0m[38;2;255;174;165m[48;2;255;189;189m▀[0m[38;2;225;156;178m[48;2;255;189;189m▀[0m[38;2;65;151;214m[48;2;65;158;216m▀[0m[38;2;103;173;221m[48;2;105;167;219m▀[0m[38;2;105;176;222m[48;2;103;173;221m▀[0m[38;2;105;176;222m[48;2;103;173;221m▀[0m[38;2;105;176;222m[48;2;105;176;222m▀[0m[38;2;105;176;222m[48;2;105;176;222m▀[0m[38;2;105;176;222m[48;2;103;173;221m▀[0m[38;2;105;176;222m[48;2;103;173;221m▀[0m[38;2;83;170;221m[48;2;64;157;217m▀[0m[38;2;0;0;0m[48;2;64;157;217m▀[0m[38;2;0;0;0m▄ 
 [38;2;0;0;0m[48;2;0;0;0m▀[0m[38;2;158;118;239m[48;2;158;118;239m▀[0m[38;2;158;118;239m[48;2;158;118;239m▀[0m[38;2;107;69;163m[48;2;107;70;164m▀[0m[38;2;157;117;237m[48;2;157;117;237m▀[0m[38;2;157;117;237m[48;2;157;117;237m▀[0m[38;2;0;0;0m[48;2;107;69;163m▀[0m[38;2;0;0;0m[48;2;0;0;0m▀[0m[38;2;255;190;189m[48;2;255;190;189m▀[0m[38;2;255;189;189m[48;2;255;189;189m▀[0m[38;2;255;189;189m[48;2;255;189;189m▀[0m[38;2;255;189;189m[48;2;255;189;189m▀[0m[38;2;255;189;189m[48;2;255;189;189m▀[0m[38;2;255;189;189m[48;2;255;188;189m▀[0m[38;2;255;189;189m[48;2;158;118;239m▀[0m[38;2;255;189;189m[48;2;255;188;189m▀[0m[38;2;255;189;189m[48;2;255;188;189m▀[0m[38;2;255;189;189m[48;2;255;190;189m▀[0m[38;2;255;189;189m[48;2;66;65;66m▀[0m[38;2;65;158;216m[48;2;105;176;222m▀[0m[38;2;105;167;219m[48;2;105;176;222m▀[0m[38;2;103;173;221m[48;2;105;167;219m▀[0m[38;2;65;151;214m[48;2;66;65;66m▀[0m[38;2;105;176;222m[48;2;88;164;220m▀[0m[38;2;105;176;222m[48;2;88;164;220m▀[0m[38;2;103;173;221m[48;2;64;157;217m▀[0m[38;2;65;151;214m[48;2;64;157;217m▀[0m[38;2;64;157;217m[48;2;65;151;214m▀[0m[38;2;64;157;217m[48;2;65;151;214m▀[0m[38;2;0;0;0m[48;2;0;0;0m▀[0m 
 [38;2;0;0;0m▀[38;2;158;118;239m[48;2;0;0;0m▀[0m[38;2;158;118;239m[48;2;157;117;237m▀[0m[38;2;157;117;237m[48;2;158;118;239m▀[0m[38;2;157;117;237m[48;2;158;118;239m▀[0m[38;2;157;117;237m[48;2;156;116;235m▀[0m[38;2;107;69;163m[48;2;0;0;0m▀[0m[38;2;0;0;0m▀[38;2;255;190;189m[48;2;0;0;0m▀[0m[38;2;255;189;189m[48;2;255;190;189m▀[0m[38;2;255;189;189m[48;2;255;190;189m▀[0m[38;2;255;189;189m[48;2;255;189;189m▀[0m[38;2;255;189;189m[48;2;255;189;189m▀[0m[38;2;255;188;189m[48;2;255;190;189m▀[0m[38;2;255;188;189m[48;2;66;65;66m▀[0m[38;2;158;118;239m[48;2;255;190;189m▀[0m[38;2;255;188;189m[48;2;255;190;189m▀[0m[38;2;255;190;189m[48;2;222;138;140m▀[0m[38;2;66;65;66m[48;2;66;65;66m▀[0m[38;2;105;176;222m[48;2;157;117;237m▀[0m[38;2;105;176;222m[48;2;157;117;237m▀[0m[38;2;105;167;219m[48;2;65;151;214m▀[0m[38;2;66;65;66m[48;2;66;65;66m▀[0m[38;2;66;65;66m[48;2;64;157;217m▀[0m[38;2;88;164;220m[48;2;64;157;217m▀[0m[38;2;64;157;217m[48;2;64;157;217m▀[0m[38;2;64;157;217m[48;2;64;157;217m▀[0m[38;2;65;151;214m[48;2;65;151;214m▀[0m[38;2;0;0;0m[48;2;0;0;0m▀[0m  
  [38;2;0;0;0m▀[38;2;157;117;237m[48;2;0;0;0m▀[0m[38;2;158;118;239m[48;2;157;117;237m▀[0m[38;2;158;118;239m[48;2;157;117;237m▀[0m[38;2;107;70;164m[48;2;158;118;239m▀[0m[38;2;0;0;0m[48;2;158;118;239m▀[0m[38;2;0;0;0m▄[38;2;0;0;0m[48;2;157;117;237m▀[0m[38;2;225;138;137m[48;2;66;65;66m▀[0m[38;2;255;190;189m[48;2;66;65;66m▀[0m[38;2;255;189;189m[48;2;148;85;132m▀[0m[38;2;255;189;189m[48;2;255;174;181m▀[0m[38;2;255;190;189m[48;2;255;190;189m▀[0m[38;2;255;190;189m[48;2;255;190;189m▀[0m[38;2;0;0;0m[48;2;0;0;0m▀[0m[38;2;255;190;189m[48;2;255;190;189m▀[0m[38;2;222;138;140m[48;2;66;65;66m▀[0m[38;2;66;65;66m[48;2;192;145;142m▀[0m[38;2;157;117;237m[48;2;57;65;74m▀[0m[38;2;136;97;201m[48;2;137;98;202m▀[0m[38;2;66;65;66m[48;2;66;65;66m▀[0m[38;2;65;151;214m[48;2;100;127;209m▀[0m[38;2;64;157;217m[48;2;64;157;217m▀[0m[38;2;64;157;217m[48;2;64;157;217m▀[0m[38;2;64;157;217m[48;2;65;151;214m▀[0m[38;2;64;157;217m[48;2;65;151;214m▀[0m[38;2;0;0;0m[48;2;0;0;0m▀[0m   
    [38;2;0;0;0m▀[38;2;0;0;0m▀[38;2;158;118;239m[48;2;0;0;0m▀[0m[38;2;158;118;239m[48;2;107;70;164m▀[0m[38;2;157;117;237m[48;2;107;70;164m▀[0m[38;2;157;117;237m[48;2;157;117;237m▀[0m[38;2;156;116;235m[48;2;157;117;237m▀[0m[38;2;129;89;209m[48;2;157;117;237m▀[0m[38;2;183;147;255m[48;2;181;145;255m▀[0m[38;2;148;85;132m[48;2;79;50;54m▀[0m[38;2;225;138;137m[48;2;225;138;137m▀[0m[38;2;255;190;189m[48;2;225;138;137m▀[0m[38;2;255;190;189m[48;2;225;138;137m▀[0m[38;2;255;190;189m[48;2;225;138;137m▀[0m[38;2;255;186;181m[48;2;225;138;137m▀[0m[38;2;66;65;66m[48;2;225;138;137m▀[0m[38;2;113;76;171m[48;2;74;50;52m▀[0m[38;2;57;65;74m[48;2;0;4;8m▀[0m[38;2;100;127;209m[48;2;136;97;201m▀[0m[38;2;100;127;209m[48;2;136;97;201m▀[0m[38;2;64;157;217m[48;2;100;127;209m▀[0m[38;2;64;157;217m[48;2;100;127;209m▀[0m[38;2;65;151;214m[48;2;0;0;0m▀[0m[38;2;0;0;0m▀    
       [38;2;0;0;0m▀[38;2;157;117;237m[48;2;0;0;0m▀[0m[38;2;157;117;237m[48;2;0;0;0m▀[0m[38;2;157;117;237m[48;2;0;0;0m▀[0m[38;2;0;0;0m▀[38;2;0;8;8m▀[38;2;239;134;148m[48;2;0;0;0m▀[0m[38;2;225;138;137m[48;2;0;0;0m▀[0m[38;2;225;138;137m[48;2;222;138;140m▀[0m[38;2;225;138;137m[48;2;222;138;140m▀[0m[38;2;225;138;137m[48;2;222;138;140m▀[0m[38;2;225;138;137m[48;2;222;138;140m▀[0m[38;2;225;138;137m[48;2;0;0;0m▀[0m[38;2;222;142;140m[48;2;0;0;0m▀[0m[38;2;0;4;8m▀[38;2;136;97;201m[48;2;0;0;0m▀[0m[38;2;136;97;201m[48;2;0;0;0m▀[0m[38;2;0;0;0m▀[38;2;0;0;0m▀      
               [38;2;0;0;0m▀[38;2;0;0;0m▀[38;2;0;0;0m▀[38;2;0;0;0m▀             
                                     [0m                                     