       [38;2;0;0;0m▄[38;2;0;0;0m[48;2;104;138;161m▀[0m[38;2;0;0;0m▄                           
       [38;2;0;0;0m[48;2;0;0;0m▀[0m[38;2;104;138;161m[48;2;95;75;74m▀[0m[38;2;104;138;161m[48;2;104;138;161m▀[0m[38;2;0;0;0m[48;2;0;0;0m▀[0m   [38;2;0;0;0m▄       [38;2;0;0;0m▄[38;2;0;0;0m▄[38;2;0;0;0m[48;2;104;199;222m▀[0m[38;2;0;0;0m[48;2;104;199;222m▀[0m[38;2;0;0;0m[48;2;104;199;222m▀[0m[38;2;0;0;0m[48;2;104;138;161m▀[0m[38;2;0;0;0m▄        
       [38;2;0;0;0m▀[38;2;131;99;95m[48;2;0;0;0m▀[0m[38;2;95;75;74m[48;2;95;75;74m▀[0m[38;2;104;138;161m[48;2;104;138;161m▀[0m[38;2;0;0;0m[48;2;65;65;65m▀[0m[38;2;0;0;0m▄[38;2;0;0;0m[48;2;104;199;222m▀[0m[38;2;104;199;222m[48;2;104;199;222m▀[0m[38;2;0;0;0m[48;2;0;0;0m▀[0m   [38;2;0;0;0m▄[38;2;0;0;0m[48;2;104;199;222m▀[0m[38;2;0;0;0m[48;2;104;199;222m▀[0m[38;2;104;199;222m[48;2;104;199;222m▀[0m[38;2;104;199;222m[48;2;95;75;74m▀[0m[38;2;104;199;222m[48;2;95;75;74m▀[0m[38;2;104;199;222m[48;2;104;199;222m▀[0m[38;2;104;138;161m[48;2;0;0;0m▀[0m[38;2;0;0;0m▀         
        [38;2;0;0;0m▀[38;2;95;75;74m[48;2;0;0;0m▀[0m[38;2;104;138;161m[48;2;79;87;145m▀[0m[38;2;79;87;145m[48;2;139;226;230m▀[0m[38;2;79;87;145m[48;2;139;226;230m▀[0m[38;2;104;199;222m[48;2;139;226;230m▀[0m[38;2;104;199;222m[48;2;139;226;230m▀[0m[38;2;79;87;145m[48;2;104;199;222m▀[0m[38;2;0;0;0m[48;2;79;87;145m▀[0m[38;2;0;0;0m▄[38;2;0;0;0m[48;2;104;199;222m▀[0m[38;2;104;199;222m[48;2;104;199;222m▀[0m[38;2;104;199;222m[48;2;95;75;74m▀[0m[38;2;95;75;74m[48;2;131;99;95m▀[0m[38;2;95;75;74m[48;2;131;99;95m▀[0m[38;2;167;122;90m[48;2;95;75;74m▀[0m[38;2;167;122;90m[48;2;167;122;90m▀[0m[38;2;95;75;74m[48;2;167;122;90m▀[0m[38;2;104;199;222m[48;2;95;75;74m▀[0m[38;2;0;0;0m[48;2;0;0;0m▀[0m         
     [38;2;0;0;0m▄[38;2;0;0;0m▄[38;2;0;0;0m▄[38;2;0;0;0m[48;2;104;199;222m▀[0m[38;2;104;199;222m[48;2;104;138;161m▀[0m[38;2;139;226;230m[48;2;139;226;230m▀[0m[38;2;139;226;230m[48;2;139;226;230m▀[0m[38;2;139;226;230m[48;2;104;199;222m▀[0m[38;2;104;199;222m[48;2;104;199;222m▀[0m[38;2;104;199;222m[48;2;104;199;222m▀[0m[38;2;104;199;222m[48;2;104;199;222m▀[0m[38;2;104;199;222m[48;2;104;199;222m▀[0m[38;2;104;199;222m[48;2;104;199;222m▀[0m[38;2;104;199;222m[48;2;95;75;74m▀[0m[38;2;95;75;74m[48;2;131;99;95m▀[0m[38;2;131;99;95m[48;2;131;99;95m▀[0m[38;2;131;99;95m[48;2;131;99;95m▀[0m[38;2;131;99;95m[48;2;131;99;95m▀[0m[38;2;131;99;95m[48;2;131;99;95m▀[0m[38;2;95;75;74m[48;2;95;75;74m▀[0m[38;2;167;122;90m[48;2;167;122;90m▀[0m[38;2;95;75;74m[48;2;95;75;74m▀[0m[38;2;0;0;0m[48;2;0;0;0m▀[0m         
    [38;2;0;0;0m▀[38;2;104;199;222m[48;2;0;0;0m▀[0m[38;2;104;199;222m[48;2;104;138;161m▀[0m[38;2;104;199;222m[48;2;104;199;222m▀[0m[38;2;104;199;222m[48;2;104;199;222m▀[0m[38;2;104;199;222m[48;2;104;138;161m▀[0m[38;2;104;138;161m[48;2;104;138;161m▀[0m[38;2;104;199;222m[48;2;104;199;222m▀[0m[38;2;104;199;222m[48;2;104;199;222m▀[0m[38;2;104;199;222m[48;2;104;199;222m▀[0m[38;2;104;199;222m[48;2;104;199;222m▀[0m[38;2;104;199;222m[48;2;104;199;222m▀[0m[38;2;104;199;222m[48;2;104;199;222m▀[0m[38;2;104;199;222m[48;2;104;199;222m▀[0m[38;2;95;75;74m[48;2;104;199;222m▀[0m[38;2;131;99;95m[48;2;95;75;74m▀[0m[38;2;131;99;95m[48;2;131;99;95m▀[0m[38;2;131;99;95m[48;2;131;99;95m▀[0m[38;2;131;99;95m[48;2;131;99;95m▀[0m[38;2;131;99;95m[48;2;95;75;74m▀[0m[38;2;95;75;74m[48;2;167;122;90m▀[0m[38;2;167;122;90m[48;2;95;75;74m▀[0m[38;2;0;0;0m[48;2;0;0;0m▀[0m          
      [38;2;0;0;0m[48;2;0;0;0m▀[0m[38;2;104;138;161m[48;2;104;199;222m▀[0m[38;2;104;138;161m[48;2;104;199;222m▀[0m[38;2;104;138;161m[48;2;104;199;222m▀[0m[38;2;104;199;222m[48;2;104;199;222m▀[0m[38;2;104;199;222m[48;2;104;199;222m▀[0m[38;2;104;199;222m[48;2;104;138;161m▀[0m[38;2;104;199;222m[48;2;104;199;222m▀[0m[38;2;104;199;222m[48;2;104;199;222m▀[0m[38;2;104;199;222m[48;2;79;87;145m▀[0m[38;2;104;199;222m[48;2;79;87;145m▀[0m[38;2;104;199;222m[48;2;104;199;222m▀[0m[38;2;104;199;222m[48;2;104;199;222m▀[0m[38;2;104;199;222m[48;2;104;199;222m▀[0m[38;2;131;99;95m[48;2;79;87;145m▀[0m[38;2;95;75;74m[48;2;79;87;145m▀[0m[38;2;95;75;74m[48;2;79;87;145m▀[0m[38;2;167;122;90m[48;2;0;0;0m▀[0m[38;2;0;0;0m▀[38;2;0;0;0m▀           
     [38;2;0;0;0m[48;2;0;0;0m▀[0m[38;2;104;199;222m[48;2;139;226;230m▀[0m[38;2;104;199;222m[48;2;139;226;230m▀[0m[38;2;104;199;222m[48;2;104;199;222m▀[0m[38;2;104;199;222m[48;2;104;199;222m▀[0m[38;2;104;199;222m[48;2;104;199;222m▀[0m[38;2;104;138;161m[48;2;104;138;161m▀[0m[38;2;104;199;222m[48;2;104;199;222m▀[0m[38;2;104;199;222m[48;2;104;138;161m▀[0m[38;2;65;65;65m[48;2;0;0;0m▀[0m[38;2;79;87;145m[48;2;255;255;255m▀[0m[38;2;255;255;255m[48;2;255;255;255m▀[0m[38;2;104;199;222m[48;2;255;255;255m▀[0m[38;2;104;199;222m[48;2;104;199;222m▀[0m[38;2;104;199;222m[48;2;104;199;222m▀[0m[38;2;104;199;222m[48;2;104;199;222m▀[0m[38;2;104;199;222m[48;2;104;199;222m▀[0m[38;2;0;0;0m[48;2;104;199;222m▀[0m[38;2;0;0;0m▄[38;2;0;0;0m▄[38;2;0;0;0m▄           
     [38;2;0;0;0m▀[38;2;139;226;230m[48;2;0;0;0m▀[0m[38;2;104;199;222m[48;2;104;199;222m▀[0m[38;2;104;199;222m[48;2;104;199;222m▀[0m[38;2;104;199;222m[48;2;104;199;222m▀[0m[38;2;104;199;222m[48;2;104;199;222m▀[0m[38;2;104;138;161m[48;2;104;199;222m▀[0m[38;2;104;199;222m[48;2;104;199;222m▀[0m[38;2;65;65;65m[48;2;104;199;222m▀[0m[38;2;0;0;0m[48;2;104;199;222m▀[0m[38;2;255;255;255m[48;2;104;199;222m▀[0m[38;2;255;255;255m[48;2;104;199;222m▀[0m[38;2;104;199;222m[48;2;82;96;106m▀[0m[38;2;104;199;222m[48;2;82;96;106m▀[0m[38;2;82;96;106m[48;2;205;186;139m▀[0m[38;2;104;199;222m[48;2;104;138;161m▀[0m[38;2;104;199;222m[48;2;65;65;65m▀[0m[38;2;79;87;145m[48;2;104;199;222m▀[0m[38;2;104;199;222m[48;2;139;226;230m▀[0m[38;2;104;199;222m[48;2;139;226;230m▀[0m[38;2;65;65;65m[48;2;104;199;222m▀[0m[38;2;0;0;0m[48;2;65;65;65m▀[0m[38;2;0;0;0m▄         
     [38;2;0;0;0m▄[38;2;0;0;0m[48;2;104;138;161m▀[0m[38;2;104;199;222m[48;2;65;65;65m▀[0m[38;2;104;199;222m[48;2;104;199;222m▀[0m[38;2;104;138;161m[48;2;104;199;222m▀[0m[38;2;104;199;222m[48;2;82;96;106m▀[0m[38;2;104;199;222m[48;2;82;96;106m▀[0m[38;2;104;199;222m[48;2;82;96;106m▀[0m[38;2;82;96;106m[48;2;255;234;172m▀[0m[38;2;82;96;106m[48;2;255;234;172m▀[0m[38;2;82;96;106m[48;2;255;234;172m▀[0m[38;2;82;96;106m[48;2;205;186;139m▀[0m[38;2;205;186;139m[48;2;205;186;139m▀[0m[38;2;205;186;139m[48;2;65;65;65m▀[0m[38;2;65;65;65m[48;2;104;138;161m▀[0m[38;2;104;138;161m[48;2;104;138;161m▀[0m[38;2;65;65;65m[48;2;65;65;65m▀[0m[38;2;104;199;222m[48;2;104;199;222m▀[0m[38;2;104;199;222m[48;2;104;199;222m▀[0m[38;2;139;226;230m[48;2;104;199;222m▀[0m[38;2;139;226;230m[48;2;104;199;222m▀[0m[38;2;104;199;222m[48;2;104;138;161m▀[0m[38;2;0;0;0m[48;2;0;0;0m▀[0m         
  [38;2;0;0;0m▄[38;2;0;0;0m▄[38;2;0;0;0m[48;2;104;138;161m▀[0m[38;2;65;65;65m[48;2;104;138;161m▀[0m[38;2;104;138;161m[48;2;104;138;161m▀[0m[38;2;104;138;161m[48;2;104;138;161m▀[0m[38;2;65;65;65m[48;2;104;138;161m▀[0m[38;2;65;65;65m[48;2;0;0;0m▀[0m[38;2;255;234;172m[48;2;65;65;65m▀[0m[38;2;255;234;172m[48;2;65;65;65m▀[0m[38;2;255;234;172m[48;2;65;65;65m▀[0m[38;2;255;234;172m[48;2;65;65;65m▀[0m[38;2;255;234;172m[48;2;65;65;65m▀[0m[38;2;205;186;139m[48;2;65;65;65m▀[0m[38;2;65;65;65m[48;2;104;138;161m▀[0m[38;2;65;65;65m[48;2;104;138;161m▀[0m[38;2;104;138;161m[48;2;167;122;90m▀[0m[38;2;104;138;161m[48;2;167;122;90m▀[0m[38;2;167;122;90m[48;2;255;234;172m▀[0m[38;2;255;234;172m[48;2;255;234;172m▀[0m[38;2;65;65;65m[48;2;167;122;90m▀[0m[38;2;104;199;222m[48;2;65;65;65m▀[0m[38;2;65;65;65m[48;2;104;138;161m▀[0m[38;2;65;65;65m[48;2;104;138;161m▀[0m[38;2;65;65;65m[48;2;65;65;65m▀[0m[38;2;104;138;161m[48;2;104;138;161m▀[0m[38;2;0;0;0m[48;2;104;138;161m▀[0m[38;2;0;0;0m▄[38;2;0;0;0m▄[38;2;0;0;0m▄     
 [38;2;0;0;0m[48;2;0;0;0m▀[0m[38;2;65;65;65m[48;2;104;138;161m▀[0m[38;2;104;138;161m[48;2;255;255;255m▀[0m[38;2;104;138;161m[48;2;79;87;145m▀[0m[38;2;104;138;161m[48;2;255;255;255m▀[0m[38;2;104;138;161m[48;2;79;87;145m▀[0m[38;2;104;138;161m[48;2;0;0;0m▀[0m[38;2;0;0;0m▀ [38;2;0;0;0m[48;2;0;0;0m▀[0m[38;2;205;186;139m[48;2;205;186;139m▀[0m[38;2;167;122;90m[48;2;205;186;139m▀[0m[38;2;104;138;161m[48;2;167;122;90m▀[0m[38;2;104;138;161m[48;2;104;199;222m▀[0m[38;2;104;138;161m[48;2;167;122;90m▀[0m[38;2;167;122;90m[48;2;255;234;172m▀[0m[38;2;167;122;90m[48;2;255;234;172m▀[0m[38;2;255;234;172m[48;2;255;234;172m▀[0m[38;2;255;234;172m[48;2;255;234;172m▀[0m[38;2;255;234;172m[48;2;255;234;172m▀[0m[38;2;255;234;172m[48;2;65;65;65m▀[0m[38;2;65;65;65m[48;2;104;138;161m▀[0m[38;2;65;65;65m[48;2;104;199;222m▀[0m[38;2;65;65;65m[48;2;104;199;222m▀[0m[38;2;104;138;161m[48;2;65;65;65m▀[0m[38;2;65;65;65m[48;2;65;65;65m▀[0m[38;2;104;138;161m[48;2;104;138;161m▀[0m[38;2;104;138;161m[48;2;104;138;161m▀[0m[38;2;65;65;65m[48;2;104;138;161m▀[0m[38;2;104;138;161m[48;2;65;65;65m▀[0m[38;2;79;87;145m[48;2;104;138;161m▀[0m[38;2;0;0;0m[48;2;79;87;145m▀[0m[38;2;0;0;0m[48;2;104;138;161m▀[0m[38;2;0;0;0m[48;2;104;138;161m▀[0m[38;2;0;0;0m▄ 
 [38;2;0;0;0m▀[38;2;79;87;145m[48;2;0;0;0m▀[0m[38;2;79;87;145m[48;2;213;213;213m▀[0m[38;2;104;138;161m[48;2;79;87;145m▀[0m[38;2;79;87;145m[48;2;104;138;161m▀[0m[38;2;104;138;161m[48;2;0;0;0m▀[0m[38;2;0;0;0m▀[38;2;0;0;0m▄[38;2;0;0;0m[48;2;104;138;161m▀[0m[38;2;104;138;161m[48;2;104;138;161m▀[0m[38;2;65;65;65m[48;2;65;65;65m▀[0m[38;2;205;186;139m[48;2;167;122;90m▀[0m[38;2;167;122;90m[48;2;104;199;222m▀[0m[38;2;104;199;222m[48;2;104;199;222m▀[0m[38;2;167;122;90m[48;2;104;199;222m▀[0m[38;2;167;122;90m[48;2;167;122;90m▀[0m[38;2;255;234;172m[48;2;167;122;90m▀[0m[38;2;255;234;172m[48;2;167;122;90m▀[0m[38;2;167;122;90m[48;2;65;65;65m▀[0m[38;2;65;65;65m[48;2;104;199;222m▀[0m[38;2;104;199;222m[48;2;104;199;222m▀[0m[38;2;104;199;222m[48;2;104;199;222m▀[0m[38;2;104;199;222m[48;2;104;199;222m▀[0m[38;2;104;199;222m[48;2;104;199;222m▀[0m[38;2;104;199;222m[48;2;65;65;65m▀[0m[38;2;65;65;65m[48;2;104;199;222m▀[0m[38;2;104;199;222m[48;2;104;199;222m▀[0m[38;2;104;138;161m[48;2;104;199;222m▀[0m[38;2;104;138;161m[48;2;104;138;161m▀[0m[38;2;65;65;65m[48;2;104;138;161m▀[0m[38;2;104;138;161m[48;2;104;138;161m▀[0m[38;2;104;138;161m[48;2;104;138;161m▀[0m[38;2;79;87;145m[48;2;79;87;145m▀[0m[38;2;104;138;161m[48;2;0;0;0m▀[0m[38;2;0;0;0m▀ 
   [38;2;0;0;0m▀[38;2;0;0;0m▀[38;2;0;0;0m▀ [38;2;0;0;0m[48;2;0;0;0m▀[0m[38;2;104;138;161m[48;2;104;138;161m▀[0m[38;2;104;138;161m[48;2;104;138;161m▀[0m[38;2;104;138;161m[48;2;104;138;161m▀[0m[38;2;104;138;161m[48;2;79;87;145m▀[0m[38;2;65;65;65m[48;2;65;65;65m▀[0m[38;2;167;122;90m[48;2;255;234;172m▀[0m[38;2;104;199;222m[48;2;167;122;90m▀[0m[38;2;104;199;222m[48;2;167;122;90m▀[0m[38;2;104;199;222m[48;2;167;122;90m▀[0m[38;2;104;199;222m[48;2;167;122;90m▀[0m[38;2;65;65;65m[48;2;167;122;90m▀[0m[38;2;255;255;255m[48;2;65;65;65m▀[0m[38;2;79;87;145m[48;2;104;138;161m▀[0m[38;2;255;255;255m[48;2;104;138;161m▀[0m[38;2;104;138;161m[48;2;104;199;222m▀[0m[38;2;104;199;222m[48;2;104;199;222m▀[0m[38;2;104;138;161m[48;2;65;65;65m▀[0m[38;2;65;65;65m[48;2;104;199;222m▀[0m[38;2;104;199;222m[48;2;104;199;222m▀[0m[38;2;104;199;222m[48;2;104;199;222m▀[0m[38;2;104;199;222m[48;2;79;87;145m▀[0m[38;2;104;138;161m[48;2;104;138;161m▀[0m[38;2;65;65;65m[48;2;65;65;65m▀[0m[38;2;104;138;161m[48;2;0;0;0m▀[0m[38;2;0;0;0m▀[38;2;0;0;0m▀   
       [38;2;0;0;0m▀[38;2;65;65;65m[48;2;0;0;0m▀[0m[38;2;79;87;145m[48;2;104;138;161m▀[0m[38;2;79;87;145m[48;2;104;138;161m▀[0m[38;2;104;138;161m[48;2;104;138;161m▀[0m[38;2;104;138;161m[48;2;104;138;161m▀[0m[38;2;65;65;65m[48;2;104;138;161m▀[0m[38;2;255;234;172m[48;2;65;65;65m▀[0m[38;2;255;234;172m[48;2;65;65;65m▀[0m[38;2;255;234;172m[48;2;167;122;90m▀[0m[38;2;255;234;172m[48;2;167;122;90m▀[0m[38;2;205;186;139m[48;2;167;122;90m▀[0m[38;2;205;186;139m[48;2;167;122;90m▀[0m[38;2;65;65;65m[48;2;167;122;90m▀[0m[38;2;255;255;255m[48;2;65;65;65m▀[0m[38;2;104;138;161m[48;2;65;65;65m▀[0m[38;2;65;65;65m[48;2;104;199;222m▀[0m[38;2;79;87;145m[48;2;104;199;222m▀[0m[38;2;79;87;145m[48;2;104;199;222m▀[0m[38;2;79;87;145m[48;2;104;199;222m▀[0m[38;2;79;87;145m[48;2;104;138;161m▀[0m[38;2;104;138;161m[48;2;104;138;161m▀[0m[38;2;65;65;65m[48;2;0;0;0m▀[0m[38;2;0;0;0m▀      
        [38;2;0;0;0m▄[38;2;0;0;0m[48;2;213;213;213m▀[0m[38;2;79;87;145m[48;2;104;138;161m▀[0m[38;2;104;138;161m[48;2;79;87;145m▀[0m[38;2;104;138;161m[48;2;79;87;145m▀[0m[38;2;79;87;145m[48;2;104;138;161m▀[0m[38;2;79;87;145m[48;2;104;138;161m▀[0m[38;2;104;138;161m[48;2;0;0;0m▀[0m[38;2;0;0;0m▀[38;2;0;0;0m▀[38;2;205;186;139m[48;2;0;0;0m▀[0m[38;2;205;186;139m[48;2;0;0;0m▀[0m[38;2;205;186;139m[48;2;0;0;0m▀[0m[38;2;65;65;65m[48;2;0;0;0m▀[0m[38;2;104;199;222m[48;2;0;0;0m▀[0m[38;2;104;199;222m[48;2;79;87;145m▀[0m[38;2;104;199;222m[48;2;79;87;145m▀[0m[38;2;104;199;222m[48;2;79;87;145m▀[0m[38;2;104;138;161m[48;2;79;87;145m▀[0m[38;2;104;138;161m[48;2;79;87;145m▀[0m[38;2;0;0;0m[48;2;104;138;161m▀[0m[38;2;0;0;0m▄       
         [38;2;0;0;0m▀[38;2;0;0;0m▀[38;2;104;138;161m[48;2;0;0;0m▀[0m[38;2;213;213;213m[48;2;0;0;0m▀[0m[38;2;0;0;0m▀[38;2;0;0;0m▀       [38;2;0;0;0m▄[38;2;0;0;0m[48;2;255;255;255m▀[0m[38;2;104;199;222m[48;2;79;87;145m▀[0m[38;2;104;199;222m[48;2;104;138;161m▀[0m[38;2;104;138;161m[48;2;65;65;65m▀[0m[38;2;104;138;161m[48;2;255;255;255m▀[0m[38;2;104;138;161m[48;2;0;0;0m▀[0m[38;2;0;0;0m▀       
                       [38;2;0;0;0m▀[38;2;0;0;0m▀[38;2;0;0;0m▀[38;2;0;0;0m▀[38;2;0;0;0m▀         
                                     [0m                                     