       [38;2;0;0;0m[48;2;0;0;0m▀[0m[38;2;0;0;0m[48;2;60;136;209m▀[0m[38;2;0;0;0m▄              [38;2;0;0;0m▄[38;2;0;0;0m▄                  
      [38;2;0;0;0m▄[38;2;0;16;0m[48;2;161;102;63m▀[0m[38;2;63;139;212m[48;2;126;67;28m▀[0m[38;2;60;136;209m[48;2;60;136;209m▀[0m[38;2;0;0;0m[48;2;60;136;209m▀[0m[38;2;0;0;0m▄ [38;2;0;0;0m▄[38;2;0;0;0m[48;2;117;187;255m▀[0m[38;2;0;0;0m▄     [38;2;0;0;0m▄[38;2;0;0;0m▄[38;2;0;0;0m[48;2;117;187;255m▀[0m[38;2;117;187;255m[48;2;117;187;255m▀[0m[38;2;0;0;0m[48;2;0;0;0m▀[0m[38;2;0;0;0m▄[38;2;0;0;0m▄[38;2;0;0;0m▄[38;2;0;0;0m▄[38;2;0;0;0m▄             
      [38;2;0;0;0m▀[38;2;161;102;63m[48;2;0;0;0m▀[0m[38;2;161;102;63m[48;2;161;102;63m▀[0m[38;2;126;67;28m[48;2;126;67;28m▀[0m[38;2;60;136;209m[48;2;60;136;209m▀[0m[38;2;0;0;0m[48;2;59;135;208m▀[0m[38;2;0;0;0m▄[38;2;0;0;0m[48;2;56;132;205m▀[0m[38;2;121;189;255m[48;2;121;189;255m▀[0m[38;2;0;0;0m[48;2;65;64;65m▀[0m[38;2;0;0;0m▄[38;2;0;0;0m[48;2;59;135;208m▀[0m[38;2;0;0;0m▄[38;2;0;0;0m[48;2;117;187;255m▀[0m[38;2;0;0;0m[48;2;117;187;255m▀[0m[38;2;119;188;255m[48;2;119;188;255m▀[0m[38;2;119;188;255m[48;2;119;188;255m▀[0m[38;2;117;187;255m[48;2;117;187;255m▀[0m[38;2;117;187;255m[48;2;126;67;28m▀[0m[38;2;117;187;255m[48;2;126;67;28m▀[0m[38;2;117;187;255m[48;2;126;67;28m▀[0m[38;2;119;188;255m[48;2;119;188;255m▀[0m[38;2;119;188;255m[48;2;119;188;255m▀[0m[38;2;117;187;255m[48;2;117;187;255m▀[0m[38;2;117;187;255m[48;2;0;0;0m▀[0m[38;2;0;0;0m▀            
   [38;2;0;0;0m[48;2;0;0;0m▀[0m[38;2;0;0;0m[48;2;117;187;255m▀[0m[38;2;0;0;0m[48;2;117;187;255m▀[0m[38;2;0;0;0m▄[38;2;8;8;0m[48;2;45;68;78m▀[0m[38;2;164;105;66m[48;2;108;49;10m▀[0m[38;2;159;100;61m[48;2;159;100;61m▀[0m[38;2;126;67;28m[48;2;126;67;28m▀[0m[38;2;60;136;209m[48;2;60;136;209m▀[0m[38;2;65;64;65m[48;2;65;64;65m▀[0m[38;2;119;188;255m[48;2;119;188;255m▀[0m[38;2;119;188;255m[48;2;119;188;255m▀[0m[38;2;59;135;208m[48;2;59;135;208m▀[0m[38;2;79;90;104m[48;2;59;135;208m▀[0m[38;2;60;136;209m[48;2;60;136;209m▀[0m[38;2;65;64;65m[48;2;65;64;65m▀[0m[38;2;119;188;255m[48;2;119;188;255m▀[0m[38;2;119;188;255m[48;2;119;188;255m▀[0m[38;2;119;188;255m[48;2;125;66;27m▀[0m[38;2;125;66;27m[48;2;156;97;58m▀[0m[38;2;121;62;23m[48;2;171;112;73m▀[0m[38;2;221;167;123m[48;2;121;62;23m▀[0m[38;2;228;174;130m[48;2;228;174;130m▀[0m[38;2;228;174;130m[48;2;228;174;130m▀[0m[38;2;126;67;28m[48;2;224;170;126m▀[0m[38;2;126;191;255m[48;2;126;67;28m▀[0m[38;2;0;0;0m[48;2;0;0;0m▀[0m              
    [38;2;0;0;0m▀[38;2;121;189;255m[48;2;0;0;0m▀[0m[38;2;121;189;255m[48;2;56;132;205m▀[0m[38;2;117;187;255m[48;2;117;187;255m▀[0m[38;2;65;64;65m[48;2;117;187;255m▀[0m[38;2;57;68;74m[48;2;114;185;255m▀[0m[38;2;165;106;67m[48;2;57;68;74m▀[0m[38;2;116;57;18m[48;2;57;76;74m▀[0m[38;2;117;187;255m[48;2;117;187;255m▀[0m[38;2;119;188;255m[48;2;119;188;255m▀[0m[38;2;119;188;255m[48;2;119;188;255m▀[0m[38;2;119;188;255m[48;2;119;188;255m▀[0m[38;2;59;135;208m[48;2;119;188;255m▀[0m[38;2;65;64;65m[48;2;65;64;65m▀[0m[38;2;117;187;255m[48;2;117;187;255m▀[0m[38;2;114;185;255m[48;2;63;139;212m▀[0m[38;2;124;65;26m[48;2;124;65;26m▀[0m[38;2;160;101;62m[48;2;160;101;62m▀[0m[38;2;160;101;62m[48;2;160;101;62m▀[0m[38;2;160;101;62m[48;2;160;101;62m▀[0m[38;2;160;101;62m[48;2;160;101;62m▀[0m[38;2;126;67;28m[48;2;126;67;28m▀[0m[38;2;228;174;130m[48;2;228;174;130m▀[0m[38;2;228;174;130m[48;2;228;174;130m▀[0m[38;2;126;67;28m[48;2;126;67;28m▀[0m[38;2;117;187;255m[48;2;0;0;0m▀[0m[38;2;0;0;0m▀    [38;2;0;0;0m▄[38;2;0;0;0m▄       
      [38;2;0;0;0m[48;2;0;0;0m▀[0m[38;2;60;136;209m[48;2;60;136;209m▀[0m[38;2;117;187;255m[48;2;60;136;209m▀[0m[38;2;119;188;255m[48;2;59;135;208m▀[0m[38;2;119;188;255m[48;2;119;188;255m▀[0m[38;2;119;188;255m[48;2;119;188;255m▀[0m[38;2;119;188;255m[48;2;119;188;255m▀[0m[38;2;119;188;255m[48;2;119;188;255m▀[0m[38;2;119;188;255m[48;2;119;188;255m▀[0m[38;2;117;187;255m[48;2;117;187;255m▀[0m[38;2;65;64;65m[48;2;117;187;255m▀[0m[38;2;117;187;255m[48;2;117;187;255m▀[0m[38;2;117;187;255m[48;2;126;67;28m▀[0m[38;2;126;67;28m[48;2;126;67;28m▀[0m[38;2;159;100;61m[48;2;159;100;61m▀[0m[38;2;160;101;62m[48;2;160;101;62m▀[0m[38;2;160;101;62m[48;2;160;101;62m▀[0m[38;2;159;100;61m[48;2;159;100;61m▀[0m[38;2;159;100;61m[48;2;126;67;28m▀[0m[38;2;118;59;20m[48;2;228;174;130m▀[0m[38;2;228;174;130m[48;2;118;59;20m▀[0m[38;2;125;66;27m[48;2;0;0;0m▀[0m[38;2;0;0;0m▀     [38;2;0;0;0m[48;2;0;0;0m▀[0m[38;2;119;188;255m[48;2;119;188;255m▀[0m[38;2;119;188;255m[48;2;119;188;255m▀[0m[38;2;0;0;0m[48;2;121;189;255m▀[0m[38;2;0;0;0m[48;2;56;132;205m▀[0m[38;2;0;0;0m▄    
       [38;2;0;4;0m[48;2;0;4;0m▀[0m[38;2;66;142;215m[48;2;24;100;173m▀[0m[38;2;59;135;208m[48;2;32;108;181m▀[0m[38;2;59;135;208m[48;2;117;187;255m▀[0m[38;2;119;188;255m[48;2;119;188;255m▀[0m[38;2;119;188;255m[48;2;119;188;255m▀[0m[38;2;117;187;255m[48;2;117;187;255m▀[0m[38;2;117;187;255m[48;2;173;214;255m▀[0m[38;2;119;188;255m[48;2;119;188;255m▀[0m[38;2;119;188;255m[48;2;119;188;255m▀[0m[38;2;119;188;255m[48;2;119;188;255m▀[0m[38;2;119;188;255m[48;2;119;188;255m▀[0m[38;2;121;62;23m[48;2;117;187;255m▀[0m[38;2;121;62;23m[48;2;121;62;23m▀[0m[38;2;158;99;60m[48;2;110;51;12m▀[0m[38;2;158;99;60m[48;2;110;51;12m▀[0m[38;2;115;56;17m[48;2;115;56;17m▀[0m[38;2;115;56;17m[48;2;59;135;208m▀[0m[38;2;110;51;12m[48;2;60;136;209m▀[0m[38;2;60;136;209m[48;2;60;136;209m▀[0m[38;2;0;0;0m[48;2;59;135;208m▀[0m[38;2;0;0;0m▄[38;2;0;0;0m▄     [38;2;0;0;0m▀[38;2;117;187;255m[48;2;0;0;0m▀[0m[38;2;117;187;255m[48;2;117;187;255m▀[0m[38;2;117;187;255m[48;2;30;106;179m▀[0m[38;2;1;77;150m[48;2;121;189;255m▀[0m[38;2;0;8;0m[48;2;57;133;206m▀[0m[38;2;0;0;0m▄  
      [38;2;0;0;0m▄[38;2;0;4;8m[48;2;117;187;255m▀[0m[38;2;117;187;255m[48;2;27;103;176m▀[0m[38;2;119;188;255m[48;2;119;188;255m▀[0m[38;2;119;188;255m[48;2;119;188;255m▀[0m[38;2;117;187;255m[48;2;117;187;255m▀[0m[38;2;117;187;255m[48;2;30;106;179m▀[0m[38;2;173;214;255m[48;2;173;214;255m▀[0m[38;2;173;214;255m[48;2;117;187;255m▀[0m[38;2;117;187;255m[48;2;117;187;255m▀[0m[38;2;65;64;65m[48;2;65;64;65m▀[0m[38;2;53;129;202m[48;2;255;238;255m▀[0m[38;2;127;192;255m[48;2;127;192;255m▀[0m[38;2;117;187;255m[48;2;60;136;209m▀[0m[38;2;117;187;255m[48;2;60;136;209m▀[0m[38;2;117;187;255m[48;2;117;187;255m▀[0m[38;2;117;187;255m[48;2;65;64;65m▀[0m[38;2;117;187;255m[48;2;65;64;65m▀[0m[38;2;65;64;65m[48;2;65;64;65m▀[0m[38;2;65;64;65m[48;2;117;187;255m▀[0m[38;2;65;64;65m[48;2;117;187;255m▀[0m[38;2;65;64;65m[48;2;60;136;209m▀[0m[38;2;60;136;209m[48;2;65;64;65m▀[0m[38;2;60;136;209m[48;2;60;136;209m▀[0m[38;2;0;0;0m[48;2;60;136;209m▀[0m[38;2;0;0;0m▄[38;2;0;0;0m▄   [38;2;0;0;0m▀[38;2;27;103;176m[48;2;0;4;8m▀[0m[38;2;117;187;255m[48;2;117;187;255m▀[0m[38;2;119;188;255m[48;2;119;188;255m▀[0m[38;2;119;188;255m[48;2;119;188;255m▀[0m[38;2;0;0;0m[48;2;59;135;208m▀[0m[38;2;0;0;0m▄ 
      [38;2;0;0;0m[48;2;0;0;0m▀[0m[38;2;115;186;255m[48;2;115;186;255m▀[0m[38;2;33;109;182m[48;2;181;219;255m▀[0m[38;2;173;214;255m[48;2;173;214;255m▀[0m[38;2;117;187;255m[48;2;117;187;255m▀[0m[38;2;117;187;255m[48;2;117;187;255m▀[0m[38;2;30;106;179m[48;2;117;187;255m▀[0m[38;2;117;187;255m[48;2;30;106;179m▀[0m[38;2;117;187;255m[48;2;117;187;255m▀[0m[38;2;8;0;8m[48;2;8;0;8m▀[0m[38;2;255;246;255m[48;2;172;164;172m▀[0m[38;2;127;192;255m[48;2;127;192;255m▀[0m[38;2;53;129;202m[48;2;255;238;255m▀[0m[38;2;117;187;255m[48;2;79;90;104m▀[0m[38;2;117;187;255m[48;2;117;187;255m▀[0m[38;2;117;187;255m[48;2;65;64;65m▀[0m[38;2;117;187;255m[48;2;65;64;65m▀[0m[38;2;71;62;71m[48;2;58;134;207m▀[0m[38;2;117;187;255m[48;2;117;187;255m▀[0m[38;2;117;187;255m[48;2;117;187;255m▀[0m[38;2;117;187;255m[48;2;65;64;65m▀[0m[38;2;119;188;255m[48;2;5;81;154m▀[0m[38;2;59;135;208m[48;2;59;135;208m▀[0m[38;2;65;64;65m[48;2;65;64;65m▀[0m[38;2;60;136;209m[48;2;60;136;209m▀[0m[38;2;60;136;209m[48;2;60;136;209m▀[0m[38;2;117;187;255m[48;2;60;136;209m▀[0m[38;2;0;0;0m[48;2;27;103;176m▀[0m[38;2;0;0;0m[48;2;122;189;255m▀[0m[38;2;0;0;0m▄[38;2;0;0;0m▄[38;2;0;4;8m[48;2;117;187;255m▀[0m[38;2;27;103;176m[48;2;117;187;255m▀[0m[38;2;32;108;181m[48;2;117;187;255m▀[0m[38;2;32;108;181m[48;2;59;135;208m▀[0m[38;2;66;142;215m[48;2;24;100;173m▀[0m[38;2;0;4;0m[48;2;0;4;0m▀[0m 
  [38;2;0;0;0m▄[38;2;0;0;0m▄[38;2;0;0;0m[48;2;59;135;208m▀[0m[38;2;0;0;0m[48;2;60;136;209m▀[0m[38;2;60;136;209m[48;2;60;136;209m▀[0m[38;2;65;60;65m[48;2;70;146;219m▀[0m[38;2;163;209;255m[48;2;65;60;65m▀[0m[38;2;173;214;255m[48;2;173;214;255m▀[0m[38;2;117;187;255m[48;2;117;187;255m▀[0m[38;2;119;188;255m[48;2;119;188;255m▀[0m[38;2;119;188;255m[48;2;119;188;255m▀[0m[38;2;119;188;255m[48;2;119;188;255m▀[0m[38;2;119;188;255m[48;2;119;188;255m▀[0m[38;2;137;197;255m[48;2;82;68;106m▀[0m[38;2;139;122;156m[48;2;255;230;255m▀[0m[38;2;90;60;98m[48;2;70;146;219m▀[0m[38;2;255;238;255m[48;2;70;146;219m▀[0m[38;2;79;90;104m[48;2;59;135;208m▀[0m[38;2;59;135;208m[48;2;59;135;208m▀[0m[38;2;60;136;209m[48;2;164;190;189m▀[0m[38;2;164;190;189m[48;2;164;190;189m▀[0m[38;2;65;64;65m[48;2;189;170;197m▀[0m[38;2;127;192;255m[48;2;65;64;65m▀[0m[38;2;65;64;65m[48;2;58;134;207m▀[0m[38;2;117;187;255m[48;2;65;64;65m▀[0m[38;2;117;187;255m[48;2;65;64;65m▀[0m[38;2;65;64;65m[48;2;117;187;255m▀[0m[38;2;60;136;209m[48;2;65;64;65m▀[0m[38;2;65;64;65m[48;2;60;136;209m▀[0m[38;2;59;135;208m[48;2;59;135;208m▀[0m[38;2;59;135;208m[48;2;59;135;208m▀[0m[38;2;59;135;208m[48;2;59;135;208m▀[0m[38;2;32;108;181m[48;2;32;108;181m▀[0m[38;2;117;187;255m[48;2;60;136;209m▀[0m[38;2;117;187;255m[48;2;60;136;209m▀[0m[38;2;32;108;181m[48;2;59;135;208m▀[0m[38;2;117;187;255m[48;2;32;108;181m▀[0m[38;2;59;135;208m[48;2;59;135;208m▀[0m[38;2;59;135;208m[48;2;59;135;208m▀[0m[38;2;59;135;208m[48;2;0;0;0m▀[0m[38;2;0;0;0m▀ 
 [38;2;0;4;0m[48;2;0;4;0m▀[0m[38;2;24;100;173m[48;2;66;142;215m▀[0m[38;2;255;242;255m[48;2;24;100;173m▀[0m[38;2;24;100;173m[48;2;78;154;227m▀[0m[38;2;59;135;208m[48;2;59;135;208m▀[0m[38;2;59;135;208m[48;2;59;135;208m▀[0m[38;2;60;136;209m[48;2;60;136;209m▀[0m[38;2;65;64;65m[48;2;60;136;209m▀[0m[38;2;56;132;205m[48;2;0;0;0m▀[0m[38;2;121;189;255m[48;2;0;0;0m▀[0m[38;2;84;87;115m[48;2;117;187;255m▀[0m[38;2;117;187;255m[48;2;84;87;115m▀[0m[38;2;79;90;104m[48;2;59;135;208m▀[0m[38;2;79;90;104m[48;2;59;135;208m▀[0m[38;2;60;136;209m[48;2;65;64;65m▀[0m[38;2;60;136;209m[48;2;65;64;65m▀[0m[38;2;71;147;220m[48;2;65;64;65m▀[0m[38;2;65;64;65m[48;2;143;123;148m▀[0m[38;2;57;64;65m[48;2;178;191;191m▀[0m[38;2;178;191;191m[48;2;238;255;255m▀[0m[38;2;164;190;189m[48;2;255;255;255m▀[0m[38;2;255;255;255m[48;2;255;255;255m▀[0m[38;2;255;255;255m[48;2;65;64;65m▀[0m[38;2;255;255;255m[48;2;65;64;65m▀[0m[38;2;65;64;65m[48;2;117;187;255m▀[0m[38;2;117;187;255m[48;2;117;187;255m▀[0m[38;2;117;187;255m[48;2;117;187;255m▀[0m[38;2;60;136;209m[48;2;60;136;209m▀[0m[38;2;255;255;255m[48;2;255;255;255m▀[0m[38;2;65;64;65m[48;2;65;64;65m▀[0m[38;2;60;136;209m[48;2;60;136;209m▀[0m[38;2;65;64;65m[48;2;65;64;65m▀[0m[38;2;59;135;208m[48;2;32;108;181m▀[0m[38;2;32;108;181m[48;2;59;135;208m▀[0m[38;2;59;135;208m[48;2;59;135;208m▀[0m[38;2;59;135;208m[48;2;59;135;208m▀[0m[38;2;59;135;208m[48;2;59;135;208m▀[0m[38;2;32;108;181m[48;2;32;108;181m▀[0m[38;2;60;136;209m[48;2;60;136;209m▀[0m[38;2;60;136;209m[48;2;0;0;0m▀[0m[38;2;0;0;0m▀  
 [38;2;0;0;0m▀[38;2;59;135;208m[48;2;0;0;0m▀[0m[38;2;255;242;255m[48;2;78;154;227m▀[0m[38;2;24;100;173m[48;2;24;100;173m▀[0m[38;2;127;119;131m[48;2;255;238;255m▀[0m[38;2;127;119;131m[48;2;0;0;8m▀[0m[38;2;0;0;0m▀[38;2;0;0;0m▀  [38;2;0;0;0m▀[38;2;65;64;65m[48;2;0;0;0m▀[0m[38;2;65;64;65m[48;2;60;136;209m▀[0m[38;2;65;64;65m[48;2;60;136;209m▀[0m[38;2;164;190;189m[48;2;65;64;65m▀[0m[38;2;164;190;189m[48;2;131;148;148m▀[0m[38;2;164;190;189m[48;2;135;145;148m▀[0m[38;2;135;145;148m[48;2;135;145;148m▀[0m[38;2;255;255;255m[48;2;135;145;148m▀[0m[38;2;255;255;255m[48;2;135;145;148m▀[0m[38;2;255;246;255m[48;2;2;78;151m▀[0m[38;2;2;78;151m[48;2;134;120;134m▀[0m[38;2;127;192;255m[48;2;255;238;255m▀[0m[38;2;127;192;255m[48;2;53;129;202m▀[0m[38;2;119;188;255m[48;2;59;135;208m▀[0m[38;2;119;188;255m[48;2;119;188;255m▀[0m[38;2;119;188;255m[48;2;119;188;255m▀[0m[38;2;59;135;208m[48;2;119;188;255m▀[0m[38;2;65;66;68m[48;2;65;66;68m▀[0m[38;2;60;136;209m[48;2;32;108;181m▀[0m[38;2;59;135;208m[48;2;59;135;208m▀[0m[38;2;59;135;208m[48;2;59;135;208m▀[0m[38;2;65;64;65m[48;2;65;64;65m▀[0m[38;2;60;136;209m[48;2;60;136;209m▀[0m[38;2;60;136;209m[48;2;0;0;0m▀[0m[38;2;60;136;209m[48;2;0;0;0m▀[0m[38;2;31;107;180m[48;2;0;0;0m▀[0m[38;2;0;0;0m▀[38;2;0;0;0m▀    
   [38;2;0;0;0m▀[38;2;0;0;0m▀[38;2;0;0;0m▀    [38;2;0;0;0m▄[38;2;0;0;0m[48;2;60;136;209m▀[0m[38;2;60;136;209m[48;2;60;136;209m▀[0m[38;2;65;64;65m[48;2;60;136;209m▀[0m[38;2;60;136;209m[48;2;65;64;65m▀[0m[38;2;60;136;209m[48;2;60;136;209m▀[0m[38;2;65;64;65m[48;2;60;136;209m▀[0m[38;2;255;255;255m[48;2;65;64;65m▀[0m[38;2;255;255;255m[48;2;255;255;255m▀[0m[38;2;255;255;255m[48;2;255;255;255m▀[0m[38;2;255;255;255m[48;2;135;145;148m▀[0m[38;2;65;64;65m[48;2;65;64;65m▀[0m[38;2;117;187;255m[48;2;117;187;255m▀[0m[38;2;60;136;209m[48;2;117;187;255m▀[0m[38;2;60;136;209m[48;2;60;136;209m▀[0m[38;2;255;242;255m[48;2;56;132;205m▀[0m[38;2;56;132;205m[48;2;132;194;255m▀[0m[38;2;117;187;255m[48;2;65;64;65m▀[0m[38;2;65;64;65m[48;2;117;187;255m▀[0m[38;2;119;188;255m[48;2;119;188;255m▀[0m[38;2;119;188;255m[48;2;119;188;255m▀[0m[38;2;32;108;181m[48;2;32;108;181m▀[0m[38;2;59;135;208m[48;2;59;135;208m▀[0m[38;2;0;0;0m[48;2;0;0;0m▀[0m[38;2;0;0;0m▀         
          [38;2;0;0;0m▀[38;2;60;136;209m[48;2;0;0;0m▀[0m[38;2;60;136;209m[48;2;60;136;209m▀[0m[38;2;60;136;209m[48;2;65;64;65m▀[0m[38;2;65;64;65m[48;2;60;136;209m▀[0m[38;2;65;64;65m[48;2;60;136;209m▀[0m[38;2;65;64;65m[48;2;60;136;209m▀[0m[38;2;60;136;209m[48;2;60;136;209m▀[0m[38;2;65;64;65m[48;2;60;136;209m▀[0m[38;2;65;59;65m[48;2;60;136;209m▀[0m[38;2;180;178;197m[48;2;8;0;0m▀[0m[38;2;164;190;189m[48;2;0;0;0m▀[0m[38;2;54;63;63m[48;2;0;0;0m▀[0m[38;2;131;123;131m[48;2;8;0;8m▀[0m[38;2;255;246;255m[48;2;8;0;8m▀[0m[38;2;60;136;209m[48;2;65;66;68m▀[0m[38;2;65;66;68m[48;2;32;108;181m▀[0m[38;2;119;188;255m[48;2;119;188;255m▀[0m[38;2;119;188;255m[48;2;119;188;255m▀[0m[38;2;117;187;255m[48;2;30;106;179m▀[0m[38;2;30;106;179m[48;2;30;106;179m▀[0m[38;2;32;108;181m[48;2;117;187;255m▀[0m[38;2;32;108;181m[48;2;59;135;208m▀[0m[38;2;60;136;209m[48;2;60;136;209m▀[0m[38;2;0;0;0m[48;2;60;136;209m▀[0m[38;2;0;0;0m▄        
           [38;2;0;0;0m▄[38;2;0;0;0m[48;2;164;190;189m▀[0m[38;2;65;64;65m[48;2;164;190;189m▀[0m[38;2;65;64;65m[48;2;164;190;189m▀[0m[38;2;59;135;208m[48;2;74;52;74m▀[0m[38;2;59;135;208m[48;2;0;4;0m▀[0m[38;2;60;136;209m[48;2;0;0;0m▀[0m[38;2;60;136;209m[48;2;0;0;0m▀[0m[38;2;0;0;0m▀     [38;2;0;0;0m[48;2;0;0;0m▀[0m[38;2;60;136;209m[48;2;60;136;209m▀[0m[38;2;31;107;180m[48;2;31;107;180m▀[0m[38;2;31;107;180m[48;2;255;255;255m▀[0m[38;2;30;106;179m[48;2;255;250;255m▀[0m[38;2;114;185;255m[48;2;255;250;255m▀[0m[38;2;121;189;255m[48;2;32;108;181m▀[0m[38;2;121;189;255m[48;2;59;135;208m▀[0m[38;2;60;136;209m[48;2;0;0;0m▀[0m[38;2;60;136;209m[48;2;0;0;0m▀[0m[38;2;0;0;0m▀        
            [38;2;0;0;0m▀[38;2;0;0;0m▀[38;2;0;0;0m▀[38;2;0;0;0m▀          [38;2;0;0;0m▀[38;2;255;255;255m[48;2;0;0;0m▀[0m[38;2;255;255;255m[48;2;255;255;255m▀[0m[38;2;255;255;255m[48;2;255;255;255m▀[0m[38;2;255;255;255m[48;2;255;255;255m▀[0m[38;2;255;255;255m[48;2;0;0;0m▀[0m[38;2;0;0;0m▀           
                            [38;2;0;0;0m▀[38;2;0;0;0m▀[38;2;0;0;0m▀             
                                     [0m                                     