   [38;2;0;0;0m▄[38;2;0;0;0m[48;2;125;164;221m▀[0m[38;2;0;0;0m▄        [38;2;0;0;0m▄[38;2;0;0;0m▄     
   [38;2;0;0;0m[48;2;0;0;0m▀[0m[38;2;125;164;221m[48;2;125;164;221m▀[0m[38;2;0;0;0m[48;2;125;164;221m▀[0m[38;2;0;0;0m▄      [38;2;0;0;0m[48;2;0;0;0m▀[0m[38;2;182;209;244m[48;2;182;209;244m▀[0m[38;2;0;0;0m[48;2;0;0;0m▀[0m[38;2;0;0;0m▄[38;2;0;0;0m[48;2;182;209;244m▀[0m[38;2;0;0;0m[48;2;0;0;0m▀[0m  
  [38;2;0;0;0m[48;2;0;0;0m▀[0m[38;2;125;164;221m[48;2;125;164;221m▀[0m[38;2;125;164;221m[48;2;125;164;221m▀[0m[38;2;125;164;221m[48;2;125;164;221m▀[0m[38;2;0;0;0m[48;2;0;0;0m▀[0m [38;2;0;0;0m▄[38;2;0;0;0m[48;2;182;209;244m▀[0m[38;2;0;0;0m▄ [38;2;0;0;0m[48;2;0;0;0m▀[0m[38;2;182;209;244m[48;2;182;209;244m▀[0m[38;2;182;209;244m[48;2;182;209;244m▀[0m[38;2;182;209;244m[48;2;151;92;53m▀[0m[38;2;182;209;244m[48;2;182;209;244m▀[0m[38;2;0;0;0m[48;2;0;0;0m▀[0m   
   [38;2;0;0;0m[48;2;0;0;0m▀[0m[38;2;125;164;221m[48;2;125;164;221m▀[0m[38;2;125;164;221m[48;2;125;164;221m▀[0m[38;2;0;0;0m[48;2;125;164;221m▀[0m[38;2;0;0;0m▄[38;2;0;0;0m[48;2;182;209;244m▀[0m[38;2;182;209;244m[48;2;182;209;244m▀[0m[38;2;182;209;244m[48;2;0;0;0m▀[0m[38;2;0;0;0m[48;2;182;209;244m▀[0m[38;2;182;209;244m[48;2;182;209;244m▀[0m[38;2;182;209;244m[48;2;151;92;53m▀[0m[38;2;151;92;53m[48;2;181;122;83m▀[0m[38;2;181;122;83m[48;2;151;92;53m▀[0m[38;2;182;209;244m[48;2;0;0;0m▀[0m[38;2;0;0;0m▀   
  [38;2;0;0;0m▄[38;2;0;0;0m▄[38;2;0;0;0m[48;2;65;65;65m▀[0m[38;2;125;164;221m[48;2;65;65;65m▀[0m[38;2;65;65;65m[48;2;182;209;244m▀[0m[38;2;0;0;0m[48;2;182;209;244m▀[0m[38;2;125;164;221m[48;2;125;164;221m▀[0m[38;2;182;209;244m[48;2;182;209;244m▀[0m[38;2;0;0;0m[48;2;0;0;0m▀[0m[38;2;182;209;244m[48;2;182;209;244m▀[0m[38;2;151;92;53m[48;2;151;92;53m▀[0m[38;2;181;122;83m[48;2;181;122;83m▀[0m[38;2;181;122;83m[48;2;151;92;53m▀[0m[38;2;151;92;53m[48;2;182;209;244m▀[0m[38;2;0;0;0m[48;2;0;0;0m▀[0m[38;2;0;0;0m▄   
 [38;2;0;0;0m▀[38;2;182;209;244m[48;2;0;0;0m▀[0m[38;2;182;209;244m[48;2;81;119;194m▀[0m[38;2;182;209;244m[48;2;125;164;221m▀[0m[38;2;125;164;221m[48;2;182;209;244m▀[0m[38;2;182;209;244m[48;2;182;209;244m▀[0m[38;2;182;209;244m[48;2;182;209;244m▀[0m[38;2;182;209;244m[48;2;182;209;244m▀[0m[38;2;81;119;194m[48;2;182;209;244m▀[0m[38;2;182;209;244m[48;2;182;209;244m▀[0m[38;2;151;92;53m[48;2;125;164;221m▀[0m[38;2;182;209;244m[48;2;182;209;244m▀[0m[38;2;151;92;53m[48;2;0;0;0m▀[0m[38;2;182;209;244m[48;2;0;0;0m▀[0m[38;2;0;0;0m[48;2;125;164;221m▀[0m[38;2;125;164;221m[48;2;125;164;221m▀[0m[38;2;81;119;194m[48;2;125;164;221m▀[0m[38;2;0;0;0m[48;2;0;0;0m▀[0m  
  [38;2;0;0;0m▄[38;2;0;0;0m[48;2;182;209;244m▀[0m[38;2;182;209;244m[48;2;182;209;244m▀[0m[38;2;125;164;221m[48;2;81;119;194m▀[0m[38;2;182;209;244m[48;2;182;209;244m▀[0m[38;2;182;209;244m[48;2;0;0;0m▀[0m[38;2;0;0;0m[48;2;189;189;181m▀[0m[38;2;81;119;194m[48;2;81;119;194m▀[0m[38;2;125;164;221m[48;2;125;164;221m▀[0m[38;2;125;164;221m[48;2;65;65;65m▀[0m[38;2;125;164;221m[48;2;125;164;221m▀[0m[38;2;125;164;221m[48;2;125;164;221m▀[0m[38;2;125;164;221m[48;2;125;164;221m▀[0m[38;2;81;119;194m[48;2;125;164;221m▀[0m[38;2;125;164;221m[48;2;125;164;221m▀[0m[38;2;81;119;194m[48;2;65;65;65m▀[0m[38;2;125;164;221m[48;2;125;164;221m▀[0m[38;2;0;0;0m[48;2;0;0;0m▀[0m 
 [38;2;0;0;0m▄[38;2;0;0;0m[48;2;182;209;244m▀[0m[38;2;182;209;244m[48;2;182;209;244m▀[0m[38;2;182;209;244m[48;2;182;209;244m▀[0m[38;2;182;209;244m[48;2;182;209;244m▀[0m[38;2;123;90;66m[48;2;125;164;221m▀[0m[38;2;0;0;0m[48;2;125;164;221m▀[0m[38;2;255;255;255m[48;2;125;164;221m▀[0m[38;2;125;164;221m[48;2;65;65;65m▀[0m[38;2;125;164;221m[48;2;65;65;65m▀[0m[38;2;65;65;65m[48;2;125;164;221m▀[0m[38;2;125;164;221m[48;2;81;119;194m▀[0m[38;2;81;119;194m[48;2;125;164;221m▀[0m[38;2;65;65;65m[48;2;125;164;221m▀[0m[38;2;125;164;221m[48;2;65;65;65m▀[0m[38;2;65;65;65m[48;2;0;0;0m▀[0m[38;2;125;164;221m[48;2;0;0;0m▀[0m[38;2;81;119;194m[48;2;189;189;181m▀[0m[38;2;0;0;0m[48;2;0;0;0m▀[0m 
 [38;2;0;0;0m▀[38;2;65;65;65m[48;2;0;0;0m▀[0m[38;2;182;209;244m[48;2;0;0;0m▀[0m[38;2;182;209;244m[48;2;65;65;65m▀[0m[38;2;125;164;221m[48;2;65;65;65m▀[0m[38;2;125;164;221m[48;2;65;65;65m▀[0m[38;2;65;65;65m[48;2;189;189;181m▀[0m[38;2;65;65;65m[48;2;0;0;0m▀[0m[38;2;125;164;221m[48;2;0;0;0m▀[0m[38;2;125;164;221m[48;2;0;0;0m▀[0m[38;2;65;65;65m[48;2;65;65;65m▀[0m[38;2;182;209;244m[48;2;65;65;65m▀[0m[38;2;182;209;244m[48;2;65;65;65m▀[0m[38;2;125;164;221m[48;2;125;164;221m▀[0m[38;2;65;65;65m[48;2;0;0;0m▀[0m [38;2;0;0;0m▀[38;2;0;0;0m▀  
   [38;2;0;0;0m[48;2;0;0;0m▀[0m[38;2;81;119;194m[48;2;0;0;0m▀[0m[38;2;81;119;194m[48;2;0;0;0m▀[0m[38;2;0;0;0m▀[38;2;0;0;0m▀  [38;2;0;0;0m▄[38;2;0;0;0m[48;2;182;209;244m▀[0m[38;2;125;164;221m[48;2;182;209;244m▀[0m[38;2;125;164;221m[48;2;125;164;221m▀[0m[38;2;0;0;0m[48;2;0;0;0m▀[0m      
          [38;2;0;0;0m▀[38;2;255;255;255m[48;2;0;0;0m▀[0m[38;2;255;255;255m[48;2;0;0;0m▀[0m[38;2;0;0;0m▀       
                                     [0m                                     