         [38;2;0;4;0m▄[38;2;0;4;0m▄[38;2;0;4;0m[48;2;234;230;240m▀[0m[38;2;0;4;0m[48;2;234;230;240m▀[0m[38;2;0;4;0m▄                          
      [38;2;0;4;0m▄[38;2;0;4;0m[48;2;234;230;240m▀[0m[38;2;0;4;0m[48;2;234;230;240m▀[0m[38;2;234;230;240m[48;2;234;230;240m▀[0m[38;2;234;230;240m[48;2;134;130;140m▀[0m[38;2;234;230;240m[48;2;145;141;151m▀[0m[38;2;0;4;0m[48;2;66;52;66m▀[0m[38;2;0;4;0m▄[38;2;0;4;0m▄[38;2;0;4;0m▄[38;2;0;4;0m[48;2;234;230;240m▀[0m[38;2;0;4;0m[48;2;0;4;0m▀[0m                      
     [38;2;0;4;0m[48;2;0;4;0m▀[0m[38;2;234;230;240m[48;2;234;230;240m▀[0m[38;2;234;230;240m[48;2;234;230;240m▀[0m[38;2;234;230;240m[48;2;234;230;240m▀[0m[38;2;134;130;140m[48;2;234;230;240m▀[0m[38;2;234;230;240m[48;2;234;230;240m▀[0m[38;2;231;227;237m[48;2;234;230;240m▀[0m[38;2;231;227;237m[48;2;234;230;240m▀[0m[38;2;234;230;240m[48;2;237;233;243m▀[0m[38;2;234;230;240m[48;2;180;176;186m▀[0m[38;2;234;230;240m[48;2;66;65;66m▀[0m[38;2;0;4;0m[48;2;66;65;66m▀[0m[38;2;0;4;0m▄[38;2;0;4;0m▄[38;2;0;4;0m▄      [38;2;0;4;0m▄[38;2;0;4;0m▄[38;2;0;4;0m▄           
  [38;2;0;4;0m▄[38;2;0;4;0m[48;2;190;186;196m▀[0m[38;2;0;4;0m[48;2;68;64;54m▀[0m[38;2;234;230;240m[48;2;234;230;240m▀[0m[38;2;234;230;240m[48;2;234;230;240m▀[0m[38;2;234;230;240m[48;2;237;233;243m▀[0m[38;2;234;230;240m[48;2;66;65;66m▀[0m[38;2;66;65;66m[48;2;231;227;237m▀[0m[38;2;234;230;240m[48;2;66;52;66m▀[0m[38;2;234;230;240m[48;2;189;185;195m▀[0m[38;2;190;186;196m[48;2;189;185;195m▀[0m[38;2;66;65;66m[48;2;190;186;196m▀[0m[38;2;66;65;66m[48;2;190;186;196m▀[0m[38;2;189;185;195m[48;2;189;185;195m▀[0m[38;2;189;185;195m[48;2;189;185;195m▀[0m[38;2;234;230;240m[48;2;189;185;195m▀[0m[38;2;234;230;240m[48;2;0;4;0m▀[0m[38;2;234;230;240m[48;2;0;4;0m▀[0m[38;2;0;4;0m▀[38;2;0;4;0m▄[38;2;0;4;0m▄[38;2;0;4;0m[48;2;247;243;253m▀[0m[38;2;0;4;0m[48;2;133;129;139m▀[0m[38;2;0;4;0m[48;2;245;241;251m▀[0m[38;2;234;230;240m[48;2;234;230;240m▀[0m[38;2;234;230;240m[48;2;234;230;240m▀[0m[38;2;234;230;240m[48;2;234;230;240m▀[0m[38;2;0;4;0m[48;2;234;230;240m▀[0m[38;2;0;4;0m[48;2;234;230;240m▀[0m[38;2;0;4;0m▄        
   [38;2;0;4;8m[48;2;0;4;0m▀[0m[38;2;68;64;54m[48;2;189;185;195m▀[0m[38;2;234;230;240m[48;2;66;65;66m▀[0m[38;2;234;230;240m[48;2;189;185;195m▀[0m[38;2;180;176;186m[48;2;180;176;186m▀[0m[38;2;66;65;66m[48;2;66;65;66m▀[0m[38;2;145;141;151m[48;2;134;130;140m▀[0m[38;2;231;227;237m[48;2;234;230;240m▀[0m[38;2;66;65;66m[48;2;66;65;66m▀[0m[38;2;189;185;195m[48;2;180;176;186m▀[0m[38;2;190;186;196m[48;2;190;186;196m▀[0m[38;2;190;186;196m[48;2;133;129;139m▀[0m[38;2;189;185;195m[48;2;129;125;135m▀[0m[38;2;66;65;66m[48;2;8;4;0m▀[0m[38;2;0;4;0m▀ [38;2;0;4;0m▄[38;2;0;4;0m[48;2;234;230;240m▀[0m[38;2;247;243;253m[48;2;234;230;240m▀[0m[38;2;247;243;253m[48;2;134;130;140m▀[0m[38;2;133;129;139m[48;2;234;230;240m▀[0m[38;2;247;243;253m[48;2;244;240;250m▀[0m[38;2;245;241;251m[48;2;242;238;248m▀[0m[38;2;245;241;251m[48;2;242;238;248m▀[0m[38;2;234;230;240m[48;2;133;129;139m▀[0m[38;2;234;230;240m[48;2;133;129;139m▀[0m[38;2;66;65;66m[48;2;234;230;240m▀[0m[38;2;66;65;66m[48;2;234;230;240m▀[0m[38;2;66;64;66m[48;2;234;230;240m▀[0m[38;2;0;4;0m[48;2;190;186;196m▀[0m[38;2;0;4;0m▄      
    [38;2;0;4;0m[48;2;0;4;0m▀[0m[38;2;189;185;195m[48;2;245;241;251m▀[0m[38;2;66;65;66m[48;2;245;241;251m▀[0m[38;2;66;65;66m[48;2;234;230;240m▀[0m[38;2;237;233;243m[48;2;234;230;240m▀[0m[38;2;134;130;140m[48;2;234;230;240m▀[0m[38;2;234;230;240m[48;2;234;230;240m▀[0m[38;2;237;233;243m[48;2;211;207;217m▀[0m[38;2;66;65;66m[48;2;77;70;52m▀[0m[38;2;190;186;196m[48;2;0;4;0m▀[0m[38;2;190;186;196m[48;2;189;185;195m▀[0m[38;2;191;187;197m[48;2;189;185;195m▀[0m[38;2;191;187;197m[48;2;189;185;195m▀[0m[38;2;0;4;0m[48;2;191;187;197m▀[0m[38;2;0;4;0m[48;2;130;126;136m▀[0m[38;2;234;230;240m[48;2;66;65;66m▀[0m[38;2;234;230;240m[48;2;237;233;243m▀[0m[38;2;234;230;240m[48;2;134;130;140m▀[0m[38;2;134;130;140m[48;2;234;230;240m▀[0m[38;2;234;230;240m[48;2;234;230;240m▀[0m[38;2;234;230;240m[48;2;234;230;240m▀[0m[38;2;242;238;248m[48;2;134;130;140m▀[0m[38;2;132;128;138m[48;2;238;234;244m▀[0m[38;2;247;243;253m[48;2;245;241;251m▀[0m[38;2;247;243;253m[48;2;245;241;251m▀[0m[38;2;244;240;250m[48;2;245;241;251m▀[0m[38;2;234;230;240m[48;2;245;241;251m▀[0m[38;2;234;230;240m[48;2;234;230;240m▀[0m[38;2;234;230;240m[48;2;234;230;240m▀[0m[38;2;189;185;195m[48;2;189;185;195m▀[0m[38;2;0;4;0m[48;2;189;185;195m▀[0m[38;2;0;4;0m▄    
   [38;2;0;4;0m[48;2;0;4;0m▀[0m[38;2;247;243;253m[48;2;234;230;240m▀[0m[38;2;245;241;251m[48;2;238;234;244m▀[0m[38;2;245;241;251m[48;2;238;234;244m▀[0m[38;2;244;240;250m[48;2;216;174;165m▀[0m[38;2;234;230;240m[48;2;140;20;33m▀[0m[38;2;234;230;240m[48;2;132;40;57m▀[0m[38;2;234;230;240m[48;2;189;185;195m▀[0m[38;2;211;207;217m[48;2;190;186;196m▀[0m[38;2;0;0;8m[48;2;190;186;196m▀[0m[38;2;0;4;0m▄[38;2;0;4;0m▀[38;2;0;4;0m▀[38;2;0;4;0m▀[38;2;76;62;62m[48;2;0;4;8m▀[0m[38;2;191;187;197m[48;2;68;64;54m▀[0m[38;2;180;176;186m[48;2;71;64;62m▀[0m[38;2;66;65;66m[48;2;129;125;135m▀[0m[38;2;134;130;140m[48;2;234;230;240m▀[0m[38;2;234;230;240m[48;2;234;230;240m▀[0m[38;2;234;230;240m[48;2;234;230;240m▀[0m[38;2;134;130;140m[48;2;134;130;140m▀[0m[38;2;238;234;244m[48;2;234;230;240m▀[0m[38;2;238;234;244m[48;2;234;230;240m▀[0m[38;2;234;230;240m[48;2;234;230;240m▀[0m[38;2;245;241;251m[48;2;234;230;240m▀[0m[38;2;245;241;251m[48;2;133;129;139m▀[0m[38;2;245;241;251m[48;2;133;129;139m▀[0m[38;2;66;65;66m[48;2;245;241;251m▀[0m[38;2;66;65;66m[48;2;234;230;240m▀[0m[38;2;66;65;66m[48;2;234;230;240m▀[0m[38;2;66;65;66m[48;2;234;230;240m▀[0m[38;2;0;4;0m[48;2;206;202;212m▀[0m[38;2;0;4;0m▄   
  [38;2;0;4;0m▄[38;2;0;4;0m[48;2;234;230;240m▀[0m[38;2;234;230;240m[48;2;234;230;240m▀[0m[38;2;238;234;244m[48;2;234;230;240m▀[0m[38;2;191;187;197m[48;2;189;185;195m▀[0m[38;2;255;251;231m[48;2;132;40;57m▀[0m[38;2;178;97;99m[48;2;132;40;57m▀[0m[38;2;132;40;57m[48;2;189;185;195m▀[0m[38;2;189;185;195m[48;2;189;185;195m▀[0m[38;2;190;186;196m[48;2;190;186;196m▀[0m[38;2;190;186;196m[48;2;190;186;196m▀[0m[38;2;0;4;0m[48;2;0;4;0m▀[0m  [38;2;0;4;0m[48;2;0;4;0m▀[0m[38;2;190;186;196m[48;2;189;185;195m▀[0m[38;2;68;64;54m[48;2;66;65;66m▀[0m[38;2;191;187;197m[48;2;189;185;195m▀[0m[38;2;71;64;62m[48;2;66;65;66m▀[0m[38;2;190;186;196m[48;2;189;185;195m▀[0m[38;2;234;230;240m[48;2;189;185;195m▀[0m[38;2;134;130;140m[48;2;66;65;66m▀[0m[38;2;234;230;240m[48;2;189;185;195m▀[0m[38;2;234;230;240m[48;2;235;231;241m▀[0m[38;2;234;230;240m[48;2;235;231;241m▀[0m[38;2;234;230;240m[48;2;134;130;140m▀[0m[38;2;134;130;140m[48;2;234;230;240m▀[0m[38;2;239;235;245m[48;2;234;230;240m▀[0m[38;2;239;235;245m[48;2;234;230;240m▀[0m[38;2;245;241;251m[48;2;245;241;251m▀[0m[38;2;245;241;251m[48;2;245;241;251m▀[0m[38;2;234;230;240m[48;2;246;242;252m▀[0m[38;2;190;186;196m[48;2;227;223;233m▀[0m[38;2;206;202;212m[48;2;190;186;196m▀[0m[38;2;206;202;212m[48;2;234;230;240m▀[0m[38;2;0;4;0m[48;2;0;4;0m▀[0m  
 [38;2;0;4;0m[48;2;0;4;0m▀[0m[38;2;234;230;240m[48;2;66;64;66m▀[0m[38;2;234;230;240m[48;2;189;185;195m▀[0m[38;2;234;230;240m[48;2;189;185;195m▀[0m[38;2;189;185;195m[48;2;189;185;195m▀[0m[38;2;189;185;195m[48;2;189;185;195m▀[0m[38;2;189;185;195m[48;2;0;4;0m▀[0m[38;2;189;185;195m[48;2;66;64;66m▀[0m[38;2;189;185;195m[48;2;66;65;66m▀[0m[38;2;66;65;66m[48;2;189;185;195m▀[0m[38;2;190;186;196m[48;2;190;186;196m▀[0m[38;2;190;186;196m[48;2;190;186;196m▀[0m[38;2;189;185;195m[48;2;220;216;226m▀[0m[38;2;0;4;0m[48;2;0;4;0m▀[0m [38;2;0;4;0m▀[38;2;189;185;195m[48;2;0;4;8m▀[0m[38;2;66;65;66m[48;2;68;64;54m▀[0m[38;2;189;185;195m[48;2;189;185;195m▀[0m[38;2;66;65;66m[48;2;189;185;195m▀[0m[38;2;189;185;195m[48;2;189;185;195m▀[0m[38;2;66;65;66m[48;2;66;65;66m▀[0m[38;2;189;185;195m[48;2;190;186;196m▀[0m[38;2;189;185;195m[48;2;190;186;196m▀[0m[38;2;179;175;185m[48;2;66;65;66m▀[0m[38;2;66;65;74m[48;2;189;185;195m▀[0m[38;2;234;230;240m[48;2;189;185;195m▀[0m[38;2;234;230;240m[48;2;234;230;240m▀[0m[38;2;234;230;240m[48;2;234;230;240m▀[0m[38;2;234;230;240m[48;2;234;230;240m▀[0m[38;2;234;230;240m[48;2;239;235;245m▀[0m[38;2;245;241;251m[48;2;239;235;245m▀[0m[38;2;246;242;252m[48;2;189;185;195m▀[0m[38;2;193;189;199m[48;2;66;65;66m▀[0m[38;2;234;230;240m[48;2;190;186;196m▀[0m[38;2;190;186;196m[48;2;190;186;196m▀[0m[38;2;189;185;195m[48;2;189;185;195m▀[0m[38;2;0;4;0m[48;2;0;4;0m▀[0m 
  [38;2;0;4;0m▀[38;2;0;4;0m▀[38;2;0;4;0m▀[38;2;0;4;0m▀[38;2;0;4;0m▀ [38;2;0;4;0m[48;2;0;4;0m▀[0m[38;2;189;185;195m[48;2;190;186;196m▀[0m[38;2;189;185;195m[48;2;190;186;196m▀[0m[38;2;190;186;196m[48;2;190;186;196m▀[0m[38;2;190;186;196m[48;2;234;230;240m▀[0m[38;2;220;216;226m[48;2;234;230;240m▀[0m[38;2;220;216;226m[48;2;234;230;240m▀[0m[38;2;0;4;0m[48;2;229;225;235m▀[0m[38;2;0;0;0m▄[38;2;0;4;8m▀[38;2;190;186;196m[48;2;0;4;0m▀[0m[38;2;66;65;66m[48;2;66;65;66m▀[0m[38;2;189;185;195m[48;2;189;185;195m▀[0m[38;2;189;185;195m[48;2;66;65;66m▀[0m[38;2;66;65;66m[48;2;189;185;195m▀[0m[38;2;190;186;196m[48;2;189;185;195m▀[0m[38;2;190;186;196m[48;2;66;65;66m▀[0m[38;2;66;65;66m[48;2;190;186;196m▀[0m[38;2;189;185;195m[48;2;190;186;196m▀[0m[38;2;189;185;195m[48;2;190;186;196m▀[0m[38;2;189;185;195m[48;2;190;186;196m▀[0m[38;2;190;186;196m[48;2;189;185;195m▀[0m[38;2;190;186;196m[48;2;66;65;66m▀[0m[38;2;66;65;66m[48;2;189;185;195m▀[0m[38;2;66;65;66m[48;2;189;185;195m▀[0m[38;2;66;65;66m[48;2;190;186;196m▀[0m[38;2;189;185;195m[48;2;190;186;196m▀[0m[38;2;190;186;196m[48;2;190;186;196m▀[0m[38;2;190;186;196m[48;2;190;186;196m▀[0m[38;2;189;185;195m[48;2;0;4;0m▀[0m[38;2;0;4;0m▀ 
       [38;2;0;4;0m▄[38;2;0;4;0m[48;2;239;235;245m▀[0m[38;2;234;230;240m[48;2;234;230;240m▀[0m[38;2;234;230;240m[48;2;234;230;240m▀[0m[38;2;234;230;240m[48;2;245;241;251m▀[0m[38;2;234;230;240m[48;2;245;241;251m▀[0m[38;2;234;230;240m[48;2;234;230;240m▀[0m[38;2;234;230;240m[48;2;234;230;240m▀[0m[38;2;154;150;160m[48;2;234;230;240m▀[0m[38;2;229;225;235m[48;2;134;130;140m▀[0m[38;2;0;4;0m[48;2;234;230;240m▀[0m[38;2;66;64;66m[48;2;234;230;240m▀[0m[38;2;189;185;195m[48;2;66;65;66m▀[0m[38;2;189;185;195m[48;2;66;65;66m▀[0m[38;2;66;65;66m[48;2;189;185;195m▀[0m[38;2;189;185;195m[48;2;189;185;195m▀[0m[38;2;189;185;195m[48;2;66;65;66m▀[0m[38;2;66;65;66m[48;2;189;185;195m▀[0m[38;2;190;186;196m[48;2;189;185;195m▀[0m[38;2;190;186;196m[48;2;189;185;195m▀[0m[38;2;190;186;196m[48;2;66;65;66m▀[0m[38;2;190;186;196m[48;2;66;65;66m▀[0m[38;2;66;65;66m[48;2;189;185;195m▀[0m[38;2;66;65;66m[48;2;189;185;195m▀[0m[38;2;66;65;66m[48;2;183;179;189m▀[0m[38;2;66;65;66m[48;2;183;179;189m▀[0m[38;2;190;186;196m[48;2;66;65;66m▀[0m[38;2;190;186;196m[48;2;66;65;66m▀[0m[38;2;190;186;196m[48;2;189;185;195m▀[0m[38;2;190;186;196m[48;2;0;4;0m▀[0m[38;2;0;4;0m▀  
       [38;2;0;4;0m[48;2;0;4;0m▀[0m[38;2;239;235;245m[48;2;234;230;240m▀[0m[38;2;244;240;250m[48;2;244;240;250m▀[0m[38;2;244;240;250m[48;2;234;230;240m▀[0m[38;2;245;241;251m[48;2;234;230;240m▀[0m[38;2;234;230;240m[48;2;234;230;240m▀[0m[38;2;234;230;240m[48;2;140;136;146m▀[0m[38;2;234;230;240m[48;2;224;220;230m▀[0m[38;2;234;230;240m[48;2;66;65;66m▀[0m[38;2;134;130;140m[48;2;189;185;195m▀[0m[38;2;234;230;240m[48;2;235;231;241m▀[0m[38;2;234;230;240m[48;2;235;231;241m▀[0m[38;2;234;230;240m[48;2;234;230;240m▀[0m[38;2;66;65;66m[48;2;234;230;240m▀[0m[38;2;66;65;66m[48;2;234;230;240m▀[0m[38;2;189;185;195m[48;2;66;65;66m▀[0m[38;2;189;185;195m[48;2;189;185;195m▀[0m[38;2;189;185;195m[48;2;189;185;195m▀[0m[38;2;189;185;195m[48;2;66;65;66m▀[0m[38;2;66;65;66m[48;2;66;65;66m▀[0m[38;2;189;185;195m[48;2;66;65;66m▀[0m[38;2;66;65;66m[48;2;189;185;195m▀[0m[38;2;66;65;66m[48;2;183;179;189m▀[0m[38;2;66;65;66m[48;2;183;179;189m▀[0m[38;2;74;69;74m[48;2;179;175;185m▀[0m[38;2;238;234;244m[48;2;66;65;74m▀[0m[38;2;239;235;245m[48;2;247;243;253m▀[0m[38;2;239;235;245m[48;2;247;243;253m▀[0m[38;2;0;4;0m[48;2;239;235;245m▀[0m[38;2;0;4;0m▄   
        [38;2;0;4;0m[48;2;0;4;0m▀[0m[38;2;234;230;240m[48;2;234;230;240m▀[0m[38;2;234;230;240m[48;2;234;230;240m▀[0m[38;2;234;230;240m[48;2;140;136;146m▀[0m[38;2;234;230;240m[48;2;224;220;230m▀[0m[38;2;140;136;146m[48;2;66;65;66m▀[0m[38;2;66;48;66m[48;2;189;185;195m▀[0m[38;2;189;185;195m[48;2;189;185;195m▀[0m[38;2;189;185;195m[48;2;189;185;195m▀[0m[38;2;179;175;185m[48;2;66;65;66m▀[0m[38;2;66;65;74m[48;2;189;185;195m▀[0m[38;2;234;230;240m[48;2;189;185;195m▀[0m[38;2;234;230;240m[48;2;234;230;240m▀[0m[38;2;234;230;240m[48;2;238;234;244m▀[0m[38;2;234;230;240m[48;2;183;179;189m▀[0m[38;2;66;65;66m[48;2;66;65;66m▀[0m[38;2;66;65;66m[48;2;247;243;253m▀[0m[38;2;189;185;195m[48;2;238;234;244m▀[0m[38;2;66;65;66m[48;2;191;187;197m▀[0m[38;2;189;185;195m[48;2;66;65;66m▀[0m[38;2;66;65;66m[48;2;187;183;193m▀[0m[38;2;74;69;74m[48;2;238;234;244m▀[0m[38;2;238;234;244m[48;2;66;65;66m▀[0m[38;2;235;231;241m[48;2;242;238;248m▀[0m[38;2;235;231;241m[48;2;242;238;248m▀[0m[38;2;66;65;66m[48;2;247;243;253m▀[0m[38;2;247;243;253m[48;2;66;65;66m▀[0m[38;2;239;235;245m[48;2;234;230;240m▀[0m[38;2;0;4;0m[48;2;0;4;0m▀[0m   
         [38;2;0;4;0m[48;2;0;4;0m▀[0m[38;2;234;230;240m[48;2;189;185;195m▀[0m[38;2;140;136;146m[48;2;66;65;66m▀[0m[38;2;66;48;66m[48;2;189;185;195m▀[0m[38;2;189;185;195m[48;2;189;185;195m▀[0m[38;2;189;185;195m[48;2;189;185;195m▀[0m[38;2;66;65;66m[48;2;68;64;54m▀[0m[38;2;189;185;195m[48;2;190;186;196m▀[0m[38;2;66;65;66m[48;2;189;185;195m▀[0m[38;2;189;185;195m[48;2;189;185;195m▀[0m[38;2;189;185;195m[48;2;184;180;190m▀[0m[38;2;189;185;195m[48;2;74;60;57m▀[0m[38;2;183;179;189m[48;2;66;65;66m▀[0m[38;2;74;69;74m[48;2;234;230;240m▀[0m[38;2;247;243;253m[48;2;234;230;240m▀[0m[38;2;247;243;253m[48;2;244;240;250m▀[0m[38;2;238;234;244m[48;2;239;235;245m▀[0m[38;2;238;234;244m[48;2;66;65;66m▀[0m[38;2;66;65;66m[48;2;244;240;250m▀[0m[38;2;247;243;253m[48;2;244;240;250m▀[0m[38;2;238;234;244m[48;2;245;241;251m▀[0m[38;2;238;234;244m[48;2;245;241;251m▀[0m[38;2;66;65;66m[48;2;66;65;66m▀[0m[38;2;242;238;248m[48;2;234;230;240m▀[0m[38;2;247;243;253m[48;2;234;230;240m▀[0m[38;2;66;65;66m[48;2;0;4;0m▀[0m[38;2;0;4;0m▀    
          [38;2;0;4;0m[48;2;0;4;0m▀[0m[38;2;189;185;195m[48;2;180;176;186m▀[0m[38;2;66;65;66m[48;2;66;65;66m▀[0m[38;2;234;230;240m[48;2;234;230;240m▀[0m[38;2;189;185;195m[48;2;234;230;240m▀[0m[38;2;68;64;54m[48;2;0;4;0m▀[0m[38;2;0;4;8m▀[38;2;189;185;195m[48;2;0;4;0m▀[0m[38;2;66;65;66m[48;2;164;179;255m▀[0m[38;2;74;60;57m[48;2;163;178;255m▀[0m[38;2;121;138;223m[48;2;163;178;255m▀[0m[38;2;234;230;240m[48;2;120;137;222m▀[0m[38;2;234;230;240m[48;2;213;220;255m▀[0m[38;2;234;230;240m[48;2;66;65;66m▀[0m[38;2;234;230;240m[48;2;66;65;66m▀[0m[38;2;66;65;66m[48;2;111;128;213m▀[0m[38;2;239;235;245m[48;2;111;128;213m▀[0m[38;2;234;230;240m[48;2;234;230;240m▀[0m[38;2;234;230;240m[48;2;234;230;240m▀[0m[38;2;245;241;251m[48;2;229;225;235m▀[0m[38;2;245;241;251m[48;2;78;74;84m▀[0m[38;2;66;65;66m[48;2;0;4;0m▀[0m[38;2;234;230;240m[48;2;0;4;0m▀[0m[38;2;0;4;0m▀      
         [38;2;0;4;0m[48;2;0;4;0m▀[0m[38;2;189;185;195m[48;2;0;4;0m▀[0m[38;2;66;65;66m[48;2;225;221;231m▀[0m[38;2;237;233;243m[48;2;150;146;156m▀[0m[38;2;234;230;240m[48;2;234;230;240m▀[0m[38;2;0;4;0m[48;2;0;4;0m▀[0m [38;2;0;4;0m▀[38;2;164;179;255m[48;2;0;4;0m▀[0m[38;2;164;179;255m[48;2;0;4;0m▀[0m[38;2;163;178;255m[48;2;0;4;0m▀[0m[38;2;163;178;255m[48;2;66;64;66m▀[0m[38;2;74;56;57m[48;2;164;179;255m▀[0m[38;2;74;56;57m[48;2;164;179;255m▀[0m[38;2;164;179;255m[48;2;164;179;255m▀[0m[38;2;164;179;255m[48;2;164;179;255m▀[0m[38;2;164;179;255m[48;2;164;179;255m▀[0m[38;2;164;179;255m[48;2;0;4;0m▀[0m[38;2;110;127;212m[48;2;0;4;0m▀[0m[38;2;234;230;240m[48;2;0;4;0m▀[0m[38;2;0;0;8m▀[38;2;0;0;8m▀         
           [38;2;0;0;0m▀[38;2;0;0;0m▀[38;2;0;4;0m▀      [38;2;0;4;0m▀[38;2;0;4;0m▀[38;2;0;4;0m▀[38;2;0;4;0m▀[38;2;0;4;0m▀[38;2;0;4;0m▀              
                                     [0m                                     