   [38;2;0;0;0m▄[38;2;0;0;0m[48;2;249;249;170m▀[0m[38;2;0;4;0m▄          [38;2;0;0;0m▄[38;2;0;0;0m▄       
   [38;2;0;0;0m[48;2;0;0;0m▀[0m[38;2;168;168;89m[48;2;251;251;172m▀[0m[38;2;0;4;0m[48;2;0;0;0m▀[0m         [38;2;0;0;0m[48;2;0;0;0m▀[0m[38;2;252;252;173m[48;2;250;250;171m▀[0m[38;2;74;70;52m[48;2;184;184;105m▀[0m[38;2;0;0;0m[48;2;0;0;0m▀[0m      
  [38;2;0;0;0m[48;2;0;0;0m▀[0m[38;2;184;184;105m[48;2;251;251;172m▀[0m[38;2;251;251;172m[48;2;253;253;174m▀[0m[38;2;0;0;0m[48;2;0;0;0m▀[0m       [38;2;0;0;0m▄[38;2;0;0;0m[48;2;250;250;171m▀[0m[38;2;184;184;105m[48;2;184;184;105m▀[0m[38;2;250;250;171m[48;2;251;251;172m▀[0m[38;2;184;184;105m[48;2;251;251;172m▀[0m[38;2;251;251;172m[48;2;251;251;172m▀[0m[38;2;0;0;0m[48;2;0;0;0m▀[0m     
  [38;2;0;0;0m[48;2;0;0;0m▀[0m[38;2;251;251;172m[48;2;251;251;172m▀[0m[38;2;172;172;93m[48;2;184;184;105m▀[0m[38;2;0;0;0m[48;2;0;0;0m▀[0m   [38;2;0;0;0m▄[38;2;0;0;0m▄[38;2;0;0;0m▄[38;2;0;0;8m▄[38;2;0;0;0m[48;2;74;69;57m▀[0m[38;2;250;250;171m[48;2;251;251;172m▀[0m[38;2;250;250;171m[48;2;251;251;172m▀[0m[38;2;251;251;172m[48;2;251;251;172m▀[0m[38;2;251;251;172m[48;2;251;251;172m▀[0m[38;2;251;251;172m[48;2;251;251;172m▀[0m[38;2;0;0;0m[48;2;0;0;0m▀[0m     
  [38;2;0;0;0m[48;2;0;0;0m▀[0m[38;2;251;251;172m[48;2;251;251;172m▀[0m[38;2;184;184;105m[48;2;184;184;105m▀[0m[38;2;0;0;0m[48;2;66;65;66m▀[0m[38;2;0;0;8m▄[38;2;0;0;0m[48;2;187;188;76m▀[0m[38;2;0;0;0m[48;2;188;189;77m▀[0m[38;2;190;190;78m[48;2;188;189;77m▀[0m[38;2;189;190;78m[48;2;188;189;77m▀[0m[38;2;189;190;78m[48;2;188;189;77m▀[0m[38;2;74;69;57m[48;2;66;65;66m▀[0m[38;2;249;249;170m[48;2;251;251;172m▀[0m[38;2;251;251;172m[48;2;251;251;172m▀[0m[38;2;251;251;172m[48;2;251;251;172m▀[0m[38;2;251;251;172m[48;2;251;251;172m▀[0m[38;2;251;251;172m[48;2;251;251;172m▀[0m[38;2;251;251;172m[48;2;0;0;0m▀[0m[38;2;0;0;0m▀     
 [38;2;0;0;0m[48;2;0;0;0m▀[0m[38;2;251;251;172m[48;2;251;251;172m▀[0m[38;2;251;251;172m[48;2;251;251;172m▀[0m[38;2;184;184;105m[48;2;190;190;111m▀[0m[38;2;184;184;105m[48;2;66;65;66m▀[0m[38;2;82;65;57m[48;2;251;251;172m▀[0m[38;2;187;188;76m[48;2;66;65;66m▀[0m[38;2;188;189;77m[48;2;188;189;77m▀[0m[38;2;188;189;77m[48;2;188;189;77m▀[0m[38;2;188;189;77m[48;2;189;190;78m▀[0m[38;2;188;189;77m[48;2;189;190;78m▀[0m[38;2;66;65;66m[48;2;66;65;66m▀[0m[38;2;251;251;172m[48;2;251;251;172m▀[0m[38;2;251;251;172m[48;2;251;251;172m▀[0m[38;2;251;251;172m[48;2;251;251;172m▀[0m[38;2;251;251;172m[48;2;251;251;172m▀[0m[38;2;251;251;172m[48;2;251;251;172m▀[0m[38;2;0;0;0m[48;2;66;64;66m▀[0m[38;2;0;0;0m▄     
 [38;2;0;0;0m▀[38;2;251;251;172m[48;2;0;0;0m▀[0m[38;2;251;251;172m[48;2;252;252;173m▀[0m[38;2;246;246;167m[48;2;251;251;172m▀[0m[38;2;66;65;66m[48;2;251;251;172m▀[0m[38;2;251;251;172m[48;2;250;250;171m▀[0m[38;2;66;65;66m[48;2;184;184;105m▀[0m[38;2;188;189;77m[48;2;66;65;66m▀[0m[38;2;188;189;77m[48;2;66;65;66m▀[0m[38;2;66;65;66m[48;2;251;251;172m▀[0m[38;2;66;65;66m[48;2;251;251;172m▀[0m[38;2;251;251;172m[48;2;251;251;172m▀[0m[38;2;251;251;172m[48;2;251;251;172m▀[0m[38;2;251;251;172m[48;2;251;251;172m▀[0m[38;2;251;251;172m[48;2;251;251;172m▀[0m[38;2;251;251;172m[48;2;66;65;66m▀[0m[38;2;251;251;172m[48;2;66;65;66m▀[0m[38;2;66;64;66m[48;2;188;189;77m▀[0m[38;2;0;0;0m[48;2;188;189;77m▀[0m[38;2;0;0;0m▄    
  [38;2;0;0;0m[48;2;0;0;0m▀[0m[38;2;74;70;52m[48;2;173;178;189m▀[0m[38;2;251;251;172m[48;2;66;44;57m▀[0m[38;2;251;251;172m[48;2;242;242;163m▀[0m[38;2;250;250;171m[48;2;251;251;172m▀[0m[38;2;250;250;171m[48;2;251;251;172m▀[0m[38;2;251;251;172m[48;2;251;251;172m▀[0m[38;2;251;251;172m[48;2;251;251;172m▀[0m[38;2;251;251;172m[48;2;66;65;66m▀[0m[38;2;251;251;172m[48;2;66;65;66m▀[0m[38;2;251;251;172m[48;2;66;65;66m▀[0m[38;2;66;65;66m[48;2;66;65;66m▀[0m[38;2;66;65;66m[48;2;183;183;104m▀[0m[38;2;66;65;66m[48;2;122;121;11m▀[0m[38;2;189;190;78m[48;2;188;189;77m▀[0m[38;2;189;190;78m[48;2;188;189;77m▀[0m[38;2;188;189;77m[48;2;187;188;76m▀[0m[38;2;188;189;77m[48;2;187;188;76m▀[0m[38;2;0;0;0m[48;2;0;0;0m▀[0m    
  [38;2;0;0;0m[48;2;0;0;0m▀[0m[38;2;173;178;189m[48;2;86;85;115m▀[0m[38;2;118;95;87m[48;2;186;173;164m▀[0m[38;2;66;65;66m[48;2;66;65;66m▀[0m[38;2;251;251;172m[48;2;66;65;66m▀[0m[38;2;251;251;172m[48;2;66;65;66m▀[0m[38;2;66;65;66m[48;2;57;52;74m▀[0m[38;2;66;65;66m[48;2;173;174;198m▀[0m[38;2;255;255;255m[48;2;173;48;57m▀[0m[38;2;66;65;66m[48;2;200;115;123m▀[0m[38;2;176;181;192m[48;2;255;255;255m▀[0m[38;2;66;65;66m[48;2;85;85;112m▀[0m[38;2;253;253;174m[48;2;251;251;172m▀[0m[38;2;122;121;11m[48;2;117;118;7m▀[0m[38;2;188;189;77m[48;2;187;188;76m▀[0m[38;2;188;189;77m[48;2;187;188;76m▀[0m[38;2;187;188;76m[48;2;145;144;35m▀[0m[38;2;146;144;35m[48;2;0;0;0m▀[0m[38;2;0;0;0m▀    
   [38;2;0;0;0m[48;2;0;0;0m▀[0m[38;2;66;65;66m[48;2;255;255;255m▀[0m[38;2;255;255;255m[48;2;255;255;255m▀[0m[38;2;66;65;66m[48;2;255;255;230m▀[0m[38;2;251;251;172m[48;2;74;77;82m▀[0m[38;2;95;92;115m[48;2;249;249;170m▀[0m[38;2;95;92;115m[48;2;106;103;101m▀[0m[38;2;255;251;255m[48;2;84;86;115m▀[0m[38;2;255;251;255m[48;2;84;86;115m▀[0m[38;2;85;85;112m[48;2;96;83;93m▀[0m[38;2;85;85;112m[48;2;251;251;172m▀[0m[38;2;251;251;172m[48;2;117;117;8m▀[0m[38;2;117;118;7m[48;2;117;117;8m▀[0m[38;2;146;144;35m[48;2;145;144;35m▀[0m[38;2;146;144;35m[48;2;145;144;35m▀[0m[38;2;145;144;35m[48;2;0;0;0m▀[0m[38;2;0;0;0m▀     
    [38;2;0;0;0m▀[38;2;255;255;255m[48;2;0;0;0m▀[0m[38;2;214;214;135m[48;2;104;100;99m▀[0m[38;2;74;77;82m[48;2;216;216;137m▀[0m[38;2;49;52;74m[48;2;68;63;62m▀[0m[38;2;249;249;170m[48;2;114;114;10m▀[0m[38;2;251;251;172m[48;2;117;117;8m▀[0m[38;2;251;251;172m[48;2;117;117;8m▀[0m[38;2;251;251;172m[48;2;147;146;37m▀[0m[38;2;116;119;12m[48;2;147;146;37m▀[0m[38;2;117;117;8m[48;2;148;146;37m▀[0m[38;2;145;144;35m[48;2;66;65;66m▀[0m[38;2;145;144;35m[48;2;66;65;66m▀[0m[38;2;0;0;0m[48;2;164;77;0m▀[0m[38;2;0;0;0m▄      
    [38;2;0;0;0m[48;2;0;4;8m▀[0m[38;2;166;80;0m[48;2;165;79;0m▀[0m[38;2;57;65;66m[48;2;79;67;63m▀[0m[38;2;57;65;66m[48;2;190;190;78m▀[0m[38;2;146;144;35m[48;2;190;190;78m▀[0m[38;2;146;144;35m[48;2;144;144;34m▀[0m[38;2;145;144;35m[48;2;146;144;35m▀[0m[38;2;145;144;35m[48;2;146;144;35m▀[0m[38;2;147;146;37m[48;2;155;156;45m▀[0m[38;2;147;146;37m[48;2;189;189;76m▀[0m[38;2;66;65;66m[48;2;66;65;66m▀[0m[38;2;163;76;0m[48;2;164;77;0m▀[0m[38;2;164;77;0m[48;2;164;77;0m▀[0m[38;2;164;77;0m[48;2;66;65;66m▀[0m[38;2;66;65;66m[48;2;165;79;0m▀[0m[38;2;0;0;0m[48;2;165;79;0m▀[0m[38;2;0;0;0m▄    
   [38;2;0;0;0m[48;2;0;0;0m▀[0m[38;2;165;79;0m[48;2;164;77;0m▀[0m[38;2;113;53;0m[48;2;66;65;66m▀[0m[38;2;119;59;1m[48;2;158;101;22m▀[0m[38;2;119;59;1m[48;2;112;56;1m▀[0m[38;2;122;61;1m[48;2;156;99;20m▀[0m[38;2;190;190;78m[48;2;188;189;77m▀[0m[38;2;187;188;76m[48;2;121;60;1m▀[0m[38;2;187;188;76m[48;2;121;60;1m▀[0m[38;2;189;189;76m[48;2;122;61;1m▀[0m[38;2;66;60;66m[48;2;66;65;66m▀[0m[38;2;164;77;0m[48;2;165;79;0m▀[0m[38;2;164;77;0m[48;2;165;79;0m▀[0m[38;2;66;65;66m[48;2;66;65;66m▀[0m[38;2;164;77;0m[48;2;164;77;0m▀[0m[38;2;165;79;0m[48;2;165;79;0m▀[0m[38;2;165;79;0m[48;2;165;79;0m▀[0m[38;2;0;0;0m[48;2;166;80;0m▀[0m[38;2;0;0;0m▄   
   [38;2;0;0;0m▀[38;2;164;77;0m[48;2;0;0;0m▀[0m[38;2;66;65;66m[48;2;166;80;0m▀[0m[38;2;189;189;76m[48;2;66;65;66m▀[0m[38;2;158;101;22m[48;2;189;189;76m▀[0m[38;2;188;189;77m[48;2;188;189;77m▀[0m[38;2;188;189;77m[48;2;188;189;77m▀[0m[38;2;156;99;20m[48;2;190;190;78m▀[0m[38;2;121;60;1m[48;2;156;100;21m▀[0m[38;2;156;99;20m[48;2;187;188;76m▀[0m[38;2;66;65;66m[48;2;146;144;35m▀[0m[38;2;165;79;0m[48;2;66;65;66m▀[0m[38;2;165;79;0m[48;2;164;77;0m▀[0m[38;2;66;65;66m[48;2;164;77;0m▀[0m[38;2;164;77;0m[48;2;66;65;66m▀[0m[38;2;165;79;0m[48;2;165;79;0m▀[0m[38;2;165;79;0m[48;2;165;79;0m▀[0m[38;2;166;80;0m[48;2;167;81;0m▀[0m[38;2;0;0;0m[48;2;0;0;0m▀[0m   
     [38;2;0;0;0m▀[38;2;167;81;0m[48;2;0;0;0m▀[0m[38;2;66;65;66m[48;2;0;0;0m▀[0m[38;2;124;62;1m[48;2;121;56;0m▀[0m[38;2;124;62;1m[48;2;172;85;0m▀[0m[38;2;144;143;33m[48;2;147;146;37m▀[0m[38;2;144;143;33m[48;2;147;146;37m▀[0m[38;2;146;144;35m[48;2;121;60;1m▀[0m[38;2;146;144;35m[48;2;121;60;1m▀[0m[38;2;66;65;66m[48;2;116;58;1m▀[0m[38;2;164;77;0m[48;2;74;65;66m▀[0m[38;2;164;77;0m[48;2;164;77;0m▀[0m[38;2;66;65;66m[48;2;164;77;0m▀[0m[38;2;165;79;0m[48;2;66;65;66m▀[0m[38;2;165;79;0m[48;2;66;65;66m▀[0m[38;2;115;54;0m[48;2;172;85;0m▀[0m[38;2;0;0;0m[48;2;0;4;8m▀[0m   
        [38;2;0;4;8m▀[38;2;121;56;0m[48;2;0;0;0m▀[0m[38;2;66;65;66m[48;2;184;184;105m▀[0m[38;2;147;146;37m[48;2;66;65;66m▀[0m[38;2;156;99;20m[48;2;66;65;66m▀[0m[38;2;121;60;1m[48;2;66;65;66m▀[0m[38;2;156;99;20m[48;2;66;65;66m▀[0m[38;2;147;145;36m[48;2;66;65;66m▀[0m[38;2;66;65;66m[48;2;66;65;66m▀[0m[38;2;66;65;66m[48;2;138;64;0m▀[0m[38;2;164;77;0m[48;2;66;65;66m▀[0m[38;2;164;77;0m[48;2;66;65;66m▀[0m[38;2;121;56;0m[48;2;138;64;0m▀[0m[38;2;121;56;0m[48;2;138;64;0m▀[0m[38;2;0;0;0m[48;2;138;64;0m▀[0m[38;2;0;0;0m▄ 
      [38;2;0;0;0m▄[38;2;0;0;0m[48;2;169;169;90m▀[0m[38;2;0;0;0m[48;2;68;64;54m▀[0m[38;2;66;65;66m[48;2;145;145;66m▀[0m[38;2;184;184;105m[48;2;176;176;97m▀[0m[38;2;184;184;105m[48;2;66;65;66m▀[0m[38;2;66;65;66m[48;2;251;251;172m▀[0m[38;2;184;184;105m[48;2;251;251;172m▀[0m[38;2;184;184;105m[48;2;251;251;172m▀[0m[38;2;184;184;105m[48;2;251;251;172m▀[0m[38;2;66;65;66m[48;2;251;251;172m▀[0m[38;2;138;64;0m[48;2;74;65;66m▀[0m[38;2;138;64;0m[48;2;138;64;0m▀[0m[38;2;66;65;66m[48;2;138;64;0m▀[0m[38;2;138;64;0m[48;2;0;0;0m▀[0m[38;2;138;64;0m[48;2;0;0;0m▀[0m[38;2;0;0;0m▀  
      [38;2;0;0;0m▀[38;2;0;0;0m▀[38;2;217;217;138m[48;2;0;0;0m▀[0m[38;2;145;145;66m[48;2;0;0;0m▀[0m[38;2;66;65;66m[48;2;82;73;68m▀[0m[38;2;176;176;97m[48;2;255;255;247m▀[0m[38;2;167;167;88m[48;2;0;0;0m▀[0m[38;2;74;65;66m[48;2;66;65;66m▀[0m[38;2;251;251;172m[48;2;178;178;99m▀[0m[38;2;66;65;66m[48;2;82;71;63m▀[0m[38;2;167;167;88m[48;2;0;0;0m▀[0m[38;2;167;167;88m[48;2;255;255;247m▀[0m[38;2;0;0;0m[48;2;0;0;0m▀[0m[38;2;0;0;0m▀     
          [38;2;0;0;0m▀[38;2;0;0;0m▀ [38;2;0;0;0m▀[38;2;255;255;212m[48;2;0;0;0m▀[0m[38;2;0;0;0m▀ [38;2;0;0;0m▀[38;2;0;0;0m▀      
                                     [0m                                     