                     [38;2;0;0;0m▄[38;2;0;0;0m[48;2;240;223;128m▀[0m[38;2;0;0;0m▄                 
              [38;2;0;0;0m▄[38;2;0;0;0m▄    [38;2;0;0;0m▄[38;2;0;0;0m[48;2;240;223;128m▀[0m[38;2;240;223;128m[48;2;240;223;128m▀[0m[38;2;0;0;0m[48;2;240;223;128m▀[0m[38;2;0;0;0m▄   [38;2;0;0;0m▄            
              [38;2;0;0;0m[48;2;0;0;0m▀[0m[38;2;240;223;128m[48;2;240;223;128m▀[0m[38;2;0;0;0m[48;2;240;223;128m▀[0m[38;2;0;0;0m[48;2;240;223;128m▀[0m[38;2;0;0;0m▄[38;2;0;0;0m[48;2;81;79;106m▀[0m[38;2;74;76;82m[48;2;240;223;128m▀[0m[38;2;240;223;128m[48;2;74;76;82m▀[0m[38;2;240;223;128m[48;2;84;77;104m▀[0m[38;2;240;223;128m[48;2;84;77;104m▀[0m[38;2;75;80;73m[48;2;238;221;139m▀[0m[38;2;6;1;16m[48;2;238;221;139m▀[0m[38;2;0;0;0m▄[38;2;0;0;0m[48;2;65;64;65m▀[0m[38;2;240;223;128m[48;2;240;223;128m▀[0m[38;2;0;0;0m[48;2;0;0;0m▀[0m           
               [38;2;0;0;0m[48;2;0;0;0m▀[0m[38;2;240;223;128m[48;2;84;77;104m▀[0m[38;2;240;223;128m[48;2;240;223;128m▀[0m[38;2;237;225;130m[48;2;237;225;130m▀[0m[38;2;237;225;130m[48;2;237;225;130m▀[0m[38;2;82;89;82m[48;2;245;225;111m▀[0m[38;2;140;142;100m[48;2;82;89;82m▀[0m[38;2;178;146;24m[48;2;240;223;128m▀[0m[38;2;178;146;24m[48;2;240;223;128m▀[0m[38;2;240;223;128m[48;2;178;146;24m▀[0m[38;2;240;223;128m[48;2;178;146;24m▀[0m[38;2;237;225;130m[48;2;237;225;130m▀[0m[38;2;237;225;130m[48;2;237;225;130m▀[0m[38;2;137;124;67m[48;2;248;229;116m▀[0m[38;2;8;4;0m[48;2;8;4;0m▀[0m           
             [38;2;0;0;0m▄[38;2;0;0;0m[48;2;240;223;128m▀[0m[38;2;240;223;128m[48;2;240;223;128m▀[0m[38;2;84;77;104m[48;2;240;223;128m▀[0m[38;2;240;223;128m[48;2;84;77;104m▀[0m[38;2;240;223;128m[48;2;84;77;104m▀[0m[38;2;240;223;128m[48;2;84;77;104m▀[0m[38;2;84;77;104m[48;2;240;223;128m▀[0m[38;2;240;223;128m[48;2;240;223;128m▀[0m[38;2;237;225;130m[48;2;237;225;130m▀[0m[38;2;237;225;130m[48;2;237;225;130m▀[0m[38;2;237;225;130m[48;2;237;225;130m▀[0m[38;2;237;225;130m[48;2;237;225;130m▀[0m[38;2;178;146;24m[48;2;240;223;128m▀[0m[38;2;240;223;128m[48;2;178;146;24m▀[0m[38;2;220;180;92m[48;2;220;180;92m▀[0m[38;2;240;223;128m[48;2;220;180;92m▀[0m[38;2;0;0;0m[48;2;65;64;65m▀[0m[38;2;0;0;0m▄         
            [38;2;0;0;0m▄[38;2;0;0;0m[48;2;178;146;24m▀[0m[38;2;178;146;24m[48;2;240;223;128m▀[0m[38;2;178;146;24m[48;2;240;223;128m▀[0m[38;2;178;146;24m[48;2;240;223;128m▀[0m[38;2;178;146;24m[48;2;240;223;128m▀[0m[38;2;240;223;128m[48;2;178;146;24m▀[0m[38;2;240;223;128m[48;2;178;146;24m▀[0m[38;2;240;223;128m[48;2;178;146;24m▀[0m[38;2;240;223;128m[48;2;178;146;24m▀[0m[38;2;237;225;130m[48;2;237;225;130m▀[0m[38;2;237;225;130m[48;2;237;225;130m▀[0m[38;2;237;225;130m[48;2;237;225;130m▀[0m[38;2;237;225;130m[48;2;237;225;130m▀[0m[38;2;219;178;93m[48;2;219;178;93m▀[0m[38;2;131;99;94m[48;2;219;178;93m▀[0m[38;2;219;178;93m[48;2;131;99;94m▀[0m[38;2;131;99;94m[48;2;219;178;93m▀[0m[38;2;214;166;97m[48;2;146;115;83m▀[0m[38;2;0;0;0m[48;2;0;0;0m▀[0m         
            [38;2;0;0;0m[48;2;0;0;0m▀[0m[38;2;216;217;142m[48;2;111;114;88m▀[0m[38;2;240;223;128m[48;2;84;77;104m▀[0m[38;2;84;77;104m[48;2;240;223;128m▀[0m[38;2;84;77;104m[48;2;240;223;128m▀[0m[38;2;84;77;104m[48;2;240;223;128m▀[0m[38;2;240;223;128m[48;2;84;77;104m▀[0m[38;2;240;223;128m[48;2;240;223;128m▀[0m[38;2;237;225;130m[48;2;237;225;130m▀[0m[38;2;237;225;130m[48;2;237;225;130m▀[0m[38;2;178;146;24m[48;2;240;223;128m▀[0m[38;2;178;146;24m[48;2;240;223;128m▀[0m[38;2;240;216;128m[48;2;178;139;24m▀[0m[38;2;217;189;92m[48;2;217;189;92m▀[0m[38;2;219;178;93m[48;2;219;178;93m▀[0m[38;2;131;99;94m[48;2;131;99;94m▀[0m[38;2;131;99;94m[48;2;219;178;93m▀[0m[38;2;131;99;94m[48;2;219;178;93m▀[0m[38;2;214;166;97m[48;2;146;115;83m▀[0m[38;2;0;0;0m[48;2;0;0;0m▀[0m         
     [38;2;0;0;0m▄[38;2;0;0;0m[48;2;203;118;222m▀[0m[38;2;0;0;0m[48;2;203;118;222m▀[0m[38;2;0;0;0m▄ [38;2;0;0;0m▄[38;2;0;0;0m[48;2;81;79;106m▀[0m[38;2;82;89;82m[48;2;140;142;100m▀[0m[38;2;245;225;111m[48;2;82;89;82m▀[0m[38;2;237;225;130m[48;2;237;225;130m▀[0m[38;2;237;225;130m[48;2;237;225;130m▀[0m[38;2;237;225;130m[48;2;237;225;130m▀[0m[38;2;237;225;130m[48;2;237;225;130m▀[0m[38;2;240;223;128m[48;2;240;223;128m▀[0m[38;2;84;77;104m[48;2;84;77;104m▀[0m[38;2;237;225;130m[48;2;237;225;130m▀[0m[38;2;237;225;130m[48;2;237;225;130m▀[0m[38;2;240;223;128m[48;2;240;223;128m▀[0m[38;2;240;223;128m[48;2;220;180;92m▀[0m[38;2;219;178;93m[48;2;219;178;93m▀[0m[38;2;131;99;94m[48;2;219;178;93m▀[0m[38;2;131;99;94m[48;2;131;99;94m▀[0m[38;2;219;178;93m[48;2;219;178;93m▀[0m[38;2;219;178;93m[48;2;131;99;94m▀[0m[38;2;131;99;94m[48;2;219;178;93m▀[0m[38;2;219;178;93m[48;2;0;0;0m▀[0m[38;2;0;0;0m▀         
      [38;2;0;0;0m[48;2;0;0;0m▀[0m[38;2;240;187;255m[48;2;240;187;255m▀[0m[38;2;152;125;169m[48;2;229;187;255m▀[0m[38;2;0;0;0m[48;2;75;62;84m▀[0m[38;2;84;77;104m[48;2;240;223;128m▀[0m[38;2;240;223;128m[48;2;240;223;128m▀[0m[38;2;237;225;130m[48;2;237;225;130m▀[0m[38;2;237;225;130m[48;2;237;225;130m▀[0m[38;2;84;77;104m[48;2;240;223;128m▀[0m[38;2;240;223;128m[48;2;84;77;104m▀[0m[38;2;240;223;128m[48;2;84;77;104m▀[0m[38;2;240;223;128m[48;2;84;77;104m▀[0m[38;2;96;92;68m[48;2;242;224;121m▀[0m[38;2;147;137;95m[48;2;242;224;121m▀[0m[38;2;178;146;24m[48;2;240;223;128m▀[0m[38;2;178;146;24m[48;2;240;223;128m▀[0m[38;2;178;146;24m[48;2;240;223;128m▀[0m[38;2;178;146;24m[48;2;240;223;128m▀[0m[38;2;219;178;93m[48;2;175;143;18m▀[0m[38;2;219;178;93m[48;2;219;178;93m▀[0m[38;2;123;100;86m[48;2;123;100;86m▀[0m[38;2;225;174;94m[48;2;74;60;65m▀[0m[38;2;65;64;65m[48;2;203;118;222m▀[0m[38;2;65;64;65m[48;2;203;118;222m▀[0m[38;2;0;0;0m[48;2;203;118;222m▀[0m[38;2;0;0;0m▄[38;2;0;0;0m▄        
  [38;2;0;0;0m▄   [38;2;0;0;0m[48;2;0;0;0m▀[0m[38;2;203;118;222m[48;2;203;118;222m▀[0m[38;2;225;166;255m[48;2;172;127;194m▀[0m[38;2;71;51;74m[48;2;172;127;194m▀[0m[38;2;240;223;128m[48;2;74;72;82m▀[0m[38;2;74;72;82m[48;2;74;72;82m▀[0m[38;2;65;64;65m[48;2;255;247;221m▀[0m[38;2;65;64;65m[48;2;255;247;221m▀[0m[38;2;240;223;128m[48;2;65;64;65m▀[0m[38;2;240;223;128m[48;2;240;223;128m▀[0m[38;2;237;225;130m[48;2;237;225;130m▀[0m[38;2;237;225;130m[48;2;237;225;130m▀[0m[38;2;248;224;128m[48;2;197;179;127m▀[0m[38;2;248;224;128m[48;2;74;67;64m▀[0m[38;2;240;223;128m[48;2;65;64;65m▀[0m[38;2;240;223;128m[48;2;65;64;65m▀[0m[38;2;248;224;128m[48;2;74;67;64m▀[0m[38;2;248;224;128m[48;2;197;179;127m▀[0m[38;2;219;178;93m[48;2;219;178;93m▀[0m[38;2;121;100;86m[48;2;74;60;65m▀[0m[38;2;65;64;65m[48;2;240;187;255m▀[0m[38;2;240;187;255m[48;2;240;187;255m▀[0m[38;2;241;193;254m[48;2;241;193;254m▀[0m[38;2;241;193;254m[48;2;241;193;254m▀[0m[38;2;203;118;222m[48;2;203;118;222m▀[0m[38;2;203;118;222m[48;2;0;0;0m▀[0m[38;2;203;118;222m[48;2;0;0;0m▀[0m[38;2;0;0;0m▀       
 [38;2;0;0;0m[48;2;0;0;0m▀[0m[38;2;145;76;172m[48;2;145;76;172m▀[0m[38;2;0;0;0m[48;2;0;0;0m▀[0m  [38;2;0;0;0m▀[38;2;203;118;222m[48;2;0;0;0m▀[0m[38;2;202;116;222m[48;2;202;116;222m▀[0m[38;2;202;116;222m[48;2;202;116;222m▀[0m[38;2;93;90;79m[48;2;187;172;110m▀[0m[38;2;255;238;170m[48;2;255;238;170m▀[0m[38;2;0;0;0m[48;2;0;0;0m▀[0m[38;2;255;243;178m[48;2;255;243;178m▀[0m[38;2;255;238;161m[48;2;179;167;102m▀[0m[38;2;74;76;74m[48;2;74;76;74m▀[0m[38;2;219;178;93m[48;2;65;64;65m▀[0m[38;2;219;178;93m[48;2;65;64;65m▀[0m[38;2;65;64;65m[48;2;255;243;178m▀[0m[38;2;255;243;178m[48;2;255;243;178m▀[0m[38;2;255;246;204m[48;2;0;0;0m▀[0m[38;2;255;246;204m[48;2;255;246;204m▀[0m[38;2;74;72;82m[48;2;255;243;178m▀[0m[38;2;74;72;82m[48;2;74;72;82m▀[0m[38;2;65;64;65m[48;2;203;118;222m▀[0m[38;2;203;118;222m[48;2;203;118;222m▀[0m[38;2;240;187;255m[48;2;202;116;222m▀[0m[38;2;240;187;255m[48;2;202;116;222m▀[0m[38;2;212;126;255m[48;2;0;0;0m▀[0m[38;2;0;0;0m▀[38;2;0;0;0m[48;2;0;0;0m▀[0m[38;2;0;0;0m▄[38;2;0;0;0m▄        
  [38;2;0;0;0m▀[38;2;145;76;172m[48;2;0;0;0m▀[0m[38;2;0;0;0m[48;2;145;76;172m▀[0m[38;2;0;0;0m[48;2;145;76;172m▀[0m[38;2;0;0;0m▄[38;2;0;0;0m[48;2;0;0;0m▀[0m[38;2;202;116;222m[48;2;202;116;222m▀[0m[38;2;202;116;222m[48;2;202;116;222m▀[0m[38;2;203;118;222m[48;2;203;118;222m▀[0m[38;2;224;161;40m[48;2;203;118;222m▀[0m[38;2;0;0;0m[48;2;142;106;154m▀[0m[38;2;160;119;32m[48;2;142;106;154m▀[0m[38;2;151;81;175m[48;2;151;81;175m▀[0m[38;2;151;81;175m[48;2;65;64;65m▀[0m[38;2;148;84;172m[48;2;74;60;65m▀[0m[38;2;98;77;101m[48;2;148;84;172m▀[0m[38;2;223;182;95m[48;2;107;90;140m▀[0m[38;2;255;214;127m[48;2;223;182;95m▀[0m[38;2;0;0;0m[48;2;0;0;0m▀[0m[38;2;255;238;161m[48;2;188;171;87m▀[0m[38;2;113;123;139m[48;2;85;66;53m▀[0m[38;2;85;66;53m[48;2;202;116;222m▀[0m[38;2;202;116;222m[48;2;202;116;222m▀[0m[38;2;202;116;222m[48;2;202;116;222m▀[0m[38;2;203;118;222m[48;2;203;118;222m▀[0m[38;2;203;118;222m[48;2;65;64;65m▀[0m[38;2;77;45;86m[48;2;151;84;172m▀[0m[38;2;8;0;0m[48;2;151;84;172m▀[0m[38;2;150;79;175m[48;2;150;79;175m▀[0m[38;2;150;79;175m[48;2;150;79;175m▀[0m[38;2;141;79;156m[48;2;208;118;230m▀[0m[38;2;5;1;8m[48;2;208;118;230m▀[0m[38;2;0;0;0m[48;2;203;118;222m▀[0m[38;2;0;0;0m▄     
    [38;2;0;0;0m▀[38;2;65;64;65m[48;2;0;0;0m▀[0m[38;2;151;81;175m[48;2;65;64;65m▀[0m[38;2;151;81;175m[48;2;65;64;65m▀[0m[38;2;65;64;65m[48;2;65;64;65m▀[0m[38;2;203;118;222m[48;2;65;64;65m▀[0m[38;2;202;116;222m[48;2;202;116;222m▀[0m[38;2;202;116;222m[48;2;202;116;222m▀[0m[38;2;202;116;222m[48;2;69;58;74m▀[0m[38;2;69;58;74m[48;2;240;223;128m▀[0m[38;2;75;74;90m[48;2;240;223;128m▀[0m[38;2;75;74;90m[48;2;75;74;90m▀[0m[38;2;75;74;90m[48;2;75;74;90m▀[0m[38;2;75;74;90m[48;2;240;223;128m▀[0m[38;2;71;51;74m[48;2;240;223;128m▀[0m[38;2;202;116;222m[48;2;71;51;74m▀[0m[38;2;152;80;176m[48;2;203;118;222m▀[0m[38;2;152;80;176m[48;2;203;118;222m▀[0m[38;2;202;116;222m[48;2;202;116;222m▀[0m[38;2;202;116;222m[48;2;202;116;222m▀[0m[38;2;202;116;222m[48;2;202;116;222m▀[0m[38;2;202;116;222m[48;2;202;116;222m▀[0m[38;2;197;110;222m[48;2;152;95;169m▀[0m[38;2;65;64;65m[48;2;65;64;65m▀[0m[38;2;151;81;175m[48;2;65;64;65m▀[0m[38;2;151;81;175m[48;2;65;64;65m▀[0m[38;2;65;64;65m[48;2;0;0;0m▀[0m[38;2;0;0;0m▀[38;2;0;0;0m▀[38;2;0;0;0m▀[38;2;203;118;222m[48;2;0;0;0m▀[0m[38;2;203;118;222m[48;2;203;118;222m▀[0m[38;2;0;0;0m[48;2;203;118;222m▀[0m[38;2;0;0;0m▄[38;2;0;0;0m▄  
 [38;2;0;0;0m▄[38;2;0;0;0m[48;2;145;76;172m▀[0m[38;2;0;0;0m[48;2;145;76;172m▀[0m[38;2;0;0;0m[48;2;145;76;172m▀[0m[38;2;145;76;172m[48;2;0;0;0m▀[0m[38;2;145;76;172m[48;2;0;0;0m▀[0m[38;2;145;76;172m[48;2;0;0;0m▀[0m[38;2;151;81;175m[48;2;151;81;175m▀[0m[38;2;65;64;65m[48;2;151;81;175m▀[0m[38;2;203;118;222m[48;2;65;64;65m▀[0m[38;2;65;64;65m[48;2;65;64;65m▀[0m[38;2;74;76;82m[48;2;189;174;108m▀[0m[38;2;74;76;82m[48;2;248;224;128m▀[0m[38;2;240;223;128m[48;2;84;77;104m▀[0m[38;2;84;77;104m[48;2;84;77;104m▀[0m[38;2;240;223;128m[48;2;84;77;104m▀[0m[38;2;240;223;128m[48;2;84;77;104m▀[0m[38;2;240;223;128m[48;2;84;77;104m▀[0m[38;2;240;223;128m[48;2;84;77;104m▀[0m[38;2;65;64;65m[48;2;65;64;65m▀[0m[38;2;203;118;222m[48;2;203;118;222m▀[0m[38;2;203;118;222m[48;2;152;80;176m▀[0m[38;2;203;118;222m[48;2;152;80;176m▀[0m[38;2;151;81;175m[48;2;151;81;175m▀[0m[38;2;151;81;175m[48;2;65;64;65m▀[0m[38;2;65;64;65m[48;2;151;81;175m▀[0m[38;2;151;81;175m[48;2;151;81;175m▀[0m[38;2;145;76;172m[48;2;145;76;172m▀[0m[38;2;145;76;172m[48;2;0;0;0m▀[0m[38;2;145;76;172m[48;2;0;0;0m▀[0m[38;2;0;0;0m[48;2;145;76;172m▀[0m[38;2;0;0;0m[48;2;145;76;172m▀[0m[38;2;0;0;0m▄ [38;2;0;0;0m▀[38;2;203;118;222m[48;2;0;0;0m▀[0m[38;2;203;118;222m[48;2;0;0;0m▀[0m[38;2;203;118;222m[48;2;0;0;0m▀[0m[38;2;0;0;0m▀ 
  [38;2;0;0;0m▀[38;2;0;0;0m▀[38;2;0;0;0m▀[38;2;0;0;0m▄[38;2;0;0;0m▄[38;2;0;0;0m▄[38;2;8;0;0m[48;2;151;84;172m▀[0m[38;2;77;45;86m[48;2;151;84;172m▀[0m[38;2;65;64;65m[48;2;65;64;65m▀[0m[38;2;151;81;175m[48;2;151;81;175m▀[0m[38;2;60;58;74m[48;2;150;79;175m▀[0m[38;2;219;178;93m[48;2;60;58;74m▀[0m[38;2;206;173;105m[48;2;49;42;74m▀[0m[38;2;96;93;98m[48;2;96;93;98m▀[0m[38;2;219;178;93m[48;2;219;178;93m▀[0m[38;2;219;178;93m[48;2;81;80;106m▀[0m[38;2;219;178;93m[48;2;60;58;74m▀[0m[38;2;60;58;74m[48;2;150;79;175m▀[0m[38;2;150;79;175m[48;2;150;79;175m▀[0m[38;2;150;79;175m[48;2;150;79;175m▀[0m[38;2;150;79;175m[48;2;150;79;175m▀[0m[38;2;150;79;175m[48;2;150;79;175m▀[0m[38;2;151;81;175m[48;2;151;81;175m▀[0m[38;2;65;64;65m[48;2;151;81;175m▀[0m[38;2;65;64;65m[48;2;65;64;65m▀[0m[38;2;65;64;65m[48;2;151;81;175m▀[0m[38;2;0;0;0m[48;2;65;64;65m▀[0m[38;2;0;0;0m▄[38;2;0;0;0m▄[38;2;0;0;0m▀[38;2;0;0;0m▀        
    [38;2;0;0;0m▀[38;2;145;76;172m[48;2;0;0;0m▀[0m[38;2;145;76;172m[48;2;0;0;0m▀[0m[38;2;145;76;172m[48;2;0;0;0m▀[0m[38;2;0;0;0m▀[38;2;65;64;65m[48;2;0;0;0m▀[0m[38;2;150;79;175m[48;2;150;79;175m▀[0m[38;2;150;79;175m[48;2;150;79;175m▀[0m[38;2;145;76;172m[48;2;145;76;172m▀[0m[38;2;145;76;172m[48;2;0;0;0m▀[0m[38;2;145;76;172m[48;2;0;0;0m▀[0m[38;2;0;0;0m▀[38;2;0;0;0m▀[38;2;0;0;0m▀[38;2;145;76;172m[48;2;0;0;0m▀[0m[38;2;145;76;172m[48;2;0;0;0m▀[0m[38;2;145;76;172m[48;2;0;0;0m▀[0m[38;2;145;76;172m[48;2;145;76;172m▀[0m[38;2;150;79;175m[48;2;150;79;175m▀[0m[38;2;150;79;175m[48;2;150;79;175m▀[0m[38;2;150;79;175m[48;2;150;79;175m▀[0m[38;2;150;79;175m[48;2;150;79;175m▀[0m[38;2;65;64;65m[48;2;151;81;175m▀[0m[38;2;151;81;175m[48;2;65;64;65m▀[0m[38;2;145;76;172m[48;2;0;0;0m▀[0m[38;2;145;76;172m[48;2;0;0;0m▀[0m[38;2;77;45;86m[48;2;151;84;172m▀[0m[38;2;8;0;0m[48;2;151;84;172m▀[0m[38;2;0;0;0m[48;2;145;76;172m▀[0m[38;2;0;0;0m[48;2;145;76;172m▀[0m[38;2;0;0;0m▄      
          [38;2;0;0;0m▀[38;2;0;0;0m▀[38;2;0;0;0m▀        [38;2;0;0;0m▀[38;2;0;0;0m▀[38;2;145;76;172m[48;2;0;0;0m▀[0m[38;2;145;76;172m[48;2;0;0;0m▀[0m[38;2;145;76;172m[48;2;0;0;0m▀[0m[38;2;0;0;0m▀[38;2;0;0;0m▀  [38;2;0;0;0m▀[38;2;0;0;0m▀[38;2;0;0;0m▀[38;2;0;0;0m▀       
                                     [0m                                     