       [38;2;0;0;0m▄[38;2;0;0;0m[48;2;205;207;120m▀[0m[38;2;0;0;0m▄                         
       [38;2;0;0;0m[48;2;0;0;0m▀[0m[38;2;205;207;120m[48;2;205;207;120m▀[0m[38;2;0;0;0m[48;2;0;0;0m▀[0m                         
       [38;2;0;0;0m[48;2;0;0;0m▀[0m[38;2;205;207;120m[48;2;205;207;120m▀[0m[38;2;0;0;0m[48;2;0;0;0m▀[0m                         
       [38;2;0;0;0m[48;2;0;0;0m▀[0m[38;2;205;207;120m[48;2;205;207;120m▀[0m[38;2;0;0;0m[48;2;205;207;120m▀[0m[38;2;0;0;0m▄    [38;2;0;0;0m▄[38;2;0;0;0m▄                  
       [38;2;0;0;0m[48;2;0;0;0m▀[0m[38;2;205;207;120m[48;2;205;207;120m▀[0m[38;2;205;207;120m[48;2;139;141;54m▀[0m[38;2;0;0;0m[48;2;0;0;0m▀[0m[38;2;0;0;0m▄[38;2;0;0;0m▄[38;2;0;0;0m[48;2;205;207;120m▀[0m[38;2;0;0;0m[48;2;205;207;120m▀[0m[38;2;205;207;120m[48;2;205;207;120m▀[0m[38;2;205;207;120m[48;2;205;207;120m▀[0m[38;2;0;0;0m[48;2;205;207;120m▀[0m[38;2;0;0;0m[48;2;139;141;54m▀[0m[38;2;0;0;0m▄[38;2;0;0;0m▄[38;2;0;0;0m[48;2;205;207;120m▀[0m[38;2;0;0;0m[48;2;205;207;120m▀[0m[38;2;0;0;0m[48;2;205;207;120m▀[0m[38;2;0;0;0m[48;2;205;207;120m▀[0m[38;2;0;0;0m[48;2;139;141;54m▀[0m[38;2;0;0;0m▄        
     [38;2;0;0;0m▄[38;2;0;0;0m▄[38;2;0;0;0m[48;2;74;74;74m▀[0m[38;2;205;207;120m[48;2;205;207;120m▀[0m[38;2;139;141;54m[48;2;139;141;54m▀[0m[38;2;74;74;74m[48;2;139;141;54m▀[0m[38;2;205;207;120m[48;2;74;74;74m▀[0m[38;2;205;207;120m[48;2;205;207;120m▀[0m[38;2;205;207;120m[48;2;205;207;120m▀[0m[38;2;205;207;120m[48;2;205;207;120m▀[0m[38;2;205;207;120m[48;2;205;207;120m▀[0m[38;2;205;207;120m[48;2;205;207;120m▀[0m[38;2;139;141;54m[48;2;139;141;54m▀[0m[38;2;205;207;120m[48;2;205;207;120m▀[0m[38;2;205;207;120m[48;2;205;207;120m▀[0m[38;2;74;74;74m[48;2;205;207;120m▀[0m[38;2;205;207;120m[48;2;74;74;74m▀[0m[38;2;205;207;120m[48;2;205;207;120m▀[0m[38;2;205;207;120m[48;2;205;207;120m▀[0m[38;2;205;207;120m[48;2;139;141;54m▀[0m[38;2;139;141;54m[48;2;205;207;120m▀[0m[38;2;205;207;120m[48;2;205;207;120m▀[0m[38;2;0;0;0m[48;2;205;207;120m▀[0m[38;2;0;0;0m▄      
   [38;2;0;0;0m▄[38;2;0;0;0m[48;2;139;141;54m▀[0m[38;2;205;207;120m[48;2;139;141;54m▀[0m[38;2;74;74;74m[48;2;74;74;74m▀[0m[38;2;205;207;120m[48;2;205;207;120m▀[0m[38;2;139;141;54m[48;2;139;141;54m▀[0m[38;2;205;207;120m[48;2;205;207;120m▀[0m[38;2;139;141;54m[48;2;139;141;54m▀[0m[38;2;205;207;120m[48;2;205;207;120m▀[0m[38;2;74;74;74m[48;2;205;207;120m▀[0m[38;2;74;74;74m[48;2;205;207;120m▀[0m[38;2;205;207;120m[48;2;74;74;74m▀[0m[38;2;139;141;54m[48;2;205;207;120m▀[0m[38;2;139;141;54m[48;2;139;141;54m▀[0m[38;2;139;141;54m[48;2;205;207;120m▀[0m[38;2;205;207;120m[48;2;139;141;54m▀[0m[38;2;205;207;120m[48;2;205;207;120m▀[0m[38;2;205;207;120m[48;2;205;207;120m▀[0m[38;2;74;74;74m[48;2;205;207;120m▀[0m[38;2;205;207;120m[48;2;74;74;74m▀[0m[38;2;139;141;54m[48;2;205;207;120m▀[0m[38;2;139;141;54m[48;2;205;207;120m▀[0m[38;2;205;207;120m[48;2;139;141;54m▀[0m[38;2;205;207;120m[48;2;205;207;120m▀[0m[38;2;205;207;120m[48;2;111;113;26m▀[0m[38;2;139;141;54m[48;2;111;113;26m▀[0m[38;2;0;0;0m[48;2;0;0;0m▀[0m     
  [38;2;0;0;0m[48;2;0;0;0m▀[0m[38;2;205;207;120m[48;2;205;207;120m▀[0m[38;2;205;207;120m[48;2;205;207;120m▀[0m[38;2;205;207;120m[48;2;205;207;120m▀[0m[38;2;74;74;74m[48;2;205;207;120m▀[0m[38;2;205;207;120m[48;2;74;74;74m▀[0m[38;2;139;141;54m[48;2;74;74;74m▀[0m[38;2;74;74;74m[48;2;205;207;120m▀[0m[38;2;205;207;120m[48;2;205;207;120m▀[0m[38;2;205;207;120m[48;2;205;207;120m▀[0m[38;2;205;207;120m[48;2;205;207;120m▀[0m[38;2;205;207;120m[48;2;205;207;120m▀[0m[38;2;205;207;120m[48;2;205;207;120m▀[0m[38;2;74;74;74m[48;2;74;74;74m▀[0m[38;2;205;207;120m[48;2;139;141;54m▀[0m[38;2;139;141;54m[48;2;205;207;120m▀[0m[38;2;205;207;120m[48;2;111;113;26m▀[0m[38;2;111;113;26m[48;2;139;141;54m▀[0m[38;2;111;113;26m[48;2;139;141;54m▀[0m[38;2;111;113;26m[48;2;139;141;54m▀[0m[38;2;74;74;74m[48;2;74;74;74m▀[0m[38;2;205;207;120m[48;2;111;113;26m▀[0m[38;2;205;207;120m[48;2;111;113;26m▀[0m[38;2;205;207;120m[48;2;111;113;26m▀[0m[38;2;111;113;26m[48;2;139;141;54m▀[0m[38;2;139;141;54m[48;2;139;141;54m▀[0m[38;2;139;141;54m[48;2;139;141;54m▀[0m[38;2;74;74;74m[48;2;74;74;74m▀[0m[38;2;0;0;0m[48;2;205;207;120m▀[0m[38;2;0;0;0m[48;2;139;141;54m▀[0m[38;2;0;0;0m▄  
 [38;2;0;0;0m[48;2;0;0;0m▀[0m[38;2;205;207;120m[48;2;205;207;120m▀[0m[38;2;205;207;120m[48;2;205;207;120m▀[0m[38;2;205;207;120m[48;2;205;207;120m▀[0m[38;2;205;207;120m[48;2;205;207;120m▀[0m[38;2;205;207;120m[48;2;205;207;120m▀[0m[38;2;205;207;120m[48;2;205;207;120m▀[0m[38;2;205;207;120m[48;2;205;207;120m▀[0m[38;2;205;207;120m[48;2;205;207;120m▀[0m[38;2;205;207;120m[48;2;205;207;120m▀[0m[38;2;205;207;120m[48;2;205;207;120m▀[0m[38;2;205;207;120m[48;2;205;207;120m▀[0m[38;2;205;207;120m[48;2;74;74;74m▀[0m[38;2;139;141;54m[48;2;139;141;54m▀[0m[38;2;139;141;54m[48;2;139;141;54m▀[0m[38;2;74;74;74m[48;2;74;74;74m▀[0m[38;2;111;113;26m[48;2;139;141;54m▀[0m[38;2;139;141;54m[48;2;139;141;54m▀[0m[38;2;139;141;54m[48;2;139;141;54m▀[0m[38;2;139;141;54m[48;2;139;141;54m▀[0m[38;2;74;74;74m[48;2;74;74;74m▀[0m[38;2;139;141;54m[48;2;139;141;54m▀[0m[38;2;139;141;54m[48;2;139;141;54m▀[0m[38;2;139;141;54m[48;2;139;141;54m▀[0m[38;2;139;141;54m[48;2;139;141;54m▀[0m[38;2;139;141;54m[48;2;139;141;54m▀[0m[38;2;139;141;54m[48;2;74;74;74m▀[0m[38;2;74;74;74m[48;2;111;113;26m▀[0m[38;2;205;207;120m[48;2;139;141;54m▀[0m[38;2;139;141;54m[48;2;205;207;120m▀[0m[38;2;205;207;120m[48;2;139;141;54m▀[0m[38;2;139;141;54m[48;2;205;207;120m▀[0m[38;2;0;0;0m[48;2;0;0;0m▀[0m 
 [38;2;0;0;0m[48;2;0;0;0m▀[0m[38;2;205;207;120m[48;2;74;74;74m▀[0m[38;2;205;207;120m[48;2;205;207;120m▀[0m[38;2;139;141;54m[48;2;139;141;54m▀[0m[38;2;205;207;120m[48;2;205;207;120m▀[0m[38;2;205;207;120m[48;2;139;141;54m▀[0m[38;2;205;207;120m[48;2;205;207;120m▀[0m[38;2;205;207;120m[48;2;205;207;120m▀[0m[38;2;205;207;120m[48;2;205;207;120m▀[0m[38;2;205;207;120m[48;2;74;74;74m▀[0m[38;2;205;207;120m[48;2;74;74;74m▀[0m[38;2;139;141;54m[48;2;255;255;255m▀[0m[38;2;139;141;54m[48;2;139;141;54m▀[0m[38;2;139;141;54m[48;2;205;207;120m▀[0m[38;2;139;141;54m[48;2;139;141;54m▀[0m[38;2;139;141;54m[48;2;139;141;54m▀[0m[38;2;74;74;74m[48;2;139;141;54m▀[0m[38;2;139;141;54m[48;2;0;0;0m▀[0m[38;2;139;141;54m[48;2;0;0;0m▀[0m[38;2;139;141;54m[48;2;0;0;0m▀[0m[38;2;0;0;0m▀[38;2;0;0;0m▀[38;2;139;141;54m[48;2;0;0;0m▀[0m[38;2;139;141;54m[48;2;0;0;0m▀[0m[38;2;74;74;74m[48;2;139;141;54m▀[0m[38;2;74;74;74m[48;2;139;141;54m▀[0m[38;2;139;141;54m[48;2;139;141;54m▀[0m[38;2;139;141;54m[48;2;111;113;26m▀[0m[38;2;111;113;26m[48;2;139;141;54m▀[0m[38;2;139;141;54m[48;2;111;113;26m▀[0m[38;2;205;207;120m[48;2;111;113;26m▀[0m[38;2;111;113;26m[48;2;0;0;0m▀[0m[38;2;0;0;0m▀ 
  [38;2;0;0;0m[48;2;0;0;0m▀[0m[38;2;74;74;74m[48;2;205;207;120m▀[0m[38;2;139;141;54m[48;2;74;74;74m▀[0m[38;2;205;207;120m[48;2;205;207;120m▀[0m[38;2;74;74;74m[48;2;205;207;120m▀[0m[38;2;205;207;120m[48;2;74;74;74m▀[0m[38;2;74;74;74m[48;2;255;255;255m▀[0m[38;2;0;0;0m[48;2;0;0;0m▀[0m[38;2;255;255;255m[48;2;255;255;255m▀[0m[38;2;255;255;255m[48;2;255;255;255m▀[0m[38;2;255;255;255m[48;2;74;74;74m▀[0m[38;2;139;141;54m[48;2;205;207;120m▀[0m[38;2;205;207;120m[48;2;205;207;120m▀[0m[38;2;139;141;54m[48;2;74;74;74m▀[0m[38;2;139;141;54m[48;2;74;74;74m▀[0m[38;2;139;141;54m[48;2;139;141;54m▀[0m[38;2;0;0;0m[48;2;0;0;0m▀[0m     [38;2;0;0;0m▀[38;2;139;141;54m[48;2;0;0;0m▀[0m[38;2;139;141;54m[48;2;139;141;54m▀[0m[38;2;139;141;54m[48;2;139;141;54m▀[0m[38;2;111;113;26m[48;2;111;113;26m▀[0m[38;2;139;141;54m[48;2;139;141;54m▀[0m[38;2;139;141;54m[48;2;74;74;74m▀[0m[38;2;139;141;54m[48;2;0;0;0m▀[0m[38;2;0;0;0m▀  
 [38;2;0;0;0m▄[38;2;0;0;0m[48;2;205;207;120m▀[0m[38;2;139;141;54m[48;2;139;141;54m▀[0m[38;2;139;141;54m[48;2;205;207;120m▀[0m[38;2;205;207;120m[48;2;205;207;120m▀[0m[38;2;205;207;120m[48;2;139;141;54m▀[0m[38;2;139;141;54m[48;2;139;141;54m▀[0m[38;2;74;74;74m[48;2;139;141;54m▀[0m[38;2;139;141;54m[48;2;205;207;120m▀[0m[38;2;139;141;54m[48;2;205;207;120m▀[0m[38;2;139;141;54m[48;2;205;207;120m▀[0m[38;2;205;207;120m[48;2;205;207;120m▀[0m[38;2;205;207;120m[48;2;139;141;54m▀[0m[38;2;139;141;54m[48;2;74;74;74m▀[0m[38;2;139;141;54m[48;2;74;74;74m▀[0m[38;2;139;141;54m[48;2;0;0;0m▀[0m[38;2;0;0;0m▀       [38;2;0;0;0m▄[38;2;0;0;0m[48;2;139;141;54m▀[0m[38;2;74;74;74m[48;2;139;141;54m▀[0m[38;2;74;74;74m[48;2;139;141;54m▀[0m[38;2;74;74;74m[48;2;139;141;54m▀[0m[38;2;139;141;54m[48;2;111;113;26m▀[0m[38;2;0;0;0m[48;2;205;207;120m▀[0m[38;2;0;0;0m▄  
 [38;2;0;0;0m[48;2;0;0;0m▀[0m[38;2;205;207;120m[48;2;139;141;54m▀[0m[38;2;139;141;54m[48;2;205;207;120m▀[0m[38;2;205;207;120m[48;2;205;207;120m▀[0m[38;2;205;207;120m[48;2;139;141;54m▀[0m[38;2;139;141;54m[48;2;139;141;54m▀[0m[38;2;139;141;54m[48;2;205;207;120m▀[0m[38;2;205;207;120m[48;2;205;207;120m▀[0m[38;2;205;207;120m[48;2;205;207;120m▀[0m[38;2;205;207;120m[48;2;205;207;120m▀[0m[38;2;205;207;120m[48;2;139;141;54m▀[0m[38;2;139;141;54m[48;2;74;74;74m▀[0m[38;2;74;74;74m[48;2;74;74;74m▀[0m[38;2;139;141;54m[48;2;139;141;54m▀[0m[38;2;139;141;54m[48;2;0;0;0m▀[0m[38;2;0;0;0m▀       [38;2;0;0;0m[48;2;0;0;0m▀[0m[38;2;205;207;120m[48;2;205;207;120m▀[0m[38;2;111;113;26m[48;2;111;113;26m▀[0m[38;2;139;141;54m[48;2;139;141;54m▀[0m[38;2;139;141;54m[48;2;139;141;54m▀[0m[38;2;139;141;54m[48;2;139;141;54m▀[0m[38;2;111;113;26m[48;2;111;113;26m▀[0m[38;2;205;207;120m[48;2;111;113;26m▀[0m[38;2;205;207;120m[48;2;205;207;120m▀[0m[38;2;0;0;0m[48;2;0;0;0m▀[0m 
  [38;2;0;0;0m▀[38;2;205;207;120m[48;2;0;0;0m▀[0m[38;2;205;207;120m[48;2;74;74;74m▀[0m[38;2;139;141;54m[48;2;139;141;54m▀[0m[38;2;139;141;54m[48;2;139;141;54m▀[0m[38;2;205;207;120m[48;2;139;141;54m▀[0m[38;2;205;207;120m[48;2;139;141;54m▀[0m[38;2;139;141;54m[48;2;139;141;54m▀[0m[38;2;139;141;54m[48;2;74;74;74m▀[0m[38;2;74;74;74m[48;2;74;74;74m▀[0m[38;2;74;74;74m[48;2;139;141;54m▀[0m[38;2;139;141;54m[48;2;0;0;0m▀[0m[38;2;0;0;0m▀        [38;2;0;0;0m[48;2;0;0;0m▀[0m[38;2;205;207;120m[48;2;111;113;26m▀[0m[38;2;111;113;26m[48;2;139;141;54m▀[0m[38;2;139;141;54m[48;2;139;141;54m▀[0m[38;2;111;113;26m[48;2;139;141;54m▀[0m[38;2;139;141;54m[48;2;111;113;26m▀[0m[38;2;111;113;26m[48;2;139;141;54m▀[0m[38;2;139;141;54m[48;2;139;141;54m▀[0m[38;2;139;141;54m[48;2;139;141;54m▀[0m[38;2;111;113;26m[48;2;111;113;26m▀[0m[38;2;0;0;0m[48;2;0;0;0m▀[0m 
    [38;2;0;0;0m▀[38;2;0;0;0m▀[38;2;74;74;74m[48;2;0;0;0m▀[0m[38;2;74;74;74m[48;2;139;141;54m▀[0m[38;2;74;74;74m[48;2;139;141;54m▀[0m[38;2;74;74;74m[48;2;139;141;54m▀[0m[38;2;74;74;74m[48;2;139;141;54m▀[0m[38;2;139;141;54m[48;2;139;141;54m▀[0m[38;2;139;141;54m[48;2;0;0;0m▀[0m[38;2;0;0;0m▀          [38;2;0;0;0m[48;2;0;0;0m▀[0m[38;2;139;141;54m[48;2;74;74;74m▀[0m[38;2;139;141;54m[48;2;139;141;54m▀[0m[38;2;139;141;54m[48;2;139;141;54m▀[0m[38;2;111;113;26m[48;2;111;113;26m▀[0m[38;2;139;141;54m[48;2;139;141;54m▀[0m[38;2;139;141;54m[48;2;0;0;0m▀[0m[38;2;0;0;0m▀[38;2;0;0;0m▀  
       [38;2;0;0;0m▀[38;2;0;0;0m▀[38;2;0;0;0m▀[38;2;0;0;0m▀[38;2;0;0;0m▀          [38;2;0;0;0m▄[38;2;0;0;0m[48;2;139;141;54m▀[0m[38;2;139;141;54m[48;2;205;207;120m▀[0m[38;2;205;207;120m[48;2;139;141;54m▀[0m[38;2;74;74;74m[48;2;111;113;26m▀[0m[38;2;74;74;74m[48;2;139;141;54m▀[0m[38;2;74;74;74m[48;2;139;141;54m▀[0m[38;2;0;0;0m[48;2;139;141;54m▀[0m[38;2;0;0;0m▄    
                      [38;2;0;0;0m[48;2;0;0;0m▀[0m[38;2;205;207;120m[48;2;139;141;54m▀[0m[38;2;139;141;54m[48;2;205;207;120m▀[0m[38;2;205;207;120m[48;2;111;113;26m▀[0m[38;2;111;113;26m[48;2;139;141;54m▀[0m[38;2;139;141;54m[48;2;111;113;26m▀[0m[38;2;139;141;54m[48;2;139;141;54m▀[0m[38;2;139;141;54m[48;2;139;141;54m▀[0m[38;2;0;0;0m[48;2;0;0;0m▀[0m    
          [38;2;0;0;0m▄[38;2;0;0;0m▄[38;2;0;0;0m▄ [38;2;0;0;0m▄[38;2;0;0;0m▄[38;2;0;0;0m▄ [38;2;0;0;0m▄[38;2;0;0;0m▄[38;2;0;0;0m[48;2;139;141;54m▀[0m[38;2;0;0;0m[48;2;139;141;54m▀[0m[38;2;139;141;54m[48;2;74;74;74m▀[0m[38;2;111;113;26m[48;2;139;141;54m▀[0m[38;2;111;113;26m[48;2;139;141;54m▀[0m[38;2;139;141;54m[48;2;139;141;54m▀[0m[38;2;139;141;54m[48;2;139;141;54m▀[0m[38;2;139;141;54m[48;2;139;141;54m▀[0m[38;2;111;113;26m[48;2;139;141;54m▀[0m[38;2;0;0;0m[48;2;0;0;0m▀[0m     
         [38;2;0;0;0m[48;2;0;0;0m▀[0m[38;2;111;113;26m[48;2;111;113;26m▀[0m[38;2;111;113;26m[48;2;111;113;26m▀[0m[38;2;111;113;26m[48;2;74;74;74m▀[0m[38;2;0;0;0m[48;2;111;113;26m▀[0m[38;2;139;141;54m[48;2;111;113;26m▀[0m[38;2;139;141;54m[48;2;139;141;54m▀[0m[38;2;139;141;54m[48;2;111;113;26m▀[0m[38;2;0;0;0m[48;2;74;74;74m▀[0m[38;2;139;141;54m[48;2;139;141;54m▀[0m[38;2;139;141;54m[48;2;139;141;54m▀[0m[38;2;139;141;54m[48;2;111;113;26m▀[0m[38;2;111;113;26m[48;2;139;141;54m▀[0m[38;2;139;141;54m[48;2;139;141;54m▀[0m[38;2;74;74;74m[48;2;139;141;54m▀[0m[38;2;74;74;74m[48;2;0;0;0m▀[0m[38;2;139;141;54m[48;2;0;0;0m▀[0m[38;2;139;141;54m[48;2;0;0;0m▀[0m[38;2;0;0;0m▀[38;2;0;0;0m▀      
          [38;2;0;0;0m▀[38;2;0;0;0m▀[38;2;0;0;0m▀[38;2;111;113;26m[48;2;0;0;0m▀[0m[38;2;111;113;26m[48;2;0;0;0m▀[0m[38;2;111;113;26m[48;2;0;0;0m▀[0m[38;2;74;74;74m[48;2;0;0;0m▀[0m[38;2;0;0;0m▀[38;2;111;113;26m[48;2;0;0;0m▀[0m[38;2;111;113;26m[48;2;139;141;54m▀[0m[38;2;74;74;74m[48;2;139;141;54m▀[0m[38;2;139;141;54m[48;2;74;74;74m▀[0m[38;2;139;141;54m[48;2;139;141;54m▀[0m[38;2;139;141;54m[48;2;0;0;0m▀[0m[38;2;0;0;0m▀          
                   [38;2;0;0;0m▀[38;2;0;0;0m▀[38;2;0;0;0m▀[38;2;0;0;0m▀            
                                     [0m                                     