    [38;2;0;0;0m[48;2;0;0;0m▀[0m[38;2;0;0;0m[48;2;255;255;255m▀[0m[38;2;0;0;0m[48;2;255;255;255m▀[0m[38;2;0;0;0m[48;2;255;255;255m▀[0m[38;2;0;0;0m▄[38;2;0;0;0m▄[38;2;0;0;0m▄                                    
     [38;2;0;0;0m[48;2;0;0;0m▀[0m[38;2;255;223;232m[48;2;255;223;232m▀[0m[38;2;255;223;232m[48;2;255;223;232m▀[0m[38;2;255;223;232m[48;2;255;223;232m▀[0m[38;2;255;223;232m[48;2;255;223;232m▀[0m[38;2;255;223;232m[48;2;255;223;232m▀[0m[38;2;0;0;0m[48;2;255;223;232m▀[0m[38;2;0;0;0m[48;2;255;224;234m▀[0m[38;2;0;0;0m[48;2;255;224;234m▀[0m[38;2;0;0;0m▄[38;2;0;0;0m▄         [38;2;0;0;0m▄[38;2;0;0;0m▄[38;2;0;0;0m▄                   
   [38;2;0;0;0m▄[38;2;0;0;0m[48;2;255;224;234m▀[0m[38;2;255;223;232m[48;2;255;224;234m▀[0m[38;2;126;127;111m[48;2;255;224;234m▀[0m[38;2;126;127;111m[48;2;255;224;234m▀[0m[38;2;126;127;111m[48;2;255;223;232m▀[0m[38;2;126;127;111m[48;2;255;223;232m▀[0m[38;2;126;127;111m[48;2;255;226;235m▀[0m[38;2;255;223;232m[48;2;125;123;117m▀[0m[38;2;255;224;234m[48;2;126;127;111m▀[0m[38;2;255;224;234m[48;2;255;223;232m▀[0m[38;2;255;223;232m[48;2;255;223;232m▀[0m[38;2;255;223;232m[48;2;255;223;232m▀[0m[38;2;0;0;0m[48;2;255;224;234m▀[0m[38;2;0;0;0m[48;2;255;224;234m▀[0m[38;2;0;0;0m▄[38;2;0;0;0m▄ [38;2;0;0;0m▄[38;2;0;0;0m▄[38;2;0;0;0m[48;2;197;153;166m▀[0m[38;2;0;0;0m[48;2;198;154;167m▀[0m[38;2;197;153;166m[48;2;198;154;167m▀[0m[38;2;197;153;166m[48;2;197;153;166m▀[0m[38;2;0;0;0m[48;2;0;0;0m▀[0m      [38;2;0;4;0m▄[38;2;0;4;0m▄[38;2;0;0;0m▄[38;2;0;0;0m▄[38;2;0;0;0m▄[38;2;0;0;0m[48;2;255;244;247m▀[0m[38;2;0;0;0m[48;2;255;244;247m▀[0m[38;2;0;0;0m[48;2;255;244;247m▀[0m[38;2;0;0;0m[48;2;255;244;247m▀[0m[38;2;0;0;0m[48;2;0;0;0m▀[0m   
   [38;2;0;0;0m▀[38;2;223;179;192m[48;2;0;0;0m▀[0m[38;2;223;179;192m[48;2;223;179;192m▀[0m[38;2;223;179;192m[48;2;131;40;53m▀[0m[38;2;223;179;192m[48;2;65;64;65m▀[0m[38;2;65;64;65m[48;2;255;101;65m▀[0m[38;2;65;64;65m[48;2;0;16;16m▀[0m[38;2;74;68;57m[48;2;168;135;127m▀[0m[38;2;255;226;235m[48;2;82;56;49m▀[0m[38;2;255;223;232m[48;2;255;223;232m▀[0m[38;2;126;127;111m[48;2;255;223;232m▀[0m[38;2;126;127;111m[48;2;82;80;65m▀[0m[38;2;126;127;111m[48;2;255;244;247m▀[0m[38;2;255;224;234m[48;2;65;64;65m▀[0m[38;2;255;224;234m[48;2;65;64;65m▀[0m[38;2;255;223;232m[48;2;255;223;232m▀[0m[38;2;255;223;232m[48;2;255;223;232m▀[0m[38;2;0;0;0m[48;2;255;224;234m▀[0m[38;2;65;64;65m[48;2;255;224;234m▀[0m[38;2;197;153;166m[48;2;65;64;65m▀[0m[38;2;197;153;166m[48;2;211;167;180m▀[0m[38;2;198;154;167m[48;2;126;118;115m▀[0m[38;2;126;127;109m[48;2;207;163;176m▀[0m[38;2;0;0;0m[48;2;0;0;0m▀[0m [38;2;0;0;0m▄[38;2;0;0;0m▄[38;2;0;0;0m[48;2;255;223;232m▀[0m[38;2;0;0;0m[48;2;255;223;232m▀[0m[38;2;0;0;0m[48;2;255;235;241m▀[0m[38;2;0;0;0m[48;2;93;98;93m▀[0m[38;2;113;69;82m[48;2;255;244;247m▀[0m[38;2;255;248;250m[48;2;255;244;247m▀[0m[38;2;255;244;247m[48;2;255;244;247m▀[0m[38;2;255;244;247m[48;2;255;244;247m▀[0m[38;2;255;244;247m[48;2;255;244;247m▀[0m[38;2;255;244;247m[48;2;255;244;247m▀[0m[38;2;255;244;247m[48;2;255;244;247m▀[0m[38;2;255;244;247m[48;2;255;244;247m▀[0m[38;2;0;0;0m[48;2;0;0;0m▀[0m    
  [38;2;0;0;0m▄[38;2;0;0;0m▄[38;2;0;0;0m▀[38;2;223;179;192m[48;2;0;0;0m▀[0m[38;2;131;40;53m[48;2;189;68;131m▀[0m[38;2;131;40;53m[48;2;189;68;131m▀[0m[38;2;84;44;32m[48;2;197;64;123m▀[0m[38;2;255;101;65m[48;2;82;48;41m▀[0m[38;2;82;56;49m[48;2;255;239;244m▀[0m[38;2;255;214;205m[48;2;65;64;65m▀[0m[38;2;255;223;232m[48;2;65;64;65m▀[0m[38;2;82;80;65m[48;2;255;223;232m▀[0m[38;2;255;244;247m[48;2;65;64;65m▀[0m[38;2;255;244;247m[48;2;255;244;247m▀[0m[38;2;255;244;247m[48;2;228;113;161m▀[0m[38;2;255;244;247m[48;2;228;113;161m▀[0m[38;2;65;64;65m[48;2;228;113;161m▀[0m[38;2;65;64;65m[48;2;255;244;247m▀[0m[38;2;255;224;234m[48;2;65;64;65m▀[0m[38;2;255;224;234m[48;2;65;64;65m▀[0m[38;2;211;167;180m[48;2;223;179;192m▀[0m[38;2;65;64;65m[48;2;223;179;192m▀[0m[38;2;62;62;58m[48;2;223;179;192m▀[0m[38;2;0;8;0m[48;2;65;64;65m▀[0m[38;2;8;0;8m▄[38;2;0;0;0m[48;2;255;233;240m▀[0m[38;2;65;64;65m[48;2;255;244;247m▀[0m[38;2;65;64;65m[48;2;228;113;161m▀[0m[38;2;110;66;79m[48;2;229;113;161m▀[0m[38;2;110;66;79m[48;2;65;64;65m▀[0m[38;2;93;98;93m[48;2;255;244;247m▀[0m[38;2;255;235;241m[48;2;110;66;79m▀[0m[38;2;255;244;247m[48;2;95;96;95m▀[0m[38;2;255;244;247m[48;2;95;96;95m▀[0m[38;2;255;244;247m[48;2;95;96;95m▀[0m[38;2;255;244;247m[48;2;95;96;95m▀[0m[38;2;95;96;95m[48;2;255;244;247m▀[0m[38;2;95;96;95m[48;2;255;244;247m▀[0m[38;2;117;73;86m[48;2;0;0;0m▀[0m[38;2;8;8;8m▀     
 [38;2;0;0;0m▀[38;2;223;179;192m[48;2;0;0;0m▀[0m[38;2;223;179;192m[48;2;223;179;192m▀[0m[38;2;0;0;0m[48;2;222;178;191m▀[0m[38;2;65;64;65m[48;2;129;128;122m▀[0m[38;2;74;52;49m[48;2;222;178;191m▀[0m[38;2;112;58;76m[48;2;63;62;58m▀[0m[38;2;120;53;68m[48;2;255;251;252m▀[0m[38;2;120;53;68m[48;2;255;251;252m▀[0m[38;2;65;64;65m[48;2;255;224;234m▀[0m[38;2;255;239;244m[48;2;255;224;234m▀[0m[38;2;255;223;232m[48;2;255;218;229m▀[0m[38;2;255;223;232m[48;2;65;64;65m▀[0m[38;2;65;64;65m[48;2;255;244;247m▀[0m[38;2;255;244;247m[48;2;255;244;247m▀[0m[38;2;255;244;247m[48;2;255;244;247m▀[0m[38;2;228;113;161m[48;2;255;244;247m▀[0m[38;2;228;113;161m[48;2;228;113;161m▀[0m[38;2;228;113;161m[48;2;228;113;161m▀[0m[38;2;229;113;161m[48;2;255;244;247m▀[0m[38;2;229;113;161m[48;2;255;244;247m▀[0m[38;2;65;64;65m[48;2;228;113;161m▀[0m[38;2;65;64;65m[48;2;228;113;161m▀[0m[38;2;223;179;192m[48;2;65;64;65m▀[0m[38;2;65;64;65m[48;2;65;64;65m▀[0m[38;2;187;88;129m[48;2;228;113;161m▀[0m[38;2;187;88;129m[48;2;228;113;161m▀[0m[38;2;255;244;247m[48;2;183;147;128m▀[0m[38;2;255;244;247m[48;2;98;89;106m▀[0m[38;2;229;113;161m[48;2;90;97;98m▀[0m[38;2;229;113;161m[48;2;199;111;88m▀[0m[38;2;110;66;79m[48;2;254;210;223m▀[0m[38;2;255;244;247m[48;2;65;64;65m▀[0m[38;2;255;244;247m[48;2;95;96;95m▀[0m[38;2;255;244;247m[48;2;95;96;95m▀[0m[38;2;255;244;247m[48;2;90;90;90m▀[0m[38;2;255;244;247m[48;2;90;90;90m▀[0m[38;2;117;73;86m[48;2;255;244;247m▀[0m[38;2;8;8;8m[48;2;0;0;0m▀[0m       
   [38;2;0;0;0m▀[38;2;0;0;0m▀[38;2;0;0;0m▀[38;2;129;128;121m[48;2;0;0;0m▀[0m[38;2;222;178;191m[48;2;0;0;0m▀[0m[38;2;112;68;81m[48;2;0;0;0m▀[0m[38;2;0;0;0m▀[38;2;255;224;234m[48;2;0;0;0m▀[0m[38;2;255;224;234m[48;2;0;0;0m▀[0m[38;2;65;64;65m[48;2;200;156;169m▀[0m[38;2;204;160;173m[48;2;60;60;65m▀[0m[38;2;65;64;65m[48;2;126;118;117m▀[0m[38;2;255;244;247m[48;2;65;68;65m▀[0m[38;2;255;244;247m[48;2;63;62;58m▀[0m[38;2;255;244;247m[48;2;255;242;246m▀[0m[38;2;255;244;247m[48;2;255;244;247m▀[0m[38;2;255;244;247m[48;2;255;244;247m▀[0m[38;2;228;113;161m[48;2;255;244;247m▀[0m[38;2;228;113;161m[48;2;228;113;161m▀[0m[38;2;255;244;247m[48;2;228;113;161m▀[0m[38;2;255;244;247m[48;2;255;244;247m▀[0m[38;2;65;64;65m[48;2;65;64;65m▀[0m[38;2;255;244;247m[48;2;255;244;247m▀[0m[38;2;255;244;247m[48;2;255;244;247m▀[0m[38;2;228;113;161m[48;2;255;244;247m▀[0m[38;2;98;89;106m[48;2;90;93;98m▀[0m[38;2;255;186;164m[48;2;255;137;98m▀[0m[38;2;189;97;123m[48;2;255;250;238m▀[0m[38;2;90;97;98m[48;2;98;97;90m▀[0m[38;2;254;210;223m[48;2;228;113;161m▀[0m[38;2;65;64;65m[48;2;228;113;161m▀[0m[38;2;255;244;247m[48;2;65;64;65m▀[0m[38;2;255;244;247m[48;2;0;0;0m▀[0m[38;2;255;248;250m[48;2;0;0;0m▀[0m[38;2;8;12;8m▀[38;2;0;0;0m▀        
            [38;2;0;8;8m▀[38;2;60;60;65m[48;2;0;0;0m▀[0m[38;2;203;159;172m[48;2;166;67;75m▀[0m[38;2;65;68;65m[48;2;65;64;65m▀[0m[38;2;128;124;120m[48;2;126;127;109m▀[0m[38;2;63;62;58m[48;2;65;64;65m▀[0m[38;2;65;64;65m[48;2;255;218;229m▀[0m[38;2;255;244;247m[48;2;74;68;57m▀[0m[38;2;255;244;247m[48;2;255;238;243m▀[0m[38;2;255;244;247m[48;2;134;118;134m▀[0m[38;2;228;113;161m[48;2;65;68;65m▀[0m[38;2;228;113;161m[48;2;65;68;65m▀[0m[38;2;65;64;65m[48;2;254;210;223m▀[0m[38;2;65;64;65m[48;2;65;64;65m▀[0m[38;2;255;244;247m[48;2;229;113;161m▀[0m[38;2;228;113;161m[48;2;229;113;161m▀[0m[38;2;90;93;98m[48;2;213;107;148m▀[0m[38;2;200;122;98m[48;2;98;72;98m▀[0m[38;2;228;184;197m[48;2;95;95;95m▀[0m[38;2;98;97;90m[48;2;229;113;161m▀[0m[38;2;228;113;161m[48;2;254;210;223m▀[0m[38;2;228;113;161m[48;2;0;0;0m▀[0m[38;2;0;0;0m▀            
             [38;2;0;0;0m▀[38;2;166;67;75m[48;2;0;0;0m▀[0m[38;2;65;64;65m[48;2;197;153;166m▀[0m[38;2;126;127;109m[48;2;65;64;65m▀[0m[38;2;65;64;65m[48;2;126;127;109m▀[0m[38;2;255;218;229m[48;2;65;64;74m▀[0m[38;2;128;121;115m[48;2;128;129;118m▀[0m[38;2;74;60;74m[48;2;254;210;223m▀[0m[38;2;74;60;74m[48;2;254;210;223m▀[0m[38;2;123;121;117m[48;2;126;125;109m▀[0m[38;2;255;217;228m[48;2;126;125;109m▀[0m[38;2;254;210;223m[48;2;254;210;223m▀[0m[38;2;254;210;223m[48;2;254;210;223m▀[0m[38;2;65;64;65m[48;2;65;64;65m▀[0m[38;2;229;113;161m[48;2;65;64;65m▀[0m[38;2;213;107;148m[48;2;254;210;223m▀[0m[38;2;250;206;219m[48;2;254;210;223m▀[0m[38;2;229;113;161m[48;2;190;91;132m▀[0m[38;2;229;113;161m[48;2;74;60;74m▀[0m[38;2;254;210;223m[48;2;74;68;74m▀[0m[38;2;104;60;73m[48;2;255;244;247m▀[0m[38;2;0;0;0m[48;2;255;244;247m▀[0m[38;2;0;0;0m▄           
             [38;2;0;0;0m▄[38;2;0;0;8m▄[38;2;0;0;0m[48;2;128;129;118m▀[0m[38;2;126;127;109m[48;2;126;125;110m▀[0m[38;2;126;127;109m[48;2;78;89;106m▀[0m[38;2;87;87;87m[48;2;78;89;106m▀[0m[38;2;65;64;74m[48;2;126;125;110m▀[0m[38;2;126;125;109m[48;2;65;64;65m▀[0m[38;2;254;210;223m[48;2;65;64;65m▀[0m[38;2;254;210;223m[48;2;65;64;65m▀[0m[38;2;126;125;109m[48;2;65;64;65m▀[0m[38;2;65;64;65m[48;2;126;127;109m▀[0m[38;2;65;64;65m[48;2;126;127;109m▀[0m[38;2;126;127;109m[48;2;126;101;115m▀[0m[38;2;126;127;109m[48;2;65;68;65m▀[0m[38;2;65;64;65m[48;2;74;60;74m▀[0m[38;2;65;64;65m[48;2;255;238;243m▀[0m[38;2;74;60;74m[48;2;255;244;247m▀[0m[38;2;255;238;243m[48;2;197;153;166m▀[0m[38;2;255;244;247m[48;2;197;153;166m▀[0m[38;2;188;144;157m[48;2;255;244;247m▀[0m[38;2;193;149;162m[48;2;255;244;247m▀[0m[38;2;255;244;247m[48;2;0;0;0m▀[0m[38;2;0;0;0m▀          
          [38;2;0;0;0m▄[38;2;0;0;0m[48;2;222;178;191m▀[0m[38;2;0;0;0m[48;2;64;63;61m▀[0m[38;2;126;125;110m[48;2;129;128;122m▀[0m[38;2;128;129;118m[48;2;65;64;65m▀[0m[38;2;86;87;81m[48;2;126;127;109m▀[0m[38;2;78;89;106m[48;2;126;127;109m▀[0m[38;2;78;89;106m[48;2;126;127;109m▀[0m[38;2;126;125;110m[48;2;65;60;65m▀[0m[38;2;126;125;110m[48;2;65;60;65m▀[0m[38;2;65;64;65m[48;2;126;127;109m▀[0m[38;2;126;127;109m[48;2;65;64;65m▀[0m[38;2;126;127;109m[48;2;65;64;65m▀[0m[38;2;126;127;109m[48;2;65;64;65m▀[0m[38;2;65;64;65m[48;2;255;255;255m▀[0m[38;2;65;64;65m[48;2;248;162;195m▀[0m[38;2;65;68;65m[48;2;255;255;255m▀[0m[38;2;192;119;124m[48;2;178;77;115m▀[0m[38;2;134;118;134m[48;2;229;113;161m▀[0m[38;2;74;60;74m[48;2;229;113;161m▀[0m[38;2;197;153;166m[48;2;65;60;65m▀[0m[38;2;255;244;247m[48;2;208;164;177m▀[0m[38;2;255;244;247m[48;2;194;150;163m▀[0m[38;2;197;153;166m[48;2;255;244;247m▀[0m[38;2;193;149;162m[48;2;255;241;245m▀[0m[38;2;193;149;162m[48;2;255;241;245m▀[0m[38;2;0;0;0m[48;2;0;0;0m▀[0m      [38;2;0;0;0m▄[38;2;0;0;0m[48;2;255;229;237m▀[0m[38;2;0;0;0m▄ 
         [38;2;0;0;0m▀[38;2;222;178;191m[48;2;0;0;0m▀[0m[38;2;129;128;122m[48;2;0;0;0m▀[0m[38;2;222;178;191m[48;2;127;126;115m▀[0m[38;2;64;63;61m[48;2;64;63;61m▀[0m[38;2;126;127;109m[48;2;65;64;65m▀[0m[38;2;65;64;65m[48;2;65;64;65m▀[0m[38;2;65;64;65m[48;2;197;153;166m▀[0m[38;2;65;64;65m[48;2;197;153;166m▀[0m[38;2;250;155;184m[48;2;65;64;65m▀[0m[38;2;215;109;149m[48;2;229;113;161m▀[0m[38;2;65;64;65m[48;2;255;215;227m▀[0m[38;2;126;127;109m[48;2;82;56;82m▀[0m[38;2;126;127;109m[48;2;82;56;82m▀[0m[38;2;65;64;65m[48;2;255;215;227m▀[0m[38;2;65;64;65m[48;2;65;68;65m▀[0m[38;2;255;255;255m[48;2;150;51;91m▀[0m[38;2;178;77;115m[48;2;255;254;254m▀[0m[38;2;255;255;255m[48;2;190;94;130m▀[0m[38;2;172;66;71m[48;2;65;64;65m▀[0m[38;2;229;113;161m[48;2;65;64;65m▀[0m[38;2;65;60;65m[48;2;102;58;71m▀[0m[38;2;255;229;237m[48;2;102;58;71m▀[0m[38;2;255;244;247m[48;2;102;58;71m▀[0m[38;2;90;80;74m[48;2;189;145;158m▀[0m[38;2;110;66;79m[48;2;0;0;0m▀[0m[38;2;0;0;0m▀      [38;2;16;0;8m▄[38;2;0;0;0m[48;2;255;244;247m▀[0m[38;2;201;99;138m[48;2;166;67;75m▀[0m[38;2;0;0;0m[48;2;0;0;0m▀[0m 
            [38;2;0;0;8m[48;2;0;0;0m▀[0m[38;2;64;63;61m[48;2;197;153;166m▀[0m[38;2;197;153;166m[48;2;198;154;167m▀[0m[38;2;197;153;166m[48;2;198;154;167m▀[0m[38;2;197;153;166m[48;2;197;153;166m▀[0m[38;2;197;153;166m[48;2;197;153;166m▀[0m[38;2;65;64;65m[48;2;65;60;65m▀[0m[38;2;229;113;161m[48;2;215;109;149m▀[0m[38;2;255;215;227m[48;2;254;210;223m▀[0m[38;2;186;85;127m[48;2;195;91;154m▀[0m[38;2;186;85;127m[48;2;195;91;154m▀[0m[38;2;255;215;227m[48;2;254;210;223m▀[0m[38;2;186;104;146m[48;2;195;91;154m▀[0m[38;2;65;68;65m[48;2;254;210;223m▀[0m[38;2;63;62;58m[48;2;65;64;65m▀[0m[38;2;63;62;58m[48;2;197;153;166m▀[0m[38;2;197;153;166m[48;2;197;153;166m▀[0m[38;2;197;153;166m[48;2;255;244;247m▀[0m[38;2;189;145;158m[48;2;255;244;247m▀[0m[38;2;255;244;247m[48;2;255;244;247m▀[0m[38;2;255;244;247m[48;2;255;244;247m▀[0m[38;2;102;58;71m[48;2;255;244;247m▀[0m[38;2;197;153;166m[48;2;197;153;166m▀[0m[38;2;0;0;0m[48;2;197;153;166m▀[0m[38;2;0;0;0m▄[38;2;0;0;0m▄[38;2;0;0;0m▄[38;2;0;0;0m▄[38;2;0;0;0m[48;2;255;244;247m▀[0m[38;2;0;0;0m[48;2;255;244;247m▀[0m[38;2;255;244;247m[48;2;163;61;100m▀[0m[38;2;163;61;100m[48;2;255;244;247m▀[0m[38;2;0;0;0m[48;2;0;0;0m▀[0m  
            [38;2;0;0;0m▀[38;2;197;153;166m[48;2;0;0;0m▀[0m[38;2;126;127;109m[48;2;189;178;164m▀[0m[38;2;198;154;167m[48;2;126;121;109m▀[0m[38;2;197;153;166m[48;2;197;153;166m▀[0m[38;2;197;153;166m[48;2;197;153;166m▀[0m[38;2;193;149;162m[48;2;197;153;166m▀[0m[38;2;65;60;65m[48;2;197;153;166m▀[0m[38;2;195;91;154m[48;2;60;58;60m▀[0m[38;2;254;210;223m[48;2;200;156;169m▀[0m[38;2;195;91;154m[48;2;164;71;79m▀[0m[38;2;195;91;154m[48;2;164;71;79m▀[0m[38;2;254;210;223m[48;2;197;153;166m▀[0m[38;2;195;91;154m[48;2;164;71;79m▀[0m[38;2;65;64;65m[48;2;65;52;57m▀[0m[38;2;197;153;166m[48;2;255;232;239m▀[0m[38;2;255;244;247m[48;2;197;153;166m▀[0m[38;2;255;244;247m[48;2;255;244;247m▀[0m[38;2;255;244;247m[48;2;255;244;247m▀[0m[38;2;255;244;247m[48;2;255;244;247m▀[0m[38;2;255;244;247m[48;2;255;244;247m▀[0m[38;2;255;244;247m[48;2;255;244;247m▀[0m[38;2;65;64;65m[48;2;65;64;65m▀[0m[38;2;197;153;166m[48;2;197;153;166m▀[0m[38;2;255;244;247m[48;2;197;153;166m▀[0m[38;2;255;244;247m[48;2;255;244;247m▀[0m[38;2;255;244;247m[48;2;255;241;245m▀[0m[38;2;255;244;247m[48;2;160;69;82m▀[0m[38;2;255;244;247m[48;2;163;61;100m▀[0m[38;2;172;66;71m[48;2;255;244;247m▀[0m[38;2;255;244;247m[48;2;0;0;0m▀[0m[38;2;16;0;8m▀   
              [38;2;0;8;0m[48;2;0;4;0m▀[0m[38;2;126;121;109m[48;2;199;155;168m▀[0m[38;2;197;153;166m[48;2;126;121;112m▀[0m[38;2;197;153;166m[48;2;65;69;60m▀[0m[38;2;197;153;166m[48;2;60;56;57m▀[0m[38;2;65;64;65m[48;2;0;4;0m▀[0m[38;2;0;4;0m▀[38;2;0;4;0m▀[38;2;197;153;166m[48;2;0;0;0m▀[0m[38;2;164;71;79m[48;2;0;0;0m▀[0m[38;2;164;71;79m[48;2;166;67;75m▀[0m[38;2;197;153;166m[48;2;166;67;75m▀[0m[38;2;128;111;120m[48;2;159;75;83m▀[0m[38;2;65;52;57m[48;2;159;75;83m▀[0m[38;2;197;153;166m[48;2;65;69;64m▀[0m[38;2;255;244;247m[48;2;199;155;168m▀[0m[38;2;255;244;247m[48;2;255;244;247m▀[0m[38;2;255;244;247m[48;2;255;244;247m▀[0m[38;2;255;244;247m[48;2;199;155;168m▀[0m[38;2;65;64;65m[48;2;65;69;64m▀[0m[38;2;197;153;166m[48;2;197;153;166m▀[0m[38;2;197;153;166m[48;2;197;153;166m▀[0m[38;2;197;153;166m[48;2;197;153;166m▀[0m[38;2;197;153;166m[48;2;197;153;166m▀[0m[38;2;198;154;167m[48;2;197;153;166m▀[0m[38;2;198;154;167m[48;2;0;0;0m▀[0m[38;2;195;151;164m[48;2;0;0;0m▀[0m[38;2;16;0;8m▀     
          [38;2;0;0;0m▄[38;2;0;0;0m▄[38;2;0;0;0m[48;2;255;223;232m▀[0m[38;2;0;0;0m[48;2;255;223;232m▀[0m[38;2;199;155;168m[48;2;65;64;65m▀[0m[38;2;120;111;115m[48;2;199;155;168m▀[0m[38;2;203;159;172m[48;2;126;127;109m▀[0m[38;2;126;121;112m[48;2;198;154;167m▀[0m[38;2;197;153;166m[48;2;197;153;166m▀[0m[38;2;197;153;166m[48;2;176;61;101m▀[0m[38;2;0;0;0m[48;2;179;69;107m▀[0m[38;2;0;0;0m▄  [38;2;0;0;0m▀[38;2;0;0;0m▀[38;2;0;4;0m▀[38;2;105;52;57m[48;2;0;0;0m▀[0m[38;2;199;155;168m[48;2;203;159;172m▀[0m[38;2;123;118;117m[48;2;126;118;117m▀[0m[38;2;197;153;166m[48;2;65;64;65m▀[0m[38;2;197;153;166m[48;2;65;64;65m▀[0m[38;2;123;118;117m[48;2;126;118;117m▀[0m[38;2;199;155;168m[48;2;203;159;172m▀[0m[38;2;65;64;65m[48;2;192;148;161m▀[0m[38;2;65;64;65m[48;2;0;0;0m▀[0m[38;2;0;0;0m▀[38;2;0;0;0m▀[38;2;0;0;0m▀        
        [38;2;0;0;0m▄[38;2;0;0;0m[48;2;255;223;232m▀[0m[38;2;255;223;232m[48;2;255;233;240m▀[0m[38;2;255;223;232m[48;2;159;163;159m▀[0m[38;2;255;223;232m[48;2;159;163;159m▀[0m[38;2;169;175;172m[48;2;255;233;240m▀[0m[38;2;199;155;168m[48;2;255;218;229m▀[0m[38;2;65;64;65m[48;2;105;61;74m▀[0m[38;2;126;127;109m[48;2;175;59;98m▀[0m[38;2;198;154;167m[48;2;175;59;98m▀[0m[38;2;176;61;101m[48;2;175;59;98m▀[0m[38;2;176;61;101m[48;2;0;0;0m▀[0m[38;2;140;34;72m[48;2;0;0;0m▀[0m[38;2;0;0;0m▀    [38;2;0;0;0m[48;2;0;0;0m▀[0m[38;2;197;153;166m[48;2;105;61;74m▀[0m[38;2;65;68;65m[48;2;255;224;234m▀[0m[38;2;65;68;65m[48;2;223;179;192m▀[0m[38;2;255;223;232m[48;2;255;224;234m▀[0m[38;2;255;223;232m[48;2;255;224;234m▀[0m[38;2;65;68;65m[48;2;223;179;192m▀[0m[38;2;65;68;65m[48;2;255;224;234m▀[0m[38;2;192;148;161m[48;2;65;52;65m▀[0m[38;2;120;102;115m[48;2;123;109;120m▀[0m[38;2;0;0;0m[48;2;0;0;0m▀[0m          
         [38;2;0;0;0m▀[38;2;0;4;0m▀[38;2;0;4;0m▀[38;2;0;4;0m▀[38;2;0;4;0m▀[38;2;0;0;0m▀[38;2;0;0;0m▀[38;2;0;0;0m▀[38;2;0;0;0m▀[38;2;0;0;0m▀       [38;2;0;0;0m▀[38;2;255;218;229m[48;2;0;0;0m▀[0m[38;2;255;224;234m[48;2;243;199;212m▀[0m[38;2;223;179;192m[48;2;243;199;212m▀[0m[38;2;255;224;234m[48;2;255;224;234m▀[0m[38;2;255;224;234m[48;2;255;224;234m▀[0m[38;2;223;179;192m[48;2;243;199;212m▀[0m[38;2;255;224;234m[48;2;243;199;212m▀[0m[38;2;255;215;227m[48;2;65;64;65m▀[0m[38;2;65;52;65m[48;2;0;0;0m▀[0m[38;2;0;0;0m▀          
                            [38;2;0;0;0m▀[38;2;0;0;0m▀[38;2;255;224;234m[48;2;0;0;0m▀[0m[38;2;255;224;234m[48;2;0;0;0m▀[0m[38;2;0;0;0m▀[38;2;0;0;0m▀[38;2;0;0;0m▀            
                                     [0m                                     