              [38;2;0;0;0m▄[38;2;0;0;0m[48;2;240;228;2m▀[0m[38;2;0;0;0m[48;2;240;228;2m▀[0m[38;2;0;0;0m▄             
             [38;2;0;0;0m▄[38;2;0;0;0m[48;2;240;228;2m▀[0m[38;2;240;228;2m[48;2;240;228;2m▀[0m[38;2;243;233;2m[48;2;243;233;2m▀[0m[38;2;8;4;8m[48;2;208;168;2m▀[0m[38;2;0;0;0m▄            
             [38;2;0;0;0m▀[38;2;240;229;2m[48;2;0;16;16m▀[0m[38;2;126;81;2m[48;2;240;229;2m▀[0m[38;2;240;229;2m[48;2;65;64;65m▀[0m[38;2;225;186;2m[48;2;225;186;2m▀[0m[38;2;0;0;0m[48;2;0;0;0m▀[0m            
            [38;2;0;0;0m▄[38;2;0;0;0m[48;2;144;141;137m▀[0m[38;2;65;48;57m[48;2;136;131;129m▀[0m[38;2;232;193;2m[48;2;94;85;83m▀[0m[38;2;43;42;42m[48;2;101;98;95m▀[0m[38;2;0;8;16m[48;2;101;98;95m▀[0m[38;2;0;0;0m▄            
      [38;2;0;0;0m▄[38;2;0;0;0m▄  [38;2;0;0;0m▄[38;2;0;0;0m[48;2;230;133;180m▀[0m[38;2;141;138;134m[48;2;141;138;134m▀[0m[38;2;141;138;134m[48;2;141;138;134m▀[0m[38;2;131;128;125m[48;2;144;141;137m▀[0m[38;2;144;141;137m[48;2;144;141;137m▀[0m[38;2;144;141;137m[48;2;144;141;137m▀[0m[38;2;101;98;95m[48;2;144;141;137m▀[0m[38;2;101;98;95m[48;2;101;98;95m▀[0m[38;2;0;0;0m[48;2;101;98;95m▀[0m[38;2;0;0;0m▄          
   [38;2;0;0;0m▄[38;2;0;0;0m[48;2;101;98;95m▀[0m[38;2;0;0;0m[48;2;101;98;95m▀[0m[38;2;101;98;95m[48;2;63;61;60m▀[0m[38;2;101;98;95m[48;2;63;61;60m▀[0m[38;2;0;4;8m[48;2;108;105;103m▀[0m[38;2;0;4;8m[48;2;41;40;39m▀[0m[38;2;101;98;95m[48;2;144;141;137m▀[0m[38;2;144;141;137m[48;2;144;141;137m▀[0m[38;2;150;147;144m[48;2;150;147;144m▀[0m[38;2;167;188;189m[48;2;123;182;213m▀[0m[38;2;141;138;134m[48;2;141;138;134m▀[0m[38;2;141;138;134m[48;2;141;138;134m▀[0m[38;2;242;155;193m[48;2;242;155;193m▀[0m[38;2;144;141;137m[48;2;144;141;137m▀[0m[38;2;117;114;111m[48;2;117;114;111m▀[0m[38;2;106;161;189m[48;2;117;114;111m▀[0m[38;2;0;0;0m[48;2;101;98;95m▀[0m[38;2;0;0;0m▄         
  [38;2;0;0;0m[48;2;0;0;0m▀[0m[38;2;144;141;137m[48;2;144;141;137m▀[0m[38;2;63;61;60m[48;2;111;108;106m▀[0m[38;2;63;61;60m[48;2;136;133;129m▀[0m[38;2;101;98;95m[48;2;101;98;95m▀[0m[38;2;101;98;95m[48;2;65;64;65m▀[0m[38;2;65;64;65m[48;2;101;98;95m▀[0m[38;2;65;64;65m[48;2;65;64;65m▀[0m[38;2;136;133;129m[48;2;109;106;103m▀[0m[38;2;136;133;129m[48;2;55;53;52m▀[0m[38;2;141;138;134m[48;2;141;138;134m▀[0m[38;2;141;138;134m[48;2;141;138;134m▀[0m[38;2;141;138;134m[48;2;141;138;134m▀[0m[38;2;141;138;134m[48;2;141;138;134m▀[0m[38;2;141;138;134m[48;2;141;138;134m▀[0m[38;2;141;138;134m[48;2;141;138;134m▀[0m[38;2;136;133;129m[48;2;136;133;129m▀[0m[38;2;109;106;103m[48;2;55;53;52m▀[0m[38;2;101;98;95m[48;2;101;98;95m▀[0m[38;2;0;0;0m[48;2;0;0;0m▀[0m [38;2;0;0;0m▄[38;2;0;0;0m▄[38;2;0;0;0m▄     
   [38;2;0;0;0m[48;2;0;0;0m▀[0m[38;2;141;138;134m[48;2;141;138;134m▀[0m[38;2;141;138;134m[48;2;141;138;134m▀[0m[38;2;49;49;49m[48;2;78;77;76m▀[0m[38;2;136;133;129m[48;2;136;133;129m▀[0m[38;2;65;64;65m[48;2;65;64;65m▀[0m[38;2;63;61;60m[48;2;63;61;60m▀[0m[38;2;111;109;107m[48;2;111;109;107m▀[0m[38;2;158;202;228m[48;2;42;39;37m▀[0m[38;2;134;131;128m[48;2;134;131;128m▀[0m[38;2;63;61;60m[48;2;63;61;60m▀[0m[38;2;145;144;142m[48;2;145;144;142m▀[0m[38;2;51;48;46m[48;2;155;199;224m▀[0m[38;2;101;98;95m[48;2;101;98;95m▀[0m[38;2;144;141;137m[48;2;144;141;137m▀[0m[38;2;136;133;129m[48;2;136;133;129m▀[0m[38;2;55;53;52m[48;2;109;106;103m▀[0m[38;2;101;98;95m[48;2;101;98;95m▀[0m[38;2;72;71;70m[48;2;57;57;57m▀[0m[38;2;0;0;8m[48;2;144;141;137m▀[0m[38;2;98;96;94m[48;2;52;51;50m▀[0m[38;2;101;98;95m[48;2;63;61;60m▀[0m[38;2;101;98;95m[48;2;63;61;60m▀[0m[38;2;0;0;0m[48;2;67;66;64m▀[0m[38;2;0;0;0m[48;2;135;132;129m▀[0m[38;2;0;0;0m▄  
   [38;2;0;0;0m▀[38;2;144;141;137m[48;2;0;0;0m▀[0m[38;2;144;141;137m[48;2;144;141;137m▀[0m[38;2;55;53;52m[48;2;109;106;103m▀[0m[38;2;136;133;129m[48;2;136;133;129m▀[0m[38;2;103;101;98m[48;2;129;126;122m▀[0m[38;2;54;51;50m[48;2;77;75;74m▀[0m[38;2;65;64;65m[48;2;144;141;137m▀[0m[38;2;65;64;65m[48;2;144;141;137m▀[0m[38;2;126;123;120m[48;2;57;57;57m▀[0m[38;2;80;79;78m[48;2;57;57;57m▀[0m[38;2;119;115;112m[48;2;57;57;57m▀[0m[38;2;78;77;76m[48;2;57;57;57m▀[0m[38;2;101;98;95m[48;2;101;98;95m▀[0m[38;2;101;98;95m[48;2;101;98;95m▀[0m[38;2;112;110;108m[48;2;65;64;65m▀[0m[38;2;65;64;65m[48;2;136;133;129m▀[0m[38;2;57;57;57m[48;2;94;91;88m▀[0m[38;2;69;68;67m[48;2;69;68;67m▀[0m[38;2;144;141;137m[48;2;144;141;137m▀[0m[38;2;101;98;95m[48;2;144;141;137m▀[0m[38;2;144;141;137m[48;2;144;141;137m▀[0m[38;2;63;61;60m[48;2;144;141;137m▀[0m[38;2;144;141;137m[48;2;101;98;95m▀[0m[38;2;101;98;95m[48;2;101;98;95m▀[0m[38;2;0;0;0m[48;2;0;0;0m▀[0m  
   [38;2;0;0;0m▄[38;2;0;0;0m[48;2;71;70;68m▀[0m[38;2;144;141;137m[48;2;144;141;137m▀[0m[38;2;101;98;95m[48;2;144;141;137m▀[0m[38;2;144;141;137m[48;2;144;141;137m▀[0m[38;2;144;141;137m[48;2;144;141;137m▀[0m[38;2;144;141;137m[48;2;106;159;186m▀[0m[38;2;162;156;154m[48;2;162;156;154m▀[0m[38;2;162;156;154m[48;2;63;61;60m▀[0m[38;2;123;122;121m[48;2;76;75;75m▀[0m[38;2;170;169;167m[48;2;76;75;75m▀[0m[38;2;144;141;137m[48;2;234;133;176m▀[0m[38;2;144;141;137m[48;2;144;141;137m▀[0m[38;2;65;56;57m[48;2;83;82;81m▀[0m[38;2;65;56;57m[48;2;136;133;129m▀[0m[38;2;63;61;60m[48;2;144;141;137m▀[0m[38;2;144;141;137m[48;2;144;141;137m▀[0m[38;2;63;61;60m[48;2;63;61;60m▀[0m[38;2;101;98;95m[48;2;101;98;95m▀[0m[38;2;144;141;137m[48;2;144;141;137m▀[0m[38;2;63;61;60m[48;2;63;61;60m▀[0m[38;2;144;141;137m[48;2;144;141;137m▀[0m[38;2;63;61;60m[48;2;63;61;60m▀[0m[38;2;101;98;95m[48;2;101;98;95m▀[0m[38;2;0;0;0m[48;2;0;0;0m▀[0m   
 [38;2;0;0;0m▄[38;2;0;0;0m[48;2;144;141;137m▀[0m[38;2;95;93;91m[48;2;95;93;91m▀[0m[38;2;63;61;60m[48;2;144;141;137m▀[0m[38;2;144;141;137m[48;2;144;141;137m▀[0m[38;2;144;141;137m[48;2;144;141;137m▀[0m[38;2;144;141;137m[48;2;131;128;125m▀[0m[38;2;141;138;134m[48;2;141;138;134m▀[0m[38;2;141;138;134m[48;2;141;138;134m▀[0m[38;2;63;61;60m[48;2;63;61;60m▀[0m[38;2;63;61;60m[48;2;63;61;60m▀[0m[38;2;63;61;60m[48;2;63;61;60m▀[0m[38;2;63;61;60m[48;2;63;61;60m▀[0m[38;2;76;75;75m[48;2;76;75;75m▀[0m[38;2;170;169;167m[48;2;123;122;121m▀[0m[38;2;141;138;134m[48;2;141;138;134m▀[0m[38;2;141;138;134m[48;2;141;138;134m▀[0m[38;2;141;138;134m[48;2;141;138;134m▀[0m[38;2;141;138;134m[48;2;141;138;134m▀[0m[38;2;101;98;95m[48;2;101;98;95m▀[0m[38;2;101;98;95m[48;2;144;141;137m▀[0m[38;2;141;138;134m[48;2;141;138;134m▀[0m[38;2;141;138;134m[48;2;141;138;134m▀[0m[38;2;144;141;137m[48;2;144;141;137m▀[0m[38;2;101;98;95m[48;2;101;98;95m▀[0m[38;2;102;99;96m[48;2;51;49;48m▀[0m[38;2;0;0;0m[48;2;0;0;0m▀[0m   
 [38;2;0;0;0m▀[38;2;144;141;137m[48;2;0;0;0m▀[0m[38;2;144;141;137m[48;2;0;0;0m▀[0m[38;2;141;138;134m[48;2;141;138;134m▀[0m[38;2;119;172;223m[48;2;141;138;134m▀[0m[38;2;141;138;134m[48;2;141;138;134m▀[0m[38;2;141;138;134m[48;2;141;138;134m▀[0m[38;2;141;138;134m[48;2;141;138;134m▀[0m[38;2;141;138;134m[48;2;141;138;134m▀[0m[38;2;63;61;60m[48;2;136;133;129m▀[0m[38;2;63;61;60m[48;2;111;108;106m▀[0m[38;2;63;61;60m[48;2;101;98;95m▀[0m[38;2;63;61;60m[48;2;63;61;60m▀[0m[38;2;63;61;60m[48;2;63;61;60m▀[0m[38;2;144;141;137m[48;2;144;141;137m▀[0m[38;2;144;141;137m[48;2;144;141;137m▀[0m[38;2;131;128;125m[48;2;144;141;137m▀[0m[38;2;141;138;134m[48;2;141;138;134m▀[0m[38;2;141;138;134m[48;2;141;138;134m▀[0m[38;2;141;138;134m[48;2;141;138;134m▀[0m[38;2;141;138;134m[48;2;141;138;134m▀[0m[38;2;131;128;125m[48;2;144;141;137m▀[0m[38;2;144;141;137m[48;2;144;141;137m▀[0m[38;2;144;141;137m[48;2;101;98;95m▀[0m[38;2;101;98;95m[48;2;101;98;95m▀[0m[38;2;63;61;60m[48;2;63;61;60m▀[0m[38;2;101;98;95m[48;2;101;98;95m▀[0m[38;2;0;0;0m[48;2;101;98;95m▀[0m[38;2;0;0;0m▄ 
    [38;2;0;0;0m▀[38;2;0;0;0m▀[38;2;144;141;137m[48;2;0;0;0m▀[0m[38;2;144;141;137m[48;2;144;141;137m▀[0m[38;2;141;138;134m[48;2;141;138;134m▀[0m[38;2;141;138;134m[48;2;119;172;223m▀[0m[38;2;141;138;134m[48;2;141;138;134m▀[0m[38;2;141;138;134m[48;2;141;138;134m▀[0m[38;2;141;138;134m[48;2;141;138;134m▀[0m[38;2;141;138;134m[48;2;141;138;134m▀[0m[38;2;141;138;134m[48;2;141;138;134m▀[0m[38;2;141;138;134m[48;2;141;138;134m▀[0m[38;2;141;138;134m[48;2;141;138;134m▀[0m[38;2;141;138;134m[48;2;141;138;134m▀[0m[38;2;144;141;137m[48;2;144;141;137m▀[0m[38;2;144;141;137m[48;2;131;128;125m▀[0m[38;2;141;138;134m[48;2;141;138;134m▀[0m[38;2;141;138;134m[48;2;141;138;134m▀[0m[38;2;141;138;134m[48;2;141;138;134m▀[0m[38;2;141;138;134m[48;2;141;138;134m▀[0m[38;2;101;98;95m[48;2;101;98;95m▀[0m[38;2;101;98;95m[48;2;101;98;95m▀[0m[38;2;101;98;95m[48;2;101;98;95m▀[0m[38;2;63;61;60m[48;2;101;98;95m▀[0m[38;2;101;98;95m[48;2;101;98;95m▀[0m[38;2;0;0;0m[48;2;0;0;0m▀[0m 
      [38;2;0;0;0m▀[38;2;144;141;137m[48;2;0;0;0m▀[0m[38;2;144;141;137m[48;2;0;0;0m▀[0m[38;2;144;141;137m[48;2;144;141;137m▀[0m[38;2;119;172;223m[48;2;141;138;134m▀[0m[38;2;141;138;134m[48;2;141;138;134m▀[0m[38;2;119;172;223m[48;2;141;138;134m▀[0m[38;2;141;138;134m[48;2;141;138;134m▀[0m[38;2;141;138;134m[48;2;141;138;134m▀[0m[38;2;141;138;134m[48;2;141;138;134m▀[0m[38;2;141;138;134m[48;2;141;138;134m▀[0m[38;2;141;138;134m[48;2;141;138;134m▀[0m[38;2;141;138;134m[48;2;141;138;134m▀[0m[38;2;141;138;134m[48;2;119;172;223m▀[0m[38;2;141;138;134m[48;2;141;138;134m▀[0m[38;2;141;138;134m[48;2;141;138;134m▀[0m[38;2;141;138;134m[48;2;141;138;134m▀[0m[38;2;141;138;134m[48;2;141;138;134m▀[0m[38;2;144;141;137m[48;2;144;141;137m▀[0m[38;2;95;93;91m[48;2;0;0;0m▀[0m[38;2;101;98;95m[48;2;0;0;0m▀[0m[38;2;101;98;95m[48;2;0;0;0m▀[0m[38;2;0;0;0m▀  
         [38;2;0;0;0m▀[38;2;0;0;0m▀[38;2;0;0;0m▀[38;2;0;0;0m▀[38;2;0;0;0m▀[38;2;0;0;0m▀[38;2;0;0;0m▀[38;2;144;141;137m[48;2;0;0;0m▀[0m[38;2;144;141;137m[48;2;0;0;0m▀[0m[38;2;144;141;137m[48;2;0;0;0m▀[0m[38;2;144;141;137m[48;2;144;141;137m▀[0m[38;2;141;138;134m[48;2;141;138;134m▀[0m[38;2;119;172;223m[48;2;141;138;134m▀[0m[38;2;144;141;137m[48;2;0;0;0m▀[0m[38;2;0;0;0m▀[38;2;0;0;0m▀      
                       [38;2;0;0;0m▀[38;2;0;0;0m▀[38;2;0;0;0m▀             
                                     [0m                                     