     [38;2;0;0;0m▄[38;2;0;0;0m▄[38;2;0;0;0m[48;2;97;255;240m▀[0m[38;2;0;0;0m[48;2;97;255;240m▀[0m[38;2;0;0;0m▄[38;2;0;0;0m[48;2;97;255;240m▀[0m[38;2;0;0;0m[48;2;97;255;240m▀[0m[38;2;0;0;0m▄[38;2;0;0;0m▄         
    [38;2;0;0;0m[48;2;0;0;0m▀[0m[38;2;97;255;240m[48;2;97;255;240m▀[0m[38;2;97;255;240m[48;2;60;195;168m▀[0m[38;2;54;146;127m[48;2;97;255;240m▀[0m[38;2;60;195;168m[48;2;97;255;240m▀[0m[38;2;60;195;168m[48;2;60;195;168m▀[0m[38;2;97;255;240m[48;2;60;195;168m▀[0m[38;2;60;195;168m[48;2;60;195;168m▀[0m[38;2;97;255;240m[48;2;60;195;168m▀[0m[38;2;97;255;240m[48;2;97;255;240m▀[0m[38;2;0;0;0m[48;2;97;255;240m▀[0m[38;2;0;0;0m▄       
     [38;2;0;0;0m▀[38;2;65;65;65m[48;2;0;0;0m▀[0m[38;2;97;255;240m[48;2;65;65;65m▀[0m[38;2;97;255;240m[48;2;54;146;127m▀[0m[38;2;54;146;127m[48;2;65;65;65m▀[0m[38;2;97;255;240m[48;2;97;255;240m▀[0m[38;2;97;255;240m[48;2;97;255;240m▀[0m[38;2;54;146;127m[48;2;65;65;65m▀[0m[38;2;97;255;240m[48;2;0;0;0m▀[0m[38;2;97;255;240m[48;2;0;0;0m▀[0m[38;2;0;0;0m▀       
 [38;2;0;0;0m▄[38;2;0;0;0m[48;2;97;255;240m▀[0m[38;2;0;0;0m[48;2;97;255;240m▀[0m[38;2;0;0;0m▄[38;2;0;0;0m[48;2;97;255;240m▀[0m[38;2;60;195;168m[48;2;97;255;240m▀[0m[38;2;54;146;127m[48;2;97;255;240m▀[0m[38;2;60;195;168m[48;2;97;255;240m▀[0m[38;2;60;195;168m[48;2;60;195;168m▀[0m[38;2;65;65;65m[48;2;54;146;127m▀[0m[38;2;65;65;65m[48;2;60;195;168m▀[0m[38;2;0;0;0m[48;2;60;195;168m▀[0m[38;2;0;0;0m▄         
 [38;2;0;0;0m[48;2;0;0;0m▀[0m[38;2;189;222;255m[48;2;189;222;255m▀[0m[38;2;65;65;65m[48;2;54;146;127m▀[0m[38;2;97;255;240m[48;2;255;255;255m▀[0m[38;2;97;255;240m[48;2;97;255;240m▀[0m[38;2;97;255;240m[48;2;97;255;240m▀[0m[38;2;97;255;240m[48;2;97;255;240m▀[0m[38;2;97;255;240m[48;2;97;255;240m▀[0m[38;2;97;255;240m[48;2;97;255;240m▀[0m[38;2;97;255;240m[48;2;97;255;240m▀[0m[38;2;97;255;240m[48;2;97;255;240m▀[0m[38;2;97;255;240m[48;2;97;255;240m▀[0m[38;2;97;255;240m[48;2;65;65;65m▀[0m[38;2;0;0;0m[48;2;0;0;0m▀[0m[38;2;0;0;0m▄       
 [38;2;0;0;0m▀[38;2;65;65;65m[48;2;0;0;0m▀[0m[38;2;60;195;168m[48;2;209;176;96m▀[0m[38;2;65;65;65m[48;2;255;255;255m▀[0m[38;2;97;255;240m[48;2;255;232;149m▀[0m[38;2;255;232;149m[48;2;255;232;149m▀[0m[38;2;97;255;240m[48;2;97;255;240m▀[0m[38;2;255;255;255m[48;2;65;65;65m▀[0m[38;2;255;255;255m[48;2;189;189;181m▀[0m[38;2;97;255;240m[48;2;97;255;240m▀[0m[38;2;97;255;240m[48;2;60;195;168m▀[0m[38;2;54;146;127m[48;2;97;255;240m▀[0m[38;2;97;255;240m[48;2;189;222;255m▀[0m[38;2;97;255;240m[48;2;189;222;255m▀[0m[38;2;97;255;240m[48;2;97;255;240m▀[0m[38;2;0;0;0m[48;2;0;0;0m▀[0m      
   [38;2;0;0;0m▀[38;2;255;232;149m[48;2;0;0;0m▀[0m[38;2;209;176;96m[48;2;238;209;114m▀[0m[38;2;255;232;149m[48;2;255;232;149m▀[0m[38;2;255;232;149m[48;2;209;176;96m▀[0m[38;2;255;255;255m[48;2;255;232;149m▀[0m[38;2;132;132;115m[48;2;255;232;149m▀[0m[38;2;255;232;149m[48;2;238;209;114m▀[0m[38;2;97;255;240m[48;2;60;195;168m▀[0m[38;2;189;222;255m[48;2;189;222;255m▀[0m[38;2;189;222;255m[48;2;97;255;240m▀[0m[38;2;189;222;255m[48;2;60;195;168m▀[0m[38;2;60;195;168m[48;2;0;0;0m▀[0m[38;2;0;0;0m▀      
     [38;2;0;0;0m[48;2;0;0;0m▀[0m[38;2;65;65;65m[48;2;238;209;114m▀[0m[38;2;238;209;114m[48;2;54;146;127m▀[0m[38;2;238;209;114m[48;2;65;65;65m▀[0m[38;2;209;176;96m[48;2;65;65;65m▀[0m[38;2;65;65;65m[48;2;54;146;127m▀[0m[38;2;65;65;65m[48;2;60;195;168m▀[0m[38;2;54;146;127m[48;2;238;209;114m▀[0m[38;2;65;65;65m[48;2;209;176;96m▀[0m[38;2;0;0;0m[48;2;65;65;65m▀[0m[38;2;0;0;0m▄ [38;2;0;0;0m▄[38;2;0;0;0m▄[38;2;0;0;0m[48;2;60;195;168m▀[0m[38;2;0;0;0m[48;2;0;0;0m▀[0m  
      [38;2;0;0;0m▀[38;2;0;0;0m▀[38;2;54;146;127m[48;2;0;0;0m▀[0m[38;2;60;195;168m[48;2;209;176;96m▀[0m[38;2;60;195;168m[48;2;238;209;114m▀[0m[38;2;209;176;96m[48;2;238;209;114m▀[0m[38;2;65;65;65m[48;2;209;176;96m▀[0m[38;2;238;209;114m[48;2;65;65;65m▀[0m[38;2;255;232;149m[48;2;255;232;149m▀[0m[38;2;255;232;149m[48;2;65;65;65m▀[0m[38;2;0;0;0m[48;2;209;176;96m▀[0m[38;2;54;146;127m[48;2;0;0;0m▀[0m[38;2;60;195;168m[48;2;0;0;0m▀[0m[38;2;60;195;168m[48;2;60;195;168m▀[0m[38;2;60;195;168m[48;2;0;0;0m▀[0m[38;2;0;0;0m[48;2;0;0;0m▀[0m 
       [38;2;0;0;0m▀[38;2;209;176;96m[48;2;0;0;0m▀[0m[38;2;149;122;52m[48;2;0;0;0m▀[0m[38;2;0;0;0m▀[38;2;149;122;52m[48;2;0;0;0m▀[0m[38;2;209;176;96m[48;2;238;209;114m▀[0m[38;2;238;209;114m[48;2;238;209;114m▀[0m[38;2;0;0;0m[48;2;0;0;0m▀[0m[38;2;0;0;0m▀[38;2;0;0;0m▀  [38;2;0;0;0m▀[38;2;0;0;0m▀  
                          [38;2;0;0;0m▀[38;2;0;0;0m▀                        
                                     [0m                                     