          [38;2;0;0;0m▄[38;2;0;0;0m[48;2;255;115;155m▀[0m[38;2;0;0;0m[48;2;255;115;155m▀[0m[38;2;0;0;0m[48;2;247;214;74m▀[0m[38;2;0;0;0m▄         
         [38;2;0;0;0m[48;2;0;0;0m▀[0m[38;2;189;165;66m[48;2;158;64;85m▀[0m[38;2;247;214;74m[48;2;201;86;103m▀[0m[38;2;255;115;155m[48;2;201;86;103m▀[0m[38;2;255;115;155m[48;2;189;165;66m▀[0m[38;2;255;115;155m[48;2;158;64;85m▀[0m[38;2;0;0;0m[48;2;0;0;0m▀[0m        
         [38;2;0;0;0m▀[38;2;65;65;65m[48;2;0;0;0m▀[0m[38;2;158;64;85m[48;2;65;65;65m▀[0m[38;2;158;64;85m[48;2;189;165;66m▀[0m[38;2;158;64;85m[48;2;65;65;65m▀[0m[38;2;65;65;65m[48;2;255;111;33m▀[0m[38;2;0;0;0m[48;2;255;111;33m▀[0m[38;2;0;0;0m[48;2;255;111;33m▀[0m[38;2;0;0;0m▄[38;2;0;0;0m[48;2;255;115;155m▀[0m[38;2;0;0;0m[48;2;247;214;74m▀[0m[38;2;0;0;0m[48;2;189;165;66m▀[0m[38;2;0;0;0m▄  
      [38;2;0;0;0m▄[38;2;0;0;0m▄[38;2;0;0;0m[48;2;208;87;70m▀[0m[38;2;0;0;0m[48;2;255;111;33m▀[0m[38;2;0;0;0m[48;2;255;111;33m▀[0m[38;2;255;111;33m[48;2;65;65;65m▀[0m[38;2;255;111;33m[48;2;65;65;65m▀[0m[38;2;208;87;70m[48;2;255;111;33m▀[0m[38;2;208;87;70m[48;2;255;111;33m▀[0m[38;2;255;111;33m[48;2;208;87;70m▀[0m[38;2;65;65;65m[48;2;65;65;65m▀[0m[38;2;255;115;155m[48;2;189;165;66m▀[0m[38;2;255;115;155m[48;2;189;165;66m▀[0m[38;2;255;115;155m[48;2;201;86;103m▀[0m[38;2;247;214;74m[48;2;201;86;103m▀[0m[38;2;189;165;66m[48;2;158;64;85m▀[0m[38;2;0;0;0m[48;2;0;0;0m▀[0m 
   [38;2;0;0;0m▄[38;2;0;0;0m▄[38;2;0;0;0m[48;2;65;65;65m▀[0m[38;2;0;0;0m[48;2;189;189;189m▀[0m[38;2;255;255;255m[48;2;208;87;70m▀[0m[38;2;208;87;70m[48;2;255;111;33m▀[0m[38;2;255;111;33m[48;2;255;111;33m▀[0m[38;2;255;111;33m[48;2;255;111;33m▀[0m[38;2;255;111;33m[48;2;208;87;70m▀[0m[38;2;255;111;33m[48;2;189;189;189m▀[0m[38;2;65;65;65m[48;2;189;189;189m▀[0m[38;2;255;111;33m[48;2;65;65;65m▀[0m[38;2;255;111;33m[48;2;208;87;70m▀[0m[38;2;208;87;70m[48;2;255;111;33m▀[0m[38;2;65;65;65m[48;2;208;87;70m▀[0m[38;2;158;64;85m[48;2;65;65;65m▀[0m[38;2;158;64;85m[48;2;65;65;65m▀[0m[38;2;158;64;85m[48;2;0;0;0m▀[0m[38;2;65;65;65m[48;2;0;0;0m▀[0m[38;2;0;0;0m▀ 
 [38;2;0;0;0m▄[38;2;0;0;0m[48;2;208;87;70m▀[0m[38;2;208;87;70m[48;2;208;87;70m▀[0m[38;2;208;87;70m[48;2;208;87;70m▀[0m[38;2;65;65;65m[48;2;208;87;70m▀[0m[38;2;208;87;70m[48;2;65;65;65m▀[0m[38;2;208;87;70m[48;2;184;62;46m▀[0m[38;2;184;62;46m[48;2;255;111;33m▀[0m[38;2;184;62;46m[48;2;255;111;33m▀[0m[38;2;208;87;70m[48;2;184;62;46m▀[0m[38;2;189;189;189m[48;2;189;189;189m▀[0m[38;2;255;255;255m[48;2;0;0;0m▀[0m[38;2;0;0;0m[48;2;0;0;0m▀[0m[38;2;255;255;255m[48;2;255;255;255m▀[0m[38;2;65;65;65m[48;2;65;65;65m▀[0m[38;2;208;87;70m[48;2;65;65;65m▀[0m[38;2;65;65;65m[48;2;255;111;33m▀[0m[38;2;208;87;70m[48;2;65;65;65m▀[0m[38;2;65;65;65m[48;2;65;65;65m▀[0m[38;2;0;0;0m[48;2;184;62;46m▀[0m[38;2;0;0;0m▄  
 [38;2;0;0;0m[48;2;0;0;0m▀[0m[38;2;65;65;65m[48;2;208;87;70m▀[0m[38;2;208;87;70m[48;2;65;65;65m▀[0m[38;2;208;87;70m[48;2;0;0;0m▀[0m[38;2;0;0;0m▀[38;2;0;0;0m▀[38;2;255;255;255m[48;2;0;0;0m▀[0m[38;2;65;65;65m[48;2;0;0;0m▀[0m[38;2;65;65;65m[48;2;65;65;65m▀[0m[38;2;65;65;65m[48;2;255;255;255m▀[0m[38;2;184;62;46m[48;2;208;87;70m▀[0m[38;2;255;255;255m[48;2;184;62;46m▀[0m[38;2;255;255;255m[48;2;65;65;65m▀[0m[38;2;65;65;65m[48;2;255;111;33m▀[0m[38;2;255;111;33m[48;2;255;111;33m▀[0m[38;2;255;111;33m[48;2;208;87;70m▀[0m[38;2;208;87;70m[48;2;208;87;70m▀[0m[38;2;65;65;65m[48;2;65;65;65m▀[0m[38;2;208;87;70m[48;2;184;62;46m▀[0m[38;2;65;65;65m[48;2;208;87;70m▀[0m[38;2;184;62;46m[48;2;0;0;0m▀[0m[38;2;0;0;0m[48;2;0;0;0m▀[0m 
 [38;2;0;0;0m▀[38;2;208;87;70m[48;2;0;0;0m▀[0m[38;2;0;0;0m▀     [38;2;0;0;0m▀[38;2;0;0;0m▀[38;2;0;0;0m▀[38;2;65;65;65m[48;2;0;0;0m▀[0m[38;2;208;87;70m[48;2;255;111;33m▀[0m[38;2;255;111;33m[48;2;255;111;33m▀[0m[38;2;255;111;33m[48;2;208;87;70m▀[0m[38;2;208;87;70m[48;2;208;87;70m▀[0m[38;2;208;87;70m[48;2;0;0;0m▀[0m[38;2;0;0;0m▀[38;2;0;0;0m▀[38;2;208;87;70m[48;2;0;0;0m▀[0m[38;2;0;0;0m[48;2;0;0;0m▀[0m  
            [38;2;0;0;0m[48;2;0;0;0m▀[0m[38;2;255;111;33m[48;2;65;65;65m▀[0m[38;2;65;65;65m[48;2;208;87;70m▀[0m[38;2;65;65;65m[48;2;65;65;65m▀[0m[38;2;208;87;70m[48;2;0;0;0m▀[0m[38;2;0;0;0m▀      
             [38;2;0;0;0m[48;2;0;0;0m▀[0m[38;2;208;87;70m[48;2;0;0;0m▀[0m[38;2;0;0;0m▀        
                                     [0m                                     