                  [38;2;0;0;0m▄[38;2;0;0;0m[48;2;71;135;104m▀[0m[38;2;0;0;0m▄  [38;2;0;0;0m▄                    
                  [38;2;0;0;0m[48;2;0;0;0m▀[0m[38;2;71;135;104m[48;2;71;135;104m▀[0m[38;2;0;0;0m[48;2;57;83;70m▀[0m[38;2;8;0;8m▄[38;2;0;0;0m[48;2;71;135;104m▀[0m[38;2;89;173;132m[48;2;85;175;131m▀[0m[38;2;0;0;0m[48;2;0;0;0m▀[0m        [38;2;0;0;0m▄[38;2;0;0;0m▄[38;2;0;0;0m[48;2;103;103;90m▀[0m[38;2;0;0;0m[48;2;101;103;90m▀[0m[38;2;0;0;0m[48;2;255;254;225m▀[0m[38;2;0;0;0m[48;2;255;254;225m▀[0m[38;2;0;0;0m[48;2;255;254;225m▀[0m[38;2;8;4;0m▄[38;2;8;4;0m▄  
                  [38;2;0;0;0m▀[38;2;71;135;104m[48;2;0;0;0m▀[0m[38;2;82;125;104m[48;2;76;129;103m▀[0m[38;2;57;83;70m[48;2;61;89;75m▀[0m[38;2;85;175;131m[48;2;89;177;134m▀[0m[38;2;85;175;131m[48;2;59;119;90m▀[0m[38;2;0;0;0m[48;2;0;0;0m▀[0m     [38;2;0;0;0m▄[38;2;0;0;0m[48;2;103;103;90m▀[0m[38;2;0;0;0m[48;2;104;103;93m▀[0m[38;2;103;103;90m[48;2;104;103;93m▀[0m[38;2;103;103;90m[48;2;103;103;90m▀[0m[38;2;103;103;90m[48;2;103;103;90m▀[0m[38;2;101;103;90m[48;2;99;99;94m▀[0m[38;2;101;103;90m[48;2;198;198;167m▀[0m[38;2;255;254;225m[48;2;200;194;167m▀[0m[38;2;255;254;225m[48;2;200;194;167m▀[0m[38;2;255;254;225m[48;2;198;194;160m▀[0m[38;2;90;87;85m[48;2;104;105;98m▀[0m[38;2;0;0;0m[48;2;0;0;0m▀[0m 
                 [38;2;0;0;0m▄[38;2;0;0;8m▄[38;2;0;0;0m[48;2;63;84;74m▀[0m[38;2;76;129;103m[48;2;75;126;101m▀[0m[38;2;80;176;130m[48;2;86;181;135m▀[0m[38;2;89;177;134m[48;2;71;135;104m▀[0m[38;2;0;4;0m[48;2;0;0;0m▀[0m     [38;2;0;0;0m[48;2;0;0;0m▀[0m[38;2;103;103;90m[48;2;104;103;93m▀[0m[38;2;103;103;90m[48;2;104;103;93m▀[0m[38;2;104;103;93m[48;2;103;103;90m▀[0m[38;2;104;103;93m[48;2;0;0;0m▀[0m[38;2;103;103;90m[48;2;0;0;0m▀[0m[38;2;0;0;0m▀[38;2;0;0;0m▀[38;2;0;0;0m▀[38;2;200;194;167m[48;2;0;0;0m▀[0m[38;2;200;194;167m[48;2;0;0;0m▀[0m[38;2;104;105;98m[48;2;0;0;0m▀[0m[38;2;57;60;57m[48;2;0;0;0m▀[0m[38;2;0;0;0m▀ 
          [38;2;0;0;0m▄[38;2;0;0;0m[48;2;255;254;225m▀[0m[38;2;0;4;0m▄[38;2;0;4;0m▄[38;2;0;0;0m[48;2;216;151;53m▀[0m[38;2;0;0;0m▄[38;2;0;0;0m[48;2;216;145;47m▀[0m[38;2;216;146;48m[48;2;216;145;47m▀[0m[38;2;216;145;47m[48;2;216;144;45m▀[0m[38;2;216;145;47m[48;2;216;144;45m▀[0m[38;2;66;73;57m[48;2;216;144;45m▀[0m[38;2;75;126;101m[48;2;179;100;16m▀[0m[38;2;0;0;0m[48;2;0;0;0m▀[0m  [38;2;0;0;0m▄[38;2;0;0;0m▄[38;2;0;0;0m[48;2;255;254;218m▀[0m[38;2;0;0;0m[48;2;255;254;225m▀[0m[38;2;103;103;90m[48;2;82;81;66m▀[0m[38;2;104;103;93m[48;2;85;85;85m▀[0m[38;2;104;103;93m[48;2;0;0;0m▀[0m[38;2;0;0;0m▀           
          [38;2;0;0;0m▀[38;2;255;254;225m[48;2;0;0;0m▀[0m[38;2;255;254;225m[48;2;255;254;225m▀[0m[38;2;170;170;150m[48;2;66;65;66m▀[0m[38;2;79;82;66m[48;2;216;144;45m▀[0m[38;2;216;151;53m[48;2;255;239;140m▀[0m[38;2;216;145;47m[48;2;216;144;45m▀[0m[38;2;255;239;140m[48;2;255;239;140m▀[0m[38;2;216;144;45m[48;2;216;144;45m▀[0m[38;2;216;144;45m[48;2;216;144;45m▀[0m[38;2;216;144;45m[48;2;216;144;45m▀[0m[38;2;216;144;45m[48;2;216;144;45m▀[0m[38;2;180;100;16m[48;2;161;86;10m▀[0m[38;2;0;0;0m[48;2;90;89;66m▀[0m[38;2;0;0;0m[48;2;255;254;225m▀[0m[38;2;255;254;225m[48;2;255;254;225m▀[0m[38;2;85;85;82m[48;2;198;194;167m▀[0m[38;2;85;85;82m[48;2;82;78;68m▀[0m[38;2;255;254;225m[48;2;255;254;225m▀[0m[38;2;255;254;225m[48;2;255;254;225m▀[0m[38;2;255;254;225m[48;2;255;254;225m▀[0m[38;2;255;254;225m[48;2;255;254;225m▀[0m[38;2;0;0;0m[48;2;255;254;225m▀[0m[38;2;0;0;0m▄          
          [38;2;0;0;0m[48;2;0;0;0m▀[0m[38;2;66;65;66m[48;2;255;254;225m▀[0m[38;2;192;190;169m[48;2;192;190;169m▀[0m[38;2;66;65;66m[48;2;66;65;66m▀[0m[38;2;216;144;45m[48;2;255;239;140m▀[0m[38;2;255;239;140m[48;2;255;254;225m▀[0m[38;2;255;239;140m[48;2;255;239;140m▀[0m[38;2;216;144;45m[48;2;216;144;45m▀[0m[38;2;216;144;45m[48;2;216;144;45m▀[0m[38;2;216;144;45m[48;2;216;144;45m▀[0m[38;2;216;144;45m[48;2;180;100;16m▀[0m[38;2;179;100;16m[48;2;180;100;16m▀[0m[38;2;90;89;66m[48;2;82;81;66m▀[0m[38;2;255;254;218m[48;2;255;254;225m▀[0m[38;2;255;254;225m[48;2;104;102;90m▀[0m[38;2;101;103;90m[48;2;198;194;167m▀[0m[38;2;198;194;167m[48;2;79;79;71m▀[0m[38;2;82;78;68m[48;2;26;101;182m▀[0m[38;2;255;254;225m[48;2;200;194;167m▀[0m[38;2;255;254;225m[48;2;200;194;167m▀[0m[38;2;255;254;225m[48;2;255;254;225m▀[0m[38;2;255;254;225m[48;2;255;254;225m▀[0m[38;2;255;254;225m[48;2;255;254;225m▀[0m[38;2;0;0;0m[48;2;0;0;0m▀[0m          
          [38;2;0;0;0m▄[38;2;0;0;0m[48;2;77;124;101m▀[0m[38;2;255;254;225m[48;2;198;194;167m▀[0m[38;2;192;190;169m[48;2;66;65;66m▀[0m[38;2;99;73;66m[48;2;222;178;123m▀[0m[38;2;255;254;225m[48;2;0;0;16m▀[0m[38;2;255;239;140m[48;2;79;79;71m▀[0m[38;2;216;144;45m[48;2;79;79;71m▀[0m[38;2;216;144;45m[48;2;79;68;51m▀[0m[38;2;179;100;16m[48;2;0;12;16m▀[0m[38;2;82;81;66m[48;2;205;184;99m▀[0m[38;2;82;81;66m[48;2;255;235;66m▀[0m[38;2;255;254;225m[48;2;255;254;225m▀[0m[38;2;255;254;225m[48;2;101;103;90m▀[0m[38;2;104;102;90m[48;2;198;194;160m▀[0m[38;2;198;194;167m[48;2;66;65;66m▀[0m[38;2;79;79;71m[48;2;26;102;185m▀[0m[38;2;26;101;182m[48;2;26;102;185m▀[0m[38;2;26;102;185m[48;2;26;102;185m▀[0m[38;2;26;102;185m[48;2;66;65;66m▀[0m[38;2;200;194;167m[48;2;57;56;57m▀[0m[38;2;255;254;225m[48;2;247;246;218m▀[0m[38;2;255;254;225m[48;2;255;254;225m▀[0m[38;2;0;0;0m[48;2;200;194;167m▀[0m[38;2;0;0;0m▄         
         [38;2;0;0;0m[48;2;0;0;0m▀[0m[38;2;30;108;190m[48;2;1;108;198m▀[0m[38;2;30;108;190m[48;2;1;108;198m▀[0m[38;2;66;65;66m[48;2;0;82;172m▀[0m[38;2;198;194;167m[48;2;66;65;66m▀[0m[38;2;111;89;69m[48;2;102;103;90m▀[0m[38;2;111;89;69m[48;2;102;103;90m▀[0m[38;2;101;102;93m[48;2;104;103;93m▀[0m[38;2;101;102;93m[48;2;104;103;93m▀[0m[38;2;79;68;51m[48;2;255;254;225m▀[0m[38;2;239;182;123m[48;2;90;89;82m▀[0m[38;2;255;235;66m[48;2;82;77;66m▀[0m[38;2;156;134;132m[48;2;255;254;225m▀[0m[38;2;255;254;225m[48;2;192;190;169m▀[0m[38;2;101;103;90m[48;2;66;65;66m▀[0m[38;2;66;65;66m[48;2;26;102;185m▀[0m[38;2;30;108;190m[48;2;26;102;185m▀[0m[38;2;26;102;185m[48;2;26;102;185m▀[0m[38;2;26;102;185m[48;2;26;102;185m▀[0m[38;2;26;102;185m[48;2;74;82;90m▀[0m[38;2;26;102;185m[48;2;74;82;90m▀[0m[38;2;14;133;223m[48;2;26;102;185m▀[0m[38;2;57;56;57m[48;2;26;102;185m▀[0m[38;2;200;194;167m[48;2;66;65;66m▀[0m[38;2;200;194;167m[48;2;198;194;167m▀[0m[38;2;198;194;167m[48;2;198;194;167m▀[0m[38;2;0;0;0m[48;2;0;0;0m▀[0m        
      [38;2;16;12;0m▄[38;2;0;0;0m[48;2;104;103;93m▀[0m[38;2;0;0;0m[48;2;104;103;93m▀[0m[38;2;104;103;93m[48;2;104;103;93m▀[0m[38;2;104;103;93m[48;2;104;103;93m▀[0m[38;2;1;108;198m[48;2;82;78;68m▀[0m[38;2;0;82;172m[48;2;74;73;66m▀[0m[38;2;66;65;66m[48;2;74;73;66m▀[0m[38;2;102;103;90m[48;2;66;65;66m▀[0m[38;2;82;81;66m[48;2;103;103;90m▀[0m[38;2;104;103;93m[48;2;107;101;90m▀[0m[38;2;104;103;93m[48;2;107;101;90m▀[0m[38;2;90;89;82m[48;2;82;78;68m▀[0m[38;2;255;254;225m[48;2;198;194;167m▀[0m[38;2;197;194;169m[48;2;200;194;167m▀[0m[38;2;197;194;169m[48;2;200;194;167m▀[0m[38;2;192;190;169m[48;2;255;254;225m▀[0m[38;2;255;254;225m[48;2;255;254;225m▀[0m[38;2;66;65;66m[48;2;255;254;225m▀[0m[38;2;26;102;185m[48;2;74;69;66m▀[0m[38;2;26;102;185m[48;2;26;102;185m▀[0m[38;2;74;82;90m[48;2;26;102;185m▀[0m[38;2;86;174;131m[48;2;75;79;83m▀[0m[38;2;86;174;131m[48;2;75;79;83m▀[0m[38;2;74;82;90m[48;2;89;173;132m▀[0m[38;2;26;102;185m[48;2;26;100;181m▀[0m[38;2;66;65;66m[48;2;26;105;187m▀[0m[38;2;198;194;167m[48;2;66;65;66m▀[0m[38;2;0;0;0m[48;2;0;0;0m▀[0m         
  [38;2;0;0;0m▄[38;2;0;0;0m[48;2;132;130;107m▀[0m[38;2;0;0;0m[48;2;82;79;68m▀[0m[38;2;0;0;0m[48;2;131;130;104m▀[0m[38;2;95;93;85m[48;2;131;130;104m▀[0m[38;2;95;93;85m[48;2;131;130;104m▀[0m[38;2;82;81;66m[48;2;131;130;104m▀[0m[38;2;104;103;93m[48;2;82;79;68m▀[0m[38;2;82;78;68m[48;2;82;78;68m▀[0m[38;2;82;78;68m[48;2;0;0;0m▀[0m[38;2;82;78;68m[48;2;0;0;0m▀[0m[38;2;82;78;68m[48;2;0;0;0m▀[0m[38;2;66;65;66m[48;2;66;65;63m▀[0m[38;2;66;65;66m[48;2;198;194;167m▀[0m[38;2;66;65;66m[48;2;82;85;82m▀[0m[38;2;79;77;74m[48;2;255;254;225m▀[0m[38;2;198;194;167m[48;2;255;254;225m▀[0m[38;2;198;194;167m[48;2;255;254;225m▀[0m[38;2;255;254;225m[48;2;255;254;225m▀[0m[38;2;255;254;225m[48;2;255;254;225m▀[0m[38;2;255;254;225m[48;2;74;71;68m▀[0m[38;2;66;65;66m[48;2;74;71;68m▀[0m[38;2;74;69;66m[48;2;82;78;68m▀[0m[38;2;74;69;66m[48;2;82;78;68m▀[0m[38;2;0;82;172m[48;2;66;65;66m▀[0m[38;2;26;102;185m[48;2;66;65;66m▀[0m[38;2;26;101;182m[48;2;26;101;182m▀[0m[38;2;26;101;182m[48;2;26;101;182m▀[0m[38;2;26;100;181m[48;2;53;84;69m▀[0m[38;2;90;73;74m[48;2;92;169;132m▀[0m[38;2;66;65;66m[48;2;0;0;0m▀[0m[38;2;79;78;74m[48;2;82;79;70m▀[0m[38;2;82;79;70m[48;2;82;79;68m▀[0m[38;2;0;0;0m[48;2;82;79;68m▀[0m[38;2;0;0;0m▄       
 [38;2;0;0;0m[48;2;0;0;0m▀[0m[38;2;132;130;107m[48;2;148;154;115m▀[0m[38;2;88;86;71m[48;2;74;77;57m▀[0m[38;2;131;130;104m[48;2;82;81;66m▀[0m[38;2;131;130;104m[48;2;82;81;66m▀[0m[38;2;82;79;68m[48;2;216;144;45m▀[0m[38;2;82;79;68m[48;2;82;81;66m▀[0m[38;2;131;130;104m[48;2;88;83;71m▀[0m[38;2;131;130;104m[48;2;132;125;107m▀[0m[38;2;0;0;0m[48;2;0;0;0m▀[0m  [38;2;0;0;0m▄[38;2;0;0;0m[48;2;74;71;68m▀[0m[38;2;66;65;63m[48;2;74;71;68m▀[0m[38;2;82;85;82m[48;2;82;79;70m▀[0m[38;2;255;254;225m[48;2;0;0;0m▀[0m[38;2;255;254;225m[48;2;255;254;225m▀[0m[38;2;66;65;66m[48;2;0;0;0m▀[0m[38;2;255;254;225m[48;2;255;254;225m▀[0m[38;2;66;65;66m[48;2;0;0;0m▀[0m[38;2;0;0;0m▀[38;2;0;0;0m▀[38;2;66;65;66m[48;2;0;0;0m▀[0m[38;2;66;65;66m[48;2;82;78;68m▀[0m[38;2;82;78;68m[48;2;82;78;68m▀[0m[38;2;82;78;68m[48;2;82;78;68m▀[0m[38;2;79;79;71m[48;2;82;78;68m▀[0m[38;2;79;79;71m[48;2;82;78;68m▀[0m[38;2;92;169;132m[48;2;101;103;90m▀[0m[38;2;16;0;0m[48;2;66;65;63m▀[0m[38;2;0;0;0m▄[38;2;0;0;0m[48;2;77;74;68m▀[0m[38;2;82;79;68m[48;2;82;78;68m▀[0m[38;2;82;79;68m[48;2;82;78;68m▀[0m[38;2;82;79;70m[48;2;82;79;68m▀[0m[38;2;0;0;0m[48;2;0;0;0m▀[0m      
 [38;2;0;0;0m▄[38;2;0;0;0m[48;2;216;144;45m▀[0m[38;2;216;139;40m[48;2;216;147;48m▀[0m[38;2;216;147;48m[48;2;216;147;48m▀[0m[38;2;216;147;48m[48;2;216;144;45m▀[0m[38;2;216;144;45m[48;2;216;144;45m▀[0m[38;2;216;144;45m[48;2;216;144;45m▀[0m[38;2;88;83;71m[48;2;179;100;16m▀[0m[38;2;0;0;0m[48;2;179;100;16m▀[0m[38;2;0;0;0m▄   [38;2;0;0;0m▀[38;2;0;0;0m▀[38;2;0;0;0m▀ [38;2;0;0;0m▀ [38;2;0;0;0m▀  [38;2;0;0;0m▄[38;2;0;0;0m[48;2;104;103;93m▀[0m[38;2;82;78;68m[48;2;104;103;93m▀[0m[38;2;82;78;68m[48;2;82;78;68m▀[0m[38;2;82;78;68m[48;2;82;78;68m▀[0m[38;2;82;78;68m[48;2;82;78;68m▀[0m[38;2;101;103;90m[48;2;0;0;0m▀[0m[38;2;0;0;0m▀[38;2;0;0;0m▀[38;2;77;74;68m[48;2;0;0;0m▀[0m[38;2;77;74;68m[48;2;0;0;0m▀[0m[38;2;82;78;68m[48;2;0;0;0m▀[0m[38;2;66;65;66m[48;2;0;0;0m▀[0m[38;2;82;79;68m[48;2;0;0;0m▀[0m[38;2;0;0;0m▀      
 [38;2;0;0;0m[48;2;0;0;0m▀[0m[38;2;216;144;45m[48;2;216;144;45m▀[0m[38;2;216;144;45m[48;2;216;144;45m▀[0m[38;2;216;144;45m[48;2;216;144;45m▀[0m[38;2;216;144;45m[48;2;216;144;45m▀[0m[38;2;216;144;45m[48;2;216;144;45m▀[0m[38;2;216;144;45m[48;2;179;100;16m▀[0m[38;2;179;100;16m[48;2;180;100;16m▀[0m[38;2;179;100;16m[48;2;180;100;16m▀[0m[38;2;0;0;0m[48;2;0;0;0m▀[0m           [38;2;0;0;0m[48;2;0;0;0m▀[0m[38;2;103;103;90m[48;2;103;103;90m▀[0m[38;2;104;103;93m[48;2;66;67;60m▀[0m[38;2;104;103;93m[48;2;99;101;90m▀[0m[38;2;101;103;90m[48;2;66;65;66m▀[0m[38;2;101;103;90m[48;2;103;103;90m▀[0m[38;2;0;0;0m[48;2;0;0;0m▀[0m               
  [38;2;0;0;0m▀[38;2;216;144;45m[48;2;0;0;0m▀[0m[38;2;216;144;45m[48;2;180;100;16m▀[0m[38;2;216;144;45m[48;2;180;100;16m▀[0m[38;2;179;100;16m[48;2;180;100;16m▀[0m[38;2;179;100;16m[48;2;180;100;16m▀[0m[38;2;180;100;16m[48;2;0;0;0m▀[0m[38;2;0;0;0m▀             [38;2;0;0;0m▀[38;2;0;0;0m▀[38;2;99;101;90m[48;2;0;0;0m▀[0m[38;2;66;65;66m[48;2;0;0;0m▀[0m[38;2;103;103;90m[48;2;0;0;0m▀[0m[38;2;103;103;90m[48;2;0;0;0m▀[0m[38;2;0;0;0m▀              
    [38;2;0;0;0m▀[38;2;0;0;0m▀[38;2;0;0;0m▀[38;2;0;0;0m▀                                    
                                     [0m                                     