   [38;2;0;0;0m▄[38;2;0;0;0m[48;2;255;255;255m▀[0m[38;2;0;0;0m▄[38;2;0;0;0m▄[38;2;0;0;0m[48;2;60;96;203m▀[0m[38;2;0;0;0m[48;2;60;96;203m▀[0m[38;2;0;0;0m[48;2;60;96;203m▀[0m[38;2;0;0;0m▄[38;2;0;0;0m▄    
  [38;2;0;0;0m▄[38;2;0;0;0m[48;2;255;255;255m▀[0m[38;2;255;255;255m[48;2;189;189;189m▀[0m[38;2;65;65;65m[48;2;65;65;65m▀[0m[38;2;132;182;255m[48;2;60;96;203m▀[0m[38;2;132;182;255m[48;2;60;96;203m▀[0m[38;2;60;96;203m[48;2;60;96;203m▀[0m[38;2;60;96;203m[48;2;60;96;203m▀[0m[38;2;60;96;203m[48;2;60;96;203m▀[0m[38;2;60;96;203m[48;2;60;96;203m▀[0m[38;2;0;0;0m[48;2;60;96;203m▀[0m[38;2;0;0;0m▄  
  [38;2;0;0;0m[48;2;0;0;0m▀[0m[38;2;255;255;255m[48;2;255;255;255m▀[0m[38;2;189;189;189m[48;2;189;189;189m▀[0m[38;2;189;189;189m[48;2;189;189;189m▀[0m[38;2;65;65;65m[48;2;189;189;189m▀[0m[38;2;60;96;203m[48;2;58;78;140m▀[0m[38;2;60;96;203m[48;2;60;96;203m▀[0m[38;2;60;96;203m[48;2;60;96;203m▀[0m[38;2;60;96;203m[48;2;60;96;203m▀[0m[38;2;60;96;203m[48;2;58;78;140m▀[0m[38;2;60;96;203m[48;2;58;78;140m▀[0m[38;2;0;0;0m[48;2;107;107;107m▀[0m[38;2;0;0;0m▄ 
 [38;2;0;0;0m[48;2;0;0;0m▀[0m[38;2;107;107;107m[48;2;107;107;107m▀[0m[38;2;255;255;255m[48;2;107;107;107m▀[0m[38;2;189;189;189m[48;2;255;255;255m▀[0m[38;2;189;189;189m[48;2;189;189;189m▀[0m[38;2;189;189;189m[48;2;107;107;107m▀[0m[38;2;65;65;65m[48;2;107;107;107m▀[0m[38;2;58;78;140m[48;2;107;107;107m▀[0m[38;2;58;78;140m[48;2;107;107;107m▀[0m[38;2;58;78;140m[48;2;107;107;107m▀[0m[38;2;107;107;107m[48;2;107;107;107m▀[0m[38;2;107;107;107m[48;2;107;107;107m▀[0m[38;2;107;107;107m[48;2;107;107;107m▀[0m[38;2;0;0;0m[48;2;0;0;0m▀[0m 
 [38;2;0;0;0m▀[38;2;0;0;0m▀[38;2;65;65;65m[48;2;0;0;0m▀[0m[38;2;107;107;107m[48;2;65;65;65m▀[0m[38;2;107;107;107m[48;2;189;189;189m▀[0m[38;2;107;107;107m[48;2;189;189;189m▀[0m[38;2;239;148;49m[48;2;107;107;107m▀[0m[38;2;0;0;0m[48;2;239;148;49m▀[0m[38;2;239;148;49m[48;2;206;115;25m▀[0m[38;2;65;65;65m[48;2;107;107;107m▀[0m[38;2;65;65;65m[48;2;107;107;107m▀[0m[38;2;107;107;107m[48;2;0;0;0m▀[0m[38;2;107;107;107m[48;2;0;0;0m▀[0m[38;2;0;0;0m[48;2;0;0;0m▀[0m 
 [38;2;0;0;0m▄[38;2;0;0;0m[48;2;189;189;189m▀[0m[38;2;60;96;203m[48;2;60;96;203m▀[0m[38;2;60;96;203m[48;2;65;65;65m▀[0m[38;2;65;65;65m[48;2;107;107;107m▀[0m[38;2;65;65;65m[48;2;65;65;65m▀[0m[38;2;65;65;65m[48;2;107;107;107m▀[0m[38;2;65;65;65m[48;2;107;107;107m▀[0m[38;2;65;65;65m[48;2;65;65;65m▀[0m[38;2;65;65;65m[48;2;107;107;107m▀[0m[38;2;0;0;0m[48;2;60;96;203m▀[0m[38;2;0;0;0m▄   
 [38;2;0;0;0m▀[38;2;255;255;255m[48;2;0;0;0m▀[0m[38;2;0;0;0m▀[38;2;0;0;0m▀[38;2;255;255;255m[48;2;0;0;0m▀[0m[38;2;132;132;132m[48;2;65;65;65m▀[0m[38;2;65;65;65m[48;2;65;65;65m▀[0m[38;2;65;65;65m[48;2;255;255;255m▀[0m[38;2;189;189;189m[48;2;255;255;255m▀[0m[38;2;255;255;255m[48;2;132;132;132m▀[0m[38;2;58;78;140m[48;2;58;78;140m▀[0m[38;2;60;96;203m[48;2;60;96;203m▀[0m[38;2;0;0;0m[48;2;60;96;203m▀[0m[38;2;0;0;0m▄ 
    [38;2;0;0;0m[48;2;0;0;0m▀[0m[38;2;255;255;255m[48;2;58;78;140m▀[0m[38;2;132;132;132m[48;2;65;65;65m▀[0m[38;2;65;65;65m[48;2;65;65;65m▀[0m[38;2;65;65;65m[48;2;255;255;255m▀[0m[38;2;65;65;65m[48;2;255;255;255m▀[0m[38;2;255;255;255m[48;2;65;65;65m▀[0m[38;2;65;65;65m[48;2;65;65;65m▀[0m[38;2;60;96;203m[48;2;0;0;0m▀[0m[38;2;189;189;189m[48;2;255;255;255m▀[0m[38;2;0;0;0m[48;2;0;0;0m▀[0m 
   [38;2;0;0;0m▀[38;2;189;189;189m[48;2;0;0;0m▀[0m[38;2;60;96;203m[48;2;0;0;0m▀[0m[38;2;189;189;189m[48;2;0;0;0m▀[0m[38;2;0;0;0m▀[38;2;0;0;0m▀[38;2;65;65;65m[48;2;0;0;0m▀[0m[38;2;58;78;140m[48;2;58;78;140m▀[0m[38;2;0;0;0m[48;2;58;78;140m▀[0m[38;2;0;0;0m▄[38;2;0;0;0m▀  
         [38;2;0;0;0m▀[38;2;189;189;189m[48;2;0;0;0m▀[0m[38;2;60;96;203m[48;2;0;0;0m▀[0m[38;2;189;189;189m[48;2;0;0;0m▀[0m[38;2;0;0;0m▀  
                                     [0m                                     