           [38;2;0;0;0m▄[38;2;0;0;0m▄[38;2;0;0;0m[48;2;62;250;110m▀[0m[38;2;0;0;0m[48;2;62;250;110m▀[0m[38;2;0;0;0m[48;2;62;250;110m▀[0m[38;2;0;0;0m[48;2;62;250;110m▀[0m[38;2;0;0;0m[48;2;62;250;110m▀[0m[38;2;0;0;0m▄[38;2;0;0;0m▄                
         [38;2;0;0;0m▄[38;2;0;0;0m[48;2;17;221;62m▀[0m[38;2;62;250;112m[48;2;62;250;112m▀[0m[38;2;62;250;112m[48;2;62;250;112m▀[0m[38;2;62;250;112m[48;2;62;250;112m▀[0m[38;2;62;250;112m[48;2;62;250;112m▀[0m[38;2;62;250;112m[48;2;62;250;112m▀[0m[38;2;62;250;112m[48;2;62;250;112m▀[0m[38;2;61;251;111m[48;2;61;251;111m▀[0m[38;2;61;251;111m[48;2;16;221;66m▀[0m[38;2;83;255;128m[48;2;32;194;72m▀[0m[38;2;0;8;8m[48;2;32;194;72m▀[0m[38;2;0;0;0m[48;2;17;221;62m▀[0m[38;2;0;0;0m▄             
         [38;2;0;0;0m▀[38;2;67;255;113m[48;2;0;0;0m▀[0m[38;2;16;221;66m[48;2;16;221;66m▀[0m[38;2;61;251;111m[48;2;61;251;111m▀[0m[38;2;62;250;112m[48;2;62;250;112m▀[0m[38;2;62;250;112m[48;2;62;250;112m▀[0m[38;2;84;236;117m[48;2;4;225;56m▀[0m[38;2;4;225;56m[48;2;247;255;255m▀[0m[38;2;17;221;62m[48;2;255;255;255m▀[0m[38;2;255;255;255m[48;2;255;255;255m▀[0m[38;2;255;255;255m[48;2;255;255;255m▀[0m[38;2;255;255;255m[48;2;255;255;255m▀[0m[38;2;255;255;255m[48;2;255;255;255m▀[0m[38;2;17;221;62m[48;2;255;255;255m▀[0m[38;2;0;0;0m[48;2;0;0;0m▀[0m            
           [38;2;8;0;0m[48;2;8;0;0m▀[0m[38;2;74;247;123m[48;2;43;58;68m▀[0m[38;2;84;236;117m[48;2;4;225;56m▀[0m[38;2;4;225;56m[48;2;247;255;255m▀[0m[38;2;255;255;255m[48;2;170;170;170m▀[0m[38;2;170;170;170m[48;2;0;0;0m▀[0m[38;2;170;170;170m[48;2;0;0;0m▀[0m[38;2;170;170;170m[48;2;255;255;255m▀[0m[38;2;255;255;255m[48;2;168;170;168m▀[0m[38;2;255;255;255m[48;2;255;255;255m▀[0m[38;2;255;255;255m[48;2;0;0;0m▀[0m[38;2;0;0;0m▀             
       [38;2;0;0;0m▄[38;2;0;0;0m▄[38;2;0;0;0m[48;2;255;220;82m▀[0m[38;2;0;0;0m[48;2;255;220;82m▀[0m[38;2;66;65;66m[48;2;255;220;82m▀[0m[38;2;255;220;82m[48;2;255;220;82m▀[0m[38;2;74;69;49m[48;2;213;206;168m▀[0m[38;2;243;251;251m[48;2;74;69;49m▀[0m[38;2;154;160;159m[48;2;231;239;239m▀[0m[38;2;231;239;239m[48;2;0;4;0m▀[0m[38;2;239;243;239m[48;2;0;0;0m▀[0m[38;2;239;243;239m[48;2;239;243;239m▀[0m[38;2;170;170;170m[48;2;255;255;255m▀[0m[38;2;255;255;255m[48;2;0;0;0m▀[0m[38;2;0;0;0m▀              
   [38;2;0;0;0m▄[38;2;0;0;0m[48;2;255;220;82m▀[0m[38;2;0;0;0m[48;2;255;220;82m▀[0m[38;2;0;0;0m[48;2;255;220;82m▀[0m[38;2;255;220;82m[48;2;255;240;168m▀[0m[38;2;255;240;168m[48;2;255;240;168m▀[0m[38;2;255;238;164m[48;2;255;238;164m▀[0m[38;2;255;238;164m[48;2;255;220;82m▀[0m[38;2;255;220;82m[48;2;255;220;82m▀[0m[38;2;255;220;82m[48;2;255;220;82m▀[0m[38;2;222;160;117m[48;2;255;220;82m▀[0m[38;2;255;220;82m[48;2;255;220;82m▀[0m[38;2;66;65;66m[48;2;255;220;82m▀[0m[38;2;66;65;66m[48;2;255;220;82m▀[0m[38;2;192;193;192m[48;2;66;69;66m▀[0m[38;2;255;255;255m[48;2;66;69;66m▀[0m[38;2;206;215;214m[48;2;206;215;214m▀[0m[38;2;0;0;0m[48;2;206;215;214m▀[0m[38;2;0;0;0m▄              
  [38;2;0;0;0m▀[38;2;255;221;91m[48;2;0;0;16m▀[0m[38;2;255;221;91m[48;2;85;77;35m▀[0m[38;2;255;220;82m[48;2;66;65;66m▀[0m[38;2;255;220;82m[48;2;66;65;66m▀[0m[38;2;255;220;82m[48;2;255;220;82m▀[0m[38;2;255;220;82m[48;2;255;220;82m▀[0m[38;2;255;220;82m[48;2;255;220;82m▀[0m[38;2;255;220;82m[48;2;255;220;82m▀[0m[38;2;255;220;82m[48;2;255;220;82m▀[0m[38;2;255;220;82m[48;2;255;220;82m▀[0m[38;2;255;220;82m[48;2;255;220;82m▀[0m[38;2;255;220;82m[48;2;255;220;82m▀[0m[38;2;255;220;82m[48;2;255;220;82m▀[0m[38;2;255;220;82m[48;2;255;220;82m▀[0m[38;2;255;220;82m[48;2;66;65;66m▀[0m[38;2;255;220;82m[48;2;66;65;66m▀[0m[38;2;66;65;66m[48;2;255;220;82m▀[0m[38;2;66;65;66m[48;2;255;220;82m▀[0m[38;2;206;215;214m[48;2;68;71;71m▀[0m[38;2;0;0;0m[48;2;206;215;214m▀[0m[38;2;0;0;0m[48;2;206;215;214m▀[0m[38;2;0;0;0m▄[38;2;0;0;0m▄[38;2;0;0;0m[48;2;255;255;255m▀[0m[38;2;0;0;0m[48;2;255;255;255m▀[0m[38;2;0;0;0m▄       
  [38;2;0;0;0m[48;2;0;0;0m▀[0m[38;2;255;220;82m[48;2;255;220;82m▀[0m[38;2;255;220;82m[48;2;255;220;82m▀[0m[38;2;255;220;82m[48;2;255;220;82m▀[0m[38;2;255;220;82m[48;2;255;220;82m▀[0m[38;2;66;65;66m[48;2;255;220;82m▀[0m[38;2;66;65;66m[48;2;255;220;82m▀[0m[38;2;66;65;66m[48;2;255;220;82m▀[0m[38;2;66;65;66m[48;2;255;220;82m▀[0m[38;2;66;65;66m[48;2;255;220;82m▀[0m[38;2;66;65;66m[48;2;255;220;82m▀[0m[38;2;66;65;66m[48;2;255;220;82m▀[0m[38;2;66;65;66m[48;2;255;220;82m▀[0m[38;2;66;65;66m[48;2;255;220;82m▀[0m[38;2;66;65;66m[48;2;255;220;82m▀[0m[38;2;255;220;82m[48;2;255;220;82m▀[0m[38;2;255;220;82m[48;2;255;220;82m▀[0m[38;2;255;220;82m[48;2;255;220;82m▀[0m[38;2;255;220;82m[48;2;255;220;82m▀[0m[38;2;66;65;66m[48;2;66;65;66m▀[0m[38;2;206;215;214m[48;2;206;215;214m▀[0m[38;2;206;215;214m[48;2;206;215;214m▀[0m[38;2;206;215;214m[48;2;66;65;66m▀[0m[38;2;206;214;214m[48;2;206;214;214m▀[0m[38;2;206;214;214m[48;2;206;214;214m▀[0m[38;2;231;235;239m[48;2;231;235;239m▀[0m[38;2;0;0;0m[48;2;0;0;0m▀[0m       
  [38;2;0;0;0m▀[38;2;255;220;82m[48;2;0;0;0m▀[0m[38;2;255;220;82m[48;2;255;220;82m▀[0m[38;2;255;220;82m[48;2;255;220;82m▀[0m[38;2;255;220;82m[48;2;255;220;82m▀[0m[38;2;255;220;82m[48;2;255;220;82m▀[0m[38;2;255;220;82m[48;2;255;220;82m▀[0m[38;2;255;220;82m[48;2;255;220;82m▀[0m[38;2;255;220;82m[48;2;255;220;82m▀[0m[38;2;255;220;82m[48;2;255;220;82m▀[0m[38;2;255;220;82m[48;2;255;220;82m▀[0m[38;2;255;220;82m[48;2;255;220;82m▀[0m[38;2;255;220;82m[48;2;255;220;82m▀[0m[38;2;255;220;82m[48;2;255;220;82m▀[0m[38;2;255;220;82m[48;2;255;220;82m▀[0m[38;2;255;220;82m[48;2;255;220;82m▀[0m[38;2;255;220;82m[48;2;255;220;82m▀[0m[38;2;255;220;82m[48;2;255;220;82m▀[0m[38;2;255;220;82m[48;2;66;65;66m▀[0m[38;2;66;65;66m[48;2;255;255;255m▀[0m[38;2;255;255;255m[48;2;255;255;255m▀[0m[38;2;206;215;214m[48;2;206;215;214m▀[0m[38;2;66;65;66m[48;2;206;215;214m▀[0m[38;2;206;215;214m[48;2;66;65;66m▀[0m[38;2;206;215;214m[48;2;206;215;214m▀[0m[38;2;0;0;0m[48;2;0;0;0m▀[0m        
   [38;2;0;0;0m▀[38;2;255;220;82m[48;2;0;0;0m▀[0m[38;2;255;220;82m[48;2;255;220;82m▀[0m[38;2;255;220;82m[48;2;255;220;82m▀[0m[38;2;255;220;82m[48;2;255;220;82m▀[0m[38;2;255;220;82m[48;2;255;220;82m▀[0m[38;2;255;220;82m[48;2;255;220;82m▀[0m[38;2;255;220;82m[48;2;255;220;82m▀[0m[38;2;255;220;82m[48;2;255;220;82m▀[0m[38;2;255;220;82m[48;2;255;220;82m▀[0m[38;2;255;220;82m[48;2;255;220;82m▀[0m[38;2;255;220;82m[48;2;255;220;82m▀[0m[38;2;255;220;82m[48;2;255;220;82m▀[0m[38;2;255;220;82m[48;2;255;220;82m▀[0m[38;2;255;220;82m[48;2;255;220;82m▀[0m[38;2;255;220;82m[48;2;255;220;82m▀[0m[38;2;255;216;99m[48;2;66;65;66m▀[0m[38;2;66;65;66m[48;2;211;173;92m▀[0m[38;2;255;255;255m[48;2;66;65;66m▀[0m[38;2;255;255;255m[48;2;255;255;255m▀[0m[38;2;255;255;255m[48;2;255;255;255m▀[0m[38;2;205;214;214m[48;2;205;214;214m▀[0m[38;2;206;215;214m[48;2;206;215;214m▀[0m[38;2;0;0;0m[48;2;206;215;214m▀[0m[38;2;0;0;0m▄[38;2;0;0;0m▄       
    [38;2;0;0;0m▄[38;2;8;0;0m[48;2;22;216;66m▀[0m[38;2;66;58;74m[48;2;22;216;66m▀[0m[38;2;255;217;91m[48;2;66;60;74m▀[0m[38;2;255;217;91m[48;2;211;173;91m▀[0m[38;2;255;220;82m[48;2;255;220;82m▀[0m[38;2;255;220;82m[48;2;255;220;82m▀[0m[38;2;255;220;82m[48;2;255;220;82m▀[0m[38;2;255;220;82m[48;2;255;220;82m▀[0m[38;2;255;220;82m[48;2;255;220;82m▀[0m[38;2;255;220;82m[48;2;255;220;82m▀[0m[38;2;255;220;82m[48;2;222;160;117m▀[0m[38;2;255;220;82m[48;2;255;220;82m▀[0m[38;2;255;220;82m[48;2;222;160;117m▀[0m[38;2;222;160;117m[48;2;222;160;117m▀[0m[38;2;222;160;117m[48;2;222;160;117m▀[0m[38;2;222;160;117m[48;2;222;160;117m▀[0m[38;2;74;65;57m[48;2;207;145;102m▀[0m[38;2;255;255;231m[48;2;74;65;57m▀[0m[38;2;255;255;255m[48;2;255;255;255m▀[0m[38;2;255;255;255m[48;2;255;255;255m▀[0m[38;2;206;215;214m[48;2;255;255;255m▀[0m[38;2;206;215;214m[48;2;206;215;214m▀[0m[38;2;206;215;214m[48;2;206;215;214m▀[0m[38;2;206;215;214m[48;2;66;65;66m▀[0m[38;2;0;0;0m[48;2;17;221;62m▀[0m[38;2;0;0;0m[48;2;17;221;62m▀[0m[38;2;0;0;0m[48;2;17;221;62m▀[0m[38;2;0;0;0m▄[38;2;0;0;0m▄  
 [38;2;0;0;0m▄[38;2;0;0;0m[48;2;17;221;62m▀[0m[38;2;0;0;0m[48;2;17;221;62m▀[0m[38;2;17;221;62m[48;2;17;221;62m▀[0m[38;2;17;221;66m[48;2;17;221;66m▀[0m[38;2;17;221;66m[48;2;17;221;66m▀[0m[38;2;22;216;66m[48;2;22;216;66m▀[0m[38;2;66;58;74m[48;2;8;0;0m▀[0m[38;2;0;0;0m▀[38;2;222;162;117m[48;2;0;0;0m▀[0m[38;2;255;222;99m[48;2;8;0;16m▀[0m[38;2;192;156;76m[48;2;255;222;99m▀[0m[38;2;255;220;82m[48;2;222;160;117m▀[0m[38;2;222;160;117m[48;2;255;220;82m▀[0m[38;2;255;220;82m[48;2;222;160;117m▀[0m[38;2;222;160;117m[48;2;222;160;117m▀[0m[38;2;222;162;117m[48;2;222;162;117m▀[0m[38;2;222;162;117m[48;2;0;0;0m▀[0m[38;2;222;162;117m[48;2;0;0;0m▀[0m[38;2;222;162;117m[48;2;0;0;0m▀[0m[38;2;0;0;0m▀[38;2;0;0;0m▀[38;2;255;255;255m[48;2;0;0;0m▀[0m[38;2;255;255;255m[48;2;255;255;255m▀[0m[38;2;255;255;255m[48;2;0;173;40m▀[0m[38;2;0;173;40m[48;2;0;173;40m▀[0m[38;2;62;250;110m[48;2;0;175;41m▀[0m[38;2;62;250;110m[48;2;62;250;110m▀[0m[38;2;66;65;66m[48;2;62;250;110m▀[0m[38;2;66;65;66m[48;2;62;250;110m▀[0m[38;2;66;65;66m[48;2;58;255;113m▀[0m[38;2;53;198;95m[48;2;66;65;66m▀[0m[38;2;17;221;62m[48;2;17;221;62m▀[0m[38;2;0;0;0m[48;2;0;0;0m▀[0m 
 [38;2;0;0;0m▀[38;2;17;221;62m[48;2;0;0;0m▀[0m[38;2;17;221;62m[48;2;0;0;0m▀[0m[38;2;17;221;62m[48;2;0;0;0m▀[0m[38;2;17;221;62m[48;2;0;0;0m▀[0m[38;2;0;0;0m▀[38;2;0;0;0m▀    [38;2;0;0;0m▀[38;2;0;0;0m▀[38;2;0;0;0m▀[38;2;0;0;0m▀[38;2;0;0;0m▀[38;2;0;0;0m▀     [38;2;0;0;0m▀[38;2;66;65;66m[48;2;0;0;0m▀[0m[38;2;62;250;112m[48;2;62;250;112m▀[0m[38;2;62;250;112m[48;2;62;250;112m▀[0m[38;2;62;250;110m[48;2;62;250;110m▀[0m[38;2;0;175;41m[48;2;62;250;110m▀[0m[38;2;0;175;41m[48;2;62;250;110m▀[0m[38;2;0;175;41m[48;2;62;250;110m▀[0m[38;2;62;250;110m[48;2;0;175;41m▀[0m[38;2;62;250;110m[48;2;62;250;110m▀[0m[38;2;66;65;66m[48;2;0;0;0m▀[0m[38;2;0;0;0m▀ 
                         [38;2;0;0;0m▀[38;2;0;0;0m▀[38;2;62;250;110m[48;2;0;0;0m▀[0m[38;2;62;250;110m[48;2;0;0;0m▀[0m[38;2;62;250;110m[48;2;0;0;0m▀[0m[38;2;62;250;110m[48;2;0;0;0m▀[0m[38;2;0;0;0m▀[38;2;0;0;0m▀   
                                     [0m                                     