   [38;2;0;0;0m▄[38;2;0;0;0m[48;2;204;146;75m▀[0m[38;2;0;0;0m[48;2;204;146;75m▀[0m[38;2;0;0;0m▄                     
    [38;2;0;0;0m[48;2;0;0;0m▀[0m[38;2;204;146;75m[48;2;204;146;75m▀[0m[38;2;208;150;79m[48;2;55;56;55m▀[0m[38;2;0;4;0m[48;2;0;4;0m▀[0m[38;2;0;0;0m▄ [38;2;0;0;0m▄[38;2;0;0;0m▄[38;2;0;0;0m▄[38;2;0;0;0m▄          [38;2;0;0;0m▄[38;2;0;0;0m▄  
   [38;2;0;0;0m▄[38;2;0;0;0m[48;2;66;65;66m▀[0m[38;2;66;65;66m[48;2;66;65;66m▀[0m[38;2;66;65;66m[48;2;66;65;66m▀[0m[38;2;0;0;0m[48;2;66;65;66m▀[0m[38;2;99;97;99m[48;2;99;97;99m▀[0m[38;2;0;0;0m[48;2;66;64;66m▀[0m[38;2;236;178;110m[48;2;142;85;0m▀[0m[38;2;236;178;110m[48;2;142;85;0m▀[0m[38;2;236;178;110m[48;2;236;178;110m▀[0m[38;2;66;65;66m[48;2;66;65;66m▀[0m[38;2;0;0;0m[48;2;99;99;99m▀[0m[38;2;0;0;0m▄ [38;2;0;0;0m▄   [38;2;0;0;0m▄[38;2;0;0;0m[48;2;235;177;109m▀[0m[38;2;0;0;0m[48;2;235;177;109m▀[0m[38;2;235;177;109m[48;2;235;177;109m▀[0m[38;2;235;177;109m[48;2;0;0;0m▀[0m[38;2;0;0;0m▀ 
   [38;2;0;0;0m[48;2;0;0;0m▀[0m[38;2;66;65;66m[48;2;66;65;66m▀[0m[38;2;66;65;66m[48;2;66;65;66m▀[0m[38;2;66;64;66m[48;2;0;0;0m▀[0m[38;2;0;0;0m[48;2;99;97;99m▀[0m[38;2;66;65;66m[48;2;66;65;66m▀[0m[38;2;235;177;109m[48;2;151;93;0m▀[0m[38;2;236;178;110m[48;2;142;85;0m▀[0m[38;2;236;178;110m[48;2;236;178;110m▀[0m[38;2;151;93;0m[48;2;235;177;109m▀[0m[38;2;66;65;66m[48;2;66;65;66m▀[0m[38;2;99;99;99m[48;2;66;65;66m▀[0m[38;2;66;65;66m[48;2;99;99;99m▀[0m[38;2;0;0;0m[48;2;99;99;99m▀[0m[38;2;99;99;99m[48;2;99;99;99m▀[0m[38;2;0;0;0m[48;2;0;0;0m▀[0m [38;2;0;0;0m▄[38;2;0;0;0m[48;2;235;177;109m▀[0m[38;2;236;178;110m[48;2;99;97;99m▀[0m[38;2;236;178;110m[48;2;236;178;110m▀[0m[38;2;0;0;0m[48;2;0;0;0m▀[0m   
   [38;2;0;0;0m▄[38;2;0;0;0m[48;2;0;0;0m▀[0m[38;2;0;0;0m[48;2;66;64;66m▀[0m[38;2;99;99;99m[48;2;99;99;99m▀[0m[38;2;99;99;99m[48;2;99;99;99m▀[0m[38;2;66;65;66m[48;2;107;106;107m▀[0m[38;2;235;177;109m[48;2;66;65;66m▀[0m[38;2;236;178;110m[48;2;236;178;110m▀[0m[38;2;142;85;0m[48;2;236;178;110m▀[0m[38;2;66;65;66m[48;2;66;65;66m▀[0m[38;2;99;99;99m[48;2;99;99;99m▀[0m[38;2;99;99;99m[48;2;99;99;99m▀[0m[38;2;99;99;99m[48;2;99;99;99m▀[0m[38;2;99;99;99m[48;2;99;99;99m▀[0m[38;2;66;65;66m[48;2;99;99;99m▀[0m[38;2;66;64;66m[48;2;99;97;99m▀[0m[38;2;0;0;0m[48;2;99;97;99m▀[0m[38;2;99;99;99m[48;2;99;99;99m▀[0m[38;2;99;99;99m[48;2;99;99;99m▀[0m[38;2;99;99;99m[48;2;99;99;99m▀[0m[38;2;99;99;99m[48;2;99;99;99m▀[0m[38;2;0;0;0m[48;2;0;0;0m▀[0m   
  [38;2;0;0;0m[48;2;0;0;0m▀[0m[38;2;238;180;113m[48;2;117;92;63m▀[0m[38;2;66;65;66m[48;2;235;177;109m▀[0m[38;2;107;106;107m[48;2;66;65;66m▀[0m[38;2;255;255;255m[48;2;255;255;255m▀[0m[38;2;0;0;0m[48;2;0;0;0m▀[0m[38;2;255;255;255m[48;2;255;255;255m▀[0m[38;2;99;97;99m[48;2;99;97;99m▀[0m[38;2;66;65;66m[48;2;99;99;99m▀[0m[38;2;66;65;66m[48;2;99;99;99m▀[0m[38;2;119;119;119m[48;2;239;239;239m▀[0m[38;2;119;119;119m[48;2;0;16;33m▀[0m[38;2;99;97;99m[48;2;255;255;255m▀[0m[38;2;99;97;99m[48;2;99;97;99m▀[0m[38;2;99;99;99m[48;2;99;99;99m▀[0m[38;2;99;99;99m[48;2;99;99;99m▀[0m[38;2;99;99;99m[48;2;99;99;99m▀[0m[38;2;99;99;99m[48;2;99;99;99m▀[0m[38;2;99;99;99m[48;2;66;65;66m▀[0m[38;2;99;99;99m[48;2;99;99;99m▀[0m[38;2;99;99;99m[48;2;99;99;99m▀[0m[38;2;0;0;0m[48;2;0;0;0m▀[0m    
 [38;2;0;0;0m▀[38;2;235;177;109m[48;2;0;0;0m▀[0m[38;2;235;177;109m[48;2;235;177;109m▀[0m[38;2;236;178;110m[48;2;236;178;110m▀[0m[38;2;66;65;66m[48;2;236;178;110m▀[0m[38;2;120;120;120m[48;2;57;69;74m▀[0m[38;2;247;247;247m[48;2;57;69;74m▀[0m[38;2;99;99;99m[48;2;66;65;66m▀[0m[38;2;99;99;99m[48;2;66;65;66m▀[0m[38;2;99;99;99m[48;2;99;99;99m▀[0m[38;2;99;99;99m[48;2;99;99;99m▀[0m[38;2;247;247;247m[48;2;123;123;123m▀[0m[38;2;0;12;24m[48;2;247;247;247m▀[0m[38;2;255;255;255m[48;2;255;255;255m▀[0m[38;2;255;255;255m[48;2;255;255;255m▀[0m[38;2;255;255;255m[48;2;99;97;99m▀[0m[38;2;99;97;99m[48;2;99;97;99m▀[0m[38;2;107;106;107m[48;2;66;65;66m▀[0m[38;2;66;65;66m[48;2;235;177;109m▀[0m[38;2;235;177;109m[48;2;235;177;109m▀[0m[38;2;63;63;63m[48;2;0;0;0m▀[0m[38;2;0;0;0m▀     
 [38;2;0;0;0m▀[38;2;235;177;109m[48;2;0;0;0m▀[0m[38;2;235;177;109m[48;2;117;90;62m▀[0m[38;2;121;93;66m[48;2;236;178;110m▀[0m[38;2;236;178;110m[48;2;236;178;110m▀[0m[38;2;121;93;66m[48;2;243;185;118m▀[0m[38;2;247;251;247m[48;2;121;93;66m▀[0m[38;2;192;191;192m[48;2;255;255;255m▀[0m[38;2;255;255;255m[48;2;192;191;192m▀[0m[38;2;66;65;66m[48;2;255;255;255m▀[0m[38;2;66;65;66m[48;2;192;191;192m▀[0m[38;2;66;65;66m[48;2;255;255;255m▀[0m[38;2;66;65;66m[48;2;192;191;192m▀[0m[38;2;66;65;66m[48;2;255;255;255m▀[0m[38;2;66;65;66m[48;2;255;255;255m▀[0m[38;2;66;65;66m[48;2;129;101;74m▀[0m[38;2;66;65;66m[48;2;235;177;109m▀[0m[38;2;236;178;110m[48;2;236;178;110m▀[0m[38;2;236;178;110m[48;2;236;178;110m▀[0m[38;2;121;93;66m[48;2;236;178;110m▀[0m[38;2;121;93;66m[48;2;236;178;110m▀[0m[38;2;0;0;0m[48;2;235;177;109m▀[0m[38;2;0;0;0m▄[38;2;0;0;0m[48;2;228;193;39m▀[0m[38;2;0;0;0m[48;2;228;193;39m▀[0m[38;2;0;0;0m▄ 
  [38;2;0;0;0m▄[38;2;0;0;0m[48;2;66;65;66m▀[0m[38;2;203;145;74m[48;2;203;145;74m▀[0m[38;2;235;177;109m[48;2;203;145;74m▀[0m[38;2;236;178;110m[48;2;236;178;110m▀[0m[38;2;236;178;110m[48;2;236;178;110m▀[0m[38;2;121;93;66m[48;2;236;178;110m▀[0m[38;2;121;93;66m[48;2;236;178;110m▀[0m[38;2;197;199;197m[48;2;121;93;66m▀[0m[38;2;247;251;247m[48;2;121;93;66m▀[0m[38;2;197;199;197m[48;2;121;93;66m▀[0m[38;2;247;251;247m[48;2;121;93;66m▀[0m[38;2;121;93;66m[48;2;236;178;110m▀[0m[38;2;121;93;66m[48;2;236;178;110m▀[0m[38;2;236;178;110m[48;2;236;178;110m▀[0m[38;2;236;178;110m[48;2;236;178;110m▀[0m[38;2;236;178;110m[48;2;121;93;66m▀[0m[38;2;236;178;110m[48;2;236;178;110m▀[0m[38;2;124;98;69m[48;2;235;177;109m▀[0m[38;2;124;98;69m[48;2;57;60;57m▀[0m[38;2;66;65;66m[48;2;194;177;35m▀[0m[38;2;228;193;39m[48;2;66;65;66m▀[0m[38;2;228;193;39m[48;2;228;193;39m▀[0m[38;2;0;0;0m[48;2;228;193;39m▀[0m[38;2;0;0;0m▄ 
 [38;2;0;0;0m[48;2;0;0;0m▀[0m[38;2;229;194;41m[48;2;229;194;41m▀[0m[38;2;66;65;66m[48;2;229;194;41m▀[0m[38;2;66;65;66m[48;2;66;65;66m▀[0m[38;2;204;146;75m[48;2;204;146;75m▀[0m[38;2;204;146;75m[48;2;121;93;66m▀[0m[38;2;235;177;109m[48;2;235;177;109m▀[0m[38;2;235;177;109m[48;2;203;145;74m▀[0m[38;2;235;177;109m[48;2;235;177;109m▀[0m[38;2;236;178;110m[48;2;236;178;110m▀[0m[38;2;236;178;110m[48;2;236;178;110m▀[0m[38;2;236;178;110m[48;2;236;178;110m▀[0m[38;2;236;178;110m[48;2;236;178;110m▀[0m[38;2;236;178;110m[48;2;236;178;110m▀[0m[38;2;236;178;110m[48;2;236;178;110m▀[0m[38;2;235;177;109m[48;2;235;177;109m▀[0m[38;2;235;177;109m[48;2;203;145;74m▀[0m[38;2;235;177;109m[48;2;204;146;75m▀[0m[38;2;121;93;66m[48;2;204;146;75m▀[0m[38;2;236;178;110m[48;2;66;65;66m▀[0m[38;2;236;178;110m[48;2;66;65;66m▀[0m[38;2;66;65;66m[48;2;99;99;99m▀[0m[38;2;99;99;99m[48;2;99;99;99m▀[0m[38;2;66;64;66m[48;2;99;97;99m▀[0m[38;2;0;0;0m[48;2;0;0;0m▀[0m  
  [38;2;0;0;0m▀[38;2;0;0;0m▀[38;2;0;0;0m▀[38;2;0;0;0m▀[38;2;204;146;75m[48;2;0;0;0m▀[0m[38;2;204;146;75m[48;2;204;146;75m▀[0m[38;2;204;146;75m[48;2;204;146;75m▀[0m[38;2;204;146;75m[48;2;204;146;75m▀[0m[38;2;235;177;109m[48;2;203;145;74m▀[0m[38;2;203;145;74m[48;2;235;177;109m▀[0m[38;2;235;177;109m[48;2;203;145;74m▀[0m[38;2;203;145;74m[48;2;235;177;109m▀[0m[38;2;204;146;75m[48;2;204;146;75m▀[0m[38;2;121;93;66m[48;2;204;146;75m▀[0m[38;2;204;146;75m[48;2;121;93;66m▀[0m[38;2;204;146;75m[48;2;204;146;75m▀[0m[38;2;202;144;72m[48;2;118;91;64m▀[0m[38;2;118;91;64m[48;2;66;65;66m▀[0m[38;2;66;65;66m[48;2;228;193;39m▀[0m[38;2;110;99;93m[48;2;66;65;66m▀[0m[38;2;99;99;99m[48;2;66;65;66m▀[0m[38;2;99;99;99m[48;2;66;65;66m▀[0m[38;2;0;0;0m[48;2;248;231;108m▀[0m[38;2;0;0;0m▄  
       [38;2;0;0;0m[48;2;0;0;0m▀[0m[38;2;118;91;64m[48;2;66;65;66m▀[0m[38;2;202;144;72m[48;2;202;144;72m▀[0m[38;2;204;146;75m[48;2;121;93;66m▀[0m[38;2;204;146;75m[48;2;204;146;75m▀[0m[38;2;204;146;75m[48;2;204;146;75m▀[0m[38;2;204;146;75m[48;2;204;146;75m▀[0m[38;2;121;93;66m[48;2;121;93;66m▀[0m[38;2;204;146;75m[48;2;121;93;66m▀[0m[38;2;121;93;66m[48;2;227;192;37m▀[0m[38;2;121;93;66m[48;2;227;192;37m▀[0m[38;2;223;188;28m[48;2;249;232;109m▀[0m[38;2;147;112;0m[48;2;249;232;109m▀[0m[38;2;229;194;41m[48;2;66;65;66m▀[0m[38;2;66;65;66m[48;2;229;194;41m▀[0m[38;2;249;232;109m[48;2;57;55;54m▀[0m[38;2;249;232;109m[48;2;0;4;8m▀[0m[38;2;248;231;108m[48;2;0;0;0m▀[0m[38;2;0;0;0m▀  
    [38;2;0;0;0m▄[38;2;0;0;0m[48;2;230;195;43m▀[0m[38;2;0;4;8m[48;2;231;196;44m▀[0m[38;2;231;196;44m[48;2;135;100;0m▀[0m[38;2;66;65;66m[48;2;229;194;41m▀[0m[38;2;66;65;66m[48;2;229;194;41m▀[0m[38;2;66;64;66m[48;2;0;0;0m▀[0m[38;2;121;93;66m[48;2;0;0;0m▀[0m[38;2;202;144;72m[48;2;0;0;0m▀[0m[38;2;0;0;0m▀[38;2;0;0;0m▀[38;2;0;0;0m▀[38;2;220;185;19m[48;2;8;8;8m▀[0m[38;2;252;235;112m[48;2;130;95;0m▀[0m[38;2;248;231;108m[48;2;248;231;108m▀[0m[38;2;248;231;108m[48;2;66;65;66m▀[0m[38;2;136;101;0m[48;2;136;101;0m▀[0m[38;2;232;197;46m[48;2;0;4;8m▀[0m[38;2;0;0;0m▀     
    [38;2;0;0;0m▀[38;2;230;195;43m[48;2;0;0;0m▀[0m[38;2;132;97;0m[48;2;0;0;0m▀[0m[38;2;230;195;43m[48;2;0;0;0m▀[0m[38;2;230;195;43m[48;2;0;0;0m▀[0m[38;2;0;0;0m▀     [38;2;0;0;0m▄[38;2;0;0;0m[48;2;66;65;66m▀[0m[38;2;66;65;66m[48;2;66;65;66m▀[0m[38;2;66;65;66m[48;2;66;65;66m▀[0m[38;2;66;65;66m[48;2;66;65;66m▀[0m[38;2;0;0;0m[48;2;66;65;66m▀[0m[38;2;0;0;0m▄      
                [38;2;0;0;0m[48;2;0;0;0m▀[0m[38;2;248;231;108m[48;2;248;231;108m▀[0m[38;2;248;231;108m[48;2;66;65;66m▀[0m[38;2;248;231;108m[48;2;248;231;108m▀[0m[38;2;250;233;110m[48;2;123;88;0m▀[0m[38;2;0;4;8m[48;2;0;4;8m▀[0m      
                 [38;2;0;0;0m▀[38;2;0;0;0m▀[38;2;0;0;0m▀[38;2;0;0;0m▀       
                                     [0m                                     