                           [38;2;0;0;0m▄[38;2;0;0;0m▄[38;2;0;0;0m[48;2;255;252;194m▀[0m[38;2;0;0;0m[48;2;255;252;191m▀[0m[38;2;0;0;0m[48;2;255;252;191m▀[0m[38;2;0;0;0m▄[38;2;0;0;0m▄     
                          [38;2;0;0;0m[48;2;0;0;0m▀[0m[38;2;255;252;194m[48;2;255;252;194m▀[0m[38;2;255;252;194m[48;2;255;252;194m▀[0m[38;2;255;252;194m[48;2;255;252;194m▀[0m[38;2;255;252;191m[48;2;215;194;74m▀[0m[38;2;255;252;191m[48;2;215;194;74m▀[0m[38;2;255;252;194m[48;2;255;252;194m▀[0m[38;2;255;252;194m[48;2;255;252;194m▀[0m[38;2;0;0;0m[48;2;255;252;194m▀[0m[38;2;0;0;0m▄   
                         [38;2;0;0;0m[48;2;0;0;0m▀[0m[38;2;255;252;194m[48;2;255;252;194m▀[0m[38;2;255;252;194m[48;2;255;252;194m▀[0m[38;2;255;252;194m[48;2;255;252;191m▀[0m[38;2;215;194;74m[48;2;255;252;191m▀[0m[38;2;255;252;194m[48;2;255;252;191m▀[0m[38;2;255;252;194m[48;2;255;252;191m▀[0m[38;2;215;194;74m[48;2;200;192;100m▀[0m[38;2;255;252;194m[48;2;255;251;177m▀[0m[38;2;255;252;194m[48;2;220;210;134m▀[0m[38;2;0;0;0m[48;2;220;210;134m▀[0m[38;2;0;0;0m▄  
                         [38;2;0;0;0m▀[38;2;128;137;151m[48;2;0;0;0m▀[0m[38;2;255;252;194m[48;2;126;134;156m▀[0m[38;2;255;252;191m[48;2;255;252;194m▀[0m[38;2;255;252;191m[48;2;255;252;194m▀[0m[38;2;255;252;191m[48;2;255;252;194m▀[0m[38;2;255;252;191m[48;2;0;0;0m▀[0m[38;2;0;0;0m▀[38;2;100;95;49m[48;2;0;0;0m▀[0m[38;2;220;210;134m[48;2;216;210;135m▀[0m[38;2;220;210;134m[48;2;216;210;135m▀[0m[38;2;0;0;0m[48;2;216;210;135m▀[0m[38;2;0;0;0m▄ 
      [38;2;0;0;0m▄[38;2;0;0;0m[48;2;126;109;35m▀[0m[38;2;0;0;0m[48;2;66;62;54m▀[0m[38;2;0;4;8m▄         [38;2;0;0;0m▄[38;2;0;0;0m▄      [38;2;0;0;0m▀[38;2;0;0;0m▀[38;2;0;0;0m▀[38;2;0;0;0m▀   [38;2;0;0;0m[48;2;0;0;0m▀[0m[38;2;216;210;135m[48;2;216;210;135m▀[0m[38;2;216;210;135m[48;2;216;210;135m▀[0m[38;2;0;0;0m[48;2;0;0;0m▀[0m 
      [38;2;0;0;0m[48;2;0;0;0m▀[0m[38;2;126;109;35m[48;2;126;109;35m▀[0m[38;2;66;62;54m[48;2;124;110;36m▀[0m[38;2;224;205;143m[48;2;66;65;66m▀[0m[38;2;0;0;0m[48;2;216;210;135m▀[0m[38;2;0;0;0m▄[38;2;0;0;0m▄   [38;2;0;0;0m▄[38;2;0;0;0m[48;2;126;109;35m▀[0m[38;2;0;0;0m[48;2;124;110;36m▀[0m[38;2;126;109;35m[48;2;124;110;36m▀[0m[38;2;126;109;35m[48;2;124;110;36m▀[0m[38;2;0;0;0m[48;2;124;110;36m▀[0m[38;2;0;0;0m▄          [38;2;0;0;0m▄[38;2;0;0;0m[48;2;255;252;194m▀[0m[38;2;216;210;135m[48;2;219;209;136m▀[0m[38;2;216;210;135m[48;2;0;0;0m▀[0m[38;2;0;0;0m▀ 
       [38;2;0;0;0m[48;2;0;0;0m▀[0m[38;2;124;110;36m[48;2;81;85;56m▀[0m[38;2;66;65;66m[48;2;81;85;56m▀[0m[38;2;216;210;135m[48;2;66;65;66m▀[0m[38;2;216;210;135m[48;2;219;213;136m▀[0m[38;2;216;210;135m[48;2;255;252;191m▀[0m[38;2;0;0;0m[48;2;255;252;191m▀[0m[38;2;0;0;0m[48;2;255;252;194m▀[0m[38;2;0;0;0m[48;2;81;85;56m▀[0m[38;2;126;109;35m[48;2;119;115;58m▀[0m[38;2;126;109;35m[48;2;66;65;57m▀[0m[38;2;66;65;66m[48;2;224;162;197m▀[0m[38;2;66;65;66m[48;2;224;162;197m▀[0m[38;2;124;110;36m[48;2;224;162;197m▀[0m[38;2;124;110;36m[48;2;121;110;36m▀[0m[38;2;0;0;0m[48;2;0;0;0m▀[0m          [38;2;0;0;0m[48;2;0;0;0m▀[0m[38;2;255;252;194m[48;2;255;252;194m▀[0m[38;2;255;252;194m[48;2;255;252;194m▀[0m[38;2;0;0;0m[48;2;0;0;0m▀[0m  
      [38;2;0;0;0m▄[38;2;0;0;0m[48;2;255;252;194m▀[0m[38;2;255;252;194m[48;2;255;255;255m▀[0m[38;2;81;85;56m[48;2;255;101;66m▀[0m[38;2;66;65;66m[48;2;242;212;130m▀[0m[38;2;255;252;194m[48;2;253;255;186m▀[0m[38;2;255;252;191m[48;2;255;252;194m▀[0m[38;2;255;252;191m[48;2;66;65;66m▀[0m[38;2;81;85;56m[48;2;81;85;56m▀[0m[38;2;81;85;56m[48;2;81;85;56m▀[0m[38;2;66;65;57m[48;2;66;65;66m▀[0m[38;2;221;159;194m[48;2;66;65;66m▀[0m[38;2;224;162;197m[48;2;66;65;66m▀[0m[38;2;224;162;197m[48;2;224;162;197m▀[0m[38;2;224;162;197m[48;2;126;109;35m▀[0m[38;2;121;110;36m[48;2;0;0;0m▀[0m[38;2;0;0;0m▀        [38;2;0;0;0m▄[38;2;0;0;0m[48;2;255;252;194m▀[0m[38;2;255;252;194m[48;2;255;252;194m▀[0m[38;2;255;252;194m[48;2;255;252;194m▀[0m[38;2;0;0;0m[48;2;0;0;0m▀[0m   
 [38;2;0;0;0m▄[38;2;0;0;0m[48;2;216;210;135m▀[0m[38;2;0;0;0m[48;2;216;210;135m▀[0m[38;2;0;0;0m▄[38;2;0;0;0m▄[38;2;0;0;0m[48;2;255;252;194m▀[0m[38;2;255;252;194m[48;2;255;252;194m▀[0m[38;2;255;101;66m[48;2;242;212;130m▀[0m[38;2;255;101;66m[48;2;148;65;66m▀[0m[38;2;148;65;66m[48;2;219;209;136m▀[0m[38;2;253;255;186m[48;2;255;252;194m▀[0m[38;2;255;252;194m[48;2;255;252;191m▀[0m[38;2;66;65;66m[48;2;255;252;191m▀[0m[38;2;81;85;56m[48;2;255;252;194m▀[0m[38;2;255;252;194m[48;2;255;252;194m▀[0m[38;2;255;252;194m[48;2;255;252;194m▀[0m[38;2;255;252;194m[48;2;255;252;194m▀[0m[38;2;66;65;66m[48;2;255;252;194m▀[0m[38;2;66;65;66m[48;2;66;65;66m▀[0m[38;2;0;0;0m[48;2;0;0;0m▀[0m      [38;2;0;0;0m▄[38;2;0;0;0m[48;2;255;252;191m▀[0m[38;2;0;0;0m[48;2;255;252;191m▀[0m[38;2;0;0;0m[48;2;255;252;191m▀[0m[38;2;209;198;71m[48;2;255;252;191m▀[0m[38;2;215;194;74m[48;2;200;192;100m▀[0m[38;2;255;252;194m[48;2;0;0;0m▀[0m[38;2;0;0;0m▀    
  [38;2;0;0;0m▀[38;2;0;0;0m▀[38;2;216;210;135m[48;2;0;4;8m▀[0m[38;2;216;210;135m[48;2;66;62;54m▀[0m[38;2;66;65;66m[48;2;255;251;247m▀[0m[38;2;255;252;194m[48;2;123;52;41m▀[0m[38;2;253;255;186m[48;2;255;252;191m▀[0m[38;2;253;255;186m[48;2;255;252;191m▀[0m[38;2;255;252;194m[48;2;255;252;191m▀[0m[38;2;255;252;194m[48;2;255;252;191m▀[0m[38;2;255;252;191m[48;2;255;254;226m▀[0m[38;2;255;252;191m[48;2;66;65;66m▀[0m[38;2;255;252;194m[48;2;123;52;41m▀[0m[38;2;66;65;66m[48;2;255;251;247m▀[0m[38;2;66;65;66m[48;2;255;255;255m▀[0m[38;2;66;65;66m[48;2;184;182;91m▀[0m[38;2;219;213;136m[48;2;219;209;136m▀[0m[38;2;219;213;136m[48;2;219;209;136m▀[0m[38;2;0;0;0m[48;2;99;94;57m▀[0m[38;2;0;0;0m▄[38;2;0;0;0m▄[38;2;0;0;0m[48;2;255;252;194m▀[0m[38;2;0;0;0m[48;2;255;252;191m▀[0m[38;2;0;0;0m[48;2;255;252;191m▀[0m[38;2;0;0;0m[48;2;255;252;191m▀[0m[38;2;255;252;194m[48;2;255;252;191m▀[0m[38;2;255;252;191m[48;2;255;252;191m▀[0m[38;2;255;252;191m[48;2;255;252;191m▀[0m[38;2;255;252;191m[48;2;255;252;191m▀[0m[38;2;255;252;191m[48;2;255;252;191m▀[0m[38;2;255;251;177m[48;2;255;252;191m▀[0m[38;2;0;0;0m[48;2;255;252;191m▀[0m[38;2;0;0;0m▄    
 [38;2;0;0;0m▄[38;2;0;0;0m[48;2;216;210;135m▀[0m[38;2;0;0;0m[48;2;216;210;135m▀[0m[38;2;66;62;54m[48;2;219;209;136m▀[0m[38;2;224;205;143m[48;2;66;65;66m▀[0m[38;2;255;251;247m[48;2;255;247;214m▀[0m[38;2;167;118;109m[48;2;107;65;66m▀[0m[38;2;255;252;191m[48;2;255;252;191m▀[0m[38;2;255;252;191m[48;2;255;252;191m▀[0m[38;2;255;252;191m[48;2;255;252;194m▀[0m[38;2;255;252;191m[48;2;66;65;66m▀[0m[38;2;66;65;66m[48;2;184;182;91m▀[0m[38;2;255;254;226m[48;2;255;255;255m▀[0m[38;2;167;118;109m[48;2;156;65;66m▀[0m[38;2;255;251;247m[48;2;255;255;255m▀[0m[38;2;255;255;255m[48;2;255;255;255m▀[0m[38;2;184;182;91m[48;2;185;182;88m▀[0m[38;2;66;65;66m[48;2;219;209;136m▀[0m[38;2;66;65;66m[48;2;219;209;136m▀[0m[38;2;255;252;194m[48;2;66;65;66m▀[0m[38;2;255;252;194m[48;2;66;65;66m▀[0m[38;2;255;252;194m[48;2;66;65;66m▀[0m[38;2;99;94;57m[48;2;255;252;194m▀[0m[38;2;255;252;191m[48;2;255;252;191m▀[0m[38;2;255;252;191m[48;2;255;252;191m▀[0m[38;2;255;252;191m[48;2;255;252;191m▀[0m[38;2;255;252;191m[48;2;255;252;191m▀[0m[38;2;255;252;191m[48;2;255;252;191m▀[0m[38;2;255;252;191m[48;2;255;252;191m▀[0m[38;2;255;252;191m[48;2;255;252;191m▀[0m[38;2;255;252;191m[48;2;255;252;191m▀[0m[38;2;255;252;191m[48;2;255;252;191m▀[0m[38;2;255;252;191m[48;2;255;252;191m▀[0m[38;2;0;0;0m[48;2;255;252;194m▀[0m[38;2;0;0;0m▄   
 [38;2;0;0;0m▄[38;2;0;4;8m[48;2;216;210;135m▀[0m[38;2;63;62;52m[48;2;216;210;135m▀[0m[38;2;66;65;66m[48;2;216;210;135m▀[0m[38;2;219;209;136m[48;2;0;0;0m▀[0m[38;2;107;65;66m[48;2;0;0;0m▀[0m[38;2;255;247;214m[48;2;216;210;135m▀[0m[38;2;255;252;191m[48;2;99;85;74m▀[0m[38;2;255;252;191m[48;2;99;85;74m▀[0m[38;2;255;252;194m[48;2;255;251;177m▀[0m[38;2;255;252;194m[48;2;224;215;139m▀[0m[38;2;184;182;91m[48;2;218;214;123m▀[0m[38;2;255;255;255m[48;2;173;170;122m▀[0m[38;2;156;65;66m[48;2;176;181;88m▀[0m[38;2;255;255;255m[48;2;176;181;88m▀[0m[38;2;185;182;88m[48;2;219;209;136m▀[0m[38;2;213;211;150m[48;2;219;209;136m▀[0m[38;2;66;65;66m[48;2;219;209;136m▀[0m[38;2;66;65;66m[48;2;219;209;136m▀[0m[38;2;219;209;136m[48;2;66;65;66m▀[0m[38;2;219;209;136m[48;2;66;65;66m▀[0m[38;2;255;252;194m[48;2;66;65;66m▀[0m[38;2;255;252;194m[48;2;255;252;194m▀[0m[38;2;255;252;191m[48;2;255;252;191m▀[0m[38;2;255;252;191m[48;2;255;252;191m▀[0m[38;2;255;252;191m[48;2;255;252;194m▀[0m[38;2;255;252;191m[48;2;255;252;194m▀[0m[38;2;255;252;191m[48;2;255;252;194m▀[0m[38;2;255;252;191m[48;2;255;252;194m▀[0m[38;2;255;252;191m[48;2;255;252;191m▀[0m[38;2;255;252;191m[48;2;255;252;191m▀[0m[38;2;255;252;191m[48;2;255;252;191m▀[0m[38;2;255;252;191m[48;2;255;252;191m▀[0m[38;2;255;252;194m[48;2;255;252;194m▀[0m[38;2;0;0;0m[48;2;0;0;0m▀[0m   
  [38;2;0;0;0m▀[38;2;0;0;0m▀[38;2;0;0;0m▀  [38;2;0;0;0m▀[38;2;220;208;134m[48;2;0;0;0m▀[0m[38;2;99;85;74m[48;2;0;0;0m▀[0m[38;2;82;81;107m[48;2;211;201;157m▀[0m[38;2;224;215;139m[48;2;94;89;82m▀[0m[38;2;218;214;123m[48;2;94;89;82m▀[0m[38;2;82;85;107m[48;2;211;201;157m▀[0m[38;2;220;209;133m[48;2;66;65;66m▀[0m[38;2;220;209;133m[48;2;66;65;66m▀[0m[38;2;66;65;66m[48;2;219;209;136m▀[0m[38;2;219;209;136m[48;2;66;65;66m▀[0m[38;2;66;65;66m[48;2;219;213;136m▀[0m[38;2;66;65;66m[48;2;255;252;194m▀[0m[38;2;255;252;194m[48;2;66;65;66m▀[0m[38;2;255;252;194m[48;2;66;65;66m▀[0m[38;2;255;252;194m[48;2;66;65;66m▀[0m[38;2;66;65;66m[48;2;255;252;194m▀[0m[38;2;255;252;191m[48;2;255;252;194m▀[0m[38;2;255;252;191m[48;2;255;252;194m▀[0m[38;2;255;252;194m[48;2;216;210;135m▀[0m[38;2;219;209;136m[48;2;216;210;135m▀[0m[38;2;219;209;136m[48;2;228;214;121m▀[0m[38;2;255;252;194m[48;2;116;107;60m▀[0m[38;2;255;252;191m[48;2;255;252;191m▀[0m[38;2;255;252;191m[48;2;255;252;191m▀[0m[38;2;255;252;191m[48;2;255;252;191m▀[0m[38;2;255;252;191m[48;2;255;252;191m▀[0m[38;2;0;0;0m[48;2;0;0;0m▀[0m    
          [38;2;0;0;8m▀[38;2;0;0;8m▀[38;2;0;0;8m▀[38;2;0;0;8m▀[38;2;66;65;66m▀[38;2;219;209;136m[48;2;0;0;0m▀[0m[38;2;219;209;136m[48;2;216;210;135m▀[0m[38;2;219;209;136m[48;2;216;210;135m▀[0m[38;2;66;65;66m[48;2;220;210;134m▀[0m[38;2;66;65;66m[48;2;220;210;134m▀[0m[38;2;255;252;194m[48;2;66;65;66m▀[0m[38;2;255;252;194m[48;2;66;65;66m▀[0m[38;2;66;65;66m[48;2;255;252;191m▀[0m[38;2;255;252;194m[48;2;255;252;191m▀[0m[38;2;255;252;194m[48;2;254;255;202m▀[0m[38;2;219;209;136m[48;2;0;4;0m▀[0m[38;2;0;0;0m▀[38;2;0;0;0m▀[38;2;0;0;0m▀[38;2;0;0;0m▀[38;2;255;252;191m[48;2;0;0;0m▀[0m[38;2;255;252;191m[48;2;216;210;135m▀[0m[38;2;255;252;191m[48;2;255;252;194m▀[0m[38;2;255;252;191m[48;2;255;252;194m▀[0m[38;2;255;252;194m[48;2;220;210;134m▀[0m[38;2;0;0;0m[48;2;220;210;134m▀[0m[38;2;0;0;0m▄  
                [38;2;0;0;0m▀[38;2;216;210;135m[48;2;0;0;0m▀[0m[38;2;220;210;134m[48;2;220;210;134m▀[0m[38;2;220;210;134m[48;2;220;210;134m▀[0m[38;2;219;213;136m[48;2;66;65;66m▀[0m[38;2;255;252;194m[48;2;255;252;194m▀[0m[38;2;255;252;191m[48;2;255;252;191m▀[0m[38;2;255;252;191m[48;2;255;252;191m▀[0m[38;2;191;195;121m[48;2;0;0;0m▀[0m[38;2;0;4;0m▀     [38;2;0;0;0m[48;2;0;0;0m▀[0m[38;2;219;209;136m[48;2;220;210;134m▀[0m[38;2;219;209;136m[48;2;220;210;134m▀[0m[38;2;220;210;134m[48;2;216;210;135m▀[0m[38;2;220;210;134m[48;2;0;0;0m▀[0m[38;2;0;0;0m▀  
                 [38;2;0;0;0m[48;2;0;0;0m▀[0m[38;2;220;210;134m[48;2;219;209;136m▀[0m[38;2;220;210;134m[48;2;219;209;136m▀[0m[38;2;219;213;136m[48;2;219;213;136m▀[0m[38;2;66;65;66m[48;2;66;65;66m▀[0m[38;2;255;252;191m[48;2;255;252;191m▀[0m[38;2;255;252;191m[48;2;255;252;191m▀[0m[38;2;0;0;0m[48;2;255;252;194m▀[0m[38;2;0;0;0m▄  [38;2;0;0;0m▄[38;2;0;0;0m[48;2;216;210;135m▀[0m[38;2;0;0;0m[48;2;66;65;66m▀[0m[38;2;216;210;135m[48;2;219;209;136m▀[0m[38;2;220;210;134m[48;2;66;65;66m▀[0m[38;2;220;210;134m[48;2;219;209;136m▀[0m[38;2;216;210;135m[48;2;216;210;135m▀[0m[38;2;0;0;0m[48;2;0;0;0m▀[0m   
               [38;2;0;0;0m▄[38;2;0;0;0m[48;2;219;209;136m▀[0m[38;2;216;210;135m[48;2;219;209;136m▀[0m[38;2;219;209;136m[48;2;66;65;66m▀[0m[38;2;66;65;66m[48;2;66;65;66m▀[0m[38;2;66;65;66m[48;2;255;252;194m▀[0m[38;2;255;252;194m[48;2;255;252;194m▀[0m[38;2;255;252;191m[48;2;255;252;194m▀[0m[38;2;255;252;191m[48;2;255;252;194m▀[0m[38;2;255;252;194m[48;2;0;0;0m▀[0m[38;2;0;0;0m▀  [38;2;0;0;0m▀[38;2;216;210;135m[48;2;0;0;0m▀[0m[38;2;66;65;66m[48;2;0;0;0m▀[0m[38;2;219;209;136m[48;2;0;0;0m▀[0m[38;2;66;65;66m[48;2;0;0;0m▀[0m[38;2;219;209;136m[48;2;0;0;0m▀[0m[38;2;0;0;0m▀    
               [38;2;0;0;0m▀[38;2;66;65;66m[48;2;0;0;0m▀[0m[38;2;219;209;136m[48;2;0;0;0m▀[0m[38;2;66;65;66m[48;2;0;0;0m▀[0m[38;2;255;252;194m[48;2;255;252;194m▀[0m[38;2;66;65;66m[48;2;82;78;60m▀[0m[38;2;255;252;194m[48;2;255;253;186m▀[0m[38;2;66;65;66m[48;2;66;65;66m▀[0m[38;2;255;252;194m[48;2;0;0;0m▀[0m[38;2;0;0;0m▀              
                   [38;2;0;0;0m▀[38;2;0;0;0m▀[38;2;0;0;0m▀[38;2;0;0;0m▀                
                                     [0m                                     