        [38;2;0;0;0m▄[38;2;0;0;0m[48;2;160;160;160m▀[0m[38;2;0;0;0m[48;2;238;238;238m▀[0m[38;2;0;0;0m[48;2;250;250;250m▀[0m[38;2;8;4;0m▄                [38;2;0;0;0m▄[38;2;0;0;0m▄[38;2;0;0;0m▄             
      [38;2;0;0;0m▄[38;2;0;0;0m[48;2;153;153;153m▀[0m[38;2;178;174;165m[48;2;225;225;225m▀[0m[38;2;238;238;238m[48;2;0;0;0m▀[0m[38;2;4;4;4m▀[38;2;168;168;168m[48;2;0;0;0m▀[0m[38;2;250;250;250m[48;2;178;174;165m▀[0m[38;2;0;0;0m[48;2;255;255;255m▀[0m[38;2;0;0;0m▄           [38;2;0;0;0m▄[38;2;0;0;0m[48;2;168;168;168m▀[0m[38;2;0;0;0m[48;2;250;250;250m▀[0m[38;2;255;255;255m[48;2;0;0;0m▀[0m[38;2;255;255;255m[48;2;0;0;0m▀[0m[38;2;255;255;255m[48;2;164;164;164m▀[0m[38;2;0;0;0m[48;2;246;246;246m▀[0m[38;2;0;0;0m[48;2;165;165;165m▀[0m[38;2;8;4;0m▄          
     [38;2;8;4;0m▄[38;2;0;0;0m[48;2;154;154;154m▀[0m[38;2;225;225;225m[48;2;0;0;0m▀[0m[38;2;16;8;0m▀   [38;2;0;0;0m▀[38;2;255;255;255m[48;2;0;0;0m▀[0m[38;2;0;0;0m[48;2;222;222;222m▀[0m[38;2;0;0;0m▄         [38;2;0;0;0m[48;2;4;4;4m▀[0m[38;2;178;174;165m[48;2;238;238;238m▀[0m[38;2;250;250;250m[48;2;0;0;0m▀[0m[38;2;8;4;0m▀  [38;2;0;0;0m▀[38;2;0;0;0m▀[38;2;246;246;246m[48;2;0;0;0m▀[0m[38;2;165;165;165m[48;2;255;255;255m▀[0m[38;2;0;0;0m[48;2;165;165;165m▀[0m[38;2;8;4;0m▄        
    [38;2;0;0;0m▄[38;2;8;4;0m[48;2;222;222;222m▀[0m[38;2;229;229;229m[48;2;0;0;0m▀[0m[38;2;0;0;0m▀     [38;2;0;0;0m[48;2;0;0;0m▀[0m[38;2;222;222;222m[48;2;222;222;222m▀[0m[38;2;0;0;0m[48;2;0;0;0m▀[0m        [38;2;0;0;0m[48;2;0;0;0m▀[0m[38;2;238;238;238m[48;2;222;222;222m▀[0m[38;2;160;160;160m[48;2;0;0;0m▀[0m[38;2;0;0;0m▀      [38;2;0;0;0m▀[38;2;246;246;246m[48;2;0;0;0m▀[0m[38;2;165;165;165m[48;2;246;246;246m▀[0m[38;2;0;0;0m[48;2;0;0;0m▀[0m       
   [38;2;0;0;0m▄[38;2;0;0;0m[48;2;222;222;222m▀[0m[38;2;222;222;222m[48;2;0;0;0m▀[0m[38;2;0;0;0m▀      [38;2;0;0;0m▄[38;2;0;0;0m[48;2;176;176;176m▀[0m[38;2;0;0;0m▄  [38;2;0;0;0m▄[38;2;0;0;0m▄[38;2;0;0;0m▄[38;2;0;0;0m▄[38;2;0;0;0m▄ [38;2;0;0;0m[48;2;0;0;0m▀[0m[38;2;222;222;222m[48;2;0;0;0m▀[0m[38;2;0;0;0m▀        [38;2;0;0;0m▀[38;2;164;164;164m[48;2;0;0;0m▀[0m[38;2;255;255;255m[48;2;255;255;255m▀[0m[38;2;0;0;0m[48;2;0;0;0m▀[0m      
   [38;2;0;0;0m[48;2;0;0;0m▀[0m[38;2;222;222;222m[48;2;222;222;222m▀[0m[38;2;0;0;0m[48;2;0;0;0m▀[0m       [38;2;0;0;0m[48;2;0;0;0m▀[0m[38;2;176;176;176m[48;2;164;164;164m▀[0m[38;2;65;64;65m[48;2;63;63;62m▀[0m[38;2;0;0;0m[48;2;242;242;242m▀[0m[38;2;0;0;0m[48;2;255;255;255m▀[0m[38;2;255;255;255m[48;2;255;255;255m▀[0m[38;2;255;255;255m[48;2;255;255;255m▀[0m[38;2;255;255;255m[48;2;255;255;255m▀[0m[38;2;255;255;255m[48;2;255;255;255m▀[0m[38;2;255;255;255m[48;2;255;255;255m▀[0m[38;2;0;0;0m[48;2;65;64;65m▀[0m[38;2;215;214;212m[48;2;215;214;212m▀[0m[38;2;65;64;65m[48;2;65;64;65m▀[0m[38;2;0;0;0m[48;2;255;255;255m▀[0m[38;2;0;0;0m▄[38;2;0;0;0m▄        [38;2;0;0;0m[48;2;0;0;0m▀[0m[38;2;255;255;255m[48;2;255;255;255m▀[0m[38;2;0;0;0m[48;2;0;0;0m▀[0m     
  [38;2;0;0;0m[48;2;0;0;0m▀[0m[38;2;222;222;222m[48;2;222;222;222m▀[0m[38;2;0;0;0m[48;2;0;0;0m▀[0m      [38;2;8;8;8m▄[38;2;0;0;0m[48;2;255;255;255m▀[0m[38;2;236;249;255m[48;2;127;146;156m▀[0m[38;2;81;81;81m[48;2;65;64;65m▀[0m[38;2;182;182;182m[48;2;176;176;176m▀[0m[38;2;63;63;62m[48;2;65;64;65m▀[0m[38;2;255;255;255m[48;2;240;236;227m▀[0m[38;2;255;255;255m[48;2;65;64;65m▀[0m[38;2;255;255;255m[48;2;240;236;227m▀[0m[38;2;255;255;255m[48;2;65;64;65m▀[0m[38;2;255;255;255m[48;2;255;255;255m▀[0m[38;2;65;64;65m[48;2;65;64;65m▀[0m[38;2;215;214;212m[48;2;215;214;212m▀[0m[38;2;65;64;65m[48;2;65;64;65m▀[0m[38;2;255;255;255m[48;2;65;64;74m▀[0m[38;2;255;255;255m[48;2;126;145;155m▀[0m[38;2;255;255;255m[48;2;255;255;255m▀[0m[38;2;255;255;255m[48;2;255;255;255m▀[0m[38;2;0;0;0m[48;2;255;255;255m▀[0m[38;2;0;0;0m▄       [38;2;0;0;0m[48;2;0;0;0m▀[0m[38;2;255;255;255m[48;2;255;255;255m▀[0m[38;2;0;0;0m[48;2;0;0;0m▀[0m    
  [38;2;0;0;0m[48;2;0;0;0m▀[0m[38;2;222;222;222m[48;2;222;222;222m▀[0m[38;2;0;0;0m[48;2;0;0;0m▀[0m     [38;2;0;0;0m[48;2;0;0;0m▀[0m[38;2;255;255;255m[48;2;255;255;255m▀[0m[38;2;116;135;145m[48;2;129;148;158m▀[0m[38;2;205;224;234m[48;2;207;226;236m▀[0m[38;2;65;64;65m[48;2;207;226;236m▀[0m[38;2;176;176;176m[48;2;65;64;65m▀[0m[38;2;176;176;176m[48;2;65;64;65m▀[0m[38;2;65;64;65m[48;2;193;193;193m▀[0m[38;2;240;236;227m[48;2;193;193;193m▀[0m[38;2;65;64;65m[48;2;215;214;212m▀[0m[38;2;240;236;227m[48;2;215;214;212m▀[0m[38;2;65;64;65m[48;2;215;214;212m▀[0m[38;2;65;64;65m[48;2;215;214;212m▀[0m[38;2;215;214;212m[48;2;176;176;176m▀[0m[38;2;215;214;212m[48;2;65;64;65m▀[0m[38;2;213;213;213m[48;2;57;52;74m▀[0m[38;2;65;64;74m[48;2;222;218;222m▀[0m[38;2;129;148;158m[48;2;65;64;65m▀[0m[38;2;255;255;255m[48;2;127;146;156m▀[0m[38;2;255;255;255m[48;2;255;255;255m▀[0m[38;2;255;255;255m[48;2;255;255;255m▀[0m[38;2;0;0;0m[48;2;0;0;0m▀[0m       [38;2;0;0;0m[48;2;0;0;0m▀[0m[38;2;255;255;255m[48;2;255;255;255m▀[0m[38;2;0;0;0m[48;2;0;0;0m▀[0m   
 [38;2;0;0;0m[48;2;0;0;0m▀[0m[38;2;222;222;222m[48;2;222;222;222m▀[0m[38;2;0;0;0m[48;2;0;0;0m▀[0m     [38;2;0;0;0m[48;2;0;0;0m▀[0m[38;2;255;255;255m[48;2;207;226;236m▀[0m[38;2;129;148;158m[48;2;129;148;158m▀[0m[38;2;202;221;231m[48;2;207;226;236m▀[0m[38;2;207;226;236m[48;2;168;187;197m▀[0m[38;2;65;64;65m[48;2;206;225;235m▀[0m[38;2;65;64;65m[48;2;65;64;65m▀[0m[38;2;255;255;255m[48;2;142;143;141m▀[0m[38;2;65;64;65m[48;2;255;255;255m▀[0m[38;2;65;64;65m[48;2;255;255;255m▀[0m[38;2;65;64;65m[48;2;250;250;250m▀[0m[38;2;65;64;65m[48;2;131;117;172m▀[0m[38;2;65;64;65m[48;2;139;194;255m▀[0m[38;2;65;64;65m[48;2;82;52;74m▀[0m[38;2;65;64;65m[48;2;126;110;175m▀[0m[38;2;65;64;65m[48;2;126;110;175m▀[0m[38;2;139;135;148m[48;2;222;222;222m▀[0m[38;2;222;218;222m[48;2;65;64;65m▀[0m[38;2;65;64;65m[48;2;206;225;235m▀[0m[38;2;205;224;234m[48;2;206;225;235m▀[0m[38;2;129;148;158m[48;2;129;148;158m▀[0m[38;2;255;255;255m[48;2;255;255;255m▀[0m[38;2;255;255;255m[48;2;255;255;255m▀[0m[38;2;0;0;0m[48;2;0;0;0m▀[0m      [38;2;0;0;0m▀[38;2;255;255;255m[48;2;0;0;0m▀[0m[38;2;0;0;0m[48;2;255;255;255m▀[0m[38;2;0;0;0m▄  
 [38;2;0;0;0m[48;2;0;0;0m▀[0m[38;2;222;222;222m[48;2;222;222;222m▀[0m[38;2;0;0;0m[48;2;0;0;0m▀[0m    [38;2;0;0;0m▄[38;2;0;0;0m[48;2;207;226;236m▀[0m[38;2;207;226;236m[48;2;129;148;158m▀[0m[38;2;129;148;158m[48;2;206;225;235m▀[0m[38;2;207;226;236m[48;2;206;225;235m▀[0m[38;2;168;187;197m[48;2;168;187;197m▀[0m[38;2;206;225;235m[48;2;206;225;235m▀[0m[38;2;205;224;234m[48;2;206;225;235m▀[0m[38;2;65;64;65m[48;2;168;187;197m▀[0m[38;2;65;64;65m[48;2;207;226;236m▀[0m[38;2;255;255;255m[48;2;65;64;65m▀[0m[38;2;213;209;222m[48;2;65;64;65m▀[0m[38;2;213;209;222m[48;2;117;117;117m▀[0m[38;2;111;123;164m[48;2;65;64;65m▀[0m[38;2;111;123;164m[48;2;65;64;65m▀[0m[38;2;126;110;175m[48;2;70;67;61m▀[0m[38;2;65;64;65m[48;2;154;173;183m▀[0m[38;2;65;64;65m[48;2;206;225;235m▀[0m[38;2;207;226;236m[48;2;206;225;235m▀[0m[38;2;168;187;197m[48;2;168;187;197m▀[0m[38;2;206;225;235m[48;2;206;225;235m▀[0m[38;2;202;221;231m[48;2;207;226;236m▀[0m[38;2;129;148;158m[48;2;129;148;158m▀[0m[38;2;255;255;255m[48;2;255;255;255m▀[0m[38;2;255;255;255m[48;2;255;255;255m▀[0m[38;2;0;0;0m[48;2;0;0;0m▀[0m      [38;2;0;0;0m[48;2;0;0;0m▀[0m[38;2;255;255;255m[48;2;255;255;255m▀[0m[38;2;0;0;0m[48;2;0;0;0m▀[0m  
 [38;2;0;0;0m[48;2;0;0;0m▀[0m[38;2;222;222;222m[48;2;222;222;222m▀[0m[38;2;0;0;0m[48;2;0;0;0m▀[0m    [38;2;0;0;0m[48;2;0;0;0m▀[0m[38;2;207;226;236m[48;2;207;226;236m▀[0m[38;2;129;148;158m[48;2;129;148;158m▀[0m[38;2;206;225;235m[48;2;206;225;235m▀[0m[38;2;168;187;197m[48;2;168;187;197m▀[0m[38;2;206;225;235m[48;2;206;225;235m▀[0m[38;2;206;225;235m[48;2;206;225;235m▀[0m[38;2;168;187;197m[48;2;154;173;183m▀[0m[38;2;206;225;235m[48;2;206;225;235m▀[0m[38;2;207;226;236m[48;2;182;201;211m▀[0m[38;2;207;226;236m[48;2;65;64;65m▀[0m[38;2;65;64;65m[48;2;222;222;222m▀[0m[38;2;222;222;222m[48;2;222;222;222m▀[0m[38;2;65;64;65m[48;2;201;201;201m▀[0m[38;2;207;226;236m[48;2;65;68;74m▀[0m[38;2;206;225;235m[48;2;207;226;236m▀[0m[38;2;206;225;235m[48;2;207;226;236m▀[0m[38;2;168;187;197m[48;2;168;187;197m▀[0m[38;2;206;225;235m[48;2;206;225;235m▀[0m[38;2;206;225;235m[48;2;206;225;235m▀[0m[38;2;168;187;197m[48;2;168;187;197m▀[0m[38;2;207;226;236m[48;2;206;225;235m▀[0m[38;2;207;226;236m[48;2;206;225;235m▀[0m[38;2;129;148;158m[48;2;129;148;158m▀[0m[38;2;255;255;255m[48;2;255;255;255m▀[0m[38;2;0;0;0m[48;2;255;255;255m▀[0m[38;2;0;0;0m▄     [38;2;0;0;0m▀[38;2;255;255;255m[48;2;0;0;0m▀[0m[38;2;0;0;0m[48;2;255;255;255m▀[0m[38;2;0;0;0m▄ 
 [38;2;0;0;0m[48;2;0;0;0m▀[0m[38;2;222;222;222m[48;2;222;222;222m▀[0m[38;2;0;0;0m[48;2;0;0;0m▀[0m    [38;2;0;0;0m▀[38;2;207;226;236m[48;2;0;0;0m▀[0m[38;2;129;148;158m[48;2;207;226;236m▀[0m[38;2;206;225;235m[48;2;206;225;235m▀[0m[38;2;168;187;197m[48;2;168;187;197m▀[0m[38;2;206;225;235m[48;2;207;226;236m▀[0m[38;2;206;225;235m[48;2;207;226;236m▀[0m[38;2;154;173;183m[48;2;65;64;65m▀[0m[38;2;70;67;61m[48;2;255;255;255m▀[0m[38;2;65;64;65m[48;2;255;255;255m▀[0m[38;2;197;197;197m[48;2;117;117;117m▀[0m[38;2;144;144;144m[48;2;176;176;176m▀[0m[38;2;144;144;144m[48;2;205;205;205m▀[0m[38;2;135;135;135m[48;2;180;180;180m▀[0m[38;2;201;201;201m[48;2;114;114;114m▀[0m[38;2;65;64;65m[48;2;255;255;255m▀[0m[38;2;65;64;65m[48;2;255;255;255m▀[0m[38;2;168;187;197m[48;2;65;64;65m▀[0m[38;2;206;225;235m[48;2;223;242;252m▀[0m[38;2;206;225;235m[48;2;206;225;235m▀[0m[38;2;168;187;197m[48;2;168;187;197m▀[0m[38;2;206;225;235m[48;2;206;225;235m▀[0m[38;2;206;225;235m[48;2;206;225;235m▀[0m[38;2;129;148;158m[48;2;129;148;158m▀[0m[38;2;255;255;255m[48;2;255;255;255m▀[0m[38;2;255;255;255m[48;2;255;255;255m▀[0m[38;2;0;0;0m[48;2;0;0;0m▀[0m      [38;2;0;0;0m[48;2;0;0;0m▀[0m[38;2;255;255;255m[48;2;255;255;255m▀[0m[38;2;0;0;0m[48;2;0;0;0m▀[0m 
  [38;2;0;0;0m[48;2;0;0;0m▀[0m[38;2;222;222;222m[48;2;222;222;222m▀[0m[38;2;0;0;0m[48;2;0;0;0m▀[0m    [38;2;0;0;0m[48;2;0;0;0m▀[0m[38;2;207;226;236m[48;2;207;226;236m▀[0m[38;2;206;225;235m[48;2;206;225;235m▀[0m[38;2;168;187;197m[48;2;206;225;235m▀[0m[38;2;207;226;236m[48;2;206;225;235m▀[0m[38;2;65;64;65m[48;2;206;225;235m▀[0m[38;2;255;255;255m[48;2;65;64;65m▀[0m[38;2;255;255;255m[48;2;255;255;255m▀[0m[38;2;255;255;255m[48;2;255;255;255m▀[0m[38;2;255;255;255m[48;2;255;255;255m▀[0m[38;2;119;119;119m[48;2;255;255;255m▀[0m[38;2;119;119;119m[48;2;255;255;255m▀[0m[38;2;114;114;114m[48;2;255;255;255m▀[0m[38;2;246;246;246m[48;2;255;255;255m▀[0m[38;2;255;255;255m[48;2;255;255;255m▀[0m[38;2;255;255;255m[48;2;255;255;255m▀[0m[38;2;238;238;238m[48;2;65;64;65m▀[0m[38;2;65;64;65m[48;2;65;64;65m▀[0m[38;2;206;225;235m[48;2;207;226;236m▀[0m[38;2;168;187;197m[48;2;207;226;236m▀[0m[38;2;206;225;235m[48;2;206;225;235m▀[0m[38;2;206;225;235m[48;2;206;225;235m▀[0m[38;2;129;148;158m[48;2;165;184;194m▀[0m[38;2;255;255;255m[48;2;255;255;255m▀[0m[38;2;255;255;255m[48;2;0;0;0m▀[0m[38;2;0;0;0m▀      [38;2;0;0;0m[48;2;0;0;0m▀[0m[38;2;255;255;255m[48;2;255;255;255m▀[0m[38;2;0;0;0m[48;2;0;0;0m▀[0m 
  [38;2;0;0;0m[48;2;0;0;0m▀[0m[38;2;222;222;222m[48;2;222;222;222m▀[0m[38;2;0;0;0m[48;2;0;0;0m▀[0m     [38;2;0;0;0m[48;2;0;0;0m▀[0m[38;2;206;225;235m[48;2;207;226;236m▀[0m[38;2;206;225;235m[48;2;207;226;236m▀[0m[38;2;168;187;197m[48;2;168;187;197m▀[0m[38;2;206;225;235m[48;2;206;225;235m▀[0m[38;2;65;64;65m[48;2;65;64;65m▀[0m[38;2;65;64;65m[48;2;222;222;222m▀[0m[38;2;117;117;117m[48;2;65;64;65m▀[0m[38;2;255;255;255m[48;2;117;117;117m▀[0m[38;2;255;255;255m[48;2;117;117;117m▀[0m[38;2;255;255;255m[48;2;117;117;117m▀[0m[38;2;255;255;255m[48;2;117;117;117m▀[0m[38;2;255;255;255m[48;2;117;117;117m▀[0m[38;2;123;125;123m[48;2;65;64;65m▀[0m[38;2;57;60;57m[48;2;222;222;222m▀[0m[38;2;255;255;255m[48;2;65;64;65m▀[0m[38;2;255;255;255m[48;2;65;64;65m▀[0m[38;2;65;64;65m[48;2;255;255;255m▀[0m[38;2;65;64;65m[48;2;255;255;255m▀[0m[38;2;206;225;235m[48;2;65;64;65m▀[0m[38;2;168;187;197m[48;2;161;180;190m▀[0m[38;2;255;255;255m[48;2;255;255;255m▀[0m[38;2;255;255;255m[48;2;255;255;255m▀[0m[38;2;0;0;0m[48;2;0;0;0m▀[0m       [38;2;0;0;0m[48;2;0;0;0m▀[0m[38;2;255;255;255m[48;2;255;255;255m▀[0m[38;2;0;0;0m[48;2;0;0;0m▀[0m 
   [38;2;0;0;0m[48;2;0;0;0m▀[0m[38;2;222;222;222m[48;2;222;222;222m▀[0m[38;2;0;0;0m[48;2;0;0;0m▀[0m     [38;2;0;0;0m▀[38;2;207;226;236m[48;2;0;0;0m▀[0m[38;2;206;225;235m[48;2;202;221;231m▀[0m[38;2;168;187;197m[48;2;72;72;72m▀[0m[38;2;65;64;65m[48;2;142;142;142m▀[0m[38;2;222;222;222m[48;2;65;64;65m▀[0m[38;2;65;64;65m[48;2;182;182;182m▀[0m[38;2;158;158;158m[48;2;84;84;84m▀[0m[38;2;182;182;182m[48;2;84;84;84m▀[0m[38;2;182;182;182m[48;2;84;84;84m▀[0m[38;2;158;158;158m[48;2;84;84;84m▀[0m[38;2;158;158;158m[48;2;84;84;84m▀[0m[38;2;65;64;65m[48;2;158;158;158m▀[0m[38;2;222;222;222m[48;2;65;64;65m▀[0m[38;2;180;172;164m[48;2;65;64;65m▀[0m[38;2;238;226;213m[48;2;65;64;65m▀[0m[38;2;65;60;57m[48;2;255;255;255m▀[0m[38;2;160;157;156m[48;2;255;255;255m▀[0m[38;2;177;176;174m[48;2;65;64;65m▀[0m[38;2;65;64;65m[48;2;207;226;236m▀[0m[38;2;255;255;255m[48;2;255;255;255m▀[0m[38;2;0;0;0m[48;2;0;0;0m▀[0m        [38;2;0;0;0m[48;2;0;0;0m▀[0m[38;2;255;255;255m[48;2;255;255;255m▀[0m[38;2;0;0;0m[48;2;0;0;0m▀[0m 
   [38;2;0;0;0m▀[38;2;222;222;222m[48;2;0;0;0m▀[0m[38;2;0;0;0m[48;2;222;222;222m▀[0m[38;2;0;0;0m▄      [38;2;0;0;0m[48;2;8;12;8m▀[0m[38;2;72;72;72m[48;2;255;255;255m▀[0m[38;2;180;180;180m[48;2;65;64;65m▀[0m[38;2;65;64;65m[48;2;205;224;234m▀[0m[38;2;54;54;54m[48;2;65;64;65m▀[0m[38;2;117;117;117m[48;2;42;41;42m▀[0m[38;2;117;117;117m[48;2;42;41;42m▀[0m[38;2;117;117;117m[48;2;42;41;42m▀[0m[38;2;102;102;102m[48;2;42;41;42m▀[0m[38;2;102;102;102m[48;2;42;41;42m▀[0m[38;2;54;54;54m[48;2;65;64;65m▀[0m[38;2;65;64;65m[48;2;176;176;176m▀[0m[38;2;156;157;156m[48;2;176;176;176m▀[0m[38;2;246;250;246m[48;2;65;64;65m▀[0m[38;2;65;64;65m[48;2;207;226;236m▀[0m[38;2;65;64;65m[48;2;207;226;236m▀[0m[38;2;207;226;236m[48;2;207;226;236m▀[0m[38;2;207;226;236m[48;2;0;0;0m▀[0m[38;2;0;0;0m▀        [38;2;0;0;0m▄[38;2;0;0;0m[48;2;255;255;255m▀[0m[38;2;255;255;255m[48;2;0;0;0m▀[0m[38;2;0;0;0m▀ 
    [38;2;0;0;0m▀[38;2;222;222;222m[48;2;0;0;0m▀[0m[38;2;0;0;0m[48;2;176;176;176m▀[0m[38;2;0;0;0m▄   [38;2;0;0;8m▄[38;2;0;0;0m[48;2;180;180;180m▀[0m[38;2;131;133;131m[48;2;197;197;197m▀[0m[38;2;131;133;131m[48;2;65;64;65m▀[0m[38;2;65;64;65m[48;2;206;225;235m▀[0m[38;2;127;146;156m[48;2;206;225;235m▀[0m[38;2;207;226;236m[48;2;127;146;156m▀[0m[38;2;65;64;65m[48;2;65;64;65m▀[0m[38;2;76;76;76m[48;2;42;41;42m▀[0m[38;2;40;40;40m[48;2;42;41;42m▀[0m[38;2;87;87;87m[48;2;42;41;42m▀[0m[38;2;87;87;87m[48;2;42;41;42m▀[0m[38;2;65;64;65m[48;2;65;64;65m▀[0m[38;2;65;64;65m[48;2;207;226;236m▀[0m[38;2;176;176;176m[48;2;65;64;65m▀[0m[38;2;176;176;176m[48;2;65;64;65m▀[0m[38;2;65;64;65m[48;2;207;226;236m▀[0m[38;2;207;226;236m[48;2;129;148;158m▀[0m[38;2;0;0;0m[48;2;0;0;0m▀[0m          [38;2;0;0;0m[48;2;0;0;0m▀[0m[38;2;255;255;255m[48;2;255;255;255m▀[0m[38;2;0;0;0m[48;2;0;0;0m▀[0m  
     [38;2;0;0;0m[48;2;0;0;0m▀[0m[38;2;176;176;176m[48;2;140;140;140m▀[0m[38;2;0;0;0m[48;2;0;0;0m▀[0m  [38;2;0;0;0m▄[38;2;0;0;8m[48;2;207;226;236m▀[0m[38;2;63;63;63m[48;2;207;226;236m▀[0m[38;2;65;64;65m[48;2;168;187;197m▀[0m[38;2;182;201;211m[48;2;168;187;197m▀[0m[38;2;206;225;235m[48;2;144;163;173m▀[0m[38;2;168;187;197m[48;2;221;240;250m▀[0m[38;2;205;224;234m[48;2;0;0;0m▀[0m[38;2;205;224;234m[48;2;0;0;0m▀[0m[38;2;42;41;42m[48;2;42;41;42m▀[0m[38;2;87;87;87m[48;2;87;85;87m▀[0m[38;2;84;85;84m[48;2;42;41;42m▀[0m[38;2;42;41;42m[48;2;61;59;56m▀[0m[38;2;207;226;236m[48;2;65;64;65m▀[0m[38;2;207;226;236m[48;2;0;0;0m▀[0m[38;2;213;232;242m[48;2;207;226;236m▀[0m[38;2;159;178;188m[48;2;207;226;236m▀[0m[38;2;207;226;236m[48;2;149;168;178m▀[0m[38;2;207;226;236m[48;2;149;168;178m▀[0m[38;2;207;226;236m[48;2;206;225;235m▀[0m[38;2;0;0;0m[48;2;206;225;235m▀[0m[38;2;0;0;0m▄[38;2;0;0;0m▄      [38;2;0;0;0m▄[38;2;0;0;0m[48;2;176;176;176m▀[0m[38;2;255;255;255m[48;2;0;0;0m▀[0m[38;2;0;0;0m▀  
      [38;2;0;0;0m▀    [38;2;0;0;0m▀[38;2;0;0;0m▀[38;2;0;0;0m▀[38;2;0;0;0m▀[38;2;8;4;0m▀[38;2;8;4;0m▀  [38;2;0;0;0m[48;2;0;0;0m▀[0m[38;2;255;250;255m[48;2;176;176;176m▀[0m[38;2;42;41;42m[48;2;42;41;42m▀[0m[38;2;178;174;165m[48;2;178;177;174m▀[0m[38;2;0;0;0m[48;2;0;0;0m▀[0m [38;2;0;0;0m▀[38;2;0;0;0m▀[38;2;16;8;0m▀[38;2;228;246;255m[48;2;0;0;0m▀[0m[38;2;168;187;197m[48;2;0;0;0m▀[0m[38;2;168;187;197m[48;2;0;0;0m▀[0m[38;2;207;226;236m[48;2;0;0;0m▀[0m[38;2;207;226;236m[48;2;0;0;0m▀[0m[38;2;0;0;0m▀     [38;2;0;0;0m[48;2;0;0;0m▀[0m[38;2;176;176;176m[48;2;140;140;140m▀[0m[38;2;0;0;0m[48;2;0;0;0m▀[0m   
                  [38;2;0;0;0m[48;2;0;0;0m▀[0m[38;2;176;176;176m[48;2;0;0;0m▀[0m[38;2;0;0;0m▀[38;2;0;0;8m▀[38;2;0;0;8m▀                 [38;2;0;0;0m▀    
                                     [0m                                     