               [38;2;0;0;0m▄[38;2;0;0;0m[48;2;166;147;1m▀[0m[38;2;0;0;0m[48;2;0;0;0m▀[0m [38;2;0;0;0m▄[38;2;0;0;0m▄[38;2;0;0;0m▄ [38;2;0;0;0m▄             
           [38;2;0;0;0m▄[38;2;0;0;0m▄[38;2;0;0;0m[48;2;255;234;91m▀[0m[38;2;0;0;0m[48;2;255;234;91m▀[0m[38;2;166;147;1m[48;2;255;234;91m▀[0m[38;2;255;234;91m[48;2;255;245;174m▀[0m[38;2;65;65;65m[48;2;255;245;174m▀[0m[38;2;0;0;0m[48;2;255;245;174m▀[0m[38;2;255;245;174m[48;2;255;245;174m▀[0m[38;2;255;245;174m[48;2;255;234;91m▀[0m[38;2;255;234;91m[48;2;255;245;174m▀[0m[38;2;0;0;0m[48;2;185;158;6m▀[0m[38;2;242;220;46m[48;2;242;220;46m▀[0m[38;2;0;0;0m[48;2;0;0;0m▀[0m            
     [38;2;0;0;0m▄[38;2;0;0;0m▄[38;2;0;0;0m[48;2;255;234;91m▀[0m[38;2;0;0;0m[48;2;255;245;174m▀[0m[38;2;0;0;0m[48;2;255;234;91m▀[0m[38;2;0;0;0m[48;2;255;234;91m▀[0m[38;2;255;234;91m[48;2;255;245;174m▀[0m[38;2;255;234;91m[48;2;255;245;174m▀[0m[38;2;255;245;174m[48;2;255;245;174m▀[0m[38;2;255;245;174m[48;2;255;234;91m▀[0m[38;2;255;245;174m[48;2;255;234;91m▀[0m[38;2;255;245;174m[48;2;255;234;91m▀[0m[38;2;255;245;174m[48;2;255;234;91m▀[0m[38;2;255;234;91m[48;2;255;245;174m▀[0m[38;2;255;234;91m[48;2;255;245;174m▀[0m[38;2;255;245;174m[48;2;255;245;174m▀[0m[38;2;185;158;6m[48;2;185;158;6m▀[0m[38;2;242;220;46m[48;2;242;220;46m▀[0m[38;2;0;0;0m[48;2;0;0;0m▀[0m    [38;2;0;0;0m▄[38;2;0;0;0m▄[38;2;0;0;0m▄      
   [38;2;0;0;0m▄[38;2;0;0;0m[48;2;166;147;1m▀[0m[38;2;166;147;1m[48;2;255;234;91m▀[0m[38;2;255;234;91m[48;2;255;245;174m▀[0m[38;2;255;245;174m[48;2;255;234;91m▀[0m[38;2;255;234;91m[48;2;255;245;174m▀[0m[38;2;255;245;174m[48;2;255;245;174m▀[0m[38;2;255;245;174m[48;2;255;234;91m▀[0m[38;2;255;245;174m[48;2;255;234;91m▀[0m[38;2;255;234;91m[48;2;255;245;174m▀[0m[38;2;255;234;91m[48;2;255;245;174m▀[0m[38;2;255;234;91m[48;2;255;245;174m▀[0m[38;2;255;245;174m[48;2;255;245;174m▀[0m[38;2;255;245;174m[48;2;255;245;174m▀[0m[38;2;255;245;174m[48;2;255;245;174m▀[0m[38;2;255;245;174m[48;2;185;158;6m▀[0m[38;2;255;245;174m[48;2;185;158;6m▀[0m[38;2;185;158;6m[48;2;242;220;46m▀[0m[38;2;242;220;46m[48;2;242;220;46m▀[0m[38;2;0;0;0m[48;2;0;0;0m▀[0m  [38;2;0;0;0m▄[38;2;0;0;0m[48;2;242;220;46m▀[0m[38;2;0;0;0m[48;2;242;220;46m▀[0m[38;2;242;220;46m[48;2;185;158;6m▀[0m[38;2;185;158;6m[48;2;242;220;46m▀[0m[38;2;242;220;46m[48;2;242;220;46m▀[0m[38;2;0;0;0m[48;2;242;220;46m▀[0m[38;2;0;0;0m▄[38;2;0;0;0m▄   
  [38;2;0;0;0m▄[38;2;0;0;0m[48;2;166;147;1m▀[0m[38;2;185;158;6m[48;2;185;158;6m▀[0m[38;2;255;245;174m[48;2;255;245;174m▀[0m[38;2;255;234;91m[48;2;255;245;174m▀[0m[38;2;255;245;174m[48;2;255;245;174m▀[0m[38;2;255;245;174m[48;2;255;234;91m▀[0m[38;2;255;234;91m[48;2;255;245;174m▀[0m[38;2;255;245;174m[48;2;255;245;174m▀[0m[38;2;255;245;174m[48;2;255;245;174m▀[0m[38;2;255;245;174m[48;2;185;158;6m▀[0m[38;2;255;245;174m[48;2;185;158;6m▀[0m[38;2;185;158;6m[48;2;242;220;46m▀[0m[38;2;185;158;6m[48;2;242;220;46m▀[0m[38;2;185;158;6m[48;2;242;220;46m▀[0m[38;2;185;158;6m[48;2;242;220;46m▀[0m[38;2;242;220;46m[48;2;242;220;46m▀[0m[38;2;242;220;46m[48;2;242;220;46m▀[0m[38;2;242;220;46m[48;2;0;0;0m▀[0m[38;2;0;0;0m▀   [38;2;0;0;0m[48;2;0;0;0m▀[0m[38;2;242;220;46m[48;2;242;220;46m▀[0m[38;2;242;220;46m[48;2;242;220;46m▀[0m[38;2;185;158;6m[48;2;185;158;6m▀[0m[38;2;242;220;46m[48;2;242;220;46m▀[0m[38;2;242;220;46m[48;2;242;220;46m▀[0m[38;2;242;220;46m[48;2;185;158;6m▀[0m[38;2;185;158;6m[48;2;242;220;46m▀[0m[38;2;242;220;46m[48;2;242;220;46m▀[0m[38;2;0;0;0m[48;2;242;220;46m▀[0m[38;2;0;0;0m▄ 
  [38;2;0;0;0m[48;2;0;0;0m▀[0m[38;2;185;158;6m[48;2;185;158;6m▀[0m[38;2;255;245;174m[48;2;255;245;174m▀[0m[38;2;255;245;174m[48;2;255;245;174m▀[0m[38;2;255;245;174m[48;2;255;234;91m▀[0m[38;2;255;234;91m[48;2;255;245;174m▀[0m[38;2;255;245;174m[48;2;255;245;174m▀[0m[38;2;255;245;174m[48;2;255;245;174m▀[0m[38;2;255;245;174m[48;2;185;158;6m▀[0m[38;2;185;158;6m[48;2;242;220;46m▀[0m[38;2;242;220;46m[48;2;242;220;46m▀[0m[38;2;242;220;46m[48;2;242;220;46m▀[0m[38;2;242;220;46m[48;2;242;220;46m▀[0m[38;2;242;220;46m[48;2;242;220;46m▀[0m[38;2;242;220;46m[48;2;0;0;0m▀[0m[38;2;242;220;46m[48;2;0;0;0m▀[0m[38;2;0;0;0m▀[38;2;0;0;0m▀    [38;2;0;0;0m[48;2;0;0;0m▀[0m[38;2;242;220;46m[48;2;242;220;46m▀[0m[38;2;242;220;46m[48;2;242;220;46m▀[0m[38;2;185;158;6m[48;2;185;158;6m▀[0m[38;2;242;220;46m[48;2;242;220;46m▀[0m[38;2;242;220;46m[48;2;242;220;46m▀[0m[38;2;242;220;46m[48;2;185;158;6m▀[0m[38;2;185;158;6m[48;2;242;220;46m▀[0m[38;2;242;220;46m[48;2;242;220;46m▀[0m[38;2;242;220;46m[48;2;242;220;46m▀[0m[38;2;242;220;46m[48;2;0;0;0m▀[0m[38;2;0;0;0m▀ 
  [38;2;0;0;0m▀[38;2;185;158;6m[48;2;0;0;0m▀[0m[38;2;255;245;174m[48;2;255;245;174m▀[0m[38;2;255;245;174m[48;2;255;245;174m▀[0m[38;2;255;245;174m[48;2;255;245;174m▀[0m[38;2;255;245;174m[48;2;185;158;6m▀[0m[38;2;185;158;6m[48;2;242;220;46m▀[0m[38;2;185;158;6m[48;2;242;220;46m▀[0m[38;2;242;220;46m[48;2;242;220;46m▀[0m[38;2;242;220;46m[48;2;242;220;46m▀[0m[38;2;242;220;46m[48;2;65;65;65m▀[0m[38;2;65;65;65m[48;2;65;65;65m▀[0m[38;2;65;65;65m[48;2;192;119;34m▀[0m[38;2;0;0;0m[48;2;192;119;34m▀[0m[38;2;0;0;0m▄[38;2;0;0;0m▄      [38;2;0;0;0m[48;2;0;0;0m▀[0m[38;2;242;220;46m[48;2;185;158;6m▀[0m[38;2;185;158;6m[48;2;185;158;6m▀[0m[38;2;242;220;46m[48;2;242;220;46m▀[0m[38;2;242;220;46m[48;2;185;158;6m▀[0m[38;2;185;158;6m[48;2;242;220;46m▀[0m[38;2;242;220;46m[48;2;242;220;46m▀[0m[38;2;242;220;46m[48;2;185;158;6m▀[0m[38;2;242;220;46m[48;2;0;0;0m▀[0m[38;2;0;0;0m▀   
   [38;2;0;0;0m▀[38;2;65;65;65m[48;2;0;0;0m▀[0m[38;2;255;245;174m[48;2;65;65;65m▀[0m[38;2;185;158;6m[48;2;242;220;46m▀[0m[38;2;242;220;46m[48;2;242;220;46m▀[0m[38;2;242;220;46m[48;2;65;65;65m▀[0m[38;2;242;220;46m[48;2;65;65;65m▀[0m[38;2;65;65;65m[48;2;0;0;0m▀[0m[38;2;65;65;65m[48;2;255;255;255m▀[0m[38;2;255;255;255m[48;2;255;255;255m▀[0m[38;2;65;65;65m[48;2;65;65;65m▀[0m[38;2;65;65;65m[48;2;65;65;65m▀[0m[38;2;192;119;34m[48;2;65;65;65m▀[0m[38;2;192;119;34m[48;2;217;151;11m▀[0m[38;2;217;151;11m[48;2;217;151;11m▀[0m[38;2;0;0;0m[48;2;217;151;11m▀[0m[38;2;0;0;0m[48;2;217;151;11m▀[0m[38;2;0;0;0m▄[38;2;0;0;0m▄[38;2;0;0;0m[48;2;192;119;34m▀[0m[38;2;0;0;0m[48;2;192;119;34m▀[0m[38;2;192;119;34m[48;2;192;119;34m▀[0m[38;2;192;119;34m[48;2;65;65;65m▀[0m[38;2;192;119;34m[48;2;65;65;65m▀[0m[38;2;185;158;6m[48;2;65;65;65m▀[0m[38;2;65;65;65m[48;2;247;229;127m▀[0m[38;2;65;65;65m[48;2;247;229;127m▀[0m[38;2;65;65;65m[48;2;247;229;127m▀[0m[38;2;0;0;0m[48;2;202;184;70m▀[0m[38;2;0;0;0m▄    
  [38;2;0;0;0m▄[38;2;0;0;0m[48;2;249;210;51m▀[0m[38;2;249;210;51m[48;2;249;210;51m▀[0m[38;2;249;210;51m[48;2;249;210;51m▀[0m[38;2;65;65;65m[48;2;249;210;51m▀[0m[38;2;65;65;65m[48;2;65;65;65m▀[0m[38;2;255;255;255m[48;2;188;163;46m▀[0m[38;2;0;0;0m[48;2;188;163;46m▀[0m[38;2;0;0;0m[48;2;188;163;46m▀[0m[38;2;255;255;255m[48;2;188;163;46m▀[0m[38;2;82;90;106m[48;2;247;229;127m▀[0m[38;2;65;65;65m[48;2;247;229;127m▀[0m[38;2;65;65;65m[48;2;247;229;127m▀[0m[38;2;65;65;65m[48;2;65;65;65m▀[0m[38;2;65;65;65m[48;2;65;65;65m▀[0m[38;2;217;151;11m[48;2;217;151;11m▀[0m[38;2;217;151;11m[48;2;217;151;11m▀[0m[38;2;217;151;11m[48;2;217;151;11m▀[0m[38;2;217;151;11m[48;2;192;119;34m▀[0m[38;2;217;151;11m[48;2;192;119;34m▀[0m[38;2;65;65;65m[48;2;217;151;11m▀[0m[38;2;65;65;65m[48;2;217;151;11m▀[0m[38;2;65;65;65m[48;2;247;229;127m▀[0m[38;2;247;229;127m[48;2;247;229;127m▀[0m[38;2;247;229;127m[48;2;247;229;127m▀[0m[38;2;247;229;127m[48;2;247;229;127m▀[0m[38;2;247;229;127m[48;2;65;65;65m▀[0m[38;2;202;184;70m[48;2;65;65;65m▀[0m[38;2;65;65;65m[48;2;202;184;70m▀[0m[38;2;65;65;65m[48;2;0;0;0m▀[0m[38;2;0;0;0m▀    
 [38;2;0;0;0m[48;2;0;0;0m▀[0m[38;2;249;210;51m[48;2;249;210;51m▀[0m[38;2;249;210;51m[48;2;249;210;51m▀[0m[38;2;249;210;51m[48;2;249;210;51m▀[0m[38;2;249;210;51m[48;2;136;97;1m▀[0m[38;2;249;210;51m[48;2;136;97;1m▀[0m[38;2;249;210;51m[48;2;136;97;1m▀[0m[38;2;65;65;65m[48;2;65;65;65m▀[0m[38;2;247;229;127m[48;2;247;229;127m▀[0m[38;2;247;229;127m[48;2;247;229;127m▀[0m[38;2;247;229;127m[48;2;247;229;127m▀[0m[38;2;247;229;127m[48;2;247;229;127m▀[0m[38;2;247;229;127m[48;2;247;229;127m▀[0m[38;2;82;90;106m[48;2;65;65;65m▀[0m[38;2;65;65;65m[48;2;217;151;11m▀[0m[38;2;217;151;11m[48;2;217;151;11m▀[0m[38;2;217;151;11m[48;2;192;119;34m▀[0m[38;2;192;119;34m[48;2;217;151;11m▀[0m[38;2;217;151;11m[48;2;217;151;11m▀[0m[38;2;217;151;11m[48;2;217;151;11m▀[0m[38;2;217;151;11m[48;2;217;151;11m▀[0m[38;2;217;151;11m[48;2;217;151;11m▀[0m[38;2;217;151;11m[48;2;217;151;11m▀[0m[38;2;217;151;11m[48;2;217;151;11m▀[0m[38;2;247;229;127m[48;2;247;229;127m▀[0m[38;2;247;229;127m[48;2;247;229;127m▀[0m[38;2;247;229;127m[48;2;247;229;127m▀[0m[38;2;247;229;127m[48;2;202;184;70m▀[0m[38;2;202;184;70m[48;2;202;184;70m▀[0m[38;2;202;184;70m[48;2;0;0;0m▀[0m[38;2;0;0;0m▀     
  [38;2;0;0;0m▀[38;2;0;0;0m▀[38;2;136;97;1m[48;2;0;0;0m▀[0m[38;2;201;155;3m[48;2;0;0;0m▀[0m[38;2;201;155;3m[48;2;201;155;3m▀[0m[38;2;201;155;3m[48;2;65;65;65m▀[0m[38;2;65;65;65m[48;2;247;229;127m▀[0m[38;2;247;229;127m[48;2;247;229;127m▀[0m[38;2;247;229;127m[48;2;247;229;127m▀[0m[38;2;247;229;127m[48;2;247;229;127m▀[0m[38;2;247;229;127m[48;2;247;229;127m▀[0m[38;2;247;229;127m[48;2;247;229;127m▀[0m[38;2;192;119;34m[48;2;247;229;127m▀[0m[38;2;192;119;34m[48;2;192;119;34m▀[0m[38;2;217;151;11m[48;2;192;119;34m▀[0m[38;2;192;119;34m[48;2;65;65;65m▀[0m[38;2;217;151;11m[48;2;192;119;34m▀[0m[38;2;217;151;11m[48;2;217;151;11m▀[0m[38;2;217;151;11m[48;2;217;151;11m▀[0m[38;2;217;151;11m[48;2;217;151;11m▀[0m[38;2;217;151;11m[48;2;192;119;34m▀[0m[38;2;217;151;11m[48;2;192;119;34m▀[0m[38;2;247;229;127m[48;2;202;184;70m▀[0m[38;2;247;229;127m[48;2;202;184;70m▀[0m[38;2;202;184;70m[48;2;202;184;70m▀[0m[38;2;202;184;70m[48;2;202;184;70m▀[0m[38;2;65;65;65m[48;2;202;184;70m▀[0m[38;2;0;0;0m[48;2;202;184;70m▀[0m[38;2;0;0;0m▄      
      [38;2;0;0;0m▀[38;2;0;0;0m▀[38;2;247;229;127m[48;2;0;0;0m▀[0m[38;2;247;229;127m[48;2;0;0;0m▀[0m[38;2;247;229;127m[48;2;247;229;127m▀[0m[38;2;247;229;127m[48;2;247;229;127m▀[0m[38;2;247;229;127m[48;2;202;184;70m▀[0m[38;2;247;229;127m[48;2;202;184;70m▀[0m[38;2;202;184;70m[48;2;202;184;70m▀[0m[38;2;202;184;70m[48;2;202;184;70m▀[0m[38;2;202;184;70m[48;2;202;184;70m▀[0m[38;2;65;65;65m[48;2;202;184;70m▀[0m[38;2;192;119;34m[48;2;65;65;65m▀[0m[38;2;192;119;34m[48;2;192;119;34m▀[0m[38;2;192;119;34m[48;2;192;119;34m▀[0m[38;2;192;119;34m[48;2;192;119;34m▀[0m[38;2;192;119;34m[48;2;192;119;34m▀[0m[38;2;202;184;70m[48;2;192;119;34m▀[0m[38;2;202;184;70m[48;2;202;184;70m▀[0m[38;2;202;184;70m[48;2;202;184;70m▀[0m[38;2;202;184;70m[48;2;202;184;70m▀[0m[38;2;202;184;70m[48;2;0;0;0m▀[0m[38;2;202;184;70m[48;2;0;0;0m▀[0m[38;2;0;0;0m▀       
          [38;2;0;0;0m[48;2;0;0;0m▀[0m[38;2;65;65;65m[48;2;188;163;46m▀[0m[38;2;202;184;70m[48;2;65;65;65m▀[0m[38;2;202;184;70m[48;2;65;65;65m▀[0m[38;2;202;184;70m[48;2;65;65;65m▀[0m[38;2;202;184;70m[48;2;0;0;0m▀[0m[38;2;202;184;70m[48;2;202;184;70m▀[0m[38;2;202;184;70m[48;2;202;184;70m▀[0m[38;2;202;184;70m[48;2;202;184;70m▀[0m[38;2;65;65;65m[48;2;202;184;70m▀[0m[38;2;65;65;65m[48;2;202;184;70m▀[0m[38;2;192;119;34m[48;2;202;184;70m▀[0m[38;2;192;119;34m[48;2;0;0;0m▀[0m[38;2;202;184;70m[48;2;0;0;0m▀[0m[38;2;202;184;70m[48;2;0;0;0m▀[0m[38;2;0;0;0m▀[38;2;0;0;0m▀          
       [38;2;0;0;0m▄[38;2;0;0;0m[48;2;213;213;213m▀[0m[38;2;0;0;0m[48;2;133;96;1m▀[0m[38;2;201;155;3m[48;2;133;96;1m▀[0m[38;2;133;96;1m[48;2;201;155;3m▀[0m[38;2;188;163;46m[48;2;201;155;3m▀[0m[38;2;188;163;46m[48;2;201;155;3m▀[0m[38;2;0;0;0m[48;2;201;155;3m▀[0m[38;2;0;0;0m▄[38;2;0;0;0m[48;2;65;65;65m▀[0m[38;2;202;184;70m[48;2;65;65;65m▀[0m[38;2;202;184;70m[48;2;202;184;70m▀[0m[38;2;202;184;70m[48;2;202;184;70m▀[0m[38;2;202;184;70m[48;2;0;0;0m▀[0m[38;2;0;0;0m▀               
       [38;2;0;0;0m▀[38;2;65;65;65m[48;2;0;0;0m▀[0m[38;2;213;213;213m[48;2;0;0;0m▀[0m[38;2;201;155;3m[48;2;0;0;0m▀[0m[38;2;201;155;3m[48;2;0;0;0m▀[0m[38;2;0;0;0m▀[38;2;0;0;0m[48;2;0;0;0m▀[0m[38;2;65;65;65m[48;2;249;210;51m▀[0m[38;2;201;155;3m[48;2;133;96;1m▀[0m[38;2;133;96;1m[48;2;249;210;51m▀[0m[38;2;201;155;3m[48;2;249;210;51m▀[0m[38;2;201;155;3m[48;2;133;96;1m▀[0m[38;2;201;155;3m[48;2;249;210;51m▀[0m[38;2;201;155;3m[48;2;201;155;3m▀[0m[38;2;0;0;0m[48;2;201;155;3m▀[0m[38;2;0;0;0m▄              
             [38;2;0;0;0m▀[38;2;65;65;65m[48;2;0;0;0m▀[0m[38;2;249;210;51m[48;2;255;255;255m▀[0m[38;2;249;210;51m[48;2;65;65;65m▀[0m[38;2;133;96;1m[48;2;133;96;1m▀[0m[38;2;249;210;51m[48;2;249;210;51m▀[0m[38;2;249;210;51m[48;2;65;65;65m▀[0m[38;2;65;65;65m[48;2;0;0;0m▀[0m[38;2;0;0;0m▀               
               [38;2;0;0;0m▀[38;2;0;0;0m▀[38;2;0;0;0m▀[38;2;255;255;255m[48;2;0;0;0m▀[0m[38;2;0;0;0m▀                 
                                     [0m                                     