        [38;2;0;0;0m▄[38;2;0;0;0m[48;2;57;66;85m▀[0m[38;2;0;0;0m[48;2;0;0;0m▀[0m  [38;2;0;0;0m▄[38;2;0;0;0m▄          
    [38;2;0;0;0m▄[38;2;0;0;0m▄  [38;2;0;0;0m▀[38;2;57;66;85m[48;2;0;0;0m▀[0m[38;2;0;0;0m[48;2;0;0;0m▀[0m [38;2;0;0;0m[48;2;0;0;0m▀[0m[38;2;57;66;85m[48;2;57;66;85m▀[0m[38;2;0;0;0m[48;2;0;0;0m▀[0m          
  [38;2;0;0;0m▄[38;2;0;0;0m[48;2;57;66;85m▀[0m[38;2;255;255;255m[48;2;57;66;85m▀[0m[38;2;0;0;0m[48;2;197;197;214m▀[0m[38;2;0;0;0m▄[38;2;0;0;0m[48;2;247;184;41m▀[0m[38;2;0;0;0m[48;2;57;66;85m▀[0m[38;2;57;66;85m[48;2;57;66;85m▀[0m[38;2;65;65;65m[48;2;57;66;85m▀[0m[38;2;0;0;0m[48;2;57;66;85m▀[0m[38;2;65;65;65m[48;2;57;66;85m▀[0m[38;2;0;0;0m[48;2;57;66;85m▀[0m[38;2;0;0;0m▄          
 [38;2;0;0;0m[48;2;0;0;0m▀[0m[38;2;173;142;255m[48;2;247;184;41m▀[0m[38;2;57;66;85m[48;2;173;142;255m▀[0m[38;2;57;66;85m[48;2;65;65;65m▀[0m[38;2;65;65;65m[48;2;255;255;255m▀[0m[38;2;247;184;41m[48;2;65;65;65m▀[0m[38;2;57;66;85m[48;2;57;66;85m▀[0m[38;2;57;66;85m[48;2;57;66;85m▀[0m[38;2;57;66;85m[48;2;247;184;41m▀[0m[38;2;57;66;85m[48;2;247;184;41m▀[0m[38;2;247;184;41m[48;2;165;90;49m▀[0m[38;2;247;184;41m[48;2;247;184;41m▀[0m[38;2;247;184;41m[48;2;247;184;41m▀[0m[38;2;206;138;41m[48;2;247;184;41m▀[0m[38;2;0;0;0m[48;2;206;138;41m▀[0m[38;2;0;0;0m[48;2;65;65;65m▀[0m[38;2;0;0;0m[48;2;255;255;255m▀[0m[38;2;0;0;0m▄      
 [38;2;0;0;0m[48;2;0;0;0m▀[0m[38;2;247;184;41m[48;2;247;184;41m▀[0m[38;2;247;184;41m[48;2;65;65;65m▀[0m[38;2;65;65;65m[48;2;165;90;49m▀[0m[38;2;197;197;214m[48;2;247;184;41m▀[0m[38;2;0;0;0m[48;2;247;184;41m▀[0m[38;2;214;66;66m[48;2;214;66;66m▀[0m[38;2;214;66;66m[48;2;57;66;85m▀[0m[38;2;247;184;41m[48;2;214;66;66m▀[0m[38;2;65;65;65m[48;2;0;0;0m▀[0m[38;2;197;197;214m[48;2;255;255;255m▀[0m[38;2;247;184;41m[48;2;247;184;41m▀[0m[38;2;247;184;41m[48;2;247;184;41m▀[0m[38;2;247;184;41m[48;2;57;66;85m▀[0m[38;2;65;65;65m[48;2;65;65;65m▀[0m[38;2;255;255;255m[48;2;57;66;85m▀[0m[38;2;57;66;85m[48;2;57;66;85m▀[0m[38;2;57;66;85m[48;2;57;66;85m▀[0m[38;2;0;0;0m[48;2;0;0;0m▀[0m     
  [38;2;0;0;0m▀[38;2;65;65;65m[48;2;0;0;0m▀[0m[38;2;247;184;41m[48;2;57;66;85m▀[0m[38;2;165;90;49m[48;2;247;184;41m▀[0m[38;2;255;255;255m[48;2;206;138;41m▀[0m[38;2;247;184;41m[48;2;165;90;49m▀[0m[38;2;247;184;41m[48;2;165;90;49m▀[0m[38;2;247;184;41m[48;2;165;90;49m▀[0m[38;2;247;184;41m[48;2;255;255;255m▀[0m[38;2;165;90;49m[48;2;247;184;41m▀[0m[38;2;247;184;41m[48;2;57;66;85m▀[0m[38;2;57;66;85m[48;2;247;184;41m▀[0m[38;2;247;184;41m[48;2;247;184;41m▀[0m[38;2;173;142;255m[48;2;247;184;41m▀[0m[38;2;57;66;85m[48;2;173;142;255m▀[0m[38;2;57;66;85m[48;2;173;142;255m▀[0m[38;2;65;65;65m[48;2;197;148;49m▀[0m[38;2;0;0;0m[48;2;0;0;0m▀[0m     
   [38;2;0;0;0m[48;2;0;0;0m▀[0m[38;2;173;142;255m[48;2;173;142;255m▀[0m[38;2;173;142;255m[48;2;105;55;206m▀[0m[38;2;247;184;41m[48;2;57;66;85m▀[0m[38;2;247;184;41m[48;2;247;184;41m▀[0m[38;2;247;184;41m[48;2;247;184;41m▀[0m[38;2;247;184;41m[48;2;108;57;212m▀[0m[38;2;108;57;212m[48;2;173;142;255m▀[0m[38;2;65;65;65m[48;2;173;142;255m▀[0m[38;2;57;66;85m[48;2;65;65;65m▀[0m[38;2;206;138;41m[48;2;57;66;85m▀[0m[38;2;247;184;41m[48;2;206;138;41m▀[0m[38;2;247;184;41m[48;2;206;138;41m▀[0m[38;2;247;184;41m[48;2;65;65;65m▀[0m[38;2;108;57;212m[48;2;0;0;0m▀[0m[38;2;0;0;0m▀[38;2;0;0;0m▄[38;2;0;0;0m[48;2;0;0;0m▀[0m[38;2;0;0;0m[48;2;65;65;65m▀[0m[38;2;0;0;0m▄  
    [38;2;0;0;0m[48;2;0;0;0m▀[0m[38;2;173;142;255m[48;2;65;65;65m▀[0m[38;2;57;66;85m[48;2;57;66;85m▀[0m[38;2;247;184;41m[48;2;57;66;85m▀[0m[38;2;57;66;85m[48;2;57;66;85m▀[0m[38;2;108;57;212m[48;2;173;142;255m▀[0m[38;2;173;142;255m[48;2;105;55;206m▀[0m[38;2;173;142;255m[48;2;65;65;65m▀[0m[38;2;65;65;65m[48;2;57;66;85m▀[0m[38;2;57;66;85m[48;2;57;66;85m▀[0m[38;2;57;66;85m[48;2;57;66;85m▀[0m[38;2;57;66;85m[48;2;57;66;85m▀[0m[38;2;57;66;85m[48;2;57;66;85m▀[0m[38;2;0;0;0m[48;2;0;0;0m▀[0m[38;2;0;0;0m▄[38;2;0;0;0m[48;2;65;65;65m▀[0m[38;2;65;65;65m[48;2;65;65;65m▀[0m[38;2;65;65;65m[48;2;65;65;65m▀[0m[38;2;65;65;65m[48;2;65;65;65m▀[0m[38;2;0;0;0m[48;2;0;0;0m▀[0m 
   [38;2;0;0;0m[48;2;0;0;0m▀[0m[38;2;206;138;41m[48;2;197;197;214m▀[0m[38;2;65;65;65m[48;2;206;138;41m▀[0m[38;2;57;66;85m[48;2;65;65;65m▀[0m[38;2;57;66;85m[48;2;0;0;0m▀[0m[38;2;57;66;85m[48;2;57;66;85m▀[0m[38;2;173;142;255m[48;2;57;66;85m▀[0m[38;2;173;142;255m[48;2;57;66;85m▀[0m[38;2;57;66;85m[48;2;65;65;65m▀[0m[38;2;57;66;85m[48;2;247;184;41m▀[0m[38;2;247;184;41m[48;2;247;184;41m▀[0m[38;2;247;184;41m[48;2;247;184;41m▀[0m[38;2;57;66;85m[48;2;247;184;41m▀[0m[38;2;65;65;65m[48;2;0;0;0m▀[0m[38;2;65;65;65m[48;2;0;0;0m▀[0m[38;2;65;65;65m[48;2;0;0;0m▀[0m[38;2;0;0;0m▀[38;2;0;0;0m[48;2;0;0;0m▀[0m[38;2;65;65;65m[48;2;0;0;0m▀[0m[38;2;0;0;0m▀  
    [38;2;0;0;0m▀[38;2;0;0;0m▀[38;2;0;0;0m▀ [38;2;0;0;0m▀[38;2;0;0;0m▀[38;2;0;0;0m▀[38;2;0;0;0m▀[38;2;247;184;41m[48;2;0;0;0m▀[0m[38;2;247;184;41m[48;2;255;255;255m▀[0m[38;2;247;184;41m[48;2;255;255;255m▀[0m[38;2;206;138;41m[48;2;0;0;0m▀[0m[38;2;0;0;0m▀        
                          [38;2;0;0;0m▀[38;2;0;0;0m▀                        
                                     [0m                                     