          [38;2;0;0;0m▄[38;2;0;0;0m▄[38;2;0;0;0m[48;2;240;244;126m▀[0m[38;2;0;0;0m[48;2;240;244;126m▀[0m[38;2;0;0;0m[48;2;240;244;126m▀[0m[38;2;0;0;0m▄[38;2;0;0;0m▄       
        [38;2;0;0;0m▄[38;2;0;0;0m[48;2;202;220;63m▀[0m[38;2;202;220;63m[48;2;240;244;126m▀[0m[38;2;240;244;126m[48;2;240;244;126m▀[0m[38;2;240;244;126m[48;2;240;244;126m▀[0m[38;2;240;244;126m[48;2;240;244;126m▀[0m[38;2;240;244;126m[48;2;240;244;126m▀[0m[38;2;240;244;126m[48;2;240;244;126m▀[0m[38;2;202;220;63m[48;2;240;244;126m▀[0m[38;2;0;0;0m[48;2;172;197;40m▀[0m[38;2;0;0;0m▄     
     [38;2;0;0;0m▄[38;2;0;0;0m[48;2;202;220;63m▀[0m[38;2;0;0;0m[48;2;240;244;126m▀[0m[38;2;172;197;40m[48;2;240;244;126m▀[0m[38;2;172;197;40m[48;2;240;244;126m▀[0m[38;2;240;244;126m[48;2;240;244;126m▀[0m[38;2;240;244;126m[48;2;240;244;126m▀[0m[38;2;240;244;126m[48;2;240;244;126m▀[0m[38;2;240;244;126m[48;2;240;244;126m▀[0m[38;2;240;244;126m[48;2;240;244;126m▀[0m[38;2;240;244;126m[48;2;240;244;126m▀[0m[38;2;240;244;126m[48;2;240;244;126m▀[0m[38;2;202;220;63m[48;2;240;244;126m▀[0m[38;2;0;0;0m[48;2;0;0;0m▀[0m     
   [38;2;0;0;0m▄[38;2;0;0;0m[48;2;202;220;63m▀[0m[38;2;240;244;126m[48;2;240;244;126m▀[0m[38;2;240;244;126m[48;2;240;244;126m▀[0m[38;2;240;244;126m[48;2;240;244;126m▀[0m[38;2;240;244;126m[48;2;240;244;126m▀[0m[38;2;240;244;126m[48;2;240;244;126m▀[0m[38;2;240;244;126m[48;2;240;244;126m▀[0m[38;2;240;244;126m[48;2;240;244;126m▀[0m[38;2;240;244;126m[48;2;240;244;126m▀[0m[38;2;240;244;126m[48;2;240;244;126m▀[0m[38;2;240;244;126m[48;2;202;220;63m▀[0m[38;2;240;244;126m[48;2;240;244;126m▀[0m[38;2;240;244;126m[48;2;240;244;126m▀[0m[38;2;240;244;126m[48;2;240;244;126m▀[0m[38;2;172;197;40m[48;2;202;220;63m▀[0m[38;2;0;0;0m[48;2;0;0;0m▀[0m    
   [38;2;0;0;0m[48;2;0;0;0m▀[0m[38;2;202;220;63m[48;2;240;244;126m▀[0m[38;2;240;244;126m[48;2;240;244;126m▀[0m[38;2;240;244;126m[48;2;240;244;126m▀[0m[38;2;240;244;126m[48;2;240;244;126m▀[0m[38;2;240;244;126m[48;2;240;244;126m▀[0m[38;2;240;244;126m[48;2;240;244;126m▀[0m[38;2;240;244;126m[48;2;240;244;126m▀[0m[38;2;240;244;126m[48;2;240;244;126m▀[0m[38;2;240;244;126m[48;2;240;244;126m▀[0m[38;2;240;244;126m[48;2;240;244;126m▀[0m[38;2;240;244;126m[48;2;240;244;126m▀[0m[38;2;202;220;63m[48;2;172;197;40m▀[0m[38;2;240;244;126m[48;2;240;244;126m▀[0m[38;2;240;244;126m[48;2;240;244;126m▀[0m[38;2;240;244;126m[48;2;240;244;126m▀[0m[38;2;0;0;0m[48;2;0;0;0m▀[0m    
  [38;2;0;0;0m[48;2;0;0;0m▀[0m[38;2;202;220;63m[48;2;240;244;126m▀[0m[38;2;240;244;126m[48;2;240;244;126m▀[0m[38;2;240;244;126m[48;2;202;220;63m▀[0m[38;2;240;244;126m[48;2;240;244;126m▀[0m[38;2;240;244;126m[48;2;240;244;126m▀[0m[38;2;240;244;126m[48;2;240;244;126m▀[0m[38;2;240;244;126m[48;2;240;244;126m▀[0m[38;2;240;244;126m[48;2;240;244;126m▀[0m[38;2;240;244;126m[48;2;240;244;126m▀[0m[38;2;240;244;126m[48;2;240;244;126m▀[0m[38;2;240;244;126m[48;2;240;244;126m▀[0m[38;2;240;244;126m[48;2;240;244;126m▀[0m[38;2;172;197;40m[48;2;240;244;126m▀[0m[38;2;240;244;126m[48;2;172;197;40m▀[0m[38;2;240;244;126m[48;2;240;244;126m▀[0m[38;2;240;244;126m[48;2;202;220;63m▀[0m[38;2;0;0;0m[48;2;0;0;0m▀[0m    
 [38;2;0;0;0m[48;2;0;0;0m▀[0m[38;2;240;244;126m[48;2;240;244;126m▀[0m[38;2;240;244;126m[48;2;65;65;65m▀[0m[38;2;240;244;126m[48;2;240;244;126m▀[0m[38;2;172;197;40m[48;2;65;65;65m▀[0m[38;2;240;244;126m[48;2;240;244;126m▀[0m[38;2;202;220;63m[48;2;172;197;40m▀[0m[38;2;240;244;126m[48;2;240;244;126m▀[0m[38;2;240;244;126m[48;2;240;244;126m▀[0m[38;2;240;244;126m[48;2;240;244;126m▀[0m[38;2;240;244;126m[48;2;240;244;126m▀[0m[38;2;240;244;126m[48;2;240;244;126m▀[0m[38;2;202;220;63m[48;2;172;197;40m▀[0m[38;2;240;244;126m[48;2;240;244;126m▀[0m[38;2;240;244;126m[48;2;240;244;126m▀[0m[38;2;65;65;65m[48;2;65;65;65m▀[0m[38;2;202;220;63m[48;2;202;220;63m▀[0m[38;2;202;220;63m[48;2;172;197;40m▀[0m[38;2;172;197;40m[48;2;172;197;40m▀[0m[38;2;0;0;0m[48;2;0;0;0m▀[0m   
 [38;2;0;0;0m▄[38;2;0;0;0m[48;2;255;255;255m▀[0m[38;2;189;189;181m[48;2;189;189;181m▀[0m[38;2;65;65;65m[48;2;203;98;21m▀[0m[38;2;172;197;40m[48;2;237;153;66m▀[0m[38;2;65;65;65m[48;2;237;153;66m▀[0m[38;2;65;65;65m[48;2;65;65;65m▀[0m[38;2;240;244;126m[48;2;65;65;65m▀[0m[38;2;240;244;126m[48;2;240;244;126m▀[0m[38;2;240;244;126m[48;2;172;197;40m▀[0m[38;2;240;244;126m[48;2;240;244;126m▀[0m[38;2;240;244;126m[48;2;65;65;65m▀[0m[38;2;65;65;65m[48;2;65;65;65m▀[0m[38;2;240;244;126m[48;2;240;244;126m▀[0m[38;2;240;244;126m[48;2;240;244;126m▀[0m[38;2;240;244;126m[48;2;240;244;126m▀[0m[38;2;65;65;65m[48;2;65;65;65m▀[0m[38;2;172;197;40m[48;2;172;197;40m▀[0m[38;2;172;197;40m[48;2;172;197;40m▀[0m[38;2;0;0;0m[48;2;172;197;40m▀[0m[38;2;0;0;0m[48;2;172;197;40m▀[0m[38;2;0;0;0m▄ 
 [38;2;0;0;0m[48;2;0;0;0m▀[0m[38;2;255;255;255m[48;2;255;255;255m▀[0m[38;2;255;255;255m[48;2;0;0;0m▀[0m[38;2;65;65;65m[48;2;0;0;0m▀[0m[38;2;237;153;66m[48;2;203;98;21m▀[0m[38;2;203;98;21m[48;2;203;98;21m▀[0m[38;2;237;153;66m[48;2;237;153;66m▀[0m[38;2;65;65;65m[48;2;65;65;65m▀[0m[38;2;240;244;126m[48;2;65;65;65m▀[0m[38;2;65;65;65m[48;2;255;255;255m▀[0m[38;2;240;244;126m[48;2;65;65;65m▀[0m[38;2;65;65;65m[48;2;172;197;40m▀[0m[38;2;172;197;40m[48;2;172;197;40m▀[0m[38;2;65;65;65m[48;2;172;197;40m▀[0m[38;2;240;244;126m[48;2;65;65;65m▀[0m[38;2;240;244;126m[48;2;65;65;65m▀[0m[38;2;65;65;65m[48;2;172;197;40m▀[0m[38;2;172;197;40m[48;2;172;197;40m▀[0m[38;2;65;65;65m[48;2;172;197;40m▀[0m[38;2;0;0;0m[48;2;0;0;0m▀[0m[38;2;0;0;0m▀  
  [38;2;0;0;0m▀  [38;2;0;0;0m▀[38;2;65;65;65m[48;2;0;0;0m▀[0m[38;2;65;65;65m[48;2;255;255;255m▀[0m[38;2;255;255;255m[48;2;255;255;255m▀[0m[38;2;255;255;255m[48;2;255;255;255m▀[0m[38;2;255;255;255m[48;2;140;140;140m▀[0m[38;2;65;65;65m[48;2;0;0;0m▀[0m[38;2;172;197;40m[48;2;172;197;40m▀[0m[38;2;172;197;40m[48;2;0;0;0m▀[0m[38;2;172;197;40m[48;2;0;0;0m▀[0m[38;2;172;197;40m[48;2;0;0;0m▀[0m[38;2;172;197;40m[48;2;0;0;0m▀[0m[38;2;0;0;0m[48;2;0;0;0m▀[0m[38;2;0;0;0m▀[38;2;0;0;0m▀[38;2;0;0;0m▀   
       [38;2;0;0;0m▀[38;2;0;0;0m▀[38;2;0;0;0m▀[38;2;0;0;0m▀ [38;2;0;0;0m▀[38;2;0;0;0m▀          
                                     [0m                                     