            [38;2;0;0;0m▄[38;2;0;0;0m[48;2;255;255;255m▀[0m[38;2;0;0;0m[48;2;0;0;0m▀[0m          
   [38;2;0;0;0m▄    [38;2;0;0;0m▄[38;2;0;0;0m▄[38;2;0;0;0m▄[38;2;0;0;0m[48;2;213;205;238m▀[0m[38;2;255;255;255m[48;2;213;205;238m▀[0m[38;2;213;205;238m[48;2;0;0;0m▀[0m[38;2;0;0;0m▀          
  [38;2;0;0;0m[48;2;0;0;0m▀[0m[38;2;213;205;238m[48;2;213;205;238m▀[0m[38;2;0;0;0m[48;2;113;113;131m▀[0m[38;2;0;0;0m▄[38;2;0;0;0m[48;2;251;197;12m▀[0m[38;2;0;0;0m[48;2;251;197;12m▀[0m[38;2;201;134;1m[48;2;251;197;12m▀[0m[38;2;201;134;1m[48;2;251;197;12m▀[0m[38;2;251;197;12m[48;2;201;134;1m▀[0m[38;2;251;197;12m[48;2;201;134;1m▀[0m[38;2;213;205;238m[48;2;251;197;12m▀[0m[38;2;0;0;0m[48;2;0;0;0m▀[0m           
  [38;2;0;0;0m[48;2;0;0;0m▀[0m[38;2;251;197;12m[48;2;201;134;1m▀[0m[38;2;113;113;131m[48;2;113;113;131m▀[0m[38;2;251;197;12m[48;2;176;159;176m▀[0m[38;2;113;113;131m[48;2;255;253;255m▀[0m[38;2;113;113;131m[48;2;176;159;176m▀[0m[38;2;113;113;131m[48;2;255;253;255m▀[0m[38;2;251;197;12m[48;2;113;113;131m▀[0m[38;2;251;197;12m[48;2;251;197;12m▀[0m[38;2;251;197;12m[48;2;251;197;12m▀[0m[38;2;201;134;1m[48;2;113;113;131m▀[0m[38;2;201;134;1m[48;2;113;113;131m▀[0m[38;2;0;0;0m[48;2;201;134;1m▀[0m[38;2;0;0;0m▄[38;2;0;0;0m[48;2;213;205;238m▀[0m[38;2;0;0;0m[48;2;0;0;0m▀[0m       
 [38;2;0;0;0m[48;2;0;0;0m▀[0m[38;2;255;253;255m[48;2;255;253;255m▀[0m[38;2;255;253;255m[48;2;176;159;176m▀[0m[38;2;176;159;176m[48;2;255;253;255m▀[0m[38;2;255;253;255m[48;2;113;113;131m▀[0m[38;2;113;113;131m[48;2;251;197;12m▀[0m[38;2;251;197;12m[48;2;251;197;12m▀[0m[38;2;176;159;176m[48;2;176;159;176m▀[0m[38;2;255;253;255m[48;2;255;253;255m▀[0m[38;2;113;113;131m[48;2;255;253;255m▀[0m[38;2;113;113;131m[48;2;255;253;255m▀[0m[38;2;255;253;255m[48;2;255;253;255m▀[0m[38;2;255;253;255m[48;2;113;113;131m▀[0m[38;2;113;113;131m[48;2;176;159;176m▀[0m[38;2;213;205;238m[48;2;213;205;238m▀[0m[38;2;213;205;238m[48;2;0;0;0m▀[0m[38;2;0;0;0m▀       
 [38;2;0;0;0m[48;2;0;0;0m▀[0m[38;2;255;253;255m[48;2;255;253;255m▀[0m[38;2;176;159;176m[48;2;176;159;176m▀[0m[38;2;113;113;131m[48;2;113;113;131m▀[0m[38;2;255;253;255m[48;2;255;253;255m▀[0m[38;2;228;167;6m[48;2;255;253;255m▀[0m[38;2;255;253;255m[48;2;255;253;255m▀[0m[38;2;113;113;131m[48;2;113;113;131m▀[0m[38;2;176;159;176m[48;2;255;253;255m▀[0m[38;2;255;253;255m[48;2;176;159;176m▀[0m[38;2;255;253;255m[48;2;176;159;176m▀[0m[38;2;176;159;176m[48;2;255;253;255m▀[0m[38;2;255;253;255m[48;2;255;253;255m▀[0m[38;2;201;134;1m[48;2;201;134;1m▀[0m[38;2;251;197;12m[48;2;251;197;12m▀[0m[38;2;0;0;0m[48;2;0;0;0m▀[0m        
 [38;2;0;0;0m▀[38;2;255;253;255m[48;2;0;0;0m▀[0m[38;2;176;159;176m[48;2;172;230;255m▀[0m[38;2;113;113;131m[48;2;113;113;131m▀[0m[38;2;255;253;255m[48;2;176;159;176m▀[0m[38;2;255;253;255m[48;2;255;253;255m▀[0m[38;2;255;253;255m[48;2;113;113;131m▀[0m[38;2;113;113;131m[48;2;255;253;255m▀[0m[38;2;255;253;255m[48;2;251;197;12m▀[0m[38;2;255;253;255m[48;2;176;159;176m▀[0m[38;2;176;159;176m[48;2;255;253;255m▀[0m[38;2;255;253;255m[48;2;255;253;255m▀[0m[38;2;255;253;255m[48;2;255;253;255m▀[0m[38;2;201;134;1m[48;2;255;253;255m▀[0m[38;2;0;0;0m[48;2;0;0;0m▀[0m         
  [38;2;0;0;0m▀[38;2;172;230;255m[48;2;0;0;0m▀[0m[38;2;251;197;12m[48;2;251;197;12m▀[0m[38;2;113;113;131m[48;2;251;197;12m▀[0m[38;2;113;113;131m[48;2;251;197;12m▀[0m[38;2;251;197;12m[48;2;172;230;255m▀[0m[38;2;172;230;255m[48;2;172;230;255m▀[0m[38;2;172;230;255m[48;2;251;197;12m▀[0m[38;2;113;113;131m[48;2;113;113;131m▀[0m[38;2;255;253;255m[48;2;255;253;255m▀[0m[38;2;255;253;255m[48;2;255;253;255m▀[0m[38;2;255;253;255m[48;2;0;0;0m▀[0m[38;2;0;0;0m▀   [38;2;0;0;0m▄[38;2;0;0;0m▄     
    [38;2;0;0;0m▀[38;2;201;134;1m[48;2;0;0;0m▀[0m[38;2;251;197;12m[48;2;176;159;176m▀[0m[38;2;251;197;12m[48;2;201;134;1m▀[0m[38;2;251;197;12m[48;2;201;134;1m▀[0m[38;2;201;134;1m[48;2;255;253;255m▀[0m[38;2;201;134;1m[48;2;176;159;176m▀[0m[38;2;113;113;131m[48;2;255;253;255m▀[0m[38;2;0;0;0m[48;2;255;253;255m▀[0m[38;2;0;0;0m▄[38;2;0;0;0m▄ [38;2;0;0;0m▄[38;2;0;0;0m[48;2;176;159;176m▀[0m[38;2;255;253;255m[48;2;176;159;176m▀[0m[38;2;255;253;255m[48;2;176;159;176m▀[0m[38;2;0;0;0m[48;2;176;159;176m▀[0m[38;2;0;0;0m▄   
    [38;2;0;0;0m▄[38;2;0;0;0m[48;2;176;159;176m▀[0m[38;2;201;134;1m[48;2;251;197;12m▀[0m[38;2;251;197;12m[48;2;251;197;12m▀[0m[38;2;228;167;6m[48;2;251;197;12m▀[0m[38;2;255;253;255m[48;2;228;167;6m▀[0m[38;2;255;253;255m[48;2;255;253;255m▀[0m[38;2;113;113;131m[48;2;255;253;255m▀[0m[38;2;113;113;131m[48;2;176;159;176m▀[0m[38;2;255;253;255m[48;2;113;113;131m▀[0m[38;2;255;253;255m[48;2;113;113;131m▀[0m[38;2;0;0;0m[48;2;176;159;176m▀[0m[38;2;176;159;176m[48;2;176;159;176m▀[0m[38;2;176;159;176m[48;2;0;0;0m▀[0m[38;2;176;159;176m[48;2;0;0;0m▀[0m[38;2;255;253;255m[48;2;0;0;0m▀[0m[38;2;255;253;255m[48;2;0;0;0m▀[0m[38;2;255;253;255m[48;2;255;253;255m▀[0m[38;2;0;0;0m[48;2;255;253;255m▀[0m[38;2;0;0;0m▄ 
    [38;2;0;0;0m▀[38;2;176;159;176m[48;2;0;0;0m▀[0m[38;2;201;134;1m[48;2;176;159;176m▀[0m[38;2;255;253;255m[48;2;113;113;131m▀[0m[38;2;228;167;6m[48;2;255;253;255m▀[0m[38;2;201;134;1m[48;2;255;253;255m▀[0m[38;2;255;253;255m[48;2;176;159;176m▀[0m[38;2;176;159;176m[48;2;255;253;255m▀[0m[38;2;113;113;131m[48;2;255;253;255m▀[0m[38;2;176;159;176m[48;2;0;0;0m▀[0m[38;2;176;159;176m[48;2;0;0;0m▀[0m[38;2;0;0;0m▀[38;2;0;0;0m▀    [38;2;0;0;0m[48;2;0;0;0m▀[0m[38;2;228;167;6m[48;2;251;197;12m▀[0m[38;2;0;0;0m[48;2;0;0;0m▀[0m 
      [38;2;0;0;0m▀[38;2;176;159;176m[48;2;0;0;0m▀[0m[38;2;0;0;0m▀[38;2;0;0;0m▀[38;2;255;253;255m[48;2;0;0;0m▀[0m[38;2;255;253;255m[48;2;255;253;255m▀[0m[38;2;0;0;0m[48;2;0;0;0m▀[0m         [38;2;0;0;0m▀  
                               [38;2;0;0;0m▀                                 
                                     [0m                                     