                     [38;2;0;0;0m[48;2;0;0;0m▀[0m[38;2;0;0;0m[48;2;184;229;255m▀[0m[38;2;0;0;0m▄  
     [38;2;0;0;0m▄[38;2;0;0;0m▄[38;2;0;0;0m[48;2;184;229;255m▀[0m[38;2;0;0;0m[48;2;66;142;241m▀[0m[38;2;0;0;0m▄[38;2;0;0;0m▄[38;2;0;0;0m▄[38;2;0;0;0m[48;2;184;229;255m▀[0m[38;2;0;0;0m[48;2;0;0;0m▀[0m   [38;2;0;0;0m▄[38;2;0;0;0m[48;2;116;178;255m▀[0m[38;2;0;0;0m▄[38;2;0;0;0m▄[38;2;0;0;0m[48;2;116;178;255m▀[0m[38;2;184;229;255m[48;2;184;229;255m▀[0m[38;2;184;229;255m[48;2;184;229;255m▀[0m[38;2;0;0;0m[48;2;0;0;0m▀[0m 
    [38;2;0;0;0m[48;2;0;0;0m▀[0m[38;2;184;229;255m[48;2;184;229;255m▀[0m[38;2;116;178;255m[48;2;184;229;255m▀[0m[38;2;184;229;255m[48;2;116;178;255m▀[0m[38;2;116;178;255m[48;2;184;229;255m▀[0m[38;2;116;178;255m[48;2;66;142;241m▀[0m[38;2;184;229;255m[48;2;66;142;241m▀[0m[38;2;184;229;255m[48;2;116;178;255m▀[0m[38;2;116;178;255m[48;2;0;0;0m▀[0m[38;2;0;0;0m▀  [38;2;0;0;0m▄[38;2;0;0;0m[48;2;116;178;255m▀[0m[38;2;66;142;241m[48;2;184;229;255m▀[0m[38;2;66;142;241m[48;2;66;142;241m▀[0m[38;2;116;178;255m[48;2;184;229;255m▀[0m[38;2;184;229;255m[48;2;184;229;255m▀[0m[38;2;184;229;255m[48;2;116;178;255m▀[0m[38;2;116;178;255m[48;2;0;0;0m▀[0m[38;2;0;0;0m▀ 
 [38;2;0;0;0m▄[38;2;0;0;0m▄[38;2;0;0;0m[48;2;65;65;65m▀[0m[38;2;184;229;255m[48;2;184;229;255m▀[0m[38;2;184;229;255m[48;2;184;229;255m▀[0m[38;2;184;229;255m[48;2;116;178;255m▀[0m[38;2;66;142;241m[48;2;66;142;241m▀[0m[38;2;66;142;241m[48;2;66;142;241m▀[0m[38;2;66;142;241m[48;2;66;142;241m▀[0m[38;2;65;65;65m[48;2;255;238;155m▀[0m[38;2;65;65;65m[48;2;255;238;155m▀[0m[38;2;0;0;0m▄ [38;2;0;0;0m▄[38;2;0;0;0m▄[38;2;0;0;0m[48;2;65;65;65m▀[0m[38;2;184;229;255m[48;2;184;229;255m▀[0m[38;2;184;229;255m[48;2;116;178;255m▀[0m[38;2;66;142;241m[48;2;66;142;241m▀[0m[38;2;66;142;241m[48;2;66;142;241m▀[0m[38;2;66;142;241m[48;2;116;178;255m▀[0m[38;2;66;142;241m[48;2;0;0;0m▀[0m[38;2;0;0;0m▀  
 [38;2;0;0;0m▀[38;2;193;178;103m[48;2;0;0;0m▀[0m[38;2;65;65;65m[48;2;193;178;103m▀[0m[38;2;66;142;241m[48;2;65;65;65m▀[0m[38;2;116;178;255m[48;2;66;142;241m▀[0m[38;2;66;142;241m[48;2;66;142;241m▀[0m[38;2;66;142;241m[48;2;255;238;155m▀[0m[38;2;255;238;155m[48;2;255;238;155m▀[0m[38;2;255;238;155m[48;2;66;142;241m▀[0m[38;2;66;142;241m[48;2;65;65;65m▀[0m[38;2;0;0;0m[48;2;116;178;255m▀[0m[38;2;0;0;0m▄[38;2;0;0;0m[48;2;116;178;255m▀[0m[38;2;66;142;241m[48;2;116;178;255m▀[0m[38;2;184;229;255m[48;2;66;142;241m▀[0m[38;2;116;178;255m[48;2;66;142;241m▀[0m[38;2;65;65;65m[48;2;255;238;155m▀[0m[38;2;66;142;241m[48;2;65;65;65m▀[0m[38;2;66;142;241m[48;2;0;0;0m▀[0m[38;2;0;0;0m▀[38;2;0;0;0m▀    
   [38;2;0;0;0m[48;2;0;0;0m▀[0m[38;2;255;247;206m[48;2;255;247;206m▀[0m[38;2;65;65;65m[48;2;255;247;206m▀[0m[38;2;65;65;65m[48;2;255;247;206m▀[0m[38;2;255;238;155m[48;2;193;178;103m▀[0m[38;2;255;238;155m[48;2;0;0;0m▀[0m[38;2;255;238;155m[48;2;255;238;155m▀[0m[38;2;255;238;155m[48;2;255;238;155m▀[0m[38;2;65;65;65m[48;2;255;238;155m▀[0m[38;2;184;229;255m[48;2;66;142;241m▀[0m[38;2;184;229;255m[48;2;66;142;241m▀[0m[38;2;66;142;241m[48;2;255;247;206m▀[0m[38;2;255;247;206m[48;2;255;247;206m▀[0m[38;2;255;247;206m[48;2;255;247;206m▀[0m[38;2;255;247;206m[48;2;255;247;206m▀[0m[38;2;255;238;155m[48;2;255;238;155m▀[0m[38;2;0;0;0m[48;2;255;238;155m▀[0m[38;2;0;0;0m▄[38;2;0;0;0m[48;2;184;229;255m▀[0m[38;2;0;0;0m[48;2;184;229;255m▀[0m[38;2;0;0;0m[48;2;0;0;0m▀[0m  
   [38;2;0;0;0m▀[38;2;255;247;206m[48;2;0;0;0m▀[0m[38;2;255;247;206m[48;2;255;247;206m▀[0m[38;2;255;247;206m[48;2;255;238;155m▀[0m[38;2;0;0;0m[48;2;132;132;115m▀[0m[38;2;0;0;0m[48;2;255;238;155m▀[0m[38;2;255;238;155m[48;2;255;238;155m▀[0m[38;2;193;178;103m[48;2;193;178;103m▀[0m[38;2;255;238;155m[48;2;255;238;155m▀[0m[38;2;255;247;206m[48;2;255;238;155m▀[0m[38;2;255;247;206m[48;2;255;247;206m▀[0m[38;2;255;247;206m[48;2;255;247;206m▀[0m[38;2;255;247;206m[48;2;255;238;155m▀[0m[38;2;255;247;206m[48;2;255;238;155m▀[0m[38;2;255;238;155m[48;2;255;238;155m▀[0m[38;2;255;238;155m[48;2;255;238;155m▀[0m[38;2;255;238;155m[48;2;66;142;241m▀[0m[38;2;116;178;255m[48;2;116;178;255m▀[0m[38;2;116;178;255m[48;2;66;142;241m▀[0m[38;2;0;0;0m[48;2;0;0;0m▀[0m   
    [38;2;0;0;0m[48;2;0;0;0m▀[0m[38;2;255;247;206m[48;2;255;238;155m▀[0m[38;2;255;238;155m[48;2;193;178;103m▀[0m[38;2;255;238;155m[48;2;255;238;155m▀[0m[38;2;255;238;155m[48;2;65;65;65m▀[0m[38;2;193;178;103m[48;2;255;238;155m▀[0m[38;2;255;238;155m[48;2;255;238;155m▀[0m[38;2;255;238;155m[48;2;255;238;155m▀[0m[38;2;255;238;155m[48;2;255;238;155m▀[0m[38;2;255;238;155m[48;2;255;238;155m▀[0m[38;2;255;238;155m[48;2;255;238;155m▀[0m[38;2;255;238;155m[48;2;255;238;155m▀[0m[38;2;65;65;65m[48;2;65;65;65m▀[0m[38;2;255;238;155m[48;2;255;238;155m▀[0m[38;2;255;238;155m[48;2;255;238;155m▀[0m[38;2;255;238;155m[48;2;255;238;155m▀[0m[38;2;66;142;241m[48;2;0;0;0m▀[0m[38;2;0;0;0m▀    
     [38;2;0;0;0m▀[38;2;65;65;65m[48;2;0;0;0m▀[0m[38;2;65;65;65m[48;2;193;178;103m▀[0m[38;2;255;238;155m[48;2;150;139;84m▀[0m[38;2;255;238;155m[48;2;255;238;155m▀[0m[38;2;255;238;155m[48;2;193;178;103m▀[0m[38;2;255;238;155m[48;2;255;238;155m▀[0m[38;2;255;238;155m[48;2;255;238;155m▀[0m[38;2;193;178;103m[48;2;66;142;241m▀[0m[38;2;255;238;155m[48;2;116;178;255m▀[0m[38;2;65;65;65m[48;2;116;178;255m▀[0m[38;2;66;142;241m[48;2;66;142;241m▀[0m[38;2;65;65;65m[48;2;0;0;0m▀[0m[38;2;193;178;103m[48;2;65;65;65m▀[0m[38;2;193;178;103m[48;2;132;132;115m▀[0m[38;2;0;0;0m[48;2;0;0;0m▀[0m     
      [38;2;0;0;0m[48;2;0;0;0m▀[0m[38;2;193;178;103m[48;2;65;65;65m▀[0m[38;2;193;178;103m[48;2;65;65;65m▀[0m[38;2;0;0;0m[48;2;0;0;0m▀[0m[38;2;0;0;0m▀[38;2;255;238;155m[48;2;0;0;0m▀[0m[38;2;255;238;155m[48;2;255;238;155m▀[0m[38;2;255;238;155m[48;2;255;238;155m▀[0m[38;2;65;65;65m[48;2;65;65;65m▀[0m[38;2;66;142;241m[48;2;0;0;0m▀[0m[38;2;0;0;0m▀ [38;2;0;0;0m▀[38;2;0;0;0m▀      
       [38;2;0;0;0m▀[38;2;0;0;0m▀  [38;2;0;0;0m[48;2;0;0;0m▀[0m[38;2;255;238;155m[48;2;132;132;115m▀[0m[38;2;255;238;155m[48;2;132;132;115m▀[0m[38;2;0;0;0m[48;2;0;0;0m▀[0m           
                         [38;2;0;0;0m▀[38;2;0;0;0m▀                         
                                     [0m                                     