      [38;2;0;0;0m▄[38;2;0;0;0m[48;2;82;106;164m▀[0m[38;2;0;0;0m[48;2;90;139;230m▀[0m[38;2;0;0;0m[48;2;90;139;230m▀[0m[38;2;0;0;0m[48;2;90;139;230m▀[0m[38;2;0;0;0m[48;2;82;106;164m▀[0m[38;2;0;0;0m▄      
 [38;2;0;0;0m▄[38;2;0;0;0m[48;2;238;139;180m▀[0m[38;2;0;0;0m[48;2;238;139;180m▀[0m[38;2;0;0;0m▄[38;2;0;0;0m[48;2;74;74;74m▀[0m[38;2;90;139;230m[48;2;82;106;164m▀[0m[38;2;90;139;230m[48;2;90;139;230m▀[0m[38;2;90;139;230m[48;2;90;139;230m▀[0m[38;2;90;139;230m[48;2;90;139;230m▀[0m[38;2;90;139;230m[48;2;255;255;255m▀[0m[38;2;90;139;230m[48;2;90;139;230m▀[0m[38;2;90;139;230m[48;2;90;139;230m▀[0m[38;2;0;0;0m[48;2;82;106;164m▀[0m[38;2;0;0;0m▄    
 [38;2;0;0;0m▀[38;2;238;139;180m[48;2;0;0;0m▀[0m[38;2;238;139;180m[48;2;213;106;156m▀[0m[38;2;213;106;156m[48;2;255;255;255m▀[0m[38;2;255;255;255m[48;2;255;255;255m▀[0m[38;2;255;255;255m[48;2;255;255;255m▀[0m[38;2;82;106;164m[48;2;255;255;255m▀[0m[38;2;90;139;230m[48;2;82;106;164m▀[0m[38;2;255;255;255m[48;2;0;0;0m▀[0m[38;2;0;0;0m[48;2;74;74;74m▀[0m[38;2;255;255;255m[48;2;255;255;255m▀[0m[38;2;90;139;230m[48;2;90;139;230m▀[0m[38;2;90;139;230m[48;2;90;139;230m▀[0m[38;2;0;0;0m[48;2;82;106;164m▀[0m[38;2;0;0;0m▄[38;2;0;0;0m▄  
   [38;2;0;0;0m▀[38;2;255;255;255m[48;2;0;0;0m▀[0m[38;2;74;74;74m[48;2;255;255;255m▀[0m[38;2;74;74;74m[48;2;255;255;255m▀[0m[38;2;255;255;255m[48;2;82;106;164m▀[0m[38;2;82;106;164m[48;2;90;139;230m▀[0m[38;2;255;255;255m[48;2;90;139;230m▀[0m[38;2;255;255;255m[48;2;197;197;197m▀[0m[38;2;197;197;197m[48;2;90;139;230m▀[0m[38;2;90;139;230m[48;2;90;139;230m▀[0m[38;2;82;106;164m[48;2;90;139;230m▀[0m[38;2;90;139;230m[48;2;0;0;0m▀[0m[38;2;90;139;230m[48;2;90;139;230m▀[0m[38;2;82;106;164m[48;2;90;139;230m▀[0m[38;2;0;0;0m[48;2;0;0;0m▀[0m 
     [38;2;0;0;0m▀[38;2;90;139;230m[48;2;0;0;0m▀[0m[38;2;90;139;230m[48;2;74;74;74m▀[0m[38;2;90;139;230m[48;2;90;139;230m▀[0m[38;2;90;139;230m[48;2;90;139;230m▀[0m[38;2;90;139;230m[48;2;90;139;230m▀[0m[38;2;90;139;230m[48;2;90;139;230m▀[0m[38;2;90;139;230m[48;2;74;74;74m▀[0m[38;2;0;0;0m[48;2;0;0;0m▀[0m [38;2;0;0;0m▀[38;2;0;0;0m▀  
   [38;2;0;0;0m▄[38;2;0;0;0m[48;2;164;230;230m▀[0m[38;2;0;0;0m[48;2;164;230;230m▀[0m[38;2;164;230;230m[48;2;164;230;230m▀[0m[38;2;123;180;197m[48;2;164;230;230m▀[0m[38;2;74;74;74m[48;2;164;230;230m▀[0m[38;2;74;74;74m[48;2;164;230;230m▀[0m[38;2;74;74;74m[48;2;164;230;230m▀[0m[38;2;74;74;74m[48;2;164;230;230m▀[0m[38;2;123;180;197m[48;2;164;230;230m▀[0m[38;2;164;230;230m[48;2;164;230;230m▀[0m[38;2;0;0;0m[48;2;164;230;230m▀[0m[38;2;0;0;0m[48;2;164;230;230m▀[0m[38;2;0;0;0m▄  
    [38;2;0;0;0m▀[38;2;0;0;0m▀[38;2;0;0;0m▀[38;2;164;230;230m[48;2;0;0;0m▀[0m[38;2;164;230;230m[48;2;74;74;74m▀[0m[38;2;74;74;74m[48;2;82;106;164m▀[0m[38;2;74;74;74m[48;2;82;106;164m▀[0m[38;2;164;230;230m[48;2;74;74;74m▀[0m[38;2;164;230;230m[48;2;74;74;74m▀[0m[38;2;74;74;74m[48;2;82;106;164m▀[0m[38;2;74;74;74m[48;2;0;0;0m▀[0m[38;2;0;0;0m▀   
   [38;2;0;0;0m▄[38;2;0;0;0m▄[38;2;0;0;0m[48;2;74;74;74m▀[0m[38;2;0;0;0m[48;2;82;106;164m▀[0m[38;2;82;106;164m[48;2;82;106;164m▀[0m[38;2;82;106;164m[48;2;74;74;74m▀[0m[38;2;82;106;164m[48;2;74;74;74m▀[0m[38;2;90;139;230m[48;2;90;139;230m▀[0m[38;2;90;139;230m[48;2;90;139;230m▀[0m[38;2;74;74;74m[48;2;74;74;74m▀[0m[38;2;82;106;164m[48;2;82;106;164m▀[0m[38;2;82;106;164m[48;2;82;106;164m▀[0m[38;2;0;0;0m[48;2;74;74;74m▀[0m[38;2;0;0;0m[48;2;82;106;164m▀[0m[38;2;0;0;0m▄ 
  [38;2;0;0;0m▀[38;2;197;197;197m[48;2;0;0;0m▀[0m[38;2;82;106;164m[48;2;0;0;0m▀[0m[38;2;82;106;164m[48;2;0;0;0m▀[0m[38;2;82;106;164m[48;2;74;74;74m▀[0m[38;2;74;74;74m[48;2;90;139;230m▀[0m[38;2;74;74;74m[48;2;90;139;230m▀[0m[38;2;90;139;230m[48;2;90;139;230m▀[0m[38;2;90;139;230m[48;2;90;139;230m▀[0m[38;2;74;74;74m[48;2;0;0;0m▀[0m[38;2;82;106;164m[48;2;0;0;0m▀[0m[38;2;0;0;0m▀[38;2;0;0;0m▀[38;2;0;0;0m▀[38;2;0;0;0m▀  
      [38;2;0;0;0m▀[38;2;255;255;255m[48;2;0;0;0m▀[0m[38;2;90;139;230m[48;2;0;0;0m▀[0m[38;2;255;255;255m[48;2;0;0;0m▀[0m[38;2;0;0;0m▀        
                                     [0m                                     