          [38;2;0;0;0m▄[38;2;0;0;0m[48;2;120;144;255m▀[0m[38;2;0;0;0m▄                
          [38;2;0;0;0m[48;2;0;0;0m▀[0m[38;2;120;144;255m[48;2;80;119;255m▀[0m[38;2;0;0;0m[48;2;0;0;0m▀[0m                
         [38;2;0;0;0m[48;2;0;0;0m▀[0m[38;2;80;119;255m[48;2;82;120;255m▀[0m[38;2;80;119;255m[48;2;82;120;255m▀[0m[38;2;0;0;0m[48;2;35;61;138m▀[0m[38;2;0;1;8m▄               
      [38;2;0;0;0m▄[38;2;0;0;0m[48;2;112;138;255m▀[0m[38;2;0;0;0m[48;2;149;178;255m▀[0m[38;2;80;119;255m[48;2;149;178;255m▀[0m[38;2;82;120;255m[48;2;82;120;255m▀[0m[38;2;82;120;255m[48;2;82;120;255m▀[0m[38;2;84;126;255m[48;2;82;120;255m▀[0m[38;2;84;126;255m[48;2;82;120;255m▀[0m[38;2;0;0;0m[48;2;82;120;255m▀[0m[38;2;0;0;0m[48;2;82;120;255m▀[0m[38;2;0;0;0m▄            
     [38;2;0;0;0m[48;2;0;0;0m▀[0m[38;2;112;138;255m[48;2;80;119;255m▀[0m[38;2;112;138;255m[48;2;80;119;255m▀[0m[38;2;149;178;255m[48;2;148;176;255m▀[0m[38;2;149;178;255m[48;2;148;176;255m▀[0m[38;2;148;176;255m[48;2;82;120;255m▀[0m[38;2;82;120;255m[48;2;82;120;255m▀[0m[38;2;82;120;255m[48;2;80;119;255m▀[0m[38;2;82;120;255m[48;2;80;119;255m▀[0m[38;2;82;120;255m[48;2;46;96;215m▀[0m[38;2;82;120;255m[48;2;46;96;215m▀[0m[38;2;80;119;255m[48;2;84;126;255m▀[0m[38;2;0;0;0m[48;2;0;1;8m▀[0m           
    [38;2;0;0;0m[48;2;0;0;0m▀[0m[38;2;189;176;65m[48;2;189;176;65m▀[0m[38;2;46;96;215m[48;2;64;96;200m▀[0m[38;2;80;119;255m[48;2;80;120;255m▀[0m[38;2;82;120;255m[48;2;80;119;255m▀[0m[38;2;82;120;255m[48;2;80;119;255m▀[0m[38;2;82;120;255m[48;2;82;120;255m▀[0m[38;2;82;120;255m[48;2;82;120;255m▀[0m[38;2;80;119;255m[48;2;46;96;215m▀[0m[38;2;46;96;215m[48;2;236;242;65m▀[0m[38;2;236;242;65m[48;2;246;238;65m▀[0m[38;2;236;242;65m[48;2;160;145;69m▀[0m[38;2;35;61;138m[48;2;230;238;74m▀[0m[38;2;84;126;255m[48;2;9;63;154m▀[0m[38;2;0;0;0m[48;2;0;0;0m▀[0m     [38;2;0;0;0m▄[38;2;0;0;0m▄[38;2;0;0;0m▄  
   [38;2;0;0;0m▄[38;2;0;0;0m[48;2;65;64;65m▀[0m[38;2;189;176;65m[48;2;65;64;65m▀[0m[38;2;65;64;65m[48;2;236;192;226m▀[0m[38;2;65;64;65m[48;2;236;192;226m▀[0m[38;2;65;64;65m[48;2;239;165;238m▀[0m[38;2;80;119;255m[48;2;65;64;65m▀[0m[38;2;82;120;255m[48;2;65;64;65m▀[0m[38;2;82;120;255m[48;2;82;120;255m▀[0m[38;2;46;96;215m[48;2;11;53;164m▀[0m[38;2;236;242;65m[48;2;236;242;65m▀[0m[38;2;74;52;74m[48;2;65;64;65m▀[0m[38;2;246;238;65m[48;2;220;238;65m▀[0m[38;2;142;143;63m[48;2;142;143;63m▀[0m[38;2;9;63;154m[48;2;0;1;8m▀[0m[38;2;0;0;0m▀  [38;2;0;0;0m▄[38;2;0;0;0m[48;2;238;194;228m▀[0m[38;2;0;0;0m[48;2;255;238;245m▀[0m[38;2;238;194;228m[48;2;255;238;245m▀[0m[38;2;238;194;228m[48;2;238;194;228m▀[0m[38;2;65;64;65m[48;2;238;194;228m▀[0m[38;2;0;0;0m[48;2;0;0;0m▀[0m 
 [38;2;0;0;0m▄[38;2;0;0;0m[48;2;238;194;228m▀[0m[38;2;238;194;228m[48;2;238;194;228m▀[0m[38;2;243;220;250m[48;2;238;194;228m▀[0m[38;2;243;220;250m[48;2;238;194;228m▀[0m[38;2;236;192;226m[48;2;240;170;242m▀[0m[38;2;236;192;226m[48;2;240;170;242m▀[0m[38;2;239;165;238m[48;2;233;187;225m▀[0m[38;2;239;165;238m[48;2;65;64;65m▀[0m[38;2;235;191;225m[48;2;65;64;65m▀[0m[38;2;65;64;65m[48;2;46;96;215m▀[0m[38;2;11;53;164m[48;2;46;96;215m▀[0m[38;2;236;242;65m[48;2;10;55;158m▀[0m[38;2;220;238;65m[48;2;204;230;74m▀[0m[38;2;65;64;65m[48;2;204;230;74m▀[0m[38;2;213;214;90m[48;2;0;0;0m▀[0m[38;2;0;1;8m▀  [38;2;0;0;0m[48;2;0;0;0m▀[0m[38;2;238;194;228m[48;2;238;194;228m▀[0m[38;2;238;194;228m[48;2;236;192;226m▀[0m[38;2;255;238;245m[48;2;236;192;226m▀[0m[38;2;255;238;245m[48;2;236;192;226m▀[0m[38;2;238;194;228m[48;2;236;192;226m▀[0m[38;2;238;194;228m[48;2;0;0;0m▀[0m[38;2;0;0;0m▀ 
  [38;2;0;0;0m▀[38;2;0;0;0m▀[38;2;0;0;0m▀[38;2;0;0;0m▀[38;2;0;0;0m▀[38;2;0;0;0m▀[38;2;0;2;32m▀[38;2;46;96;215m[48;2;0;0;0m▀[0m[38;2;46;96;215m[48;2;0;0;0m▀[0m[38;2;46;96;215m[48;2;0;0;0m▀[0m[38;2;46;96;215m[48;2;0;0;0m▀[0m[38;2;46;96;215m[48;2;0;0;0m▀[0m[38;2;0;0;0m▀[38;2;0;0;0m▀   [38;2;0;0;0m[48;2;0;0;0m▀[0m[38;2;238;194;228m[48;2;235;158;234m▀[0m[38;2;238;194;228m[48;2;238;194;228m▀[0m[38;2;236;192;226m[48;2;238;194;228m▀[0m[38;2;236;192;226m[48;2;235;158;234m▀[0m[38;2;236;192;226m[48;2;235;158;234m▀[0m[38;2;233;153;226m[48;2;0;0;0m▀[0m[38;2;0;0;0m▀  
   [38;2;0;0;0m▄[38;2;0;0;0m[48;2;236;192;226m▀[0m[38;2;0;0;0m[48;2;233;153;226m▀[0m[38;2;0;0;0m[48;2;235;158;234m▀[0m[38;2;0;0;0m▄[38;2;0;0;0m▄    [38;2;0;0;0m▄[38;2;0;0;0m[48;2;148;176;255m▀[0m[38;2;0;0;0m[48;2;82;120;255m▀[0m[38;2;0;0;0m[48;2;80;119;255m▀[0m[38;2;0;0;0m▄[38;2;0;0;0m[48;2;65;64;65m▀[0m[38;2;235;158;234m[48;2;235;158;234m▀[0m[38;2;235;158;234m[48;2;235;158;234m▀[0m[38;2;235;158;234m[48;2;235;158;234m▀[0m[38;2;235;158;234m[48;2;0;0;0m▀[0m[38;2;235;158;234m[48;2;0;0;0m▀[0m[38;2;0;0;0m▀    
  [38;2;0;0;0m▀[38;2;238;194;228m[48;2;0;0;0m▀[0m[38;2;236;192;226m[48;2;240;170;242m▀[0m[38;2;236;192;226m[48;2;240;170;242m▀[0m[38;2;235;158;234m[48;2;235;158;234m▀[0m[38;2;235;158;234m[48;2;235;158;234m▀[0m[38;2;235;158;234m[48;2;235;158;234m▀[0m[38;2;0;0;0m[48;2;235;158;234m▀[0m[38;2;0;0;0m[48;2;235;158;234m▀[0m[38;2;0;0;0m▄[38;2;0;0;0m[48;2;74;58;76m▀[0m[38;2;148;176;255m[48;2;110;117;158m▀[0m[38;2;148;176;255m[48;2;148;176;255m▀[0m[38;2;148;176;255m[48;2;82;120;255m▀[0m[38;2;80;119;255m[48;2;80;119;255m▀[0m[38;2;80;119;255m[48;2;80;119;255m▀[0m[38;2;65;64;65m[48;2;241;171;243m▀[0m[38;2;235;158;234m[48;2;65;64;65m▀[0m[38;2;32;55;89m[48;2;46;96;215m▀[0m[38;2;6;0;16m[48;2;0;0;0m▀[0m       
    [38;2;0;0;0m▀[38;2;0;0;0m▀[38;2;235;158;234m[48;2;0;0;0m▀[0m[38;2;235;158;234m[48;2;0;0;0m▀[0m[38;2;235;158;234m[48;2;0;0;0m▀[0m[38;2;235;158;234m[48;2;0;0;0m▀[0m[38;2;235;158;234m[48;2;0;0;0m▀[0m[38;2;235;158;234m[48;2;0;0;0m▀[0m[38;2;0;5;32m▀[38;2;231;197;219m[48;2;0;0;0m▀[0m[38;2;82;120;255m[48;2;236;192;226m▀[0m[38;2;82;120;255m[48;2;236;192;226m▀[0m[38;2;80;119;255m[48;2;236;192;226m▀[0m[38;2;238;194;228m[48;2;236;192;226m▀[0m[38;2;241;171;243m[48;2;235;158;234m▀[0m[38;2;241;171;243m[48;2;235;158;234m▀[0m[38;2;46;96;215m[48;2;48;96;215m▀[0m[38;2;46;96;215m[48;2;48;96;215m▀[0m[38;2;0;0;0m[48;2;0;0;0m▀[0m      
             [38;2;0;0;0m▀[38;2;236;192;226m[48;2;0;0;0m▀[0m[38;2;236;192;226m[48;2;235;158;234m▀[0m[38;2;236;192;226m[48;2;240;166;239m▀[0m[38;2;233;153;226m[48;2;240;166;239m▀[0m[38;2;235;158;234m[48;2;48;96;215m▀[0m[38;2;46;96;215m[48;2;48;96;215m▀[0m[38;2;48;96;215m[48;2;46;96;215m▀[0m[38;2;48;96;215m[48;2;46;96;215m▀[0m[38;2;0;0;0m[48;2;0;0;0m▀[0m      
               [38;2;0;0;0m▀[38;2;0;4;74m▀[38;2;82;52;84m[48;2;0;0;0m▀[0m[38;2;48;96;215m[48;2;41;58;86m▀[0m[38;2;48;96;215m[48;2;41;58;86m▀[0m[38;2;46;96;215m[48;2;0;0;0m▀[0m[38;2;0;0;0m▀       
                 [38;2;0;0;0m▄[38;2;9;0;24m[48;2;235;158;234m▀[0m[38;2;239;165;238m[48;2;235;158;234m▀[0m[38;2;0;0;0m[48;2;0;0;0m▀[0m        
               [38;2;0;0;0m▄[38;2;0;0;0m[48;2;236;192;226m▀[0m[38;2;238;194;228m[48;2;236;192;226m▀[0m[38;2;235;158;234m[48;2;238;194;228m▀[0m[38;2;235;158;234m[48;2;238;194;228m▀[0m[38;2;0;0;0m[48;2;0;0;0m▀[0m        
               [38;2;0;0;0m[48;2;0;0;0m▀[0m[38;2;236;192;226m[48;2;255;238;245m▀[0m[38;2;236;192;226m[48;2;238;194;228m▀[0m[38;2;238;194;228m[48;2;238;194;228m▀[0m[38;2;0;0;0m[48;2;0;0;0m▀[0m         
               [38;2;0;0;0m▀[38;2;238;194;228m[48;2;0;0;0m▀[0m[38;2;238;194;228m[48;2;0;0;0m▀[0m[38;2;0;0;0m▀          
                                     [0m                                     