          [38;2;0;0;0m▄[38;2;0;0;0m[48;2;246;129;131m▀[0m[38;2;0;0;0m▄                
          [38;2;0;0;0m[48;2;0;0;0m▀[0m[38;2;246;129;131m[48;2;238;97;106m▀[0m[38;2;0;0;0m[48;2;0;0;0m▀[0m                
         [38;2;0;0;0m[48;2;0;0;0m▀[0m[38;2;238;97;106m[48;2;238;99;106m▀[0m[38;2;238;97;106m[48;2;238;99;106m▀[0m[38;2;0;0;0m[48;2;127;46;53m▀[0m[38;2;8;0;0m▄               
      [38;2;0;0;0m▄[38;2;0;0;0m[48;2;246;121;123m▀[0m[38;2;0;0;0m[48;2;254;161;150m▀[0m[38;2;238;97;106m[48;2;254;161;150m▀[0m[38;2;238;99;106m[48;2;238;99;106m▀[0m[38;2;238;99;106m[48;2;238;99;106m▀[0m[38;2;246;93;106m[48;2;238;99;106m▀[0m[38;2;246;93;106m[48;2;238;99;106m▀[0m[38;2;0;0;0m[48;2;238;99;106m▀[0m[38;2;0;0;0m[48;2;238;99;106m▀[0m[38;2;0;0;0m▄            
     [38;2;0;0;0m[48;2;0;0;0m▀[0m[38;2;246;121;123m[48;2;238;97;106m▀[0m[38;2;246;121;123m[48;2;238;97;106m▀[0m[38;2;254;161;150m[48;2;255;161;148m▀[0m[38;2;254;161;150m[48;2;255;161;148m▀[0m[38;2;255;161;148m[48;2;238;99;106m▀[0m[38;2;238;99;106m[48;2;238;99;106m▀[0m[38;2;238;99;106m[48;2;238;97;106m▀[0m[38;2;238;99;106m[48;2;238;97;106m▀[0m[38;2;238;99;106m[48;2;197;64;82m▀[0m[38;2;238;99;106m[48;2;197;64;82m▀[0m[38;2;238;97;106m[48;2;246;93;106m▀[0m[38;2;0;0;0m[48;2;8;0;0m▀[0m           
    [38;2;0;0;0m[48;2;0;0;0m▀[0m[38;2;189;178;65m[48;2;189;178;65m▀[0m[38;2;197;64;82m[48;2;186;79;87m▀[0m[38;2;238;97;106m[48;2;246;89;98m▀[0m[38;2;238;99;106m[48;2;238;97;106m▀[0m[38;2;238;99;106m[48;2;238;97;106m▀[0m[38;2;238;99;106m[48;2;238;99;106m▀[0m[38;2;238;99;106m[48;2;238;99;106m▀[0m[38;2;238;97;106m[48;2;197;64;82m▀[0m[38;2;197;64;82m[48;2;238;242;65m▀[0m[38;2;238;242;65m[48;2;246;238;65m▀[0m[38;2;238;242;65m[48;2;160;145;69m▀[0m[38;2;127;46;53m[48;2;230;238;74m▀[0m[38;2;246;93;106m[48;2;139;24;49m▀[0m[38;2;0;0;0m[48;2;0;0;0m▀[0m     [38;2;0;0;0m▄[38;2;0;0;0m▄[38;2;0;0;0m▄  
   [38;2;0;0;0m▄[38;2;0;0;0m[48;2;65;64;65m▀[0m[38;2;189;178;65m[48;2;65;64;65m▀[0m[38;2;65;60;65m[48;2;82;180;254m▀[0m[38;2;65;60;65m[48;2;82;180;254m▀[0m[38;2;65;64;65m[48;2;82;153;255m▀[0m[38;2;238;97;106m[48;2;65;64;65m▀[0m[38;2;238;99;106m[48;2;106;68;57m▀[0m[38;2;238;99;106m[48;2;112;93;120m▀[0m[38;2;197;64;82m[48;2;148;28;41m▀[0m[38;2;238;242;65m[48;2;238;242;65m▀[0m[38;2;74;52;74m[48;2;65;64;65m▀[0m[38;2;246;238;65m[48;2;222;238;65m▀[0m[38;2;185;131;61m[48;2;142;143;63m▀[0m[38;2;139;24;49m[48;2;0;0;8m▀[0m[38;2;0;0;0m▀  [38;2;0;0;0m▄[38;2;0;0;0m[48;2;82;182;255m▀[0m[38;2;0;0;0m[48;2;172;222;255m▀[0m[38;2;82;182;255m[48;2;172;222;255m▀[0m[38;2;82;182;255m[48;2;82;182;255m▀[0m[38;2;65;64;65m[48;2;82;182;255m▀[0m[38;2;0;0;0m[48;2;0;0;0m▀[0m 
 [38;2;0;0;0m▄[38;2;0;0;0m[48;2;82;182;255m▀[0m[38;2;82;182;255m[48;2;82;182;255m▀[0m[38;2;123;202;255m[48;2;82;182;255m▀[0m[38;2;123;202;255m[48;2;82;182;255m▀[0m[38;2;82;180;254m[48;2;82;161;255m▀[0m[38;2;82;180;254m[48;2;82;161;255m▀[0m[38;2;82;153;255m[48;2;139;129;213m▀[0m[38;2;82;153;255m[48;2;68;45;71m▀[0m[38;2;123;141;246m[48;2;65;64;65m▀[0m[38;2;106;68;57m[48;2;197;64;82m▀[0m[38;2;148;28;41m[48;2;197;64;82m▀[0m[38;2;238;242;65m[48;2;142;26;43m▀[0m[38;2;222;238;65m[48;2;205;230;74m▀[0m[38;2;65;64;65m[48;2;205;230;74m▀[0m[38;2;213;214;90m[48;2;0;0;0m▀[0m[38;2;0;0;8m▀  [38;2;0;0;0m[48;2;0;0;0m▀[0m[38;2;82;182;255m[48;2;82;182;255m▀[0m[38;2;82;182;255m[48;2;82;180;254m▀[0m[38;2;172;222;255m[48;2;82;180;254m▀[0m[38;2;172;222;255m[48;2;82;180;254m▀[0m[38;2;82;182;255m[48;2;82;180;254m▀[0m[38;2;82;182;255m[48;2;0;0;0m▀[0m[38;2;0;0;0m▀ 
  [38;2;0;0;0m▀[38;2;0;0;0m▀[38;2;0;0;0m▀[38;2;0;0;0m▀[38;2;0;0;0m▀[38;2;0;0;0m▀[38;2;32;4;0m▀[38;2;104;87;142m[48;2;0;0;0m▀[0m[38;2;197;64;82m[48;2;0;0;0m▀[0m[38;2;197;64;82m[48;2;0;0;0m▀[0m[38;2;197;64;82m[48;2;0;0;0m▀[0m[38;2;197;64;82m[48;2;0;0;0m▀[0m[38;2;0;0;0m▀[38;2;0;0;0m▀   [38;2;0;0;0m[48;2;0;0;0m▀[0m[38;2;82;182;255m[48;2;82;140;254m▀[0m[38;2;82;182;255m[48;2;82;182;255m▀[0m[38;2;82;180;254m[48;2;82;182;255m▀[0m[38;2;82;180;254m[48;2;82;140;254m▀[0m[38;2;82;180;254m[48;2;82;141;255m▀[0m[38;2;82;138;254m[48;2;0;0;0m▀[0m[38;2;0;0;0m▀  
   [38;2;0;0;0m▄[38;2;0;0;0m[48;2;82;180;254m▀[0m[38;2;0;0;0m[48;2;82;138;254m▀[0m[38;2;0;0;0m[48;2;82;141;255m▀[0m[38;2;0;0;0m▄[38;2;0;0;0m▄    [38;2;0;0;0m▄[38;2;0;0;0m[48;2;255;161;148m▀[0m[38;2;0;0;0m[48;2;238;99;106m▀[0m[38;2;0;0;0m[48;2;238;97;106m▀[0m[38;2;0;0;0m▄[38;2;0;0;0m[48;2;65;64;65m▀[0m[38;2;82;141;255m[48;2;82;141;255m▀[0m[38;2;82;140;254m[48;2;82;141;255m▀[0m[38;2;82;140;254m[48;2;82;141;255m▀[0m[38;2;82;140;254m[48;2;0;0;0m▀[0m[38;2;82;140;254m[48;2;0;0;0m▀[0m[38;2;0;0;0m▀    
  [38;2;0;0;0m▀[38;2;82;182;255m[48;2;0;0;0m▀[0m[38;2;82;180;254m[48;2;82;161;255m▀[0m[38;2;82;180;254m[48;2;82;161;255m▀[0m[38;2;82;141;255m[48;2;82;140;254m▀[0m[38;2;82;141;255m[48;2;82;140;254m▀[0m[38;2;82;141;255m[48;2;82;140;254m▀[0m[38;2;0;0;0m[48;2;82;140;254m▀[0m[38;2;0;0;0m[48;2;82;141;255m▀[0m[38;2;0;0;0m▄[38;2;0;0;0m[48;2;74;58;76m▀[0m[38;2;255;161;148m[48;2;115;116;153m▀[0m[38;2;255;161;148m[48;2;255;161;148m▀[0m[38;2;255;161;148m[48;2;238;99;106m▀[0m[38;2;238;97;106m[48;2;238;97;106m▀[0m[38;2;238;97;106m[48;2;238;97;106m▀[0m[38;2;65;64;65m[48;2;82;165;255m▀[0m[38;2;82;141;255m[48;2;65;64;65m▀[0m[38;2;38;52;84m[48;2;197;64;82m▀[0m[38;2;16;8;0m[48;2;0;0;0m▀[0m       
    [38;2;0;0;0m▀[38;2;0;0;0m▀[38;2;82;140;254m[48;2;0;0;0m▀[0m[38;2;82;140;254m[48;2;0;0;0m▀[0m[38;2;82;140;254m[48;2;0;0;0m▀[0m[38;2;82;140;254m[48;2;0;0;0m▀[0m[38;2;82;141;255m[48;2;0;0;0m▀[0m[38;2;82;141;255m[48;2;0;0;0m▀[0m[38;2;32;0;0m▀[38;2;156;174;230m[48;2;0;0;0m▀[0m[38;2;238;99;106m[48;2;82;180;254m▀[0m[38;2;238;99;106m[48;2;82;180;254m▀[0m[38;2;238;97;106m[48;2;82;180;254m▀[0m[38;2;82;182;255m[48;2;82;180;254m▀[0m[38;2;82;165;255m[48;2;82;141;255m▀[0m[38;2;82;165;255m[48;2;82;141;255m▀[0m[38;2;197;64;82m[48;2;197;66;82m▀[0m[38;2;197;64;82m[48;2;197;66;82m▀[0m[38;2;0;0;0m[48;2;0;0;0m▀[0m      
             [38;2;0;0;0m▀[38;2;82;180;254m[48;2;0;0;0m▀[0m[38;2;82;180;254m[48;2;82;141;255m▀[0m[38;2;82;180;254m[48;2;98;141;255m▀[0m[38;2;82;138;254m[48;2;98;141;255m▀[0m[38;2;82;141;255m[48;2;197;66;82m▀[0m[38;2;197;64;82m[48;2;197;66;82m▀[0m[38;2;197;66;82m[48;2;197;64;82m▀[0m[38;2;197;66;82m[48;2;197;64;82m▀[0m[38;2;0;0;0m[48;2;0;0;0m▀[0m      
               [38;2;0;0;0m▀[38;2;74;8;0m▀[38;2;82;52;84m[48;2;0;0;0m▀[0m[38;2;197;66;82m[48;2;46;56;82m▀[0m[38;2;197;66;82m[48;2;46;56;82m▀[0m[38;2;197;64;82m[48;2;0;0;0m▀[0m[38;2;0;0;0m▀       
                 [38;2;0;0;0m▄[38;2;24;12;0m[48;2;82;140;254m▀[0m[38;2;90;145;246m[48;2;82;140;254m▀[0m[38;2;0;0;0m[48;2;0;0;0m▀[0m        
               [38;2;0;0;0m▄[38;2;0;0;0m[48;2;82;180;254m▀[0m[38;2;82;182;255m[48;2;82;180;254m▀[0m[38;2;82;140;254m[48;2;82;182;255m▀[0m[38;2;82;140;254m[48;2;82;182;255m▀[0m[38;2;0;0;0m[48;2;0;0;0m▀[0m        
               [38;2;0;0;0m[48;2;0;0;0m▀[0m[38;2;82;180;254m[48;2;172;222;255m▀[0m[38;2;82;180;254m[48;2;82;182;255m▀[0m[38;2;82;182;255m[48;2;82;182;255m▀[0m[38;2;0;0;0m[48;2;0;0;0m▀[0m         
               [38;2;0;0;0m▀[38;2;82;182;255m[48;2;0;0;0m▀[0m[38;2;82;182;255m[48;2;0;0;0m▀[0m[38;2;0;0;0m▀          
                                     [0m                                     