                   [38;2;0;0;0m▄[38;2;0;0;0m[48;2;251;210;208m▀[0m[38;2;0;0;0m[48;2;251;210;208m▀[0m[38;2;0;0;0m▄[38;2;0;0;0m▄                 
                  [38;2;0;0;0m▄[38;2;0;0;0m[48;2;251;210;208m▀[0m[38;2;251;210;208m[48;2;251;210;208m▀[0m[38;2;251;210;208m[48;2;251;210;208m▀[0m[38;2;251;210;208m[48;2;251;210;208m▀[0m[38;2;251;210;208m[48;2;251;210;208m▀[0m[38;2;0;0;0m[48;2;251;210;208m▀[0m[38;2;0;0;0m▄          [38;2;0;0;0m▄    
                [38;2;0;0;0m▄[38;2;0;0;0m[48;2;251;210;208m▀[0m[38;2;251;210;208m[48;2;251;210;208m▀[0m[38;2;251;210;208m[48;2;251;210;208m▀[0m[38;2;251;210;208m[48;2;251;210;208m▀[0m[38;2;251;210;208m[48;2;251;210;208m▀[0m[38;2;251;210;208m[48;2;204;153;148m▀[0m[38;2;204;153;148m[48;2;251;210;208m▀[0m[38;2;205;154;149m[48;2;84;105;126m▀[0m[38;2;57;52;74m[48;2;237;234;144m▀[0m[38;2;0;0;0m[48;2;241;238;167m▀[0m[38;2;0;0;0m▄[38;2;0;0;0m▄      [38;2;0;0;0m▀[38;2;241;238;167m[48;2;0;0;0m▀[0m[38;2;0;0;0m[48;2;241;238;167m▀[0m[38;2;0;0;0m▄  
               [38;2;0;0;0m▄[38;2;8;8;0m[48;2;163;102;112m▀[0m[38;2;254;213;211m[48;2;163;102;112m▀[0m[38;2;251;210;208m[48;2;251;210;208m▀[0m[38;2;251;210;208m[48;2;251;210;208m▀[0m[38;2;251;210;208m[48;2;251;210;208m▀[0m[38;2;251;210;208m[48;2;251;210;208m▀[0m[38;2;251;210;208m[48;2;251;210;208m▀[0m[38;2;251;210;208m[48;2;251;210;208m▀[0m[38;2;96;112;129m[48;2;245;204;202m▀[0m[38;2;240;237;170m[48;2;66;65;74m▀[0m[38;2;241;238;160m[48;2;241;238;160m▀[0m[38;2;241;238;160m[48;2;241;238;160m▀[0m[38;2;241;238;167m[48;2;241;238;167m▀[0m[38;2;0;0;0m[48;2;241;238;167m▀[0m[38;2;0;0;0m▄   [38;2;0;0;0m▄[38;2;0;0;0m▄[38;2;0;0;0m[48;2;241;238;167m▀[0m[38;2;241;238;167m[48;2;241;238;167m▀[0m[38;2;0;0;0m[48;2;0;0;0m▀[0m  
            [38;2;0;0;0m▄[38;2;0;0;0m[48;2;198;195;189m▀[0m[38;2;0;0;0m[48;2;119;123;127m▀[0m[38;2;119;123;127m[48;2;239;247;255m▀[0m[38;2;255;255;255m[48;2;255;255;255m▀[0m[38;2;255;255;255m[48;2;101;114;129m▀[0m[38;2;169;108;118m[48;2;101;114;129m▀[0m[38;2;169;108;118m[48;2;255;255;255m▀[0m[38;2;169;108;118m[48;2;169;108;118m▀[0m[38;2;251;210;208m[48;2;169;108;118m▀[0m[38;2;251;210;208m[48;2;251;210;208m▀[0m[38;2;251;210;208m[48;2;206;136;144m▀[0m[38;2;249;208;206m[48;2;82;81;66m▀[0m[38;2;82;81;66m[48;2;241;240;184m▀[0m[38;2;241;238;160m[48;2;241;238;160m▀[0m[38;2;241;238;160m[48;2;241;238;160m▀[0m[38;2;241;238;160m[48;2;241;238;160m▀[0m[38;2;241;238;160m[48;2;241;238;160m▀[0m[38;2;0;0;0m[48;2;0;0;0m▀[0m  [38;2;0;0;0m[48;2;0;0;0m▀[0m[38;2;202;174;69m[48;2;240;237;157m▀[0m[38;2;240;237;157m[48;2;240;237;157m▀[0m[38;2;241;238;167m[48;2;0;0;0m▀[0m[38;2;0;0;0m▀   
            [38;2;0;0;0m▀[38;2;198;195;189m[48;2;0;0;0m▀[0m[38;2;99;113;123m[48;2;203;205;205m▀[0m[38;2;255;251;247m[48;2;99;113;123m▀[0m[38;2;255;255;255m[48;2;255;255;255m▀[0m[38;2;101;114;129m[48;2;101;114;129m▀[0m[38;2;255;255;255m[48;2;255;255;255m▀[0m[38;2;255;255;255m[48;2;255;255;255m▀[0m[38;2;255;251;255m[48;2;255;251;255m▀[0m[38;2;123;105;115m[48;2;167;153;161m▀[0m[38;2;205;135;144m[48;2;205;135;144m▀[0m[38;2;255;178;198m[48;2;255;178;198m▀[0m[38;2;222;138;148m[48;2;203;166;175m▀[0m[38;2;242;241;188m[48;2;222;138;148m▀[0m[38;2;241;238;167m[48;2;208;136;145m▀[0m[38;2;241;238;167m[48;2;208;136;145m▀[0m[38;2;241;238;160m[48;2;241;238;160m▀[0m[38;2;241;238;160m[48;2;241;238;160m▀[0m[38;2;241;238;148m[48;2;195;167;62m▀[0m[38;2;0;0;0m[48;2;0;0;0m▀[0m [38;2;0;0;0m[48;2;0;0;0m▀[0m[38;2;241;238;160m[48;2;241;238;160m▀[0m[38;2;241;238;160m[48;2;241;238;160m▀[0m[38;2;0;0;0m[48;2;241;238;167m▀[0m[38;2;0;0;0m▄   
              [38;2;0;0;0m[48;2;0;0;0m▀[0m[38;2;255;255;255m[48;2;255;255;255m▀[0m[38;2;255;255;255m[48;2;255;255;255m▀[0m[38;2;255;255;255m[48;2;255;255;255m▀[0m[38;2;217;182;183m[48;2;255;255;255m▀[0m[38;2;255;255;255m[48;2;198;146;148m▀[0m[38;2;205;135;144m[48;2;255;178;198m▀[0m[38;2;205;135;144m[48;2;255;178;198m▀[0m[38;2;255;177;200m[48;2;255;177;200m▀[0m[38;2;255;177;200m[48;2;255;177;200m▀[0m[38;2;255;178;198m[48;2;205;135;144m▀[0m[38;2;255;178;198m[48;2;255;178;198m▀[0m[38;2;255;154;173m[48;2;203;151;167m▀[0m[38;2;203;151;167m[48;2;202;180;70m▀[0m[38;2;201;167;39m[48;2;201;167;39m▀[0m[38;2;201;167;39m[48;2;201;167;39m▀[0m[38;2;200;166;37m[48;2;200;166;37m▀[0m[38;2;0;0;0m[48;2;0;0;0m▀[0m  [38;2;0;0;0m[48;2;0;0;0m▀[0m[38;2;241;238;148m[48;2;195;167;62m▀[0m[38;2;202;174;69m[48;2;240;237;157m▀[0m[38;2;240;237;157m[48;2;202;174;69m▀[0m[38;2;0;0;0m[48;2;202;174;69m▀[0m[38;2;0;0;0m▄ 
         [38;2;0;0;0m▄[38;2;0;0;0m▄ [38;2;0;0;0m▄[38;2;0;0;0m[48;2;66;65;66m▀[0m[38;2;255;255;255m[48;2;255;255;255m▀[0m[38;2;255;255;255m[48;2;255;255;255m▀[0m[38;2;255;255;255m[48;2;200;195;189m▀[0m[38;2;200;195;189m[48;2;255;255;255m▀[0m[38;2;165;195;214m[48;2;41;56;90m▀[0m[38;2;82;102;131m[48;2;123;148;172m▀[0m[38;2;205;135;144m[48;2;255;255;255m▀[0m[38;2;205;135;144m[48;2;205;135;144m▀[0m[38;2;255;178;198m[48;2;255;178;198m▀[0m[38;2;255;178;198m[48;2;205;135;144m▀[0m[38;2;255;178;198m[48;2;205;135;144m▀[0m[38;2;255;178;198m[48;2;255;178;198m▀[0m[38;2;206;138;148m[48;2;206;138;148m▀[0m[38;2;201;166;33m[48;2;201;166;33m▀[0m[38;2;201;167;39m[48;2;201;167;39m▀[0m[38;2;201;167;39m[48;2;144;120;0m▀[0m[38;2;0;0;0m[48;2;255;255;255m▀[0m[38;2;0;0;0m▄ [38;2;0;0;0m[48;2;0;0;0m▀[0m[38;2;201;167;39m[48;2;144;120;0m▀[0m[38;2;201;167;39m[48;2;201;167;39m▀[0m[38;2;201;167;39m[48;2;201;167;39m▀[0m[38;2;201;167;39m[48;2;201;167;39m▀[0m[38;2;200;166;37m[48;2;200;166;37m▀[0m[38;2;0;0;0m[48;2;0;0;0m▀[0m 
        [38;2;0;0;0m[48;2;0;0;0m▀[0m[38;2;255;186;206m[48;2;170;124;137m▀[0m[38;2;255;182;206m[48;2;255;182;206m▀[0m[38;2;8;4;0m[48;2;172;122;137m▀[0m[38;2;255;255;255m[48;2;255;255;255m▀[0m[38;2;255;255;255m[48;2;255;255;255m▀[0m[38;2;255;255;255m[48;2;255;255;255m▀[0m[38;2;200;195;189m[48;2;255;255;255m▀[0m[38;2;82;56;57m[48;2;255;251;255m▀[0m[38;2;168;153;156m[48;2;255;251;255m▀[0m[38;2;156;208;230m[48;2;255;255;255m▀[0m[38;2;255;255;255m[48;2;255;255;255m▀[0m[38;2;255;255;255m[48;2;200;195;189m▀[0m[38;2;200;195;189m[48;2;200;195;189m▀[0m[38;2;212;163;159m[48;2;212;163;159m▀[0m[38;2;68;58;60m[48;2;0;4;8m▀[0m[38;2;148;146;156m[48;2;0;0;0m▀[0m[38;2;148;146;156m[48;2;0;0;0m▀[0m[38;2;144;120;0m[48;2;198;195;189m▀[0m[38;2;144;120;0m[48;2;198;195;189m▀[0m[38;2;143;120;0m[48;2;143;120;0m▀[0m[38;2;255;255;255m[48;2;143;120;0m▀[0m[38;2;234;229;208m[48;2;158;147;85m▀[0m[38;2;93;77;0m[48;2;204;196;157m▀[0m[38;2;0;4;24m[48;2;136;129;94m▀[0m[38;2;255;255;255m[48;2;170;171;178m▀[0m[38;2;194;198;206m[48;2;255;255;239m▀[0m[38;2;142;119;0m[48;2;142;119;0m▀[0m[38;2;202;168;46m[48;2;149;125;0m▀[0m[38;2;202;168;46m[48;2;0;0;8m▀[0m[38;2;0;0;0m▀  
         [38;2;0;0;0m▀[38;2;0;0;0m▀[38;2;0;0;0m▀[38;2;0;0;0m▀[38;2;198;195;189m[48;2;0;0;0m▀[0m[38;2;255;255;255m[48;2;0;0;0m▀[0m[38;2;255;255;255m[48;2;0;0;0m▀[0m[38;2;255;255;255m[48;2;82;81;66m▀[0m[38;2;255;255;255m[48;2;82;81;66m▀[0m[38;2;255;255;255m[48;2;200;195;189m▀[0m[38;2;200;195;189m[48;2;200;195;189m▀[0m[38;2;198;195;189m[48;2;198;195;189m▀[0m[38;2;198;195;189m[48;2;0;0;0m▀[0m[38;2;0;0;0m▀   [38;2;0;0;0m▀[38;2;0;0;0m▀[38;2;149;125;0m[48;2;0;0;8m▀[0m[38;2;202;168;46m[48;2;202;168;46m▀[0m[38;2;201;167;39m[48;2;201;167;39m▀[0m[38;2;201;167;39m[48;2;201;167;39m▀[0m[38;2;201;167;39m[48;2;201;167;39m▀[0m[38;2;144;120;0m[48;2;201;167;39m▀[0m[38;2;142;119;0m[48;2;142;119;0m▀[0m[38;2;255;255;239m[48;2;194;198;206m▀[0m[38;2;170;171;170m[48;2;255;255;255m▀[0m[38;2;0;4;0m[48;2;0;4;0m▀[0m   
  [38;2;0;0;0m▄[38;2;0;0;0m▄[38;2;0;0;0m[48;2;82;83;82m▀[0m[38;2;0;0;0m[48;2;247;251;247m▀[0m[38;2;0;0;0m[48;2;255;255;247m▀[0m[38;2;0;0;0m[48;2;127;127;123m▀[0m[38;2;0;0;0m▄[38;2;0;0;0m[48;2;251;210;208m▀[0m[38;2;0;0;0m[48;2;251;210;208m▀[0m[38;2;0;0;0m▄   [38;2;0;0;0m▄[38;2;0;0;0m[48;2;204;153;148m▀[0m[38;2;204;153;148m[48;2;204;153;148m▀[0m[38;2;82;78;68m[48;2;82;78;68m▀[0m[38;2;198;195;189m[48;2;198;195;189m▀[0m[38;2;198;195;189m[48;2;142;81;91m▀[0m[38;2;142;81;91m[48;2;142;81;91m▀[0m[38;2;0;0;0m[48;2;251;210;208m▀[0m[38;2;0;0;0m[48;2;251;210;208m▀[0m[38;2;0;0;0m[48;2;251;210;208m▀[0m[38;2;0;0;0m▄  [38;2;0;0;0m▀[38;2;202;174;69m[48;2;0;0;0m▀[0m[38;2;201;167;39m[48;2;201;167;39m▀[0m[38;2;201;167;39m[48;2;201;167;39m▀[0m[38;2;201;167;39m[48;2;201;167;39m▀[0m[38;2;201;167;39m[48;2;144;120;0m▀[0m[38;2;153;143;92m[48;2;236;233;215m▀[0m[38;2;153;143;92m[48;2;0;0;24m▀[0m[38;2;0;0;0m▀    
 [38;2;0;0;0m[48;2;0;0;0m▀[0m[38;2;255;255;255m[48;2;255;255;255m▀[0m[38;2;255;255;255m[48;2;255;255;255m▀[0m[38;2;255;255;255m[48;2;255;255;255m▀[0m[38;2;66;65;66m[48;2;255;255;255m▀[0m[38;2;49;60;66m[48;2;255;255;255m▀[0m[38;2;255;255;255m[48;2;117;125;129m▀[0m[38;2;166;105;115m[48;2;211;160;155m▀[0m[38;2;166;105;115m[48;2;247;206;204m▀[0m[38;2;251;210;208m[48;2;251;210;208m▀[0m[38;2;0;0;0m[48;2;251;210;208m▀[0m[38;2;0;0;0m▄ [38;2;0;0;0m[48;2;0;0;0m▀[0m[38;2;204;153;148m[48;2;204;153;148m▀[0m[38;2;204;153;148m[48;2;204;153;148m▀[0m[38;2;204;153;148m[48;2;204;153;148m▀[0m[38;2;140;79;89m[48;2;140;79;89m▀[0m[38;2;194;198;206m[48;2;255;255;239m▀[0m[38;2;142;81;91m[48;2;142;81;91m▀[0m[38;2;251;210;208m[48;2;251;210;208m▀[0m[38;2;251;210;208m[48;2;251;210;208m▀[0m[38;2;251;210;208m[48;2;142;81;91m▀[0m[38;2;143;82;92m[48;2;143;82;92m▀[0m[38;2;66;65;66m[48;2;143;82;92m▀[0m[38;2;0;0;0m[48;2;251;210;208m▀[0m[38;2;0;0;0m[48;2;251;210;208m▀[0m[38;2;0;0;0m▄ [38;2;0;0;0m▀[38;2;0;0;0m▀[38;2;0;0;0m▀[38;2;0;0;0m▀[38;2;0;0;0m▀      
  [38;2;0;0;0m▀[38;2;0;0;0m▀[38;2;247;251;255m[48;2;0;0;0m▀[0m[38;2;247;251;255m[48;2;123;125;127m▀[0m[38;2;247;251;255m[48;2;165;104;114m▀[0m[38;2;165;104;114m[48;2;215;164;159m▀[0m[38;2;204;153;148m[48;2;204;153;148m▀[0m[38;2;204;153;148m[48;2;204;153;148m▀[0m[38;2;210;159;154m[48;2;210;159;154m▀[0m[38;2;247;206;204m[48;2;164;103;113m▀[0m[38;2;0;0;0m[48;2;0;0;0m▀[0m  [38;2;0;0;0m[48;2;0;0;0m▀[0m[38;2;204;153;148m[48;2;204;153;148m▀[0m[38;2;143;82;92m[48;2;143;82;92m▀[0m[38;2;255;255;255m[48;2;255;255;255m▀[0m[38;2;141;80;90m[48;2;141;80;90m▀[0m[38;2;251;210;208m[48;2;251;210;208m▀[0m[38;2;251;210;208m[48;2;251;210;208m▀[0m[38;2;249;208;206m[48;2;144;83;93m▀[0m[38;2;144;83;93m[48;2;247;255;255m▀[0m[38;2;158;98;108m[48;2;57;56;74m▀[0m[38;2;243;202;200m[48;2;158;98;108m▀[0m[38;2;251;210;208m[48;2;251;210;208m▀[0m[38;2;251;210;208m[48;2;251;210;208m▀[0m[38;2;151;91;101m[48;2;245;204;202m▀[0m[38;2;0;0;8m[48;2;151;91;101m▀[0m[38;2;0;0;0m[48;2;66;77;247m▀[0m[38;2;0;0;0m▄[38;2;0;0;0m[48;2;206;138;148m▀[0m[38;2;0;0;0m[48;2;0;0;0m▀[0m       
     [38;2;0;0;0m[48;2;0;0;0m▀[0m[38;2;204;153;148m[48;2;204;153;148m▀[0m[38;2;204;153;148m[48;2;204;153;148m▀[0m[38;2;204;153;148m[48;2;204;153;148m▀[0m[38;2;204;153;148m[48;2;204;153;148m▀[0m[38;2;168;107;117m[48;2;168;107;117m▀[0m[38;2;169;108;118m[48;2;169;108;118m▀[0m[38;2;169;108;118m[48;2;169;108;118m▀[0m[38;2;0;0;0m[48;2;169;108;118m▀[0m[38;2;16;4;0m[48;2;170;128;127m▀[0m[38;2;112;49;60m[48;2;112;49;60m▀[0m[38;2;156;96;106m[48;2;249;208;206m▀[0m[38;2;249;208;206m[48;2;156;96;106m▀[0m[38;2;143;82;92m[48;2;251;210;208m▀[0m[38;2;204;153;148m[48;2;251;210;208m▀[0m[38;2;245;204;202m[48;2;74;69;74m▀[0m[38;2;170;109;119m[48;2;74;69;74m▀[0m[38;2;255;255;255m[48;2;255;255;255m▀[0m[38;2;255;255;255m[48;2;82;81;66m▀[0m[38;2;66;65;82m[48;2;198;190;189m▀[0m[38;2;110;106;117m[48;2;198;190;189m▀[0m[38;2;251;210;208m[48;2;142;81;91m▀[0m[38;2;251;210;208m[48;2;251;210;208m▀[0m[38;2;251;210;208m[48;2;251;210;208m▀[0m[38;2;251;210;208m[48;2;204;153;148m▀[0m[38;2;143;82;92m[48;2;143;82;92m▀[0m[38;2;66;77;247m[48;2;66;77;247m▀[0m[38;2;0;0;0m[48;2;66;77;247m▀[0m[38;2;0;0;0m▄[38;2;0;0;0m▄      
      [38;2;0;0;0m▀[38;2;0;0;0m▀[38;2;0;0;0m▀[38;2;204;153;148m[48;2;0;0;0m▀[0m[38;2;204;153;148m[48;2;0;0;0m▀[0m[38;2;0;0;0m▀[38;2;0;0;0m▀[38;2;0;0;0m▀[38;2;174;132;131m[48;2;0;0;8m▀[0m[38;2;109;47;57m[48;2;173;190;206m▀[0m[38;2;198;195;189m[48;2;198;195;189m▀[0m[38;2;66;65;66m[48;2;66;65;66m▀[0m[38;2;251;210;208m[48;2;66;65;66m▀[0m[38;2;251;210;208m[48;2;251;210;208m▀[0m[38;2;74;73;66m[48;2;74;73;66m▀[0m[38;2;255;255;255m[48;2;255;255;255m▀[0m[38;2;255;255;255m[48;2;255;255;255m▀[0m[38;2;82;81;66m[48;2;82;81;66m▀[0m[38;2;200;195;189m[48;2;200;195;189m▀[0m[38;2;200;195;189m[48;2;200;195;189m▀[0m[38;2;198;195;189m[48;2;198;195;189m▀[0m[38;2;142;81;91m[48;2;142;81;91m▀[0m[38;2;204;153;148m[48;2;204;153;148m▀[0m[38;2;204;153;148m[48;2;143;82;92m▀[0m[38;2;142;81;91m[48;2;73;57;193m▀[0m[38;2;66;77;247m[48;2;73;57;193m▀[0m[38;2;80;62;171m[48;2;80;62;171m▀[0m[38;2;255;178;198m[48;2;80;62;171m▀[0m[38;2;255;178;198m[48;2;0;0;0m▀[0m[38;2;0;0;0m▀     
         [38;2;0;0;0m▄[38;2;0;0;0m▄[38;2;0;0;0m▄[38;2;0;0;0m[48;2;132;132;104m▀[0m[38;2;0;0;0m[48;2;132;132;104m▀[0m[38;2;132;132;106m[48;2;198;195;189m▀[0m[38;2;198;195;189m[48;2;198;195;189m▀[0m[38;2;49;45;90m[48;2;8;0;0m▀[0m[38;2;83;69;178m[48;2;8;0;0m▀[0m[38;2;75;57;191m[48;2;75;57;191m▀[0m[38;2;66;65;66m[48;2;66;65;66m▀[0m[38;2;255;255;255m[48;2;255;255;255m▀[0m[38;2;255;255;255m[48;2;255;255;255m▀[0m[38;2;255;255;255m[48;2;255;255;255m▀[0m[38;2;82;81;66m[48;2;82;81;66m▀[0m[38;2;198;195;189m[48;2;142;81;91m▀[0m[38;2;198;195;189m[48;2;142;81;91m▀[0m[38;2;143;82;92m[48;2;204;153;148m▀[0m[38;2;204;153;148m[48;2;204;153;148m▀[0m[38;2;143;82;92m[48;2;143;82;92m▀[0m[38;2;77;60;187m[48;2;77;60;187m▀[0m[38;2;97;68;144m[48;2;206;138;148m▀[0m[38;2;97;68;144m[48;2;206;138;148m▀[0m[38;2;91;67;195m[48;2;63;48;130m▀[0m[38;2;91;67;195m[48;2;8;4;0m▀[0m[38;2;0;0;0m▀      
        [38;2;0;0;0m▀[38;2;198;195;189m[48;2;0;0;0m▀[0m[38;2;198;195;181m[48;2;0;0;0m▀[0m[38;2;132;130;120m[48;2;0;0;0m▀[0m[38;2;198;195;189m[48;2;0;0;0m▀[0m[38;2;198;195;189m[48;2;0;0;0m▀[0m[38;2;0;0;0m▀[38;2;0;0;0m▀ [38;2;0;0;0m▄[38;2;8;8;8m[48;2;255;255;255m▀[0m[38;2;172;172;172m[48;2;172;172;172m▀[0m[38;2;255;255;255m[48;2;255;255;255m▀[0m[38;2;200;195;189m[48;2;200;195;189m▀[0m[38;2;255;255;255m[48;2;255;255;255m▀[0m[38;2;255;255;255m[48;2;255;255;255m▀[0m[38;2;66;65;66m[48;2;0;0;0m▀[0m[38;2;0;0;0m▀[38;2;0;0;0m▀[38;2;204;153;148m[48;2;0;0;0m▀[0m[38;2;164;143;164m[48;2;0;0;0m▀[0m[38;2;0;0;0m[48;2;164;143;164m▀[0m[38;2;0;0;0m[48;2;170;124;137m▀[0m[38;2;255;186;206m[48;2;0;0;0m▀[0m[38;2;255;178;198m[48;2;0;0;0m▀[0m[38;2;0;0;0m▀       
                 [38;2;0;0;0m▀[38;2;127;127;123m[48;2;0;0;0m▀[0m[38;2;255;255;247m[48;2;0;0;0m▀[0m[38;2;170;171;170m[48;2;0;4;0m▀[0m[38;2;255;255;255m[48;2;0;4;0m▀[0m[38;2;255;255;255m[48;2;0;0;0m▀[0m[38;2;0;0;0m▀     [38;2;0;0;0m▀[38;2;0;0;0m▀          
                                     [0m                                     