        [38;2;0;0;0m[48;2;0;0;0m▀[0m [38;2;0;0;0m▄[38;2;0;0;0m[48;2;0;0;0m▀[0m [38;2;0;0;0m▄[38;2;0;0;0m▄     
   [38;2;0;0;0m▄[38;2;0;0;0m[48;2;141;214;226m▀[0m[38;2;0;0;0m[48;2;141;214;226m▀[0m[38;2;0;0;0m[48;2;141;214;226m▀[0m[38;2;0;0;0m▄[38;2;0;0;0m▄[38;2;0;0;0m[48;2;0;0;0m▀[0m[38;2;0;0;0m[48;2;0;0;0m▀[0m[38;2;0;0;0m▄[38;2;0;0;0m▀[38;2;0;0;0m▀      
 [38;2;0;0;0m▄[38;2;0;0;0m[48;2;101;174;175m▀[0m[38;2;141;214;226m[48;2;101;174;175m▀[0m[38;2;141;214;226m[48;2;65;65;65m▀[0m[38;2;65;65;65m[48;2;141;214;226m▀[0m[38;2;65;65;65m[48;2;141;214;226m▀[0m[38;2;141;214;226m[48;2;141;214;226m▀[0m[38;2;141;214;226m[48;2;141;214;226m▀[0m[38;2;141;214;226m[48;2;141;214;226m▀[0m[38;2;141;214;226m[48;2;141;214;226m▀[0m[38;2;0;0;0m[48;2;141;214;226m▀[0m[38;2;0;0;0m[48;2;141;214;226m▀[0m[38;2;0;0;0m▄      
 [38;2;0;0;0m[48;2;0;0;0m▀[0m[38;2;101;174;175m[48;2;101;174;175m▀[0m[38;2;72;145;143m[48;2;255;255;255m▀[0m[38;2;255;255;255m[48;2;0;0;0m▀[0m[38;2;141;214;226m[48;2;141;214;226m▀[0m[38;2;141;214;226m[48;2;141;214;226m▀[0m[38;2;141;214;226m[48;2;141;214;226m▀[0m[38;2;141;214;226m[48;2;101;174;175m▀[0m[38;2;101;174;175m[48;2;255;255;255m▀[0m[38;2;101;174;175m[48;2;255;255;255m▀[0m[38;2;141;214;226m[48;2;101;174;175m▀[0m[38;2;141;214;226m[48;2;141;214;226m▀[0m[38;2;141;214;226m[48;2;65;65;65m▀[0m[38;2;0;0;0m[48;2;141;214;226m▀[0m[38;2;65;65;65m▄    
  [38;2;0;0;0m[48;2;0;0;0m▀[0m[38;2;72;145;143m[48;2;101;174;175m▀[0m[38;2;255;255;255m[48;2;65;65;65m▀[0m[38;2;65;65;65m[48;2;210;251;255m▀[0m[38;2;65;65;65m[48;2;210;251;255m▀[0m[38;2;141;214;226m[48;2;65;65;65m▀[0m[38;2;255;255;255m[48;2;65;65;65m▀[0m[38;2;0;0;0m[48;2;255;255;255m▀[0m[38;2;255;255;255m[48;2;255;255;255m▀[0m[38;2;255;255;255m[48;2;72;145;143m▀[0m[38;2;65;65;65m[48;2;65;65;65m▀[0m[38;2;141;214;226m[48;2;141;214;226m▀[0m[38;2;101;174;175m[48;2;141;214;226m▀[0m[38;2;141;214;226m[48;2;141;214;226m▀[0m[38;2;0;0;0m[48;2;0;0;0m▀[0m   
 [38;2;0;0;0m▄[38;2;0;0;0m[48;2;169;230;236m▀[0m[38;2;65;65;65m[48;2;210;251;255m▀[0m[38;2;210;251;255m[48;2;210;251;255m▀[0m[38;2;210;251;255m[48;2;210;251;255m▀[0m[38;2;138;209;216m[48;2;210;251;255m▀[0m[38;2;210;251;255m[48;2;210;251;255m▀[0m[38;2;210;251;255m[48;2;169;230;236m▀[0m[38;2;65;65;65m[48;2;169;230;236m▀[0m[38;2;72;145;143m[48;2;65;65;65m▀[0m[38;2;101;174;175m[48;2;101;174;175m▀[0m[38;2;101;174;175m[48;2;65;65;65m▀[0m[38;2;141;214;226m[48;2;141;214;226m▀[0m[38;2;141;214;226m[48;2;141;214;226m▀[0m[38;2;141;214;226m[48;2;141;214;226m▀[0m[38;2;141;214;226m[48;2;141;214;226m▀[0m[38;2;0;0;0m[48;2;0;0;0m▀[0m  
 [38;2;0;0;0m▀[38;2;210;251;255m[48;2;0;0;0m▀[0m[38;2;210;251;255m[48;2;169;230;236m▀[0m[38;2;210;251;255m[48;2;169;230;236m▀[0m[38;2;210;251;255m[48;2;169;230;236m▀[0m[38;2;169;230;236m[48;2;169;230;236m▀[0m[38;2;169;230;236m[48;2;65;65;65m▀[0m[38;2;65;65;65m[48;2;101;174;175m▀[0m[38;2;65;65;65m[48;2;101;174;175m▀[0m[38;2;65;65;65m[48;2;101;174;175m▀[0m[38;2;65;65;65m[48;2;101;174;175m▀[0m[38;2;101;174;175m[48;2;101;174;175m▀[0m[38;2;101;174;175m[48;2;101;174;175m▀[0m[38;2;141;214;226m[48;2;101;174;175m▀[0m[38;2;141;214;226m[48;2;0;0;0m▀[0m[38;2;0;0;0m▀   
  [38;2;0;0;0m▄[38;2;0;0;0m[48;2;0;0;0m▀[0m[38;2;65;65;65m[48;2;101;174;175m▀[0m[38;2;65;65;65m[48;2;141;214;226m▀[0m[38;2;65;65;65m[48;2;141;214;226m▀[0m[38;2;141;214;226m[48;2;141;214;226m▀[0m[38;2;141;214;226m[48;2;141;214;226m▀[0m[38;2;141;214;226m[48;2;141;214;226m▀[0m[38;2;101;174;175m[48;2;141;214;226m▀[0m[38;2;101;174;175m[48;2;101;174;175m▀[0m[38;2;101;174;175m[48;2;101;174;175m▀[0m[38;2;101;174;175m[48;2;101;174;175m▀[0m[38;2;101;174;175m[48;2;101;174;175m▀[0m[38;2;65;65;65m[48;2;65;65;65m▀[0m[38;2;0;0;0m[48;2;101;174;175m▀[0m[38;2;0;0;0m[48;2;101;174;175m▀[0m[38;2;0;0;0m[48;2;0;0;0m▀[0m 
 [38;2;0;0;0m▀[38;2;169;230;236m[48;2;0;0;0m▀[0m[38;2;169;230;236m[48;2;169;230;236m▀[0m[38;2;65;65;65m[48;2;169;230;236m▀[0m[38;2;101;174;175m[48;2;65;65;65m▀[0m[38;2;141;214;226m[48;2;65;65;65m▀[0m[38;2;141;214;226m[48;2;101;174;175m▀[0m[38;2;141;214;226m[48;2;101;174;175m▀[0m[38;2;141;214;226m[48;2;101;174;175m▀[0m[38;2;101;174;175m[48;2;101;174;175m▀[0m[38;2;101;174;175m[48;2;101;174;175m▀[0m[38;2;101;174;175m[48;2;65;65;65m▀[0m[38;2;101;174;175m[48;2;65;65;65m▀[0m[38;2;65;65;65m[48;2;65;65;65m▀[0m[38;2;101;174;175m[48;2;0;0;0m▀[0m[38;2;101;174;175m[48;2;0;0;0m▀[0m[38;2;0;0;0m▀  
   [38;2;0;0;0m▀[38;2;0;0;0m▀[38;2;126;201;208m[48;2;0;0;0m▀[0m[38;2;126;201;208m[48;2;0;0;0m▀[0m[38;2;0;0;0m▀[38;2;65;65;65m[48;2;0;0;0m▀[0m[38;2;65;65;65m[48;2;126;201;208m▀[0m[38;2;65;65;65m[48;2;169;230;236m▀[0m[38;2;65;65;65m[48;2;126;201;208m▀[0m[38;2;126;201;208m[48;2;169;230;236m▀[0m[38;2;169;230;236m[48;2;0;0;0m▀[0m[38;2;0;0;0m▀     
            [38;2;0;0;0m▀[38;2;0;0;0m▀[38;2;0;0;0m▀[38;2;0;0;0m▀          
                                     [0m                                     