       [38;2;0;0;0m▄[38;2;0;0;0m[48;2;255;197;49m▀[0m[38;2;0;0;0m▄  [38;2;0;0;0m▄[38;2;0;0;0m▄[38;2;0;0;0m▄        [38;2;0;0;0m▄[38;2;0;0;0m▄[38;2;0;0;0m[48;2;177;153;86m▀[0m[38;2;0;0;0m[48;2;177;153;86m▀[0m[38;2;0;0;0m[48;2;177;153;86m▀[0m[38;2;0;0;0m[48;2;177;153;86m▀[0m[38;2;0;0;0m▄[38;2;0;0;0m▄[38;2;0;0;0m▄[38;2;0;0;0m▄ 
   [38;2;0;0;0m▄  [38;2;0;0;0m▄[38;2;0;0;0m[48;2;255;197;49m▀[0m[38;2;255;197;49m[48;2;255;197;49m▀[0m[38;2;247;58;49m[48;2;132;58;66m▀[0m[38;2;0;0;0m[48;2;255;197;49m▀[0m[38;2;0;0;0m[48;2;255;197;49m▀[0m[38;2;255;197;49m[48;2;247;58;49m▀[0m[38;2;247;58;49m[48;2;0;0;0m▀[0m[38;2;0;0;0m▀      [38;2;0;0;0m▄[38;2;0;0;0m[48;2;138;114;47m▀[0m[38;2;177;153;86m[48;2;177;153;86m▀[0m[38;2;177;153;86m[48;2;0;0;0m▀[0m[38;2;0;0;0m▀[38;2;0;0;0m▀[38;2;0;0;0m▀[38;2;245;236;173m[48;2;0;0;0m▀[0m[38;2;245;236;173m[48;2;245;236;173m▀[0m[38;2;204;170;87m[48;2;245;236;173m▀[0m[38;2;235;213;130m[48;2;0;0;0m▀[0m[38;2;0;0;0m▀ 
  [38;2;0;0;0m[48;2;0;0;0m▀[0m[38;2;247;58;49m[48;2;247;58;49m▀[0m[38;2;0;0;0m[48;2;247;58;49m▀[0m[38;2;0;0;0m▄[38;2;0;0;0m[48;2;255;197;49m▀[0m[38;2;255;197;49m[48;2;255;197;49m▀[0m[38;2;247;58;49m[48;2;247;58;49m▀[0m[38;2;255;197;49m[48;2;255;197;49m▀[0m[38;2;255;197;49m[48;2;255;197;49m▀[0m[38;2;247;58;49m[48;2;247;58;49m▀[0m[38;2;247;58;49m[48;2;247;58;49m▀[0m[38;2;0;0;0m[48;2;132;58;66m▀[0m[38;2;0;0;0m▄  [38;2;0;0;0m▄[38;2;0;0;0m[48;2;247;58;49m▀[0m[38;2;0;0;0m▄ [38;2;0;0;0m[48;2;0;0;0m▀[0m[38;2;177;153;86m[48;2;138;114;47m▀[0m[38;2;0;0;0m[48;2;177;153;86m▀[0m[38;2;0;0;0m▄    [38;2;0;0;0m[48;2;0;0;0m▀[0m[38;2;245;236;173m[48;2;235;213;130m▀[0m[38;2;0;0;0m[48;2;0;0;0m▀[0m  
 [38;2;0;0;0m[48;2;0;0;0m▀[0m[38;2;255;197;49m[48;2;255;197;49m▀[0m[38;2;247;58;49m[48;2;247;58;49m▀[0m[38;2;247;58;49m[48;2;247;58;49m▀[0m[38;2;247;58;49m[48;2;247;58;49m▀[0m[38;2;255;197;49m[48;2;204;170;87m▀[0m[38;2;255;197;49m[48;2;255;197;49m▀[0m[38;2;255;197;49m[48;2;255;197;49m▀[0m[38;2;255;197;49m[48;2;255;197;49m▀[0m[38;2;247;58;49m[48;2;247;58;49m▀[0m[38;2;247;58;49m[48;2;204;170;87m▀[0m[38;2;247;58;49m[48;2;204;170;87m▀[0m[38;2;247;58;49m[48;2;247;58;49m▀[0m[38;2;132;58;66m[48;2;247;58;49m▀[0m[38;2;0;0;0m[48;2;247;58;49m▀[0m[38;2;0;0;0m[48;2;247;58;49m▀[0m[38;2;247;58;49m[48;2;255;197;49m▀[0m[38;2;247;58;49m[48;2;247;58;49m▀[0m[38;2;0;0;0m[48;2;0;0;0m▀[0m [38;2;0;0;0m▄[38;2;0;0;0m[48;2;138;114;47m▀[0m[38;2;138;114;47m[48;2;138;114;47m▀[0m[38;2;0;0;0m[48;2;0;0;0m▀[0m   [38;2;0;0;0m[48;2;0;0;0m▀[0m[38;2;235;213;130m[48;2;0;0;0m▀[0m[38;2;0;0;0m▀   
 [38;2;0;0;0m▀[38;2;255;197;49m[48;2;0;0;0m▀[0m[38;2;255;197;49m[48;2;255;197;49m▀[0m[38;2;247;58;49m[48;2;255;197;49m▀[0m[38;2;204;170;87m[48;2;204;170;87m▀[0m[38;2;245;236;173m[48;2;245;236;173m▀[0m[38;2;255;197;49m[48;2;255;197;49m▀[0m[38;2;255;197;49m[48;2;255;197;49m▀[0m[38;2;247;58;49m[48;2;204;170;87m▀[0m[38;2;204;170;87m[48;2;245;236;173m▀[0m[38;2;245;236;173m[48;2;245;236;173m▀[0m[38;2;204;170;87m[48;2;245;236;173m▀[0m[38;2;247;58;49m[48;2;65;65;65m▀[0m[38;2;247;58;49m[48;2;247;58;49m▀[0m[38;2;247;58;49m[48;2;247;58;49m▀[0m[38;2;247;58;49m[48;2;255;197;49m▀[0m[38;2;255;197;49m[48;2;255;197;49m▀[0m[38;2;247;58;49m[48;2;247;58;49m▀[0m[38;2;132;58;66m[48;2;132;58;66m▀[0m[38;2;0;0;0m[48;2;177;153;86m▀[0m[38;2;0;0;0m[48;2;177;153;86m▀[0m[38;2;138;114;47m[48;2;0;0;0m▀[0m[38;2;0;0;0m▀[38;2;0;0;0m▄         
  [38;2;0;0;0m▀[38;2;255;197;49m[48;2;0;0;0m▀[0m[38;2;255;197;49m[48;2;255;197;49m▀[0m[38;2;255;255;255m[48;2;204;170;87m▀[0m[38;2;0;0;0m[48;2;255;88;80m▀[0m[38;2;255;197;49m[48;2;245;236;173m▀[0m[38;2;247;58;49m[48;2;245;236;173m▀[0m[38;2;245;236;173m[48;2;235;213;130m▀[0m[38;2;245;236;173m[48;2;0;0;0m▀[0m[38;2;235;213;130m[48;2;255;255;255m▀[0m[38;2;65;65;65m[48;2;65;65;65m▀[0m[38;2;65;65;65m[48;2;65;65;65m▀[0m[38;2;255;197;49m[48;2;255;197;49m▀[0m[38;2;255;197;49m[48;2;255;197;49m▀[0m[38;2;255;197;49m[48;2;255;197;49m▀[0m[38;2;255;197;49m[48;2;247;58;49m▀[0m[38;2;132;58;66m[48;2;132;58;66m▀[0m[38;2;177;153;86m[48;2;177;153;86m▀[0m[38;2;177;153;86m[48;2;177;153;86m▀[0m[38;2;177;153;86m[48;2;177;153;86m▀[0m[38;2;177;153;86m[48;2;65;65;65m▀[0m[38;2;0;0;0m[48;2;195;150;70m▀[0m[38;2;215;189;95m[48;2;215;189;95m▀[0m[38;2;0;0;0m[48;2;0;0;0m▀[0m        
  [38;2;0;0;0m[48;2;0;0;0m▀[0m[38;2;247;58;49m[48;2;247;58;49m▀[0m[38;2;132;58;66m[48;2;247;58;49m▀[0m[38;2;132;58;66m[48;2;247;58;49m▀[0m[38;2;130;107;102m[48;2;0;0;0m▀[0m[38;2;245;236;173m[48;2;0;0;0m▀[0m[38;2;245;236;173m[48;2;0;0;0m▀[0m[38;2;215;26;17m[48;2;235;213;130m▀[0m[38;2;255;88;80m[48;2;235;213;130m▀[0m[38;2;255;255;255m[48;2;204;170;87m▀[0m[38;2;138;114;47m[48;2;235;213;130m▀[0m[38;2;255;197;49m[48;2;132;58;66m▀[0m[38;2;255;197;49m[48;2;255;197;49m▀[0m[38;2;255;197;49m[48;2;255;197;49m▀[0m[38;2;255;197;49m[48;2;132;58;66m▀[0m[38;2;132;58;66m[48;2;177;153;86m▀[0m[38;2;177;153;86m[48;2;177;153;86m▀[0m[38;2;177;153;86m[48;2;120;96;29m▀[0m[38;2;177;153;86m[48;2;177;153;86m▀[0m[38;2;65;65;65m[48;2;65;65;65m▀[0m[38;2;215;189;95m[48;2;215;189;95m▀[0m[38;2;195;150;70m[48;2;215;189;95m▀[0m[38;2;215;189;95m[48;2;0;0;0m▀[0m[38;2;0;0;0m▀        
   [38;2;0;0;0m[48;2;0;0;0m▀[0m[38;2;247;58;49m[48;2;247;58;49m▀[0m[38;2;247;58;49m[48;2;247;58;49m▀[0m[38;2;204;170;87m[48;2;247;58;49m▀[0m[38;2;0;0;0m[48;2;65;65;65m▀[0m[38;2;204;170;87m[48;2;245;236;173m▀[0m[38;2;245;236;173m[48;2;245;236;173m▀[0m[38;2;204;170;87m[48;2;204;170;87m▀[0m[38;2;235;213;130m[48;2;65;65;65m▀[0m[38;2;65;65;65m[48;2;247;58;49m▀[0m[38;2;247;58;49m[48;2;247;58;49m▀[0m[38;2;132;58;66m[48;2;247;58;49m▀[0m[38;2;132;58;66m[48;2;197;58;58m▀[0m[38;2;197;58;58m[48;2;197;58;58m▀[0m[38;2;132;58;66m[48;2;132;58;66m▀[0m[38;2;0;0;0m▀[38;2;120;96;29m[48;2;0;0;0m▀[0m[38;2;177;153;86m[48;2;65;65;65m▀[0m[38;2;65;65;65m[48;2;215;189;95m▀[0m[38;2;195;150;70m[48;2;195;150;70m▀[0m[38;2;215;189;95m[48;2;215;189;95m▀[0m[38;2;0;0;0m[48;2;235;213;130m▀[0m[38;2;0;0;0m▄        
   [38;2;0;0;0m▄[38;2;0;0;0m[48;2;206;165;49m▀[0m[38;2;247;58;49m[48;2;255;197;49m▀[0m[38;2;255;197;49m[48;2;255;197;49m▀[0m[38;2;255;197;49m[48;2;132;58;66m▀[0m[38;2;65;65;65m[48;2;247;58;49m▀[0m[38;2;65;65;65m[48;2;247;58;49m▀[0m[38;2;65;65;65m[48;2;255;197;49m▀[0m[38;2;247;58;49m[48;2;255;197;49m▀[0m[38;2;247;58;49m[48;2;132;58;66m▀[0m[38;2;247;58;49m[48;2;197;58;58m▀[0m[38;2;197;58;58m[48;2;197;58;58m▀[0m[38;2;197;58;58m[48;2;197;58;58m▀[0m[38;2;197;58;58m[48;2;132;58;66m▀[0m[38;2;132;58;66m[48;2;0;0;0m▀[0m  [38;2;0;0;0m▀[38;2;235;213;130m[48;2;0;0;0m▀[0m[38;2;235;213;130m[48;2;235;213;130m▀[0m[38;2;235;213;130m[48;2;235;213;130m▀[0m[38;2;235;213;130m[48;2;204;170;87m▀[0m[38;2;0;0;0m[48;2;0;0;0m▀[0m        
  [38;2;0;0;0m▀[38;2;206;165;49m[48;2;0;0;0m▀[0m[38;2;206;165;49m[48;2;0;0;0m▀[0m[38;2;206;165;49m[48;2;132;58;66m▀[0m[38;2;132;58;66m[48;2;235;213;130m▀[0m[38;2;197;58;58m[48;2;132;58;66m▀[0m[38;2;197;58;58m[48;2;197;58;58m▀[0m[38;2;197;58;58m[48;2;197;58;58m▀[0m[38;2;206;165;49m[48;2;197;58;58m▀[0m[38;2;206;165;49m[48;2;206;165;49m▀[0m[38;2;206;165;49m[48;2;206;165;49m▀[0m[38;2;206;165;49m[48;2;206;165;49m▀[0m[38;2;132;58;66m[48;2;206;165;49m▀[0m[38;2;132;58;66m[48;2;206;165;49m▀[0m[38;2;177;153;86m[48;2;0;0;0m▀[0m[38;2;0;0;0m▀  [38;2;0;0;0m▄[38;2;0;0;0m[48;2;235;213;130m▀[0m[38;2;235;213;130m[48;2;204;170;87m▀[0m[38;2;235;213;130m[48;2;235;213;130m▀[0m[38;2;0;0;0m[48;2;0;0;0m▀[0m         
    [38;2;0;0;0m▄[38;2;0;0;0m[48;2;235;213;130m▀[0m[38;2;235;213;130m[48;2;204;170;87m▀[0m[38;2;132;58;66m[48;2;235;213;130m▀[0m[38;2;197;58;58m[48;2;0;0;0m▀[0m[38;2;197;58;58m[48;2;197;58;58m▀[0m[38;2;197;58;58m[48;2;0;0;0m▀[0m[38;2;0;0;0m▀[38;2;206;165;49m[48;2;0;0;0m▀[0m[38;2;206;165;49m[48;2;132;58;66m▀[0m[38;2;206;165;49m[48;2;132;58;66m▀[0m[38;2;132;58;66m[48;2;245;236;173m▀[0m[38;2;0;0;0m[48;2;0;0;0m▀[0m    [38;2;0;0;0m▀[38;2;0;0;0m▀[38;2;0;0;0m▀          
     [38;2;0;0;0m▀[38;2;0;0;0m▀[38;2;0;0;0m▀ [38;2;0;0;0m▀ [38;2;0;0;0m▄[38;2;138;114;47m[48;2;245;236;173m▀[0m[38;2;245;236;173m[48;2;235;213;130m▀[0m[38;2;245;236;173m[48;2;245;236;173m▀[0m[38;2;0;0;0m[48;2;0;0;0m▀[0m                  
              [38;2;0;0;0m▀[38;2;0;0;0m▀[38;2;0;0;0m▀                      
                                     [0m                                     