               [38;2;0;0;0m▄[38;2;0;0;0m[48;2;239;90;41m▀[0m[38;2;0;0;0m▄  [38;2;0;0;0m▄[38;2;0;0;0m▄   
    [38;2;0;0;0m▄[38;2;0;0;0m▄      [38;2;0;0;0m▄[38;2;0;0;0m[48;2;239;90;41m▀[0m[38;2;0;0;0m▄[38;2;0;0;0m[48;2;239;90;41m▀[0m[38;2;239;90;41m[48;2;239;90;41m▀[0m[38;2;0;0;0m[48;2;156;33;8m▀[0m[38;2;0;0;0m▄[38;2;0;0;0m[48;2;239;90;41m▀[0m[38;2;239;90;41m[48;2;239;90;41m▀[0m[38;2;0;0;0m[48;2;0;0;0m▀[0m   
    [38;2;0;0;0m[48;2;0;0;0m▀[0m[38;2;239;90;41m[48;2;239;90;41m▀[0m[38;2;0;0;0m[48;2;0;0;0m▀[0m[38;2;0;0;0m▄[38;2;0;0;0m[48;2;239;90;41m▀[0m[38;2;0;0;0m[48;2;0;0;0m▀[0m  [38;2;0;0;0m[48;2;0;0;0m▀[0m[38;2;239;90;41m[48;2;239;90;41m▀[0m[38;2;156;33;8m[48;2;239;90;41m▀[0m[38;2;239;90;41m[48;2;255;214;41m▀[0m[38;2;239;90;41m[48;2;239;90;41m▀[0m[38;2;239;90;41m[48;2;255;156;41m▀[0m[38;2;239;90;41m[48;2;239;90;41m▀[0m[38;2;239;90;41m[48;2;156;33;8m▀[0m[38;2;156;33;8m[48;2;156;33;8m▀[0m[38;2;156;33;8m[48;2;239;90;41m▀[0m[38;2;0;0;0m[48;2;239;90;41m▀[0m[38;2;0;0;0m▄ 
   [38;2;0;0;0m[48;2;0;0;0m▀[0m[38;2;239;90;41m[48;2;239;90;41m▀[0m[38;2;239;90;41m[48;2;239;90;41m▀[0m[38;2;0;0;0m[48;2;239;90;41m▀[0m[38;2;239;90;41m[48;2;239;90;41m▀[0m[38;2;255;156;41m[48;2;255;214;41m▀[0m[38;2;0;0;0m[48;2;0;0;0m▀[0m  [38;2;0;0;0m[48;2;0;0;0m▀[0m[38;2;239;90;41m[48;2;112;81;47m▀[0m[38;2;255;156;41m[48;2;255;214;41m▀[0m[38;2;255;214;41m[48;2;112;81;47m▀[0m[38;2;255;214;41m[48;2;255;214;41m▀[0m[38;2;239;90;41m[48;2;255;214;41m▀[0m[38;2;255;214;41m[48;2;239;90;41m▀[0m[38;2;239;90;41m[48;2;239;90;41m▀[0m[38;2;239;90;41m[48;2;156;33;8m▀[0m[38;2;239;90;41m[48;2;0;0;0m▀[0m[38;2;0;0;0m▀  
 [38;2;0;0;0m[48;2;0;0;0m▀[0m[38;2;0;0;0m[48;2;239;90;41m▀[0m[38;2;0;0;0m[48;2;0;0;0m▀[0m[38;2;239;90;41m[48;2;239;90;41m▀[0m[38;2;255;156;41m[48;2;255;214;41m▀[0m[38;2;239;90;41m[48;2;239;90;41m▀[0m[38;2;255;156;41m[48;2;255;214;41m▀[0m[38;2;255;214;41m[48;2;65;65;65m▀[0m[38;2;65;65;65m[48;2;112;81;47m▀[0m[38;2;0;0;0m[48;2;154;97;56m▀[0m[38;2;0;0;0m[48;2;0;0;0m▀[0m[38;2;0;0;0m[48;2;112;81;47m▀[0m[38;2;154;97;56m[48;2;154;97;56m▀[0m[38;2;112;81;47m[48;2;154;97;56m▀[0m[38;2;154;97;56m[48;2;154;97;56m▀[0m[38;2;112;81;47m[48;2;112;81;47m▀[0m[38;2;255;156;41m[48;2;255;214;41m▀[0m[38;2;255;156;41m[48;2;239;90;41m▀[0m[38;2;239;90;41m[48;2;239;90;41m▀[0m[38;2;239;90;41m[48;2;0;0;0m▀[0m[38;2;239;90;41m[48;2;0;0;0m▀[0m[38;2;0;0;0m▀  
 [38;2;0;0;0m▀[38;2;239;90;41m[48;2;0;0;0m▀[0m[38;2;239;90;41m[48;2;239;90;41m▀[0m[38;2;239;90;41m[48;2;239;90;41m▀[0m[38;2;255;214;41m[48;2;255;214;41m▀[0m[38;2;255;214;41m[48;2;255;214;41m▀[0m[38;2;255;214;41m[48;2;112;81;47m▀[0m[38;2;65;65;65m[48;2;154;97;56m▀[0m[38;2;154;97;56m[48;2;154;97;56m▀[0m[38;2;156;33;8m[48;2;156;33;8m▀[0m[38;2;80;65;48m[48;2;112;81;47m▀[0m[38;2;154;97;56m[48;2;154;97;56m▀[0m[38;2;154;97;56m[48;2;154;97;56m▀[0m[38;2;154;97;56m[48;2;154;97;56m▀[0m[38;2;154;97;56m[48;2;154;97;56m▀[0m[38;2;154;97;56m[48;2;154;97;56m▀[0m[38;2;112;81;47m[48;2;112;81;47m▀[0m[38;2;65;65;65m[48;2;0;0;0m▀[0m[38;2;0;0;0m▀     
  [38;2;0;0;0m[48;2;0;0;0m▀[0m[38;2;239;90;41m[48;2;112;81;47m▀[0m[38;2;239;90;41m[48;2;239;90;41m▀[0m[38;2;255;214;41m[48;2;154;97;56m▀[0m[38;2;112;81;47m[48;2;154;97;56m▀[0m[38;2;154;97;56m[48;2;154;97;56m▀[0m[38;2;154;97;56m[48;2;154;97;56m▀[0m[38;2;154;97;56m[48;2;255;255;255m▀[0m[38;2;154;97;56m[48;2;154;97;56m▀[0m[38;2;154;97;56m[48;2;154;97;56m▀[0m[38;2;154;97;56m[48;2;154;97;56m▀[0m[38;2;154;97;56m[48;2;154;97;56m▀[0m[38;2;154;97;56m[48;2;112;81;47m▀[0m[38;2;112;81;47m[48;2;247;230;132m▀[0m[38;2;112;81;47m[48;2;247;230;132m▀[0m[38;2;236;214;98m[48;2;236;214;98m▀[0m[38;2;236;214;98m[48;2;236;214;98m▀[0m[38;2;0;0;0m[48;2;178;150;57m▀[0m[38;2;0;0;0m▄    
  [38;2;0;0;0m▀[38;2;154;97;56m[48;2;0;0;0m▀[0m[38;2;112;81;47m[48;2;154;97;56m▀[0m[38;2;154;97;56m[48;2;154;97;56m▀[0m[38;2;154;97;56m[48;2;154;97;56m▀[0m[38;2;154;97;56m[48;2;0;0;0m▀[0m[38;2;239;90;41m[48;2;239;90;41m▀[0m[38;2;255;255;255m[48;2;247;230;132m▀[0m[38;2;236;214;98m[48;2;247;230;132m▀[0m[38;2;112;81;47m[48;2;247;230;132m▀[0m[38;2;112;81;47m[48;2;247;230;132m▀[0m[38;2;112;81;47m[48;2;247;230;132m▀[0m[38;2;247;230;132m[48;2;247;230;132m▀[0m[38;2;247;230;132m[48;2;236;214;98m▀[0m[38;2;236;214;98m[48;2;0;0;0m▀[0m[38;2;236;214;98m[48;2;0;0;0m▀[0m[38;2;178;150;57m[48;2;247;230;132m▀[0m[38;2;236;214;98m[48;2;247;230;132m▀[0m[38;2;0;0;0m[48;2;0;0;0m▀[0m    
   [38;2;0;0;0m▀[38;2;154;97;56m[48;2;0;0;0m▀[0m[38;2;154;97;56m[48;2;247;230;132m▀[0m[38;2;154;97;56m[48;2;247;230;132m▀[0m[38;2;247;230;132m[48;2;236;214;98m▀[0m[38;2;247;230;132m[48;2;0;0;0m▀[0m[38;2;247;230;132m[48;2;0;0;0m▀[0m[38;2;65;65;65m[48;2;65;65;65m▀[0m[38;2;65;65;65m[48;2;247;230;132m▀[0m[38;2;247;230;132m[48;2;247;230;132m▀[0m[38;2;247;230;132m[48;2;0;0;0m▀[0m[38;2;0;0;0m▀[38;2;0;0;0m▀  [38;2;0;0;0m▀[38;2;0;0;0m▀     
     [38;2;0;0;0m▀[38;2;0;0;0m▀[38;2;0;0;0m▀ [38;2;0;0;0m▀[38;2;247;230;132m[48;2;0;0;0m▀[0m[38;2;236;214;98m[48;2;0;0;0m▀[0m[38;2;0;0;0m▀            
                                     [0m                                     