   [38;2;0;0;0m▄[38;2;0;0;0m▄     [38;2;16;0;0m▄[38;2;0;0;0m[48;2;215;103;201m▀[0m[38;2;0;0;0m▄            [38;2;0;0;0m▄[38;2;0;0;0m▄[38;2;0;0;0m▄   
   [38;2;0;0;0m[48;2;0;0;0m▀[0m[38;2;188;67;170m[48;2;188;67;170m▀[0m[38;2;0;0;0m[48;2;188;67;170m▀[0m[38;2;0;0;0m[48;2;192;72;175m▀[0m[38;2;8;4;8m▄[38;2;0;0;0m▄[38;2;0;0;0m[48;2;233;139;222m▀[0m[38;2;145;28;123m[48;2;233;139;222m▀[0m[38;2;145;28;123m[48;2;233;139;222m▀[0m[38;2;147;29;124m[48;2;233;139;222m▀[0m[38;2;0;0;0m[48;2;233;139;222m▀[0m[38;2;0;0;0m▄[38;2;0;0;0m▄  [38;2;0;8;8m▄[38;2;0;0;0m[48;2;217;108;204m▀[0m[38;2;0;0;0m[48;2;0;0;0m▀[0m  [38;2;0;0;0m[48;2;0;0;0m▀[0m[38;2;0;0;0m[48;2;213;100;199m▀[0m[38;2;213;100;199m[48;2;213;100;199m▀[0m[38;2;213;100;199m[48;2;207;172;212m▀[0m[38;2;213;100;199m[48;2;207;172;212m▀[0m[38;2;0;0;0m[48;2;146;111;151m▀[0m[38;2;0;0;8m▄ 
  [38;2;0;0;0m▄[38;2;0;0;0m▄[38;2;0;0;0m[48;2;24;4;8m▀[0m[38;2;188;67;170m[48;2;136;22;113m▀[0m[38;2;129;17;106m[48;2;233;139;222m▀[0m[38;2;233;141;223m[48;2;233;139;222m▀[0m[38;2;233;139;222m[48;2;233;139;222m▀[0m[38;2;233;139;222m[48;2;233;139;222m▀[0m[38;2;233;139;222m[48;2;233;139;222m▀[0m[38;2;233;139;222m[48;2;233;139;222m▀[0m[38;2;233;139;222m[48;2;233;139;222m▀[0m[38;2;233;139;222m[48;2;233;139;222m▀[0m[38;2;233;139;222m[48;2;233;139;222m▀[0m[38;2;233;139;222m[48;2;233;139;222m▀[0m[38;2;0;0;0m[48;2;233;141;223m▀[0m[38;2;0;0;0m[48;2;211;97;197m▀[0m[38;2;217;108;204m[48;2;220;112;207m▀[0m[38;2;175;53;155m[48;2;0;4;0m▀[0m[38;2;0;0;0m▀ [38;2;0;0;0m[48;2;0;0;0m▀[0m[38;2;213;100;199m[48;2;213;100;199m▀[0m[38;2;213;100;199m[48;2;211;176;216m▀[0m[38;2;211;176;216m[48;2;211;176;216m▀[0m[38;2;159;124;164m[48;2;187;65;168m▀[0m[38;2;180;58;161m[48;2;211;176;216m▀[0m[38;2;209;174;214m[48;2;211;176;216m▀[0m[38;2;0;0;8m[48;2;0;0;0m▀[0m 
  [38;2;0;0;0m[48;2;0;0;0m▀[0m[38;2;233;139;222m[48;2;233;139;222m▀[0m[38;2;136;22;113m[48;2;233;139;222m▀[0m[38;2;236;148;227m[48;2;66;65;66m▀[0m[38;2;233;139;222m[48;2;233;139;222m▀[0m[38;2;233;139;222m[48;2;233;139;222m▀[0m[38;2;233;139;222m[48;2;66;65;66m▀[0m[38;2;233;139;222m[48;2;66;65;66m▀[0m[38;2;233;139;222m[48;2;233;139;222m▀[0m[38;2;233;139;222m[48;2;233;139;222m▀[0m[38;2;233;139;222m[48;2;233;139;222m▀[0m[38;2;233;139;222m[48;2;233;139;222m▀[0m[38;2;233;139;222m[48;2;233;139;222m▀[0m[38;2;233;139;222m[48;2;66;65;66m▀[0m[38;2;66;65;66m[48;2;233;139;222m▀[0m[38;2;66;65;66m[48;2;66;65;66m▀[0m[38;2;176;54;157m[48;2;217;108;204m▀[0m[38;2;0;4;0m[48;2;0;8;8m▀[0m [38;2;0;0;0m[48;2;0;0;0m▀[0m[38;2;213;100;199m[48;2;213;100;199m▀[0m[38;2;213;100;199m[48;2;211;176;216m▀[0m[38;2;211;176;216m[48;2;211;176;216m▀[0m[38;2;211;176;216m[48;2;211;176;216m▀[0m[38;2;211;176;216m[48;2;147;112;152m▀[0m[38;2;187;65;168m[48;2;147;112;152m▀[0m[38;2;211;176;216m[48;2;0;0;0m▀[0m[38;2;0;0;0m▀ 
  [38;2;0;8;8m▄[38;2;0;0;0m[48;2;82;90;90m▀[0m[38;2;233;139;222m[48;2;233;139;222m▀[0m[38;2;233;139;222m[48;2;233;139;222m▀[0m[38;2;233;139;222m[48;2;233;139;222m▀[0m[38;2;233;139;222m[48;2;233;139;222m▀[0m[38;2;66;65;66m[48;2;186;64;167m▀[0m[38;2;233;139;222m[48;2;233;139;222m▀[0m[38;2;66;65;66m[48;2;233;139;222m▀[0m[38;2;233;139;222m[48;2;233;139;222m▀[0m[38;2;233;139;222m[48;2;233;139;222m▀[0m[38;2;233;139;222m[48;2;233;139;222m▀[0m[38;2;66;65;66m[48;2;233;139;222m▀[0m[38;2;233;139;222m[48;2;233;139;222m▀[0m[38;2;233;139;222m[48;2;188;67;170m▀[0m[38;2;66;65;66m[48;2;213;100;199m▀[0m[38;2;217;108;204m[48;2;212;99;198m▀[0m[38;2;175;53;155m[48;2;212;99;198m▀[0m[38;2;0;0;0m[48;2;66;65;57m▀[0m[38;2;213;100;199m[48;2;210;175;215m▀[0m[38;2;211;176;216m[48;2;211;176;216m▀[0m[38;2;211;176;216m[48;2;211;176;216m▀[0m[38;2;211;176;216m[48;2;0;0;0m▀[0m[38;2;211;176;216m[48;2;0;0;0m▀[0m[38;2;211;176;216m[48;2;0;0;0m▀[0m[38;2;0;0;0m▀   
  [38;2;0;8;8m[48;2;0;0;0m▀[0m[38;2;247;255;255m[48;2;247;251;247m▀[0m[38;2;82;95;95m[48;2;0;0;0m▀[0m[38;2;233;139;222m[48;2;241;161;233m▀[0m[38;2;233;139;222m[48;2;233;139;222m▀[0m[38;2;233;139;222m[48;2;233;139;222m▀[0m[38;2;233;139;222m[48;2;233;139;222m▀[0m[38;2;233;139;222m[48;2;233;139;222m▀[0m[38;2;233;139;222m[48;2;82;95;95m▀[0m[38;2;186;64;167m[48;2;247;255;255m▀[0m[38;2;233;139;222m[48;2;194;74;177m▀[0m[38;2;233;139;222m[48;2;231;135;220m▀[0m[38;2;233;139;222m[48;2;233;139;222m▀[0m[38;2;233;139;222m[48;2;233;139;222m▀[0m[38;2;188;67;170m[48;2;233;139;222m▀[0m[38;2;213;100;199m[48;2;212;99;198m▀[0m[38;2;212;99;198m[48;2;213;100;199m▀[0m[38;2;212;99;198m[48;2;213;100;199m▀[0m[38;2;66;65;57m[48;2;63;67;49m▀[0m[38;2;147;112;152m[48;2;0;0;16m▀[0m[38;2;0;0;0m▀[38;2;0;0;0m▀       
 [38;2;0;0;0m▄[38;2;0;0;0m[48;2;198;78;181m▀[0m[38;2;82;83;82m[48;2;198;78;181m▀[0m[38;2;222;255;255m[48;2;74;56;66m▀[0m[38;2;74;85;85m[48;2;255;93;148m▀[0m[38;2;66;65;66m[48;2;247;105;156m▀[0m[38;2;233;139;222m[48;2;74;56;66m▀[0m[38;2;233;139;222m[48;2;177;55;158m▀[0m[38;2;186;64;167m[48;2;255;255;255m▀[0m[38;2;0;16;16m[48;2;255;255;255m▀[0m[38;2;247;255;255m[48;2;255;255;255m▀[0m[38;2;141;25;118m[48;2;57;69;74m▀[0m[38;2;231;135;220m[48;2;233;141;223m▀[0m[38;2;233;139;222m[48;2;233;139;222m▀[0m[38;2;233;139;222m[48;2;212;99;198m▀[0m[38;2;212;99;198m[48;2;213;100;199m▀[0m[38;2;212;99;198m[48;2;213;100;199m▀[0m[38;2;213;100;199m[48;2;210;175;215m▀[0m[38;2;145;110;150m[48;2;210;175;215m▀[0m[38;2;146;111;151m[48;2;83;48;88m▀[0m[38;2;63;67;49m[48;2;146;111;151m▀[0m[38;2;0;0;0m[48;2;0;0;0m▀[0m        
  [38;2;0;0;0m▀[38;2;198;78;181m[48;2;0;0;0m▀[0m[38;2;194;80;120m[48;2;66;60;66m▀[0m[38;2;194;80;120m[48;2;239;130;148m▀[0m[38;2;189;88;126m[48;2;247;101;148m▀[0m[38;2;247;105;156m[48;2;186;87;120m▀[0m[38;2;177;55;158m[48;2;41;73;90m▀[0m[38;2;177;55;158m[48;2;214;102;200m▀[0m[38;2;66;65;66m[48;2;213;100;199m▀[0m[38;2;66;65;66m[48;2;213;100;199m▀[0m[38;2;211;97;197m[48;2;213;100;199m▀[0m[38;2;211;97;197m[48;2;252;229;255m▀[0m[38;2;212;99;198m[48;2;252;229;255m▀[0m[38;2;212;99;198m[48;2;252;229;255m▀[0m[38;2;211;176;216m[48;2;205;170;210m▀[0m[38;2;211;176;216m[48;2;253;238;255m▀[0m[38;2;210;175;215m[48;2;253;238;255m▀[0m[38;2;143;108;148m[48;2;8;8;0m▀[0m[38;2;0;0;8m▀[38;2;0;0;8m▀[38;2;0;0;0m▀        
  [38;2;0;0;0m▄[38;2;0;0;0m[48;2;144;109;149m▀[0m[38;2;122;87;127m[48;2;0;0;0m▀[0m[38;2;66;60;66m[48;2;0;0;0m▀[0m[38;2;66;60;66m[48;2;211;176;216m▀[0m[38;2;66;60;66m[48;2;211;176;216m▀[0m[38;2;252;230;255m[48;2;211;176;216m▀[0m[38;2;252;230;255m[48;2;211;176;216m▀[0m[38;2;252;229;255m[48;2;252;229;255m▀[0m[38;2;252;229;255m[48;2;252;229;255m▀[0m[38;2;252;229;255m[48;2;206;171;211m▀[0m[38;2;252;229;255m[48;2;206;171;211m▀[0m[38;2;252;229;255m[48;2;147;112;152m▀[0m[38;2;211;176;216m[48;2;211;176;216m▀[0m[38;2;146;111;151m[48;2;211;176;216m▀[0m[38;2;146;111;151m[48;2;0;0;0m▀[0m[38;2;253;238;255m[48;2;0;0;0m▀[0m[38;2;185;150;190m[48;2;252;229;255m▀[0m[38;2;0;0;0m[48;2;0;0;0m▀[0m          
  [38;2;0;0;0m▀[38;2;0;0;0m▀  [38;2;0;0;0m▀[38;2;0;0;0m▀[38;2;211;176;216m[48;2;0;0;0m▀[0m[38;2;211;176;216m[48;2;0;0;0m▀[0m[38;2;144;109;149m[48;2;0;0;0m▀[0m[38;2;252;229;255m[48;2;211;176;216m▀[0m[38;2;253;238;255m[48;2;253;238;255m▀[0m[38;2;149;114;154m[48;2;102;67;107m▀[0m[38;2;211;176;216m[48;2;0;0;0m▀[0m[38;2;0;0;0m▀[38;2;0;0;0m▀  [38;2;0;0;0m▀[38;2;0;0;0m▀          
           [38;2;0;0;0m▀[38;2;183;148;188m[48;2;0;0;0m▀[0m[38;2;0;0;8m▀                 
                                     [0m                                     