                       [38;2;0;0;0m▄[38;2;0;0;0m[48;2;255;211;69m▀[0m[38;2;0;0;0m[48;2;255;211;69m▀[0m[38;2;0;0;0m[48;2;255;211;69m▀[0m[38;2;0;0;0m[48;2;195;130;29m▀[0m[38;2;0;0;0m▄              
                    [38;2;0;0;0m▄[38;2;0;0;0m▄[38;2;0;0;0m[48;2;65;64;65m▀[0m[38;2;255;212;67m[48;2;255;207;74m▀[0m[38;2;255;211;69m[48;2;255;211;69m▀[0m[38;2;255;211;69m[48;2;255;211;69m▀[0m[38;2;255;211;69m[48;2;255;207;74m▀[0m[38;2;255;211;69m[48;2;100;77;9m▀[0m[38;2;195;130;29m[48;2;198;142;27m▀[0m[38;2;0;0;0m[48;2;0;8;0m▀[0m             
        [38;2;0;0;0m▄[38;2;0;0;0m[48;2;197;194;205m▀[0m[38;2;0;0;0m[48;2;197;194;205m▀[0m[38;2;0;0;0m▄[38;2;0;0;0m▄[38;2;0;0;0m[48;2;255;255;255m▀[0m[38;2;0;0;0m[48;2;255;255;255m▀[0m[38;2;8;8;8m▄   [38;2;0;0;0m[48;2;0;0;0m▀[0m[38;2;188;129;28m[48;2;255;211;69m▀[0m[38;2;255;211;72m[48;2;255;211;69m▀[0m[38;2;65;64;65m[48;2;65;64;65m▀[0m[38;2;188;133;22m[48;2;199;131;32m▀[0m[38;2;255;211;69m[48;2;197;130;31m▀[0m[38;2;255;211;69m[48;2;197;130;31m▀[0m[38;2;255;207;74m[48;2;199;131;32m▀[0m[38;2;190;134;26m[48;2;199;131;32m▀[0m[38;2;104;73;11m[48;2;65;64;65m▀[0m[38;2;104;73;11m[48;2;188;133;22m▀[0m[38;2;0;0;0m[48;2;255;212;67m▀[0m[38;2;0;0;0m[48;2;107;90;54m▀[0m[38;2;0;0;0m▄          
    [38;2;0;0;0m▄[38;2;0;0;0m▄ [38;2;0;0;0m▄[38;2;0;0;0m[48;2;65;64;65m▀[0m[38;2;197;194;205m[48;2;65;64;65m▀[0m[38;2;197;194;205m[48;2;65;64;65m▀[0m[38;2;65;64;68m[48;2;197;194;205m▀[0m[38;2;255;255;255m[48;2;255;250;255m▀[0m[38;2;255;255;255m[48;2;128;124;128m▀[0m[38;2;172;172;172m[48;2;255;255;255m▀[0m[38;2;172;172;172m[48;2;255;255;255m▀[0m[38;2;0;0;0m[48;2;0;0;0m▀[0m  [38;2;0;0;0m▀[38;2;195;130;29m[48;2;0;4;8m▀[0m[38;2;255;211;69m[48;2;105;85;51m▀[0m[38;2;199;131;32m[48;2;197;130;31m▀[0m[38;2;65;64;65m[48;2;197;130;31m▀[0m[38;2;197;130;31m[48;2;57;64;65m▀[0m[38;2;197;130;31m[48;2;57;64;65m▀[0m[38;2;199;131;32m[48;2;65;64;65m▀[0m[38;2;65;64;65m[48;2;199;131;32m▀[0m[38;2;65;64;65m[48;2;65;66;68m▀[0m[38;2;255;207;74m[48;2;147;103;18m▀[0m[38;2;255;212;67m[48;2;255;207;74m▀[0m[38;2;255;212;67m[48;2;65;64;65m▀[0m[38;2;0;0;0m[48;2;89;63;9m▀[0m[38;2;0;4;0m▄ [38;2;0;0;0m▄       
    [38;2;0;0;0m▀[38;2;119;117;119m[48;2;0;0;0m▀[0m[38;2;0;0;0m[48;2;169;175;169m▀[0m[38;2;65;64;65m[48;2;117;120;117m▀[0m[38;2;117;117;117m[48;2;65;64;65m▀[0m[38;2;117;117;117m[48;2;117;117;117m▀[0m[38;2;65;64;65m[48;2;117;117;117m▀[0m[38;2;65;64;65m[48;2;65;64;65m▀[0m[38;2;65;60;65m[48;2;117;118;117m▀[0m[38;2;65;60;65m[48;2;117;118;117m▀[0m[38;2;57;60;57m[48;2;128;124;128m▀[0m[38;2;123;125;123m[48;2;65;60;65m▀[0m[38;2;255;255;255m[48;2;255;255;255m▀[0m[38;2;0;0;0m[48;2;255;255;255m▀[0m[38;2;8;16;8m▄[38;2;0;0;0m[48;2;201;140;34m▀[0m[38;2;105;85;51m[48;2;197;130;31m▀[0m[38;2;202;146;34m[48;2;197;130;31m▀[0m[38;2;197;130;31m[48;2;107;90;54m▀[0m[38;2;197;130;31m[48;2;107;90;54m▀[0m[38;2;113;96;52m[48;2;255;211;69m▀[0m[38;2;255;208;65m[48;2;255;211;69m▀[0m[38;2;199;131;32m[48;2;255;212;67m▀[0m[38;2;199;131;32m[48;2;198;131;31m▀[0m[38;2;197;131;34m[48;2;255;211;69m▀[0m[38;2;65;66;68m[48;2;255;211;69m▀[0m[38;2;65;64;65m[48;2;57;60;74m▀[0m[38;2;188;133;22m[48;2;255;208;65m▀[0m[38;2;255;202;46m[48;2;255;211;69m▀[0m[38;2;174;123;25m[48;2;255;211;69m▀[0m[38;2;0;0;0m[48;2;65;64;65m▀[0m[38;2;182;182;182m[48;2;0;0;0m▀[0m[38;2;0;0;0m[48;2;182;182;182m▀[0m[38;2;0;0;0m▄ [38;2;0;0;0m▄   
    [38;2;0;0;0m[48;2;8;2;0m▀[0m[38;2;119;117;119m[48;2;63;59;56m▀[0m[38;2;65;64;65m[48;2;117;117;117m▀[0m[38;2;65;64;65m[48;2;117;117;117m▀[0m[38;2;117;117;117m[48;2;117;117;117m▀[0m[38;2;117;117;117m[48;2;117;117;117m▀[0m[38;2;117;117;117m[48;2;115;117;115m▀[0m[38;2;117;117;117m[48;2;65;64;65m▀[0m[38;2;117;118;117m[48;2;65;64;82m▀[0m[38;2;117;118;117m[48;2;65;64;82m▀[0m[38;2;65;60;65m[48;2;255;255;255m▀[0m[38;2;255;250;255m[48;2;255;255;255m▀[0m[38;2;255;255;255m[48;2;255;255;255m▀[0m[38;2;255;255;255m[48;2;255;255;255m▀[0m[38;2;54;47;60m[48;2;255;255;255m▀[0m[38;2;108;88;53m[48;2;65;64;65m▀[0m[38;2;110;92;55m[48;2;255;212;67m▀[0m[38;2;110;92;55m[48;2;255;212;67m▀[0m[38;2;255;212;67m[48;2;110;92;55m▀[0m[38;2;255;212;67m[48;2;110;92;55m▀[0m[38;2;255;211;69m[48;2;255;212;67m▀[0m[38;2;195;130;29m[48;2;255;212;67m▀[0m[38;2;198;131;31m[48;2;255;212;67m▀[0m[38;2;255;212;67m[48;2;255;212;67m▀[0m[38;2;255;211;69m[48;2;107;90;54m▀[0m[38;2;255;211;69m[48;2;107;90;54m▀[0m[38;2;151;110;19m[48;2;255;197;79m▀[0m[38;2;151;110;19m[48;2;104;76;10m▀[0m[38;2;255;211;69m[48;2;100;66;11m▀[0m[38;2;195;130;29m[48;2;195;130;29m▀[0m[38;2;0;0;0m[48;2;0;0;0m▀[0m [38;2;0;0;0m▀[38;2;182;182;182m[48;2;0;0;0m▀[0m[38;2;0;0;0m[48;2;182;182;182m▀[0m[38;2;225;225;225m[48;2;225;225;225m▀[0m[38;2;0;0;0m[48;2;0;0;0m▀[0m  
 [38;2;0;0;0m▄[38;2;8;0;0m▄[38;2;0;0;0m[48;2;60;63;63m▀[0m[38;2;172;178;172m[48;2;65;64;65m▀[0m[38;2;118;120;115m[48;2;65;64;65m▀[0m[38;2;65;64;65m[48;2;118;118;115m▀[0m[38;2;117;117;117m[48;2;118;118;115m▀[0m[38;2;117;117;117m[48;2;131;64;74m▀[0m[38;2;65;64;65m[48;2;131;64;74m▀[0m[38;2;65;64;65m[48;2;255;248;238m▀[0m[38;2;82;82;82m[48;2;122;68;25m▀[0m[38;2;255;160;74m[48;2;215;187;154m▀[0m[38;2;132;100;75m[48;2;125;110;96m▀[0m[38;2;255;255;255m[48;2;255;255;255m▀[0m[38;2;255;255;255m[48;2;255;255;255m▀[0m[38;2;255;255;255m[48;2;255;255;255m▀[0m[38;2;255;255;255m[48;2;255;255;255m▀[0m[38;2;255;255;255m[48;2;205;198;205m▀[0m[38;2;65;64;65m[48;2;65;68;65m▀[0m[38;2;198;131;31m[48;2;199;131;32m▀[0m[38;2;198;131;31m[48;2;199;131;32m▀[0m[38;2;197;130;31m[48;2;199;131;32m▀[0m[38;2;197;130;31m[48;2;199;131;32m▀[0m[38;2;107;90;54m[48;2;197;130;31m▀[0m[38;2;107;90;54m[48;2;197;130;31m▀[0m[38;2;107;90;54m[48;2;197;130;31m▀[0m[38;2;107;90;54m[48;2;197;130;31m▀[0m[38;2;255;212;67m[48;2;199;131;32m▀[0m[38;2;255;212;67m[48;2;199;131;32m▀[0m[38;2;192;133;29m[48;2;198;142;27m▀[0m[38;2;192;133;29m[48;2;104;73;11m▀[0m[38;2;195;130;29m[48;2;0;0;0m▀[0m[38;2;0;4;0m▀  [38;2;0;0;0m▀[38;2;225;225;225m[48;2;0;0;0m▀[0m[38;2;182;182;182m[48;2;0;0;0m▀[0m[38;2;182;182;182m[48;2;182;182;182m▀[0m[38;2;182;182;182m[48;2;0;0;0m▀[0m[38;2;0;0;0m▀ 
 [38;2;0;0;0m▀[38;2;182;182;182m[48;2;4;4;4m▀[0m[38;2;60;63;63m[48;2;161;161;161m▀[0m[38;2;97;97;97m[48;2;112;112;112m▀[0m[38;2;113;113;113m[48;2;112;112;112m▀[0m[38;2;118;118;118m[48;2;121;121;121m▀[0m[38;2;83;72;63m[48;2;74;67;65m▀[0m[38;2;255;255;255m[48;2;139;64;74m▀[0m[38;2;131;64;74m[48;2;242;242;242m▀[0m[38;2;255;248;238m[48;2;242;242;242m▀[0m[38;2;189;158;130m[48;2;65;64;65m▀[0m[38;2;125;110;96m[48;2;65;64;65m▀[0m[38;2;255;226;189m[48;2;240;240;240m▀[0m[38;2;255;255;255m[48;2;255;255;255m▀[0m[38;2;255;255;255m[48;2;200;195;208m▀[0m[38;2;255;255;255m[48;2;197;194;205m▀[0m[38;2;200;195;208m[48;2;197;194;205m▀[0m[38;2;112;111;112m[48;2;65;60;65m▀[0m[38;2;65;68;65m[48;2;202;120;54m▀[0m[38;2;65;64;65m[48;2;198;111;70m▀[0m[38;2;65;64;65m[48;2;198;111;70m▀[0m[38;2;65;64;65m[48;2;198;111;70m▀[0m[38;2;65;64;65m[48;2;198;111;70m▀[0m[38;2;197;130;31m[48;2;63;64;63m▀[0m[38;2;197;130;31m[48;2;63;64;63m▀[0m[38;2;197;130;31m[48;2;65;64;65m▀[0m[38;2;197;130;31m[48;2;65;64;65m▀[0m[38;2;65;64;65m[48;2;182;182;182m▀[0m[38;2;65;64;65m[48;2;182;182;182m▀[0m[38;2;104;73;11m[48;2;65;64;65m▀[0m[38;2;0;8;0m[48;2;182;182;182m▀[0m[38;2;0;0;0m▄     [38;2;0;0;0m▀[38;2;182;182;182m[48;2;0;0;0m▀[0m[38;2;0;0;0m▀  
 [38;2;0;0;0m▄[38;2;8;2;0m[48;2;225;225;225m▀[0m[38;2;240;240;240m[48;2;225;225;225m▀[0m[38;2;223;223;223m[48;2;65;64;65m▀[0m[38;2;65;52;57m[48;2;211;211;211m▀[0m[38;2;74;67;65m[48;2;227;227;227m▀[0m[38;2;225;225;225m[48;2;227;227;227m▀[0m[38;2;191;191;191m[48;2;225;225;225m▀[0m[38;2;191;191;191m[48;2;225;225;225m▀[0m[38;2;183;183;183m[48;2;211;211;211m▀[0m[38;2;242;242;242m[48;2;65;64;65m▀[0m[38;2;240;240;240m[48;2;65;64;65m▀[0m[38;2;65;64;65m[48;2;197;194;205m▀[0m[38;2;200;195;208m[48;2;197;194;205m▀[0m[38;2;200;195;208m[48;2;197;194;205m▀[0m[38;2;197;194;205m[48;2;117;109;112m▀[0m[38;2;65;64;65m[48;2;195;123;75m▀[0m[38;2;255;152;65m[48;2;255;152;65m▀[0m[38;2;255;152;65m[48;2;74;67;65m▀[0m[38;2;255;156;65m[48;2;255;156;65m▀[0m[38;2;198;111;70m[48;2;255;156;65m▀[0m[38;2;198;111;70m[48;2;137;96;57m▀[0m[38;2;198;111;70m[48;2;75;68;64m▀[0m[38;2;199;108;64m[48;2;255;147;48m▀[0m[38;2;131;86;63m[48;2;74;61;56m▀[0m[38;2;255;156;65m[48;2;255;155;62m▀[0m[38;2;255;156;65m[48;2;255;155;62m▀[0m[38;2;65;64;65m[48;2;255;156;65m▀[0m[38;2;182;182;182m[48;2;88;56;27m▀[0m[38;2;182;182;182m[48;2;0;0;0m▀[0m[38;2;182;182;182m[48;2;0;0;0m▀[0m[38;2;182;182;182m[48;2;0;0;0m▀[0m[38;2;0;0;0m[48;2;0;0;0m▀[0m         
 [38;2;0;0;0m[48;2;0;0;0m▀[0m[38;2;225;225;225m[48;2;65;64;65m▀[0m[38;2;65;64;65m[48;2;0;0;0m▀[0m[38;2;211;211;211m[48;2;191;191;191m▀[0m[38;2;65;64;65m[48;2;65;64;65m▀[0m[38;2;227;227;227m[48;2;65;64;65m▀[0m[38;2;227;227;227m[48;2;225;225;225m▀[0m[38;2;225;225;225m[48;2;225;225;225m▀[0m[38;2;65;64;65m[48;2;65;64;65m▀[0m[38;2;65;64;65m[48;2;115;118;117m▀[0m[38;2;211;211;211m[48;2;115;118;117m▀[0m[38;2;196;196;196m[48;2;115;118;117m▀[0m[38;2;197;194;205m[48;2;115;118;117m▀[0m[38;2;115;118;117m[48;2;197;194;205m▀[0m[38;2;115;118;117m[48;2;198;113;73m▀[0m[38;2;195;123;75m[48;2;255;155;62m▀[0m[38;2;255;144;57m[48;2;255;155;62m▀[0m[38;2;255;152;65m[48;2;255;155;62m▀[0m[38;2;140;93;59m[48;2;255;155;62m▀[0m[38;2;129;77;48m[48;2;83;72;63m▀[0m[38;2;255;156;65m[48;2;83;72;63m▀[0m[38;2;75;68;64m[48;2;129;77;48m▀[0m[38;2;255;152;48m[48;2;255;156;65m▀[0m[38;2;137;86;50m[48;2;83;72;63m▀[0m[38;2;137;86;50m[48;2;255;156;65m▀[0m[38;2;255;155;62m[48;2;255;156;65m▀[0m[38;2;255;155;62m[48;2;83;72;63m▀[0m[38;2;255;156;65m[48;2;255;156;65m▀[0m[38;2;0;0;16m[48;2;0;0;0m▀[0m             
   [38;2;0;0;0m[48;2;0;0;0m▀[0m[38;2;255;255;255m[48;2;255;255;255m▀[0m[38;2;65;64;65m[48;2;0;0;0m▀[0m[38;2;65;64;65m[48;2;84;83;84m▀[0m[38;2;65;64;65m[48;2;255;250;255m▀[0m[38;2;225;225;225m[48;2;65;64;65m▀[0m[38;2;65;64;65m[48;2;197;194;205m▀[0m[38;2;197;194;205m[48;2;197;195;208m▀[0m[38;2;197;194;205m[48;2;197;195;208m▀[0m[38;2;197;194;205m[48;2;200;194;208m▀[0m[38;2;197;194;205m[48;2;200;194;208m▀[0m[38;2;197;194;205m[48;2;200;195;208m▀[0m[38;2;198;113;73m[48;2;255;255;255m▀[0m[38;2;255;155;62m[48;2;225;122;62m▀[0m[38;2;255;155;62m[48;2;225;122;62m▀[0m[38;2;255;155;62m[48;2;255;156;65m▀[0m[38;2;255;155;62m[48;2;255;156;65m▀[0m[38;2;255;156;65m[48;2;255;174;98m▀[0m[38;2;83;72;63m[48;2;255;174;98m▀[0m[38;2;255;156;65m[48;2;83;72;63m▀[0m[38;2;255;156;65m[48;2;200;108;66m▀[0m[38;2;255;156;65m[48;2;65;64;65m▀[0m[38;2;255;156;65m[48;2;255;156;65m▀[0m[38;2;255;156;65m[48;2;255;156;65m▀[0m[38;2;83;72;63m[48;2;129;77;48m▀[0m[38;2;255;156;65m[48;2;137;86;50m▀[0m[38;2;255;156;65m[48;2;255;147;48m▀[0m[38;2;0;0;0m[48;2;0;0;0m▀[0m            
    [38;2;0;0;0m▀ [38;2;0;0;0m▀[38;2;255;250;255m[48;2;0;0;0m▀[0m[38;2;65;64;65m[48;2;187;109;74m▀[0m[38;2;197;194;205m[48;2;187;109;74m▀[0m[38;2;197;195;208m[48;2;197;194;205m▀[0m[38;2;115;117;115m[48;2;197;194;205m▀[0m[38;2;200;194;208m[48;2;126;124;131m▀[0m[38;2;200;194;208m[48;2;126;124;131m▀[0m[38;2;200;195;208m[48;2;197;194;205m▀[0m[38;2;255;255;255m[48;2;65;64;68m▀[0m[38;2;255;255;255m[48;2;255;255;255m▀[0m[38;2;225;122;62m[48;2;198;113;73m▀[0m[38;2;83;72;63m[48;2;83;72;63m▀[0m[38;2;255;156;65m[48;2;255;156;65m▀[0m[38;2;65;68;98m[48;2;65;64;65m▀[0m[38;2;199;144;90m[48;2;0;0;0m▀[0m[38;2;200;108;66m[48;2;198;113;73m▀[0m[38;2;200;108;66m[48;2;0;0;0m▀[0m[38;2;65;64;65m[48;2;198;113;73m▀[0m[38;2;255;156;65m[48;2;0;0;0m▀[0m[38;2;255;156;65m[48;2;255;156;65m▀[0m[38;2;255;156;65m[48;2;255;156;65m▀[0m[38;2;137;86;50m[48;2;255;156;65m▀[0m[38;2;74;61;56m[48;2;255;156;65m▀[0m[38;2;0;0;0m[48;2;0;0;0m▀[0m            
        [38;2;0;0;0m[48;2;0;0;0m▀[0m[38;2;187;109;74m[48;2;198;113;73m▀[0m[38;2;166;109;88m[48;2;179;108;79m▀[0m[38;2;197;194;205m[48;2;197;194;205m▀[0m[38;2;189;186;197m[48;2;0;0;0m▀[0m[38;2;0;0;0m▀[38;2;0;0;0m▀[38;2;65;64;68m[48;2;0;0;0m▀[0m[38;2;255;255;255m[48;2;255;225;197m▀[0m[38;2;198;113;73m[48;2;175;148;127m▀[0m[38;2;83;72;63m[48;2;137;86;50m▀[0m[38;2;255;156;65m[48;2;137;86;50m▀[0m[38;2;0;0;0m[48;2;255;155;74m▀[0m[38;2;0;0;0m▄[38;2;0;0;0m▀ [38;2;0;0;0m▀ [38;2;0;0;16m▀[38;2;88;56;27m[48;2;0;0;0m▀[0m[38;2;255;156;65m[48;2;200;108;66m▀[0m[38;2;198;111;70m[48;2;83;72;63m▀[0m[38;2;198;113;73m[48;2;97;61;45m▀[0m[38;2;0;0;0m[48;2;0;0;8m▀[0m           
       [38;2;0;0;0m▄[38;2;0;0;0m[48;2;198;111;70m▀[0m[38;2;198;113;73m[48;2;198;111;70m▀[0m[38;2;179;108;79m[48;2;198;113;73m▀[0m[38;2;179;108;79m[48;2;198;113;73m▀[0m[38;2;0;0;0m[48;2;0;0;0m▀[0m   [38;2;8;0;0m[48;2;0;0;0m▀[0m[38;2;175;148;127m[48;2;255;156;65m▀[0m[38;2;255;147;48m[48;2;255;152;65m▀[0m[38;2;74;61;56m[48;2;255;152;65m▀[0m[38;2;134;77;29m[48;2;134;77;29m▀[0m[38;2;0;0;0m[48;2;0;0;0m▀[0m    [38;2;0;0;16m▄[38;2;0;0;0m[48;2;255;170;98m▀[0m[38;2;200;108;66m[48;2;255;152;65m▀[0m[38;2;200;108;66m[48;2;194;129;82m▀[0m[38;2;197;118;82m[48;2;198;111;70m▀[0m[38;2;0;0;8m[48;2;198;111;70m▀[0m[38;2;0;0;0m▄          
      [38;2;8;2;0m▄[38;2;0;0;0m[48;2;146;127;118m▀[0m[38;2;198;111;70m[48;2;198;111;70m▀[0m[38;2;198;111;70m[48;2;198;111;70m▀[0m[38;2;198;113;73m[48;2;198;113;73m▀[0m[38;2;0;0;0m[48;2;0;0;0m▀[0m   [38;2;0;0;0m▄[38;2;0;0;0m[48;2;255;155;62m▀[0m[38;2;255;156;65m[48;2;255;155;62m▀[0m[38;2;74;67;65m[48;2;255;156;65m▀[0m[38;2;140;93;59m[48;2;129;77;48m▀[0m[38;2;255;155;74m[48;2;0;0;0m▀[0m[38;2;0;0;0m▀   [38;2;0;0;0m▄[38;2;0;0;16m[48;2;255;255;255m▀[0m[38;2;133;88;51m[48;2;117;117;117m▀[0m[38;2;117;110;115m[48;2;255;255;255m▀[0m[38;2;255;152;65m[48;2;117;117;117m▀[0m[38;2;198;111;70m[48;2;198;113;73m▀[0m[38;2;198;111;70m[48;2;0;0;0m▀[0m[38;2;0;0;0m[48;2;0;0;0m▀[0m          
    [38;2;0;0;0m▄[38;2;0;0;0m[48;2;65;64;65m▀[0m[38;2;215;189;177m[48;2;189;190;197m▀[0m[38;2;146;127;118m[48;2;126;126;131m▀[0m[38;2;198;111;70m[48;2;198;113;73m▀[0m[38;2;198;111;70m[48;2;198;113;73m▀[0m[38;2;198;113;73m[48;2;65;64;65m▀[0m[38;2;0;0;0m[48;2;0;0;0m▀[0m  [38;2;0;0;0m[48;2;0;0;0m▀[0m[38;2;255;156;65m[48;2;123;125;123m▀[0m[38;2;255;155;62m[48;2;125;110;96m▀[0m[38;2;255;155;62m[48;2;215;187;154m▀[0m[38;2;255;156;65m[48;2;255;156;65m▀[0m[38;2;255;156;65m[48;2;255;156;65m▀[0m[38;2;0;0;0m[48;2;0;0;0m▀[0m    [38;2;0;0;0m▀[38;2;117;117;117m[48;2;0;0;0m▀[0m[38;2;255;255;255m[48;2;0;0;0m▀[0m[38;2;117;117;117m[48;2;0;0;0m▀[0m[38;2;255;255;255m[48;2;0;0;0m▀[0m[38;2;0;0;0m▀[38;2;0;0;0m▀           
     [38;2;0;0;0m▀[38;2;0;0;0m▀[38;2;0;0;0m▀[38;2;0;0;0m▀[38;2;0;0;0m▀[38;2;0;0;0m▀  [38;2;0;0;0m[48;2;0;0;0m▀[0m[38;2;246;250;246m[48;2;255;250;255m▀[0m[38;2;123;125;123m[48;2;127;125;127m▀[0m[38;2;255;226;189m[48;2;255;250;255m▀[0m[38;2;125;110;96m[48;2;127;125;127m▀[0m[38;2;117;117;120m[48;2;255;255;255m▀[0m[38;2;255;156;65m[48;2;0;0;0m▀[0m[38;2;0;0;0m▀                      
              [38;2;0;0;0m▀[38;2;0;0;0m▀[38;2;0;0;0m▀[38;2;0;0;0m▀[38;2;0;0;0m▀                        
                                     [0m                                     