         [38;2;0;0;0m▄[38;2;0;0;0m▄[38;2;0;0;0m[48;2;138;138;169m▀[0m[38;2;0;0;0m[48;2;0;0;0m▀[0m  [38;2;0;0;0m▄[38;2;0;0;0m▄[38;2;0;0;0m[48;2;208;208;239m▀[0m[38;2;0;0;0m[48;2;208;208;239m▀[0m[38;2;0;0;0m▄[38;2;0;0;0m▄                  
        [38;2;0;0;0m[48;2;0;0;0m▀[0m[38;2;138;138;169m[48;2;179;179;210m▀[0m[38;2;138;138;169m[48;2;208;208;239m▀[0m[38;2;0;0;0m[48;2;138;138;169m▀[0m[38;2;0;0;0m▄[38;2;0;0;0m▄[38;2;0;0;0m[48;2;138;138;169m▀[0m[38;2;138;138;169m[48;2;179;179;210m▀[0m[38;2;208;208;239m[48;2;208;208;239m▀[0m[38;2;208;208;239m[48;2;179;179;210m▀[0m[38;2;208;208;239m[48;2;138;138;169m▀[0m[38;2;179;179;210m[48;2;138;138;169m▀[0m[38;2;0;0;0m[48;2;138;138;169m▀[0m[38;2;0;0;0m[48;2;138;138;169m▀[0m[38;2;0;0;0m[48;2;138;138;169m▀[0m[38;2;0;0;0m[48;2;138;138;169m▀[0m[38;2;0;0;0m▄              
    [38;2;0;0;0m▄ [38;2;0;0;0m▄[38;2;0;0;0m[48;2;208;208;239m▀[0m[38;2;208;208;239m[48;2;208;208;239m▀[0m[38;2;208;208;239m[48;2;208;208;239m▀[0m[38;2;208;208;239m[48;2;208;208;239m▀[0m[38;2;208;208;239m[48;2;208;208;239m▀[0m[38;2;208;208;239m[48;2;179;179;210m▀[0m[38;2;208;208;239m[48;2;138;138;169m▀[0m[38;2;138;138;169m[48;2;138;138;169m▀[0m[38;2;138;138;169m[48;2;138;138;169m▀[0m[38;2;138;138;169m[48;2;138;138;169m▀[0m[38;2;138;138;169m[48;2;138;138;169m▀[0m[38;2;138;138;169m[48;2;138;138;169m▀[0m[38;2;138;138;169m[48;2;138;138;169m▀[0m[38;2;138;138;169m[48;2;0;0;0m▀[0m[38;2;138;138;169m[48;2;0;0;0m▀[0m[38;2;0;0;0m▀[38;2;0;0;0m▀   [38;2;0;0;0m▄[38;2;0;0;0m▄[38;2;0;0;0m▄         
 [38;2;0;0;0m▄[38;2;0;0;0m▄[38;2;0;0;0m[48;2;65;65;65m▀[0m[38;2;205;197;123m[48;2;205;197;123m▀[0m[38;2;0;0;0m[48;2;88;88;120m▀[0m[38;2;208;208;239m[48;2;208;208;239m▀[0m[38;2;208;208;239m[48;2;208;208;239m▀[0m[38;2;208;208;239m[48;2;208;208;239m▀[0m[38;2;208;208;239m[48;2;208;208;239m▀[0m[38;2;208;208;239m[48;2;65;65;65m▀[0m[38;2;65;65;65m[48;2;255;246;180m▀[0m[38;2;208;208;239m[48;2;65;65;65m▀[0m[38;2;208;208;239m[48;2;208;208;239m▀[0m[38;2;208;208;239m[48;2;138;138;169m▀[0m[38;2;179;179;210m[48;2;138;138;169m▀[0m[38;2;138;138;169m[48;2;138;138;169m▀[0m[38;2;138;138;169m[48;2;138;138;169m▀[0m[38;2;138;138;169m[48;2;138;138;169m▀[0m[38;2;0;0;0m[48;2;0;0;0m▀[0m      [38;2;0;0;0m[48;2;0;0;0m▀[0m[38;2;208;208;239m[48;2;179;179;210m▀[0m[38;2;208;208;239m[48;2;179;179;210m▀[0m[38;2;208;208;239m[48;2;208;208;239m▀[0m[38;2;0;0;0m[48;2;208;208;239m▀[0m[38;2;0;0;0m▄[38;2;0;0;0m▄[38;2;0;0;0m▄[38;2;0;0;0m[48;2;138;138;169m▀[0m[38;2;0;0;0m[48;2;138;138;169m▀[0m[38;2;0;0;0m▄  
 [38;2;0;0;0m[48;2;0;0;0m▀[0m[38;2;255;246;180m[48;2;205;197;123m▀[0m[38;2;0;0;0m[48;2;255;246;180m▀[0m[38;2;205;197;123m[48;2;65;65;65m▀[0m[38;2;205;197;123m[48;2;205;197;123m▀[0m[38;2;88;88;120m[48;2;88;88;120m▀[0m[38;2;208;208;239m[48;2;208;208;239m▀[0m[38;2;208;208;239m[48;2;208;208;239m▀[0m[38;2;65;65;65m[48;2;65;65;65m▀[0m[38;2;255;246;180m[48;2;255;246;180m▀[0m[38;2;255;246;180m[48;2;52;100;158m▀[0m[38;2;65;65;65m[48;2;65;65;65m▀[0m[38;2;138;138;169m[48;2;88;88;120m▀[0m[38;2;138;138;169m[48;2;138;138;169m▀[0m[38;2;138;138;169m[48;2;138;138;169m▀[0m[38;2;138;138;169m[48;2;138;138;169m▀[0m[38;2;138;138;169m[48;2;0;0;0m▀[0m[38;2;138;138;169m[48;2;0;0;0m▀[0m[38;2;0;0;0m▀   [38;2;0;0;0m▄[38;2;0;0;0m▄[38;2;0;0;0m[48;2;208;208;239m▀[0m[38;2;138;138;169m[48;2;208;208;239m▀[0m[38;2;138;138;169m[48;2;208;208;239m▀[0m[38;2;138;138;169m[48;2;208;208;239m▀[0m[38;2;138;138;169m[48;2;138;138;169m▀[0m[38;2;208;208;239m[48;2;138;138;169m▀[0m[38;2;208;208;239m[48;2;208;208;239m▀[0m[38;2;208;208;239m[48;2;138;138;169m▀[0m[38;2;138;138;169m[48;2;138;138;169m▀[0m[38;2;138;138;169m[48;2;138;138;169m▀[0m[38;2;0;0;0m[48;2;138;138;169m▀[0m[38;2;0;0;0m▄  
  [38;2;0;0;0m[48;2;0;0;0m▀[0m[38;2;205;197;123m[48;2;205;197;123m▀[0m[38;2;205;197;123m[48;2;205;197;123m▀[0m[38;2;65;65;65m[48;2;205;197;123m▀[0m[38;2;208;208;239m[48;2;88;88;120m▀[0m[38;2;208;208;239m[48;2;88;88;120m▀[0m[38;2;65;65;65m[48;2;255;246;180m▀[0m[38;2;255;246;180m[48;2;255;246;180m▀[0m[38;2;52;100;158m[48;2;52;100;158m▀[0m[38;2;96;144;202m[48;2;96;144;202m▀[0m[38;2;65;65;65m[48;2;65;65;65m▀[0m[38;2;138;138;169m[48;2;208;208;239m▀[0m[38;2;88;88;120m[48;2;88;88;120m▀[0m[38;2;138;138;169m[48;2;0;0;0m▀[0m[38;2;0;0;0m▀   [38;2;0;0;0m▄ [38;2;0;0;0m[48;2;0;0;0m▀[0m[38;2;208;208;239m[48;2;208;208;239m▀[0m[38;2;208;208;239m[48;2;208;208;239m▀[0m[38;2;208;208;239m[48;2;208;208;239m▀[0m[38;2;208;208;239m[48;2;208;208;239m▀[0m[38;2;179;179;210m[48;2;138;138;169m▀[0m[38;2;138;138;169m[48;2;138;138;169m▀[0m[38;2;138;138;169m[48;2;138;138;169m▀[0m[38;2;138;138;169m[48;2;138;138;169m▀[0m[38;2;179;179;210m[48;2;138;138;169m▀[0m[38;2;138;138;169m[48;2;138;138;169m▀[0m[38;2;138;138;169m[48;2;138;138;169m▀[0m[38;2;138;138;169m[48;2;138;138;169m▀[0m[38;2;138;138;169m[48;2;138;138;169m▀[0m[38;2;138;138;169m[48;2;0;0;0m▀[0m[38;2;0;0;0m▀ 
   [38;2;0;0;0m[48;2;0;0;0m▀[0m[38;2;205;197;123m[48;2;156;148;98m▀[0m[38;2;205;197;123m[48;2;255;246;180m▀[0m[38;2;255;246;180m[48;2;255;246;180m▀[0m[38;2;255;246;180m[48;2;255;246;180m▀[0m[38;2;255;246;180m[48;2;255;246;180m▀[0m[38;2;255;246;180m[48;2;255;246;180m▀[0m[38;2;255;246;180m[48;2;255;246;180m▀[0m[38;2;52;100;158m[48;2;255;246;180m▀[0m[38;2;65;65;65m[48;2;205;197;123m▀[0m[38;2;208;208;239m[48;2;65;65;65m▀[0m[38;2;208;208;239m[48;2;138;138;169m▀[0m[38;2;179;179;210m[48;2;0;0;0m▀[0m[38;2;0;0;0m▀ [38;2;0;0;0m▄[38;2;0;0;0m[48;2;138;138;169m▀[0m[38;2;138;138;169m[48;2;138;138;169m▀[0m[38;2;0;0;0m[48;2;88;88;120m▀[0m[38;2;88;88;120m[48;2;208;208;239m▀[0m[38;2;208;208;239m[48;2;208;208;239m▀[0m[38;2;208;208;239m[48;2;208;208;239m▀[0m[38;2;179;179;210m[48;2;208;208;239m▀[0m[38;2;138;138;169m[48;2;208;208;239m▀[0m[38;2;138;138;169m[48;2;138;138;169m▀[0m[38;2;138;138;169m[48;2;138;138;169m▀[0m[38;2;138;138;169m[48;2;138;138;169m▀[0m[38;2;138;138;169m[48;2;0;0;0m▀[0m[38;2;138;138;169m[48;2;138;138;169m▀[0m[38;2;138;138;169m[48;2;138;138;169m▀[0m[38;2;138;138;169m[48;2;0;0;0m▀[0m[38;2;0;0;0m▀[38;2;0;0;0m▀   
   [38;2;0;0;0m[48;2;0;0;0m▀[0m[38;2;255;246;180m[48;2;255;246;180m▀[0m[38;2;255;246;180m[48;2;255;246;180m▀[0m[38;2;255;246;180m[48;2;255;246;180m▀[0m[38;2;255;246;180m[48;2;205;197;123m▀[0m[38;2;255;246;180m[48;2;255;246;180m▀[0m[38;2;255;246;180m[48;2;65;65;65m▀[0m[38;2;255;246;180m[48;2;156;148;98m▀[0m[38;2;255;246;180m[48;2;255;246;180m▀[0m[38;2;255;246;180m[48;2;255;246;180m▀[0m[38;2;65;65;65m[48;2;205;197;123m▀[0m[38;2;138;138;169m[48;2;65;65;65m▀[0m[38;2;138;138;169m[48;2;208;208;239m▀[0m[38;2;0;0;0m[48;2;208;208;239m▀[0m[38;2;0;0;0m[48;2;179;179;210m▀[0m[38;2;138;138;169m[48;2;138;138;169m▀[0m[38;2;138;138;169m[48;2;88;88;120m▀[0m[38;2;138;138;169m[48;2;88;88;120m▀[0m[38;2;138;138;169m[48;2;88;88;120m▀[0m[38;2;88;88;120m[48;2;255;246;180m▀[0m[38;2;208;208;239m[48;2;0;0;0m▀[0m[38;2;0;0;0m▀[38;2;0;0;0m▀[38;2;179;179;210m[48;2;0;0;0m▀[0m[38;2;138;138;169m[48;2;138;138;169m▀[0m[38;2;138;138;169m[48;2;138;138;169m▀[0m[38;2;0;0;0m[48;2;0;0;0m▀[0m [38;2;0;0;0m▀[38;2;0;0;0m▀      
  [38;2;0;0;0m▄[38;2;0;0;0m[48;2;255;246;180m▀[0m[38;2;255;246;180m[48;2;255;246;180m▀[0m[38;2;255;246;180m[48;2;255;246;180m▀[0m[38;2;205;197;123m[48;2;255;246;180m▀[0m[38;2;255;246;180m[48;2;65;65;65m▀[0m[38;2;52;100;158m[48;2;52;100;158m▀[0m[38;2;101;149;207m[48;2;255;246;180m▀[0m[38;2;255;255;255m[48;2;255;246;180m▀[0m[38;2;255;246;180m[48;2;255;246;180m▀[0m[38;2;255;246;180m[48;2;205;197;123m▀[0m[38;2;205;197;123m[48;2;205;197;123m▀[0m[38;2;205;197;123m[48;2;205;197;123m▀[0m[38;2;65;65;65m[48;2;255;246;180m▀[0m[38;2;208;208;239m[48;2;88;88;120m▀[0m[38;2;208;208;239m[48;2;88;88;120m▀[0m[38;2;88;88;120m[48;2;255;246;180m▀[0m[38;2;255;246;180m[48;2;255;246;180m▀[0m[38;2;255;246;180m[48;2;255;246;180m▀[0m[38;2;255;246;180m[48;2;255;246;180m▀[0m[38;2;255;246;180m[48;2;255;246;180m▀[0m[38;2;255;246;180m[48;2;255;246;180m▀[0m[38;2;0;0;0m[48;2;255;246;180m▀[0m[38;2;0;0;0m▄ [38;2;0;0;0m▀[38;2;0;0;0m▀          
  [38;2;0;0;0m[48;2;0;0;0m▀[0m[38;2;255;246;180m[48;2;255;246;180m▀[0m[38;2;255;246;180m[48;2;255;246;180m▀[0m[38;2;255;246;180m[48;2;255;246;180m▀[0m[38;2;255;246;180m[48;2;255;246;180m▀[0m[38;2;255;246;180m[48;2;255;246;180m▀[0m[38;2;255;246;180m[48;2;255;246;180m▀[0m[38;2;255;246;180m[48;2;0;0;0m▀[0m[38;2;255;246;180m[48;2;65;65;65m▀[0m[38;2;156;148;98m[48;2;205;197;123m▀[0m[38;2;205;197;123m[48;2;205;197;123m▀[0m[38;2;205;197;123m[48;2;205;197;123m▀[0m[38;2;205;197;123m[48;2;255;246;180m▀[0m[38;2;255;246;180m[48;2;255;246;180m▀[0m[38;2;255;246;180m[48;2;255;246;180m▀[0m[38;2;255;246;180m[48;2;255;246;180m▀[0m[38;2;255;246;180m[48;2;255;246;180m▀[0m[38;2;255;246;180m[48;2;255;246;180m▀[0m[38;2;255;246;180m[48;2;255;246;180m▀[0m[38;2;255;246;180m[48;2;255;246;180m▀[0m[38;2;255;246;180m[48;2;255;246;180m▀[0m[38;2;255;246;180m[48;2;255;246;180m▀[0m[38;2;255;246;180m[48;2;255;246;180m▀[0m[38;2;0;0;0m[48;2;255;246;180m▀[0m[38;2;0;0;0m▄            
 [38;2;0;0;0m[48;2;0;0;0m▀[0m[38;2;255;246;180m[48;2;255;246;180m▀[0m[38;2;255;246;180m[48;2;255;246;180m▀[0m[38;2;255;246;180m[48;2;156;148;98m▀[0m[38;2;255;246;180m[48;2;255;246;180m▀[0m[38;2;255;246;180m[48;2;255;246;180m▀[0m[38;2;255;246;180m[48;2;0;0;0m▀[0m[38;2;0;0;0m▀ [38;2;0;0;0m[48;2;0;0;0m▀[0m[38;2;205;197;123m[48;2;255;246;180m▀[0m[38;2;205;197;123m[48;2;255;246;180m▀[0m[38;2;255;246;180m[48;2;255;246;180m▀[0m[38;2;255;246;180m[48;2;255;246;180m▀[0m[38;2;255;246;180m[48;2;255;246;180m▀[0m[38;2;255;246;180m[48;2;255;246;180m▀[0m[38;2;255;246;180m[48;2;255;246;180m▀[0m[38;2;255;246;180m[48;2;255;246;180m▀[0m[38;2;255;246;180m[48;2;205;197;123m▀[0m[38;2;205;197;123m[48;2;205;197;123m▀[0m[38;2;255;246;180m[48;2;205;197;123m▀[0m[38;2;255;246;180m[48;2;255;246;180m▀[0m[38;2;255;246;180m[48;2;255;246;180m▀[0m[38;2;255;246;180m[48;2;255;246;180m▀[0m[38;2;255;246;180m[48;2;255;246;180m▀[0m[38;2;0;0;0m[48;2;0;0;0m▀[0m [38;2;0;0;0m▄[38;2;0;0;0m[48;2;138;138;169m▀[0m[38;2;0;0;0m[48;2;138;138;169m▀[0m[38;2;0;0;0m▄       
  [38;2;0;0;0m▀[38;2;156;148;98m[48;2;0;0;0m▀[0m[38;2;255;246;180m[48;2;0;0;0m▀[0m[38;2;0;0;0m▀[38;2;0;0;0m▀  [38;2;0;0;0m[48;2;0;0;0m▀[0m[38;2;255;246;180m[48;2;255;246;180m▀[0m[38;2;255;246;180m[48;2;255;246;180m▀[0m[38;2;255;246;180m[48;2;255;246;180m▀[0m[38;2;255;246;180m[48;2;255;246;180m▀[0m[38;2;255;246;180m[48;2;255;246;180m▀[0m[38;2;255;246;180m[48;2;255;246;180m▀[0m[38;2;255;246;180m[48;2;255;246;180m▀[0m[38;2;255;246;180m[48;2;255;246;180m▀[0m[38;2;205;197;123m[48;2;205;197;123m▀[0m[38;2;205;197;123m[48;2;65;65;65m▀[0m[38;2;65;65;65m[48;2;65;65;65m▀[0m[38;2;65;65;65m[48;2;0;0;0m▀[0m[38;2;205;197;123m[48;2;0;0;0m▀[0m[38;2;255;246;180m[48;2;205;197;123m▀[0m[38;2;255;246;180m[48;2;205;197;123m▀[0m[38;2;205;197;123m[48;2;205;197;123m▀[0m[38;2;0;0;0m[48;2;88;88;120m▀[0m[38;2;0;0;0m[48;2;208;208;239m▀[0m[38;2;138;138;169m[48;2;179;179;210m▀[0m[38;2;138;138;169m[48;2;138;138;169m▀[0m[38;2;0;0;0m[48;2;0;0;0m▀[0m        
          [38;2;0;0;0m[48;2;0;0;0m▀[0m[38;2;205;197;123m[48;2;205;197;123m▀[0m[38;2;255;246;180m[48;2;156;148;98m▀[0m[38;2;255;246;180m[48;2;156;148;98m▀[0m[38;2;255;246;180m[48;2;255;246;180m▀[0m[38;2;255;246;180m[48;2;255;246;180m▀[0m[38;2;255;246;180m[48;2;255;246;180m▀[0m[38;2;255;246;180m[48;2;205;197;123m▀[0m[38;2;65;65;65m[48;2;0;0;0m▀[0m[38;2;65;65;65m[48;2;65;65;65m▀[0m[38;2;65;65;65m[48;2;65;65;65m▀[0m[38;2;0;0;0m[48;2;0;0;0m▀[0m [38;2;0;0;0m[48;2;0;0;0m▀[0m[38;2;205;197;123m[48;2;205;197;123m▀[0m[38;2;88;88;120m[48;2;205;197;123m▀[0m[38;2;208;208;239m[48;2;88;88;120m▀[0m[38;2;208;208;239m[48;2;0;0;0m▀[0m[38;2;0;0;0m▀[38;2;0;0;0m▀         
           [38;2;0;0;0m▀[38;2;205;197;123m[48;2;0;0;0m▀[0m[38;2;205;197;123m[48;2;205;197;123m▀[0m[38;2;65;65;65m[48;2;65;65;65m▀[0m[38;2;255;246;180m[48;2;255;246;180m▀[0m[38;2;255;246;180m[48;2;255;246;180m▀[0m[38;2;0;0;0m[48;2;0;0;0m▀[0m [38;2;0;0;0m[48;2;0;0;0m▀[0m[38;2;65;65;65m[48;2;88;88;120m▀[0m[38;2;88;88;120m[48;2;138;138;169m▀[0m[38;2;0;0;0m[48;2;138;138;169m▀[0m[38;2;0;0;0m[48;2;88;88;120m▀[0m[38;2;205;197;123m[48;2;65;65;65m▀[0m[38;2;205;197;123m[48;2;65;65;65m▀[0m[38;2;0;0;0m[48;2;0;0;0m▀[0m            
           [38;2;0;0;0m▄[38;2;0;0;0m[48;2;82;90;106m▀[0m[38;2;205;197;123m[48;2;205;197;123m▀[0m[38;2;205;197;123m[48;2;205;197;123m▀[0m[38;2;65;65;65m[48;2;65;65;65m▀[0m[38;2;255;246;180m[48;2;255;246;180m▀[0m[38;2;255;246;180m[48;2;88;88;120m▀[0m[38;2;0;0;0m[48;2;208;208;239m▀[0m[38;2;179;179;210m[48;2;208;208;239m▀[0m[38;2;138;138;169m[48;2;208;208;239m▀[0m[38;2;138;138;169m[48;2;138;138;169m▀[0m[38;2;88;88;120m[48;2;0;0;0m▀[0m[38;2;0;0;0m▀[38;2;82;90;106m[48;2;0;0;0m▀[0m[38;2;82;90;106m[48;2;0;0;0m▀[0m[38;2;0;0;0m▀            
           [38;2;0;0;0m▀[38;2;123;131;139m[48;2;0;0;0m▀[0m[38;2;123;131;139m[48;2;0;0;0m▀[0m[38;2;65;65;65m[48;2;123;131;139m▀[0m[38;2;255;246;180m[48;2;82;90;106m▀[0m[38;2;255;246;180m[48;2;255;246;180m▀[0m[38;2;88;88;120m[48;2;88;88;120m▀[0m[38;2;138;138;169m[48;2;0;0;0m▀[0m[38;2;208;208;239m[48;2;0;0;0m▀[0m[38;2;0;0;0m▀[38;2;0;0;0m▀                 
             [38;2;0;0;0m▀[38;2;123;131;139m[48;2;0;0;0m▀[0m[38;2;123;131;139m[48;2;0;0;0m▀[0m[38;2;65;65;65m[48;2;0;0;0m▀[0m[38;2;0;0;0m▀                     
                                     [0m                                     