             [38;2;0;0;0m▄[38;2;0;0;0m▄        [38;2;0;0;0m[48;2;0;0;0m▀[0m[38;2;0;0;0m[48;2;255;250;180m▀[0m[38;2;0;0;0m▄    [38;2;0;0;0m▄[38;2;0;0;0m▄                        
             [38;2;0;0;0m▀[38;2;255;250;180m[48;2;0;0;0m▀[0m[38;2;0;0;0m[48;2;246;246;123m▀[0m[38;2;0;0;0m▄ [38;2;0;0;0m[48;2;0;0;0m▀[0m[38;2;0;0;0m[48;2;255;250;180m▀[0m[38;2;0;0;0m▄[38;2;0;0;0m▄[38;2;0;0;0m[48;2;255;250;180m▀[0m[38;2;255;250;180m[48;2;254;249;180m▀[0m[38;2;255;250;180m[48;2;254;249;180m▀[0m[38;2;255;250;180m[48;2;255;250;180m▀[0m[38;2;0;0;0m[48;2;255;250;180m▀[0m[38;2;0;0;0m[48;2;186;184;65m▀[0m[38;2;0;0;0m[48;2;186;184;65m▀[0m[38;2;0;0;0m[48;2;238;242;65m▀[0m[38;2;238;242;65m[48;2;238;242;65m▀[0m[38;2;0;0;0m[48;2;246;250;65m▀[0m[38;2;8;4;8m▄[38;2;0;0;0m[48;2;238;242;65m▀[0m[38;2;0;0;0m[48;2;0;0;0m▀[0m   [38;2;0;0;0m▄[38;2;0;0;0m[48;2;255;250;180m▀[0m[38;2;0;0;0m[48;2;0;0;0m▀[0m               
              [38;2;0;0;0m[48;2;0;0;0m▀[0m[38;2;246;246;123m[48;2;238;242;65m▀[0m[38;2;0;0;0m[48;2;238;242;65m▀[0m[38;2;0;0;0m▄[38;2;0;0;0m▀[38;2;255;250;180m[48;2;0;0;0m▀[0m[38;2;255;250;180m[48;2;255;250;180m▀[0m[38;2;255;250;180m[48;2;254;249;180m▀[0m[38;2;255;250;180m[48;2;254;249;180m▀[0m[38;2;254;249;180m[48;2;197;194;57m▀[0m[38;2;254;249;180m[48;2;255;255;172m▀[0m[38;2;255;250;180m[48;2;244;245;65m▀[0m[38;2;244;245;65m[48;2;255;250;180m▀[0m[38;2;238;242;65m[48;2;244;245;65m▀[0m[38;2;238;242;65m[48;2;244;245;65m▀[0m[38;2;238;242;65m[48;2;241;244;63m▀[0m[38;2;186;184;65m[48;2;241;244;63m▀[0m[38;2;167;168;46m[48;2;241;244;63m▀[0m[38;2;246;250;65m[48;2;241;244;63m▀[0m[38;2;238;242;65m[48;2;0;0;0m▀[0m[38;2;0;0;0m▀  [38;2;0;0;0m[48;2;0;0;0m▀[0m[38;2;255;250;180m[48;2;246;246;123m▀[0m[38;2;0;0;0m[48;2;0;0;0m▀[0m                
               [38;2;0;0;0m▀[38;2;238;242;65m[48;2;0;0;0m▀[0m[38;2;0;0;0m[48;2;222;238;139m▀[0m[38;2;0;0;32m▄[38;2;0;0;0m[48;2;65;64;65m▀[0m[38;2;255;250;180m[48;2;255;250;180m▀[0m[38;2;254;249;180m[48;2;255;255;172m▀[0m[38;2;254;249;180m[48;2;205;210;41m▀[0m[38;2;197;194;57m[48;2;244;245;65m▀[0m[38;2;216;214;95m[48;2;255;250;180m▀[0m[38;2;255;250;180m[48;2;244;245;65m▀[0m[38;2;244;245;65m[48;2;255;250;180m▀[0m[38;2;255;250;180m[48;2;241;244;63m▀[0m[38;2;244;245;65m[48;2;241;244;63m▀[0m[38;2;241;244;63m[48;2;241;244;63m▀[0m[38;2;241;244;63m[48;2;241;244;63m▀[0m[38;2;241;244;63m[48;2;238;242;65m▀[0m[38;2;241;244;63m[48;2;238;242;65m▀[0m[38;2;0;0;0m[48;2;238;238;74m▀[0m[38;2;0;0;24m▄[38;2;0;0;0m▄[38;2;0;0;0m[48;2;238;242;65m▀[0m[38;2;246;246;123m[48;2;238;242;65m▀[0m[38;2;0;0;0m[48;2;0;0;0m▀[0m                 
          [38;2;0;0;0m▄[38;2;8;4;0m▄[38;2;0;0;0m[48;2;172;171;109m▀[0m[38;2;0;0;0m[48;2;255;250;180m▀[0m[38;2;0;0;0m[48;2;255;250;180m▀[0m[38;2;0;0;0m[48;2;255;255;156m▀[0m[38;2;238;242;65m[48;2;74;68;57m▀[0m[38;2;74;79;68m[48;2;250;225;239m▀[0m[38;2;148;159;104m[48;2;65;64;65m▀[0m[38;2;65;64;65m[48;2;238;242;65m▀[0m[38;2;255;250;180m[48;2;238;242;65m▀[0m[38;2;222;225;84m[48;2;241;244;63m▀[0m[38;2;222;225;84m[48;2;241;244;63m▀[0m[38;2;244;245;65m[48;2;241;244;63m▀[0m[38;2;244;245;65m[48;2;241;244;63m▀[0m[38;2;244;245;65m[48;2;238;242;65m▀[0m[38;2;244;245;65m[48;2;238;242;65m▀[0m[38;2;241;244;63m[48;2;241;244;63m▀[0m[38;2;241;244;63m[48;2;241;244;63m▀[0m[38;2;241;244;63m[48;2;238;242;65m▀[0m[38;2;241;244;63m[48;2;238;242;65m▀[0m[38;2;238;242;65m[48;2;65;64;65m▀[0m[38;2;65;64;65m[48;2;248;220;236m▀[0m[38;2;79;79;41m[48;2;233;180;209m▀[0m[38;2;79;79;41m[48;2;65;64;65m▀[0m[38;2;238;242;65m[48;2;246;242;65m▀[0m[38;2;238;242;65m[48;2;65;64;65m▀[0m[38;2;0;0;0m[48;2;63;62;32m▀[0m[38;2;0;0;16m▄[38;2;0;0;0m▄[38;2;0;0;0m▄[38;2;0;0;0m▄              
        [38;2;0;0;0m▄[38;2;0;0;0m[48;2;255;250;180m▀[0m[38;2;189;186;65m[48;2;255;250;180m▀[0m[38;2;255;255;164m[48;2;186;184;65m▀[0m[38;2;255;255;164m[48;2;186;184;65m▀[0m[38;2;255;250;180m[48;2;186;184;65m▀[0m[38;2;189;186;65m[48;2;238;242;65m▀[0m[38;2;164;161;106m[48;2;246;242;65m▀[0m[38;2;74;68;57m[48;2;65;64;65m▀[0m[38;2;250;225;239m[48;2;233;180;209m▀[0m[38;2;65;64;65m[48;2;65;64;65m▀[0m[38;2;255;161;148m[48;2;246;218;90m▀[0m[38;2;238;242;65m[48;2;246;218;90m▀[0m[38;2;241;244;63m[48;2;238;242;65m▀[0m[38;2;241;244;63m[48;2;255;161;148m▀[0m[38;2;241;244;63m[48;2;238;242;65m▀[0m[38;2;241;244;63m[48;2;255;161;148m▀[0m[38;2;238;242;65m[48;2;238;242;65m▀[0m[38;2;255;161;148m[48;2;238;242;65m▀[0m[38;2;241;244;63m[48;2;241;244;63m▀[0m[38;2;241;244;63m[48;2;241;244;63m▀[0m[38;2;238;242;65m[48;2;238;242;65m▀[0m[38;2;65;64;65m[48;2;65;64;65m▀[0m[38;2;248;220;236m[48;2;247;216;233m▀[0m[38;2;242;201;224m[48;2;57;64;65m▀[0m[38;2;65;64;65m[48;2;65;64;57m▀[0m[38;2;65;64;65m[48;2;246;246;115m▀[0m[38;2;65;64;65m[48;2;255;250;180m▀[0m[38;2;186;183;65m[48;2;255;250;180m▀[0m[38;2;189;186;65m[48;2;255;250;180m▀[0m[38;2;189;186;65m[48;2;255;250;180m▀[0m[38;2;238;242;65m[48;2;197;194;57m▀[0m[38;2;238;242;65m[48;2;216;214;95m▀[0m[38;2;189;186;65m[48;2;238;242;65m▀[0m[38;2;0;0;0m[48;2;238;242;65m▀[0m[38;2;0;0;0m[48;2;172;172;52m▀[0m[38;2;8;8;8m▄[38;2;0;0;0m▄          
       [38;2;8;4;0m▄[38;2;0;0;0m[48;2;255;255;148m▀[0m[38;2;255;250;180m[48;2;186;184;65m▀[0m[38;2;189;186;65m[48;2;238;242;65m▀[0m[38;2;238;242;65m[48;2;216;214;95m▀[0m[38;2;238;242;65m[48;2;197;194;57m▀[0m[38;2;238;242;65m[48;2;189;186;65m▀[0m[38;2;186;184;65m[48;2;255;250;180m▀[0m[38;2;186;183;65m[48;2;255;250;180m▀[0m[38;2;65;64;65m[48;2;255;250;180m▀[0m[38;2;233;180;209m[48;2;124;97;110m▀[0m[38;2;65;64;65m[48;2;212;146;177m▀[0m[38;2;65;64;65m[48;2;124;97;110m▀[0m[38;2;246;218;90m[48;2;238;214;32m▀[0m[38;2;238;242;65m[48;2;241;244;63m▀[0m[38;2;238;242;65m[48;2;241;244;63m▀[0m[38;2;238;242;65m[48;2;241;244;63m▀[0m[38;2;238;242;65m[48;2;241;244;63m▀[0m[38;2;238;242;65m[48;2;241;244;63m▀[0m[38;2;255;161;148m[48;2;241;244;63m▀[0m[38;2;241;244;63m[48;2;241;244;63m▀[0m[38;2;241;244;63m[48;2;241;244;63m▀[0m[38;2;238;242;65m[48;2;238;242;65m▀[0m[38;2;65;64;65m[48;2;65;64;65m▀[0m[38;2;241;199;223m[48;2;212;146;177m▀[0m[38;2;57;64;65m[48;2;237;190;216m▀[0m[38;2;246;246;115m[48;2;168;167;90m▀[0m[38;2;186;186;95m[48;2;168;167;90m▀[0m[38;2;189;186;65m[48;2;238;242;65m▀[0m[38;2;189;186;65m[48;2;238;242;65m▀[0m[38;2;189;186;65m[48;2;238;242;65m▀[0m[38;2;255;250;180m[48;2;186;184;65m▀[0m[38;2;255;255;172m[48;2;255;250;180m▀[0m[38;2;197;194;57m[48;2;255;250;180m▀[0m[38;2;186;184;65m[48;2;255;250;180m▀[0m[38;2;238;242;65m[48;2;189;186;65m▀[0m[38;2;255;255;74m[48;2;238;242;65m▀[0m[38;2;172;172;52m[48;2;238;242;65m▀[0m[38;2;255;250;180m[48;2;189;186;65m▀[0m[38;2;0;0;0m[48;2;255;250;180m▀[0m[38;2;0;0;0m▄        
    [38;2;0;0;0m▄[38;2;0;0;0m[48;2;241;244;63m▀[0m[38;2;0;0;0m[48;2;241;244;63m▀[0m[38;2;172;171;98m[48;2;238;242;65m▀[0m[38;2;172;171;98m[48;2;238;242;65m▀[0m[38;2;238;242;65m[48;2;189;186;65m▀[0m[38;2;238;242;65m[48;2;189;186;65m▀[0m[38;2;197;194;57m[48;2;255;250;180m▀[0m[38;2;255;255;172m[48;2;255;250;180m▀[0m[38;2;255;250;180m[48;2;186;184;65m▀[0m[38;2;189;186;65m[48;2;238;242;65m▀[0m[38;2;189;186;65m[48;2;216;214;95m▀[0m[38;2;189;186;65m[48;2;197;194;57m▀[0m[38;2;238;214;32m[48;2;189;186;65m▀[0m[38;2;124;97;110m[48;2;65;64;65m▀[0m[38;2;212;146;177m[48;2;79;79;41m▀[0m[38;2;124;97;110m[48;2;79;79;41m▀[0m[38;2;241;244;63m[48;2;0;0;0m▀[0m[38;2;241;244;63m[48;2;238;242;65m▀[0m[38;2;241;244;63m[48;2;238;242;65m▀[0m[38;2;241;244;63m[48;2;238;242;65m▀[0m[38;2;241;244;63m[48;2;241;244;63m▀[0m[38;2;241;244;63m[48;2;241;244;63m▀[0m[38;2;241;244;63m[48;2;238;242;65m▀[0m[38;2;241;244;63m[48;2;238;242;65m▀[0m[38;2;238;242;65m[48;2;238;214;32m▀[0m[38;2;238;242;65m[48;2;65;64;65m▀[0m[38;2;65;64;65m[48;2;79;79;41m▀[0m[38;2;238;214;32m[48;2;238;238;74m▀[0m[38;2;82;80;32m[48;2;65;64;65m▀[0m[38;2;255;255;148m[48;2;246;246;123m▀[0m[38;2;186;184;65m[48;2;255;250;180m▀[0m[38;2;186;184;65m[48;2;255;250;180m▀[0m[38;2;238;242;65m[48;2;197;194;57m▀[0m[38;2;238;242;65m[48;2;216;214;95m▀[0m[38;2;189;186;65m[48;2;241;244;63m▀[0m[38;2;189;186;65m[48;2;241;244;63m▀[0m[38;2;255;250;180m[48;2;197;194;57m▀[0m[38;2;255;250;180m[48;2;255;255;172m▀[0m[38;2;186;184;65m[48;2;197;194;57m▀[0m[38;2;238;242;65m[48;2;216;214;95m▀[0m[38;2;189;186;65m[48;2;238;242;65m▀[0m[38;2;255;250;180m[48;2;186;184;65m▀[0m[38;2;0;0;0m[48;2;255;255;156m▀[0m[38;2;0;4;0m▄       
 [38;2;0;0;0m▄[38;2;0;0;0m[48;2;255;250;180m▀[0m[38;2;0;0;0m[48;2;246;246;123m▀[0m[38;2;238;242;65m[48;2;246;246;123m▀[0m[38;2;241;244;63m[48;2;246;250;65m▀[0m[38;2;241;244;63m[48;2;167;168;46m▀[0m[38;2;186;184;65m[48;2;255;250;180m▀[0m[38;2;186;184;65m[48;2;255;250;180m▀[0m[38;2;255;250;180m[48;2;255;255;172m▀[0m[38;2;255;250;180m[48;2;197;194;57m▀[0m[38;2;189;186;65m[48;2;238;242;65m▀[0m[38;2;189;186;65m[48;2;238;242;65m▀[0m[38;2;238;242;65m[48;2;169;171;104m▀[0m[38;2;186;184;65m[48;2;255;255;156m▀[0m[38;2;197;194;57m[48;2;0;0;0m▀[0m[38;2;255;255;172m[48;2;0;0;0m▀[0m[38;2;65;64;65m[48;2;79;80;32m▀[0m[38;2;65;64;65m[48;2;238;242;65m▀[0m[38;2;238;238;74m[48;2;0;0;0m▀[0m[38;2;0;0;24m▀ [38;2;0;0;0m[48;2;0;0;0m▀[0m[38;2;65;64;65m[48;2;234;182;210m▀[0m[38;2;238;242;65m[48;2;65;64;65m▀[0m[38;2;241;244;63m[48;2;65;64;65m▀[0m[38;2;241;244;63m[48;2;65;64;65m▀[0m[38;2;238;242;65m[48;2;57;64;65m▀[0m[38;2;65;64;65m[48;2;57;64;65m▀[0m[38;2;124;97;110m[48;2;233;180;209m▀[0m[38;2;212;146;177m[48;2;233;180;209m▀[0m[38;2;79;79;41m[48;2;0;0;0m▀[0m[38;2;0;0;24m▀[38;2;246;246;123m[48;2;0;0;0m▀[0m[38;2;65;64;65m[48;2;238;242;65m▀[0m[38;2;189;186;65m[48;2;84;83;35m▀[0m[38;2;255;250;180m[48;2;169;167;54m▀[0m[38;2;255;255;172m[48;2;255;250;180m▀[0m[38;2;197;194;57m[48;2;255;250;180m▀[0m[38;2;241;244;63m[48;2;189;186;65m▀[0m[38;2;241;244;63m[48;2;189;186;65m▀[0m[38;2;216;214;95m[48;2;238;242;65m▀[0m[38;2;197;194;57m[48;2;238;242;65m▀[0m[38;2;255;255;172m[48;2;197;194;57m▀[0m[38;2;197;194;57m[48;2;255;255;172m▀[0m[38;2;186;184;65m[48;2;255;250;180m▀[0m[38;2;238;242;65m[48;2;189;186;65m▀[0m[38;2;169;171;104m[48;2;238;242;65m▀[0m[38;2;0;4;0m[48;2;238;242;65m▀[0m[38;2;0;0;0m▄      
  [38;2;0;0;0m▀[38;2;0;0;0m▀[38;2;0;0;0m▀[38;2;8;4;8m▀[38;2;246;250;65m[48;2;0;0;0m▀[0m[38;2;189;186;65m[48;2;0;0;0m▀[0m[38;2;189;186;65m[48;2;0;0;0m▀[0m[38;2;197;194;57m[48;2;0;0;0m▀[0m[38;2;216;214;95m[48;2;0;0;0m▀[0m[38;2;0;0;0m▀[38;2;0;0;0m▀[38;2;0;4;0m▀[38;2;0;4;0m▀  [38;2;0;0;16m▀[38;2;238;242;65m[48;2;0;0;0m▀[0m[38;2;0;0;0m▀   [38;2;32;12;0m▀[38;2;234;182;210m[48;2;0;0;0m▀[0m[38;2;250;225;239m[48;2;57;64;65m▀[0m[38;2;250;225;239m[48;2;57;64;65m▀[0m[38;2;247;216;233m[48;2;65;64;65m▀[0m[38;2;241;199;223m[48;2;65;64;65m▀[0m[38;2;233;180;209m[48;2;0;0;0m▀[0m[38;2;0;0;0m▀  [38;2;0;0;0m▀[38;2;238;242;65m[48;2;0;0;0m▀[0m[38;2;0;0;16m▀[38;2;255;250;74m[48;2;0;0;0m▀[0m[38;2;189;186;65m[48;2;255;255;74m▀[0m[38;2;255;250;180m[48;2;169;171;49m▀[0m[38;2;255;250;180m[48;2;197;194;57m▀[0m[38;2;255;250;180m[48;2;255;255;172m▀[0m[38;2;186;184;65m[48;2;255;250;180m▀[0m[38;2;238;242;65m[48;2;189;186;65m▀[0m[38;2;216;214;95m[48;2;197;194;57m▀[0m[38;2;197;194;57m[48;2;216;214;95m▀[0m[38;2;189;186;65m[48;2;238;242;65m▀[0m[38;2;189;186;65m[48;2;238;242;65m▀[0m[38;2;186;184;65m[48;2;241;244;63m▀[0m[38;2;238;242;65m[48;2;241;244;63m▀[0m[38;2;238;242;65m[48;2;244;245;65m▀[0m[38;2;0;0;0m[48;2;255;250;180m▀[0m[38;2;0;0;0m[48;2;246;246;139m▀[0m[38;2;0;0;0m▄[38;2;0;0;0m▄  
                      [38;2;0;0;0m[48;2;0;0;0m▀[0m[38;2;0;0;0m[48;2;189;186;65m▀[0m[38;2;65;64;65m[48;2;65;64;65m▀[0m[38;2;241;199;223m[48;2;65;64;65m▀[0m[38;2;247;216;233m[48;2;65;64;65m▀[0m[38;2;233;180;209m[48;2;65;64;65m▀[0m[38;2;233;180;209m[48;2;65;64;65m▀[0m[38;2;0;0;0m[48;2;172;172;52m▀[0m[38;2;8;8;8m▄[38;2;0;0;0m[48;2;238;238;74m▀[0m[38;2;0;0;0m[48;2;0;0;8m▀[0m    [38;2;0;4;0m▀[38;2;0;4;0m▀[38;2;216;214;95m[48;2;0;0;0m▀[0m[38;2;197;194;57m[48;2;0;0;0m▀[0m[38;2;255;250;180m[48;2;0;0;0m▀[0m[38;2;255;250;180m[48;2;189;186;65m▀[0m[38;2;255;255;172m[48;2;169;171;49m▀[0m[38;2;197;194;57m[48;2;255;255;74m▀[0m[38;2;186;184;65m[48;2;238;242;65m▀[0m[38;2;186;184;65m[48;2;238;242;65m▀[0m[38;2;241;244;63m[48;2;238;242;65m▀[0m[38;2;241;244;63m[48;2;238;242;65m▀[0m[38;2;255;250;180m[48;2;238;242;65m▀[0m[38;2;244;245;65m[48;2;0;0;0m▀[0m[38;2;246;246;139m[48;2;0;0;0m▀[0m[38;2;246;246;139m[48;2;0;0;0m▀[0m[38;2;255;250;180m[48;2;0;0;0m▀[0m[38;2;0;0;0m▀ 
                     [38;2;0;0;0m▄[38;2;0;0;0m[48;2;255;250;180m▀[0m[38;2;65;64;65m[48;2;238;242;65m▀[0m[38;2;65;64;65m[48;2;238;242;65m▀[0m[38;2;246;242;65m[48;2;241;244;63m▀[0m[38;2;186;183;65m[48;2;241;244;63m▀[0m[38;2;186;183;65m[48;2;238;242;65m▀[0m[38;2;246;242;65m[48;2;238;242;65m▀[0m[38;2;255;255;74m[48;2;238;242;65m▀[0m[38;2;172;172;52m[48;2;238;242;65m▀[0m[38;2;79;79;30m[48;2;255;246;123m▀[0m[38;2;0;0;8m[48;2;255;246;123m▀[0m[38;2;0;0;0m▄        [38;2;0;0;0m▀[38;2;0;4;0m▀[38;2;0;4;0m▀[38;2;0;0;0m▀[38;2;0;0;0m▀[38;2;0;0;0m▀[38;2;0;0;0m▀[38;2;0;0;0m▀      
                      [38;2;0;0;0m▀[38;2;145;134;54m[48;2;0;0;0m▀[0m[38;2;145;134;54m[48;2;189;186;65m▀[0m[38;2;241;244;63m[48;2;189;186;65m▀[0m[38;2;241;244;63m[48;2;0;0;0m▀[0m[38;2;0;0;16m▀[38;2;79;80;32m[48;2;0;0;0m▀[0m[38;2;145;134;54m[48;2;238;242;65m▀[0m[38;2;145;134;54m[48;2;238;242;65m▀[0m[38;2;131;125;61m[48;2;0;0;0m▀[0m[38;2;8;4;0m▀                       
                        [38;2;0;0;0m[48;2;0;0;0m▀[0m[38;2;189;186;65m[48;2;189;186;65m▀[0m[38;2;0;0;0m[48;2;0;0;0m▀[0m [38;2;0;0;0m[48;2;0;0;0m▀[0m[38;2;238;242;65m[48;2;255;250;180m▀[0m[38;2;186;184;65m[48;2;0;0;0m▀[0m[38;2;0;0;0m▀                        
                         [38;2;0;0;0m▀  [38;2;0;0;0m▀[38;2;255;250;180m[48;2;0;0;0m▀[0m[38;2;0;0;0m▀                         
                                     [0m                                     