                [38;2;0;0;0m▄[38;2;0;0;0m▄[38;2;0;0;8m[48;2;88;86;177m▀[0m[38;2;0;0;8m[48;2;48;47;89m▀[0m[38;2;0;0;0m[48;2;70;80;183m▀[0m[38;2;0;0;0m▄[38;2;0;0;0m▄ [38;2;0;0;0m▄[38;2;0;0;0m▄[38;2;0;0;0m[48;2;112;137;239m▀[0m[38;2;0;0;0m[48;2;112;137;239m▀[0m[38;2;0;0;0m[48;2;112;137;239m▀[0m[38;2;0;0;0m▄[38;2;0;0;0m▄[38;2;0;0;0m▄ [38;2;0;0;0m▄ [38;2;0;0;0m▄[38;2;0;0;0m▄[38;2;0;0;0m▄               
              [38;2;0;0;0m▄[38;2;0;0;0m[48;2;112;137;239m▀[0m[38;2;85;94;200m[48;2;85;94;200m▀[0m[38;2;71;83;188m[48;2;71;83;188m▀[0m[38;2;57;93;74m[48;2;57;93;74m▀[0m[38;2;68;133;95m[48;2;68;133;95m▀[0m[38;2;57;93;74m[48;2;68;133;95m▀[0m[38;2;68;133;95m[48;2;68;133;95m▀[0m[38;2;89;74;74m[48;2;89;74;74m▀[0m[38;2;0;8;16m[48;2;200;192;252m▀[0m[38;2;183;187;250m[48;2;183;187;250m▀[0m[38;2;183;187;250m[48;2;183;187;250m▀[0m[38;2;112;137;239m[48;2;112;137;239m▀[0m[38;2;112;137;239m[48;2;112;137;239m▀[0m[38;2;112;137;239m[48;2;112;137;239m▀[0m[38;2;112;137;239m[48;2;57;93;74m▀[0m[38;2;57;93;74m[48;2;57;93;74m▀[0m[38;2;86;174;123m[48;2;86;174;123m▀[0m[38;2;8;0;0m[48;2;90;170;123m▀[0m[38;2;90;170;123m[48;2;49;85;61m▀[0m[38;2;0;0;0m[48;2;183;187;251m▀[0m[38;2;183;187;251m[48;2;183;187;251m▀[0m[38;2;168;168;251m[48;2;49;58;164m▀[0m[38;2;127;139;219m[48;2;87;106;189m▀[0m[38;2;0;0;0m[48;2;80;107;199m▀[0m[38;2;0;0;0m[48;2;53;72;133m▀[0m[38;2;0;0;0m▄            
             [38;2;0;0;0m▄[38;2;0;0;0m[48;2;95;120;222m▀[0m[38;2;64;73;179m[48;2;64;73;179m▀[0m[38;2;68;77;183m[48;2;68;77;183m▀[0m[38;2;57;93;74m[48;2;68;77;183m▀[0m[38;2;69;133;98m[48;2;65;64;65m▀[0m[38;2;69;133;98m[48;2;65;64;65m▀[0m[38;2;65;133;98m[48;2;65;87;76m▀[0m[38;2;65;64;65m[48;2;65;64;65m▀[0m[38;2;136;154;241m[48;2;136;154;241m▀[0m[38;2;136;154;241m[48;2;93;97;93m▀[0m[38;2;183;187;251m[48;2;112;137;239m▀[0m[38;2;112;137;239m[48;2;112;137;239m▀[0m[38;2;112;137;239m[48;2;112;137;239m▀[0m[38;2;112;137;239m[48;2;57;93;74m▀[0m[38;2;57;93;74m[48;2;71;133;98m▀[0m[38;2;84;174;123m[48;2;71;133;98m▀[0m[38;2;87;175;123m[48;2;87;175;123m▀[0m[38;2;87;175;123m[48;2;68;132;98m▀[0m[38;2;68;69;81m[48;2;68;69;81m▀[0m[38;2;112;137;239m[48;2;112;137;239m▀[0m[38;2;104;114;231m[48;2;79;101;191m▀[0m[38;2;56;65;171m[48;2;79;101;191m▀[0m[38;2;69;79;185m[48;2;69;79;185m▀[0m[38;2;69;79;185m[48;2;69;79;185m▀[0m[38;2;69;79;185m[48;2;69;79;185m▀[0m[38;2;69;79;185m[48;2;69;79;185m▀[0m[38;2;0;0;0m[48;2;70;80;183m▀[0m[38;2;0;0;0m▄           
            [38;2;0;0;0m▄[38;2;0;0;0m[48;2;65;64;65m▀[0m[38;2;112;137;239m[48;2;112;137;239m▀[0m[38;2;69;79;185m[48;2;69;79;185m▀[0m[38;2;70;79;185m[48;2;70;79;185m▀[0m[38;2;65;64;65m[48;2;65;64;65m▀[0m[38;2;95;95;95m[48;2;95;95;95m▀[0m[38;2;95;95;95m[48;2;202;249;255m▀[0m[38;2;57;60;65m[48;2;57;60;65m▀[0m[38;2;120;141;232m[48;2;83;88;115m▀[0m[38;2;112;137;239m[48;2;112;137;239m▀[0m[38;2;112;137;239m[48;2;112;137;239m▀[0m[38;2;112;137;239m[48;2;93;97;95m▀[0m[38;2;112;137;239m[48;2;112;137;239m▀[0m[38;2;112;126;248m[48;2;112;126;248m▀[0m[38;2;79;65;75m[48;2;81;89;131m▀[0m[38;2;82;125;98m[48;2;65;64;65m▀[0m[38;2;65;64;65m[48;2;76;105;87m▀[0m[38;2;65;64;65m[48;2;90;91;97m▀[0m[38;2;65;64;65m[48;2;76;74;76m▀[0m[38;2;112;137;239m[48;2;112;137;239m▀[0m[38;2;112;137;239m[48;2;84;93;199m▀[0m[38;2;69;79;185m[48;2;69;79;185m▀[0m[38;2;69;79;185m[48;2;69;79;185m▀[0m[38;2;71;84;188m[48;2;74;65;66m▀[0m[38;2;74;65;66m[48;2;74;65;66m▀[0m[38;2;61;57;73m[48;2;119;153;210m▀[0m[38;2;119;125;165m[48;2;61;57;73m▀[0m[38;2;70;80;183m[48;2;70;80;183m▀[0m[38;2;0;0;0m[48;2;0;0;0m▀[0m           
         [38;2;0;0;0m▄[38;2;0;0;0m[48;2;94;97;94m▀[0m[38;2;0;0;0m[48;2;94;97;94m▀[0m[38;2;152;185;196m[48;2;152;185;196m▀[0m[38;2;65;64;65m[48;2;65;64;65m▀[0m[38;2;112;137;239m[48;2;69;79;185m▀[0m[38;2;69;79;185m[48;2;69;79;185m▀[0m[38;2;74;76;74m[48;2;74;76;74m▀[0m[38;2;74;76;74m[48;2;202;249;255m▀[0m[38;2;95;95;95m[48;2;202;249;255m▀[0m[38;2;202;249;255m[48;2;202;249;255m▀[0m[38;2;65;64;65m[48;2;65;64;65m▀[0m[38;2;112;137;239m[48;2;112;137;239m▀[0m[38;2;112;137;239m[48;2;93;97;95m▀[0m[38;2;112;137;239m[48;2;112;137;239m▀[0m[38;2;112;137;239m[48;2;112;137;239m▀[0m[38;2;112;137;239m[48;2;112;137;239m▀[0m[38;2;84;93;199m[48;2;84;93;199m▀[0m[38;2;202;249;255m[48;2;202;249;255m▀[0m[38;2;95;97;95m[48;2;95;97;95m▀[0m[38;2;95;97;95m[48;2;95;97;95m▀[0m[38;2;202;249;255m[48;2;202;249;255m▀[0m[38;2;66;68;81m[48;2;66;68;81m▀[0m[38;2;112;137;239m[48;2;112;137;239m▀[0m[38;2;84;93;199m[48;2;84;93;199m▀[0m[38;2;70;79;185m[48;2;70;79;185m▀[0m[38;2;70;79;185m[48;2;65;64;65m▀[0m[38;2;65;68;65m[48;2;65;68;65m▀[0m[38;2;150;176;196m[48;2;104;104;109m▀[0m[38;2;94;97;94m[48;2;94;97;94m▀[0m[38;2;65;64;65m[48;2;94;97;94m▀[0m[38;2;70;80;183m[48;2;0;0;0m▀[0m[38;2;0;0;0m▀           
       [38;2;0;0;0m▄[38;2;0;0;0m[48;2;94;95;98m▀[0m[38;2;152;185;196m[48;2;94;95;98m▀[0m[38;2;93;97;95m[48;2;152;185;196m▀[0m[38;2;93;97;95m[48;2;93;97;95m▀[0m[38;2;104;98;104m[48;2;104;98;104m▀[0m[38;2;57;56;57m[48;2;150;176;196m▀[0m[38;2;70;79;185m[48;2;65;64;65m▀[0m[38;2;70;79;185m[48;2;70;79;185m▀[0m[38;2;98;56;49m[48;2;98;56;49m▀[0m[38;2;150;120;112m[48;2;201;232;251m▀[0m[38;2;255;97;57m[48;2;202;249;255m▀[0m[38;2;202;249;255m[48;2;202;249;255m▀[0m[38;2;65;64;65m[48;2;65;64;65m▀[0m[38;2;112;137;239m[48;2;112;137;239m▀[0m[38;2;112;137;239m[48;2;93;97;95m▀[0m[38;2;112;137;239m[48;2;112;137;239m▀[0m[38;2;112;137;239m[48;2;112;137;239m▀[0m[38;2;112;137;239m[48;2;84;93;199m▀[0m[38;2;84;93;199m[48;2;202;249;255m▀[0m[38;2;202;249;255m[48;2;202;249;255m▀[0m[38;2;202;249;255m[48;2;255;97;57m▀[0m[38;2;202;249;255m[48;2;255;97;57m▀[0m[38;2;202;249;255m[48;2;202;249;255m▀[0m[38;2;66;68;81m[48;2;66;68;81m▀[0m[38;2;104;114;231m[48;2;79;101;191m▀[0m[38;2;56;65;171m[48;2;79;101;191m▀[0m[38;2;70;79;185m[48;2;70;79;185m▀[0m[38;2;65;64;65m[48;2;65;64;65m▀[0m[38;2;154;182;199m[48;2;82;83;89m▀[0m[38;2;82;83;89m[48;2;154;182;199m▀[0m[38;2;95;95;95m[48;2;202;249;255m▀[0m[38;2;202;249;255m[48;2;202;249;255m▀[0m[38;2;202;249;255m[48;2;90;90;90m▀[0m[38;2;8;8;8m[48;2;90;90;90m▀[0m[38;2;0;0;0m[48;2;94;97;94m▀[0m[38;2;0;0;0m▄         
      [38;2;0;0;0m▄[38;2;0;0;0m[48;2;94;97;94m▀[0m[38;2;95;95;95m[48;2;95;95;95m▀[0m[38;2;202;249;255m[48;2;95;95;95m▀[0m[38;2;202;249;255m[48;2;202;249;255m▀[0m[38;2;156;185;199m[48;2;202;249;255m▀[0m[38;2;152;185;196m[48;2;0;0;0m▀[0m[38;2;0;0;0m▀[38;2;0;0;0m▀[38;2;70;80;183m[48;2;0;0;0m▀[0m[38;2;61;57;73m[48;2;128;168;128m▀[0m[38;2;156;218;164m[48;2;61;57;73m▀[0m[38;2;112;211;211m[48;2;202;249;255m▀[0m[38;2;202;249;255m[48;2;202;249;255m▀[0m[38;2;202;249;255m[48;2;202;249;255m▀[0m[38;2;65;64;65m[48;2;65;64;65m▀[0m[38;2;112;137;239m[48;2;112;137;239m▀[0m[38;2;112;137;239m[48;2;93;97;95m▀[0m[38;2;112;137;239m[48;2;112;137;239m▀[0m[38;2;84;93;199m[48;2;84;93;199m▀[0m[38;2;202;249;255m[48;2;202;249;255m▀[0m[38;2;202;249;255m[48;2;112;211;211m▀[0m[38;2;202;249;255m[48;2;112;211;211m▀[0m[38;2;202;249;255m[48;2;202;249;255m▀[0m[38;2;202;249;255m[48;2;202;249;255m▀[0m[38;2;202;249;255m[48;2;202;249;255m▀[0m[38;2;66;68;81m[48;2;66;68;81m▀[0m[38;2;66;75;185m[48;2;66;75;185m▀[0m[38;2;71;83;188m[48;2;85;94;200m▀[0m[38;2;71;83;188m[48;2;71;83;188m▀[0m[38;2;65;64;65m[48;2;70;79;185m▀[0m[38;2;65;64;65m[48;2;70;79;185m▀[0m[38;2;202;249;255m[48;2;74;76;74m▀[0m[38;2;74;76;74m[48;2;74;76;74m▀[0m[38;2;95;95;95m[48;2;95;95;95m▀[0m[38;2;95;95;95m[48;2;202;249;255m▀[0m[38;2;202;249;255m[48;2;202;249;255m▀[0m[38;2;202;249;255m[48;2;95;95;95m▀[0m[38;2;0;0;0m[48;2;94;97;94m▀[0m[38;2;0;0;0m▄       
   [38;2;0;0;0m▄[38;2;0;0;0m▄[38;2;0;0;0m[48;2;65;64;65m▀[0m[38;2;202;249;255m[48;2;65;64;65m▀[0m[38;2;202;249;255m[48;2;65;64;65m▀[0m[38;2;95;95;95m[48;2;202;249;255m▀[0m[38;2;95;95;95m[48;2;95;95;95m▀[0m[38;2;94;97;94m[48;2;94;97;94m▀[0m[38;2;0;0;0m[48;2;0;0;0m▀[0m    [38;2;0;0;0m▀[38;2;65;64;65m[48;2;0;0;0m▀[0m[38;2;107;109;130m[48;2;202;249;255m▀[0m[38;2;107;109;130m[48;2;202;249;255m▀[0m[38;2;202;249;255m[48;2;202;249;255m▀[0m[38;2;202;249;255m[48;2;202;249;255m▀[0m[38;2;57;60;65m[48;2;57;60;65m▀[0m[38;2;120;141;232m[48;2;83;88;115m▀[0m[38;2;112;137;239m[48;2;112;137;239m▀[0m[38;2;84;93;199m[48;2;84;93;199m▀[0m[38;2;202;249;255m[48;2;202;249;255m▀[0m[38;2;202;249;255m[48;2;107;109;130m▀[0m[38;2;202;249;255m[48;2;107;109;130m▀[0m[38;2;202;249;255m[48;2;202;249;255m▀[0m[38;2;202;249;255m[48;2;202;249;255m▀[0m[38;2;202;249;255m[48;2;156;185;199m▀[0m[38;2;152;185;196m[48;2;152;185;196m▀[0m[38;2;68;69;81m[48;2;152;185;196m▀[0m[38;2;70;79;185m[48;2;65;64;65m▀[0m[38;2;70;79;185m[48;2;70;79;185m▀[0m[38;2;69;79;185m[48;2;69;79;185m▀[0m[38;2;69;79;185m[48;2;69;79;185m▀[0m[38;2;70;80;183m[48;2;0;0;0m▀[0m[38;2;70;80;183m[48;2;0;0;0m▀[0m[38;2;84;84;84m[48;2;0;0;0m▀[0m[38;2;202;249;255m[48;2;84;84;84m▀[0m[38;2;202;249;255m[48;2;95;95;95m▀[0m[38;2;95;95;95m[48;2;202;249;255m▀[0m[38;2;90;87;90m[48;2;202;249;255m▀[0m[38;2;8;4;8m[48;2;202;249;255m▀[0m[38;2;0;0;0m▄      
 [38;2;0;0;0m▄[38;2;9;0;11m[48;2;75;83;167m▀[0m[38;2;75;83;167m[48;2;112;127;248m▀[0m[38;2;112;137;239m[48;2;112;137;239m▀[0m[38;2;112;137;239m[48;2;112;137;239m▀[0m[38;2;112;137;239m[48;2;112;137;239m▀[0m[38;2;112;137;239m[48;2;112;137;239m▀[0m[38;2;65;64;65m[48;2;112;137;239m▀[0m[38;2;65;64;65m[48;2;112;137;239m▀[0m[38;2;0;0;0m[48;2;0;0;0m▀[0m      [38;2;0;0;0m[48;2;0;0;0m▀[0m[38;2;95;97;95m[48;2;95;97;95m▀[0m[38;2;95;97;95m[48;2;95;97;95m▀[0m[38;2;202;249;255m[48;2;202;249;255m▀[0m[38;2;202;249;255m[48;2;202;249;255m▀[0m[38;2;65;64;65m[48;2;65;64;65m▀[0m[38;2;112;137;239m[48;2;112;137;239m▀[0m[38;2;104;128;248m[48;2;79;88;194m▀[0m[38;2;79;88;194m[48;2;40;65;167m▀[0m[38;2;202;249;255m[48;2;202;249;255m▀[0m[38;2;202;249;255m[48;2;202;249;255m▀[0m[38;2;202;249;255m[48;2;202;249;255m▀[0m[38;2;202;249;255m[48;2;202;249;255m▀[0m[38;2;202;249;255m[48;2;95;95;95m▀[0m[38;2;95;95;95m[48;2;95;95;95m▀[0m[38;2;95;97;95m[48;2;95;97;95m▀[0m[38;2;95;97;95m[48;2;95;97;95m▀[0m[38;2;104;98;104m[48;2;104;98;104m▀[0m[38;2;57;56;57m[48;2;150;176;196m▀[0m[38;2;65;64;65m[48;2;0;0;0m▀[0m[38;2;0;0;0m▀   [38;2;0;0;0m[48;2;0;0;0m▀[0m[38;2;94;97;94m[48;2;94;97;94m▀[0m[38;2;94;97;94m[48;2;66;68;81m▀[0m[38;2;202;249;255m[48;2;66;68;81m▀[0m[38;2;202;249;255m[48;2;66;68;81m▀[0m[38;2;195;244;246m[48;2;82;83;82m▀[0m[38;2;0;0;0m[48;2;0;0;0m▀[0m     
 [38;2;0;0;0m▀[38;2;79;92;191m[48;2;0;4;24m▀[0m[38;2;42;44;64m[48;2;42;44;64m▀[0m[38;2;65;64;65m[48;2;65;64;65m▀[0m[38;2;65;64;65m[48;2;152;185;196m▀[0m[38;2;65;64;65m[48;2;65;64;65m▀[0m[38;2;70;79;185m[48;2;65;64;65m▀[0m[38;2;112;137;239m[48;2;65;64;65m▀[0m[38;2;112;137;239m[48;2;112;137;239m▀[0m[38;2;112;127;248m[48;2;75;83;167m▀[0m[38;2;9;0;11m[48;2;75;83;167m▀[0m[38;2;0;0;0m▄     [38;2;0;0;0m[48;2;0;0;0m▀[0m[38;2;98;97;98m[48;2;65;64;65m▀[0m[38;2;202;249;255m[48;2;156;185;199m▀[0m[38;2;202;249;255m[48;2;202;249;255m▀[0m[38;2;202;249;255m[48;2;202;249;255m▀[0m[38;2;65;64;65m[48;2;202;249;255m▀[0m[38;2;65;64;65m[48;2;202;249;255m▀[0m[38;2;202;249;255m[48;2;202;249;255m▀[0m[38;2;202;249;255m[48;2;202;249;255m▀[0m[38;2;202;249;255m[48;2;202;249;255m▀[0m[38;2;202;249;255m[48;2;202;249;255m▀[0m[38;2;202;249;255m[48;2;156;185;199m▀[0m[38;2;95;97;95m[48;2;95;97;95m▀[0m[38;2;95;97;95m[48;2;95;97;95m▀[0m[38;2;158;185;197m[48;2;158;185;197m▀[0m[38;2;158;185;197m[48;2;158;185;197m▀[0m[38;2;152;185;196m[48;2;152;185;196m▀[0m[38;2;0;0;0m[48;2;0;0;0m▀[0m   [38;2;0;0;0m▄[38;2;0;0;8m[48;2;78;92;164m▀[0m[38;2;43;50;82m[48;2;112;134;248m▀[0m[38;2;68;69;81m[48;2;112;137;239m▀[0m[38;2;112;137;239m[48;2;112;137;239m▀[0m[38;2;112;137;239m[48;2;112;137;239m▀[0m[38;2;112;137;239m[48;2;112;137;239m▀[0m[38;2;112;137;239m[48;2;112;137;239m▀[0m[38;2;69;79;185m[48;2;112;137;239m▀[0m[38;2;0;0;0m[48;2;70;80;183m▀[0m[38;2;0;0;0m[48;2;70;80;183m▀[0m[38;2;0;0;0m▄  
 [38;2;0;0;0m▄[38;2;0;0;0m[48;2;152;185;196m▀[0m[38;2;152;185;196m[48;2;65;63;65m▀[0m[38;2;65;64;65m[48;2;202;249;255m▀[0m[38;2;151;187;191m[48;2;202;249;255m▀[0m[38;2;152;185;196m[48;2;65;64;65m▀[0m[38;2;65;64;65m[48;2;65;64;65m▀[0m[38;2;65;64;65m[48;2;152;185;196m▀[0m[38;2;65;64;65m[48;2;65;64;65m▀[0m[38;2;70;79;185m[48;2;70;79;185m▀[0m[38;2;70;79;185m[48;2;65;64;65m▀[0m[38;2;0;0;0m[48;2;0;0;0m▀[0m   [38;2;0;0;0m▄[38;2;0;0;0m[48;2;94;97;94m▀[0m[38;2;93;97;95m[48;2;93;97;95m▀[0m[38;2;152;185;196m[48;2;93;97;95m▀[0m[38;2;152;185;196m[48;2;93;97;95m▀[0m[38;2;152;185;196m[48;2;152;185;196m▀[0m[38;2;202;249;255m[48;2;172;172;172m▀[0m[38;2;202;249;255m[48;2;8;8;8m▀[0m[38;2;202;249;255m[48;2;8;8;8m▀[0m[38;2;202;249;255m[48;2;172;172;172m▀[0m[38;2;202;249;255m[48;2;156;185;199m▀[0m[38;2;156;185;199m[48;2;156;185;199m▀[0m[38;2;158;185;197m[48;2;158;185;197m▀[0m[38;2;158;185;197m[48;2;158;185;197m▀[0m[38;2;152;185;196m[48;2;93;97;95m▀[0m[38;2;152;185;196m[48;2;93;97;95m▀[0m[38;2;151;187;191m[48;2;202;249;255m▀[0m[38;2;151;187;191m[48;2;65;64;65m▀[0m[38;2;0;0;0m[48;2;0;0;0m▀[0m   [38;2;0;0;0m[48;2;0;0;0m▀[0m[38;2;70;80;183m[48;2;70;80;183m▀[0m[38;2;84;99;186m[48;2;84;99;186m▀[0m[38;2;97;123;247m[48;2;61;57;67m▀[0m[38;2;112;137;239m[48;2;65;64;65m▀[0m[38;2;65;64;65m[48;2;65;64;65m▀[0m[38;2;65;64;65m[48;2;65;64;65m▀[0m[38;2;65;64;65m[48;2;152;185;196m▀[0m[38;2;65;64;65m[48;2;65;64;65m▀[0m[38;2;65;64;65m[48;2;65;64;65m▀[0m[38;2;70;79;185m[48;2;65;64;65m▀[0m[38;2;70;79;185m[48;2;65;64;65m▀[0m[38;2;70;80;183m[48;2;70;80;183m▀[0m[38;2;0;0;0m[48;2;0;0;0m▀[0m 
 [38;2;0;0;0m[48;2;0;0;0m▀[0m[38;2;152;185;196m[48;2;102;101;105m▀[0m[38;2;57;60;57m[48;2;152;185;196m▀[0m[38;2;134;165;169m[48;2;0;0;0m▀[0m[38;2;202;249;255m[48;2;84;84;84m▀[0m[38;2;65;64;65m[48;2;65;64;65m▀[0m[38;2;65;64;65m[48;2;202;249;255m▀[0m[38;2;134;165;169m[48;2;202;249;255m▀[0m[38;2;84;84;84m[48;2;0;0;0m▀[0m[38;2;0;0;0m▀[38;2;0;0;0m▀   [38;2;0;0;0m▄[38;2;0;0;0m[48;2;152;185;196m▀[0m[38;2;152;185;196m[48;2;152;185;196m▀[0m[38;2;93;97;95m[48;2;152;185;196m▀[0m[38;2;93;97;95m[48;2;152;185;196m▀[0m[38;2;94;95;98m[48;2;152;185;196m▀[0m[38;2;152;185;196m[48;2;0;0;0m▀[0m[38;2;0;0;0m▀  [38;2;0;0;0m▀[38;2;0;0;0m▀[38;2;0;0;0m▀[38;2;152;185;196m[48;2;0;0;0m▀[0m[38;2;94;95;98m[48;2;94;95;98m▀[0m[38;2;95;95;95m[48;2;95;95;95m▀[0m[38;2;95;95;95m[48;2;202;249;255m▀[0m[38;2;95;95;95m[48;2;202;249;255m▀[0m[38;2;202;249;255m[48;2;202;249;255m▀[0m[38;2;0;0;0m[48;2;202;249;255m▀[0m[38;2;0;0;0m▄   [38;2;0;0;0m▀[38;2;65;63;65m[48;2;0;0;0m▀[0m[38;2;65;63;65m[48;2;152;185;196m▀[0m[38;2;65;64;65m[48;2;152;185;196m▀[0m[38;2;65;64;65m[48;2;65;64;65m▀[0m[38;2;152;185;196m[48;2;65;64;65m▀[0m[38;2;152;185;196m[48;2;152;185;196m▀[0m[38;2;65;64;65m[48;2;152;185;196m▀[0m[38;2;65;64;65m[48;2;65;64;65m▀[0m[38;2;65;64;65m[48;2;152;185;196m▀[0m[38;2;65;64;65m[48;2;65;64;65m▀[0m[38;2;65;64;65m[48;2;0;0;0m▀[0m[38;2;0;0;0m▀ 
  [38;2;0;0;0m▀[38;2;0;0;0m▀ [38;2;0;0;0m▀[38;2;202;249;255m[48;2;0;0;0m▀[0m[38;2;202;249;255m[48;2;0;0;0m▀[0m[38;2;0;0;0m▀     [38;2;0;0;0m▄[38;2;0;0;0m[48;2;65;133;98m▀[0m[38;2;49;93;74m[48;2;95;128;109m▀[0m[38;2;156;176;180m[48;2;49;93;74m▀[0m[38;2;152;185;196m[48;2;57;93;74m▀[0m[38;2;152;185;196m[48;2;57;93;74m▀[0m[38;2;68;132;98m[48;2;87;175;123m▀[0m[38;2;68;132;98m[48;2;87;175;123m▀[0m[38;2;0;0;0m[48;2;0;0;0m▀[0m     [38;2;0;0;0m▀[38;2;202;249;255m[48;2;0;0;0m▀[0m[38;2;202;249;255m[48;2;202;249;255m▀[0m[38;2;202;249;255m[48;2;57;93;74m▀[0m[38;2;57;93;74m[48;2;84;174;123m▀[0m[38;2;57;93;74m[48;2;71;133;98m▀[0m[38;2;195;249;255m[48;2;49;97;74m▀[0m[38;2;49;97;74m[48;2;115;149;134m▀[0m[38;2;0;0;0m[48;2;0;0;0m▀[0m   [38;2;0;4;0m[48;2;0;4;0m▀[0m[38;2;134;167;169m[48;2;202;249;255m▀[0m[38;2;202;249;255m[48;2;202;249;255m▀[0m[38;2;65;64;65m[48;2;65;64;65m▀[0m[38;2;65;64;65m[48;2;65;64;65m▀[0m[38;2;202;249;255m[48;2;202;249;255m▀[0m[38;2;202;249;255m[48;2;151;187;191m▀[0m[38;2;65;64;65m[48;2;65;64;65m▀[0m[38;2;152;185;196m[48;2;152;185;196m▀[0m[38;2;0;0;0m[48;2;0;0;0m▀[0m   
              [38;2;0;0;0m▀[38;2;65;133;98m[48;2;0;0;0m▀[0m[38;2;71;132;98m[48;2;0;0;0m▀[0m[38;2;71;132;98m[48;2;71;132;98m▀[0m[38;2;68;132;98m[48;2;68;132;98m▀[0m[38;2;87;175;123m[48;2;68;132;98m▀[0m[38;2;90;182;131m[48;2;0;0;0m▀[0m[38;2;60;121;87m[48;2;0;0;0m▀[0m[38;2;65;133;98m[48;2;0;0;0m▀[0m[38;2;0;0;0m▀    [38;2;0;0;0m▄[38;2;0;0;0m[48;2;65;133;98m▀[0m[38;2;57;93;74m[48;2;71;133;98m▀[0m[38;2;84;174;123m[48;2;71;133;98m▀[0m[38;2;68;132;98m[48;2;87;175;123m▀[0m[38;2;87;175;123m[48;2;68;132;98m▀[0m[38;2;68;133;95m[48;2;68;133;95m▀[0m[38;2;68;133;95m[48;2;68;133;95m▀[0m[38;2;71;132;98m[48;2;71;132;98m▀[0m[38;2;0;0;0m[48;2;0;0;0m▀[0m   [38;2;0;0;0m▀[38;2;202;249;255m[48;2;0;0;0m▀[0m[38;2;202;249;255m[48;2;0;0;0m▀[0m[38;2;0;0;0m▀[38;2;0;0;0m▀[38;2;0;0;0m▀[38;2;152;185;196m[48;2;0;0;0m▀[0m[38;2;94;97;94m[48;2;0;0;0m▀[0m[38;2;0;0;0m▀   
                 [38;2;0;0;0m▀[38;2;0;0;0m▀[38;2;0;0;0m▀        [38;2;0;0;0m▀[38;2;65;64;65m[48;2;0;0;0m▀[0m[38;2;71;132;98m[48;2;0;0;0m▀[0m[38;2;71;132;98m[48;2;0;0;0m▀[0m[38;2;65;133;98m[48;2;0;0;0m▀[0m[38;2;0;0;0m▀[38;2;49;89;65m[48;2;0;0;0m▀[0m[38;2;74;133;98m[48;2;0;0;0m▀[0m[38;2;65;133;98m[48;2;0;0;0m▀[0m[38;2;0;0;0m▀               
                                     [0m                                     