                    [38;2;0;0;0m▄[38;2;0;0;0m[48;2;214;187;115m▀[0m[38;2;0;0;0m[48;2;221;187;124m▀[0m[38;2;0;0;0m[48;2;115;94;62m▀[0m[38;2;0;0;0m▄       
         [38;2;0;0;0m▄[38;2;0;0;0m▄[38;2;0;0;0m[48;2;214;187;115m▀[0m[38;2;0;0;0m[48;2;214;187;115m▀[0m[38;2;0;0;0m▄    [38;2;0;0;0m▄[38;2;0;0;0m[48;2;75;170;177m▀[0m[38;2;78;172;179m[48;2;213;185;121m▀[0m[38;2;213;185;121m[48;2;106;98;89m▀[0m[38;2;111;106;76m[48;2;214;187;115m▀[0m[38;2;214;187;115m[48;2;111;106;76m▀[0m[38;2;0;0;0m[48;2;0;0;0m▀[0m       
       [38;2;0;0;0m▄[38;2;9;6;0m[48;2;224;194;112m▀[0m[38;2;224;194;112m[48;2;161;132;73m▀[0m[38;2;180;144;74m[48;2;180;144;74m▀[0m[38;2;180;144;74m[48;2;180;144;74m▀[0m[38;2;180;142;74m[48;2;180;142;74m▀[0m[38;2;0;0;0m[48;2;0;0;0m▀[0m  [38;2;0;0;0m▄[38;2;0;0;0m▄[38;2;0;0;0m[48;2;75;170;177m▀[0m[38;2;75;170;177m[48;2;75;170;177m▀[0m[38;2;73;167;175m[48;2;73;167;175m▀[0m[38;2;217;181;119m[48;2;73;167;175m▀[0m[38;2;75;170;177m[48;2;0;0;0m▀[0m[38;2;0;0;0m▀ [38;2;0;0;0m▄[38;2;0;0;0m[48;2;75;170;177m▀[0m[38;2;0;0;0m[48;2;75;170;177m▀[0m[38;2;0;0;0m▄   
      [38;2;0;0;0m▄[38;2;0;0;0m[48;2;116;104;74m▀[0m[38;2;217;181;119m[48;2;217;181;119m▀[0m[38;2;180;142;74m[48;2;180;142;74m▀[0m[38;2;180;144;74m[48;2;180;144;74m▀[0m[38;2;180;144;74m[48;2;180;144;74m▀[0m[38;2;180;142;74m[48;2;49;47;49m▀[0m[38;2;180;142;74m[48;2;49;47;49m▀[0m[38;2;0;0;0m[48;2;64;158;166m▀[0m[38;2;0;0;0m[48;2;224;194;112m▀[0m[38;2;217;181;119m[48;2;79;173;180m▀[0m[38;2;217;181;119m[48;2;217;181;119m▀[0m[38;2;73;167;175m[48;2;217;181;119m▀[0m[38;2;73;167;175m[48;2;217;181;119m▀[0m[38;2;33;128;136m[48;2;178;146;91m▀[0m[38;2;0;3;9m[48;2;33;128;136m▀[0m[38;2;0;0;0m▄[38;2;0;0;0m▄[38;2;0;0;0m[48;2;75;170;177m▀[0m[38;2;75;170;177m[48;2;75;170;177m▀[0m[38;2;78;172;179m[48;2;78;172;179m▀[0m[38;2;78;172;179m[48;2;34;129;137m▀[0m[38;2;33;128;136m[48;2;33;128;136m▀[0m[38;2;0;3;9m[48;2;178;146;91m▀[0m[38;2;0;0;0m▄ 
    [38;2;0;0;0m▄[38;2;0;0;0m[48;2;214;187;115m▀[0m[38;2;111;106;76m[48;2;111;106;76m▀[0m[38;2;214;187;115m[48;2;214;187;115m▀[0m[38;2;217;185;119m[48;2;217;185;119m▀[0m[38;2;217;185;119m[48;2;217;185;119m▀[0m[38;2;217;181;119m[48;2;217;181;119m▀[0m[38;2;49;47;49m[48;2;217;181;119m▀[0m[38;2;75;170;177m[48;2;49;47;49m▀[0m[38;2;75;170;177m[48;2;75;170;177m▀[0m[38;2;73;167;175m[48;2;73;167;175m▀[0m[38;2;217;181;119m[48;2;73;167;175m▀[0m[38;2;76;171;178m[48;2;76;171;178m▀[0m[38;2;76;171;178m[48;2;76;171;178m▀[0m[38;2;217;181;119m[48;2;73;167;175m▀[0m[38;2;217;181;119m[48;2;73;167;175m▀[0m[38;2;76;171;178m[48;2;76;171;178m▀[0m[38;2;76;171;178m[48;2;76;171;178m▀[0m[38;2;73;167;175m[48;2;217;181;119m▀[0m[38;2;73;167;175m[48;2;73;167;175m▀[0m[38;2;80;174;181m[48;2;217;185;119m▀[0m[38;2;217;185;119m[48;2;165;147;95m▀[0m[38;2;33;128;136m[48;2;180;142;74m▀[0m[38;2;33;128;136m[48;2;33;128;136m▀[0m[38;2;180;142;74m[48;2;180;142;74m▀[0m[38;2;0;0;0m[48;2;0;0;0m▀[0m  
   [38;2;0;0;0m[48;2;0;0;0m▀[0m[38;2;111;95;76m[48;2;209;186;134m▀[0m[38;2;209;186;134m[48;2;245;225;162m▀[0m[38;2;245;225;162m[48;2;209;190;134m▀[0m[38;2;111;106;76m[48;2;111;106;76m▀[0m[38;2;217;185;119m[48;2;217;185;119m▀[0m[38;2;217;185;119m[48;2;217;185;119m▀[0m[38;2;217;185;119m[48;2;217;185;119m▀[0m[38;2;217;185;119m[48;2;217;185;119m▀[0m[38;2;49;47;49m[48;2;211;181;129m▀[0m[38;2;76;171;178m[48;2;49;47;49m▀[0m[38;2;75;170;177m[48;2;75;170;177m▀[0m[38;2;255;83;63m[48;2;255;83;63m▀[0m[38;2;255;55;40m[48;2;234;84;66m▀[0m[38;2;76;171;178m[48;2;76;171;178m▀[0m[38;2;73;167;175m[48;2;73;167;175m▀[0m[38;2;73;167;175m[48;2;217;181;119m▀[0m[38;2;78;172;179m[48;2;78;172;179m▀[0m[38;2;78;172;179m[48;2;34;129;137m▀[0m[38;2;218;186;103m[48;2;37;131;139m▀[0m[38;2;174;145;81m[48;2;174;145;81m▀[0m[38;2;180;144;74m[48;2;180;144;74m▀[0m[38;2;180;144;74m[48;2;180;144;74m▀[0m[38;2;33;128;136m[48;2;180;142;74m▀[0m[38;2;33;128;136m[48;2;33;128;136m▀[0m[38;2;33;128;136m[48;2;33;128;136m▀[0m[38;2;0;0;0m[48;2;33;128;136m▀[0m[38;2;0;0;0m▄ 
  [38;2;0;0;0m[48;2;0;0;0m▀[0m[38;2;214;187;115m[48;2;214;187;115m▀[0m[38;2;242;230;171m[48;2;242;230;171m▀[0m[38;2;217;181;119m[48;2;217;181;119m▀[0m[38;2;217;185;119m[48;2;217;185;119m▀[0m[38;2;217;185;119m[48;2;217;185;119m▀[0m[38;2;111;106;76m[48;2;214;187;115m▀[0m[38;2;214;187;115m[48;2;214;187;115m▀[0m[38;2;217;185;119m[48;2;217;185;119m▀[0m[38;2;217;185;119m[48;2;217;185;119m▀[0m[38;2;217;181;119m[48;2;217;181;119m▀[0m[38;2;49;47;49m[48;2;217;181;119m▀[0m[38;2;75;170;177m[48;2;49;47;49m▀[0m[38;2;75;170;177m[48;2;49;47;49m▀[0m[38;2;78;172;179m[48;2;78;172;179m▀[0m[38;2;78;172;179m[48;2;34;129;137m▀[0m[38;2;217;181;119m[48;2;180;142;74m▀[0m[38;2;180;142;74m[48;2;180;142;74m▀[0m[38;2;180;142;74m[48;2;180;142;74m▀[0m[38;2;33;128;136m[48;2;180;142;74m▀[0m[38;2;180;142;74m[48;2;180;142;74m▀[0m[38;2;180;142;74m[48;2;33;128;136m▀[0m[38;2;178;146;91m[48;2;33;128;136m▀[0m[38;2;33;128;136m[48;2;0;3;9m▀[0m[38;2;33;128;136m[48;2;0;0;0m▀[0m[38;2;33;128;136m[48;2;33;128;136m▀[0m[38;2;33;128;136m[48;2;33;128;136m▀[0m[38;2;33;128;136m[48;2;0;0;0m▀[0m[38;2;0;0;0m▀ 
 [38;2;0;0;0m[48;2;0;0;0m▀[0m[38;2;217;181;119m[48;2;217;181;119m▀[0m[38;2;242;230;171m[48;2;242;230;171m▀[0m[38;2;217;185;119m[48;2;217;185;119m▀[0m[38;2;217;185;119m[48;2;217;185;119m▀[0m[38;2;214;187;115m[48;2;214;187;115m▀[0m[38;2;214;187;115m[48;2;111;106;76m▀[0m[38;2;217;181;119m[48;2;49;47;49m▀[0m[38;2;217;181;119m[48;2;49;47;49m▀[0m[38;2;49;47;49m[48;2;217;181;119m▀[0m[38;2;49;47;49m[48;2;217;181;119m▀[0m[38;2;217;185;119m[48;2;217;185;119m▀[0m[38;2;217;185;119m[48;2;217;185;119m▀[0m[38;2;217;185;119m[48;2;217;185;119m▀[0m[38;2;217;185;119m[48;2;217;185;119m▀[0m[38;2;49;47;49m[48;2;49;47;49m▀[0m[38;2;33;128;136m[48;2;33;128;136m▀[0m[38;2;33;128;136m[48;2;180;142;74m▀[0m[38;2;180;142;74m[48;2;180;142;74m▀[0m[38;2;180;142;74m[48;2;180;142;74m▀[0m[38;2;33;128;136m[48;2;180;142;74m▀[0m[38;2;181;145;78m[48;2;35;130;138m▀[0m[38;2;35;130;138m[48;2;52;50;52m▀[0m[38;2;0;0;0m[48;2;49;47;49m▀[0m[38;2;0;0;0m▄[38;2;0;0;0m▄[38;2;0;0;0m▀[38;2;0;0;0m▀   
 [38;2;0;0;0m▀[38;2;214;187;115m[48;2;0;0;0m▀[0m[38;2;214;187;115m[48;2;214;187;115m▀[0m[38;2;217;181;119m[48;2;217;181;119m▀[0m[38;2;217;181;119m[48;2;180;142;74m▀[0m[38;2;217;185;119m[48;2;217;185;119m▀[0m[38;2;217;185;119m[48;2;217;185;119m▀[0m[38;2;217;181;119m[48;2;180;142;74m▀[0m[38;2;217;181;119m[48;2;217;181;119m▀[0m[38;2;217;185;119m[48;2;217;185;119m▀[0m[38;2;217;185;119m[48;2;217;185;119m▀[0m[38;2;217;185;119m[48;2;217;185;119m▀[0m[38;2;217;185;119m[48;2;217;185;119m▀[0m[38;2;214;187;115m[48;2;214;187;115m▀[0m[38;2;165;145;95m[48;2;49;47;49m▀[0m[38;2;49;47;49m[48;2;33;128;136m▀[0m[38;2;33;128;136m[48;2;33;128;136m▀[0m[38;2;33;128;136m[48;2;33;128;136m▀[0m[38;2;180;142;74m[48;2;33;128;136m▀[0m[38;2;37;131;139m[48;2;0;0;0m▀[0m[38;2;0;0;0m▀[38;2;33;128;136m[48;2;0;0;0m▀[0m[38;2;33;128;136m[48;2;33;128;136m▀[0m[38;2;33;128;136m[48;2;33;128;136m▀[0m[38;2;33;128;136m[48;2;49;47;49m▀[0m[38;2;34;129;137m[48;2;34;129;137m▀[0m[38;2;0;4;1m[48;2;56;55;39m▀[0m[38;2;0;0;0m[48;2;37;131;139m▀[0m[38;2;0;0;0m▄  
  [38;2;0;0;0m▀[38;2;181;136;78m[48;2;0;0;0m▀[0m[38;2;214;187;115m[48;2;111;99;76m▀[0m[38;2;111;99;76m[48;2;49;47;49m▀[0m[38;2;49;47;49m[48;2;217;181;119m▀[0m[38;2;49;47;49m[48;2;217;181;119m▀[0m[38;2;49;47;49m[48;2;180;148;74m▀[0m[38;2;119;99;65m[48;2;49;47;49m▀[0m[38;2;217;185;119m[48;2;217;185;119m▀[0m[38;2;217;185;119m[48;2;217;185;119m▀[0m[38;2;217;185;119m[48;2;217;185;119m▀[0m[38;2;217;185;119m[48;2;217;185;119m▀[0m[38;2;180;148;74m[48;2;49;47;49m▀[0m[38;2;49;47;49m[48;2;34;129;137m▀[0m[38;2;35;130;138m[48;2;46;44;46m▀[0m[38;2;46;44;46m[48;2;0;3;9m▀[0m[38;2;33;128;136m[48;2;33;128;136m▀[0m[38;2;49;47;49m[48;2;33;128;136m▀[0m[38;2;56;55;39m[48;2;34;129;137m▀[0m[38;2;0;4;1m[48;2;34;129;137m▀[0m[38;2;0;0;0m▄[38;2;0;0;0m▀[38;2;33;128;136m[48;2;0;0;0m▀[0m[38;2;33;128;136m[48;2;0;0;0m▀[0m[38;2;49;47;49m[48;2;33;128;136m▀[0m[38;2;33;128;136m[48;2;49;47;49m▀[0m[38;2;49;47;49m[48;2;0;0;0m▀[0m[38;2;0;0;0m▀  
    [38;2;0;0;0m▀[38;2;181;136;78m[48;2;0;0;0m▀[0m[38;2;180;142;74m[48;2;0;0;0m▀[0m[38;2;180;142;74m[48;2;0;0;0m▀[0m[38;2;181;136;78m[48;2;0;0;0m▀[0m[38;2;0;0;0m▀[38;2;161;132;73m[48;2;9;6;0m▀[0m[38;2;224;194;112m[48;2;224;194;112m▀[0m[38;2;227;185;98m[48;2;178;145;79m▀[0m[38;2;178;145;79m[48;2;58;59;42m▀[0m[38;2;49;47;49m[48;2;33;128;136m▀[0m[38;2;33;128;136m[48;2;49;47;49m▀[0m[38;2;0;0;0m[48;2;37;131;139m▀[0m[38;2;0;0;0m▄[38;2;0;0;0m▀[38;2;37;131;139m[48;2;0;0;0m▀[0m[38;2;49;47;49m[48;2;33;128;136m▀[0m[38;2;33;128;136m[48;2;49;47;49m▀[0m[38;2;33;128;136m[48;2;33;128;136m▀[0m[38;2;0;0;0m[48;2;0;0;0m▀[0m  [38;2;0;0;0m▀[38;2;0;0;0m▀    
           [38;2;0;0;0m▀[38;2;0;0;0m▀ [38;2;0;0;0m[48;2;0;0;0m▀[0m[38;2;33;128;136m[48;2;33;128;136m▀[0m[38;2;49;47;49m[48;2;49;47;49m▀[0m[38;2;0;0;0m[48;2;0;0;0m▀[0m  [38;2;0;0;0m▀[38;2;0;0;0m▀[38;2;0;0;0m▀         
                         [38;2;0;0;0m▀[38;2;0;0;0m▀                         
                                     [0m                                     