    [38;2;0;4;0m[48;2;0;4;0m▀[0m    [38;2;0;4;0m▄[38;2;0;4;0m[48;2;181;186;181m▀[0m[38;2;0;4;0m[48;2;181;186;181m▀[0m[38;2;0;4;0m▄                   
    [38;2;0;5;0m[48;2;0;5;0m▀[0m[38;2;0;5;0m[48;2;0;5;0m▀[0m [38;2;0;4;0m▄[38;2;0;5;0m[48;2;0;5;0m▀[0m[38;2;0;5;0m[48;2;0;5;0m▀[0m[38;2;170;174;172m[48;2;200;194;189m▀[0m[38;2;200;194;189m[48;2;170;174;172m▀[0m[38;2;0;4;0m[48;2;198;195;189m▀[0m[38;2;0;4;0m▄         [38;2;0;4;0m▄[38;2;0;4;0m▄[38;2;0;4;0m[48;2;231;235;239m▀[0m[38;2;0;4;0m[48;2;247;243;247m▀[0m[38;2;0;4;0m[48;2;247;243;247m▀[0m[38;2;0;4;0m[48;2;255;255;255m▀[0m[38;2;0;4;0m▄  
    [38;2;0;4;0m▀[38;2;0;4;0m[48;2;0;4;0m▀[0m[38;2;66;64;66m▄[38;2;0;4;0m[48;2;0;4;0m▀[0m[38;2;0;4;0m[48;2;0;4;0m▀[0m[38;2;198;195;189m[48;2;0;4;0m▀[0m[38;2;181;182;181m[48;2;0;4;0m▀[0m[38;2;181;182;181m[48;2;181;182;181m▀[0m[38;2;181;186;181m[48;2;181;186;181m▀[0m[38;2;0;4;0m[48;2;0;4;0m▀[0m      [38;2;0;4;0m▄[38;2;0;4;0m[48;2;231;235;239m▀[0m[38;2;0;4;0m[48;2;247;247;247m▀[0m[38;2;247;247;247m[48;2;247;247;247m▀[0m[38;2;233;233;236m[48;2;255;255;255m▀[0m[38;2;255;255;255m[48;2;233;233;236m▀[0m[38;2;233;233;236m[48;2;255;255;255m▀[0m[38;2;255;255;255m[48;2;233;233;236m▀[0m[38;2;233;233;236m[48;2;255;255;255m▀[0m[38;2;255;255;255m[48;2;233;233;236m▀[0m[38;2;0;4;0m[48;2;0;4;0m▀[0m 
   [38;2;0;4;0m▄[38;2;82;73;49m[48;2;255;199;207m▀[0m[38;2;0;0;16m[48;2;255;199;207m▀[0m[38;2;255;198;206m[48;2;255;198;206m▀[0m[38;2;0;4;0m[48;2;255;198;206m▀[0m[38;2;255;196;205m[48;2;255;196;205m▀[0m[38;2;255;196;205m[48;2;255;196;205m▀[0m[38;2;255;198;206m[48;2;255;198;206m▀[0m[38;2;0;4;0m[48;2;255;198;206m▀[0m[38;2;0;4;0m[48;2;255;198;206m▀[0m[38;2;0;4;0m[48;2;0;4;0m▀[0m    [38;2;0;4;0m▄[38;2;0;4;0m[48;2;231;235;239m▀[0m[38;2;233;233;236m[48;2;255;255;255m▀[0m[38;2;255;255;255m[48;2;233;233;236m▀[0m[38;2;233;233;236m[48;2;255;255;255m▀[0m[38;2;255;255;255m[48;2;233;233;236m▀[0m[38;2;233;233;236m[48;2;255;255;255m▀[0m[38;2;255;255;255m[48;2;233;233;236m▀[0m[38;2;233;233;236m[48;2;255;255;255m▀[0m[38;2;255;255;255m[48;2;233;233;236m▀[0m[38;2;233;233;236m[48;2;255;255;255m▀[0m[38;2;255;255;255m[48;2;233;233;236m▀[0m[38;2;0;4;0m[48;2;0;4;0m▀[0m 
  [38;2;0;4;0m[48;2;0;4;0m▀[0m[38;2;255;198;206m[48;2;255;198;206m▀[0m[38;2;255;196;205m[48;2;255;196;205m▀[0m[38;2;255;196;205m[48;2;255;196;205m▀[0m[38;2;255;196;205m[48;2;255;196;205m▀[0m[38;2;255;196;205m[48;2;255;196;205m▀[0m[38;2;255;196;205m[48;2;255;196;205m▀[0m[38;2;255;196;205m[48;2;255;196;205m▀[0m[38;2;255;196;205m[48;2;255;196;205m▀[0m[38;2;255;196;205m[48;2;255;196;205m▀[0m[38;2;255;198;206m[48;2;255;255;255m▀[0m[38;2;255;198;206m[48;2;255;198;206m▀[0m[38;2;0;4;0m[48;2;0;4;0m▀[0m  [38;2;0;4;0m[48;2;0;4;0m▀[0m[38;2;233;233;236m[48;2;255;255;255m▀[0m[38;2;255;255;255m[48;2;233;233;236m▀[0m[38;2;233;233;236m[48;2;255;255;255m▀[0m[38;2;255;255;255m[48;2;233;233;236m▀[0m[38;2;233;233;236m[48;2;255;255;255m▀[0m[38;2;255;255;255m[48;2;233;233;236m▀[0m[38;2;233;233;236m[48;2;255;255;255m▀[0m[38;2;255;255;255m[48;2;233;233;236m▀[0m[38;2;233;233;236m[48;2;255;255;255m▀[0m[38;2;255;255;255m[48;2;233;233;236m▀[0m[38;2;233;233;236m[48;2;255;255;255m▀[0m[38;2;255;255;255m[48;2;233;233;236m▀[0m[38;2;0;4;0m[48;2;0;4;0m▀[0m 
 [38;2;0;4;0m[48;2;0;4;0m▀[0m[38;2;255;255;255m[48;2;66;65;66m▀[0m[38;2;66;65;66m[48;2;66;65;66m▀[0m[38;2;255;198;206m[48;2;236;126;141m▀[0m[38;2;255;198;206m[48;2;255;198;206m▀[0m[38;2;255;198;206m[48;2;236;126;141m▀[0m[38;2;255;198;206m[48;2;236;126;141m▀[0m[38;2;255;198;206m[48;2;255;198;206m▀[0m[38;2;255;198;206m[48;2;131;131;103m▀[0m[38;2;255;251;252m[48;2;82;73;41m▀[0m[38;2;213;183;187m[48;2;255;251;252m▀[0m[38;2;234;127;142m[48;2;255;255;255m▀[0m[38;2;255;255;255m[48;2;234;127;142m▀[0m[38;2;255;243;245m[48;2;170;164;142m▀[0m[38;2;0;0;0m[48;2;85;82;71m▀[0m[38;2;0;12;8m[48;2;71;62;52m▀[0m[38;2;214;162;140m[48;2;142;112;96m▀[0m[38;2;173;117;90m[48;2;247;243;247m▀[0m[38;2;197;159;142m[48;2;247;243;247m▀[0m[38;2;173;117;90m[48;2;200;161;145m▀[0m[38;2;255;251;255m[48;2;173;117;90m▀[0m[38;2;233;233;236m[48;2;255;255;255m▀[0m[38;2;255;255;255m[48;2;233;233;236m▀[0m[38;2;233;233;236m[48;2;255;255;255m▀[0m[38;2;255;255;255m[48;2;233;233;236m▀[0m[38;2;233;233;236m[48;2;255;255;255m▀[0m[38;2;255;255;255m[48;2;233;233;236m▀[0m[38;2;247;247;247m[48;2;247;247;247m▀[0m[38;2;247;247;247m[48;2;0;4;0m▀[0m[38;2;0;4;0m▀ 
 [38;2;0;4;0m[48;2;0;4;0m▀[0m[38;2;66;65;66m[48;2;206;158;140m▀[0m[38;2;66;65;66m[48;2;66;65;66m▀[0m[38;2;255;255;255m[48;2;255;255;255m▀[0m[38;2;234;127;142m[48;2;255;255;255m▀[0m[38;2;255;255;255m[48;2;255;255;255m▀[0m[38;2;255;255;255m[48;2;255;255;255m▀[0m[38;2;132;132;104m[48;2;66;65;66m▀[0m[38;2;66;65;66m[48;2;66;65;66m▀[0m[38;2;255;255;255m[48;2;66;65;66m▀[0m[38;2;66;65;66m[48;2;66;65;66m▀[0m[38;2;236;126;141m[48;2;255;198;206m▀[0m[38;2;255;198;206m[48;2;255;198;206m▀[0m[38;2;255;200;208m[48;2;74;65;66m▀[0m[38;2;74;65;66m[48;2;187;17;42m▀[0m[38;2;168;156;148m[48;2;82;65;57m▀[0m[38;2;255;247;239m[48;2;255;247;239m▀[0m[38;2;247;247;247m[48;2;247;247;247m▀[0m[38;2;247;247;247m[48;2;165;121;90m▀[0m[38;2;165;121;90m[48;2;206;158;135m▀[0m[38;2;206;158;135m[48;2;165;121;90m▀[0m[38;2;247;243;247m[48;2;197;159;142m▀[0m[38;2;247;243;247m[48;2;173;117;90m▀[0m[38;2;233;233;236m[48;2;255;255;255m▀[0m[38;2;255;255;255m[48;2;233;233;236m▀[0m[38;2;233;233;236m[48;2;255;255;255m▀[0m[38;2;255;255;255m[48;2;233;233;236m▀[0m[38;2;247;243;247m[48;2;247;243;247m▀[0m[38;2;0;4;0m[48;2;0;4;0m▀[0m  
  [38;2;0;0;0m[48;2;0;0;0m▀[0m[38;2;247;251;247m[48;2;82;83;82m▀[0m[38;2;255;255;255m[48;2;170;175;172m▀[0m[38;2;255;255;255m[48;2;255;255;255m▀[0m[38;2;255;255;255m[48;2;132;130;107m▀[0m[38;2;255;255;255m[48;2;255;255;255m▀[0m[38;2;74;65;66m[48;2;232;191;197m▀[0m[38;2;172;154;142m[48;2;74;65;66m▀[0m[38;2;66;65;66m[48;2;66;65;66m▀[0m[38;2;66;65;66m[48;2;241;125;141m▀[0m[38;2;255;193;202m[48;2;232;131;145m▀[0m[38;2;232;131;145m[48;2;66;65;57m▀[0m[38;2;66;65;66m[48;2;190;21;44m▀[0m[38;2;190;21;44m[48;2;190;21;44m▀[0m[38;2;66;65;66m[48;2;66;65;66m▀[0m[38;2;206;154;123m[48;2;159;124;104m▀[0m[38;2;181;121;90m[48;2;200;159;139m▀[0m[38;2;200;159;139m[48;2;239;235;239m▀[0m[38;2;233;233;236m[48;2;255;255;255m▀[0m[38;2;255;255;255m[48;2;233;233;236m▀[0m[38;2;247;243;247m[48;2;247;243;247m▀[0m[38;2;197;159;142m[48;2;173;117;90m▀[0m[38;2;173;117;90m[48;2;197;159;142m▀[0m[38;2;247;243;247m[48;2;247;243;247m▀[0m[38;2;233;233;236m[48;2;255;255;255m▀[0m[38;2;255;255;255m[48;2;233;233;236m▀[0m[38;2;0;4;0m[48;2;0;4;0m▀[0m   
  [38;2;0;4;0m▀[38;2;111;36;46m[48;2;0;4;0m▀[0m[38;2;66;65;66m[48;2;112;37;47m▀[0m[38;2;66;65;66m[48;2;112;37;47m▀[0m[38;2;198;195;189m[48;2;66;65;66m▀[0m[38;2;198;195;189m[48;2;66;65;66m▀[0m[38;2;198;195;189m[48;2;66;65;66m▀[0m[38;2;198;195;189m[48;2;66;65;66m▀[0m[38;2;243;119;136m[48;2;66;65;66m▀[0m[38;2;66;65;66m[48;2;197;30;49m▀[0m[38;2;66;65;66m[48;2;190;21;44m▀[0m[38;2;190;21;44m[48;2;190;21;44m▀[0m[38;2;190;21;44m[48;2;66;65;66m▀[0m[38;2;66;65;66m[48;2;66;65;66m▀[0m[38;2;165;121;90m[48;2;206;158;135m▀[0m[38;2;206;158;135m[48;2;165;121;90m▀[0m[38;2;173;117;90m[48;2;200;161;145m▀[0m[38;2;255;251;255m[48;2;173;117;90m▀[0m[38;2;247;243;247m[48;2;197;159;142m▀[0m[38;2;247;243;247m[48;2;173;117;90m▀[0m[38;2;165;121;90m[48;2;206;158;135m▀[0m[38;2;206;158;135m[48;2;165;121;90m▀[0m[38;2;165;121;90m[48;2;247;247;247m▀[0m[38;2;247;247;247m[48;2;247;247;247m▀[0m[38;2;247;243;247m[48;2;247;243;247m▀[0m[38;2;0;4;0m[48;2;0;4;0m▀[0m    
   [38;2;0;4;0m▄[38;2;0;8;8m[48;2;114;39;49m▀[0m[38;2;95;20;30m[48;2;114;39;49m▀[0m[38;2;190;21;44m[48;2;66;65;66m▀[0m[38;2;190;21;44m[48;2;190;21;44m▀[0m[38;2;195;28;48m[48;2;66;60;66m▀[0m[38;2;195;28;48m[48;2;241;117;134m▀[0m[38;2;195;28;48m[48;2;241;117;134m▀[0m[38;2;195;28;48m[48;2;66;60;66m▀[0m[38;2;187;17;42m[48;2;74;65;66m▀[0m[38;2;74;44;37m[48;2;255;200;208m▀[0m[38;2;112;37;47m[48;2;66;65;66m▀[0m[38;2;112;37;47m[48;2;112;37;47m▀[0m[38;2;71;66;57m[48;2;189;20;44m▀[0m[38;2;214;158;123m[48;2;71;66;57m▀[0m[38;2;247;243;247m[48;2;66;65;66m▀[0m[38;2;247;243;247m[48;2;66;65;66m▀[0m[38;2;173;117;90m[48;2;255;251;255m▀[0m[38;2;200;161;145m[48;2;173;117;90m▀[0m[38;2;239;243;239m[48;2;206;158;136m▀[0m[38;2;239;243;239m[48;2;239;243;239m▀[0m[38;2;247;243;247m[48;2;0;4;0m▀[0m[38;2;247;243;247m[48;2;0;4;0m▀[0m[38;2;0;4;0m▀     
   [38;2;0;4;0m▀[38;2;117;42;52m[48;2;0;8;0m▀[0m[38;2;9;1;2m[48;2;95;20;30m▀[0m[38;2;66;65;66m[48;2;190;21;44m▀[0m[38;2;190;21;44m[48;2;66;65;66m▀[0m[38;2;92;62;66m[48;2;0;0;16m▀[0m[38;2;255;192;201m[48;2;92;62;66m▀[0m[38;2;66;65;66m[48;2;236;187;194m▀[0m[38;2;236;187;194m[48;2;236;187;194m▀[0m[38;2;255;196;204m[48;2;0;4;8m▀[0m[38;2;100;61;66m[48;2;0;4;8m▀[0m[38;2;0;8;8m[48;2;77;60;41m▀[0m[38;2;191;23;45m[48;2;0;8;8m▀[0m[38;2;190;21;44m[48;2;190;21;44m▀[0m[38;2;190;21;44m[48;2;190;21;44m▀[0m[38;2;191;23;45m[48;2;83;29;32m▀[0m[38;2;191;23;45m[48;2;13;1;1m▀[0m[38;2;0;4;0m▀[38;2;0;4;0m▀[38;2;0;4;0m▀[38;2;0;4;0m▀        
 [38;2;0;4;0m▄[38;2;0;5;0m[48;2;0;5;0m▀[0m[38;2;0;5;0m[48;2;0;5;0m▀[0m[38;2;0;4;0m▀[38;2;101;26;36m[48;2;0;4;0m▀[0m[38;2;188;19;43m[48;2;0;4;0m▀[0m[38;2;0;4;0m▀ [38;2;0;4;0m▀[38;2;66;64;66m[48;2;0;4;0m▀[0m[38;2;0;4;0m▀  [38;2;0;4;0m[48;2;0;4;0m▀[0m [38;2;0;4;0m▀[38;2;0;4;0m[48;2;0;4;0m▀[0m[38;2;0;4;0m[48;2;0;4;0m▀[0m[38;2;0;4;0m▄            
          [38;2;0;5;0m[48;2;0;5;0m▀[0m[38;2;0;5;0m[48;2;0;5;0m▀[0m [38;2;0;4;0m▄[38;2;0;4;0m[48;2;0;4;0m▀[0m                 
           [38;2;0;4;0m▀ [38;2;0;4;0m[48;2;0;4;0m▀[0m[38;2;0;4;0m▀                 
                                     [0m                                     