                 [38;2;244;167;111m▄[38;2;244;167;111m[48;2;244;167;111m▀[0m           
                [38;2;244;167;111m▄[38;2;244;167;111m[48;2;244;167;111m▀[0m[38;2;244;167;111m[48;2;244;167;111m▀[0m           
               [38;2;244;167;111m▄[38;2;244;167;111m[48;2;0;0;0m▀[0m[38;2;0;0;0m[48;2;255;73;58m▀[0m[38;2;244;167;111m[48;2;0;0;0m▀[0m[38;2;244;167;111m[48;2;244;167;111m▀[0m          
              [38;2;244;167;111m▄[38;2;244;167;111m[48;2;0;0;0m▀[0m[38;2;0;0;0m[48;2;241;39;61m▀[0m[38;2;255;73;58m[48;2;255;73;58m▀[0m[38;2;0;0;0m[48;2;0;0;0m▀[0m[38;2;244;167;111m[48;2;244;167;111m▀[0m          
           [38;2;244;167;111m▄[38;2;244;167;111m[48;2;244;167;111m▀[0m[38;2;244;167;111m[48;2;0;0;0m▀[0m[38;2;244;167;111m[48;2;0;0;0m▀[0m[38;2;0;0;0m[48;2;255;73;58m▀[0m[38;2;255;73;58m[48;2;255;73;58m▀[0m[38;2;255;73;58m[48;2;255;73;58m▀[0m[38;2;0;0;0m[48;2;241;39;61m▀[0m[38;2;244;167;111m[48;2;0;0;0m▀[0m[38;2;244;167;111m[48;2;244;167;111m▀[0m[38;2;244;167;111m▄        
          [38;2;244;167;111m[48;2;244;167;111m▀[0m[38;2;244;167;111m[48;2;0;0;0m▀[0m[38;2;0;0;0m[48;2;255;255;255m▀[0m[38;2;255;73;58m[48;2;255;73;58m▀[0m[38;2;255;73;58m[48;2;255;73;58m▀[0m[38;2;255;73;58m[48;2;255;73;58m▀[0m[38;2;255;73;58m[48;2;255;73;58m▀[0m[38;2;255;73;58m[48;2;255;73;58m▀[0m[38;2;255;73;58m[48;2;255;73;58m▀[0m[38;2;241;39;61m[48;2;255;73;58m▀[0m[38;2;0;0;0m[48;2;0;0;0m▀[0m[38;2;244;167;111m[48;2;244;167;111m▀[0m[38;2;244;167;111m▄       
         [38;2;244;167;111m▄[38;2;244;167;111m[48;2;244;167;111m▀[0m[38;2;0;0;0m[48;2;0;0;0m▀[0m[38;2;189;189;189m[48;2;255;255;255m▀[0m[38;2;66;142;214m[48;2;66;142;214m▀[0m[38;2;255;73;58m[48;2;255;73;58m▀[0m[38;2;255;73;58m[48;2;255;73;58m▀[0m[38;2;255;73;58m[48;2;189;189;189m▀[0m[38;2;255;255;255m[48;2;66;142;214m▀[0m[38;2;255;255;255m[48;2;255;255;255m▀[0m[38;2;255;73;58m[48;2;241;39;61m▀[0m[38;2;241;39;61m[48;2;241;39;61m▀[0m[38;2;0;0;0m[48;2;0;0;0m▀[0m[38;2;244;167;111m[48;2;244;167;111m▀[0m       
     [38;2;244;167;111m▄[38;2;244;167;111m▄[38;2;244;167;111m[48;2;255;255;255m▀[0m[38;2;255;202;163m[48;2;255;255;255m▀[0m[38;2;255;255;255m[48;2;244;167;111m▀[0m[38;2;244;167;111m[48;2;244;167;111m▀[0m[38;2;244;167;111m▀[38;2;0;0;0m[48;2;244;167;111m▀[0m[38;2;255;73;58m[48;2;0;0;0m▀[0m[38;2;65;65;65m[48;2;0;0;0m▀[0m[38;2;65;65;65m[48;2;241;39;61m▀[0m[38;2;255;255;255m[48;2;255;255;255m▀[0m[38;2;66;142;214m[48;2;255;255;255m▀[0m[38;2;189;189;189m[48;2;241;39;61m▀[0m[38;2;241;39;61m[48;2;241;39;61m▀[0m[38;2;202;45;86m[48;2;0;0;0m▀[0m[38;2;0;0;0m[48;2;255;202;163m▀[0m[38;2;244;167;111m[48;2;244;167;111m▀[0m       
     [38;2;244;167;111m▄[38;2;244;167;111m[48;2;244;167;111m▀[0m[38;2;244;167;111m[48;2;255;255;255m▀[0m[38;2;244;167;111m[48;2;244;167;111m▀[0m[38;2;244;167;111m▄   [38;2;244;167;111m[48;2;244;167;111m▀[0m[38;2;244;167;111m[48;2;0;0;0m▀[0m[38;2;0;0;0m[48;2;255;73;58m▀[0m[38;2;241;39;61m[48;2;255;73;58m▀[0m[38;2;65;65;65m[48;2;241;39;61m▀[0m[38;2;65;65;65m[48;2;0;0;0m▀[0m[38;2;0;0;0m[48;2;244;167;111m▀[0m[38;2;244;167;111m[48;2;244;167;111m▀[0m[38;2;244;167;111m[48;2;244;167;111m▀[0m[38;2;255;255;255m[48;2;255;202;163m▀[0m[38;2;244;167;111m[48;2;255;255;255m▀[0m[38;2;244;167;111m▄     
  [38;2;244;167;111m▄[38;2;244;167;111m[48;2;255;202;163m▀[0m[38;2;244;167;111m[48;2;255;255;255m▀[0m[38;2;255;202;163m[48;2;255;255;255m▀[0m[38;2;255;255;255m[48;2;255;202;163m▀[0m[38;2;255;255;255m[48;2;255;202;163m▀[0m[38;2;255;255;255m[48;2;244;167;111m▀[0m[38;2;244;167;111m[48;2;244;167;111m▀[0m[38;2;244;167;111m▄  [38;2;244;167;111m▀[38;2;0;0;0m[48;2;244;167;111m▀[0m[38;2;202;45;86m[48;2;0;0;0m▀[0m[38;2;241;39;61m[48;2;0;0;0m▀[0m[38;2;202;45;86m[48;2;0;0;0m▀[0m[38;2;0;0;0m[48;2;244;167;111m▀[0m[38;2;244;167;111m[48;2;244;167;111m▀[0m [38;2;244;167;111m▄[38;2;244;167;111m[48;2;244;167;111m▀[0m[38;2;255;202;163m[48;2;244;167;111m▀[0m[38;2;255;255;255m[48;2;255;202;163m▀[0m[38;2;244;167;111m[48;2;255;202;163m▀[0m[38;2;244;167;111m[48;2;244;167;111m▀[0m[38;2;244;167;111m▄  
 [38;2;244;167;111m▀[38;2;244;167;111m▀[38;2;244;167;111m▀[38;2;244;167;111m▀[38;2;244;167;111m▀[38;2;244;167;111m▀[38;2;244;167;111m▀       [38;2;244;167;111m[48;2;244;167;111m▀[0m[38;2;244;167;111m[48;2;244;167;111m▀[0m[38;2;244;167;111m[48;2;244;167;111m▀[0m[38;2;244;167;111m▀ [38;2;244;167;111m[48;2;244;167;111m▀[0m[38;2;255;202;163m[48;2;255;255;255m▀[0m[38;2;255;202;163m[48;2;255;255;255m▀[0m[38;2;255;255;255m[48;2;255;255;255m▀[0m[38;2;244;167;111m[48;2;255;202;163m▀[0m[38;2;244;167;111m▄    
                [38;2;244;167;111m[48;2;244;167;111m▀[0m    [38;2;244;167;111m▀[38;2;255;202;163m[48;2;244;167;111m▀[0m[38;2;255;255;255m[48;2;244;167;111m▀[0m[38;2;255;255;255m[48;2;255;202;163m▀[0m[38;2;244;167;111m[48;2;255;255;255m▀[0m[38;2;244;167;111m▄   
                        [38;2;244;167;111m▀[38;2;255;202;163m[48;2;244;167;111m▀[0m[38;2;255;255;255m[48;2;244;167;111m▀[0m[38;2;244;167;111m[48;2;244;167;111m▀[0m  
                                [38;2;244;167;111m▀[38;2;244;167;111m▀      
                                     [0m                                     