            [38;2;0;4;0m▄[38;2;0;4;0m[48;2;152;121;0m▀[0m[38;2;0;4;0m▄                  
           [38;2;0;4;0m▄[38;2;0;4;0m[48;2;152;121;0m▀[0m[38;2;152;121;0m[48;2;152;121;0m▀[0m[38;2;0;4;0m[48;2;0;4;0m▀[0m              [38;2;0;4;0m▄[38;2;0;4;0m▄  
           [38;2;0;4;0m[48;2;0;4;0m▀[0m[38;2;152;121;0m[48;2;152;121;0m▀[0m[38;2;152;121;0m[48;2;152;121;0m▀[0m[38;2;0;4;0m[48;2;152;121;0m▀[0m[38;2;0;4;0m▄[38;2;0;4;0m▄[38;2;0;4;0m▄[38;2;0;4;0m▄        [38;2;0;4;0m▄[38;2;0;4;0m[48;2;186;155;44m▀[0m[38;2;186;155;44m[48;2;186;155;44m▀[0m[38;2;0;4;0m[48;2;0;4;0m▀[0m  
          [38;2;0;4;0m[48;2;0;4;0m▀[0m[38;2;152;121;0m[48;2;152;121;0m▀[0m[38;2;163;132;0m[48;2;82;77;66m▀[0m[38;2;82;77;66m[48;2;191;160;51m▀[0m[38;2;82;77;74m[48;2;202;171;66m▀[0m[38;2;202;171;66m[48;2;138;107;0m▀[0m[38;2;138;107;0m[48;2;186;155;44m▀[0m[38;2;138;107;0m[48;2;186;155;44m▀[0m[38;2;186;155;44m[48;2;186;155;44m▀[0m[38;2;0;4;0m[48;2;186;155;44m▀[0m[38;2;0;4;0m▄[38;2;0;4;0m▄   [38;2;0;4;0m▄[38;2;0;4;0m[48;2;186;155;44m▀[0m[38;2;186;155;44m[48;2;186;155;44m▀[0m[38;2;186;155;44m[48;2;186;155;44m▀[0m[38;2;0;4;0m[48;2;0;4;0m▀[0m   
         [38;2;0;4;0m▄[38;2;8;8;8m[48;2;151;120;0m▀[0m[38;2;151;120;0m[48;2;208;177;73m▀[0m[38;2;201;170;65m[48;2;201;170;65m▀[0m[38;2;201;170;65m[48;2;138;107;0m▀[0m[38;2;138;107;0m[48;2;186;155;44m▀[0m[38;2;186;155;44m[48;2;186;155;44m▀[0m[38;2;186;155;44m[48;2;186;155;44m▀[0m[38;2;186;155;44m[48;2;186;155;44m▀[0m[38;2;186;155;44m[48;2;186;155;44m▀[0m[38;2;186;155;44m[48;2;186;155;44m▀[0m[38;2;187;156;46m[48;2;187;156;46m▀[0m[38;2;152;121;0m[48;2;187;156;46m▀[0m[38;2;0;4;0m[48;2;186;155;44m▀[0m[38;2;0;4;0m▄[38;2;0;8;0m[48;2;135;104;0m▀[0m[38;2;186;155;44m[48;2;186;155;44m▀[0m[38;2;186;155;44m[48;2;186;155;44m▀[0m[38;2;186;155;44m[48;2;186;155;44m▀[0m[38;2;0;4;0m[48;2;0;4;0m▀[0m [38;2;0;4;0m▄[38;2;0;4;0m▄ 
        [38;2;0;8;8m[48;2;0;8;8m▀[0m[38;2;247;255;255m[48;2;226;222;170m▀[0m[38;2;138;107;0m[48;2;138;107;0m▀[0m[38;2;201;170;65m[48;2;201;170;65m▀[0m[38;2;194;163;56m[48;2;118;88;0m▀[0m[38;2;144;113;0m[48;2;194;163;56m▀[0m[38;2;186;155;44m[48;2;186;155;44m▀[0m[38;2;186;155;44m[48;2;138;107;0m▀[0m[38;2;138;107;0m[48;2;255;255;255m▀[0m[38;2;138;107;0m[48;2;255;255;255m▀[0m[38;2;141;110;0m[48;2;141;110;0m▀[0m[38;2;186;155;44m[48;2;118;88;0m▀[0m[38;2;186;155;44m[48;2;186;155;44m▀[0m[38;2;186;155;44m[48;2;186;155;44m▀[0m[38;2;186;155;44m[48;2;138;107;0m▀[0m[38;2;138;107;0m[48;2;186;155;44m▀[0m[38;2;186;155;44m[48;2;186;155;44m▀[0m[38;2;186;155;44m[48;2;186;155;44m▀[0m[38;2;186;155;44m[48;2;186;155;44m▀[0m[38;2;66;65;66m[48;2;66;65;66m▀[0m[38;2;0;4;0m[48;2;186;155;44m▀[0m[38;2;0;4;0m[48;2;186;155;44m▀[0m[38;2;186;155;44m[48;2;0;4;0m▀[0m[38;2;0;4;0m▀ 
        [38;2;0;8;0m[48;2;0;8;0m▀[0m[38;2;241;239;200m[48;2;197;191;120m▀[0m[38;2;120;90;0m[48;2;120;90;0m▀[0m[38;2;194;163;56m[48;2;194;163;56m▀[0m[38;2;122;91;0m[48;2;186;155;44m▀[0m[38;2;186;155;44m[48;2;186;155;44m▀[0m[38;2;137;131;75m[48;2;137;131;75m▀[0m[38;2;255;255;255m[48;2;191;185;112m▀[0m[38;2;199;193;123m[48;2;240;237;196m▀[0m[38;2;199;193;123m[48;2;240;237;196m▀[0m[38;2;237;233;190m[48;2;188;182;107m▀[0m[38;2;188;182;107m[48;2;247;255;255m▀[0m[38;2;122;91;0m[48;2;122;91;0m▀[0m[38;2;186;155;44m[48;2;186;155;44m▀[0m[38;2;186;155;44m[48;2;186;155;44m▀[0m[38;2;186;155;44m[48;2;186;155;44m▀[0m[38;2;186;155;44m[48;2;186;155;44m▀[0m[38;2;186;155;44m[48;2;186;155;44m▀[0m[38;2;186;155;44m[48;2;186;155;44m▀[0m[38;2;186;155;44m[48;2;186;155;44m▀[0m[38;2;186;155;44m[48;2;0;4;0m▀[0m[38;2;0;4;0m▀   
   [38;2;0;4;0m▄[38;2;0;4;0m▄[38;2;0;4;0m▄[38;2;0;4;0m[48;2;152;121;0m▀[0m[38;2;0;4;0m[48;2;152;121;0m▀[0m[38;2;66;65;66m[48;2;152;121;0m▀[0m[38;2;66;65;66m[48;2;66;65;66m▀[0m[38;2;152;121;0m[48;2;152;121;0m▀[0m[38;2;122;91;0m[48;2;122;91;0m▀[0m[38;2;187;156;46m[48;2;152;121;0m▀[0m[38;2;187;156;46m[48;2;152;121;0m▀[0m[38;2;119;89;0m[48;2;188;157;47m▀[0m[38;2;240;237;196m[48;2;119;89;0m▀[0m[38;2;240;237;197m[48;2;240;237;197m▀[0m[38;2;240;237;197m[48;2;240;237;197m▀[0m[38;2;239;236;194m[48;2;203;198;131m▀[0m[38;2;203;198;131m[48;2;145;137;54m▀[0m[38;2;119;89;0m[48;2;152;121;0m▀[0m[38;2;185;154;43m[48;2;152;121;0m▀[0m[38;2;185;154;43m[48;2;155;124;0m▀[0m[38;2;185;154;43m[48;2;66;65;66m▀[0m[38;2;186;155;44m[48;2;186;155;44m▀[0m[38;2;186;155;44m[48;2;186;155;44m▀[0m[38;2;186;155;44m[48;2;0;4;0m▀[0m[38;2;0;4;0m▀ [38;2;0;4;0m▄[38;2;0;4;0m▄  
 [38;2;0;4;0m▄[38;2;0;4;0m[48;2;152;121;0m▀[0m[38;2;152;121;0m[48;2;152;121;0m▀[0m[38;2;152;121;0m[48;2;66;65;66m▀[0m[38;2;152;121;0m[48;2;66;65;66m▀[0m[38;2;152;121;0m[48;2;152;121;0m▀[0m[38;2;152;121;0m[48;2;152;121;0m▀[0m[38;2;152;121;0m[48;2;152;121;0m▀[0m[38;2;152;121;0m[48;2;0;4;0m▀[0m[38;2;49;49;60m[48;2;8;16;0m▀[0m[38;2;117;87;0m[48;2;158;127;0m▀[0m[38;2;152;121;0m[48;2;122;91;0m▀[0m[38;2;152;121;0m[48;2;152;121;0m▀[0m[38;2;152;121;0m[48;2;152;121;0m▀[0m[38;2;152;121;0m[48;2;152;121;0m▀[0m[38;2;122;91;0m[48;2;152;121;0m▀[0m[38;2;122;91;0m[48;2;152;121;0m▀[0m[38;2;122;91;0m[48;2;152;121;0m▀[0m[38;2;152;121;0m[48;2;152;121;0m▀[0m[38;2;151;120;0m[48;2;151;120;0m▀[0m[38;2;151;120;0m[48;2;108;78;0m▀[0m[38;2;71;68;68m[48;2;71;68;68m▀[0m[38;2;71;68;68m[48;2;152;121;0m▀[0m[38;2;66;65;66m[48;2;152;121;0m▀[0m[38;2;66;65;66m[48;2;152;121;0m▀[0m[38;2;144;113;0m[48;2;144;113;0m▀[0m[38;2;8;8;8m[48;2;198;167;61m▀[0m[38;2;8;12;0m[48;2;154;123;0m▀[0m[38;2;154;123;0m[48;2;93;65;0m▀[0m[38;2;152;121;0m[48;2;0;4;0m▀[0m[38;2;0;4;0m▀ 
  [38;2;0;4;0m▀[38;2;66;64;66m[48;2;0;4;0m▀[0m[38;2;66;65;66m[48;2;152;121;0m▀[0m[38;2;152;121;0m[48;2;152;121;0m▀[0m[38;2;152;121;0m[48;2;0;4;0m▀[0m[38;2;0;4;0m▀[38;2;0;4;0m▀  [38;2;0;4;0m▀[38;2;0;4;0m▀[38;2;152;121;0m[48;2;0;4;0m▀[0m[38;2;152;121;0m[48;2;0;4;0m▀[0m[38;2;152;121;0m[48;2;0;4;0m▀[0m[38;2;152;121;0m[48;2;0;4;0m▀[0m[38;2;0;4;0m▀[38;2;0;4;0m▀[38;2;66;64;66m[48;2;0;4;0m▀[0m[38;2;104;74;0m[48;2;152;121;0m▀[0m[38;2;62;106;55m[48;2;62;106;55m▀[0m[38;2;58;212;42m[48;2;58;212;42m▀[0m[38;2;152;121;0m[48;2;58;212;42m▀[0m[38;2;66;65;66m[48;2;152;121;0m▀[0m[38;2;66;65;66m[48;2;66;65;66m▀[0m[38;2;186;155;44m[48;2;66;65;66m▀[0m[38;2;186;155;44m[48;2;186;155;44m▀[0m[38;2;185;154;43m[48;2;185;154;43m▀[0m[38;2;155;124;0m[48;2;66;65;66m▀[0m[38;2;152;121;0m[48;2;0;4;0m▀[0m[38;2;0;4;0m▀ 
    [38;2;0;4;0m▀[38;2;0;4;0m▀              [38;2;16;4;0m[48;2;16;4;0m▀[0m[38;2;108;106;71m[48;2;194;163;56m▀[0m[38;2;165;209;117m[48;2;66;65;66m▀[0m[38;2;66;65;66m[48;2;178;147;31m▀[0m[38;2;66;65;66m[48;2;140;109;0m▀[0m[38;2;66;65;66m[48;2;186;155;44m▀[0m[38;2;186;155;44m[48;2;186;155;44m▀[0m[38;2;186;155;44m[48;2;186;155;44m▀[0m[38;2;186;155;44m[48;2;186;155;44m▀[0m[38;2;0;4;0m[48;2;0;4;0m▀[0m   
                [38;2;0;4;0m▄[38;2;0;4;0m▄[38;2;0;4;0m[48;2;152;121;0m▀[0m[38;2;0;4;0m[48;2;152;121;0m▀[0m[38;2;187;156;46m[48;2;152;121;0m▀[0m[38;2;187;156;46m[48;2;187;156;46m▀[0m[38;2;66;65;66m[48;2;66;65;66m▀[0m[38;2;138;107;0m[48;2;138;107;0m▀[0m[38;2;186;155;44m[48;2;186;155;44m▀[0m[38;2;186;155;44m[48;2;138;107;0m▀[0m[38;2;186;155;44m[48;2;186;155;44m▀[0m[38;2;186;155;44m[48;2;66;65;66m▀[0m[38;2;0;4;0m[48;2;0;4;0m▀[0m    
               [38;2;0;4;0m[48;2;0;4;0m▀[0m[38;2;152;121;0m[48;2;152;121;0m▀[0m[38;2;152;121;0m[48;2;152;121;0m▀[0m[38;2;152;121;0m[48;2;152;121;0m▀[0m[38;2;152;121;0m[48;2;0;4;0m▀[0m[38;2;0;4;0m▀[38;2;0;4;0m▀[38;2;189;158;49m[48;2;0;8;0m▀[0m[38;2;78;54;0m[48;2;0;8;0m▀[0m[38;2;66;65;66m[48;2;186;155;44m▀[0m[38;2;66;65;66m[48;2;186;155;44m▀[0m[38;2;189;158;49m[48;2;78;54;0m▀[0m[38;2;0;8;0m[48;2;0;8;0m▀[0m     
               [38;2;0;4;0m▄[38;2;0;8;0m[48;2;150;119;0m▀[0m[38;2;150;119;0m[48;2;88;61;0m▀[0m[38;2;152;121;0m[48;2;152;121;0m▀[0m[38;2;152;121;0m[48;2;0;4;0m▀[0m[38;2;0;4;0m▀  [38;2;0;4;0m▀[38;2;82;57;0m[48;2;8;12;0m▀[0m[38;2;189;158;49m[48;2;189;158;49m▀[0m[38;2;186;155;44m[48;2;186;155;44m▀[0m[38;2;0;4;0m[48;2;186;155;44m▀[0m[38;2;0;4;0m▄    
                [38;2;0;4;0m▀[38;2;0;4;0m▀[38;2;0;4;0m▀    [38;2;0;4;0m▀[38;2;189;158;49m[48;2;0;8;0m▀[0m[38;2;78;54;0m[48;2;0;8;0m▀[0m[38;2;189;158;49m[48;2;0;8;0m▀[0m[38;2;78;54;0m[48;2;0;8;0m▀[0m[38;2;186;155;44m[48;2;0;4;0m▀[0m[38;2;0;4;0m▀   
                                     [0m                                     