    [38;2;0;0;0m▄[38;2;0;0;0m[48;2;67;177;52m▀[0m[38;2;0;0;0m▄             [38;2;0;0;0m▄                     
    [38;2;0;0;0m[48;2;0;0;0m▀[0m[38;2;67;177;52m[48;2;67;177;52m▀[0m[38;2;67;177;52m[48;2;67;177;52m▀[0m[38;2;0;0;0m[48;2;0;0;0m▀[0m     [38;2;0;0;0m▄[38;2;0;0;0m▄[38;2;0;0;0m[48;2;249;146;69m▀[0m[38;2;0;0;0m[48;2;249;146;69m▀[0m[38;2;0;0;0m[48;2;166;134;136m▀[0m[38;2;0;0;0m▄[38;2;0;0;0m[48;2;94;219;67m▀[0m[38;2;111;208;79m[48;2;81;168;63m▀[0m[38;2;0;0;0m[48;2;0;0;0m▀[0m   [38;2;0;0;0m▄[38;2;0;0;0m▄[38;2;0;0;0m[48;2;253;145;67m▀[0m[38;2;0;0;0m[48;2;253;145;67m▀[0m[38;2;0;0;0m[48;2;253;145;67m▀[0m[38;2;0;0;0m[48;2;253;145;67m▀[0m[38;2;0;0;0m[48;2;81;53;36m▀[0m[38;2;4;16;0m▄[38;2;0;0;0m▄[38;2;0;0;0m▄[38;2;0;0;0m▄      
     [38;2;0;0;0m[48;2;8;4;0m▀[0m[38;2;67;177;52m[48;2;74;171;66m▀[0m[38;2;73;173;56m[48;2;59;138;33m▀[0m[38;2;0;0;0m[48;2;92;105;110m▀[0m[38;2;0;0;0m▄[38;2;0;0;0m▄ [38;2;0;0;0m▀[38;2;249;151;69m[48;2;0;0;0m▀[0m[38;2;249;151;69m[48;2;65;64;65m▀[0m[38;2;249;146;69m[48;2;137;128;133m▀[0m[38;2;249;146;69m[48;2;85;73;53m▀[0m[38;2;83;67;69m[48;2;106;213;81m▀[0m[38;2;166;134;136m[48;2;67;177;52m▀[0m[38;2;81;168;63m[48;2;64;105;58m▀[0m[38;2;57;66;55m[48;2;64;105;58m▀[0m[38;2;0;0;0m[48;2;249;151;69m▀[0m[38;2;0;0;0m▄ [38;2;0;0;0m▀[38;2;249;151;69m[48;2;0;0;0m▀[0m[38;2;249;151;69m[48;2;0;0;0m▀[0m[38;2;206;89;42m[48;2;206;89;42m▀[0m[38;2;206;89;42m[48;2;206;89;42m▀[0m[38;2;206;89;42m[48;2;206;88;45m▀[0m[38;2;206;89;42m[48;2;206;88;45m▀[0m[38;2;248;147;74m[48;2;206;88;45m▀[0m[38;2;248;147;74m[48;2;206;88;45m▀[0m[38;2;249;151;69m[48;2;206;88;45m▀[0m[38;2;249;151;69m[48;2;206;88;45m▀[0m[38;2;65;64;65m[48;2;253;145;67m▀[0m[38;2;0;0;0m[48;2;253;145;67m▀[0m[38;2;0;0;0m[48;2;79;63;45m▀[0m[38;2;9;24;0m▄   
    [38;2;0;0;0m▄[38;2;8;4;0m[48;2;206;89;42m▀[0m[38;2;40;85;38m[48;2;206;89;42m▀[0m[38;2;197;88;39m[48;2;135;237;112m▀[0m[38;2;197;88;39m[48;2;135;237;112m▀[0m[38;2;206;89;42m[48;2;176;208;196m▀[0m[38;2;206;89;42m[48;2;94;72;51m▀[0m[38;2;0;0;0m[48;2;253;145;67m▀[0m[38;2;0;0;0m[48;2;253;145;67m▀[0m[38;2;65;64;65m[48;2;137;128;133m▀[0m[38;2;65;64;65m[48;2;85;73;53m▀[0m[38;2;85;73;53m[48;2;106;213;81m▀[0m[38;2;164;161;172m[48;2;106;213;81m▀[0m[38;2;67;177;52m[48;2;67;177;52m▀[0m[38;2;67;177;52m[48;2;67;177;52m▀[0m[38;2;64;105;58m[48;2;65;64;65m▀[0m[38;2;249;151;69m[48;2;249;151;69m▀[0m[38;2;249;151;69m[48;2;249;146;69m▀[0m[38;2;249;151;69m[48;2;249;146;69m▀[0m[38;2;0;0;0m[48;2;249;151;69m▀[0m[38;2;0;0;0m▄  [38;2;0;0;0m▀[38;2;206;89;42m[48;2;0;0;0m▀[0m[38;2;206;88;45m[48;2;206;89;42m▀[0m[38;2;206;88;45m[48;2;206;89;42m▀[0m[38;2;206;88;45m[48;2;206;88;45m▀[0m[38;2;206;88;45m[48;2;206;88;45m▀[0m[38;2;206;88;45m[48;2;206;88;45m▀[0m[38;2;206;88;45m[48;2;206;88;45m▀[0m[38;2;206;89;42m[48;2;206;88;45m▀[0m[38;2;206;89;42m[48;2;206;88;45m▀[0m[38;2;247;150;83m[48;2;206;89;42m▀[0m[38;2;79;63;45m[48;2;253;145;67m▀[0m[38;2;0;0;0m[48;2;0;0;0m▀[0m  
   [38;2;0;0;0m[48;2;0;0;0m▀[0m[38;2;168;110;51m[48;2;111;208;79m▀[0m[38;2;121;224;96m[48;2;135;237;112m▀[0m[38;2;121;224;96m[48;2;135;237;112m▀[0m[38;2;135;237;112m[48;2;142;168;138m▀[0m[38;2;135;237;112m[48;2;54;77;61m▀[0m[38;2;94;72;51m[48;2;134;95;75m▀[0m[38;2;135;124;129m[48;2;134;95;75m▀[0m[38;2;206;89;42m[48;2;255;255;255m▀[0m[38;2;206;89;42m[48;2;73;173;56m▀[0m[38;2;85;73;53m[48;2;105;210;78m▀[0m[38;2;164;161;172m[48;2;105;210;78m▀[0m[38;2;106;213;81m[48;2;58;183;55m▀[0m[38;2;67;177;52m[48;2;58;183;55m▀[0m[38;2;67;177;52m[48;2;67;177;52m▀[0m[38;2;65;64;65m[48;2;65;64;65m▀[0m[38;2;249;151;69m[48;2;249;151;69m▀[0m[38;2;249;151;69m[48;2;249;151;69m▀[0m[38;2;249;146;69m[48;2;249;151;69m▀[0m[38;2;249;146;69m[48;2;249;151;69m▀[0m[38;2;249;151;69m[48;2;249;146;69m▀[0m[38;2;0;0;0m[48;2;249;146;69m▀[0m[38;2;0;0;0m▄  [38;2;0;0;0m▄[38;2;0;0;0m[48;2;65;64;65m▀[0m[38;2;206;89;42m[48;2;206;89;42m▀[0m[38;2;206;88;45m[48;2;206;88;45m▀[0m[38;2;206;88;45m[48;2;206;88;45m▀[0m[38;2;206;88;45m[48;2;206;88;45m▀[0m[38;2;206;88;45m[48;2;206;88;45m▀[0m[38;2;206;88;45m[48;2;206;88;45m▀[0m[38;2;206;88;45m[48;2;206;88;45m▀[0m[38;2;206;89;42m[48;2;206;88;45m▀[0m[38;2;206;89;42m[48;2;206;88;45m▀[0m[38;2;206;89;42m[48;2;206;89;42m▀[0m[38;2;0;0;0m[48;2;0;0;0m▀[0m 
 [38;2;0;0;0m▄[38;2;0;0;0m[48;2;111;208;79m▀[0m[38;2;111;208;79m[48;2;107;210;78m▀[0m[38;2;111;208;79m[48;2;107;210;78m▀[0m[38;2;105;210;78m[48;2;105;210;78m▀[0m[38;2;105;210;78m[48;2;105;210;78m▀[0m[38;2;54;77;61m[48;2;105;210;78m▀[0m[38;2;237;255;230m[48;2;105;210;78m▀[0m[38;2;65;26;0m[48;2;105;210;78m▀[0m[38;2;255;246;255m[48;2;105;210;78m▀[0m[38;2;255;255;255m[48;2;105;210;78m▀[0m[38;2;73;173;56m[48;2;105;210;78m▀[0m[38;2;105;210;78m[48;2;105;210;78m▀[0m[38;2;105;210;78m[48;2;105;210;78m▀[0m[38;2;111;208;79m[48;2;105;210;78m▀[0m[38;2;38;150;118m[48;2;105;210;78m▀[0m[38;2;65;64;65m[48;2;106;213;81m▀[0m[38;2;65;64;65m[48;2;106;213;81m▀[0m[38;2;65;64;65m[48;2;107;210;78m▀[0m[38;2;65;64;65m[48;2;107;210;78m▀[0m[38;2;65;64;65m[48;2;127;222;105m▀[0m[38;2;65;64;65m[48;2;127;222;105m▀[0m[38;2;249;146;69m[48;2;0;0;0m▀[0m[38;2;249;146;69m[48;2;0;0;0m▀[0m[38;2;0;0;0m▀ [38;2;0;0;0m▄[38;2;0;0;0m[48;2;206;89;42m▀[0m[38;2;206;89;42m[48;2;206;89;42m▀[0m[38;2;206;89;42m[48;2;206;89;42m▀[0m[38;2;206;88;45m[48;2;206;89;42m▀[0m[38;2;206;88;45m[48;2;0;0;0m▀[0m[38;2;206;88;45m[48;2;0;0;0m▀[0m[38;2;206;88;45m[48;2;0;0;0m▀[0m[38;2;206;88;45m[48;2;0;0;0m▀[0m[38;2;206;88;45m[48;2;206;89;42m▀[0m[38;2;206;88;45m[48;2;206;89;42m▀[0m[38;2;206;88;45m[48;2;206;89;42m▀[0m[38;2;206;89;42m[48;2;0;0;0m▀[0m[38;2;0;0;0m▀ 
 [38;2;0;0;0m▀[38;2;111;208;79m[48;2;0;0;0m▀[0m[38;2;65;64;65m[48;2;113;139;111m▀[0m[38;2;107;210;78m[48;2;113;139;111m▀[0m[38;2;105;210;78m[48;2;65;64;65m▀[0m[38;2;105;210;78m[48;2;65;64;65m▀[0m[38;2;105;210;78m[48;2;65;64;65m▀[0m[38;2;105;210;78m[48;2;65;64;65m▀[0m[38;2;105;210;78m[48;2;28;78;74m▀[0m[38;2;105;210;78m[48;2;97;137;132m▀[0m[38;2;105;210;78m[48;2;65;60;65m▀[0m[38;2;105;210;78m[48;2;65;60;65m▀[0m[38;2;105;210;78m[48;2;107;210;78m▀[0m[38;2;105;210;78m[48;2;107;210;78m▀[0m[38;2;105;210;78m[48;2;64;146;67m▀[0m[38;2;105;210;78m[48;2;57;56;74m▀[0m[38;2;67;177;52m[48;2;65;64;65m▀[0m[38;2;67;177;52m[48;2;65;64;65m▀[0m[38;2;65;64;65m[48;2;95;80;76m▀[0m[38;2;65;64;65m[48;2;124;81;39m▀[0m[38;2;47;72;41m[48;2;157;112;70m▀[0m[38;2;8;4;0m[48;2;4;16;0m▀[0m [38;2;0;0;0m▄[38;2;0;0;0m[48;2;206;89;42m▀[0m[38;2;0;0;0m[48;2;206;89;42m▀[0m[38;2;206;89;42m[48;2;65;64;65m▀[0m[38;2;206;89;42m[48;2;65;64;65m▀[0m[38;2;206;89;42m[48;2;0;0;0m▀[0m[38;2;0;0;0m▀[38;2;0;0;0m▀    [38;2;0;0;0m▀[38;2;0;0;0m▀[38;2;206;89;42m[48;2;0;0;0m▀[0m[38;2;0;0;0m▀  
   [38;2;0;16;13m▀[38;2;237;255;230m[48;2;0;0;0m▀[0m[38;2;255;255;255m[48;2;44;79;43m▀[0m[38;2;255;255;255m[48;2;243;255;238m▀[0m[38;2;255;255;255m[48;2;255;255;255m▀[0m[38;2;255;255;255m[48;2;169;169;169m▀[0m[38;2;238;255;254m[48;2;171;183;190m▀[0m[38;2;166;197;190m[48;2;171;183;190m▀[0m[38;2;172;174;189m[48;2;0;0;0m▀[0m[38;2;101;98;106m[48;2;168;110;51m▀[0m[38;2;65;64;65m[48;2;165;93;49m▀[0m[38;2;107;210;78m[48;2;65;64;57m▀[0m[38;2;93;215;74m[48;2;107;210;78m▀[0m[38;2;93;215;74m[48;2;107;210;78m▀[0m[38;2;107;210;78m[48;2;107;210;78m▀[0m[38;2;65;64;65m[48;2;65;64;65m▀[0m[38;2;52;169;28m[48;2;67;177;52m▀[0m[38;2;95;80;76m[48;2;67;177;52m▀[0m[38;2;77;60;44m[48;2;65;64;65m▀[0m[38;2;77;60;44m[48;2;107;210;78m▀[0m[38;2;0;0;0m[48;2;105;210;78m▀[0m[38;2;65;64;65m[48;2;105;210;78m▀[0m[38;2;65;64;65m[48;2;105;210;78m▀[0m[38;2;65;64;65m[48;2;105;210;78m▀[0m[38;2;65;64;65m[48;2;105;210;78m▀[0m[38;2;0;0;0m[48;2;105;210;78m▀[0m[38;2;0;0;0m▄[38;2;0;0;0m▄[38;2;0;0;0m▄  [38;2;0;0;0m▄[38;2;0;0;0m▄[38;2;0;0;0m▄[38;2;0;0;0m▄[38;2;0;0;0m▄   
    [38;2;0;0;0m▀[38;2;110;138;107m[48;2;0;0;0m▀[0m[38;2;44;79;43m[48;2;0;0;0m▀[0m[38;2;0;0;0m▀[38;2;0;0;0m▀[38;2;0;0;0m▀[38;2;0;0;0m▀ [38;2;0;0;0m[48;2;0;0;0m▀[0m[38;2;165;93;49m[48;2;110;210;82m▀[0m[38;2;215;103;41m[48;2;168;110;51m▀[0m[38;2;65;64;65m[48;2;206;83;43m▀[0m[38;2;65;64;65m[48;2;206;83;43m▀[0m[38;2;107;210;78m[48;2;65;64;65m▀[0m[38;2;107;210;78m[48;2;107;210;78m▀[0m[38;2;65;64;65m[48;2;65;64;65m▀[0m[38;2;67;177;52m[48;2;107;210;78m▀[0m[38;2;107;210;78m[48;2;105;210;78m▀[0m[38;2;107;210;78m[48;2;105;210;78m▀[0m[38;2;105;210;78m[48;2;105;210;78m▀[0m[38;2;105;210;78m[48;2;105;210;78m▀[0m[38;2;105;210;78m[48;2;105;210;78m▀[0m[38;2;105;210;78m[48;2;105;210;78m▀[0m[38;2;105;210;78m[48;2;105;210;78m▀[0m[38;2;105;210;78m[48;2;105;210;78m▀[0m[38;2;111;208;79m[48;2;105;210;78m▀[0m[38;2;111;208;79m[48;2;105;210;78m▀[0m[38;2;111;208;79m[48;2;106;213;81m▀[0m[38;2;0;0;0m[48;2;106;213;81m▀[0m[38;2;0;0;0m[48;2;67;177;52m▀[0m[38;2;73;173;56m[48;2;65;64;65m▀[0m[38;2;67;177;52m[48;2;65;64;65m▀[0m[38;2;67;177;52m[48;2;67;177;52m▀[0m[38;2;67;177;52m[48;2;67;177;52m▀[0m[38;2;67;177;52m[48;2;67;177;52m▀[0m[38;2;0;0;0m[48;2;122;135;140m▀[0m[38;2;8;4;0m▄ 
          [38;2;0;0;0m▄[38;2;0;0;0m[48;2;67;177;52m▀[0m[38;2;111;208;79m[48;2;67;177;52m▀[0m[38;2;110;210;82m[48;2;107;210;78m▀[0m[38;2;110;210;82m[48;2;107;210;78m▀[0m[38;2;168;110;51m[48;2;105;210;78m▀[0m[38;2;168;110;51m[48;2;105;210;78m▀[0m[38;2;107;210;78m[48;2;105;210;78m▀[0m[38;2;65;64;65m[48;2;105;210;78m▀[0m[38;2;107;210;78m[48;2;107;210;78m▀[0m[38;2;107;210;78m[48;2;107;210;78m▀[0m[38;2;105;210;78m[48;2;107;210;78m▀[0m[38;2;105;210;78m[48;2;107;210;78m▀[0m[38;2;105;210;78m[48;2;105;210;78m▀[0m[38;2;105;210;78m[48;2;105;210;78m▀[0m[38;2;105;210;78m[48;2;105;210;78m▀[0m[38;2;105;210;78m[48;2;105;210;78m▀[0m[38;2;105;210;78m[48;2;107;210;78m▀[0m[38;2;105;210;78m[48;2;107;210;78m▀[0m[38;2;105;210;78m[48;2;106;213;81m▀[0m[38;2;105;210;78m[48;2;106;213;81m▀[0m[38;2;106;213;81m[48;2;65;178;49m▀[0m[38;2;67;177;52m[48;2;65;178;49m▀[0m[38;2;67;177;52m[48;2;67;177;52m▀[0m[38;2;67;177;52m[48;2;67;177;52m▀[0m[38;2;67;177;52m[48;2;67;177;52m▀[0m[38;2;65;64;65m[48;2;65;64;65m▀[0m[38;2;67;177;52m[48;2;167;113;60m▀[0m[38;2;67;177;52m[48;2;167;113;60m▀[0m[38;2;84;86;93m[48;2;0;0;0m▀[0m[38;2;8;4;0m▀ 
         [38;2;0;0;0m▄[38;2;0;0;0m[48;2;67;177;52m▀[0m[38;2;67;177;52m[48;2;67;177;52m▀[0m[38;2;67;177;52m[48;2;65;64;65m▀[0m[38;2;65;64;65m[48;2;173;191;192m▀[0m[38;2;65;64;65m[48;2;118;129;122m▀[0m[38;2;105;210;78m[48;2;65;64;65m▀[0m[38;2;105;210;78m[48;2;65;64;65m▀[0m[38;2;105;210;78m[48;2;65;64;65m▀[0m[38;2;105;210;78m[48;2;65;64;65m▀[0m[38;2;65;64;65m[48;2;213;214;222m▀[0m[38;2;65;64;65m[48;2;213;214;222m▀[0m[38;2;65;64;65m[48;2;222;222;230m▀[0m[38;2;107;210;78m[48;2;74;68;74m▀[0m[38;2;105;210;78m[48;2;107;210;78m▀[0m[38;2;105;210;78m[48;2;107;210;78m▀[0m[38;2;105;210;78m[48;2;105;210;78m▀[0m[38;2;105;210;78m[48;2;105;210;78m▀[0m[38;2;107;210;78m[48;2;105;210;78m▀[0m[38;2;65;64;65m[48;2;105;210;78m▀[0m[38;2;67;177;52m[48;2;54;77;61m▀[0m[38;2;67;177;52m[48;2;100;144;116m▀[0m[38;2;168;110;51m[48;2;65;64;65m▀[0m[38;2;65;178;49m[48;2;168;110;51m▀[0m[38;2;67;177;52m[48;2;67;177;52m▀[0m[38;2;67;177;52m[48;2;67;177;52m▀[0m[38;2;67;177;52m[48;2;67;177;52m▀[0m[38;2;67;177;52m[48;2;67;177;52m▀[0m[38;2;83;62;36m[48;2;0;0;0m▀[0m[38;2;5;12;0m▀   
         [38;2;0;0;0m[48;2;7;17;15m▀[0m[38;2;67;177;52m[48;2;99;149;98m▀[0m[38;2;67;177;52m[48;2;73;173;56m▀[0m[38;2;67;177;52m[48;2;73;173;56m▀[0m[38;2;65;68;65m[48;2;73;173;56m▀[0m[38;2;173;191;192m[48;2;0;0;0m▀[0m[38;2;135;135;139m[48;2;0;0;0m▀[0m[38;2;205;206;213m[48;2;0;0;0m▀[0m[38;2;213;210;213m[48;2;171;183;190m▀[0m[38;2;65;64;65m[48;2;171;183;190m▀[0m[38;2;64;70;74m[48;2;118;139;133m▀[0m[38;2;164;165;172m[48;2;118;139;133m▀[0m[38;2;172;171;178m[48;2;171;183;190m▀[0m[38;2;172;171;178m[48;2;171;183;190m▀[0m[38;2;65;64;65m[48;2;49;81;47m▀[0m[38;2;107;210;78m[48;2;85;167;73m▀[0m[38;2;105;210;78m[48;2;106;213;81m▀[0m[38;2;105;210;78m[48;2;106;213;81m▀[0m[38;2;105;210;78m[48;2;106;213;81m▀[0m[38;2;105;210;78m[48;2;67;177;52m▀[0m[38;2;54;77;61m[48;2;49;81;47m▀[0m[38;2;148;212;176m[48;2;49;81;47m▀[0m[38;2;65;64;65m[48;2;0;0;0m▀[0m[38;2;168;110;51m[48;2;0;0;0m▀[0m[38;2;67;177;52m[48;2;97;144;99m▀[0m[38;2;67;177;52m[48;2;146;214;156m▀[0m[38;2;67;177;52m[48;2;85;91;94m▀[0m[38;2;67;177;52m[48;2;171;183;190m▀[0m[38;2;171;183;190m[48;2;0;0;0m▀[0m[38;2;0;0;0m▀   
        [38;2;0;0;0m▀[38;2;149;215;145m[48;2;0;0;0m▀[0m[38;2;53;83;59m[48;2;0;0;0m▀[0m[38;2;178;180;189m[48;2;0;0;0m▀[0m[38;2;73;173;56m[48;2;0;0;0m▀[0m[38;2;0;0;0m▀   [38;2;0;0;0m▀[38;2;0;0;0m▀[38;2;0;0;0m▀[38;2;0;0;0m▀[38;2;0;0;0m▀[38;2;0;0;0m▀[38;2;16;8;0m▀[38;2;49;81;47m[48;2;0;0;0m▀[0m[38;2;67;177;52m[48;2;113;139;111m▀[0m[38;2;67;177;52m[48;2;113;139;111m▀[0m[38;2;67;177;52m[48;2;104;159;94m▀[0m[38;2;67;177;52m[48;2;104;159;94m▀[0m[38;2;85;167;73m[48;2;255;255;255m▀[0m[38;2;16;8;0m[48;2;0;0;0m▀[0m  [38;2;0;4;0m▀[38;2;0;4;0m▀[38;2;0;0;0m▀[38;2;0;0;0m▀     
                         [38;2;0;16;13m▀[38;2;237;255;230m[48;2;0;0;0m▀[0m[38;2;39;110;29m[48;2;0;0;0m▀[0m[38;2;237;255;230m[48;2;0;0;0m▀[0m[38;2;0;0;0m▀            
                                     [0m                                     