             [38;2;0;0;0m▄[38;2;0;0;0m[48;2;255;219;208m▀[0m[38;2;0;0;0m▄  [38;2;0;0;0m▄              
 [38;2;0;0;0m[48;2;0;0;0m▀[0m[38;2;0;0;0m[48;2;255;219;208m▀[0m[38;2;0;0;0m[48;2;255;219;208m▀[0m[38;2;0;0;0m▄[38;2;0;0;0m▄ [38;2;0;0;0m▄[38;2;0;0;0m▄   [38;2;0;0;0m▄[38;2;0;0;0m[48;2;255;181;159m▀[0m[38;2;255;219;208m[48;2;255;181;159m▀[0m[38;2;0;0;0m[48;2;208;136;111m▀[0m[38;2;0;0;0m▄[38;2;0;0;0m[48;2;0;0;0m▀[0m[38;2;255;219;208m[48;2;255;219;208m▀[0m[38;2;0;0;0m[48;2;0;0;0m▀[0m             
  [38;2;0;0;0m▀[38;2;255;219;208m[48;2;0;0;0m▀[0m[38;2;255;219;208m[48;2;208;136;111m▀[0m[38;2;255;181;159m[48;2;255;219;208m▀[0m[38;2;0;0;0m[48;2;255;219;208m▀[0m[38;2;255;181;159m[48;2;156;95;70m▀[0m[38;2;0;0;0m[48;2;0;0;0m▀[0m[38;2;0;0;0m▄[38;2;0;0;0m[48;2;255;181;159m▀[0m[38;2;0;0;0m[48;2;255;181;159m▀[0m[38;2;156;95;70m[48;2;255;181;159m▀[0m[38;2;156;95;70m[48;2;255;181;159m▀[0m[38;2;208;136;111m[48;2;208;136;111m▀[0m[38;2;255;181;159m[48;2;255;181;159m▀[0m[38;2;255;181;159m[48;2;255;181;159m▀[0m[38;2;156;95;70m[48;2;255;181;159m▀[0m[38;2;255;181;159m[48;2;156;95;70m▀[0m[38;2;208;136;111m[48;2;255;181;159m▀[0m[38;2;0;0;0m[48;2;255;181;159m▀[0m[38;2;0;0;0m▄  [38;2;0;0;0m▄[38;2;0;0;0m[48;2;57;108;169m▀[0m[38;2;0;0;0m[48;2;0;0;0m▀[0m[38;2;0;0;0m▄[38;2;0;0;0m▄[38;2;0;0;0m▄   
   [38;2;0;0;0m▀[38;2;255;181;159m[48;2;0;0;0m▀[0m[38;2;0;0;0m▀[38;2;255;181;159m[48;2;0;0;0m▀[0m[38;2;255;219;208m[48;2;255;181;159m▀[0m[38;2;65;65;65m[48;2;255;181;159m▀[0m[38;2;255;181;159m[48;2;156;95;70m▀[0m[38;2;255;181;159m[48;2;255;181;159m▀[0m[38;2;255;219;208m[48;2;255;219;208m▀[0m[38;2;255;219;208m[48;2;255;219;208m▀[0m[38;2;255;181;159m[48;2;255;181;159m▀[0m[38;2;255;181;159m[48;2;255;181;159m▀[0m[38;2;156;95;70m[48;2;255;181;159m▀[0m[38;2;255;181;159m[48;2;156;95;70m▀[0m[38;2;255;181;159m[48;2;255;181;159m▀[0m[38;2;208;136;111m[48;2;255;181;159m▀[0m[38;2;156;95;70m[48;2;156;95;70m▀[0m[38;2;255;181;159m[48;2;255;181;159m▀[0m[38;2;255;181;159m[48;2;255;181;159m▀[0m[38;2;0;0;0m[48;2;156;95;70m▀[0m[38;2;0;0;0m▄[38;2;0;0;0m[48;2;45;76;121m▀[0m[38;2;57;108;169m[48;2;188;181;116m▀[0m[38;2;188;181;116m[48;2;255;181;159m▀[0m[38;2;255;181;159m[48;2;255;181;159m▀[0m[38;2;255;181;159m[48;2;188;181;116m▀[0m[38;2;0;0;0m[48;2;0;0;0m▀[0m[38;2;0;0;0m▄[38;2;0;0;0m▄ 
 [38;2;0;0;0m[48;2;0;0;0m▀[0m[38;2;0;0;0m[48;2;255;255;255m▀[0m[38;2;0;0;0m[48;2;255;255;255m▀[0m[38;2;0;0;0m▄ [38;2;0;0;0m▄[38;2;0;0;0m[48;2;255;181;159m▀[0m[38;2;255;181;159m[48;2;208;136;111m▀[0m[38;2;255;181;159m[48;2;255;181;159m▀[0m[38;2;255;181;159m[48;2;255;181;159m▀[0m[38;2;255;181;159m[48;2;255;181;159m▀[0m[38;2;255;181;159m[48;2;65;65;65m▀[0m[38;2;255;181;159m[48;2;65;65;65m▀[0m[38;2;255;181;159m[48;2;208;136;111m▀[0m[38;2;255;181;159m[48;2;255;181;159m▀[0m[38;2;156;95;70m[48;2;208;136;111m▀[0m[38;2;208;136;111m[48;2;65;65;65m▀[0m[38;2;255;181;159m[48;2;65;65;65m▀[0m[38;2;208;136;111m[48;2;65;65;65m▀[0m[38;2;156;95;70m[48;2;156;95;70m▀[0m[38;2;255;181;159m[48;2;255;181;159m▀[0m[38;2;255;181;159m[48;2;255;181;159m▀[0m[38;2;65;65;65m[48;2;65;65;65m▀[0m[38;2;57;108;169m[48;2;57;108;169m▀[0m[38;2;255;181;159m[48;2;57;108;169m▀[0m[38;2;255;181;159m[48;2;57;108;169m▀[0m[38;2;188;181;116m[48;2;57;108;169m▀[0m[38;2;57;108;169m[48;2;45;76;121m▀[0m[38;2;57;108;169m[48;2;0;0;0m▀[0m[38;2;57;108;169m[48;2;0;0;0m▀[0m[38;2;0;0;0m▀ 
  [38;2;0;0;0m▀[38;2;255;255;255m[48;2;0;0;0m▀[0m[38;2;255;255;255m[48;2;193;191;160m▀[0m[38;2;0;0;0m[48;2;255;255;255m▀[0m[38;2;0;0;0m[48;2;255;255;255m▀[0m[38;2;255;181;159m[48;2;65;65;65m▀[0m[38;2;255;181;159m[48;2;208;136;111m▀[0m[38;2;255;181;159m[48;2;208;136;111m▀[0m[38;2;255;181;159m[48;2;247;99;82m▀[0m[38;2;0;0;0m[48;2;65;65;65m▀[0m[38;2;255;255;255m[48;2;57;108;169m▀[0m[38;2;57;108;169m[48;2;65;65;65m▀[0m[38;2;65;65;65m[48;2;65;65;65m▀[0m[38;2;65;65;65m[48;2;255;255;255m▀[0m[38;2;65;65;65m[48;2;255;255;255m▀[0m[38;2;255;255;255m[48;2;255;255;255m▀[0m[38;2;255;255;255m[48;2;65;65;65m▀[0m[38;2;65;65;65m[48;2;208;136;111m▀[0m[38;2;156;95;70m[48;2;156;95;70m▀[0m[38;2;255;181;159m[48;2;208;136;111m▀[0m[38;2;208;136;111m[48;2;65;65;65m▀[0m[38;2;57;108;169m[48;2;65;65;65m▀[0m[38;2;45;76;121m[48;2;65;65;65m▀[0m[38;2;45;76;121m[48;2;0;0;0m▀[0m[38;2;0;0;0m▀[38;2;0;0;0m▀[38;2;0;0;0m▀    
  [38;2;0;0;0m▀[38;2;255;255;255m[48;2;0;0;0m▀[0m[38;2;255;255;255m[48;2;0;0;0m▀[0m[38;2;255;255;255m[48;2;0;0;0m▀[0m[38;2;65;65;65m[48;2;0;0;0m▀[0m[38;2;57;108;169m[48;2;247;99;82m▀[0m[38;2;57;108;169m[48;2;156;66;58m▀[0m[38;2;57;108;169m[48;2;57;108;169m▀[0m[38;2;57;108;169m[48;2;45;76;121m▀[0m[38;2;57;108;169m[48;2;65;65;65m▀[0m[38;2;65;65;65m[48;2;255;255;255m▀[0m[38;2;255;255;255m[48;2;255;255;255m▀[0m[38;2;255;255;255m[48;2;255;255;255m▀[0m[38;2;255;255;255m[48;2;193;191;160m▀[0m[38;2;123;123;123m[48;2;255;255;255m▀[0m[38;2;65;65;65m[48;2;255;255;255m▀[0m[38;2;208;136;111m[48;2;65;65;65m▀[0m[38;2;156;95;70m[48;2;65;65;65m▀[0m[38;2;65;65;65m[48;2;255;255;255m▀[0m[38;2;65;65;65m[48;2;255;255;255m▀[0m[38;2;65;65;65m[48;2;255;255;255m▀[0m[38;2;255;255;255m[48;2;255;255;255m▀[0m[38;2;255;255;255m[48;2;65;65;65m▀[0m[38;2;0;0;0m[48;2;255;181;159m▀[0m[38;2;65;65;65m▄      
      [38;2;0;0;0m▄[38;2;0;0;0m[48;2;208;136;111m▀[0m[38;2;65;65;65m[48;2;57;108;169m▀[0m[38;2;65;65;65m[48;2;123;123;123m▀[0m[38;2;65;65;65m[48;2;255;255;255m▀[0m[38;2;193;191;160m[48;2;193;191;160m▀[0m[38;2;65;65;65m[48;2;123;123;123m▀[0m[38;2;65;65;65m[48;2;188;181;116m▀[0m[38;2;255;255;255m[48;2;65;65;65m▀[0m[38;2;255;255;255m[48;2;65;65;65m▀[0m[38;2;65;65;65m[48;2;255;255;255m▀[0m[38;2;65;65;65m[48;2;255;255;255m▀[0m[38;2;255;255;255m[48;2;255;255;255m▀[0m[38;2;255;255;255m[48;2;193;191;160m▀[0m[38;2;255;255;255m[48;2;255;255;255m▀[0m[38;2;193;191;160m[48;2;255;255;255m▀[0m[38;2;65;65;65m[48;2;255;255;255m▀[0m[38;2;65;65;65m[48;2;65;65;65m▀[0m[38;2;208;136;111m[48;2;156;95;70m▀[0m[38;2;208;136;111m[48;2;255;181;159m▀[0m[38;2;208;136;111m[48;2;255;181;159m▀[0m[38;2;0;0;0m[48;2;0;0;0m▀[0m     
     [38;2;0;0;0m▄[38;2;0;0;0m[48;2;57;108;169m▀[0m[38;2;57;108;169m[48;2;57;108;169m▀[0m[38;2;65;65;65m[48;2;57;108;169m▀[0m[38;2;255;255;255m[48;2;45;76;121m▀[0m[38;2;193;191;160m[48;2;0;0;0m▀[0m[38;2;65;65;65m[48;2;0;0;0m▀[0m[38;2;188;181;116m[48;2;0;0;0m▀[0m[38;2;188;181;116m[48;2;188;181;116m▀[0m[38;2;188;181;116m[48;2;45;76;121m▀[0m[38;2;65;65;65m[48;2;45;76;121m▀[0m[38;2;65;65;65m[48;2;57;108;169m▀[0m[38;2;255;255;255m[48;2;65;65;65m▀[0m[38;2;255;255;255m[48;2;65;65;65m▀[0m[38;2;255;255;255m[48;2;65;65;65m▀[0m[38;2;0;0;0m[48;2;0;0;0m▀[0m[38;2;0;0;0m▀[38;2;0;0;0m▀[38;2;45;76;121m[48;2;0;0;0m▀[0m[38;2;57;108;169m[48;2;45;76;121m▀[0m[38;2;156;95;70m[48;2;45;76;121m▀[0m[38;2;208;136;111m[48;2;255;181;159m▀[0m[38;2;208;136;111m[48;2;255;181;159m▀[0m[38;2;0;0;0m[48;2;0;0;0m▀[0m    
    [38;2;0;0;0m[48;2;0;0;0m▀[0m[38;2;123;123;123m[48;2;0;0;0m▀[0m[38;2;65;65;65m[48;2;0;0;0m▀[0m[38;2;123;123;123m[48;2;0;0;0m▀[0m[38;2;0;0;0m▀[38;2;0;0;0m▀   [38;2;0;0;0m▀[38;2;0;0;0m▀[38;2;57;108;169m[48;2;0;0;0m▀[0m[38;2;57;108;169m[48;2;45;76;121m▀[0m[38;2;57;108;169m[48;2;57;108;169m▀[0m[38;2;156;95;70m[48;2;156;95;70m▀[0m[38;2;208;136;111m[48;2;255;181;159m▀[0m[38;2;208;136;111m[48;2;255;181;159m▀[0m[38;2;0;0;0m[48;2;255;181;159m▀[0m[38;2;0;0;0m▄ [38;2;0;0;0m▀[38;2;0;0;0m▀[38;2;123;123;123m[48;2;0;0;0m▀[0m[38;2;65;65;65m[48;2;0;0;0m▀[0m[38;2;123;123;123m[48;2;0;0;0m▀[0m[38;2;0;0;0m[48;2;0;0;0m▀[0m   
                [38;2;0;0;0m▀[38;2;45;76;121m[48;2;0;0;0m▀[0m[38;2;57;108;169m[48;2;0;0;0m▀[0m[38;2;156;95;70m[48;2;123;123;123m▀[0m[38;2;208;136;111m[48;2;123;123;123m▀[0m[38;2;208;136;111m[48;2;65;65;65m▀[0m[38;2;0;0;0m[48;2;123;123;123m▀[0m[38;2;0;0;0m▄         
                   [38;2;0;0;0m▀[38;2;0;0;0m▀[38;2;0;0;0m▀[38;2;0;0;0m▀[38;2;0;0;0m▀         
                                     [0m                                     