        [38;2;0;0;0m▄[38;2;0;0;0m▄[38;2;0;0;0m[48;2;118;129;110m▀[0m[38;2;0;0;0m[48;2;118;129;110m▀[0m[38;2;0;0;0m[48;2;118;129;110m▀[0m[38;2;0;0;0m[48;2;118;129;110m▀[0m[38;2;0;4;0m[48;2;125;136;117m▀[0m[38;2;0;4;0m[48;2;82;93;74m▀[0m[38;2;0;0;0m[48;2;90;101;82m▀[0m[38;2;0;0;0m▄[38;2;0;0;0m▄                  
     [38;2;0;0;0m▄[38;2;0;0;0m[48;2;64;68;68m▀[0m[38;2;0;0;0m[48;2;64;68;68m▀[0m[38;2;117;128;109m[48;2;64;68;68m▀[0m[38;2;117;128;109m[48;2;64;68;68m▀[0m[38;2;118;129;110m[48;2;118;129;110m▀[0m[38;2;118;129;110m[48;2;90;101;82m▀[0m[38;2;118;129;110m[48;2;90;101;82m▀[0m[38;2;90;101;82m[48;2;90;101;82m▀[0m[38;2;90;101;82m[48;2;90;101;82m▀[0m[38;2;90;101;82m[48;2;90;101;82m▀[0m[38;2;90;101;82m[48;2;90;101;82m▀[0m[38;2;45;49;49m[48;2;45;49;49m▀[0m[38;2;45;49;49m[48;2;45;49;49m▀[0m[38;2;0;4;8m[48;2;131;121;115m▀[0m[38;2;0;0;0m[48;2;128;118;112m▀[0m[38;2;0;0;0m▄               
   [38;2;0;0;0m▄[38;2;0;4;8m[48;2;45;49;49m▀[0m[38;2;131;121;115m[48;2;45;49;49m▀[0m[38;2;64;68;68m[48;2;90;101;82m▀[0m[38;2;64;68;68m[48;2;90;101;82m▀[0m[38;2;46;50;50m[48;2;46;50;50m▀[0m[38;2;46;50;50m[48;2;46;50;50m▀[0m[38;2;45;49;49m[48;2;45;49;49m▀[0m[38;2;90;101;82m[48;2;45;49;49m▀[0m[38;2;90;101;82m[48;2;90;101;82m▀[0m[38;2;90;101;82m[48;2;90;101;82m▀[0m[38;2;90;101;82m[48;2;90;101;82m▀[0m[38;2;90;101;82m[48;2;45;49;49m▀[0m[38;2;90;101;82m[48;2;45;49;49m▀[0m[38;2;45;49;49m[48;2;45;49;49m▀[0m[38;2;45;49;49m[48;2;45;49;49m▀[0m[38;2;128;118;112m[48;2;128;118;112m▀[0m[38;2;129;119;113m[48;2;129;119;113m▀[0m[38;2;129;119;113m[48;2;129;119;113m▀[0m[38;2;0;0;0m[48;2;128;118;112m▀[0m[38;2;0;0;0m▄[38;2;0;0;0m▄[38;2;0;0;0m▄           
  [38;2;0;0;0m▄[38;2;0;0;0m[48;2;35;39;39m▀[0m[38;2;66;65;57m[48;2;71;77;63m▀[0m[38;2;90;101;82m[48;2;71;77;63m▀[0m[38;2;90;101;82m[48;2;65;75;59m▀[0m[38;2;65;75;59m[48;2;65;75;59m▀[0m[38;2;65;75;59m[48;2;66;65;66m▀[0m[38;2;65;75;59m[48;2;66;65;66m▀[0m[38;2;35;39;39m[48;2;65;65;65m▀[0m[38;2;35;39;39m[48;2;65;65;65m▀[0m[38;2;69;64;61m[48;2;69;64;61m▀[0m[38;2;90;101;82m[48;2;69;64;61m▀[0m[38;2;90;101;82m[48;2;90;101;82m▀[0m[38;2;90;101;82m[48;2;90;101;82m▀[0m[38;2;45;49;49m[48;2;90;101;82m▀[0m[38;2;45;49;49m[48;2;45;49;49m▀[0m[38;2;46;50;50m[48;2;46;50;50m▀[0m[38;2;46;50;50m[48;2;46;50;50m▀[0m[38;2;129;119;113m[48;2;129;119;113m▀[0m[38;2;129;119;113m[48;2;129;119;113m▀[0m[38;2;128;118;112m[48;2;45;49;49m▀[0m[38;2;47;51;51m[48;2;45;49;49m▀[0m[38;2;45;49;49m[48;2;66;65;66m▀[0m[38;2;45;49;49m[48;2;45;49;49m▀[0m[38;2;0;0;0m[48;2;45;49;49m▀[0m[38;2;0;0;0m▄         
 [38;2;0;0;0m▄[38;2;0;0;0m[48;2;49;48;38m▀[0m[38;2;66;71;60m[48;2;66;71;60m▀[0m[38;2;65;75;59m[48;2;65;75;59m▀[0m[38;2;65;75;59m[48;2;66;65;66m▀[0m[38;2;71;69;60m[48;2;71;69;60m▀[0m[38;2;71;69;60m[48;2;128;118;112m▀[0m[38;2;128;118;112m[48;2;231;223;206m▀[0m[38;2;128;118;112m[48;2;231;223;206m▀[0m[38;2;231;223;206m[48;2;128;118;112m▀[0m[38;2;128;118;112m[48;2;128;118;112m▀[0m[38;2;90;77;66m[48;2;231;223;198m▀[0m[38;2;90;77;66m[48;2;184;174;154m▀[0m[38;2;90;101;82m[48;2;65;66;66m▀[0m[38;2;90;101;82m[48;2;90;101;82m▀[0m[38;2;90;101;82m[48;2;90;101;82m▀[0m[38;2;90;101;82m[48;2;90;101;82m▀[0m[38;2;46;50;50m[48;2;46;50;50m▀[0m[38;2;46;50;50m[48;2;46;50;50m▀[0m[38;2;46;50;50m[48;2;46;50;50m▀[0m[38;2;46;50;50m[48;2;46;50;50m▀[0m[38;2;45;49;49m[48;2;90;101;82m▀[0m[38;2;45;49;49m[48;2;90;101;82m▀[0m[38;2;66;65;66m[48;2;66;65;66m▀[0m[38;2;231;223;206m[48;2;231;223;206m▀[0m[38;2;71;61;60m[48;2;71;61;60m▀[0m[38;2;128;118;112m[48;2;128;118;112m▀[0m[38;2;0;0;0m[48;2;0;0;0m▀[0m        
 [38;2;0;0;0m[48;2;0;0;0m▀[0m[38;2;73;74;70m[48;2;231;223;206m▀[0m[38;2;231;223;206m[48;2;0;0;0m▀[0m[38;2;73;74;70m[48;2;231;223;206m▀[0m[38;2;231;223;206m[48;2;0;0;0m▀[0m[38;2;231;223;206m[48;2;0;0;0m▀[0m[38;2;77;74;68m[48;2;231;223;206m▀[0m[38;2;128;118;112m[48;2;82;65;49m▀[0m[38;2;128;118;112m[48;2;239;223;198m▀[0m[38;2;231;222;206m[48;2;231;222;206m▀[0m[38;2;231;222;206m[48;2;231;222;206m▀[0m[38;2;231;223;206m[48;2;128;118;112m▀[0m[38;2;231;223;206m[48;2;128;118;112m▀[0m[38;2;102;92;86m[48;2;102;92;86m▀[0m[38;2;66;65;66m[48;2;66;65;66m▀[0m[38;2;90;101;82m[48;2;90;101;82m▀[0m[38;2;90;101;82m[48;2;45;49;49m▀[0m[38;2;46;50;50m[48;2;46;50;50m▀[0m[38;2;46;50;50m[48;2;46;50;50m▀[0m[38;2;45;49;49m[48;2;90;101;82m▀[0m[38;2;90;101;82m[48;2;90;101;82m▀[0m[38;2;90;101;82m[48;2;90;101;82m▀[0m[38;2;90;101;82m[48;2;90;101;82m▀[0m[38;2;90;101;82m[48;2;90;101;82m▀[0m[38;2;65;66;66m[48;2;65;66;66m▀[0m[38;2;48;52;52m[48;2;231;223;206m▀[0m[38;2;48;52;52m[48;2;48;52;52m▀[0m[38;2;131;121;115m[48;2;131;121;115m▀[0m[38;2;0;4;8m[48;2;45;49;49m▀[0m[38;2;0;0;0m▄      
 [38;2;0;0;0m[48;2;0;0;0m▀[0m[38;2;231;223;206m[48;2;66;65;66m▀[0m[38;2;66;65;66m[48;2;231;223;206m▀[0m[38;2;231;223;206m[48;2;231;223;206m▀[0m[38;2;66;65;66m[48;2;231;223;206m▀[0m[38;2;66;65;66m[48;2;231;223;206m▀[0m[38;2;231;223;206m[48;2;231;223;206m▀[0m[38;2;66;65;66m[48;2;231;223;206m▀[0m[38;2;231;223;206m[48;2;231;223;206m▀[0m[38;2;134;124;118m[48;2;181;73;82m▀[0m[38;2;134;124;118m[48;2;241;236;32m▀[0m[38;2;135;87;57m[48;2;99;43;98m▀[0m[38;2;135;87;57m[48;2;224;171;45m▀[0m[38;2;115;93;56m[48;2;231;196;34m▀[0m[38;2;74;60;66m[48;2;74;60;66m▀[0m[38;2;46;50;50m[48;2;46;50;50m▀[0m[38;2;46;50;50m[48;2;46;50;50m▀[0m[38;2;45;49;49m[48;2;45;49;49m▀[0m[38;2;90;101;82m[48;2;90;101;82m▀[0m[38;2;90;101;82m[48;2;90;101;82m▀[0m[38;2;90;101;82m[48;2;90;101;82m▀[0m[38;2;90;101;82m[48;2;90;101;82m▀[0m[38;2;90;101;82m[48;2;90;101;82m▀[0m[38;2;90;101;82m[48;2;90;101;82m▀[0m[38;2;65;66;66m[48;2;65;66;66m▀[0m[38;2;231;223;206m[48;2;231;223;206m▀[0m[38;2;48;52;52m[48;2;48;52;52m▀[0m[38;2;66;65;66m[48;2;231;223;206m▀[0m[38;2;66;65;66m[48;2;66;65;66m▀[0m[38;2;130;120;114m[48;2;130;120;114m▀[0m[38;2;0;0;0m[48;2;0;0;0m▀[0m     
 [38;2;0;0;0m[48;2;0;0;0m▀[0m[38;2;74;69;66m[48;2;74;69;66m▀[0m[38;2;231;223;206m[48;2;74;69;66m▀[0m[38;2;65;66;65m[48;2;181;174;148m▀[0m[38;2;65;66;65m[48;2;181;174;148m▀[0m[38;2;231;223;198m[48;2;66;65;66m▀[0m[38;2;66;65;66m[48;2;176;170;154m▀[0m[38;2;66;65;66m[48;2;176;170;154m▀[0m[38;2;231;223;198m[48;2;66;65;66m▀[0m[38;2;206;223;198m[48;2;200;173;154m▀[0m[38;2;189;73;66m[48;2;200;173;154m▀[0m[38;2;241;223;32m[48;2;198;73;74m▀[0m[38;2;241;223;32m[48;2;198;73;74m▀[0m[38;2;198;85;74m[48;2;66;77;66m▀[0m[38;2;66;77;66m[48;2;90;101;82m▀[0m[38;2;90;101;82m[48;2;90;101;82m▀[0m[38;2;45;49;49m[48;2;90;101;82m▀[0m[38;2;46;50;50m[48;2;46;50;50m▀[0m[38;2;46;50;50m[48;2;46;50;50m▀[0m[38;2;90;101;82m[48;2;45;49;49m▀[0m[38;2;90;101;82m[48;2;90;101;82m▀[0m[38;2;90;101;82m[48;2;90;101;82m▀[0m[38;2;90;101;82m[48;2;45;49;49m▀[0m[38;2;66;65;66m[48;2;66;65;66m▀[0m[38;2;231;223;198m[48;2;176;170;154m▀[0m[38;2;231;222;206m[48;2;231;222;206m▀[0m[38;2;231;222;206m[48;2;231;222;206m▀[0m[38;2;231;223;206m[48;2;66;65;66m▀[0m[38;2;66;65;66m[48;2;231;223;206m▀[0m[38;2;45;49;49m[48;2;45;49;49m▀[0m[38;2;66;65;66m[48;2;66;65;66m▀[0m[38;2;0;0;0m[48;2;181;174;148m▀[0m[38;2;0;0;0m▄   
 [38;2;0;0;0m▀[38;2;65;75;59m[48;2;0;0;0m▀[0m[38;2;65;75;59m[48;2;65;75;59m▀[0m[38;2;66;65;66m[48;2;65;75;59m▀[0m[38;2;66;65;66m[48;2;65;75;59m▀[0m[38;2;181;174;148m[48;2;65;66;65m▀[0m[38;2;181;174;148m[48;2;65;66;65m▀[0m[38;2;181;174;148m[48;2;65;66;65m▀[0m[38;2;181;174;148m[48;2;65;66;65m▀[0m[38;2;65;66;65m[48;2;65;66;65m▀[0m[38;2;181;174;148m[48;2;65;66;65m▀[0m[38;2;65;66;66m[48;2;90;101;82m▀[0m[38;2;65;66;66m[48;2;90;101;82m▀[0m[38;2;90;101;82m[48;2;90;101;82m▀[0m[38;2;90;101;82m[48;2;90;101;82m▀[0m[38;2;90;101;82m[48;2;90;101;82m▀[0m[38;2;90;101;82m[48;2;90;101;82m▀[0m[38;2;90;101;82m[48;2;90;101;82m▀[0m[38;2;45;49;49m[48;2;90;101;82m▀[0m[38;2;46;50;50m[48;2;46;50;50m▀[0m[38;2;46;50;50m[48;2;46;50;50m▀[0m[38;2;45;49;49m[48;2;45;49;49m▀[0m[38;2;45;49;49m[48;2;66;65;66m▀[0m[38;2;46;50;50m[48;2;181;174;148m▀[0m[38;2;46;50;50m[48;2;46;50;50m▀[0m[38;2;181;174;148m[48;2;65;66;60m▀[0m[38;2;181;174;148m[48;2;65;66;60m▀[0m[38;2;66;65;57m[48;2;176;170;156m▀[0m[38;2;231;223;206m[48;2;66;65;57m▀[0m[38;2;181;174;148m[48;2;65;66;65m▀[0m[38;2;65;66;65m[48;2;181;174;148m▀[0m[38;2;181;174;148m[48;2;65;66;60m▀[0m[38;2;65;66;60m[48;2;181;174;148m▀[0m[38;2;0;0;0m[48;2;181;174;148m▀[0m[38;2;0;0;0m▄ 
  [38;2;0;0;0m▀[38;2;66;77;61m[48;2;0;0;0m▀[0m[38;2;64;74;58m[48;2;64;74;58m▀[0m[38;2;35;39;39m[48;2;35;39;39m▀[0m[38;2;35;39;39m[48;2;35;39;39m▀[0m[38;2;35;39;39m[48;2;64;74;58m▀[0m[38;2;65;75;59m[48;2;65;75;59m▀[0m[38;2;90;101;82m[48;2;65;75;59m▀[0m[38;2;90;101;82m[48;2;65;75;59m▀[0m[38;2;90;101;82m[48;2;90;101;82m▀[0m[38;2;90;101;82m[48;2;90;101;82m▀[0m[38;2;90;101;82m[48;2;90;101;82m▀[0m[38;2;90;101;82m[48;2;90;101;82m▀[0m[38;2;90;101;82m[48;2;90;101;82m▀[0m[38;2;90;101;82m[48;2;90;101;82m▀[0m[38;2;90;101;82m[48;2;90;101;82m▀[0m[38;2;90;101;82m[48;2;90;101;82m▀[0m[38;2;90;101;82m[48;2;90;101;82m▀[0m[38;2;90;101;82m[48;2;90;101;82m▀[0m[38;2;90;101;82m[48;2;90;101;82m▀[0m[38;2;90;101;82m[48;2;65;64;61m▀[0m[38;2;65;64;61m[48;2;65;64;61m▀[0m[38;2;181;170;140m[48;2;74;60;49m▀[0m[38;2;74;60;49m[48;2;106;96;90m▀[0m[38;2;102;92;86m[48;2;65;64;61m▀[0m[38;2;65;64;61m[48;2;65;64;61m▀[0m[38;2;76;59;44m[48;2;102;92;86m▀[0m[38;2;102;92;86m[48;2;0;0;0m▀[0m[38;2;60;60;54m[48;2;0;4;8m▀[0m[38;2;181;174;148m[48;2;0;4;8m▀[0m[38;2;0;0;0m▀[38;2;0;0;0m▀[38;2;0;0;0m▀  
    [38;2;0;0;0m▀[38;2;66;77;61m[48;2;0;0;0m▀[0m[38;2;36;39;39m[48;2;36;39;39m▀[0m[38;2;36;39;39m[48;2;36;39;39m▀[0m[38;2;36;39;39m[48;2;36;39;39m▀[0m[38;2;36;39;39m[48;2;36;39;39m▀[0m[38;2;64;74;58m[48;2;35;39;39m▀[0m[38;2;35;39;39m[48;2;35;39;39m▀[0m[38;2;66;71;57m[48;2;57;52;49m▀[0m[38;2;90;101;82m[48;2;66;71;57m▀[0m[38;2;90;101;82m[48;2;65;75;59m▀[0m[38;2;90;101;82m[48;2;65;75;59m▀[0m[38;2;90;101;82m[48;2;65;75;59m▀[0m[38;2;90;101;82m[48;2;65;75;59m▀[0m[38;2;90;101;82m[48;2;65;75;59m▀[0m[38;2;90;101;82m[48;2;65;75;59m▀[0m[38;2;71;71;60m[48;2;71;71;60m▀[0m[38;2;71;71;60m[48;2;181;174;148m▀[0m[38;2;181;174;148m[48;2;65;60;54m▀[0m[38;2;65;60;54m[48;2;8;4;8m▀[0m[38;2;103;93;87m[48;2;0;0;0m▀[0m[38;2;45;49;49m[48;2;0;0;0m▀[0m[38;2;0;0;0m▀[38;2;0;0;0m▀[38;2;0;0;0m▀        
      [38;2;0;0;0m▀[38;2;0;0;0m▀[38;2;102;92;86m[48;2;0;0;0m▀[0m[38;2;102;92;86m[48;2;0;0;0m▀[0m[38;2;35;39;39m[48;2;102;92;86m▀[0m[38;2;35;39;39m[48;2;102;92;86m▀[0m[38;2;35;39;39m[48;2;102;92;86m▀[0m[38;2;35;39;39m[48;2;35;39;39m▀[0m[38;2;35;39;39m[48;2;35;39;39m▀[0m[38;2;64;74;58m[48;2;35;39;39m▀[0m[38;2;71;77;61m[48;2;0;0;0m▀[0m[38;2;54;51;38m[48;2;0;0;0m▀[0m[38;2;35;39;39m[48;2;0;0;0m▀[0m[38;2;0;0;0m▀[38;2;0;0;0m▀[38;2;0;0;0m▀[38;2;0;0;0m▀              
          [38;2;0;0;0m▀[38;2;0;0;0m▀[38;2;0;0;0m▀[38;2;0;0;0m▀[38;2;0;0;0m▀[38;2;0;0;0m▀                     
                                     [0m                                     