          [38;2;0;0;0m▄[38;2;0;0;0m[48;2;162;31;33m▀[0m[38;2;0;0;0m▄   [38;2;0;0;0m▄  [38;2;0;0;0m▄[38;2;0;0;0m▄[38;2;0;0;0m▄[38;2;0;0;0m▄        
     [38;2;0;0;0m▄[38;2;0;0;0m[48;2;179;165;86m▀[0m[38;2;0;4;8m▄[38;2;0;4;8m▄[38;2;0;0;0m[48;2;65;64;65m▀[0m[38;2;162;31;33m[48;2;161;31;32m▀[0m[38;2;162;31;33m[48;2;65;52;57m▀[0m[38;2;0;0;0m[48;2;183;47;49m▀[0m[38;2;0;0;0m▄[38;2;0;0;0m[48;2;198;58;60m▀[0m[38;2;0;0;0m[48;2;198;58;60m▀[0m[38;2;197;57;59m[48;2;198;58;60m▀[0m[38;2;0;0;0m[48;2;65;64;65m▀[0m[38;2;0;0;0m[48;2;161;31;32m▀[0m[38;2;162;31;33m[48;2;161;31;32m▀[0m[38;2;162;31;33m[48;2;161;31;32m▀[0m[38;2;162;31;33m[48;2;0;0;0m▀[0m[38;2;0;0;0m▀        
     [38;2;0;0;0m[48;2;0;0;0m▀[0m[38;2;179;165;86m[48;2;179;165;86m▀[0m[38;2;182;168;93m[48;2;180;166;83m▀[0m[38;2;63;58;35m[48;2;65;64;65m▀[0m[38;2;161;31;32m[48;2;65;64;65m▀[0m[38;2;65;64;65m[48;2;236;219;126m▀[0m[38;2;228;211;115m[48;2;233;216;120m▀[0m[38;2;65;52;57m[48;2;65;64;65m▀[0m[38;2;198;58;60m[48;2;205;63;65m▀[0m[38;2;198;58;60m[48;2;205;63;65m▀[0m[38;2;198;58;60m[48;2;65;64;65m▀[0m[38;2;161;31;32m[48;2;65;64;65m▀[0m[38;2;65;64;65m[48;2;236;219;126m▀[0m[38;2;65;64;65m[48;2;236;219;126m▀[0m[38;2;65;64;65m[48;2;228;211;115m▀[0m[38;2;65;64;65m[48;2;65;52;57m▀[0m[38;2;162;31;33m[48;2;65;64;65m▀[0m[38;2;0;0;0m[48;2;161;31;32m▀[0m[38;2;0;0;0m[48;2;198;58;60m▀[0m[38;2;0;0;0m[48;2;198;58;60m▀[0m[38;2;0;0;0m[48;2;197;57;59m▀[0m[38;2;0;0;0m▄    
      [38;2;0;0;0m[48;2;0;0;0m▀[0m[38;2;180;166;83m[48;2;65;64;65m▀[0m[38;2;65;64;65m[48;2;236;219;126m▀[0m[38;2;236;219;126m[48;2;236;219;126m▀[0m[38;2;236;219;126m[48;2;236;219;126m▀[0m[38;2;65;64;65m[48;2;65;64;65m▀[0m[38;2;180;166;91m[48;2;236;219;126m▀[0m[38;2;247;91;92m[48;2;65;64;65m▀[0m[38;2;65;60;65m[48;2;236;219;126m▀[0m[38;2;236;219;126m[48;2;236;219;126m▀[0m[38;2;236;219;126m[48;2;236;219;126m▀[0m[38;2;236;219;126m[48;2;236;219;126m▀[0m[38;2;236;219;126m[48;2;65;64;65m▀[0m[38;2;65;52;57m[48;2;65;64;65m▀[0m[38;2;183;47;49m[48;2;65;64;65m▀[0m[38;2;161;31;32m[48;2;65;64;65m▀[0m[38;2;161;31;32m[48;2;65;64;65m▀[0m[38;2;161;31;32m[48;2;165;34;35m▀[0m[38;2;198;58;60m[48;2;0;4;8m▀[0m[38;2;0;0;0m▀     
     [38;2;0;0;0m[48;2;0;0;0m▀[0m[38;2;179;165;86m[48;2;236;219;126m▀[0m[38;2;65;64;65m[48;2;236;219;126m▀[0m[38;2;236;219;126m[48;2;179;165;84m▀[0m[38;2;182;169;96m[48;2;179;165;84m▀[0m[38;2;65;64;65m[48;2;236;219;126m▀[0m[38;2;236;219;126m[48;2;236;219;126m▀[0m[38;2;236;219;126m[48;2;236;219;126m▀[0m[38;2;236;219;126m[48;2;233;216;120m▀[0m[38;2;236;219;126m[48;2;180;166;89m▀[0m[38;2;236;219;126m[48;2;71;62;63m▀[0m[38;2;236;219;126m[48;2;71;62;63m▀[0m[38;2;65;64;65m[48;2;161;31;32m▀[0m[38;2;65;64;65m[48;2;198;58;60m▀[0m[38;2;199;59;61m[48;2;194;56;57m▀[0m[38;2;199;59;61m[48;2;165;34;35m▀[0m[38;2;199;59;61m[48;2;161;31;32m▀[0m[38;2;199;59;61m[48;2;65;64;65m▀[0m[38;2;76;55;46m[48;2;161;31;32m▀[0m[38;2;76;55;46m[48;2;198;58;60m▀[0m[38;2;0;0;0m[48;2;199;59;61m▀[0m[38;2;0;0;0m[48;2;199;59;61m▀[0m[38;2;0;0;0m[48;2;197;57;59m▀[0m[38;2;0;0;0m▄  
    [38;2;0;0;0m[48;2;0;0;0m▀[0m[38;2;236;219;126m[48;2;236;219;126m▀[0m[38;2;236;219;126m[48;2;236;219;126m▀[0m[38;2;236;219;126m[48;2;236;219;126m▀[0m[38;2;236;219;126m[48;2;236;219;126m▀[0m[38;2;236;219;126m[48;2;82;82;82m▀[0m[38;2;179;165;84m[48;2;246;246;246m▀[0m[38;2;65;64;65m[48;2;255;255;213m▀[0m[38;2;65;64;65m[48;2;65;80;57m▀[0m[38;2;180;166;89m[48;2;215;201;124m▀[0m[38;2;65;64;57m[48;2;193;177;88m▀[0m[38;2;167;35;37m[48;2;65;64;65m▀[0m[38;2;195;56;58m[48;2;161;31;32m▀[0m[38;2;198;58;60m[48;2;161;31;32m▀[0m[38;2;161;31;32m[48;2;161;31;32m▀[0m[38;2;165;34;35m[48;2;65;64;65m▀[0m[38;2;74;56;57m[48;2;161;31;32m▀[0m[38;2;65;64;65m[48;2;65;64;65m▀[0m[38;2;161;31;32m[48;2;65;64;65m▀[0m[38;2;161;31;32m[48;2;65;64;65m▀[0m[38;2;161;31;32m[48;2;161;31;32m▀[0m[38;2;199;59;61m[48;2;65;64;65m▀[0m[38;2;199;59;61m[48;2;65;64;65m▀[0m[38;2;0;0;0m[48;2;162;31;33m▀[0m[38;2;0;0;0m▄  
  [38;2;0;0;0m▄[38;2;0;0;0m[48;2;255;255;205m▀[0m[38;2;236;219;126m[48;2;197;194;153m▀[0m[38;2;236;219;126m[48;2;236;219;126m▀[0m[38;2;236;219;126m[48;2;236;219;126m▀[0m[38;2;236;219;126m[48;2;181;166;85m▀[0m[38;2;65;64;65m[48;2;246;246;222m▀[0m[38;2;82;82;82m[48;2;65;64;65m▀[0m[38;2;0;0;0m[48;2;65;64;65m▀[0m[38;2;65;80;57m[48;2;246;246;219m▀[0m[38;2;191;196;161m[48;2;246;246;219m▀[0m[38;2;255;250;213m[48;2;246;246;222m▀[0m[38;2;255;250;213m[48;2;65;64;65m▀[0m[38;2;65;64;65m[48;2;65;64;65m▀[0m[38;2;65;64;65m[48;2;161;31;32m▀[0m[38;2;65;64;65m[48;2;161;31;32m▀[0m[38;2;65;64;65m[48;2;198;58;60m▀[0m[38;2;161;31;32m[48;2;65;64;65m▀[0m[38;2;161;31;32m[48;2;65;64;65m▀[0m[38;2;199;59;61m[48;2;161;31;32m▀[0m[38;2;199;59;61m[48;2;161;31;32m▀[0m[38;2;161;31;32m[48;2;198;58;60m▀[0m[38;2;65;64;65m[48;2;198;58;60m▀[0m[38;2;161;31;32m[48;2;65;64;65m▀[0m[38;2;161;31;32m[48;2;161;31;32m▀[0m[38;2;162;31;33m[48;2;162;31;33m▀[0m[38;2;162;31;33m[48;2;0;0;0m▀[0m[38;2;0;0;0m▀ 
  [38;2;0;0;0m▀[38;2;82;72;49m[48;2;0;0;0m▀[0m[38;2;255;255;205m[48;2;65;64;65m▀[0m[38;2;246;246;222m[48;2;65;64;65m▀[0m[38;2;246;246;222m[48;2;65;64;65m▀[0m[38;2;246;246;222m[48;2;246;246;222m▀[0m[38;2;246;246;222m[48;2;246;246;222m▀[0m[38;2;246;246;222m[48;2;246;246;213m▀[0m[38;2;246;246;222m[48;2;246;246;213m▀[0m[38;2;246;246;219m[48;2;65;64;65m▀[0m[38;2;246;246;219m[48;2;65;64;65m▀[0m[38;2;65;64;65m[48;2;208;202;156m▀[0m[38;2;65;64;65m[48;2;208;202;156m▀[0m[38;2;161;31;32m[48;2;65;64;65m▀[0m[38;2;161;31;32m[48;2;65;64;65m▀[0m[38;2;198;58;60m[48;2;167;35;37m▀[0m[38;2;198;58;60m[48;2;195;56;58m▀[0m[38;2;199;59;61m[48;2;199;59;61m▀[0m[38;2;199;59;61m[48;2;199;59;61m▀[0m[38;2;65;64;65m[48;2;195;56;58m▀[0m[38;2;161;31;32m[48;2;71;62;63m▀[0m[38;2;167;35;37m[48;2;65;64;65m▀[0m[38;2;74;60;57m[48;2;161;31;32m▀[0m[38;2;65;64;65m[48;2;134;12;14m▀[0m[38;2;65;64;65m[48;2;0;4;8m▀[0m[38;2;0;0;0m▀   
   [38;2;0;0;0m▄[38;2;0;0;0m[48;2;179;165;86m▀[0m[38;2;180;166;83m[48;2;179;165;84m▀[0m[38;2;180;166;83m[48;2;179;165;84m▀[0m[38;2;65;64;65m[48;2;179;165;86m▀[0m[38;2;65;64;65m[48;2;0;0;0m▀[0m[38;2;0;0;0m▀[38;2;82;82;71m[48;2;0;0;0m▀[0m[38;2;65;64;65m[48;2;208;202;156m▀[0m[38;2;205;202;156m[48;2;208;202;156m▀[0m[38;2;208;202;156m[48;2;208;203;156m▀[0m[38;2;208;202;156m[48;2;208;203;156m▀[0m[38;2;205;202;156m[48;2;194;190;164m▀[0m[38;2;205;202;156m[48;2;255;250;213m▀[0m[38;2;71;62;63m[48;2;65;64;65m▀[0m[38;2;71;62;63m[48;2;236;219;126m▀[0m[38;2;65;64;65m[48;2;236;219;126m▀[0m[38;2;65;64;65m[48;2;65;64;65m▀[0m[38;2;71;62;63m[48;2;180;166;83m▀[0m[38;2;167;35;37m[48;2;65;64;65m▀[0m[38;2;161;31;32m[48;2;161;31;32m▀[0m[38;2;161;31;32m[48;2;161;31;32m▀[0m[38;2;164;33;34m[48;2;162;31;33m▀[0m[38;2;164;33;34m[48;2;162;31;33m▀[0m[38;2;0;0;0m[48;2;162;31;33m▀[0m[38;2;0;0;0m▄  
  [38;2;0;0;0m▄[38;2;0;0;0m[48;2;74;64;57m▀[0m[38;2;179;165;86m[48;2;150;151;123m▀[0m[38;2;179;165;84m[48;2;180;166;83m▀[0m[38;2;179;165;84m[48;2;180;166;83m▀[0m[38;2;0;0;0m[48;2;0;0;0m▀[0m [38;2;0;0;0m▄[38;2;0;0;0m[48;2;179;165;86m▀[0m[38;2;208;202;156m[48;2;65;64;65m▀[0m[38;2;208;202;156m[48;2;246;246;222m▀[0m[38;2;208;203;156m[48;2;246;246;219m▀[0m[38;2;246;246;222m[48;2;246;246;219m▀[0m[38;2;255;250;213m[48;2;65;64;65m▀[0m[38;2;74;68;65m[48;2;236;219;126m▀[0m[38;2;236;219;126m[48;2;236;219;126m▀[0m[38;2;236;219;126m[48;2;236;219;126m▀[0m[38;2;236;219;126m[48;2;236;219;126m▀[0m[38;2;236;219;126m[48;2;236;219;126m▀[0m[38;2;65;64;65m[48;2;65;64;65m▀[0m[38;2;180;166;83m[48;2;180;166;83m▀[0m[38;2;65;64;65m[48;2;180;166;83m▀[0m[38;2;65;64;65m[48;2;65;64;65m▀[0m[38;2;162;31;33m[48;2;0;0;0m▀[0m[38;2;0;0;0m▀[38;2;0;0;0m▀   
 [38;2;0;0;0m▄[38;2;0;0;0m[48;2;164;190;189m▀[0m[38;2;189;194;156m[48;2;164;190;189m▀[0m[38;2;74;64;57m[48;2;119;117;119m▀[0m[38;2;65;64;65m[48;2;164;190;189m▀[0m[38;2;180;166;83m[48;2;0;0;0m▀[0m[38;2;0;0;0m▀[38;2;0;0;0m[48;2;0;0;0m▀[0m[38;2;179;165;86m[48;2;179;165;84m▀[0m[38;2;179;165;86m[48;2;179;165;84m▀[0m[38;2;65;64;65m[48;2;180;166;83m▀[0m[38;2;246;246;222m[48;2;65;64;65m▀[0m[38;2;246;246;219m[48;2;255;250;238m▀[0m[38;2;246;246;219m[48;2;65;64;65m▀[0m[38;2;65;64;65m[48;2;236;219;126m▀[0m[38;2;236;219;126m[48;2;236;219;126m▀[0m[38;2;236;219;126m[48;2;236;219;126m▀[0m[38;2;236;219;126m[48;2;236;219;126m▀[0m[38;2;236;219;126m[48;2;180;166;83m▀[0m[38;2;179;165;84m[48;2;65;64;65m▀[0m[38;2;65;64;65m[48;2;179;165;84m▀[0m[38;2;180;166;83m[48;2;179;165;84m▀[0m[38;2;180;166;83m[48;2;236;219;126m▀[0m[38;2;65;64;65m[48;2;179;165;84m▀[0m[38;2;179;165;86m[48;2;65;64;65m▀[0m[38;2;0;0;0m[48;2;180;166;83m▀[0m[38;2;0;0;0m▄[38;2;0;0;0m▄  
 [38;2;0;0;0m[48;2;0;0;0m▀[0m[38;2;164;190;189m[48;2;164;190;189m▀[0m[38;2;164;190;189m[48;2;164;190;189m▀[0m[38;2;119;117;119m[48;2;115;126;126m▀[0m[38;2;164;190;189m[48;2;0;0;0m▀[0m[38;2;0;0;0m▀ [38;2;0;0;0m▀[38;2;179;165;84m[48;2;0;8;24m▀[0m[38;2;179;165;84m[48;2;182;168;93m▀[0m[38;2;180;166;83m[48;2;180;166;83m▀[0m[38;2;180;166;83m[48;2;180;166;83m▀[0m[38;2;65;64;65m[48;2;65;64;65m▀[0m[38;2;255;250;238m[48;2;255;255;255m▀[0m[38;2;65;64;65m[48;2;255;255;255m▀[0m[38;2;236;219;126m[48;2;65;64;65m▀[0m[38;2;236;219;126m[48;2;180;166;83m▀[0m[38;2;179;165;84m[48;2;180;166;83m▀[0m[38;2;180;166;83m[48;2;63;56;38m▀[0m[38;2;65;64;65m[48;2;179;165;86m▀[0m[38;2;179;165;84m[48;2;236;219;126m▀[0m[38;2;236;219;126m[48;2;236;219;126m▀[0m[38;2;236;219;126m[48;2;179;165;86m▀[0m[38;2;179;165;84m[48;2;179;165;86m▀[0m[38;2;65;64;65m[48;2;0;0;0m▀[0m[38;2;180;166;83m[48;2;0;0;0m▀[0m[38;2;179;165;86m[48;2;0;0;0m▀[0m[38;2;179;165;86m[48;2;0;0;0m▀[0m[38;2;0;0;0m▀ 
  [38;2;0;0;0m[48;2;0;0;0m▀[0m[38;2;164;190;189m[48;2;164;190;189m▀[0m[38;2;65;63;63m[48;2;0;0;0m▀[0m[38;2;0;0;0m▀ [38;2;0;0;0m▄[38;2;0;0;0m[48;2;164;190;189m▀[0m[38;2;63;60;46m[48;2;112;124;126m▀[0m[38;2;63;60;46m[48;2;164;186;189m▀[0m[38;2;180;166;83m[48;2;65;64;65m▀[0m[38;2;65;64;65m[48;2;65;64;65m▀[0m[38;2;255;255;255m[48;2;238;242;230m▀[0m[38;2;255;255;255m[48;2;238;242;230m▀[0m[38;2;255;255;255m[48;2;65;64;65m▀[0m[38;2;65;64;65m[48;2;255;255;255m▀[0m[38;2;65;64;65m[48;2;255;255;255m▀[0m[38;2;65;64;65m[48;2;0;0;0m▀[0m[38;2;0;4;16m▀[38;2;179;165;86m[48;2;0;0;0m▀[0m[38;2;179;165;84m[48;2;179;165;86m▀[0m[38;2;179;165;84m[48;2;179;165;86m▀[0m[38;2;179;165;86m[48;2;180;166;91m▀[0m[38;2;0;0;0m[48;2;0;4;24m▀[0m      
   [38;2;0;0;0m▀    [38;2;0;0;0m▀[38;2;8;0;0m▀[38;2;60;62;63m[48;2;0;0;0m▀[0m[38;2;65;64;65m[48;2;222;222;213m▀[0m[38;2;255;255;255m[48;2;222;222;213m▀[0m[38;2;238;242;230m[48;2;74;74;71m▀[0m[38;2;65;64;65m[48;2;222;222;213m▀[0m[38;2;255;255;255m[48;2;222;222;222m▀[0m[38;2;255;255;255m[48;2;0;0;0m▀[0m[38;2;0;0;0m▀ [38;2;0;0;0m▄[38;2;0;0;0m[48;2;255;255;255m▀[0m[38;2;79;89;104m[48;2;84;84;90m▀[0m[38;2;79;89;104m[48;2;255;255;255m▀[0m[38;2;94;82;57m[48;2;255;255;255m▀[0m[38;2;180;166;91m[48;2;0;0;0m▀[0m[38;2;0;0;0m▀     
          [38;2;0;0;0m▀[38;2;0;0;0m▀[38;2;74;74;71m[48;2;0;0;0m▀[0m[38;2;222;222;213m[48;2;0;0;0m▀[0m[38;2;0;0;0m▀[38;2;0;0;0m▀    [38;2;0;0;0m▀[38;2;0;0;8m▀[38;2;0;0;8m▀[38;2;0;0;0m▀       
                                     [0m                                     