             [38;2;0;0;0m▄[38;2;0;0;0m[48;2;255;255;255m▀[0m[38;2;0;0;0m▄         
             [38;2;0;0;0m[48;2;0;0;0m▀[0m[38;2;255;255;255m[48;2;235;208;34m▀[0m[38;2;0;0;0m[48;2;0;0;0m▀[0m         
           [38;2;0;0;0m▄[38;2;0;0;0m[48;2;0;0;0m▀[0m[38;2;235;208;34m[48;2;235;208;34m▀[0m[38;2;217;170;5m[48;2;235;208;34m▀[0m[38;2;0;0;0m[48;2;0;0;0m▀[0m         
         [38;2;0;0;0m▄[38;2;0;0;0m[48;2;142;139;142m▀[0m[38;2;142;139;142m[48;2;142;139;142m▀[0m[38;2;142;139;142m[48;2;142;139;142m▀[0m[38;2;235;208;34m[48;2;60;57;60m▀[0m[38;2;60;57;60m[48;2;142;139;142m▀[0m[38;2;0;0;0m[48;2;142;139;142m▀[0m[38;2;0;0;0m▄        
       [38;2;0;0;0m▄[38;2;0;0;0m[48;2;142;139;142m▀[0m[38;2;142;139;142m[48;2;60;57;60m▀[0m[38;2;60;57;60m[48;2;99;186;242m▀[0m[38;2;60;57;60m[48;2;60;57;60m▀[0m[38;2;100;97;100m[48;2;60;57;60m▀[0m[38;2;142;139;142m[48;2;100;97;100m▀[0m[38;2;142;139;142m[48;2;142;139;142m▀[0m[38;2;142;139;142m[48;2;100;97;100m▀[0m[38;2;142;139;142m[48;2;142;139;142m▀[0m[38;2;0;0;0m[48;2;0;0;0m▀[0m       
   [38;2;0;0;0m▄[38;2;0;0;0m▄ [38;2;0;0;0m▄[38;2;0;0;0m[48;2;142;139;142m▀[0m[38;2;142;139;142m[48;2;142;139;142m▀[0m[38;2;60;57;60m[48;2;142;139;142m▀[0m[38;2;60;57;60m[48;2;142;139;142m▀[0m[38;2;60;57;60m[48;2;100;97;100m▀[0m[38;2;99;186;242m[48;2;60;57;60m▀[0m[38;2;60;57;60m[48;2;60;57;60m▀[0m[38;2;142;139;142m[48;2;142;139;142m▀[0m[38;2;142;139;142m[48;2;142;139;142m▀[0m[38;2;142;139;142m[48;2;142;139;142m▀[0m[38;2;142;139;142m[48;2;142;139;142m▀[0m[38;2;0;0;0m[48;2;0;0;0m▀[0m      
  [38;2;0;0;0m[48;2;0;0;0m▀[0m[38;2;100;97;100m[48;2;142;139;142m▀[0m[38;2;142;139;142m[48;2;142;139;142m▀[0m[38;2;0;0;0m[48;2;60;57;60m▀[0m[38;2;142;139;142m[48;2;142;139;142m▀[0m[38;2;142;139;142m[48;2;74;74;74m▀[0m[38;2;74;74;74m[48;2;60;57;60m▀[0m[38;2;60;57;60m[48;2;60;57;60m▀[0m[38;2;60;57;60m[48;2;60;57;60m▀[0m[38;2;142;139;142m[48;2;60;57;60m▀[0m[38;2;142;139;142m[48;2;142;139;142m▀[0m[38;2;142;139;142m[48;2;142;139;142m▀[0m[38;2;142;139;142m[48;2;100;97;100m▀[0m[38;2;142;139;142m[48;2;142;139;142m▀[0m[38;2;100;97;100m[48;2;142;139;142m▀[0m[38;2;142;139;142m[48;2;142;139;142m▀[0m[38;2;0;0;0m[48;2;142;139;142m▀[0m[38;2;0;0;0m▄     
 [38;2;0;0;0m[48;2;0;0;0m▀[0m[38;2;142;139;142m[48;2;142;139;142m▀[0m[38;2;142;139;142m[48;2;142;139;142m▀[0m[38;2;142;139;142m[48;2;100;97;100m▀[0m[38;2;142;139;142m[48;2;142;139;142m▀[0m[38;2;142;139;142m[48;2;142;139;142m▀[0m[38;2;74;74;74m[48;2;74;74;74m▀[0m[38;2;60;57;60m[48;2;60;57;60m▀[0m[38;2;60;57;60m[48;2;60;57;60m▀[0m[38;2;60;57;60m[48;2;60;57;60m▀[0m[38;2;60;57;60m[48;2;60;57;60m▀[0m[38;2;100;97;100m[48;2;60;57;60m▀[0m[38;2;142;139;142m[48;2;142;139;142m▀[0m[38;2;142;139;142m[48;2;142;139;142m▀[0m[38;2;142;139;142m[48;2;142;139;142m▀[0m[38;2;142;139;142m[48;2;60;57;60m▀[0m[38;2;60;57;60m[48;2;100;97;100m▀[0m[38;2;60;57;60m[48;2;142;139;142m▀[0m[38;2;60;57;60m[48;2;100;97;100m▀[0m[38;2;0;0;0m[48;2;60;57;60m▀[0m[38;2;0;0;0m▄   
  [38;2;0;0;0m▀[38;2;0;0;0m▀[38;2;142;139;142m[48;2;0;0;0m▀[0m[38;2;142;139;142m[48;2;142;139;142m▀[0m[38;2;142;139;142m[48;2;142;139;142m▀[0m[38;2;142;139;142m[48;2;142;139;142m▀[0m[38;2;142;139;142m[48;2;142;139;142m▀[0m[38;2;100;97;100m[48;2;142;139;142m▀[0m[38;2;60;57;60m[48;2;142;139;142m▀[0m[38;2;60;57;60m[48;2;142;139;142m▀[0m[38;2;100;97;100m[48;2;142;139;142m▀[0m[38;2;142;139;142m[48;2;142;139;142m▀[0m[38;2;142;139;142m[48;2;100;97;100m▀[0m[38;2;142;139;142m[48;2;142;139;142m▀[0m[38;2;60;57;60m[48;2;142;139;142m▀[0m[38;2;142;139;142m[48;2;142;139;142m▀[0m[38;2;142;139;142m[48;2;142;139;142m▀[0m[38;2;142;139;142m[48;2;142;139;142m▀[0m[38;2;60;57;60m[48;2;142;139;142m▀[0m[38;2;142;139;142m[48;2;142;139;142m▀[0m[38;2;0;0;0m[48;2;142;139;142m▀[0m[38;2;0;0;0m▄ 
    [38;2;0;0;0m▀[38;2;100;97;100m[48;2;0;0;0m▀[0m[38;2;142;139;142m[48;2;0;0;0m▀[0m[38;2;142;139;142m[48;2;0;0;0m▀[0m[38;2;142;139;142m[48;2;0;0;0m▀[0m[38;2;142;139;142m[48;2;0;0;0m▀[0m[38;2;142;139;142m[48;2;100;97;100m▀[0m[38;2;142;139;142m[48;2;142;139;142m▀[0m[38;2;142;139;142m[48;2;142;139;142m▀[0m[38;2;142;139;142m[48;2;142;139;142m▀[0m[38;2;142;139;142m[48;2;142;139;142m▀[0m[38;2;142;139;142m[48;2;142;139;142m▀[0m[38;2;142;139;142m[48;2;142;139;142m▀[0m[38;2;142;139;142m[48;2;142;139;142m▀[0m[38;2;100;97;100m[48;2;142;139;142m▀[0m[38;2;142;139;142m[48;2;142;139;142m▀[0m[38;2;142;139;142m[48;2;142;139;142m▀[0m[38;2;142;139;142m[48;2;100;97;100m▀[0m[38;2;142;139;142m[48;2;0;0;0m▀[0m[38;2;0;0;0m▀ 
          [38;2;0;0;0m▀[38;2;0;0;0m▀[38;2;100;97;100m[48;2;0;0;0m▀[0m[38;2;142;139;142m[48;2;0;0;0m▀[0m[38;2;142;139;142m[48;2;0;0;0m▀[0m[38;2;100;97;100m[48;2;0;0;0m▀[0m[38;2;0;0;0m▀[38;2;0;0;0m▀[38;2;0;0;0m▀[38;2;0;0;0m▀[38;2;0;0;0m▀[38;2;0;0;0m▀   
                                     [0m                                     