      [38;2;0;0;0m▄[38;2;0;0;0m[48;2;138;138;138m▀[0m[38;2;0;0;0m[48;2;65;65;65m▀[0m[38;2;0;0;0m▄      
     [38;2;0;0;0m▄[38;2;0;0;0m[48;2;138;138;138m▀[0m[38;2;138;138;138m[48;2;78;78;78m▀[0m[38;2;78;78;78m[48;2;138;138;138m▀[0m[38;2;138;138;138m[48;2;78;78;78m▀[0m[38;2;0;0;0m[48;2;138;138;138m▀[0m[38;2;0;0;0m▄    
     [38;2;0;0;0m▀[38;2;138;138;138m[48;2;0;0;0m▀[0m[38;2;78;78;78m[48;2;138;138;138m▀[0m[38;2;90;90;90m[48;2;0;0;0m▀[0m[38;2;138;138;138m[48;2;0;0;0m▀[0m[38;2;0;0;0m▀     
   [38;2;0;0;0m▄[38;2;87;87;87m▄[38;2;0;0;0m[48;2;192;192;192m▀[0m[38;2;0;0;0m[48;2;65;65;65m▀[0m[38;2;0;0;0m[48;2;146;146;146m▀[0m[38;2;0;0;0m[48;2;165;165;165m▀[0m[38;2;0;0;0m▄      
 [38;2;0;0;0m▄[38;2;0;0;0m[48;2;181;165;132m▀[0m[38;2;192;192;192m[48;2;255;255;255m▀[0m[38;2;206;206;206m[48;2;118;118;118m▀[0m[38;2;125;125;125m[48;2;189;189;189m▀[0m[38;2;243;243;243m[48;2;255;255;255m▀[0m[38;2;255;255;255m[48;2;255;255;255m▀[0m[38;2;243;243;243m[48;2;255;255;255m▀[0m[38;2;204;204;204m[48;2;243;243;243m▀[0m[38;2;0;0;0m[48;2;171;171;171m▀[0m[38;2;0;0;0m▄    
 [38;2;0;0;0m[48;2;0;0;0m▀[0m[38;2;181;165;132m[48;2;243;243;243m▀[0m[38;2;243;243;243m[48;2;243;243;243m▀[0m[38;2;65;65;65m[48;2;65;65;65m▀[0m[38;2;255;255;255m[48;2;243;243;243m▀[0m[38;2;243;243;243m[48;2;231;190;107m▀[0m[38;2;176;176;176m[48;2;0;0;0m▀[0m[38;2;243;243;243m[48;2;231;190;107m▀[0m[38;2;255;255;255m[48;2;243;243;243m▀[0m[38;2;243;243;243m[48;2;243;243;243m▀[0m[38;2;0;0;0m[48;2;0;0;0m▀[0m    
 [38;2;0;0;0m▀[38;2;243;243;243m[48;2;0;0;0m▀[0m[38;2;169;169;169m[48;2;65;65;65m▀[0m[38;2;65;65;65m[48;2;255;255;255m▀[0m[38;2;243;243;243m[48;2;65;65;65m▀[0m[38;2;231;190;107m[48;2;243;243;243m▀[0m[38;2;0;0;0m[48;2;231;190;107m▀[0m[38;2;231;190;107m[48;2;243;243;243m▀[0m[38;2;243;243;243m[48;2;204;204;204m▀[0m[38;2;185;185;185m[48;2;0;0;0m▀[0m[38;2;0;0;0m▀    
  [38;2;0;0;0m▄[38;2;0;0;0m[48;2;113;113;113m▀[0m[38;2;65;65;65m[48;2;101;101;101m▀[0m[38;2;125;125;125m[48;2;65;65;65m▀[0m[38;2;65;65;65m[48;2;65;65;65m▀[0m[38;2;243;243;243m[48;2;65;65;65m▀[0m[38;2;165;165;165m[48;2;65;65;65m▀[0m[38;2;0;0;0m[48;2;0;0;0m▀[0m  [38;2;0;0;0m▄[38;2;0;0;0m▄  
  [38;2;0;0;0m▄[38;2;0;0;0m[48;2;113;113;113m▀[0m[38;2;113;113;113m[48;2;101;101;101m▀[0m[38;2;113;113;113m[48;2;208;208;208m▀[0m[38;2;113;113;113m[48;2;113;113;113m▀[0m[38;2;101;101;101m[48;2;208;208;208m▀[0m[38;2;113;113;113m[48;2;101;101;101m▀[0m[38;2;65;65;65m[48;2;113;113;113m▀[0m[38;2;0;0;0m[48;2;208;208;208m▀[0m[38;2;0;0;0m[48;2;255;255;255m▀[0m[38;2;255;255;255m[48;2;159;159;159m▀[0m[38;2;159;159;159m[48;2;255;255;255m▀[0m[38;2;0;0;0m[48;2;0;0;0m▀[0m 
   [38;2;0;0;0m▀[38;2;0;0;0m▀[38;2;0;0;0m[48;2;0;0;0m▀[0m[38;2;113;113;113m[48;2;0;0;0m▀[0m[38;2;208;208;208m[48;2;159;159;159m▀[0m[38;2;208;208;208m[48;2;215;183;136m▀[0m[38;2;255;255;255m[48;2;255;255;255m▀[0m[38;2;208;208;208m[48;2;215;183;136m▀[0m[38;2;255;255;255m[48;2;0;0;0m▀[0m[38;2;215;183;136m[48;2;0;0;0m▀[0m[38;2;0;0;0m▀  
            [38;2;0;0;0m▀[38;2;0;0;0m▀[38;2;0;0;0m▀[38;2;0;0;0m▀          
                                     [0m                                     