           [38;2;0;0;0m▄[38;2;0;0;0m[48;2;129;232;241m▀[0m[38;2;0;0;0m[48;2;51;73;74m▀[0m[38;2;16;0;5m▄       [38;2;0;0;0m▄[38;2;0;0;0m▄               
          [38;2;0;0;0m[48;2;0;0;0m▀[0m[38;2;129;232;241m[48;2;129;232;241m▀[0m[38;2;129;232;241m[48;2;70;155;160m▀[0m[38;2;85;146;152m[48;2;129;232;241m▀[0m[38;2;51;73;74m[48;2;129;232;241m▀[0m[38;2;0;0;0m[48;2;129;232;241m▀[0m[38;2;0;0;0m[48;2;129;232;241m▀[0m[38;2;0;0;0m▄[38;2;0;0;0m▄[38;2;0;0;0m[48;2;129;232;241m▀[0m[38;2;0;0;0m[48;2;129;232;241m▀[0m[38;2;0;0;0m[48;2;129;232;241m▀[0m[38;2;129;232;241m[48;2;129;232;241m▀[0m[38;2;129;232;241m[48;2;129;232;241m▀[0m[38;2;0;0;0m[48;2;0;0;0m▀[0m              
         [38;2;0;0;0m[48;2;0;0;0m▀[0m[38;2;129;232;241m[48;2;129;232;241m▀[0m[38;2;129;232;241m[48;2;70;155;160m▀[0m[38;2;70;155;160m[48;2;129;232;241m▀[0m[38;2;129;232;241m[48;2;129;232;241m▀[0m[38;2;129;232;241m[48;2;70;155;160m▀[0m[38;2;129;232;241m[48;2;70;155;160m▀[0m[38;2;70;155;160m[48;2;129;232;241m▀[0m[38;2;129;232;241m[48;2;129;232;241m▀[0m[38;2;129;232;241m[48;2;129;232;241m▀[0m[38;2;129;232;241m[48;2;129;232;241m▀[0m[38;2;129;232;241m[48;2;129;232;241m▀[0m[38;2;129;232;241m[48;2;129;232;241m▀[0m[38;2;129;232;241m[48;2;77;151;160m▀[0m[38;2;0;0;0m[48;2;0;0;0m▀[0m               
         [38;2;0;0;0m[48;2;0;0;0m▀[0m[38;2;129;232;241m[48;2;129;232;241m▀[0m[38;2;70;155;160m[48;2;129;232;241m▀[0m[38;2;129;232;241m[48;2;70;155;160m▀[0m[38;2;70;155;160m[48;2;129;232;241m▀[0m[38;2;129;232;241m[48;2;129;232;241m▀[0m[38;2;129;232;241m[48;2;83;41;50m▀[0m[38;2;129;232;241m[48;2;83;41;50m▀[0m[38;2;129;232;241m[48;2;65;64;65m▀[0m[38;2;65;64;65m[48;2;253;57;80m▀[0m[38;2;57;64;65m[48;2;255;138;64m▀[0m[38;2;87;147;151m[48;2;72;150;158m▀[0m[38;2;77;151;160m[48;2;72;150;158m▀[0m[38;2;0;0;0m[48;2;0;0;0m▀[0m                
          [38;2;0;0;0m[48;2;0;0;0m▀[0m[38;2;129;232;241m[48;2;129;232;241m▀[0m[38;2;129;232;241m[48;2;129;232;241m▀[0m[38;2;129;232;241m[48;2;129;232;241m▀[0m[38;2;65;64;65m[48;2;129;232;241m▀[0m[38;2;252;75;101m[48;2;255;158;73m▀[0m[38;2;0;0;24m[48;2;198;115;114m▀[0m[38;2;253;57;80m[48;2;255;82;120m▀[0m[38;2;253;57;80m[48;2;236;159;56m▀[0m[38;2;255;138;64m[48;2;180;101;40m▀[0m[38;2;72;150;158m[48;2;70;155;160m▀[0m[38;2;0;0;0m[48;2;0;0;0m▀[0m                 
          [38;2;0;0;0m▀[38;2;129;232;241m[48;2;0;0;0m▀[0m[38;2;70;155;160m[48;2;129;232;241m▀[0m[38;2;129;232;241m[48;2;180;101;40m▀[0m[38;2;129;232;241m[48;2;180;101;40m▀[0m[38;2;132;235;244m[48;2;180;101;40m▀[0m[38;2;255;158;73m[48;2;180;101;40m▀[0m[38;2;236;159;56m[48;2;180;101;40m▀[0m[38;2;208;20;15m[48;2;255;138;64m▀[0m[38;2;180;101;40m[48;2;122;83;84m▀[0m[38;2;70;155;160m[48;2;0;0;0m▀[0m[38;2;0;0;0m▀                 
            [38;2;0;0;0m▀[38;2;255;138;64m[48;2;0;0;0m▀[0m[38;2;255;138;64m[48;2;0;0;0m▀[0m[38;2;255;138;64m[48;2;251;147;79m▀[0m[38;2;255;138;64m[48;2;251;147;79m▀[0m[38;2;255;138;64m[48;2;180;101;40m▀[0m[38;2;180;101;40m[48;2;70;155;160m▀[0m[38;2;122;83;84m[48;2;68;152;158m▀[0m[38;2;0;0;0m[48;2;65;64;65m▀[0m[38;2;0;0;0m▄[38;2;0;0;0m▄                
  [38;2;0;0;0m▄[38;2;0;0;0m▄  [38;2;0;0;0m▄[38;2;16;7;0m▄[38;2;0;0;0m[48;2;134;231;235m▀[0m[38;2;0;0;0m[48;2;129;232;241m▀[0m[38;2;0;0;0m▄    [38;2;0;36;29m▀[38;2;122;91;58m[48;2;0;0;0m▀[0m[38;2;70;155;160m[48;2;70;155;160m▀[0m[38;2;70;155;160m[48;2;70;155;160m▀[0m[38;2;68;152;158m[48;2;129;232;241m▀[0m[38;2;65;64;65m[48;2;65;64;65m▀[0m[38;2;252;75;106m[48;2;255;82;112m▀[0m[38;2;168;49;69m[48;2;255;82;112m▀[0m[38;2;0;0;0m[48;2;0;0;0m▀[0m               
 [38;2;0;0;0m▀[38;2;72;150;158m[48;2;0;0;0m▀[0m[38;2;72;150;158m[48;2;0;0;0m▀[0m[38;2;0;0;0m[48;2;72;150;158m▀[0m[38;2;0;0;0m[48;2;48;75;78m▀[0m[38;2;129;232;241m[48;2;129;232;241m▀[0m[38;2;76;116;108m[48;2;85;98;90m▀[0m[38;2;134;231;235m[48;2;129;232;241m▀[0m[38;2;129;232;241m[48;2;84;123;126m▀[0m[38;2;0;0;0m[48;2;84;123;126m▀[0m[38;2;0;0;0m▄  [38;2;0;0;0m▄[38;2;0;0;0m▄[38;2;0;0;0m[48;2;77;151;160m▀[0m[38;2;129;232;241m[48;2;129;232;241m▀[0m[38;2;129;232;241m[48;2;129;232;241m▀[0m[38;2;129;232;241m[48;2;129;232;241m▀[0m[38;2;129;232;241m[48;2;129;232;241m▀[0m[38;2;74;64;82m[48;2;129;232;241m▀[0m[38;2;198;77;101m[48;2;65;64;65m▀[0m[38;2;65;64;65m[48;2;54;107;110m▀[0m[38;2;0;0;0m[48;2;65;64;65m▀[0m[38;2;0;0;0m[48;2;55;107;111m▀[0m[38;2;0;0;0m▄  [38;2;0;0;0m▄[38;2;0;0;0m▄[38;2;0;0;0m[48;2;129;232;241m▀[0m[38;2;0;0;0m[48;2;129;232;241m▀[0m[38;2;0;0;0m▄[38;2;0;0;0m▄    
    [38;2;0;0;0m▀[38;2;8;0;8m▀[38;2;129;232;241m[48;2;0;0;0m▀[0m[38;2;85;98;90m[48;2;65;64;65m▀[0m[38;2;85;98;90m[48;2;65;64;65m▀[0m[38;2;64;68;67m[48;2;68;152;158m▀[0m[38;2;129;232;241m[48;2;65;64;65m▀[0m[38;2;129;232;241m[48;2;65;64;65m▀[0m[38;2;0;0;0m[48;2;65;64;65m▀[0m[38;2;0;0;0m[48;2;72;150;158m▀[0m[38;2;72;150;158m[48;2;72;150;158m▀[0m[38;2;77;151;160m[48;2;129;232;241m▀[0m[38;2;129;232;241m[48;2;129;232;241m▀[0m[38;2;129;232;241m[48;2;129;232;241m▀[0m[38;2;129;232;241m[48;2;129;232;241m▀[0m[38;2;129;232;241m[48;2;129;232;241m▀[0m[38;2;129;232;241m[48;2;129;232;241m▀[0m[38;2;129;232;241m[48;2;129;232;241m▀[0m[38;2;129;232;241m[48;2;129;232;241m▀[0m[38;2;65;64;65m[48;2;129;232;241m▀[0m[38;2;65;64;65m[48;2;129;232;241m▀[0m[38;2;55;107;111m[48;2;65;64;65m▀[0m[38;2;55;107;111m[48;2;65;64;65m▀[0m[38;2;0;0;0m[48;2;65;64;65m▀[0m[38;2;0;0;0m[48;2;129;232;241m▀[0m[38;2;129;232;241m[48;2;129;232;241m▀[0m[38;2;129;232;241m[48;2;129;232;241m▀[0m[38;2;129;232;241m[48;2;63;63;63m▀[0m[38;2;65;64;65m[48;2;65;154;158m▀[0m[38;2;74;160;154m[48;2;48;100;105m▀[0m[38;2;49;106;107m[48;2;72;150;158m▀[0m[38;2;0;0;0m[48;2;0;0;0m▀[0m   
   [38;2;0;0;0m▄[38;2;0;0;0m▄[38;2;0;0;0m▄[38;2;0;0;0m[48;2;72;150;158m▀[0m[38;2;68;152;158m[48;2;72;150;158m▀[0m[38;2;65;64;65m[48;2;72;150;158m▀[0m[38;2;65;64;65m[48;2;0;0;0m▀[0m[38;2;68;152;158m[48;2;72;150;158m▀[0m[38;2;68;152;158m[48;2;72;150;158m▀[0m[38;2;68;152;158m[48;2;0;0;0m▀[0m[38;2;72;150;158m[48;2;0;0;0m▀[0m[38;2;0;0;0m▀[38;2;65;64;65m[48;2;0;0;0m▀[0m[38;2;129;232;241m[48;2;83;149;161m▀[0m[38;2;129;232;241m[48;2;129;232;241m▀[0m[38;2;129;232;241m[48;2;70;155;160m▀[0m[38;2;70;155;160m[48;2;129;232;241m▀[0m[38;2;70;155;160m[48;2;65;64;65m▀[0m[38;2;65;64;65m[48;2;129;232;241m▀[0m[38;2;65;64;65m[48;2;129;232;241m▀[0m[38;2;129;232;241m[48;2;65;64;65m▀[0m[38;2;129;232;241m[48;2;65;64;65m▀[0m[38;2;129;232;241m[48;2;129;232;241m▀[0m[38;2;91;146;151m[48;2;129;232;241m▀[0m[38;2;129;232;241m[48;2;65;64;65m▀[0m[38;2;129;232;241m[48;2;65;64;65m▀[0m[38;2;65;64;65m[48;2;70;154;157m▀[0m[38;2;65;64;65m[48;2;54;107;110m▀[0m[38;2;65;154;158m[48;2;70;154;157m▀[0m[38;2;63;108;110m[48;2;70;154;157m▀[0m[38;2;72;150;158m[48;2;48;100;105m▀[0m[38;2;0;0;0m[48;2;0;0;0m▀[0m    
 [38;2;0;0;0m▄[38;2;0;0;0m[48;2;72;150;158m▀[0m[38;2;72;150;158m[48;2;72;150;158m▀[0m[38;2;72;150;158m[48;2;0;0;0m▀[0m[38;2;72;150;158m[48;2;0;0;0m▀[0m[38;2;72;150;158m[48;2;0;0;0m▀[0m[38;2;0;0;0m▀[38;2;0;0;0m▀ [38;2;0;0;0m▀[38;2;0;0;0m▀  [38;2;0;0;0m[48;2;0;0;0m▀[0m[38;2;129;232;241m[48;2;211;119;46m▀[0m[38;2;129;232;241m[48;2;129;232;241m▀[0m[38;2;70;155;160m[48;2;129;232;241m▀[0m[38;2;129;232;241m[48;2;129;232;241m▀[0m[38;2;65;64;65m[48;2;107;77;55m▀[0m[38;2;129;232;241m[48;2;129;232;241m▀[0m[38;2;129;232;241m[48;2;109;100;89m▀[0m[38;2;109;100;89m[48;2;129;232;241m▀[0m[38;2;129;232;241m[48;2;115;229;238m▀[0m[38;2;129;232;241m[48;2;76;117;120m▀[0m[38;2;129;232;241m[48;2;91;146;151m▀[0m[38;2;129;232;241m[48;2;129;232;241m▀[0m[38;2;65;64;65m[48;2;129;232;241m▀[0m[38;2;68;152;158m[48;2;65;64;65m▀[0m[38;2;70;154;157m[48;2;65;64;65m▀[0m[38;2;70;154;157m[48;2;65;64;65m▀[0m[38;2;70;154;157m[48;2;68;152;158m▀[0m[38;2;54;107;110m[48;2;68;152;158m▀[0m[38;2;72;150;158m[48;2;43;76;76m▀[0m[38;2;72;150;158m[48;2;8;0;8m▀[0m[38;2;0;0;0m▀   
  [38;2;0;0;0m▀[38;2;0;0;0m▀        [38;2;0;0;0m▄[38;2;0;0;0m[48;2;70;154;157m▀[0m[38;2;55;107;111m[48;2;54;107;110m▀[0m[38;2;211;119;46m[48;2;72;150;158m▀[0m[38;2;211;119;46m[48;2;255;138;64m▀[0m[38;2;180;101;40m[48;2;255;138;64m▀[0m[38;2;180;101;40m[48;2;255;138;64m▀[0m[38;2;107;77;55m[48;2;255;138;64m▀[0m[38;2;107;77;55m[48;2;255;138;64m▀[0m[38;2;109;100;89m[48;2;65;64;65m▀[0m[38;2;129;232;241m[48;2;65;64;65m▀[0m[38;2;56;60;59m[48;2;129;232;241m▀[0m[38;2;56;60;59m[48;2;129;232;241m▀[0m[38;2;65;64;65m[48;2;129;232;241m▀[0m[38;2;65;64;65m[48;2;65;64;65m▀[0m[38;2;129;232;241m[48;2;65;64;65m▀[0m[38;2;129;232;241m[48;2;65;64;65m▀[0m[38;2;129;232;241m[48;2;129;232;241m▀[0m[38;2;129;232;241m[48;2;129;232;241m▀[0m[38;2;65;64;65m[48;2;129;232;241m▀[0m[38;2;65;64;65m[48;2;129;232;241m▀[0m[38;2;76;152;155m[48;2;65;64;65m▀[0m[38;2;76;152;155m[48;2;91;146;151m▀[0m[38;2;0;0;0m[48;2;129;232;241m▀[0m[38;2;0;0;0m▄  
            [38;2;0;0;0m[48;2;0;0;0m▀[0m[38;2;70;154;157m[48;2;72;150;158m▀[0m[38;2;54;107;110m[48;2;72;150;158m▀[0m[38;2;72;150;158m[48;2;63;108;110m▀[0m[38;2;72;150;158m[48;2;65;154;158m▀[0m[38;2;72;150;158m[48;2;68;152;158m▀[0m[38;2;72;150;158m[48;2;68;152;158m▀[0m[38;2;72;150;158m[48;2;69;151;158m▀[0m[38;2;72;150;158m[48;2;69;151;158m▀[0m[38;2;91;146;151m[48;2;87;150;154m▀[0m[38;2;129;232;241m[48;2;129;232;241m▀[0m[38;2;129;232;241m[48;2;129;232;241m▀[0m[38;2;129;232;241m[48;2;129;232;241m▀[0m[38;2;129;232;241m[48;2;129;232;241m▀[0m[38;2;65;64;65m[48;2;129;232;241m▀[0m[38;2;54;107;110m[48;2;65;64;65m▀[0m[38;2;54;107;110m[48;2;65;64;65m▀[0m[38;2;65;64;65m[48;2;70;154;157m▀[0m[38;2;65;64;65m[48;2;70;154;157m▀[0m[38;2;65;64;65m[48;2;70;155;160m▀[0m[38;2;65;64;65m[48;2;129;232;241m▀[0m[38;2;65;64;65m[48;2;58;108;109m▀[0m[38;2;129;232;241m[48;2;58;108;109m▀[0m[38;2;129;232;241m[48;2;129;232;241m▀[0m[38;2;129;232;241m[48;2;0;0;0m▀[0m[38;2;0;0;0m▀ 
             [38;2;0;0;0m▀[38;2;72;150;158m[48;2;0;0;0m▀[0m[38;2;65;154;158m[48;2;69;151;158m▀[0m[38;2;63;63;63m[48;2;69;151;158m▀[0m[38;2;65;64;65m[48;2;84;149;151m▀[0m[38;2;68;152;158m[48;2;45;72;75m▀[0m[38;2;69;151;158m[48;2;65;64;65m▀[0m[38;2;69;151;158m[48;2;65;64;65m▀[0m[38;2;57;68;66m[48;2;65;64;65m▀[0m[38;2;87;150;154m[48;2;65;64;65m▀[0m[38;2;129;232;241m[48;2;65;64;65m▀[0m[38;2;129;232;241m[48;2;65;154;158m▀[0m[38;2;129;232;241m[48;2;129;232;241m▀[0m[38;2;129;232;241m[48;2;70;155;160m▀[0m[38;2;65;64;65m[48;2;65;64;65m▀[0m[38;2;68;152;158m[48;2;65;154;158m▀[0m[38;2;70;154;157m[48;2;129;232;241m▀[0m[38;2;54;107;110m[48;2;129;232;241m▀[0m[38;2;129;232;241m[48;2;61;112;120m▀[0m[38;2;129;232;241m[48;2;129;232;241m▀[0m[38;2;129;232;241m[48;2;0;0;0m▀[0m[38;2;129;232;241m[48;2;0;0;0m▀[0m[38;2;0;0;0m▀   
           [38;2;0;0;0m▄[38;2;0;0;0m[48;2;72;150;158m▀[0m[38;2;0;0;0m[48;2;129;232;241m▀[0m[38;2;129;232;241m[48;2;77;151;160m▀[0m[38;2;69;151;158m[48;2;129;232;241m▀[0m[38;2;69;151;158m[48;2;0;0;0m▀[0m[38;2;8;4;0m▀[38;2;8;4;0m▀[38;2;54;107;110m[48;2;0;0;0m▀[0m[38;2;54;107;110m[48;2;0;0;0m▀[0m[38;2;0;0;0m▀[38;2;0;0;0m▀[38;2;65;110;111m[48;2;0;0;0m▀[0m[38;2;65;64;65m[48;2;72;150;158m▀[0m[38;2;70;155;160m[48;2;77;151;160m▀[0m[38;2;70;155;160m[48;2;77;151;160m▀[0m[38;2;65;110;111m[48;2;77;151;160m▀[0m[38;2;65;64;65m[48;2;129;232;241m▀[0m[38;2;129;232;241m[48;2;65;64;65m▀[0m[38;2;129;232;241m[48;2;0;0;0m▀[0m[38;2;129;232;241m[48;2;0;0;0m▀[0m[38;2;0;0;0m▀      
            [38;2;0;0;0m▀[38;2;0;0;0m▀[38;2;0;0;0m▀[38;2;0;0;0m▀        [38;2;0;0;0m▀[38;2;0;0;0m▀[38;2;129;232;241m[48;2;0;0;0m▀[0m[38;2;77;151;160m[48;2;0;0;0m▀[0m[38;2;0;0;0m▀[38;2;0;0;0m▀         
                                     [0m                                     