          [38;2;0;0;0m▄[38;2;0;0;0m[48;2;172;178;189m▀[0m[38;2;0;0;0m▄                   
          [38;2;0;0;0m[48;2;0;0;0m▀[0m[38;2;172;178;189m[48;2;175;180;191m▀[0m[38;2;0;0;0m[48;2;65;64;65m▀[0m[38;2;0;16;16m▄[38;2;0;0;0m[48;2;194;240;82m▀[0m[38;2;0;0;0m▄                
          [38;2;0;0;0m[48;2;0;0;0m▀[0m[38;2;65;64;65m[48;2;188;241;78m▀[0m[38;2;65;64;65m[48;2;65;64;65m▀[0m[38;2;67;81;34m[48;2;192;241;78m▀[0m[38;2;194;240;82m[48;2;192;241;78m▀[0m[38;2;0;0;0m[48;2;0;0;0m▀[0m    [38;2;0;0;0m▄[38;2;0;0;0m▄    [38;2;0;0;0m▄[38;2;0;0;0m[48;2;176;180;193m▀[0m[38;2;0;0;0m[48;2;176;180;193m▀[0m[38;2;0;0;0m[48;2;60;60;63m▀[0m[38;2;0;0;0m▄ 
         [38;2;0;0;0m[48;2;0;0;0m▀[0m[38;2;188;241;78m[48;2;188;241;78m▀[0m[38;2;188;241;78m[48;2;119;172;48m▀[0m[38;2;65;64;65m[48;2;188;241;78m▀[0m[38;2;192;241;78m[48;2;192;241;78m▀[0m[38;2;192;241;78m[48;2;192;241;78m▀[0m[38;2;65;64;65m[48;2;187;250;73m▀[0m[38;2;0;0;0m[48;2;61;65;56m▀[0m[38;2;0;0;0m▄[38;2;0;0;0m[48;2;188;241;78m▀[0m[38;2;0;0;0m[48;2;188;241;78m▀[0m[38;2;188;241;78m[48;2;188;241;78m▀[0m[38;2;188;241;78m[48;2;0;0;0m▀[0m[38;2;0;0;0m▀[38;2;0;0;0m▄[38;2;0;0;0m▄[38;2;0;0;0m[48;2;176;180;193m▀[0m[38;2;172;178;189m[48;2;176;180;193m▀[0m[38;2;176;180;193m[48;2;123;129;139m▀[0m[38;2;123;129;139m[48;2;176;180;193m▀[0m[38;2;180;182;189m[48;2;172;178;189m▀[0m[38;2;0;0;0m[48;2;0;0;0m▀[0m 
         [38;2;0;0;0m[48;2;0;0;0m▀[0m[38;2;188;241;78m[48;2;188;241;78m▀[0m[38;2;119;172;48m[48;2;192;241;78m▀[0m[38;2;188;241;78m[48;2;192;241;78m▀[0m[38;2;192;241;78m[48;2;192;241;78m▀[0m[38;2;192;241;78m[48;2;192;241;78m▀[0m[38;2;122;166;58m[48;2;192;241;78m▀[0m[38;2;122;166;58m[48;2;192;241;78m▀[0m[38;2;188;241;78m[48;2;188;241;78m▀[0m[38;2;188;241;78m[48;2;188;241;78m▀[0m[38;2;188;241;78m[48;2;0;0;0m▀[0m[38;2;0;0;0m▀[38;2;0;0;0m▄[38;2;0;0;0m[48;2;188;241;78m▀[0m[38;2;184;240;82m[48;2;164;216;53m▀[0m[38;2;119;169;46m[48;2;148;179;75m▀[0m[38;2;176;180;193m[48;2;123;129;139m▀[0m[38;2;123;129;139m[48;2;176;180;193m▀[0m[38;2;123;129;139m[48;2;123;129;139m▀[0m[38;2;176;180;193m[48;2;176;180;193m▀[0m[38;2;0;0;0m[48;2;0;0;0m▀[0m  
        [38;2;0;0;0m[48;2;0;0;0m▀[0m[38;2;188;241;78m[48;2;192;241;78m▀[0m[38;2;188;241;78m[48;2;192;241;78m▀[0m[38;2;192;241;78m[48;2;192;241;78m▀[0m[38;2;192;241;78m[48;2;192;241;78m▀[0m[38;2;192;241;78m[48;2;192;241;78m▀[0m[38;2;192;241;78m[48;2;192;241;78m▀[0m[38;2;192;241;78m[48;2;188;241;78m▀[0m[38;2;192;241;78m[48;2;188;241;78m▀[0m[38;2;188;241;78m[48;2;118;161;58m▀[0m[38;2;119;172;48m[48;2;0;8;8m▀[0m[38;2;0;0;0m▀[38;2;0;0;0m▄[38;2;0;0;0m[48;2;188;241;78m▀[0m[38;2;188;241;78m[48;2;188;241;78m▀[0m[38;2;148;179;75m[48;2;103;152;51m▀[0m[38;2;106;117;123m[48;2;167;182;191m▀[0m[38;2;123;129;139m[48;2;123;129;139m▀[0m[38;2;176;180;193m[48;2;176;180;193m▀[0m[38;2;123;129;139m[48;2;120;124;131m▀[0m[38;2;176;180;193m[48;2;0;0;0m▀[0m[38;2;0;0;0m▀  
        [38;2;0;0;0m[48;2;0;0;0m▀[0m[38;2;192;241;78m[48;2;188;241;78m▀[0m[38;2;192;241;78m[48;2;188;241;78m▀[0m[38;2;192;241;78m[48;2;188;241;78m▀[0m[38;2;192;241;78m[48;2;188;241;78m▀[0m[38;2;192;241;78m[48;2;139;177;45m▀[0m[38;2;192;241;78m[48;2;65;84;35m▀[0m[38;2;70;83;58m[48;2;246;190;74m▀[0m[38;2;70;83;58m[48;2;255;255;255m▀[0m[38;2;118;161;58m[48;2;71;83;59m▀[0m[38;2;78;105;42m[48;2;119;172;48m▀[0m[38;2;0;0;0m[48;2;65;64;65m▀[0m[38;2;119;172;48m[48;2;119;172;48m▀[0m[38;2;188;241;78m[48;2;119;172;48m▀[0m[38;2;119;172;48m[48;2;119;172;48m▀[0m[38;2;167;182;191m[48;2;172;178;189m▀[0m[38;2;146;155;123m[48;2;123;129;135m▀[0m[38;2;176;180;193m[48;2;180;186;197m▀[0m[38;2;123;129;139m[48;2;120;124;131m▀[0m[38;2;180;186;197m[48;2;0;0;0m▀[0m[38;2;0;0;0m▀   
        [38;2;0;0;0m▄[38;2;0;0;0m[48;2;65;64;65m▀[0m[38;2;188;241;78m[48;2;191;241;73m▀[0m[38;2;188;241;78m[48;2;119;172;48m▀[0m[38;2;70;83;58m[48;2;119;172;48m▀[0m[38;2;255;178;74m[48;2;85;151;55m▀[0m[38;2;0;0;16m[48;2;255;178;74m▀[0m[38;2;246;190;74m[48;2;255;255;255m▀[0m[38;2;255;255;255m[48;2;72;75;63m▀[0m[38;2;71;83;59m[48;2;119;172;48m▀[0m[38;2;119;172;48m[48;2;65;64;65m▀[0m[38;2;65;64;65m[48;2;119;172;48m▀[0m[38;2;119;172;48m[48;2;119;172;48m▀[0m[38;2;119;172;48m[48;2;175;180;191m▀[0m[38;2;123;129;137m[48;2;175;180;191m▀[0m[38;2;123;129;135m[48;2;123;129;139m▀[0m[38;2;123;129;135m[48;2;0;0;0m▀[0m[38;2;0;0;0m▀[38;2;0;0;0m▀     
       [38;2;0;0;0m▀[38;2;119;172;48m[48;2;0;0;0m▀[0m[38;2;127;161;60m[48;2;119;172;48m▀[0m[38;2;65;64;65m[48;2;65;64;65m▀[0m[38;2;65;64;65m[48;2;188;241;78m▀[0m[38;2;119;172;48m[48;2;74;76;90m▀[0m[38;2;85;151;55m[48;2;65;64;65m▀[0m[38;2;83;39;48m[48;2;13;96;0m▀[0m[38;2;72;75;63m[48;2;74;76;90m▀[0m[38;2;72;75;63m[48;2;188;241;78m▀[0m[38;2;65;64;65m[48;2;65;64;65m▀[0m[38;2;65;64;65m[48;2;188;241;78m▀[0m[38;2;65;64;65m[48;2;188;241;78m▀[0m[38;2;65;64;65m[48;2;65;64;65m▀[0m[38;2;175;180;191m[48;2;65;64;65m▀[0m[38;2;65;64;65m[48;2;175;183;191m▀[0m[38;2;0;0;0m[48;2;0;0;0m▀[0m        
    [38;2;0;0;0m▄[38;2;0;0;0m▄[38;2;0;0;0m▄[38;2;0;0;0m▄[38;2;0;0;0m▀[38;2;119;172;48m[48;2;0;12;8m▀[0m[38;2;65;64;65m[48;2;123;170;56m▀[0m[38;2;188;241;78m[48;2;65;64;65m▀[0m[38;2;74;76;90m[48;2;119;172;48m▀[0m[38;2;13;96;0m[48;2;13;96;0m▀[0m[38;2;13;96;0m[48;2;186;241;68m▀[0m[38;2;188;241;78m[48;2;119;172;48m▀[0m[38;2;74;76;90m[48;2;119;172;48m▀[0m[38;2;188;241;78m[48;2;0;0;0m▀[0m[38;2;188;241;78m[48;2;188;241;78m▀[0m[38;2;188;241;78m[48;2;194;240;82m▀[0m[38;2;188;241;78m[48;2;67;81;34m▀[0m[38;2;65;64;65m[48;2;175;182;191m▀[0m[38;2;120;124;128m[48;2;175;182;191m▀[0m[38;2;123;129;139m[48;2;172;178;189m▀[0m[38;2;0;0;0m[48;2;0;0;0m▀[0m       
  [38;2;0;0;0m▄[38;2;0;0;0m[48;2;119;172;48m▀[0m[38;2;119;172;48m[48;2;119;172;48m▀[0m[38;2;119;172;48m[48;2;119;172;48m▀[0m[38;2;119;172;48m[48;2;119;172;48m▀[0m[38;2;119;172;48m[48;2;65;64;65m▀[0m[38;2;0;0;0m[48;2;108;154;84m▀[0m[38;2;123;170;56m[48;2;65;64;65m▀[0m[38;2;60;84;34m[48;2;119;172;48m▀[0m[38;2;65;64;65m[48;2;119;172;48m▀[0m[38;2;65;64;65m[48;2;119;172;48m▀[0m[38;2;13;96;0m[48;2;65;64;65m▀[0m[38;2;149;162;74m[48;2;65;64;65m▀[0m[38;2;119;172;48m[48;2;65;64;65m▀[0m[38;2;0;0;0m[48;2;20;137;1m▀[0m[38;2;0;0;0m▄[38;2;0;0;0m▀[38;2;0;16;16m▀[38;2;131;159;60m[48;2;0;0;0m▀[0m[38;2;65;68;65m[48;2;119;172;48m▀[0m[38;2;120;125;128m[48;2;65;64;65m▀[0m[38;2;0;0;0m[48;2;67;81;34m▀[0m[38;2;0;16;16m▄[38;2;0;0;0m▄      
 [38;2;0;0;0m[48;2;0;0;0m▀[0m[38;2;119;172;48m[48;2;119;172;48m▀[0m[38;2;188;241;78m[48;2;119;172;48m▀[0m[38;2;119;172;48m[48;2;119;172;48m▀[0m[38;2;119;172;48m[48;2;119;172;48m▀[0m[38;2;65;64;65m[48;2;119;172;48m▀[0m[38;2;246;190;74m[48;2;65;64;65m▀[0m[38;2;65;64;65m[48;2;119;172;48m▀[0m[38;2;119;172;48m[48;2;65;64;65m▀[0m[38;2;65;64;65m[48;2;119;172;48m▀[0m[38;2;119;172;48m[48;2;65;64;65m▀[0m[38;2;65;64;65m[48;2;13;102;0m▀[0m[38;2;188;241;78m[48;2;20;137;1m▀[0m[38;2;121;199;47m[48;2;13;96;0m▀[0m[38;2;13;96;0m[48;2;20;137;1m▀[0m[38;2;20;137;1m[48;2;121;199;47m▀[0m[38;2;188;241;78m[48;2;65;64;65m▀[0m[38;2;0;0;0m[48;2;188;241;78m▀[0m[38;2;0;0;0m[48;2;192;241;78m▀[0m[38;2;65;64;65m[48;2;192;241;78m▀[0m[38;2;65;64;65m[48;2;65;64;65m▀[0m[38;2;65;64;65m[48;2;214;255;96m▀[0m[38;2;194;240;82m[48;2;218;255;125m▀[0m[38;2;194;240;82m[48;2;193;241;78m▀[0m[38;2;65;64;65m[48;2;65;64;65m▀[0m[38;2;0;0;0m[48;2;246;190;74m▀[0m[38;2;0;0;0m▄    
 [38;2;0;0;0m▀[38;2;119;172;48m[48;2;0;0;0m▀[0m[38;2;119;172;48m[48;2;117;144;67m▀[0m[38;2;119;172;48m[48;2;73;100;40m▀[0m[38;2;119;172;48m[48;2;65;64;65m▀[0m[38;2;119;172;48m[48;2;65;64;65m▀[0m[38;2;65;64;65m[48;2;122;160;67m▀[0m[38;2;119;172;48m[48;2;64;78;43m▀[0m[38;2;65;64;65m[48;2;119;172;48m▀[0m[38;2;119;172;48m[48;2;0;0;0m▀[0m[38;2;0;4;0m▀[38;2;21;145;1m[48;2;0;0;0m▀[0m[38;2;20;137;1m[48;2;13;98;0m▀[0m[38;2;20;137;1m[48;2;13;98;0m▀[0m[38;2;13;96;0m[48;2;121;199;47m▀[0m[38;2;121;199;47m[48;2;188;241;78m▀[0m[38;2;65;64;65m[48;2;0;0;0m▀[0m[38;2;188;241;78m[48;2;119;172;48m▀[0m[38;2;192;241;78m[48;2;191;241;73m▀[0m[38;2;192;241;78m[48;2;65;64;65m▀[0m[38;2;65;64;65m[48;2;193;241;78m▀[0m[38;2;214;255;96m[48;2;218;255;125m▀[0m[38;2;218;255;125m[48;2;192;241;78m▀[0m[38;2;193;241;78m[48;2;192;241;78m▀[0m[38;2;155;206;86m[48;2;192;241;78m▀[0m[38;2;65;64;65m[48;2;192;241;78m▀[0m[38;2;0;0;0m[48;2;188;241;78m▀[0m[38;2;0;0;0m▄   
   [38;2;0;4;0m▀[38;2;0;4;0m▀[38;2;119;172;48m[48;2;0;0;0m▀[0m[38;2;119;172;48m[48;2;0;0;0m▀[0m[38;2;0;16;16m▀[38;2;64;78;43m[48;2;0;0;0m▀[0m[38;2;119;172;48m[48;2;119;172;48m▀[0m[38;2;119;172;48m[48;2;119;172;48m▀[0m[38;2;0;0;0m[48;2;0;0;0m▀[0m [38;2;0;20;32m▀[38;2;128;187;61m[48;2;0;0;0m▀[0m[38;2;188;241;78m[48;2;0;0;0m▀[0m[38;2;0;0;0m▀ [38;2;0;0;0m[48;2;0;0;0m▀[0m[38;2;127;161;60m[48;2;122;166;58m▀[0m[38;2;65;64;65m[48;2;122;166;58m▀[0m[38;2;193;241;78m[48;2;65;64;65m▀[0m[38;2;193;241;78m[48;2;188;241;78m▀[0m[38;2;192;241;78m[48;2;192;241;78m▀[0m[38;2;192;241;78m[48;2;192;241;78m▀[0m[38;2;192;241;78m[48;2;188;241;78m▀[0m[38;2;192;241;78m[48;2;65;64;65m▀[0m[38;2;188;241;78m[48;2;119;172;48m▀[0m[38;2;0;0;0m[48;2;0;0;0m▀[0m   
        [38;2;0;0;0m[48;2;0;0;0m▀[0m[38;2;119;172;48m[48;2;119;172;48m▀[0m[38;2;119;172;48m[48;2;119;172;48m▀[0m[38;2;119;172;48m[48;2;103;107;83m▀[0m[38;2;0;0;0m[48;2;198;188;168m▀[0m[38;2;0;0;0m▄   [38;2;0;0;0m[48;2;0;0;0m▀[0m[38;2;188;241;78m[48;2;188;241;78m▀[0m[38;2;61;65;56m[48;2;192;241;78m▀[0m[38;2;187;250;73m[48;2;192;241;78m▀[0m[38;2;65;64;65m[48;2;65;64;65m▀[0m[38;2;188;241;78m[48;2;65;64;65m▀[0m[38;2;192;241;78m[48;2;194;240;82m▀[0m[38;2;192;241;78m[48;2;194;240;82m▀[0m[38;2;188;241;78m[48;2;65;64;65m▀[0m[38;2;65;64;65m[48;2;65;64;65m▀[0m[38;2;119;172;48m[48;2;119;172;48m▀[0m[38;2;0;0;0m[48;2;0;0;0m▀[0m   
       [38;2;0;0;0m▀[38;2;172;178;189m[48;2;0;0;0m▀[0m[38;2;65;64;65m[48;2;0;0;0m▀[0m[38;2;119;172;48m[48;2;0;0;0m▀[0m[38;2;10;16;0m▀[38;2;10;16;0m▀    [38;2;0;0;0m[48;2;0;0;0m▀[0m[38;2;188;241;78m[48;2;188;241;78m▀[0m[38;2;192;241;78m[48;2;188;241;78m▀[0m[38;2;192;241;78m[48;2;188;241;78m▀[0m[38;2;188;241;78m[48;2;188;241;78m▀[0m[38;2;65;64;65m[48;2;0;0;0m▀[0m[38;2;0;16;16m▀[38;2;67;81;34m[48;2;0;0;0m▀[0m[38;2;65;64;65m[48;2;0;0;0m▀[0m[38;2;119;172;48m[48;2;0;0;0m▀[0m[38;2;0;0;0m▀    
                  [38;2;0;0;0m[48;2;0;0;0m▀[0m[38;2;119;172;48m[48;2;255;255;255m▀[0m[38;2;119;172;48m[48;2;255;255;255m▀[0m[38;2;188;241;78m[48;2;0;0;0m▀[0m[38;2;0;0;0m▀         
                             [38;2;0;0;0m▀[38;2;0;0;0m▀                     
                                     [0m                                     