 [38;2;0;0;0m▄[38;2;0;0;0m▄     [38;2;0;0;0m▄[38;2;0;0;0m[48;2;246;46;43m▀[0m[38;2;0;0;0m▄                          
 [38;2;0;0;0m[48;2;0;0;0m▀[0m[38;2;166;53;51m[48;2;166;53;51m▀[0m[38;2;0;0;0m[48;2;76;180;150m▀[0m[38;2;0;0;0m▄   [38;2;0;0;0m[48;2;0;0;0m▀[0m[38;2;213;67;65m[48;2;61;191;173m▀[0m[38;2;24;6;0m[48;2;213;67;65m▀[0m[38;2;0;0;0m▄                         
  [38;2;0;0;0m[48;2;0;0;0m▀[0m[38;2;166;53;51m[48;2;166;53;51m▀[0m[38;2;0;0;0m[48;2;166;53;51m▀[0m[38;2;0;0;0m▄ [38;2;0;0;0m▄[38;2;0;0;0m[48;2;246;46;43m▀[0m[38;2;246;46;43m[48;2;126;212;200m▀[0m[38;2;246;46;43m[48;2;126;212;200m▀[0m[38;2;0;0;0m[48;2;0;0;0m▀[0m                         
  [38;2;0;0;0m[48;2;0;0;0m▀[0m[38;2;169;53;48m[48;2;75;177;157m▀[0m[38;2;75;177;157m[48;2;169;53;48m▀[0m[38;2;0;0;0m[48;2;167;56;49m▀[0m[38;2;0;0;0m▄[38;2;8;8;0m[48;2;45;63;84m▀[0m[38;2;119;210;240m[48;2;82;143;162m▀[0m[38;2;61;191;173m[48;2;213;67;65m▀[0m[38;2;213;67;65m[48;2;24;6;0m▀[0m[38;2;0;0;0m▀[38;2;0;0;0m▄[38;2;0;0;0m▄[38;2;0;0;0m▄                      
  [38;2;0;0;0m▀[38;2;166;53;51m[48;2;0;0;0m▀[0m[38;2;166;53;51m[48;2;0;0;0m▀[0m[38;2;84;179;188m[48;2;61;118;128m▀[0m[38;2;8;16;0m[48;2;38;60;67m▀[0m[38;2;246;46;43m[48;2;126;212;200m▀[0m[38;2;246;46;43m[48;2;126;212;200m▀[0m[38;2;79;113;123m[48;2;120;211;221m▀[0m[38;2;78;63;53m[48;2;78;63;53m▀[0m[38;2;0;16;16m[48;2;245;56;48m▀[0m[38;2;78;29;31m[48;2;245;56;48m▀[0m[38;2;166;55;51m[48;2;76;63;61m▀[0m[38;2;166;55;51m[48;2;255;50;43m▀[0m[38;2;8;2;0m[48;2;78;147;168m▀[0m[38;2;8;2;0m[48;2;118;218;249m▀[0m[38;2;0;0;0m▄                   
     [38;2;0;0;0m▀[38;2;167;56;49m[48;2;0;0;0m▀[0m[38;2;64;65;65m[48;2;167;50;49m▀[0m[38;2;167;50;49m[48;2;64;65;65m▀[0m[38;2;246;46;43m[48;2;246;46;43m▀[0m[38;2;246;46;43m[48;2;64;65;65m▀[0m[38;2;64;65;65m[48;2;246;46;43m▀[0m[38;2;246;46;43m[48;2;246;46;43m▀[0m[38;2;246;46;43m[48;2;246;46;43m▀[0m[38;2;64;65;65m[48;2;64;65;65m▀[0m[38;2;126;212;200m[48;2;187;117;134m▀[0m[38;2;246;46;43m[48;2;126;212;200m▀[0m[38;2;118;218;249m[48;2;78;147;168m▀[0m[38;2;8;2;0m[48;2;8;2;0m▀[0m                  
      [38;2;0;0;0m[48;2;0;0;0m▀[0m[38;2;246;46;43m[48;2;246;46;43m▀[0m[38;2;64;65;65m[48;2;246;46;43m▀[0m[38;2;68;66;71m[48;2;246;46;43m▀[0m[38;2;246;46;43m[48;2;159;55;54m▀[0m[38;2;245;56;48m[48;2;122;72;76m▀[0m[38;2;245;56;48m[48;2;65;80;82m▀[0m[38;2;57;68;65m[48;2;114;65;64m▀[0m[38;2;235;55;50m[48;2;57;68;65m▀[0m[38;2;246;46;43m[48;2;167;50;49m▀[0m[38;2;246;46;43m[48;2;246;46;43m▀[0m[38;2;246;46;43m[48;2;64;65;65m▀[0m[38;2;64;65;65m[48;2;246;46;43m▀[0m[38;2;0;0;0m[48;2;246;46;43m▀[0m[38;2;0;0;0m▄                
     [38;2;0;0;0m[48;2;0;0;0m▀[0m[38;2;246;46;43m[48;2;246;46;43m▀[0m[38;2;246;46;43m[48;2;246;46;43m▀[0m[38;2;246;46;43m[48;2;246;46;43m▀[0m[38;2;149;83;87m[48;2;117;82;86m▀[0m[38;2;117;82;86m[48;2;57;76;74m▀[0m[38;2;61;84;46m[48;2;0;20;32m▀[0m[38;2;140;255;74m[48;2;99;169;60m▀[0m[38;2;64;65;65m[48;2;64;65;65m▀[0m[38;2;64;65;65m[48;2;91;115;105m▀[0m[38;2;120;211;221m[48;2;78;63;53m▀[0m[38;2;78;63;53m[48;2;79;113;123m▀[0m[38;2;246;46;43m[48;2;246;46;43m▀[0m[38;2;246;46;43m[48;2;126;212;200m▀[0m[38;2;118;218;249m[48;2;78;147;168m▀[0m[38;2;8;2;0m[48;2;8;2;0m▀[0m       [38;2;0;0;0m▄[38;2;8;2;0m[48;2;84;168;188m▀[0m[38;2;8;2;0m[48;2;56;113;129m▀[0m[38;2;0;0;0m▄     
     [38;2;0;0;0m▀[38;2;167;56;49m[48;2;0;0;0m▀[0m[38;2;243;54;54m[48;2;65;72;74m▀[0m[38;2;65;72;74m[48;2;123;67;71m▀[0m[38;2;52;76;98m[48;2;117;116;84m▀[0m[38;2;99;242;57m[48;2;117;116;84m▀[0m[38;2;137;195;120m[48;2;119;109;92m▀[0m[38;2;57;71;74m[48;2;119;109;92m▀[0m[38;2;91;115;105m[48;2;91;115;105m▀[0m[38;2;91;115;105m[48;2;64;65;65m▀[0m[38;2;78;63;53m[48;2;120;211;221m▀[0m[38;2;79;113;123m[48;2;78;63;53m▀[0m[38;2;246;46;43m[48;2;64;65;65m▀[0m[38;2;246;46;43m[48;2;64;65;65m▀[0m[38;2;0;0;0m[48;2;246;46;43m▀[0m[38;2;0;0;0m▄      [38;2;8;2;0m[48;2;8;2;0m▀[0m[38;2;124;60;102m[48;2;84;168;188m▀[0m[38;2;167;56;49m[48;2;0;0;0m▀[0m[38;2;0;0;0m▀ [38;2;0;0;0m▄[38;2;8;2;0m[48;2;118;218;249m▀[0m[38;2;8;2;0m[48;2;78;147;168m▀[0m[38;2;0;0;0m▄ 
      [38;2;0;0;0m▀[38;2;91;115;105m[48;2;0;0;0m▀[0m[38;2;91;115;105m[48;2;91;115;105m▀[0m[38;2;91;115;105m[48;2;0;0;0m▀[0m[38;2;0;0;0m▀[38;2;60;62;60m[48;2;0;0;0m▀[0m[38;2;76;100;90m[48;2;60;62;60m▀[0m[38;2;75;99;89m[48;2;75;99;89m▀[0m[38;2;75;99;89m[48;2;75;99;89m▀[0m[38;2;64;65;65m[48;2;75;99;89m▀[0m[38;2;64;65;65m[48;2;64;65;65m▀[0m[38;2;209;52;31m[48;2;214;60;74m▀[0m[38;2;214;60;74m[48;2;120;211;221m▀[0m[38;2;118;218;249m[48;2;78;147;168m▀[0m[38;2;8;2;0m[48;2;8;2;0m▀[0m    [38;2;0;0;0m▄[38;2;0;0;0m[48;2;167;56;49m▀[0m[38;2;88;66;42m[48;2;72;168;184m▀[0m[38;2;134;65;94m[48;2;65;117;133m▀[0m[38;2;0;0;0m[48;2;64;65;65m▀[0m[38;2;0;0;0m▄[38;2;16;4;0m[48;2;167;83;135m▀[0m[38;2;78;148;172m[48;2;118;220;249m▀[0m[38;2;127;85;172m[48;2;0;0;0m▀[0m[38;2;0;0;0m▀  
        [38;2;0;0;0m▀ [38;2;0;0;0m▀[38;2;91;170;149m[48;2;0;12;0m▀[0m[38;2;52;84;74m[48;2;52;84;74m▀[0m[38;2;75;99;89m[48;2;90;114;104m▀[0m[38;2;75;99;89m[48;2;90;114;104m▀[0m[38;2;65;68;65m[48;2;89;114;108m▀[0m[38;2;130;212;194m[48;2;65;68;65m▀[0m[38;2;246;46;43m[48;2;159;55;54m▀[0m[38;2;246;46;43m[48;2;68;66;71m▀[0m[38;2;77;33;36m[48;2;243;64;59m▀[0m[38;2;0;16;16m[48;2;160;45;45m▀[0m[38;2;0;0;0m▄[38;2;0;0;0m[48;2;167;56;49m▀[0m[38;2;0;0;0m[48;2;166;53;51m▀[0m[38;2;0;0;0m[48;2;166;53;51m▀[0m[38;2;64;65;65m[48;2;246;46;43m▀[0m[38;2;64;65;65m[48;2;246;46;43m▀[0m[38;2;160;54;52m[48;2;64;65;65m▀[0m[38;2;64;65;65m[48;2;255;50;43m▀[0m[38;2;203;63;79m[48;2;199;51;33m▀[0m[38;2;126;211;212m[48;2;126;211;212m▀[0m[38;2;144;48;79m[48;2;74;182;207m▀[0m[38;2;211;71;121m[48;2;8;5;0m▀[0m[38;2;0;0;0m▀   
         [38;2;0;0;0m▄[38;2;0;0;0m[48;2;76;180;150m▀[0m[38;2;64;65;65m[48;2;64;65;65m▀[0m[38;2;91;115;105m[48;2;91;115;105m▀[0m[38;2;91;115;105m[48;2;91;115;105m▀[0m[38;2;91;115;105m[48;2;91;115;105m▀[0m[38;2;91;115;105m[48;2;91;115;105m▀[0m[38;2;91;115;105m[48;2;64;65;65m▀[0m[38;2;64;65;65m[48;2;246;46;43m▀[0m[38;2;246;46;43m[48;2;246;46;43m▀[0m[38;2;105;209;241m[48;2;87;174;191m▀[0m[38;2;150;60;69m[48;2;100;58;39m▀[0m[38;2;167;50;49m[48;2;167;50;49m▀[0m[38;2;167;50;49m[48;2;246;46;43m▀[0m[38;2;214;60;74m[48;2;209;52;31m▀[0m[38;2;214;60;74m[48;2;120;211;221m▀[0m[38;2;188;48;40m[48;2;191;73;115m▀[0m[38;2;120;211;221m[48;2;188;48;40m▀[0m[38;2;124;89;189m[48;2;102;227;248m▀[0m[38;2;90;57;41m[48;2;124;89;189m▀[0m[38;2;164;72;63m[48;2;80;44;39m▀[0m[38;2;0;12;8m▀[38;2;76;180;150m[48;2;0;0;0m▀[0m[38;2;0;0;0m▀    
         [38;2;0;0;0m▄[38;2;0;0;0m[48;2;91;115;105m▀[0m[38;2;91;115;105m[48;2;91;115;105m▀[0m[38;2;91;115;105m[48;2;91;115;105m▀[0m[38;2;91;115;105m[48;2;91;115;105m▀[0m[38;2;91;115;105m[48;2;91;115;105m▀[0m[38;2;65;68;65m[48;2;89;114;108m▀[0m[38;2;130;212;194m[48;2;65;68;65m▀[0m[38;2;160;54;52m[48;2;64;65;65m▀[0m[38;2;255;50;43m[48;2;64;65;65m▀[0m[38;2;90;57;41m[48;2;42;142;128m▀[0m[38;2;42;142;128m[48;2;102;227;248m▀[0m[38;2;126;212;194m[48;2;126;212;194m▀[0m[38;2;167;53;49m[48;2;167;53;49m▀[0m[38;2;246;46;43m[48;2;246;46;43m▀[0m[38;2;167;50;49m[48;2;167;50;49m▀[0m[38;2;126;212;200m[48;2;246;46;43m▀[0m[38;2;246;46;43m[48;2;246;46;43m▀[0m[38;2;167;50;49m[48;2;167;50;49m▀[0m[38;2;246;46;43m[48;2;246;46;43m▀[0m[38;2;0;0;0m[48;2;0;0;0m▀[0m       
         [38;2;0;0;0m[48;2;0;0;0m▀[0m[38;2;83;107;97m[48;2;83;107;97m▀[0m[38;2;90;114;104m[48;2;75;99;89m▀[0m[38;2;90;114;104m[48;2;90;114;104m▀[0m[38;2;91;115;105m[48;2;91;115;105m▀[0m[38;2;91;115;105m[48;2;91;115;105m▀[0m[38;2;91;115;105m[48;2;91;115;105m▀[0m[38;2;64;65;65m[48;2;64;65;65m▀[0m[38;2;246;46;43m[48;2;246;46;43m▀[0m[38;2;246;46;43m[48;2;246;46;43m▀[0m[38;2;246;46;43m[48;2;246;46;43m▀[0m[38;2;126;212;200m[48;2;246;46;43m▀[0m[38;2;255;50;43m[48;2;160;54;52m▀[0m[38;2;64;65;65m[48;2;64;65;65m▀[0m[38;2;255;50;43m[48;2;76;63;61m▀[0m[38;2;166;55;51m[48;2;166;55;51m▀[0m[38;2;167;50;49m[48;2;167;50;49m▀[0m[38;2;64;65;65m[48;2;64;65;65m▀[0m[38;2;246;46;43m[48;2;167;50;49m▀[0m[38;2;167;50;49m[48;2;167;50;49m▀[0m[38;2;136;80;77m[48;2;136;80;77m▀[0m[38;2;0;0;0m[48;2;0;0;0m▀[0m      
          [38;2;0;0;0m[48;2;0;0;0m▀[0m[38;2;75;99;89m[48;2;64;65;65m▀[0m[38;2;75;99;89m[48;2;75;99;89m▀[0m[38;2;75;99;89m[48;2;75;99;89m▀[0m[38;2;75;99;89m[48;2;75;99;89m▀[0m[38;2;75;99;89m[48;2;75;99;89m▀[0m[38;2;75;99;89m[48;2;75;99;89m▀[0m[38;2;57;68;65m[48;2;114;65;64m▀[0m[38;2;235;55;50m[48;2;57;68;65m▀[0m[38;2;255;50;43m[48;2;166;55;51m▀[0m[38;2;166;55;51m[48;2;76;63;61m▀[0m[38;2;165;62;58m[48;2;65;80;74m▀[0m[38;2;96;80;75m[48;2;96;80;75m▀[0m[38;2;55;85;103m[48;2;0;8;0m▀[0m[38;2;102;182;207m[48;2;0;8;0m▀[0m[38;2;0;0;0m▀[38;2;167;56;49m[48;2;0;0;0m▀[0m[38;2;65;68;65m[48;2;65;68;65m▀[0m[38;2;123;71;70m[48;2;152;72;72m▀[0m[38;2;167;56;49m[48;2;0;0;0m▀[0m[38;2;0;0;0m▀      
         [38;2;0;0;0m[48;2;0;0;0m▀[0m[38;2;75;99;89m[48;2;0;0;0m▀[0m[38;2;167;56;49m[48;2;0;0;0m▀[0m[38;2;0;0;0m▀[38;2;0;0;0m▀[38;2;75;99;89m[48;2;0;0;0m▀[0m[38;2;75;99;89m[48;2;0;0;0m▀[0m[38;2;75;99;89m[48;2;0;0;0m▀[0m[38;2;64;65;65m[48;2;0;0;0m▀[0m[38;2;64;65;65m[48;2;64;65;65m▀[0m[38;2;65;68;65m[48;2;123;71;70m▀[0m[38;2;152;72;72m[48;2;65;68;65m▀[0m[38;2;64;65;65m[48;2;0;0;0m▀[0m[38;2;0;0;0m▀    [38;2;0;0;0m[48;2;0;0;0m▀[0m[38;2;91;115;105m[48;2;0;0;0m▀[0m[38;2;0;0;0m▀       
                  [38;2;0;0;0m[48;2;0;0;0m▀[0m[38;2;230;80;76m[48;2;153;59;55m▀[0m[38;2;153;59;55m[48;2;0;12;8m▀[0m[38;2;0;0;0m▀               
                         [38;2;0;0;0m▀[38;2;0;0;0m▀                         
                                     [0m                                     