       [38;2;0;4;0m▄[38;2;0;0;0m[48;2;250;176;1m▀[0m[38;2;0;0;0m▄          
      [38;2;0;4;0m[48;2;0;4;0m▀[0m[38;2;250;176;1m[48;2;250;176;1m▀[0m[38;2;250;176;1m[48;2;250;176;1m▀[0m[38;2;0;0;0m[48;2;250;176;1m▀[0m[38;2;0;0;0m▄  [38;2;0;0;0m▄[38;2;0;0;0m▄[38;2;0;0;0m[48;2;250;176;1m▀[0m[38;2;0;0;0m[48;2;250;176;1m▀[0m[38;2;0;0;0m[48;2;250;176;1m▀[0m[38;2;0;0;0m[48;2;0;0;0m▀[0m 
     [38;2;0;4;0m[48;2;0;4;0m▀[0m[38;2;250;176;1m[48;2;250;176;1m▀[0m[38;2;250;176;1m[48;2;252;208;113m▀[0m[38;2;250;176;1m[48;2;252;208;113m▀[0m[38;2;250;176;1m[48;2;252;208;113m▀[0m[38;2;0;0;0m[48;2;252;208;113m▀[0m[38;2;0;0;0m▄[38;2;16;0;0m[48;2;252;208;113m▀[0m[38;2;175;116;71m[48;2;252;208;113m▀[0m[38;2;250;176;1m[48;2;250;176;1m▀[0m[38;2;250;176;1m[48;2;250;176;1m▀[0m[38;2;250;176;1m[48;2;250;176;1m▀[0m[38;2;0;4;0m[48;2;0;4;0m▀[0m  
     [38;2;0;4;0m[48;2;0;4;0m▀[0m[38;2;252;208;113m[48;2;253;240;225m▀[0m[38;2;253;240;225m[48;2;253;240;225m▀[0m[38;2;235;203;81m[48;2;235;203;81m▀[0m[38;2;253;240;225m[48;2;253;240;225m▀[0m[38;2;95;95;95m[48;2;95;95;95m▀[0m[38;2;253;240;225m[48;2;253;240;225m▀[0m[38;2;253;240;225m[48;2;255;216;49m▀[0m[38;2;255;216;49m[48;2;253;240;225m▀[0m[38;2;252;208;113m[48;2;255;243;206m▀[0m[38;2;252;208;113m[48;2;82;60;41m▀[0m[38;2;0;4;0m[48;2;66;64;66m▀[0m[38;2;0;4;0m▄  
      [38;2;0;4;0m[48;2;0;4;0m▀[0m[38;2;253;240;225m[48;2;253;240;225m▀[0m[38;2;235;203;81m[48;2;235;203;81m▀[0m[38;2;96;95;98m[48;2;96;95;98m▀[0m[38;2;253;240;225m[48;2;235;203;81m▀[0m[38;2;235;203;81m[48;2;235;203;81m▀[0m[38;2;235;203;81m[48;2;253;240;225m▀[0m[38;2;253;240;225m[48;2;253;240;225m▀[0m[38;2;66;65;66m[48;2;253;240;225m▀[0m[38;2;253;240;225m[48;2;253;240;225m▀[0m[38;2;253;240;225m[48;2;0;4;0m▀[0m[38;2;0;4;0m▀  
       [38;2;0;4;0m[48;2;0;4;0m▀[0m[38;2;253;240;225m[48;2;95;95;95m▀[0m[38;2;253;240;225m[48;2;253;240;225m▀[0m[38;2;235;203;81m[48;2;253;240;225m▀[0m[38;2;253;240;225m[48;2;253;240;225m▀[0m[38;2;253;240;225m[48;2;0;4;0m▀[0m[38;2;0;4;0m▀[38;2;0;4;0m▀[38;2;0;4;0m▀    
     [38;2;0;4;0m▄[38;2;0;4;0m[48;2;253;240;225m▀[0m[38;2;253;240;225m[48;2;253;240;225m▀[0m[38;2;253;240;225m[48;2;253;240;225m▀[0m[38;2;253;240;225m[48;2;253;240;225m▀[0m[38;2;253;240;225m[48;2;253;240;225m▀[0m[38;2;95;95;95m[48;2;253;240;225m▀[0m[38;2;0;4;0m[48;2;253;240;225m▀[0m[38;2;0;4;0m▄[38;2;0;4;0m▄     
    [38;2;0;12;8m[48;2;0;12;8m▀[0m[38;2;70;50;1m[48;2;192;136;1m▀[0m[38;2;235;201;83m[48;2;235;201;83m▀[0m[38;2;235;201;83m[48;2;235;201;83m▀[0m[38;2;253;240;225m[48;2;235;203;81m▀[0m[38;2;253;240;225m[48;2;235;203;81m▀[0m[38;2;159;152;145m[48;2;253;240;225m▀[0m[38;2;253;240;225m[48;2;66;69;74m▀[0m[38;2;253;240;225m[48;2;169;165;152m▀[0m[38;2;169;165;152m[48;2;253;240;225m▀[0m[38;2;245;236;225m[48;2;122;120;112m▀[0m[38;2;0;4;0m[48;2;0;4;0m▀[0m    
    [38;2;0;4;0m▀[38;2;172;164;153m[48;2;0;4;0m▀[0m[38;2;74;73;74m[48;2;163;154;145m▀[0m[38;2;253;240;225m[48;2;163;154;145m▀[0m[38;2;235;203;81m[48;2;253;240;225m▀[0m[38;2;235;203;81m[48;2;253;240;225m▀[0m[38;2;24;0;0m[48;2;199;146;23m▀[0m[38;2;140;113;104m[48;2;199;146;23m▀[0m[38;2;169;165;150m[48;2;169;165;150m▀[0m[38;2;169;165;150m[48;2;66;65;66m▀[0m[38;2;253;240;225m[48;2;0;4;0m▀[0m[38;2;253;240;225m[48;2;0;4;0m▀[0m[38;2;0;4;0m▀   
      [38;2;0;4;0m▀[38;2;0;4;0m▀[38;2;172;164;153m[48;2;0;4;0m▀[0m[38;2;172;164;153m[48;2;172;164;153m▀[0m[38;2;172;164;153m[48;2;85;83;85m▀[0m[38;2;85;83;85m[48;2;169;165;152m▀[0m[38;2;85;83;85m[48;2;253;236;225m▀[0m[38;2;0;0;0m[48;2;253;236;225m▀[0m[38;2;0;4;0m▄[38;2;0;4;0m▄[38;2;0;4;0m▄   
 [38;2;0;4;0m▄[38;2;0;4;0m[48;2;250;176;1m▀[0m[38;2;0;4;0m[48;2;250;176;1m▀[0m[38;2;0;4;0m[48;2;250;176;1m▀[0m[38;2;0;4;0m▄ [38;2;0;4;0m[48;2;0;4;0m▀[0m[38;2;253;240;225m[48;2;169;165;152m▀[0m[38;2;253;240;225m[48;2;253;240;225m▀[0m[38;2;253;240;225m[48;2;253;240;225m▀[0m[38;2;253;240;225m[48;2;169;165;152m▀[0m[38;2;82;83;82m[48;2;0;0;0m▀[0m[38;2;245;236;218m[48;2;0;0;0m▀[0m[38;2;253;240;225m[48;2;253;240;225m▀[0m[38;2;253;240;225m[48;2;169;165;152m▀[0m[38;2;82;83;82m[48;2;245;236;218m▀[0m[38;2;0;0;0m[48;2;0;0;0m▀[0m  
 [38;2;0;4;0m▀[38;2;250;176;1m[48;2;0;4;0m▀[0m[38;2;250;176;1m[48;2;0;4;0m▀[0m[38;2;250;176;1m[48;2;203;194;175m▀[0m[38;2;237;236;218m[48;2;167;137;104m▀[0m[38;2;0;0;0m[48;2;253;236;225m▀[0m[38;2;253;236;225m[48;2;85;83;85m▀[0m[38;2;253;240;225m[48;2;0;4;0m▀[0m[38;2;169;161;150m[48;2;0;4;0m▀[0m[38;2;172;164;153m[48;2;172;164;153m▀[0m[38;2;8;8;0m[48;2;63;63;57m▀[0m[38;2;0;4;0m▄ [38;2;0;4;0m▀[38;2;0;4;0m▀[38;2;0;4;0m▀   
    [38;2;0;4;0m▀[38;2;235;203;81m[48;2;0;4;0m▀[0m[38;2;172;164;153m[48;2;0;4;0m▀[0m[38;2;0;4;0m▀ [38;2;0;4;0m▄[38;2;16;0;0m[48;2;102;83;78m▀[0m[38;2;189;166;156m[48;2;102;83;78m▀[0m[38;2;250;176;1m[48;2;250;176;1m▀[0m[38;2;0;8;8m[48;2;250;176;1m▀[0m[38;2;0;4;0m▄     
         [38;2;0;4;0m▀[38;2;250;176;1m[48;2;0;4;0m▀[0m[38;2;250;176;1m[48;2;0;4;0m▀[0m[38;2;250;176;1m[48;2;0;4;0m▀[0m[38;2;250;176;1m[48;2;0;4;0m▀[0m[38;2;0;4;0m▀     
                                     [0m                                     