         [38;2;0;0;0m▄[38;2;0;0;0m▄[38;2;0;0;0m[48;2;255;167;107m▀[0m[38;2;0;0;0m[48;2;156;76;51m▀[0m[38;2;0;0;0m[48;2;234;125;77m▀[0m[38;2;0;0;0m▄[38;2;0;0;0m▄[38;2;0;0;0m▄             
      [38;2;0;0;0m▄[38;2;0;0;0m[48;2;255;167;107m▀[0m[38;2;0;8;16m[48;2;82;47;46m▀[0m[38;2;255;158;99m[48;2;172;106;68m▀[0m[38;2;255;164;99m[48;2;187;77;37m▀[0m[38;2;187;77;37m[48;2;221;127;74m▀[0m[38;2;234;123;72m[48;2;234;123;72m▀[0m[38;2;234;123;72m[48;2;234;123;72m▀[0m[38;2;66;65;66m[48;2;66;65;66m▀[0m[38;2;235;125;69m[48;2;235;125;69m▀[0m[38;2;77;44;31m[48;2;234;121;78m▀[0m[38;2;0;8;8m[48;2;0;8;8m▀[0m            
    [38;2;0;0;0m▄[38;2;0;0;0m[48;2;255;167;107m▀[0m[38;2;255;167;107m[48;2;255;167;107m▀[0m[38;2;180;85;44m[48;2;180;85;44m▀[0m[38;2;235;125;69m[48;2;235;125;69m▀[0m[38;2;66;65;66m[48;2;66;65;66m▀[0m[38;2;234;123;72m[48;2;234;123;72m▀[0m[38;2;234;123;72m[48;2;234;123;72m▀[0m[38;2;235;125;69m[48;2;235;125;69m▀[0m[38;2;235;125;69m[48;2;66;65;66m▀[0m[38;2;66;65;66m[48;2;235;125;69m▀[0m[38;2;235;125;69m[48;2;235;125;69m▀[0m[38;2;235;125;69m[48;2;235;125;69m▀[0m[38;2;66;65;66m[48;2;66;65;66m▀[0m[38;2;0;0;0m[48;2;235;125;69m▀[0m[38;2;0;0;0m▄          
    [38;2;0;0;0m[48;2;0;0;0m▀[0m[38;2;255;167;107m[48;2;255;167;107m▀[0m[38;2;175;85;45m[48;2;175;85;45m▀[0m[38;2;234;124;71m[48;2;234;124;71m▀[0m[38;2;234;123;72m[48;2;234;123;72m▀[0m[38;2;234;123;72m[48;2;234;123;72m▀[0m[38;2;66;65;66m[48;2;66;65;66m▀[0m[38;2;235;125;69m[48;2;235;125;69m▀[0m[38;2;235;125;69m[48;2;235;125;69m▀[0m[38;2;66;65;66m[48;2;235;125;69m▀[0m[38;2;234;123;72m[48;2;234;123;72m▀[0m[38;2;234;123;72m[48;2;234;123;72m▀[0m[38;2;66;65;66m[48;2;66;65;66m▀[0m[38;2;235;125;69m[48;2;235;125;69m▀[0m[38;2;235;125;69m[48;2;235;125;69m▀[0m[38;2;0;0;0m[48;2;0;0;0m▀[0m          
     [38;2;0;0;0m[48;2;0;0;0m▀[0m[38;2;234;124;71m[48;2;175;85;45m▀[0m[38;2;234;124;71m[48;2;234;124;71m▀[0m[38;2;234;123;72m[48;2;234;123;72m▀[0m[38;2;234;123;72m[48;2;234;123;72m▀[0m[38;2;216;127;73m[48;2;208;63;29m▀[0m[38;2;216;127;73m[48;2;255;203;90m▀[0m[38;2;175;85;45m[48;2;255;209;82m▀[0m[38;2;175;85;45m[48;2;255;209;82m▀[0m[38;2;183;71;35m[48;2;255;199;90m▀[0m[38;2;219;138;70m[48;2;183;71;35m▀[0m[38;2;235;125;69m[48;2;66;65;66m▀[0m[38;2;235;125;69m[48;2;235;125;69m▀[0m[38;2;0;0;0m[48;2;0;0;0m▀[0m           
    [38;2;0;0;0m[48;2;0;0;0m▀[0m[38;2;132;132;104m[48;2;132;132;104m▀[0m[38;2;183;71;35m[48;2;255;199;90m▀[0m[38;2;219;138;70m[48;2;183;71;35m▀[0m[38;2;234;124;71m[48;2;234;124;71m▀[0m[38;2;175;85;45m[48;2;175;85;45m▀[0m[38;2;255;209;85m[48;2;255;209;85m▀[0m[38;2;255;209;85m[48;2;255;209;85m▀[0m[38;2;255;209;82m[48;2;255;209;82m▀[0m[38;2;255;209;82m[48;2;66;65;66m▀[0m[38;2;255;209;82m[48;2;66;65;66m▀[0m[38;2;255;209;82m[48;2;255;209;82m▀[0m[38;2;255;209;82m[48;2;255;209;82m▀[0m[38;2;66;65;66m[48;2;255;209;82m▀[0m[38;2;0;0;0m▄           
   [38;2;0;0;0m[48;2;0;0;0m▀[0m[38;2;255;255;231m[48;2;255;255;231m▀[0m[38;2;24;0;0m[48;2;178;170;154m▀[0m[38;2;255;209;82m[48;2;129;130;104m▀[0m[38;2;255;209;82m[48;2;255;209;82m▀[0m[38;2;175;85;45m[48;2;255;209;82m▀[0m[38;2;255;209;82m[48;2;255;209;82m▀[0m[38;2;255;209;82m[48;2;255;209;82m▀[0m[38;2;255;209;82m[48;2;204;174;50m▀[0m[38;2;90;90;85m[48;2;255;255;255m▀[0m[38;2;90;90;85m[48;2;8;8;0m▀[0m[38;2;132;132;104m[48;2;132;132;104m▀[0m[38;2;66;65;66m[48;2;132;132;104m▀[0m[38;2;255;209;85m[48;2;255;209;85m▀[0m[38;2;255;209;85m[48;2;255;209;85m▀[0m[38;2;0;0;0m[48;2;255;209;82m▀[0m[38;2;0;0;0m▄          
    [38;2;8;0;0m[48;2;8;0;0m▀[0m[38;2;172;170;142m[48;2;255;255;214m▀[0m[38;2;255;255;255m[48;2;255;255;255m▀[0m[38;2;200;195;189m[48;2;200;195;189m▀[0m[38;2;194;184;164m[48;2;255;247;222m▀[0m[38;2;74;60;49m[48;2;194;184;164m▀[0m[38;2;255;209;82m[48;2;255;209;82m▀[0m[38;2;123;132;101m[48;2;123;132;101m▀[0m[38;2;255;255;255m[48;2;255;255;255m▀[0m[38;2;66;65;66m[48;2;255;255;255m▀[0m[38;2;255;255;255m[48;2;255;255;255m▀[0m[38;2;255;255;255m[48;2;255;255;255m▀[0m[38;2;255;209;82m[48;2;204;174;50m▀[0m[38;2;255;209;82m[48;2;204;174;50m▀[0m[38;2;200;173;54m[48;2;200;173;54m▀[0m[38;2;0;0;0m[48;2;0;0;0m▀[0m          
     [38;2;0;0;0m▀[38;2;255;215;90m[48;2;8;8;0m▀[0m[38;2;255;215;90m[48;2;182;140;49m▀[0m[38;2;239;243;255m[48;2;200;169;54m▀[0m[38;2;222;209;192m[48;2;200;169;54m▀[0m[38;2;255;251;247m[48;2;220;174;34m▀[0m[38;2;232;200;105m[48;2;220;174;34m▀[0m[38;2;156;151;84m[48;2;156;151;84m▀[0m[38;2;255;255;255m[48;2;156;151;84m▀[0m[38;2;255;255;255m[48;2;156;151;84m▀[0m[38;2;156;151;84m[48;2;156;151;84m▀[0m[38;2;200;173;54m[48;2;200;173;54m▀[0m[38;2;200;173;54m[48;2;0;0;0m▀[0m[38;2;0;0;0m▀           
    [38;2;0;0;0m▄[38;2;0;0;0m[48;2;153;247;132m▀[0m[38;2;153;247;132m[48;2;153;247;132m▀[0m[38;2;66;65;66m[48;2;153;247;132m▀[0m[38;2;66;65;66m[48;2;148;242;127m▀[0m[38;2;203;182;54m[48;2;66;65;66m▀[0m[38;2;203;171;54m[48;2;66;65;66m▀[0m[38;2;203;171;54m[48;2;66;65;66m▀[0m[38;2;203;171;54m[48;2;66;65;66m▀[0m[38;2;203;171;54m[48;2;66;65;66m▀[0m[38;2;203;171;54m[48;2;66;65;66m▀[0m[38;2;66;65;66m[48;2;97;191;76m▀[0m[38;2;94;86;36m[48;2;93;187;72m▀[0m[38;2;0;0;8m▄            
    [38;2;0;0;0m▄[38;2;0;0;0m[48;2;200;173;54m▀[0m[38;2;151;245;130m[48;2;66;60;66m▀[0m[38;2;151;245;130m[48;2;103;197;82m▀[0m[38;2;152;246;131m[48;2;152;246;131m▀[0m[38;2;152;246;131m[48;2;152;246;131m▀[0m[38;2;153;247;132m[48;2;153;247;132m▀[0m[38;2;153;247;132m[48;2;98;192;77m▀[0m[38;2;98;192;77m[48;2;98;192;77m▀[0m[38;2;98;192;77m[48;2;98;192;77m▀[0m[38;2;97;191;76m[48;2;66;65;66m▀[0m[38;2;97;191;76m[48;2;66;65;66m▀[0m[38;2;97;191;76m[48;2;97;191;76m▀[0m[38;2;97;191;76m[48;2;0;0;0m▀[0m[38;2;0;0;0m▀           
   [38;2;0;0;0m[48;2;0;0;0m▀[0m[38;2;182;165;49m[48;2;255;231;90m▀[0m[38;2;182;165;49m[48;2;8;12;0m▀[0m[38;2;0;0;0m▀[38;2;0;0;0m▀[38;2;66;58;40m[48;2;0;12;24m▀[0m[38;2;103;197;82m[48;2;66;58;40m▀[0m[38;2;97;191;76m[48;2;66;65;66m▀[0m[38;2;97;191;76m[48;2;66;65;66m▀[0m[38;2;66;58;40m[48;2;209;176;62m▀[0m[38;2;66;58;40m[48;2;0;12;24m▀[0m[38;2;0;0;0m▀[38;2;200;173;54m[48;2;0;0;0m▀[0m[38;2;94;86;36m[48;2;191;176;64m▀[0m[38;2;0;0;8m[48;2;0;0;8m▀[0m      [38;2;0;0;0m▄[38;2;0;0;0m▄    
 [38;2;0;0;0m▄[38;2;0;0;0m[48;2;134;104;37m▀[0m[38;2;134;104;37m[48;2;255;203;90m▀[0m[38;2;255;203;90m[48;2;134;104;37m▀[0m[38;2;0;0;0m[48;2;0;0;0m▀[0m [38;2;0;0;0m[48;2;0;0;0m▀[0m[38;2;255;213;82m[48;2;255;213;82m▀[0m[38;2;134;121;98m[48;2;74;97;107m▀[0m[38;2;132;130;107m[48;2;78;89;107m▀[0m[38;2;132;130;107m[48;2;78;89;107m▀[0m[38;2;180;145;50m[48;2;255;223;90m▀[0m[38;2;0;4;0m[48;2;0;4;0m▀[0m [38;2;0;0;0m▄[38;2;0;0;0m[48;2;255;209;82m▀[0m[38;2;255;209;82m[48;2;255;209;82m▀[0m[38;2;0;0;0m[48;2;0;0;0m▀[0m    [38;2;0;0;0m[48;2;0;0;0m▀[0m[38;2;234;123;72m[48;2;234;123;72m▀[0m[38;2;234;123;72m[48;2;234;123;72m▀[0m[38;2;0;0;0m[48;2;0;0;0m▀[0m   
 [38;2;0;0;0m▀[38;2;255;233;82m[48;2;0;8;16m▀[0m[38;2;89;83;33m[48;2;145;239;124m▀[0m[38;2;82;81;66m[48;2;153;247;132m▀[0m[38;2;153;247;132m[48;2;153;247;132m▀[0m[38;2;0;8;16m[48;2;145;239;124m▀[0m[38;2;255;233;82m[48;2;89;83;33m▀[0m[38;2;78;89;107m[48;2;132;130;107m▀[0m[38;2;132;130;107m[48;2;78;89;107m▀[0m[38;2;132;130;107m[48;2;78;89;107m▀[0m[38;2;132;130;107m[48;2;78;89;107m▀[0m[38;2;255;209;82m[48;2;255;209;82m▀[0m[38;2;255;209;82m[48;2;82;81;66m▀[0m[38;2;0;12;24m[48;2;85;66;49m▀[0m[38;2;85;66;49m[48;2;255;213;99m▀[0m[38;2;255;209;82m[48;2;130;90;42m▀[0m[38;2;130;90;42m[48;2;255;209;82m▀[0m[38;2;0;0;0m[48;2;66;65;66m▀[0m[38;2;0;0;0m▄  [38;2;0;0;0m▄[38;2;0;0;0m▄[38;2;8;0;8m[48;2;131;225;110m▀[0m[38;2;172;110;62m[48;2;172;110;62m▀[0m[38;2;0;0;0m[48;2;153;247;132m▀[0m[38;2;0;0;0m▄  
   [38;2;0;0;0m▀[38;2;153;247;132m[48;2;8;4;8m▀[0m[38;2;153;247;132m[48;2;86;180;65m▀[0m[38;2;152;246;131m[48;2;152;246;131m▀[0m[38;2;152;246;131m[48;2;152;246;131m▀[0m[38;2;131;131;107m[48;2;153;247;132m▀[0m[38;2;131;131;107m[48;2;153;247;132m▀[0m[38;2;131;131;107m[48;2;153;247;132m▀[0m[38;2;131;131;107m[48;2;153;247;132m▀[0m[38;2;82;81;66m[48;2;153;247;132m▀[0m[38;2;153;247;132m[48;2;153;247;132m▀[0m[38;2;153;247;132m[48;2;153;247;132m▀[0m[38;2;82;81;66m[48;2;153;247;132m▀[0m[38;2;151;245;130m[48;2;151;245;130m▀[0m[38;2;66;60;66m[48;2;103;197;82m▀[0m[38;2;97;191;76m[48;2;66;65;66m▀[0m[38;2;97;191;76m[48;2;97;191;76m▀[0m[38;2;0;0;0m[48;2;97;191;76m▀[0m[38;2;0;0;0m[48;2;97;191;76m▀[0m[38;2;66;60;66m[48;2;102;196;81m▀[0m[38;2;148;242;127m[48;2;102;196;81m▀[0m[38;2;153;247;132m[48;2;98;192;77m▀[0m[38;2;153;247;132m[48;2;98;192;77m▀[0m[38;2;97;191;76m[48;2;97;191;76m▀[0m[38;2;97;191;76m[48;2;0;0;0m▀[0m[38;2;0;0;0m▀ 
    [38;2;0;0;0m▀[38;2;97;191;76m[48;2;0;0;0m▀[0m[38;2;98;192;77m[48;2;98;192;77m▀[0m[38;2;98;192;77m[48;2;98;192;77m▀[0m[38;2;153;247;132m[48;2;21;109;1m▀[0m[38;2;153;247;132m[48;2;0;0;16m▀[0m[38;2;153;247;132m[48;2;0;0;0m▀[0m[38;2;153;247;132m[48;2;0;0;0m▀[0m[38;2;153;247;132m[48;2;153;247;132m▀[0m[38;2;153;247;132m[48;2;98;192;77m▀[0m[38;2;153;247;132m[48;2;98;192;77m▀[0m[38;2;98;192;77m[48;2;98;192;77m▀[0m[38;2;97;191;76m[48;2;97;191;76m▀[0m[38;2;97;191;76m[48;2;66;65;66m▀[0m[38;2;66;65;66m[48;2;97;191;76m▀[0m[38;2;97;191;76m[48;2;97;191;76m▀[0m[38;2;98;192;77m[48;2;98;192;77m▀[0m[38;2;98;192;77m[48;2;98;192;77m▀[0m[38;2;97;191;76m[48;2;97;191;76m▀[0m[38;2;97;191;76m[48;2;0;0;0m▀[0m[38;2;0;0;0m▀[38;2;0;0;0m▀[38;2;0;0;0m▀   
      [38;2;0;0;0m▀[38;2;0;0;0m▀[38;2;0;0;0m▀   [38;2;0;0;0m▀[38;2;97;191;76m[48;2;0;0;0m▀[0m[38;2;97;191;76m[48;2;0;0;0m▀[0m[38;2;97;191;76m[48;2;0;0;0m▀[0m[38;2;97;191;76m[48;2;0;0;0m▀[0m[38;2;0;0;0m▀[38;2;0;0;0m▀[38;2;0;0;0m▀[38;2;0;0;0m▀[38;2;0;0;0m▀[38;2;0;0;0m▀       
                                     [0m                                     