       [38;2;0;0;0m▄[38;2;0;0;0m▄ [38;2;0;0;0m▄[38;2;0;0;0m[48;2;141;165;254m▀[0m[38;2;0;0;0m[48;2;0;0;0m▀[0m             
     [38;2;0;0;0m▄[38;2;0;0;0m[48;2;111;103;222m▀[0m[38;2;111;103;222m[48;2;88;80;199m▀[0m[38;2;0;0;0m[48;2;141;165;254m▀[0m[38;2;0;0;0m[48;2;141;165;254m▀[0m[38;2;141;165;254m[48;2;141;165;254m▀[0m[38;2;141;165;254m[48;2;88;80;199m▀[0m[38;2;0;0;0m[48;2;111;103;222m▀[0m[38;2;0;0;0m[48;2;141;165;254m▀[0m[38;2;0;0;0m[48;2;141;165;254m▀[0m[38;2;0;0;0m▄          
    [38;2;0;0;0m▄[38;2;0;0;0m[48;2;88;80;199m▀[0m[38;2;88;80;199m[48;2;141;165;254m▀[0m[38;2;141;165;254m[48;2;141;165;254m▀[0m[38;2;141;165;254m[48;2;88;80;199m▀[0m[38;2;88;80;199m[48;2;111;103;222m▀[0m[38;2;88;80;199m[48;2;141;165;254m▀[0m[38;2;141;165;254m[48;2;141;165;254m▀[0m[38;2;141;165;254m[48;2;141;165;254m▀[0m[38;2;88;80;199m[48;2;141;165;254m▀[0m[38;2;0;0;0m[48;2;141;165;254m▀[0m[38;2;0;0;0m▄[38;2;0;0;0m▄[38;2;0;0;0m[48;2;141;165;254m▀[0m[38;2;0;0;0m[48;2;141;165;254m▀[0m[38;2;0;0;0m[48;2;0;0;0m▀[0m      
    [38;2;0;0;0m▀[38;2;141;165;254m[48;2;0;0;0m▀[0m[38;2;141;165;254m[48;2;141;165;254m▀[0m[38;2;88;80;199m[48;2;88;80;199m▀[0m[38;2;141;165;254m[48;2;141;165;254m▀[0m[38;2;141;165;254m[48;2;141;165;254m▀[0m[38;2;141;165;254m[48;2;88;80;199m▀[0m[38;2;141;165;254m[48;2;65;65;65m▀[0m[38;2;111;103;222m[48;2;141;165;254m▀[0m[38;2;141;165;254m[48;2;88;80;199m▀[0m[38;2;65;65;65m[48;2;141;165;254m▀[0m[38;2;141;165;254m[48;2;141;165;254m▀[0m[38;2;141;165;254m[48;2;65;65;65m▀[0m[38;2;111;103;222m[48;2;65;65;65m▀[0m[38;2;65;65;65m[48;2;141;165;254m▀[0m[38;2;0;0;0m[48;2;141;165;254m▀[0m[38;2;0;0;0m▄[38;2;0;0;0m▄[38;2;0;0;0m[48;2;255;149;148m▀[0m[38;2;0;0;0m[48;2;251;209;208m▀[0m[38;2;0;0;0m[48;2;0;0;0m▀[0m 
  [38;2;0;0;0m▄[38;2;0;0;0m▄[38;2;0;0;0m[48;2;141;165;254m▀[0m[38;2;141;165;254m[48;2;141;165;254m▀[0m[38;2;141;165;254m[48;2;141;165;254m▀[0m[38;2;141;165;254m[48;2;141;165;254m▀[0m[38;2;0;0;0m[48;2;255;255;255m▀[0m[38;2;0;0;0m[48;2;65;65;65m▀[0m[38;2;255;255;255m[48;2;255;255;255m▀[0m[38;2;255;255;255m[48;2;141;165;254m▀[0m[38;2;141;165;254m[48;2;141;165;254m▀[0m[38;2;141;165;254m[48;2;88;80;199m▀[0m[38;2;141;165;254m[48;2;111;103;222m▀[0m[38;2;141;165;254m[48;2;141;165;254m▀[0m[38;2;141;165;254m[48;2;111;103;222m▀[0m[38;2;141;165;254m[48;2;65;65;65m▀[0m[38;2;111;103;222m[48;2;65;65;65m▀[0m[38;2;65;65;65m[48;2;251;209;208m▀[0m[38;2;65;65;65m[48;2;251;209;208m▀[0m[38;2;251;209;208m[48;2;227;102;100m▀[0m[38;2;251;209;208m[48;2;227;102;100m▀[0m[38;2;0;0;0m[48;2;0;0;0m▀[0m[38;2;0;0;0m▄ 
 [38;2;0;0;0m[48;2;0;0;0m▀[0m[38;2;111;103;222m[48;2;141;165;254m▀[0m[38;2;141;165;254m[48;2;65;65;65m▀[0m[38;2;141;165;254m[48;2;65;65;65m▀[0m[38;2;141;165;254m[48;2;141;165;254m▀[0m[38;2;141;165;254m[48;2;141;165;254m▀[0m[38;2;141;165;254m[48;2;88;80;199m▀[0m[38;2;141;165;254m[48;2;88;80;199m▀[0m[38;2;141;165;254m[48;2;141;165;254m▀[0m[38;2;141;165;254m[48;2;141;165;254m▀[0m[38;2;141;165;254m[48;2;111;103;222m▀[0m[38;2;111;103;222m[48;2;65;65;65m▀[0m[38;2;65;65;65m[48;2;111;103;222m▀[0m[38;2;65;65;65m[48;2;111;103;222m▀[0m[38;2;65;65;65m[48;2;111;103;222m▀[0m[38;2;111;103;222m[48;2;65;65;65m▀[0m[38;2;111;103;222m[48;2;65;65;65m▀[0m[38;2;65;65;65m[48;2;65;65;65m▀[0m[38;2;251;209;208m[48;2;111;103;222m▀[0m[38;2;251;209;208m[48;2;251;209;208m▀[0m[38;2;251;209;208m[48;2;255;149;148m▀[0m[38;2;251;209;208m[48;2;227;102;100m▀[0m[38;2;251;209;208m[48;2;0;0;0m▀[0m[38;2;0;0;0m▀ 
  [38;2;0;0;0m▀[38;2;141;165;254m[48;2;0;0;0m▀[0m[38;2;141;165;254m[48;2;0;0;0m▀[0m[38;2;141;165;254m[48;2;0;0;0m▀[0m[38;2;0;0;0m▀[38;2;0;0;0m[48;2;0;0;0m▀[0m[38;2;65;65;65m[48;2;251;209;208m▀[0m[38;2;65;65;65m[48;2;255;149;148m▀[0m[38;2;65;65;65m[48;2;255;149;148m▀[0m[38;2;65;65;65m[48;2;251;209;208m▀[0m[38;2;111;103;222m[48;2;141;165;254m▀[0m[38;2;111;103;222m[48;2;111;103;222m▀[0m[38;2;111;103;222m[48;2;88;80;199m▀[0m[38;2;111;103;222m[48;2;65;65;65m▀[0m[38;2;111;103;222m[48;2;65;65;65m▀[0m[38;2;111;103;222m[48;2;111;103;222m▀[0m[38;2;111;103;222m[48;2;255;149;148m▀[0m[38;2;255;149;148m[48;2;255;149;148m▀[0m[38;2;227;102;100m[48;2;255;149;148m▀[0m[38;2;227;102;100m[48;2;255;149;148m▀[0m[38;2;0;0;0m[48;2;255;149;148m▀[0m[38;2;0;0;0m▄  
        [38;2;65;65;65m▀[38;2;251;209;208m[48;2;65;65;65m▀[0m[38;2;65;65;65m[48;2;141;165;254m▀[0m[38;2;65;65;65m[48;2;141;165;254m▀[0m[38;2;65;65;65m[48;2;88;80;199m▀[0m[38;2;141;165;254m[48;2;65;65;65m▀[0m[38;2;111;103;222m[48;2;111;103;222m▀[0m[38;2;111;103;222m[48;2;111;103;222m▀[0m[38;2;65;65;65m[48;2;0;0;0m▀[0m[38;2;0;0;0m▀[38;2;0;0;0m▀[38;2;0;0;0m▀[38;2;0;0;0m▀[38;2;0;0;0m▀[38;2;0;0;0m▀   
        [38;2;0;0;0m[48;2;0;0;0m▀[0m[38;2;141;165;254m[48;2;88;80;199m▀[0m[38;2;141;165;254m[48;2;111;103;222m▀[0m[38;2;111;103;222m[48;2;88;80;199m▀[0m[38;2;111;103;222m[48;2;65;65;65m▀[0m[38;2;65;65;65m[48;2;111;103;222m▀[0m[38;2;111;103;222m[48;2;88;80;199m▀[0m[38;2;0;0;0m[48;2;0;0;0m▀[0m          
         [38;2;0;0;0m▀[38;2;88;80;199m[48;2;0;0;0m▀[0m[38;2;111;103;222m[48;2;0;0;0m▀[0m[38;2;111;103;222m[48;2;0;0;0m▀[0m[38;2;88;80;199m[48;2;0;0;0m▀[0m[38;2;0;0;0m▀           
                                     [0m                                     