                         [38;2;0;0;0m▄[38;2;0;0;0m[48;2;169;192;140m▀[0m[38;2;0;0;0m[48;2;65;65;65m▀[0m[38;2;0;0;0m▄            
               [38;2;0;0;0m▄[38;2;0;0;0m▄[38;2;0;0;0m▄[38;2;0;0;0m▄[38;2;0;0;0m▄    [38;2;0;0;0m[48;2;0;0;0m▀[0m[38;2;169;192;140m[48;2;169;192;140m▀[0m[38;2;169;192;140m[48;2;169;192;140m▀[0m[38;2;169;192;140m[48;2;132;157;95m▀[0m[38;2;0;0;0m[48;2;0;0;0m▀[0m    [38;2;0;0;0m▄[38;2;0;0;0m▄[38;2;0;0;0m[48;2;239;249;228m▀[0m[38;2;0;0;0m[48;2;239;249;228m▀[0m[38;2;0;0;0m[48;2;239;249;228m▀[0m[38;2;0;0;0m▄  
           [38;2;0;0;0m▄[38;2;0;0;0m[48;2;239;249;228m▀[0m[38;2;0;0;0m[48;2;239;249;228m▀[0m[38;2;0;0;0m[48;2;239;249;228m▀[0m[38;2;239;249;228m[48;2;205;232;177m▀[0m[38;2;239;249;228m[48;2;239;249;228m▀[0m[38;2;239;249;228m[48;2;239;249;228m▀[0m[38;2;205;232;177m[48;2;239;249;228m▀[0m[38;2;239;249;228m[48;2;205;232;177m▀[0m[38;2;0;0;0m[48;2;239;249;228m▀[0m[38;2;0;0;0m[48;2;239;249;228m▀[0m[38;2;0;0;0m▄[38;2;0;0;0m[48;2;0;0;0m▀[0m[38;2;169;192;140m[48;2;169;192;140m▀[0m[38;2;169;192;140m[48;2;132;157;95m▀[0m[38;2;132;157;95m[48;2;169;192;140m▀[0m[38;2;169;192;140m[48;2;0;0;0m▀[0m[38;2;0;0;0m▀ [38;2;0;0;0m▄[38;2;0;0;0m[48;2;239;249;228m▀[0m[38;2;0;0;0m[48;2;239;249;228m▀[0m[38;2;239;249;228m[48;2;239;249;228m▀[0m[38;2;239;249;228m[48;2;239;249;228m▀[0m[38;2;239;249;228m[48;2;74;90;106m▀[0m[38;2;239;249;228m[48;2;74;90;106m▀[0m[38;2;239;249;228m[48;2;239;249;228m▀[0m[38;2;239;249;228m[48;2;239;249;228m▀[0m[38;2;0;0;0m[48;2;0;0;0m▀[0m 
            [38;2;0;0;0m[48;2;0;0;0m▀[0m[38;2;239;249;228m[48;2;239;249;228m▀[0m[38;2;239;249;228m[48;2;239;249;228m▀[0m[38;2;205;232;177m[48;2;239;249;228m▀[0m[38;2;239;249;228m[48;2;205;232;177m▀[0m[38;2;239;249;228m[48;2;239;249;228m▀[0m[38;2;239;249;228m[48;2;239;249;228m▀[0m[38;2;205;232;177m[48;2;205;232;177m▀[0m[38;2;239;249;228m[48;2;239;249;228m▀[0m[38;2;205;232;177m[48;2;205;232;177m▀[0m[38;2;239;249;228m[48;2;239;249;228m▀[0m[38;2;65;65;65m[48;2;205;232;177m▀[0m[38;2;169;192;140m[48;2;65;65;65m▀[0m[38;2;132;157;95m[48;2;132;157;95m▀[0m[38;2;169;192;140m[48;2;169;192;140m▀[0m[38;2;0;0;0m[48;2;65;65;65m▀[0m[38;2;0;0;0m▄[38;2;0;0;0m[48;2;239;249;228m▀[0m[38;2;239;249;228m[48;2;239;249;228m▀[0m[38;2;239;249;228m[48;2;239;249;228m▀[0m[38;2;74;90;106m[48;2;239;249;228m▀[0m[38;2;239;249;228m[48;2;239;249;228m▀[0m[38;2;239;249;228m[48;2;239;249;228m▀[0m[38;2;74;90;106m[48;2;239;249;228m▀[0m[38;2;74;90;106m[48;2;239;249;228m▀[0m[38;2;239;249;228m[48;2;239;249;228m▀[0m[38;2;239;249;228m[48;2;0;0;0m▀[0m[38;2;0;0;0m▀ 
            [38;2;0;0;0m▄[38;2;0;0;0m[48;2;0;0;0m▀[0m[38;2;239;249;228m[48;2;239;249;228m▀[0m[38;2;239;249;228m[48;2;65;65;65m▀[0m[38;2;205;232;177m[48;2;65;65;65m▀[0m[38;2;239;249;228m[48;2;65;65;65m▀[0m[38;2;65;65;65m[48;2;74;90;106m▀[0m[38;2;65;65;65m[48;2;74;90;106m▀[0m[38;2;65;65;65m[48;2;74;90;106m▀[0m[38;2;65;65;65m[48;2;74;90;106m▀[0m[38;2;205;232;177m[48;2;65;65;65m▀[0m[38;2;239;249;228m[48;2;65;65;65m▀[0m[38;2;65;65;65m[48;2;65;65;65m▀[0m[38;2;169;192;140m[48;2;169;192;140m▀[0m[38;2;169;192;140m[48;2;132;157;95m▀[0m[38;2;169;192;140m[48;2;65;65;65m▀[0m[38;2;0;0;0m[48;2;239;249;228m▀[0m[38;2;239;249;228m[48;2;239;249;228m▀[0m[38;2;239;249;228m[48;2;239;249;228m▀[0m[38;2;239;249;228m[48;2;169;192;140m▀[0m[38;2;239;249;228m[48;2;169;192;140m▀[0m[38;2;169;192;140m[48;2;239;249;228m▀[0m[38;2;169;192;140m[48;2;239;249;228m▀[0m[38;2;169;192;140m[48;2;239;249;228m▀[0m[38;2;239;249;228m[48;2;239;249;228m▀[0m[38;2;239;249;228m[48;2;0;0;0m▀[0m[38;2;0;0;0m▀  
          [38;2;0;0;0m▄[38;2;0;0;0m[48;2;74;90;106m▀[0m[38;2;74;90;106m[48;2;255;175;74m▀[0m[38;2;74;90;106m[48;2;255;175;74m▀[0m[38;2;65;65;65m[48;2;255;175;74m▀[0m[38;2;74;90;106m[48;2;255;175;74m▀[0m[38;2;74;90;106m[48;2;255;175;74m▀[0m[38;2;74;90;106m[48;2;74;90;106m▀[0m[38;2;74;90;106m[48;2;74;90;106m▀[0m[38;2;74;90;106m[48;2;74;90;106m▀[0m[38;2;74;90;106m[48;2;74;90;106m▀[0m[38;2;74;90;106m[48;2;74;90;106m▀[0m[38;2;74;90;106m[48;2;74;90;106m▀[0m[38;2;74;90;106m[48;2;74;90;106m▀[0m[38;2;74;90;106m[48;2;74;90;106m▀[0m[38;2;65;65;65m[48;2;74;90;106m▀[0m[38;2;169;192;140m[48;2;65;65;65m▀[0m[38;2;65;65;65m[48;2;239;249;228m▀[0m[38;2;239;249;228m[48;2;239;249;228m▀[0m[38;2;239;249;228m[48;2;169;192;140m▀[0m[38;2;169;192;140m[48;2;239;249;228m▀[0m[38;2;239;249;228m[48;2;239;249;228m▀[0m[38;2;239;249;228m[48;2;74;90;106m▀[0m[38;2;239;249;228m[48;2;74;90;106m▀[0m[38;2;239;249;228m[48;2;239;249;228m▀[0m[38;2;239;249;228m[48;2;239;249;228m▀[0m[38;2;239;249;228m[48;2;0;0;0m▀[0m[38;2;0;0;0m▀   
  [38;2;0;0;0m▄[38;2;0;0;0m▄[38;2;0;0;0m▄[38;2;0;0;0m▄[38;2;0;0;0m▄[38;2;0;0;0m▄[38;2;0;0;0m▄[38;2;0;0;0m[48;2;74;90;106m▀[0m[38;2;255;175;74m[48;2;255;175;74m▀[0m[38;2;255;175;74m[48;2;255;175;74m▀[0m[38;2;255;175;74m[48;2;255;175;74m▀[0m[38;2;255;175;74m[48;2;255;175;74m▀[0m[38;2;255;175;74m[48;2;255;175;74m▀[0m[38;2;255;175;74m[48;2;255;175;74m▀[0m[38;2;255;175;74m[48;2;255;175;74m▀[0m[38;2;255;175;74m[48;2;255;175;74m▀[0m[38;2;255;175;74m[48;2;255;175;74m▀[0m[38;2;74;90;106m[48;2;255;175;74m▀[0m[38;2;74;90;106m[48;2;255;175;74m▀[0m[38;2;74;90;106m[48;2;74;90;106m▀[0m[38;2;74;90;106m[48;2;74;90;106m▀[0m[38;2;255;175;74m[48;2;74;90;106m▀[0m[38;2;74;90;106m[48;2;255;175;74m▀[0m[38;2;74;90;106m[48;2;74;90;106m▀[0m[38;2;255;175;74m[48;2;255;175;74m▀[0m[38;2;65;65;65m[48;2;65;65;65m▀[0m[38;2;169;192;140m[48;2;239;249;228m▀[0m[38;2;239;249;228m[48;2;239;249;228m▀[0m[38;2;239;249;228m[48;2;239;249;228m▀[0m[38;2;74;90;106m[48;2;239;249;228m▀[0m[38;2;74;90;106m[48;2;239;249;228m▀[0m[38;2;239;249;228m[48;2;239;249;228m▀[0m[38;2;239;249;228m[48;2;0;0;0m▀[0m[38;2;0;0;0m▀     
 [38;2;0;0;0m▀[38;2;205;156;139m[48;2;0;0;0m▀[0m[38;2;230;189;156m[48;2;0;0;0m▀[0m[38;2;255;230;197m[48;2;205;156;139m▀[0m[38;2;255;230;197m[48;2;205;156;139m▀[0m[38;2;255;230;197m[48;2;230;189;156m▀[0m[38;2;255;230;197m[48;2;255;230;197m▀[0m[38;2;255;230;197m[48;2;255;230;197m▀[0m[38;2;255;230;197m[48;2;255;230;197m▀[0m[38;2;65;65;65m[48;2;255;230;197m▀[0m[38;2;255;175;74m[48;2;65;65;65m▀[0m[38;2;255;175;74m[48;2;255;175;74m▀[0m[38;2;255;175;74m[48;2;255;175;74m▀[0m[38;2;255;175;74m[48;2;255;175;74m▀[0m[38;2;255;175;74m[48;2;255;175;74m▀[0m[38;2;255;175;74m[48;2;255;255;255m▀[0m[38;2;255;175;74m[48;2;255;255;255m▀[0m[38;2;255;175;74m[48;2;255;255;255m▀[0m[38;2;255;175;74m[48;2;255;255;255m▀[0m[38;2;255;175;74m[48;2;255;175;74m▀[0m[38;2;255;175;74m[48;2;255;175;74m▀[0m[38;2;74;90;106m[48;2;74;90;106m▀[0m[38;2;74;90;106m[48;2;74;90;106m▀[0m[38;2;255;175;74m[48;2;255;175;74m▀[0m[38;2;255;175;74m[48;2;255;175;74m▀[0m[38;2;255;175;74m[48;2;74;90;106m▀[0m[38;2;233;125;78m[48;2;233;125;78m▀[0m[38;2;65;65;65m[48;2;65;65;65m▀[0m[38;2;239;249;228m[48;2;169;192;140m▀[0m[38;2;239;249;228m[48;2;169;192;140m▀[0m[38;2;169;192;140m[48;2;239;249;228m▀[0m[38;2;169;192;140m[48;2;239;249;228m▀[0m[38;2;239;249;228m[48;2;239;249;228m▀[0m[38;2;0;0;0m[48;2;0;0;0m▀[0m      
    [38;2;0;0;0m▀[38;2;0;0;0m▀[38;2;205;156;139m[48;2;0;0;0m▀[0m[38;2;205;156;139m[48;2;0;0;0m▀[0m[38;2;205;156;139m[48;2;205;156;139m▀[0m[38;2;205;156;139m[48;2;205;156;139m▀[0m[38;2;230;189;156m[48;2;74;90;106m▀[0m[38;2;65;65;65m[48;2;65;65;65m▀[0m[38;2;255;175;74m[48;2;255;175;74m▀[0m[38;2;255;175;74m[48;2;255;175;74m▀[0m[38;2;255;175;74m[48;2;255;175;74m▀[0m[38;2;255;255;255m[48;2;255;255;255m▀[0m[38;2;180;180;180m[48;2;0;0;0m▀[0m[38;2;0;0;0m[48;2;255;255;255m▀[0m[38;2;0;0;0m[48;2;0;0;0m▀[0m[38;2;180;180;180m[48;2;0;0;0m▀[0m[38;2;255;255;255m[48;2;255;255;255m▀[0m[38;2;255;175;74m[48;2;255;175;74m▀[0m[38;2;255;175;74m[48;2;255;175;74m▀[0m[38;2;74;90;106m[48;2;74;90;106m▀[0m[38;2;74;90;106m[48;2;74;90;106m▀[0m[38;2;255;175;74m[48;2;255;175;74m▀[0m[38;2;74;90;106m[48;2;233;125;78m▀[0m[38;2;233;125;78m[48;2;233;125;78m▀[0m[38;2;65;65;65m[48;2;65;65;65m▀[0m[38;2;205;232;177m[48;2;169;192;140m▀[0m[38;2;239;249;228m[48;2;169;192;140m▀[0m[38;2;239;249;228m[48;2;169;192;140m▀[0m[38;2;239;249;228m[48;2;205;232;177m▀[0m[38;2;239;249;228m[48;2;239;249;228m▀[0m[38;2;239;249;228m[48;2;239;249;228m▀[0m[38;2;0;0;0m[48;2;239;249;228m▀[0m[38;2;0;0;0m▄    
       [38;2;0;0;0m[48;2;0;0;0m▀[0m[38;2;65;65;65m[48;2;255;175;74m▀[0m[38;2;65;65;65m[48;2;255;175;74m▀[0m[38;2;65;65;65m[48;2;255;175;74m▀[0m[38;2;255;175;74m[48;2;255;175;74m▀[0m[38;2;255;175;74m[48;2;255;175;74m▀[0m[38;2;255;175;74m[48;2;255;175;74m▀[0m[38;2;255;175;74m[48;2;255;175;74m▀[0m[38;2;255;255;255m[48;2;255;255;255m▀[0m[38;2;0;0;0m[48;2;180;180;180m▀[0m[38;2;0;0;0m[48;2;0;0;0m▀[0m[38;2;74;90;106m[48;2;0;0;0m▀[0m[38;2;0;0;0m[48;2;180;180;180m▀[0m[38;2;255;255;255m[48;2;255;255;255m▀[0m[38;2;74;90;106m[48;2;74;90;106m▀[0m[38;2;255;175;74m[48;2;255;175;74m▀[0m[38;2;74;90;106m[48;2;74;90;106m▀[0m[38;2;74;90;106m[48;2;65;65;65m▀[0m[38;2;233;125;78m[48;2;65;65;65m▀[0m[38;2;233;125;78m[48;2;233;125;78m▀[0m[38;2;233;125;78m[48;2;65;65;65m▀[0m[38;2;65;65;65m[48;2;65;65;65m▀[0m[38;2;205;232;177m[48;2;65;65;65m▀[0m[38;2;205;232;177m[48;2;65;65;65m▀[0m[38;2;205;232;177m[48;2;205;232;177m▀[0m[38;2;169;192;140m[48;2;205;232;177m▀[0m[38;2;169;192;140m[48;2;205;232;177m▀[0m[38;2;239;249;228m[48;2;0;0;0m▀[0m[38;2;239;249;228m[48;2;0;0;0m▀[0m[38;2;0;0;0m▀    
      [38;2;0;0;0m▄[38;2;0;0;0m[48;2;255;180;205m▀[0m[38;2;255;175;74m[48;2;233;125;78m▀[0m[38;2;255;175;74m[48;2;233;125;78m▀[0m[38;2;255;175;74m[48;2;233;125;78m▀[0m[38;2;255;175;74m[48;2;255;175;74m▀[0m[38;2;255;175;74m[48;2;255;175;74m▀[0m[38;2;255;175;74m[48;2;255;175;74m▀[0m[38;2;255;175;74m[48;2;255;175;74m▀[0m[38;2;255;175;74m[48;2;255;175;74m▀[0m[38;2;255;255;255m[48;2;255;175;74m▀[0m[38;2;255;255;255m[48;2;255;175;74m▀[0m[38;2;255;255;255m[48;2;74;90;106m▀[0m[38;2;255;255;255m[48;2;74;90;106m▀[0m[38;2;74;90;106m[48;2;74;90;106m▀[0m[38;2;74;90;106m[48;2;255;175;74m▀[0m[38;2;74;90;106m[48;2;74;90;106m▀[0m[38;2;65;65;65m[48;2;132;157;95m▀[0m[38;2;205;232;177m[48;2;132;157;95m▀[0m[38;2;205;232;177m[48;2;132;157;95m▀[0m[38;2;65;65;65m[48;2;205;232;177m▀[0m[38;2;65;65;65m[48;2;239;249;228m▀[0m[38;2;239;249;228m[48;2;239;249;228m▀[0m[38;2;239;249;228m[48;2;239;249;228m▀[0m[38;2;239;249;228m[48;2;239;249;228m▀[0m[38;2;65;65;65m[48;2;0;0;0m▀[0m[38;2;0;0;0m▀[38;2;0;0;0m▀       
      [38;2;0;0;0m▀[38;2;255;180;205m[48;2;0;0;0m▀[0m[38;2;255;180;205m[48;2;156;98;82m▀[0m[38;2;255;180;205m[48;2;255;180;205m▀[0m[38;2;255;180;205m[48;2;255;180;205m▀[0m[38;2;233;125;78m[48;2;255;180;205m▀[0m[38;2;233;125;78m[48;2;255;180;205m▀[0m[38;2;255;175;74m[48;2;233;125;78m▀[0m[38;2;255;175;74m[48;2;255;175;74m▀[0m[38;2;255;175;74m[48;2;255;175;74m▀[0m[38;2;255;175;74m[48;2;255;175;74m▀[0m[38;2;255;175;74m[48;2;255;175;74m▀[0m[38;2;255;175;74m[48;2;255;175;74m▀[0m[38;2;255;175;74m[48;2;74;90;106m▀[0m[38;2;255;175;74m[48;2;74;90;106m▀[0m[38;2;74;90;106m[48;2;74;90;106m▀[0m[38;2;74;90;106m[48;2;233;125;78m▀[0m[38;2;65;65;65m[48;2;233;125;78m▀[0m[38;2;205;232;177m[48;2;65;65;65m▀[0m[38;2;205;232;177m[48;2;65;65;65m▀[0m[38;2;169;192;140m[48;2;205;232;177m▀[0m[38;2;169;192;140m[48;2;205;232;177m▀[0m[38;2;239;249;228m[48;2;169;192;140m▀[0m[38;2;239;249;228m[48;2;239;249;228m▀[0m[38;2;65;65;65m[48;2;65;65;65m▀[0m[38;2;0;0;0m[48;2;205;232;177m▀[0m[38;2;0;0;0m▄[38;2;0;0;0m▄       
       [38;2;0;0;0m▀[38;2;222;230;222m[48;2;0;0;0m▀[0m[38;2;156;98;82m[48;2;205;139;148m▀[0m[38;2;156;98;82m[48;2;255;255;255m▀[0m[38;2;205;139;148m[48;2;156;98;82m▀[0m[38;2;255;180;205m[48;2;205;139;148m▀[0m[38;2;255;180;205m[48;2;156;98;82m▀[0m[38;2;156;98;82m[48;2;239;249;228m▀[0m[38;2;239;249;228m[48;2;239;249;228m▀[0m[38;2;233;125;78m[48;2;239;249;228m▀[0m[38;2;255;175;74m[48;2;156;106;57m▀[0m[38;2;233;125;78m[48;2;156;106;57m▀[0m[38;2;233;125;78m[48;2;233;125;78m▀[0m[38;2;233;125;78m[48;2;233;125;78m▀[0m[38;2;233;125;78m[48;2;233;125;78m▀[0m[38;2;233;125;78m[48;2;233;125;78m▀[0m[38;2;156;106;57m[48;2;156;106;57m▀[0m[38;2;169;192;140m[48;2;65;65;65m▀[0m[38;2;65;65;65m[48;2;169;192;140m▀[0m[38;2;65;65;65m[48;2;169;192;140m▀[0m[38;2;239;249;228m[48;2;65;65;65m▀[0m[38;2;239;249;228m[48;2;0;0;0m▀[0m[38;2;239;249;228m[48;2;239;249;228m▀[0m[38;2;239;249;228m[48;2;239;249;228m▀[0m[38;2;65;65;65m[48;2;239;249;228m▀[0m[38;2;205;232;177m[48;2;65;65;65m▀[0m[38;2;205;232;177m[48;2;205;232;177m▀[0m[38;2;0;0;0m[48;2;205;232;177m▀[0m[38;2;0;0;0m▄     
         [38;2;0;0;0m▀[38;2;156;98;82m[48;2;0;0;0m▀[0m[38;2;156;98;82m[48;2;0;0;0m▀[0m[38;2;156;98;82m[48;2;0;0;0m▀[0m[38;2;239;249;228m[48;2;169;192;140m▀[0m[38;2;239;249;228m[48;2;169;192;140m▀[0m[38;2;205;232;177m[48;2;169;192;140m▀[0m[38;2;169;192;140m[48;2;169;192;140m▀[0m[38;2;169;192;140m[48;2;169;192;140m▀[0m[38;2;169;192;140m[48;2;156;106;57m▀[0m[38;2;156;106;57m[48;2;0;0;0m▀[0m[38;2;233;125;78m[48;2;0;0;0m▀[0m[38;2;233;125;78m[48;2;0;0;0m▀[0m[38;2;0;0;0m▀[38;2;0;0;0m▀[38;2;169;192;140m[48;2;0;0;0m▀[0m[38;2;169;192;140m[48;2;0;0;0m▀[0m[38;2;169;192;140m[48;2;0;0;0m▀[0m[38;2;0;0;0m▀ [38;2;0;0;0m▀[38;2;0;0;0m[48;2;0;0;0m▀[0m[38;2;65;65;65m[48;2;205;232;177m▀[0m[38;2;205;232;177m[48;2;205;232;177m▀[0m[38;2;205;232;177m[48;2;205;232;177m▀[0m[38;2;205;232;177m[48;2;0;0;0m▀[0m[38;2;0;0;0m▀     
             [38;2;0;0;0m▀[38;2;0;0;0m▀[38;2;0;0;0m▀[38;2;0;0;0m▀[38;2;0;0;0m▀[38;2;0;0;0m▀            [38;2;0;0;0m▀[38;2;0;0;0m▀[38;2;0;0;0m▀       
                                     [0m                                     