             [38;2;0;4;0m▄[38;2;0;4;0m[48;2;254;131;81m▀[0m[38;2;0;4;0m[48;2;254;131;81m▀[0m[38;2;0;4;0m[48;2;94;97;94m▀[0m[38;2;0;4;0m▄[38;2;0;4;0m▄ [38;2;0;4;0m▄[38;2;0;4;0m[48;2;254;131;81m▀[0m[38;2;0;4;0m[48;2;254;131;81m▀[0m[38;2;0;4;0m[48;2;254;131;81m▀[0m[38;2;0;4;0m▄               
           [38;2;0;4;0m▄[38;2;0;4;0m[48;2;254;131;81m▀[0m[38;2;254;131;81m[48;2;254;131;81m▀[0m[38;2;254;131;81m[48;2;93;97;93m▀[0m[38;2;93;97;93m[48;2;93;97;93m▀[0m[38;2;95;97;95m[48;2;95;97;95m▀[0m[38;2;95;97;95m[48;2;95;97;95m▀[0m[38;2;99;97;99m[48;2;66;66;66m▀[0m[38;2;0;4;0m[48;2;99;97;99m▀[0m[38;2;251;130;80m[48;2;251;130;80m▀[0m[38;2;251;130;80m[48;2;251;130;80m▀[0m[38;2;251;130;80m[48;2;251;130;80m▀[0m[38;2;251;130;80m[48;2;251;130;80m▀[0m[38;2;255;132;82m[48;2;255;132;82m▀[0m[38;2;16;0;0m[48;2;141;56;0m▀[0m[38;2;0;4;0m▄[38;2;0;4;0m▄            
         [38;2;0;4;0m▄[38;2;0;4;0m▄[38;2;0;4;0m[48;2;66;64;66m▀[0m[38;2;94;97;94m[48;2;66;65;66m▀[0m[38;2;94;97;94m[48;2;94;97;94m▀[0m[38;2;95;97;95m[48;2;95;97;95m▀[0m[38;2;95;97;95m[48;2;95;97;95m▀[0m[38;2;82;81;74m[48;2;82;81;74m▀[0m[38;2;82;81;74m[48;2;45;213;146m▀[0m[38;2;66;65;66m[48;2;66;65;66m▀[0m[38;2;94;97;94m[48;2;94;97;94m▀[0m[38;2;93;97;93m[48;2;93;97;93m▀[0m[38;2;254;131;81m[48;2;93;97;93m▀[0m[38;2;254;131;81m[48;2;93;97;93m▀[0m[38;2;254;131;81m[48;2;93;97;93m▀[0m[38;2;95;97;95m[48;2;95;97;95m▀[0m[38;2;95;97;95m[48;2;95;97;95m▀[0m[38;2;66;65;66m[48;2;66;65;66m▀[0m[38;2;45;213;146m[48;2;45;213;146m▀[0m[38;2;0;4;0m[48;2;45;213;146m▀[0m[38;2;0;4;0m[48;2;45;213;146m▀[0m[38;2;0;4;0m▄[38;2;0;4;0m▄        
       [38;2;0;4;0m▄[38;2;16;0;0m[48;2;255;132;82m▀[0m[38;2;255;132;82m[48;2;141;56;0m▀[0m[38;2;94;97;94m[48;2;94;97;94m▀[0m[38;2;94;97;94m[48;2;66;65;66m▀[0m[38;2;68;51;40m[48;2;234;217;53m▀[0m[38;2;68;51;40m[48;2;0;20;24m▀[0m[38;2;170;154;78m[48;2;170;154;78m▀[0m[38;2;170;154;78m[48;2;45;213;146m▀[0m[38;2;45;213;146m[48;2;50;137;123m▀[0m[38;2;50;137;123m[48;2;50;137;123m▀[0m[38;2;39;194;135m[48;2;39;194;135m▀[0m[38;2;117;111;89m[48;2;208;180;8m▀[0m[38;2;94;97;94m[48;2;66;65;66m▀[0m[38;2;94;97;94m[48;2;66;65;66m▀[0m[38;2;94;97;94m[48;2;66;65;66m▀[0m[38;2;94;97;94m[48;2;66;65;66m▀[0m[38;2;74;92;117m[48;2;74;65;57m▀[0m[38;2;74;65;57m[48;2;50;194;144m▀[0m[38;2;45;219;148m[48;2;45;219;148m▀[0m[38;2;45;219;148m[48;2;45;219;148m▀[0m[38;2;45;213;146m[48;2;45;213;146m▀[0m[38;2;45;213;146m[48;2;82;81;66m▀[0m[38;2;82;81;66m[48;2;94;97;94m▀[0m[38;2;94;97;94m[48;2;94;97;94m▀[0m[38;2;8;4;0m[48;2;255;131;82m▀[0m[38;2;8;4;0m[48;2;112;36;0m▀[0m[38;2;0;4;0m▄     
      [38;2;8;4;0m[48;2;8;4;0m▀[0m[38;2;255;132;82m[48;2;141;56;0m▀[0m[38;2;94;97;94m[48;2;94;97;94m▀[0m[38;2;94;97;94m[48;2;82;81;66m▀[0m[38;2;74;69;66m[48;2;74;69;66m▀[0m[38;2;74;69;66m[48;2;45;213;146m▀[0m[38;2;66;147;128m[48;2;45;213;146m▀[0m[38;2;231;212;34m[48;2;45;213;146m▀[0m[38;2;66;149;129m[48;2;45;219;148m▀[0m[38;2;45;219;148m[48;2;45;219;148m▀[0m[38;2;45;219;148m[48;2;45;219;148m▀[0m[38;2;45;219;148m[48;2;45;219;148m▀[0m[38;2;71;131;124m[48;2;39;213;143m▀[0m[38;2;227;208;35m[48;2;65;147;128m▀[0m[38;2;0;4;0m[48;2;231;212;34m▀[0m[38;2;231;212;34m[48;2;231;212;34m▀[0m[38;2;231;212;34m[48;2;231;212;34m▀[0m[38;2;231;212;34m[48;2;66;147;128m▀[0m[38;2;66;149;129m[48;2;45;219;148m▀[0m[38;2;45;219;148m[48;2;45;219;148m▀[0m[38;2;66;65;66m[48;2;45;213;146m▀[0m[38;2;45;213;146m[48;2;66;65;66m▀[0m[38;2;45;213;146m[48;2;45;213;146m▀[0m[38;2;82;81;66m[48;2;82;81;66m▀[0m[38;2;93;97;93m[48;2;93;97;93m▀[0m[38;2;254;131;81m[48;2;254;131;81m▀[0m[38;2;251;130;80m[48;2;251;130;80m▀[0m[38;2;251;130;80m[48;2;251;130;80m▀[0m[38;2;0;4;0m[48;2;66;64;66m▀[0m[38;2;0;4;0m▄    
      [38;2;0;4;0m▀[38;2;94;97;94m[48;2;0;4;0m▀[0m[38;2;82;81;66m[48;2;52;136;124m▀[0m[38;2;52;136;124m[48;2;52;136;124m▀[0m[38;2;66;65;66m[48;2;45;136;116m▀[0m[38;2;45;255;160m[48;2;66;65;66m▀[0m[38;2;45;213;146m[48;2;66;65;66m▀[0m[38;2;45;213;146m[48;2;45;213;146m▀[0m[38;2;66;65;66m[48;2;45;213;146m▀[0m[38;2;45;213;146m[48;2;45;213;146m▀[0m[38;2;45;213;146m[48;2;66;65;66m▀[0m[38;2;45;213;146m[48;2;45;213;146m▀[0m[38;2;45;219;148m[48;2;45;219;148m▀[0m[38;2;45;219;148m[48;2;45;219;148m▀[0m[38;2;45;219;148m[48;2;45;219;148m▀[0m[38;2;45;219;148m[48;2;45;219;148m▀[0m[38;2;45;219;148m[48;2;45;219;148m▀[0m[38;2;45;219;148m[48;2;45;219;148m▀[0m[38;2;45;255;156m[48;2;45;92;83m▀[0m[38;2;66;65;74m[48;2;66;65;74m▀[0m[38;2;52;127;98m[48;2;52;127;98m▀[0m[38;2;66;65;66m[48;2;66;65;66m▀[0m[38;2;45;213;146m[48;2;45;213;146m▀[0m[38;2;82;81;66m[48;2;45;213;146m▀[0m[38;2;94;97;94m[48;2;82;81;66m▀[0m[38;2;94;97;94m[48;2;94;97;94m▀[0m[38;2;254;131;81m[48;2;93;97;93m▀[0m[38;2;93;97;93m[48;2;93;97;93m▀[0m[38;2;107;101;99m[48;2;71;70;66m▀[0m[38;2;0;8;0m[48;2;0;8;0m▀[0m    
    [38;2;0;4;0m▄[38;2;0;4;0m▄[38;2;0;4;0m▄[38;2;0;4;0m[48;2;50;134;120m▀[0m[38;2;50;136;123m[48;2;50;136;123m▀[0m[38;2;50;136;123m[48;2;50;136;123m▀[0m[38;2;49;136;121m[48;2;49;136;121m▀[0m[38;2;66;65;66m[48;2;49;136;121m▀[0m[38;2;186;94;45m[48;2;8;0;0m▀[0m[38;2;53;77;82m[48;2;186;94;45m▀[0m[38;2;66;69;66m[48;2;166;78;26m▀[0m[38;2;56;194;135m[48;2;66;69;66m▀[0m[38;2;45;213;146m[48;2;66;65;66m▀[0m[38;2;45;213;146m[48;2;66;65;66m▀[0m[38;2;56;194;135m[48;2;66;69;66m▀[0m[38;2;66;69;66m[48;2;166;78;26m▀[0m[38;2;66;65;66m[48;2;186;94;45m▀[0m[38;2;66;65;66m[48;2;186;94;45m▀[0m[38;2;66;65;66m[48;2;186;94;45m▀[0m[38;2;66;65;66m[48;2;186;94;45m▀[0m[38;2;66;65;66m[48;2;186;94;45m▀[0m[38;2;186;94;45m[48;2;66;65;66m▀[0m[38;2;66;65;66m[48;2;49;136;121m▀[0m[38;2;49;136;121m[48;2;49;136;121m▀[0m[38;2;45;213;146m[48;2;66;65;66m▀[0m[38;2;45;213;146m[48;2;54;156;128m▀[0m[38;2;45;255;165m[48;2;49;138;119m▀[0m[38;2;82;77;74m[48;2;49;138;119m▀[0m[38;2;79;77;68m[48;2;50;134;120m▀[0m[38;2;79;77;68m[48;2;50;134;120m▀[0m[38;2;50;134;120m[48;2;50;134;120m▀[0m[38;2;0;4;0m[48;2;50;134;120m▀[0m[38;2;0;4;0m▄   
  [38;2;0;4;0m▄[38;2;0;4;0m[48;2;254;131;81m▀[0m[38;2;254;131;81m[48;2;254;131;81m▀[0m[38;2;254;131;81m[48;2;93;97;93m▀[0m[38;2;93;95;95m[48;2;93;95;95m▀[0m[38;2;79;77;68m[48;2;79;77;68m▀[0m[38;2;39;119;101m[48;2;56;255;162m▀[0m[38;2;39;119;101m[48;2;8;8;8m▀[0m[38;2;0;4;0m▀[38;2;0;4;0m▀ [38;2;0;4;0m[48;2;0;4;0m▀[0m[38;2;71;68;65m[48;2;71;68;65m▀[0m[38;2;189;96;47m[48;2;71;68;65m▀[0m[38;2;186;94;45m[48;2;66;65;66m▀[0m[38;2;186;94;45m[48;2;66;65;66m▀[0m[38;2;186;94;45m[48;2;66;65;66m▀[0m[38;2;186;94;45m[48;2;66;65;66m▀[0m[38;2;186;94;45m[48;2;66;65;66m▀[0m[38;2;186;94;45m[48;2;66;65;66m▀[0m[38;2;186;94;45m[48;2;66;65;66m▀[0m[38;2;66;65;66m[48;2;186;94;45m▀[0m[38;2;77;74;65m[48;2;189;96;47m▀[0m[38;2;77;74;65m[48;2;77;74;65m▀[0m[38;2;79;77;68m[48;2;79;77;68m▀[0m[38;2;50;134;120m[48;2;79;77;68m▀[0m[38;2;49;136;121m[48;2;49;136;121m▀[0m[38;2;66;65;66m[48;2;49;136;121m▀[0m[38;2;66;64;66m[48;2;0;4;0m▀[0m[38;2;0;4;0m▀[38;2;0;4;0m▀[38;2;50;134;120m[48;2;0;4;0m▀[0m[38;2;50;136;123m[48;2;50;136;123m▀[0m[38;2;50;136;123m[48;2;50;136;123m▀[0m[38;2;0;4;0m[48;2;0;4;0m▀[0m   
  [38;2;8;4;0m[48;2;8;4;0m▀[0m[38;2;255;132;82m[48;2;141;56;0m▀[0m[38;2;94;97;94m[48;2;94;97;94m▀[0m[38;2;94;97;94m[48;2;82;81;66m▀[0m[38;2;82;81;66m[48;2;45;213;146m▀[0m[38;2;45;213;146m[48;2;45;213;146m▀[0m[38;2;45;213;146m[48;2;45;213;146m▀[0m[38;2;0;4;0m[48;2;0;4;0m▀[0m   [38;2;0;4;0m[48;2;0;4;0m▀[0m[38;2;82;78;71m[48;2;82;78;71m▀[0m[38;2;254;131;81m[48;2;82;78;71m▀[0m[38;2;254;131;81m[48;2;254;131;81m▀[0m[38;2;186;94;45m[48;2;254;131;81m▀[0m[38;2;186;94;45m[48;2;254;131;81m▀[0m[38;2;186;94;45m[48;2;254;131;81m▀[0m[38;2;186;94;45m[48;2;254;131;81m▀[0m[38;2;186;94;45m[48;2;186;94;45m▀[0m[38;2;187;95;46m[48;2;187;95;46m▀[0m[38;2;187;95;46m[48;2;187;95;46m▀[0m[38;2;187;95;46m[48;2;187;95;46m▀[0m[38;2;187;95;46m[48;2;187;95;46m▀[0m[38;2;82;79;68m[48;2;82;79;68m▀[0m[38;2;82;79;68m[48;2;82;79;68m▀[0m[38;2;50;136;123m[48;2;50;136;123m▀[0m[38;2;50;136;123m[48;2;50;136;123m▀[0m[38;2;0;4;0m[48;2;50;134;120m▀[0m[38;2;0;4;0m▄[38;2;24;16;0m[48;2;56;255;162m▀[0m[38;2;43;118;100m[48;2;29;58;50m▀[0m[38;2;87;83;76m[48;2;87;83;76m▀[0m[38;2;87;83;76m[48;2;254;131;81m▀[0m[38;2;74;101;99m[48;2;249;129;79m▀[0m[38;2;16;0;0m[48;2;74;101;99m▀[0m[38;2;0;4;0m▄ 
 [38;2;0;4;0m[48;2;0;4;0m▀[0m[38;2;49;138;119m[48;2;49;138;119m▀[0m[38;2;82;77;74m[48;2;45;255;165m▀[0m[38;2;82;81;66m[48;2;45;213;146m▀[0m[38;2;45;213;146m[48;2;45;213;146m▀[0m[38;2;45;213;146m[48;2;45;213;146m▀[0m[38;2;45;213;146m[48;2;0;4;0m▀[0m[38;2;0;4;0m▀   [38;2;0;4;0m[48;2;0;4;0m▀[0m[38;2;50;134;120m[48;2;50;134;120m▀[0m[38;2;52;136;124m[48;2;52;136;124m▀[0m[38;2;82;81;66m[48;2;52;136;124m▀[0m[38;2;82;78;71m[48;2;82;78;71m▀[0m[38;2;254;131;81m[48;2;82;78;71m▀[0m[38;2;254;131;81m[48;2;82;78;71m▀[0m[38;2;254;131;81m[48;2;254;131;81m▀[0m[38;2;251;130;80m[48;2;251;130;80m▀[0m[38;2;251;130;80m[48;2;251;130;80m▀[0m[38;2;254;131;81m[48;2;254;131;81m▀[0m[38;2;195;101;52m[48;2;82;77;66m▀[0m[38;2;186;94;45m[48;2;82;81;66m▀[0m[38;2;82;81;66m[48;2;82;81;66m▀[0m[38;2;79;77;68m[48;2;79;77;68m▀[0m[38;2;79;77;68m[48;2;50;134;120m▀[0m[38;2;50;136;123m[48;2;50;136;123m▀[0m[38;2;50;136;123m[48;2;50;136;123m▀[0m[38;2;66;65;66m[48;2;66;65;66m▀[0m[38;2;45;213;146m[48;2;45;213;146m▀[0m[38;2;79;77;68m[48;2;79;77;68m▀[0m[38;2;93;95;95m[48;2;93;95;95m▀[0m[38;2;93;97;93m[48;2;93;97;93m▀[0m[38;2;254;131;81m[48;2;93;97;93m▀[0m[38;2;251;130;80m[48;2;251;130;80m▀[0m[38;2;251;130;80m[48;2;251;130;80m▀[0m[38;2;0;4;0m[48;2;0;4;0m▀[0m 
 [38;2;0;4;0m▀[38;2;65;118;108m[48;2;24;16;0m▀[0m[38;2;49;69;65m[48;2;49;69;65m▀[0m[38;2;50;213;152m[48;2;50;213;152m▀[0m[38;2;29;67;57m[48;2;16;12;0m▀[0m[38;2;45;213;146m[48;2;50;137;123m▀[0m[38;2;50;137;123m[48;2;45;213;146m▀[0m[38;2;0;4;0m[48;2;0;4;0m▀[0m  [38;2;0;4;0m[48;2;0;4;0m▀[0m[38;2;186;94;45m[48;2;186;94;45m▀[0m[38;2;49;138;123m[48;2;49;138;123m▀[0m[38;2;50;136;123m[48;2;50;136;123m▀[0m[38;2;50;136;123m[48;2;50;136;123m▀[0m[38;2;50;134;120m[48;2;0;4;0m▀[0m[38;2;50;134;120m[48;2;0;4;0m▀[0m[38;2;79;77;68m[48;2;50;134;120m▀[0m[38;2;79;77;68m[48;2;50;134;120m▀[0m[38;2;79;77;68m[48;2;50;134;120m▀[0m[38;2;79;77;68m[48;2;50;134;120m▀[0m[38;2;79;77;68m[48;2;50;134;120m▀[0m[38;2;79;77;68m[48;2;50;134;120m▀[0m[38;2;82;81;66m[48;2;52;136;124m▀[0m[38;2;52;136;124m[48;2;52;136;124m▀[0m[38;2;50;136;123m[48;2;50;136;123m▀[0m[38;2;50;136;123m[48;2;50;136;123m▀[0m[38;2;50;134;120m[48;2;50;134;120m▀[0m[38;2;50;134;120m[48;2;0;4;0m▀[0m[38;2;0;4;0m▀[38;2;45;213;146m[48;2;0;4;0m▀[0m[38;2;45;213;146m[48;2;45;213;146m▀[0m[38;2;82;81;66m[48;2;45;213;146m▀[0m[38;2;93;95;95m[48;2;79;77;68m▀[0m[38;2;93;95;95m[48;2;79;77;68m▀[0m[38;2;99;101;99m[48;2;68;70;66m▀[0m[38;2;99;101;99m[48;2;8;8;0m▀[0m[38;2;0;4;0m▀ 
   [38;2;0;4;0m▀[38;2;0;4;0m▀ [38;2;0;4;0m▀[38;2;0;4;0m▀    [38;2;8;8;0m[48;2;8;8;0m▀[0m[38;2;56;127;117m[48;2;31;62;58m▀[0m[38;2;50;134;120m[48;2;50;134;120m▀[0m[38;2;0;4;0m[48;2;50;134;120m▀[0m[38;2;0;4;0m▄ [38;2;0;4;0m▀[38;2;0;4;0m▀[38;2;0;4;0m▀[38;2;0;4;0m▀[38;2;0;4;0m▀[38;2;82;79;70m[48;2;0;4;0m▀[0m[38;2;50;136;123m[48;2;50;136;123m▀[0m[38;2;50;136;123m[48;2;50;136;123m▀[0m[38;2;251;130;80m[48;2;251;130;80m▀[0m[38;2;251;130;80m[48;2;251;130;80m▀[0m[38;2;50;134;120m[48;2;0;4;0m▀[0m[38;2;0;4;0m▀[38;2;0;4;0m[48;2;0;4;0m▀[0m[38;2;45;213;146m[48;2;45;213;146m▀[0m[38;2;45;213;146m[48;2;45;213;146m▀[0m[38;2;45;213;146m[48;2;66;65;66m▀[0m[38;2;45;219;148m[48;2;45;219;148m▀[0m[38;2;45;219;148m[48;2;45;219;148m▀[0m[38;2;49;136;121m[48;2;66;65;66m▀[0m[38;2;49;136;121m[48;2;49;136;121m▀[0m[38;2;0;4;0m[48;2;0;4;0m▀[0m 
           [38;2;0;4;0m[48;2;0;4;0m▀[0m[38;2;50;134;120m[48;2;0;4;0m▀[0m[38;2;50;134;120m[48;2;50;134;120m▀[0m[38;2;50;134;120m[48;2;50;134;120m▀[0m[38;2;50;134;120m[48;2;0;4;0m▀[0m[38;2;50;134;120m[48;2;0;4;0m▀[0m[38;2;0;4;0m▀     [38;2;0;4;0m▄[38;2;8;8;8m[48;2;50;255;159m▀[0m[38;2;36;119;101m[48;2;50;255;159m▀[0m[38;2;50;137;123m[48;2;50;137;123m▀[0m[38;2;50;137;123m[48;2;45;213;146m▀[0m[38;2;45;213;146m[48;2;45;213;146m▀[0m[38;2;0;4;0m[48;2;45;213;146m▀[0m[38;2;0;4;0m▄[38;2;0;4;0m▀[38;2;0;4;0m▀[38;2;50;134;120m[48;2;0;4;0m▀[0m[38;2;56;255;162m[48;2;0;8;0m▀[0m[38;2;37;118;97m[48;2;0;8;0m▀[0m[38;2;0;4;0m▀[38;2;0;4;0m▀  
             [38;2;0;4;0m▀[38;2;0;4;0m▀        [38;2;0;4;0m▀[38;2;45;213;146m[48;2;0;4;0m▀[0m[38;2;45;213;146m[48;2;0;4;0m▀[0m[38;2;0;4;0m▀[38;2;0;4;0m▀[38;2;45;213;146m[48;2;0;4;0m▀[0m[38;2;45;213;146m[48;2;0;4;0m▀[0m[38;2;0;4;0m▀         
                                     [0m                                     