                  [38;2;0;0;0m▄[38;2;0;0;0m[48;2;241;250;171m▀[0m[38;2;0;0;0m[48;2;241;250;171m▀[0m[38;2;0;0;0m▄        
    [38;2;0;0;0m▄  [38;2;0;0;0m▄[38;2;0;0;0m▄       [38;2;0;0;0m▄[38;2;0;0;0m[48;2;241;250;171m▀[0m[38;2;241;250;171m[48;2;122;221;69m▀[0m[38;2;122;221;69m[48;2;0;0;0m▀[0m[38;2;65;65;65m▀[38;2;0;0;0m▄[38;2;0;0;0m[48;2;241;250;171m▀[0m[38;2;0;0;0m[48;2;241;250;171m▀[0m[38;2;0;0;0m▄     
  [38;2;0;0;0m[48;2;0;0;0m▀[0m[38;2;0;0;0m[48;2;87;149;186m▀[0m[38;2;87;149;186m[48;2;87;149;186m▀[0m[38;2;0;0;0m[48;2;51;113;150m▀[0m[38;2;0;0;0m[48;2;87;149;186m▀[0m[38;2;87;149;186m[48;2;87;149;186m▀[0m[38;2;0;0;0m[48;2;87;149;186m▀[0m[38;2;0;0;0m▄   [38;2;0;0;0m▄[38;2;0;0;0m▄[38;2;0;0;0m[48;2;122;221;69m▀[0m[38;2;0;0;0m[48;2;122;221;69m▀[0m[38;2;65;65;65m[48;2;122;221;69m▀[0m[38;2;0;0;0m[48;2;56;162;79m▀[0m[38;2;0;0;0m▄[38;2;0;0;0m[48;2;241;250;171m▀[0m[38;2;241;250;171m[48;2;122;221;69m▀[0m[38;2;122;221;69m[48;2;0;0;0m▀[0m[38;2;0;0;0m▀      
   [38;2;0;0;0m▀[38;2;51;113;150m[48;2;0;0;0m▀[0m[38;2;87;149;186m[48;2;87;149;186m▀[0m[38;2;87;149;186m[48;2;0;0;0m▀[0m[38;2;0;0;0m▀[38;2;0;0;0m▀ [38;2;0;0;0m▄[38;2;0;0;0m▄[38;2;0;0;0m[48;2;122;221;69m▀[0m[38;2;56;162;79m[48;2;122;221;69m▀[0m[38;2;122;221;69m[48;2;122;221;69m▀[0m[38;2;122;221;69m[48;2;122;221;69m▀[0m[38;2;122;221;69m[48;2;122;221;69m▀[0m[38;2;122;221;69m[48;2;122;221;69m▀[0m[38;2;122;221;69m[48;2;122;221;69m▀[0m[38;2;122;221;69m[48;2;122;221;69m▀[0m[38;2;56;162;79m[48;2;56;162;79m▀[0m[38;2;122;221;69m[48;2;0;0;0m▀[0m[38;2;0;0;0m▀       
 [38;2;0;0;0m▄[38;2;0;0;0m▄[38;2;0;0;0m[48;2;87;149;186m▀[0m[38;2;0;0;0m[48;2;51;113;150m▀[0m[38;2;87;149;186m[48;2;87;149;186m▀[0m[38;2;0;0;0m[48;2;0;0;0m▀[0m  [38;2;0;0;0m▀[38;2;255;255;255m[48;2;0;0;0m▀[0m[38;2;122;221;69m[48;2;255;255;255m▀[0m[38;2;122;221;69m[48;2;255;255;255m▀[0m[38;2;255;255;255m[48;2;122;221;69m▀[0m[38;2;122;221;69m[48;2;217;62;62m▀[0m[38;2;162;62;51m[48;2;0;0;0m▀[0m[38;2;162;62;51m[48;2;217;62;62m▀[0m[38;2;255;255;255m[48;2;239;206;189m▀[0m[38;2;122;221;69m[48;2;255;255;255m▀[0m[38;2;122;221;69m[48;2;56;162;79m▀[0m[38;2;122;221;69m[48;2;51;113;150m▀[0m[38;2;0;0;0m[48;2;0;0;0m▀[0m[38;2;0;0;0m▄       
 [38;2;0;0;0m▀[38;2;87;149;186m[48;2;0;0;0m▀[0m[38;2;87;149;186m[48;2;87;149;186m▀[0m[38;2;87;149;186m[48;2;0;0;0m▀[0m[38;2;87;149;186m[48;2;51;113;150m▀[0m[38;2;87;149;186m[48;2;87;149;186m▀[0m[38;2;0;0;0m[48;2;87;149;186m▀[0m[38;2;0;0;0m▄[38;2;0;0;0m▄[38;2;0;0;0m▄[38;2;0;0;0m[48;2;87;149;186m▀[0m[38;2;0;0;0m[48;2;87;149;186m▀[0m[38;2;255;255;255m[48;2;65;65;65m▀[0m[38;2;255;255;255m[48;2;65;65;65m▀[0m[38;2;255;255;255m[48;2;115;115;115m▀[0m[38;2;255;255;255m[48;2;189;189;189m▀[0m[38;2;122;221;69m[48;2;56;162;79m▀[0m[38;2;122;221;69m[48;2;65;65;65m▀[0m[38;2;65;65;65m[48;2;122;221;69m▀[0m[38;2;65;65;65m[48;2;122;221;69m▀[0m[38;2;122;221;69m[48;2;65;65;65m▀[0m[38;2;122;221;69m[48;2;65;65;65m▀[0m[38;2;0;0;0m[48;2;122;221;69m▀[0m[38;2;0;0;0m▄[38;2;0;0;0m▄[38;2;0;0;0m▄   
  [38;2;0;0;0m▀[38;2;0;0;0m▀ [38;2;0;0;0m▀[38;2;122;221;69m[48;2;0;0;0m▀[0m[38;2;87;149;186m[48;2;122;221;69m▀[0m[38;2;87;149;186m[48;2;122;221;69m▀[0m[38;2;87;149;186m[48;2;87;149;186m▀[0m[38;2;87;149;186m[48;2;87;149;186m▀[0m[38;2;87;149;186m[48;2;87;149;186m▀[0m[38;2;87;149;186m[48;2;122;221;69m▀[0m[38;2;87;149;186m[48;2;122;221;69m▀[0m[38;2;87;149;186m[48;2;65;65;65m▀[0m[38;2;65;65;65m[48;2;189;189;189m▀[0m[38;2;189;189;189m[48;2;65;65;65m▀[0m[38;2;65;65;65m[48;2;122;221;69m▀[0m[38;2;122;221;69m[48;2;87;149;186m▀[0m[38;2;87;149;186m[48;2;65;65;65m▀[0m[38;2;65;65;65m[48;2;56;162;79m▀[0m[38;2;87;149;186m[48;2;56;162;79m▀[0m[38;2;87;149;186m[48;2;56;162;79m▀[0m[38;2;65;65;65m[48;2;87;149;186m▀[0m[38;2;65;65;65m[48;2;87;149;186m▀[0m[38;2;87;149;186m[48;2;87;149;186m▀[0m[38;2;51;113;150m[48;2;87;149;186m▀[0m[38;2;0;0;0m[48;2;0;0;0m▀[0m  
       [38;2;0;0;0m▀[38;2;0;0;0m▀[38;2;122;221;69m[48;2;0;0;0m▀[0m[38;2;122;221;69m[48;2;0;0;0m▀[0m[38;2;122;221;69m[48;2;0;0;0m▀[0m[38;2;0;0;0m▀[38;2;0;0;0m[48;2;0;0;0m▀[0m[38;2;189;189;189m[48;2;65;65;65m▀[0m[38;2;65;65;65m[48;2;87;149;186m▀[0m[38;2;87;149;186m[48;2;87;149;186m▀[0m[38;2;87;149;186m[48;2;51;113;150m▀[0m[38;2;51;113;150m[48;2;87;149;186m▀[0m[38;2;0;0;0m[48;2;0;0;0m▀[0m[38;2;0;0;0m▀[38;2;0;0;0m▀[38;2;0;0;0m▀[38;2;56;162;79m[48;2;0;0;0m▀[0m[38;2;87;149;186m[48;2;87;149;186m▀[0m[38;2;87;149;186m[48;2;87;149;186m▀[0m[38;2;87;149;186m[48;2;87;149;186m▀[0m[38;2;122;221;69m[48;2;122;221;69m▀[0m[38;2;0;0;0m[48;2;0;0;0m▀[0m 
            [38;2;0;0;0m[48;2;0;0;0m▀[0m[38;2;65;65;65m[48;2;51;113;150m▀[0m[38;2;87;149;186m[48;2;87;149;186m▀[0m[38;2;122;221;69m[48;2;122;221;69m▀[0m[38;2;87;149;186m[48;2;122;221;69m▀[0m[38;2;51;113;150m[48;2;122;221;69m▀[0m[38;2;87;149;186m[48;2;51;113;150m▀[0m[38;2;87;149;186m[48;2;51;113;150m▀[0m[38;2;0;0;0m[48;2;198;222;104m▀[0m[38;2;0;0;0m[48;2;87;149;186m▀[0m[38;2;0;0;0m[48;2;87;149;186m▀[0m[38;2;241;250;171m[48;2;87;149;186m▀[0m[38;2;87;149;186m[48;2;241;250;171m▀[0m[38;2;87;149;186m[48;2;122;221;69m▀[0m[38;2;122;221;69m[48;2;122;221;69m▀[0m[38;2;122;221;69m[48;2;56;162;79m▀[0m[38;2;0;0;0m[48;2;0;0;0m▀[0m 
            [38;2;0;0;0m▀[38;2;87;149;186m[48;2;0;0;0m▀[0m[38;2;122;221;69m[48;2;87;149;186m▀[0m[38;2;87;149;186m[48;2;122;221;69m▀[0m[38;2;122;221;69m[48;2;122;221;69m▀[0m[38;2;122;221;69m[48;2;241;250;171m▀[0m[38;2;198;222;104m[48;2;241;250;171m▀[0m[38;2;241;250;171m[48;2;122;221;69m▀[0m[38;2;122;221;69m[48;2;241;250;171m▀[0m[38;2;122;221;69m[48;2;122;221;69m▀[0m[38;2;122;221;69m[48;2;122;221;69m▀[0m[38;2;122;221;69m[48;2;241;250;171m▀[0m[38;2;241;250;171m[48;2;122;221;69m▀[0m[38;2;241;250;171m[48;2;122;221;69m▀[0m[38;2;122;221;69m[48;2;0;0;0m▀[0m[38;2;0;0;0m▀  
              [38;2;0;0;0m▀[38;2;0;0;0m▀[38;2;56;162;79m[48;2;0;0;0m▀[0m[38;2;122;221;69m[48;2;0;0;0m▀[0m[38;2;122;221;69m[48;2;0;0;0m▀[0m[38;2;122;221;69m[48;2;0;0;0m▀[0m[38;2;122;221;69m[48;2;0;0;0m▀[0m[38;2;122;221;69m[48;2;0;0;0m▀[0m[38;2;122;221;69m[48;2;0;0;0m▀[0m[38;2;56;162;79m[48;2;0;0;0m▀[0m[38;2;0;0;0m▀[38;2;0;0;0m▀    
                                     [0m                                     