          [38;2;0;0;0m▄[38;2;0;0;0m[48;2;255;157;15m▀[0m[38;2;0;0;0m[48;2;62;159;213m▀[0m[38;2;0;0;0m[48;2;0;0;0m▀[0m          
     [38;2;0;0;0m▄[38;2;0;0;0m▄[38;2;0;0;0m[48;2;62;159;213m▀[0m[38;2;0;0;0m[48;2;62;159;213m▀[0m[38;2;0;0;0m[48;2;21;107;158m▀[0m[38;2;255;157;15m[48;2;65;65;65m▀[0m[38;2;62;159;213m[48;2;62;159;213m▀[0m[38;2;0;0;0m[48;2;0;0;0m▀[0m           
   [38;2;0;0;0m▄[38;2;0;0;0m[48;2;21;107;158m▀[0m[38;2;62;159;213m[48;2;102;200;255m▀[0m[38;2;62;159;213m[48;2;62;159;213m▀[0m[38;2;62;159;213m[48;2;62;159;213m▀[0m[38;2;62;159;213m[48;2;62;159;213m▀[0m[38;2;62;159;213m[48;2;62;159;213m▀[0m[38;2;62;159;213m[48;2;62;159;213m▀[0m[38;2;0;0;0m[48;2;21;107;158m▀[0m[38;2;0;0;0m▄      [38;2;0;0;0m▄    
  [38;2;0;0;0m▄[38;2;0;0;0m[48;2;21;107;158m▀[0m[38;2;62;159;213m[48;2;62;159;213m▀[0m[38;2;62;159;213m[48;2;62;159;213m▀[0m[38;2;62;159;213m[48;2;62;159;213m▀[0m[38;2;62;159;213m[48;2;62;159;213m▀[0m[38;2;62;159;213m[48;2;193;202;163m▀[0m[38;2;62;159;213m[48;2;193;202;163m▀[0m[38;2;62;159;213m[48;2;62;159;213m▀[0m[38;2;62;159;213m[48;2;62;159;213m▀[0m[38;2;0;0;0m[48;2;0;0;0m▀[0m  [38;2;0;0;0m▄[38;2;0;0;0m▄[38;2;0;0;0m▄[38;2;0;0;0m[48;2;21;107;158m▀[0m[38;2;102;200;255m[48;2;102;200;255m▀[0m[38;2;0;0;0m[48;2;0;0;0m▀[0m   
  [38;2;0;0;0m[48;2;0;0;0m▀[0m[38;2;62;159;213m[48;2;249;252;234m▀[0m[38;2;249;252;234m[48;2;249;252;234m▀[0m[38;2;62;159;213m[48;2;62;159;213m▀[0m[38;2;62;159;213m[48;2;197;82;82m▀[0m[38;2;148;74;66m[48;2;0;0;0m▀[0m[38;2;148;74;66m[48;2;197;82;82m▀[0m[38;2;249;252;234m[48;2;249;252;234m▀[0m[38;2;193;202;163m[48;2;233;239;213m▀[0m[38;2;21;107;158m[48;2;0;0;0m▀[0m[38;2;0;0;0m▀  [38;2;0;0;0m[48;2;0;0;0m▀[0m[38;2;102;200;255m[48;2;62;159;213m▀[0m[38;2;65;65;65m[48;2;62;159;213m▀[0m[38;2;62;159;213m[48;2;62;159;213m▀[0m[38;2;62;159;213m[48;2;62;159;213m▀[0m[38;2;0;0;0m[48;2;65;65;65m▀[0m[38;2;0;0;0m[48;2;62;159;213m▀[0m[38;2;0;0;0m[48;2;0;0;0m▀[0m 
 [38;2;0;0;0m▀[38;2;249;252;234m[48;2;0;0;0m▀[0m[38;2;233;239;213m[48;2;0;0;0m▀[0m[38;2;249;252;234m[48;2;0;0;0m▀[0m[38;2;249;252;234m[48;2;65;65;65m▀[0m[38;2;249;252;234m[48;2;65;65;65m▀[0m[38;2;193;202;163m[48;2;233;239;213m▀[0m[38;2;233;239;213m[48;2;193;202;163m▀[0m[38;2;233;239;213m[48;2;21;107;158m▀[0m[38;2;193;202;163m[48;2;255;157;15m▀[0m[38;2;0;0;0m[48;2;255;157;15m▀[0m[38;2;0;0;0m▄ [38;2;0;0;0m▄[38;2;0;0;0m▀[38;2;21;107;158m[48;2;0;0;0m▀[0m[38;2;62;159;213m[48;2;62;159;213m▀[0m[38;2;62;159;213m[48;2;62;159;213m▀[0m[38;2;62;159;213m[48;2;62;159;213m▀[0m[38;2;62;159;213m[48;2;21;107;158m▀[0m[38;2;62;159;213m[48;2;0;0;0m▀[0m[38;2;0;0;0m▀ 
    [38;2;0;0;0m▄[38;2;0;0;0m[48;2;21;107;158m▀[0m[38;2;255;157;15m[48;2;255;157;15m▀[0m[38;2;193;202;163m[48;2;193;202;163m▀[0m[38;2;21;107;158m[48;2;255;157;15m▀[0m[38;2;255;157;15m[48;2;255;157;15m▀[0m[38;2;255;157;15m[48;2;65;65;65m▀[0m[38;2;65;65;65m[48;2;21;107;158m▀[0m[38;2;62;159;213m[48;2;65;65;65m▀[0m[38;2;0;0;0m[48;2;21;107;158m▀[0m[38;2;62;159;213m[48;2;65;65;65m▀[0m[38;2;0;0;0m[48;2;62;159;213m▀[0m[38;2;62;159;213m[48;2;233;239;213m▀[0m[38;2;62;159;213m[48;2;0;0;0m▀[0m[38;2;0;0;0m▀[38;2;0;0;0m▀[38;2;0;0;0m▀   
    [38;2;0;0;0m▀[38;2;0;0;0m▀[38;2;0;0;0m▀[38;2;255;157;15m[48;2;0;0;0m▀[0m[38;2;255;157;15m[48;2;255;157;15m▀[0m[38;2;65;65;65m[48;2;65;65;65m▀[0m[38;2;62;159;213m[48;2;65;65;65m▀[0m[38;2;65;65;65m[48;2;62;159;213m▀[0m[38;2;62;159;213m[48;2;62;159;213m▀[0m[38;2;62;159;213m[48;2;233;239;213m▀[0m[38;2;62;159;213m[48;2;233;239;213m▀[0m[38;2;233;239;213m[48;2;193;202;163m▀[0m[38;2;193;202;163m[48;2;0;0;0m▀[0m[38;2;0;0;0m▀      
        [38;2;0;0;0m[48;2;0;0;0m▀[0m[38;2;193;202;163m[48;2;233;239;213m▀[0m[38;2;233;239;213m[48;2;65;65;65m▀[0m[38;2;233;239;213m[48;2;193;202;163m▀[0m[38;2;233;239;213m[48;2;233;239;213m▀[0m[38;2;193;202;163m[48;2;0;0;0m▀[0m[38;2;193;202;163m[48;2;0;0;0m▀[0m[38;2;0;0;0m▀        
        [38;2;0;0;0m▀[38;2;0;0;0m▀[38;2;0;0;0m[48;2;0;0;0m▀[0m[38;2;249;252;234m[48;2;0;0;0m▀[0m[38;2;0;0;0m▀           
                                     [0m                                     