                  [38;2;0;0;0m▄[38;2;0;0;0m[48;2;173;65;155m▀[0m[38;2;0;0;0m▄                 
                 [38;2;0;0;0m▄[38;2;0;0;0m[48;2;173;65;155m▀[0m[38;2;173;65;155m[48;2;149;54;165m▀[0m[38;2;0;0;0m[48;2;0;0;0m▀[0m                 
                 [38;2;0;0;0m[48;2;0;0;0m▀[0m[38;2;173;65;155m[48;2;173;65;155m▀[0m[38;2;149;54;165m[48;2;149;54;165m▀[0m[38;2;0;0;0m[48;2;0;0;0m▀[0m                 
                [38;2;0;0;0m[48;2;0;0;0m▀[0m[38;2;173;65;155m[48;2;173;65;155m▀[0m[38;2;149;54;165m[48;2;140;58;163m▀[0m[38;2;149;54;165m[48;2;8;8;0m▀[0m[38;2;0;0;0m▀                 
               [38;2;0;0;0m[48;2;0;0;0m▀[0m[38;2;173;65;155m[48;2;173;65;155m▀[0m[38;2;173;65;155m[48;2;149;54;165m▀[0m[38;2;140;58;163m[48;2;147;53;165m▀[0m[38;2;69;34;80m[48;2;147;53;165m▀[0m[38;2;0;0;0m[48;2;0;0;0m▀[0m                 
              [38;2;0;0;0m▄[38;2;0;0;0m[48;2;173;65;155m▀[0m[38;2;173;65;155m[48;2;173;65;155m▀[0m[38;2;149;54;165m[48;2;149;54;165m▀[0m[38;2;147;53;165m[48;2;149;54;165m▀[0m[38;2;0;0;0m[48;2;65;64;65m▀[0m[38;2;0;0;0m▄                 
              [38;2;0;0;0m[48;2;0;4;0m▀[0m[38;2;173;65;155m[48;2;182;64;162m▀[0m[38;2;173;65;155m[48;2;148;51;168m▀[0m[38;2;149;54;165m[48;2;148;51;168m▀[0m[38;2;149;54;165m[48;2;149;54;165m▀[0m[38;2;149;54;165m[48;2;149;54;165m▀[0m[38;2;0;0;0m[48;2;121;51;101m▀[0m[38;2;8;0;0m▄                
          [38;2;0;0;0m▄[38;2;0;0;0m▄[38;2;0;0;0m[48;2;176;64;160m▀[0m[38;2;0;0;0m[48;2;176;64;160m▀[0m[38;2;121;42;108m[48;2;173;65;157m▀[0m[38;2;182;64;162m[48;2;131;44;143m▀[0m[38;2;148;51;168m[48;2;131;44;143m▀[0m[38;2;148;51;168m[48;2;131;44;143m▀[0m[38;2;131;44;143m[48;2;176;64;160m▀[0m[38;2;131;44;143m[48;2;176;64;160m▀[0m[38;2;181;73;154m[48;2;176;64;160m▀[0m[38;2;181;73;154m[48;2;176;64;160m▀[0m[38;2;0;0;0m[48;2;176;64;160m▀[0m[38;2;0;0;0m[48;2;176;64;160m▀[0m[38;2;0;0;0m▄             
  [38;2;0;0;0m▄[38;2;0;0;0m▄[38;2;0;0;0m▄   [38;2;0;0;0m▄[38;2;0;0;0m[48;2;255;236;65m▀[0m[38;2;173;65;155m[48;2;177;64;158m▀[0m[38;2;173;65;155m[48;2;177;64;158m▀[0m[38;2;176;64;160m[48;2;173;65;161m▀[0m[38;2;176;64;160m[48;2;173;65;161m▀[0m[38;2;173;65;157m[48;2;173;65;155m▀[0m[38;2;173;65;157m[48;2;173;65;155m▀[0m[38;2;173;65;157m[48;2;177;64;158m▀[0m[38;2;173;65;157m[48;2;177;64;158m▀[0m[38;2;176;64;160m[48;2;176;64;160m▀[0m[38;2;176;64;160m[48;2;176;64;160m▀[0m[38;2;176;64;160m[48;2;176;64;160m▀[0m[38;2;176;64;160m[48;2;176;64;160m▀[0m[38;2;176;64;160m[48;2;173;65;155m▀[0m[38;2;176;64;160m[48;2;173;65;155m▀[0m[38;2;173;65;155m[48;2;173;65;155m▀[0m[38;2;0;0;0m[48;2;173;65;155m▀[0m[38;2;0;0;0m▄           
 [38;2;0;0;0m▀[38;2;147;53;165m[48;2;0;0;0m▀[0m[38;2;147;53;165m[48;2;154;48;174m▀[0m[38;2;154;48;174m[48;2;137;48;159m▀[0m[38;2;0;0;0m[48;2;137;48;159m▀[0m[38;2;0;0;0m[48;2;143;59;154m▀[0m[38;2;0;0;0m[48;2;143;59;154m▀[0m[38;2;255;236;65m[48;2;254;238;63m▀[0m[38;2;255;236;65m[48;2;254;238;63m▀[0m[38;2;212;157;112m[48;2;254;238;63m▀[0m[38;2;177;64;158m[48;2;254;238;63m▀[0m[38;2;197;121;129m[48;2;255;240;57m▀[0m[38;2;245;246;57m[48;2;255;240;57m▀[0m[38;2;255;236;65m[48;2;212;157;112m▀[0m[38;2;255;236;65m[48;2;177;64;158m▀[0m[38;2;212;157;112m[48;2;176;64;160m▀[0m[38;2;177;64;158m[48;2;176;64;160m▀[0m[38;2;176;64;160m[48;2;176;64;160m▀[0m[38;2;176;64;160m[48;2;176;64;160m▀[0m[38;2;176;64;160m[48;2;173;65;155m▀[0m[38;2;176;64;160m[48;2;133;50;122m▀[0m[38;2;173;65;155m[48;2;129;50;118m▀[0m[38;2;149;54;165m[48;2;176;64;157m▀[0m[38;2;149;54;165m[48;2;176;64;160m▀[0m[38;2;149;54;165m[48;2;176;64;160m▀[0m[38;2;0;0;0m[48;2;173;65;155m▀[0m[38;2;0;0;0m▄          
   [38;2;0;0;0m▀[38;2;0;0;0m▀[38;2;137;48;159m[48;2;0;0;0m▀[0m[38;2;197;121;129m[48;2;246;238;49m▀[0m[38;2;255;243;57m[48;2;197;121;129m▀[0m[38;2;254;238;63m[48;2;197;121;129m▀[0m[38;2;254;238;63m[48;2;246;241;49m▀[0m[38;2;254;238;63m[48;2;254;238;63m▀[0m[38;2;254;238;63m[48;2;254;238;63m▀[0m[38;2;197;121;129m[48;2;177;64;158m▀[0m[38;2;170;50;171m[48;2;177;64;158m▀[0m[38;2;177;64;158m[48;2;176;64;160m▀[0m[38;2;177;64;158m[48;2;176;64;160m▀[0m[38;2;176;64;160m[48;2;176;64;160m▀[0m[38;2;176;64;160m[48;2;176;64;160m▀[0m[38;2;176;64;160m[48;2;173;65;155m▀[0m[38;2;176;64;160m[48;2;133;50;122m▀[0m[38;2;133;50;122m[48;2;176;64;160m▀[0m[38;2;173;65;155m[48;2;176;64;160m▀[0m[38;2;176;64;157m[48;2;173;65;155m▀[0m[38;2;176;64;157m[48;2;173;65;155m▀[0m[38;2;176;64;160m[48;2;176;64;160m▀[0m[38;2;176;64;160m[48;2;176;64;160m▀[0m[38;2;173;65;155m[48;2;176;64;160m▀[0m[38;2;173;65;155m[48;2;176;64;160m▀[0m[38;2;0;0;0m[48;2;181;73;154m▀[0m[38;2;8;0;0m▄[38;2;0;0;0m▄       
    [38;2;0;0;0m[48;2;0;0;0m▀[0m[38;2;203;88;172m[48;2;217;69;201m▀[0m[38;2;208;70;199m[48;2;217;69;201m▀[0m[38;2;208;70;199m[48;2;217;69;201m▀[0m[38;2;190;63;184m[48;2;173;65;157m▀[0m[38;2;190;63;184m[48;2;217;69;201m▀[0m[38;2;254;238;63m[48;2;173;65;155m▀[0m[38;2;254;238;63m[48;2;255;236;65m▀[0m[38;2;212;157;112m[48;2;255;236;65m▀[0m[38;2;177;64;158m[48;2;173;65;155m▀[0m[38;2;176;64;160m[48;2;176;64;160m▀[0m[38;2;176;64;160m[48;2;176;64;160m▀[0m[38;2;176;64;160m[48;2;173;65;155m▀[0m[38;2;176;64;160m[48;2;137;58;112m▀[0m[38;2;133;50;122m[48;2;167;67;138m▀[0m[38;2;173;65;155m[48;2;167;67;138m▀[0m[38;2;176;64;160m[48;2;172;74;151m▀[0m[38;2;176;64;160m[48;2;77;58;77m▀[0m[38;2;173;65;155m[48;2;173;65;155m▀[0m[38;2;65;64;65m[48;2;41;48;41m▀[0m[38;2;176;64;160m[48;2;129;57;120m▀[0m[38;2;176;64;160m[48;2;173;65;155m▀[0m[38;2;176;64;160m[48;2;173;65;155m▀[0m[38;2;176;64;160m[48;2;131;44;143m▀[0m[38;2;121;51;101m[48;2;173;65;155m▀[0m[38;2;181;73;154m[48;2;173;65;155m▀[0m[38;2;173;65;155m[48;2;173;65;155m▀[0m[38;2;0;0;0m[48;2;173;65;155m▀[0m[38;2;0;0;0m[48;2;167;67;138m▀[0m[38;2;0;0;0m[48;2;167;67;138m▀[0m[38;2;0;0;0m[48;2;173;65;155m▀[0m[38;2;0;0;0m[48;2;173;65;155m▀[0m[38;2;0;0;0m▄ 
   [38;2;0;0;0m[48;2;0;0;0m▀[0m[38;2;217;69;201m[48;2;220;69;202m▀[0m[38;2;217;69;201m[48;2;220;69;202m▀[0m[38;2;217;69;201m[48;2;220;69;202m▀[0m[38;2;173;65;157m[48;2;220;69;202m▀[0m[38;2;217;69;201m[48;2;173;65;157m▀[0m[38;2;173;65;157m[48;2;217;69;201m▀[0m[38;2;173;65;155m[48;2;176;64;160m▀[0m[38;2;173;65;155m[48;2;176;64;160m▀[0m[38;2;255;236;65m[48;2;182;64;156m▀[0m[38;2;173;65;155m[48;2;182;64;156m▀[0m[38;2;176;64;160m[48;2;164;104;156m▀[0m[38;2;176;64;160m[48;2;124;75;108m▀[0m[38;2;149;60;125m[48;2;167;67;138m▀[0m[38;2;173;65;155m[48;2;167;67;138m▀[0m[38;2;167;67;138m[48;2;255;255;255m▀[0m[38;2;0;0;0m[48;2;205;105;65m▀[0m[38;2;77;58;77m[48;2;0;0;0m▀[0m[38;2;49;44;32m[48;2;164;66;134m▀[0m[38;2;129;57;120m[48;2;41;48;41m▀[0m[38;2;173;65;155m[48;2;149;54;165m▀[0m[38;2;41;48;41m[48;2;41;48;41m▀[0m[38;2;173;65;155m[48;2;149;54;165m▀[0m[38;2;131;44;143m[48;2;137;48;159m▀[0m[38;2;149;54;148m[48;2;137;48;159m▀[0m[38;2;149;54;165m[48;2;0;0;0m▀[0m[38;2;149;54;165m[48;2;0;0;0m▀[0m[38;2;149;54;165m[48;2;0;0;0m▀[0m[38;2;149;54;165m[48;2;0;0;0m▀[0m[38;2;167;67;138m[48;2;0;0;0m▀[0m[38;2;0;0;0m▀[38;2;0;0;0m▀[38;2;0;0;0m▀  
   [38;2;0;0;0m▀[38;2;220;69;202m[48;2;0;0;0m▀[0m[38;2;220;69;202m[48;2;239;217;236m▀[0m[38;2;220;69;202m[48;2;240;202;234m▀[0m[38;2;220;69;202m[48;2;240;202;234m▀[0m[38;2;217;69;201m[48;2;243;172;236m▀[0m[38;2;173;65;157m[48;2;243;172;236m▀[0m[38;2;176;64;160m[48;2;239;217;236m▀[0m[38;2;176;64;160m[48;2;239;217;236m▀[0m[38;2;217;122;203m[48;2;239;217;236m▀[0m[38;2;239;209;234m[48;2;224;159;226m▀[0m[38;2;200;103;191m[48;2;224;159;226m▀[0m[38;2;88;36;93m[48;2;224;159;226m▀[0m[38;2;167;67;138m[48;2;74;50;79m▀[0m[38;2;0;0;0m[48;2;117;87;111m▀[0m[38;2;205;105;65m[48;2;0;0;0m▀[0m[38;2;205;105;65m[48;2;0;0;0m▀[0m[38;2;0;0;0m[48;2;149;54;165m▀[0m[38;2;164;66;134m[48;2;41;48;41m▀[0m[38;2;41;48;41m[48;2;149;54;165m▀[0m[38;2;149;54;165m[48;2;41;48;41m▀[0m[38;2;41;48;41m[48;2;147;53;165m▀[0m[38;2;149;54;165m[48;2;147;53;165m▀[0m[38;2;137;48;159m[48;2;0;0;0m▀[0m[38;2;0;0;0m▀          
     [38;2;0;0;0m▀[38;2;0;0;0m▀[38;2;240;202;234m[48;2;0;0;0m▀[0m[38;2;239;217;236m[48;2;0;0;0m▀[0m[38;2;239;217;236m[48;2;65;64;65m▀[0m[38;2;239;217;236m[48;2;83;50;53m▀[0m[38;2;224;159;226m[48;2;83;50;53m▀[0m[38;2;224;159;226m[48;2;65;60;57m▀[0m[38;2;224;159;226m[48;2;65;60;57m▀[0m[38;2;224;159;226m[48;2;65;64;65m▀[0m[38;2;224;159;226m[48;2;65;64;65m▀[0m[38;2;230;132;216m[48;2;83;50;53m▀[0m[38;2;74;50;79m[48;2;216;150;157m▀[0m[38;2;65;64;65m[48;2;224;159;226m▀[0m[38;2;65;64;65m[48;2;224;159;226m▀[0m[38;2;149;54;165m[48;2;65;64;65m▀[0m[38;2;149;54;165m[48;2;65;64;65m▀[0m[38;2;149;54;165m[48;2;65;64;65m▀[0m[38;2;149;54;165m[48;2;0;0;0m▀[0m[38;2;0;0;0m▀[38;2;0;0;0m▀            
         [38;2;0;0;0m[48;2;0;0;0m▀[0m[38;2;223;151;213m[48;2;224;159;226m▀[0m[38;2;116;93;96m[48;2;224;159;226m▀[0m[38;2;161;85;90m[48;2;161;60;67m▀[0m[38;2;255;113;124m[48;2;161;60;67m▀[0m[38;2;255;121;132m[48;2;220;209;237m▀[0m[38;2;255;121;132m[48;2;141;61;68m▀[0m[38;2;216;150;157m[48;2;232;214;238m▀[0m[38;2;128;84;89m[48;2;231;160;228m▀[0m[38;2;116;62;65m[48;2;224;159;226m▀[0m[38;2;116;62;65m[48;2;224;159;226m▀[0m[38;2;224;159;226m[48;2;65;64;65m▀[0m[38;2;224;159;226m[48;2;0;0;0m▀[0m[38;2;0;0;0m▀               
          [38;2;0;0;0m▀[38;2;224;159;226m[48;2;0;0;0m▀[0m[38;2;224;159;226m[48;2;0;0;0m▀[0m[38;2;224;159;226m[48;2;0;0;0m▀[0m[38;2;233;162;222m[48;2;0;0;0m▀[0m[38;2;233;162;222m[48;2;0;0;0m▀[0m[38;2;231;160;228m[48;2;0;0;0m▀[0m[38;2;58;55;66m[48;2;65;64;65m▀[0m[38;2;65;64;65m[48;2;224;159;226m▀[0m[38;2;65;64;65m[48;2;224;159;226m▀[0m[38;2;0;0;0m[48;2;0;0;0m▀[0m                 
                 [38;2;0;0;0m▀[38;2;224;159;226m[48;2;0;0;0m▀[0m[38;2;224;159;226m[48;2;224;159;226m▀[0m[38;2;0;0;0m[48;2;0;0;0m▀[0m                 
                                [38;2;0;0;0m▀                                
                                     [0m                                     