        [38;2;0;0;0m▄[38;2;0;0;0m▄[38;2;0;0;0m[48;2;218;177;183m▀[0m[38;2;0;0;0m[48;2;218;177;183m▀[0m[38;2;0;0;0m[48;2;0;0;0m▀[0m[38;2;0;0;0m▀   [38;2;0;0;0m▄[38;2;0;0;0m▄           
      [38;2;0;0;0m▄[38;2;0;0;0m[48;2;255;255;255m▀[0m[38;2;255;255;255m[48;2;255;255;255m▀[0m[38;2;218;177;183m[48;2;181;102;114m▀[0m[38;2;0;0;0m[48;2;0;0;0m▀[0m[38;2;0;0;0m▀   [38;2;0;0;0m▄[38;2;0;0;0m▄[38;2;0;0;0m[48;2;216;175;181m▀[0m[38;2;255;255;255m[48;2;255;255;255m▀[0m[38;2;0;0;0m[48;2;218;177;183m▀[0m[38;2;0;0;0m▄         
      [38;2;0;0;0m▀[38;2;216;175;181m[48;2;0;0;0m▀[0m[38;2;255;255;255m[48;2;0;0;0m▀[0m[38;2;255;255;255m[48;2;206;154;162m▀[0m[38;2;255;255;255m[48;2;255;255;255m▀[0m[38;2;0;0;0m[48;2;255;255;255m▀[0m[38;2;0;0;0m[48;2;255;255;255m▀[0m[38;2;0;0;0m[48;2;255;255;255m▀[0m[38;2;0;0;0m[48;2;255;255;255m▀[0m[38;2;255;255;255m[48;2;255;255;255m▀[0m[38;2;255;255;255m[48;2;207;155;163m▀[0m[38;2;255;255;255m[48;2;0;0;0m▀[0m[38;2;216;175;181m[48;2;0;0;0m▀[0m[38;2;0;0;0m▀          
     [38;2;0;0;0m▄   [38;2;0;0;0m[48;2;0;0;0m▀[0m[38;2;121;69;77m[48;2;209;170;81m▀[0m[38;2;92;52;58m[48;2;209;170;81m▀[0m[38;2;92;52;58m[48;2;0;0;0m▀[0m[38;2;0;0;0m▀[38;2;0;0;0m▀[38;2;0;4;0m▀[38;2;0;4;0m▀             
    [38;2;0;0;0m[48;2;0;0;0m▀[0m[38;2;248;217;116m[48;2;245;215;129m▀[0m[38;2;0;0;0m[48;2;209;170;81m▀[0m[38;2;8;4;8m▄[38;2;0;0;0m[48;2;110;88;62m▀[0m[38;2;209;170;81m[48;2;66;65;66m▀[0m[38;2;209;170;81m[48;2;66;65;66m▀[0m[38;2;209;170;81m[48;2;95;74;47m▀[0m[38;2;0;0;0m[48;2;0;0;16m▀[0m [38;2;0;0;0m▄       [38;2;0;0;0m▄[38;2;0;0;0m[48;2;248;217;116m▀[0m[38;2;0;0;0m[48;2;248;217;116m▀[0m[38;2;0;0;0m▄    
   [38;2;0;0;0m▄[38;2;0;0;0m[48;2;254;229;147m▀[0m[38;2;209;170;81m[48;2;255;235;175m▀[0m[38;2;255;235;169m[48;2;255;235;175m▀[0m[38;2;255;235;181m[48;2;144;110;61m▀[0m[38;2;110;88;62m[48;2;255;235;171m▀[0m[38;2;248;217;116m[48;2;255;235;171m▀[0m[38;2;248;217;116m[48;2;248;217;116m▀[0m[38;2;248;217;116m[48;2;248;217;116m▀[0m[38;2;248;217;116m[48;2;208;167;80m▀[0m[38;2;0;0;0m[48;2;248;214;115m▀[0m[38;2;248;217;116m[48;2;248;214;115m▀[0m[38;2;0;0;0m[48;2;0;0;0m▀[0m  [38;2;0;0;0m▄[38;2;0;0;0m[48;2;248;217;116m▀[0m[38;2;0;0;0m[48;2;248;217;116m▀[0m[38;2;0;0;0m[48;2;255;224;121m▀[0m[38;2;248;217;116m[48;2;197;156;76m▀[0m[38;2;248;217;116m[48;2;0;0;0m▀[0m[38;2;0;0;0m▀     
 [38;2;0;0;0m▄[38;2;0;0;0m[48;2;248;217;116m▀[0m[38;2;254;229;147m[48;2;110;87;68m▀[0m[38;2;254;229;147m[48;2;255;235;171m▀[0m[38;2;255;235;175m[48;2;255;235;171m▀[0m[38;2;255;235;175m[48;2;209;167;81m▀[0m[38;2;194;158;95m[48;2;255;235;175m▀[0m[38;2;255;235;171m[48;2;255;235;175m▀[0m[38;2;255;235;171m[48;2;255;235;175m▀[0m[38;2;255;235;171m[48;2;255;235;175m▀[0m[38;2;248;217;116m[48;2;248;214;115m▀[0m[38;2;248;217;116m[48;2;248;214;115m▀[0m[38;2;248;214;115m[48;2;248;217;116m▀[0m[38;2;248;214;115m[48;2;208;167;80m▀[0m[38;2;136;101;68m[48;2;209;170;81m▀[0m[38;2;0;0;0m[48;2;66;65;66m▀[0m[38;2;0;0;0m[48;2;248;217;116m▀[0m[38;2;248;217;116m[48;2;66;65;66m▀[0m[38;2;208;167;80m[48;2;209;167;78m▀[0m[38;2;208;167;80m[48;2;209;167;78m▀[0m[38;2;197;156;76m[48;2;209;170;81m▀[0m[38;2;8;4;0m[48;2;66;65;66m▀[0m[38;2;0;0;0m▄[38;2;0;0;0m▄[38;2;0;0;0m[48;2;248;217;116m▀[0m[38;2;0;0;0m[48;2;248;217;116m▀[0m[38;2;0;0;0m[48;2;252;222;115m▀[0m[38;2;0;0;0m▄ 
 [38;2;0;0;0m[48;2;0;0;8m▀[0m[38;2;248;217;116m[48;2;95;74;43m▀[0m[38;2;110;87;68m[48;2;57;56;57m▀[0m[38;2;255;235;171m[48;2;247;212;115m▀[0m[38;2;255;235;171m[48;2;255;235;169m▀[0m[38;2;209;167;81m[48;2;209;170;81m▀[0m[38;2;255;235;175m[48;2;255;235;171m▀[0m[38;2;255;235;175m[48;2;248;217;116m▀[0m[38;2;255;235;175m[48;2;248;214;115m▀[0m[38;2;255;235;175m[48;2;248;214;115m▀[0m[38;2;248;214;115m[48;2;245;215;129m▀[0m[38;2;248;214;115m[48;2;209;170;81m▀[0m[38;2;248;217;116m[48;2;198;159;92m▀[0m[38;2;248;217;116m[48;2;144;110;61m▀[0m[38;2;209;170;81m[48;2;209;167;78m▀[0m[38;2;66;65;66m[48;2;209;167;78m▀[0m[38;2;248;217;116m[48;2;66;65;66m▀[0m[38;2;248;217;116m[48;2;247;213;108m▀[0m[38;2;135;101;67m[48;2;143;102;63m▀[0m[38;2;209;167;78m[48;2;209;163;85m▀[0m[38;2;209;170;81m[48;2;209;167;80m▀[0m[38;2;209;170;81m[48;2;209;167;80m▀[0m[38;2;252;222;115m[48;2;209;170;81m▀[0m[38;2;190;155;76m[48;2;209;170;81m▀[0m[38;2;208;167;80m[48;2;209;170;81m▀[0m[38;2;208;167;80m[48;2;0;0;0m▀[0m[38;2;190;155;76m[48;2;0;0;0m▀[0m[38;2;0;0;0m▀ 
 [38;2;0;0;8m▀[38;2;248;217;124m[48;2;0;0;0m▀[0m[38;2;144;116;76m[48;2;192;154;76m▀[0m[38;2;247;212;115m[48;2;252;219;116m▀[0m[38;2;209;170;81m[48;2;202;163;91m▀[0m[38;2;245;215;129m[48;2;248;217;116m▀[0m[38;2;248;217;116m[48;2;248;214;115m▀[0m[38;2;248;217;116m[48;2;248;214;115m▀[0m[38;2;248;214;115m[48;2;248;217;116m▀[0m[38;2;248;214;115m[48;2;248;217;116m▀[0m[38;2;209;170;81m[48;2;66;66;66m▀[0m[38;2;255;235;169m[48;2;66;66;66m▀[0m[38;2;255;242;201m[48;2;248;217;116m▀[0m[38;2;240;205;124m[48;2;248;217;116m▀[0m[38;2;135;101;67m[48;2;209;163;80m▀[0m[38;2;209;167;78m[48;2;130;104;70m▀[0m[38;2;66;65;66m[48;2;66;65;66m▀[0m[38;2;207;170;94m[48;2;209;170;81m▀[0m[38;2;252;216;108m[48;2;209;167;80m▀[0m[38;2;209;163;85m[48;2;209;167;80m▀[0m[38;2;209;167;80m[48;2;209;167;80m▀[0m[38;2;209;167;80m[48;2;209;167;80m▀[0m[38;2;209;170;81m[48;2;0;0;0m▀[0m[38;2;0;0;0m▀[38;2;0;0;0m▀    
  [38;2;0;0;0m▄[38;2;8;4;0m[48;2;209;170;81m▀[0m[38;2;252;219;116m[48;2;66;65;66m▀[0m[38;2;135;102;66m[48;2;136;101;68m▀[0m[38;2;248;217;116m[48;2;248;215;107m▀[0m[38;2;248;214;115m[48;2;209;170;81m▀[0m[38;2;248;214;115m[48;2;209;170;81m▀[0m[38;2;202;163;91m[48;2;209;170;81m▀[0m[38;2;135;102;66m[48;2;209;170;81m▀[0m[38;2;66;66;66m[48;2;130;104;70m▀[0m[38;2;66;66;66m[48;2;209;163;80m▀[0m[38;2;66;65;66m[48;2;209;163;80m▀[0m[38;2;66;65;66m[48;2;209;163;80m▀[0m[38;2;66;65;66m[48;2;66;65;66m▀[0m[38;2;66;65;66m[48;2;171;137;116m▀[0m[38;2;209;170;81m[48;2;66;65;66m▀[0m[38;2;209;170;81m[48;2;209;170;81m▀[0m[38;2;209;167;80m[48;2;209;167;78m▀[0m[38;2;209;167;80m[48;2;135;101;67m▀[0m[38;2;209;167;80m[48;2;209;167;80m▀[0m[38;2;209;167;80m[48;2;209;167;80m▀[0m[38;2;209;170;81m[48;2;209;170;81m▀[0m[38;2;0;0;0m[48;2;209;170;81m▀[0m[38;2;0;0;0m[48;2;209;170;81m▀[0m[38;2;0;0;0m▄   
  [38;2;0;0;0m[48;2;0;0;0m▀[0m[38;2;209;170;81m[48;2;209;170;81m▀[0m[38;2;66;65;66m[48;2;209;170;81m▀[0m[38;2;136;101;68m[48;2;85;74;43m▀[0m[38;2;201;162;87m[48;2;207;167;84m▀[0m[38;2;209;170;81m[48;2;66;64;65m▀[0m[38;2;66;65;66m[48;2;171;137;116m▀[0m[38;2;66;65;66m[48;2;171;137;116m▀[0m[38;2;66;65;66m[48;2;171;137;116m▀[0m[38;2;66;65;66m[48;2;171;137;116m▀[0m[38;2;66;65;66m[48;2;171;137;116m▀[0m[38;2;130;104;70m[48;2;66;65;66m▀[0m[38;2;66;65;66m[48;2;252;222;130m▀[0m[38;2;171;137;116m[48;2;66;65;66m▀[0m[38;2;171;137;116m[48;2;66;65;66m▀[0m[38;2;66;65;66m[48;2;171;137;116m▀[0m[38;2;66;65;66m[48;2;171;137;116m▀[0m[38;2;209;167;78m[48;2;71;62;57m▀[0m[38;2;135;101;67m[48;2;137;105;82m▀[0m[38;2;209;167;80m[48;2;209;170;81m▀[0m[38;2;209;167;80m[48;2;209;170;81m▀[0m[38;2;209;170;81m[48;2;0;0;0m▀[0m[38;2;0;0;0m▀[38;2;0;0;0m▀    
   [38;2;0;0;0m▀[38;2;209;170;81m[48;2;0;0;0m▀[0m[38;2;207;167;84m[48;2;0;0;0m▀[0m[38;2;0;0;8m▀[38;2;66;64;65m[48;2;0;0;0m▀[0m[38;2;66;64;65m[48;2;171;137;116m▀[0m[38;2;66;64;65m[48;2;170;139;115m▀[0m[38;2;66;64;65m[48;2;170;139;115m▀[0m[38;2;66;64;65m[48;2;171;137;116m▀[0m[38;2;66;64;65m[48;2;66;64;65m▀[0m[38;2;252;222;130m[48;2;248;217;116m▀[0m[38;2;252;222;130m[48;2;248;217;116m▀[0m[38;2;248;217;116m[48;2;247;213;108m▀[0m[38;2;66;65;66m[48;2;66;65;66m▀[0m[38;2;171;137;116m[48;2;88;70;56m▀[0m[38;2;66;65;66m[48;2;170;139;115m▀[0m[38;2;71;62;57m[48;2;0;0;0m▀[0m[38;2;0;0;8m▀[38;2;0;0;0m▀[38;2;0;0;0m▀       
        [38;2;0;0;0m▀[38;2;0;0;0m▀[38;2;88;70;56m[48;2;0;0;0m▀[0m[38;2;66;64;65m[48;2;0;0;0m▀[0m[38;2;66;64;65m[48;2;171;137;116m▀[0m[38;2;208;167;80m[48;2;66;65;74m▀[0m[38;2;248;217;116m[48;2;209;169;95m▀[0m[38;2;207;170;94m[48;2;88;70;56m▀[0m[38;2;66;65;66m[48;2;170;139;115m▀[0m[38;2;170;139;115m[48;2;0;0;0m▀[0m[38;2;0;0;0m▀           
            [38;2;0;0;0m▀[38;2;173;137;88m[48;2;0;0;0m▀[0m[38;2;66;65;74m[48;2;0;0;0m▀[0m[38;2;0;0;0m▀[38;2;0;0;0m▀             
                                     [0m                                     