    [38;2;0;0;0m▄[38;2;0;0;0m[48;2;225;69;93m▀[0m[38;2;0;0;0m[48;2;225;69;93m▀[0m[38;2;0;0;0m[48;2;65;65;65m▀[0m[38;2;0;0;0m▄[38;2;0;0;0m[48;2;225;69;93m▀[0m[38;2;0;0;0m[48;2;225;69;93m▀[0m[38;2;0;0;0m▄       
   [38;2;0;0;0m[48;2;0;0;0m▀[0m[38;2;225;69;93m[48;2;255;150;139m▀[0m[38;2;225;69;93m[48;2;65;65;65m▀[0m[38;2;65;65;65m[48;2;225;69;93m▀[0m[38;2;225;69;93m[48;2;225;69;93m▀[0m[38;2;225;69;93m[48;2;225;69;93m▀[0m[38;2;65;65;65m[48;2;65;65;65m▀[0m[38;2;65;65;65m[48;2;225;69;93m▀[0m[38;2;0;0;0m[48;2;225;69;93m▀[0m[38;2;0;0;0m▄      
   [38;2;0;0;0m[48;2;0;0;0m▀[0m[38;2;255;150;139m[48;2;211;104;92m▀[0m[38;2;65;65;65m[48;2;65;65;65m▀[0m[38;2;255;150;139m[48;2;255;150;139m▀[0m[38;2;255;150;139m[48;2;255;150;139m▀[0m[38;2;65;65;65m[48;2;65;65;65m▀[0m[38;2;225;69;93m[48;2;255;150;139m▀[0m[38;2;225;69;93m[48;2;225;69;93m▀[0m[38;2;225;69;93m[48;2;225;69;93m▀[0m[38;2;0;0;0m[48;2;0;0;0m▀[0m      
  [38;2;0;0;0m[48;2;0;0;0m▀[0m[38;2;255;150;139m[48;2;255;150;139m▀[0m[38;2;211;104;92m[48;2;255;150;139m▀[0m[38;2;211;104;92m[48;2;211;104;92m▀[0m[38;2;255;150;139m[48;2;211;104;92m▀[0m[38;2;65;65;65m[48;2;211;104;92m▀[0m[38;2;214;58;82m[48;2;211;104;92m▀[0m[38;2;255;150;139m[48;2;211;104;92m▀[0m[38;2;255;150;139m[48;2;65;65;65m▀[0m[38;2;0;0;0m[48;2;0;0;0m▀[0m       
 [38;2;0;0;0m[48;2;0;0;0m▀[0m[38;2;255;223;151m[48;2;65;65;65m▀[0m[38;2;255;150;139m[48;2;255;150;139m▀[0m[38;2;255;150;139m[48;2;255;150;139m▀[0m[38;2;255;150;139m[48;2;255;150;139m▀[0m[38;2;255;150;139m[48;2;255;223;151m▀[0m[38;2;255;255;255m[48;2;0;0;0m▀[0m[38;2;255;150;139m[48;2;255;223;151m▀[0m[38;2;255;150;139m[48;2;255;150;139m▀[0m[38;2;255;150;139m[48;2;255;150;139m▀[0m[38;2;214;58;82m[48;2;255;150;139m▀[0m[38;2;0;0;0m[48;2;0;0;0m▀[0m[38;2;0;0;0m▄[38;2;0;0;0m▄    
 [38;2;0;0;0m▀[38;2;255;223;151m[48;2;0;0;0m▀[0m[38;2;65;65;65m[48;2;255;223;151m▀[0m[38;2;206;158;54m[48;2;255;223;151m▀[0m[38;2;206;158;54m[48;2;255;223;151m▀[0m[38;2;206;158;54m[48;2;255;223;151m▀[0m[38;2;0;0;0m[48;2;206;158;54m▀[0m[38;2;255;223;151m[48;2;65;65;65m▀[0m[38;2;255;150;139m[48;2;211;104;92m▀[0m[38;2;255;150;139m[48;2;211;104;92m▀[0m[38;2;211;104;92m[48;2;65;65;65m▀[0m[38;2;65;65;65m[48;2;214;58;82m▀[0m[38;2;211;104;92m[48;2;211;104;92m▀[0m[38;2;0;0;0m[48;2;0;0;0m▀[0m[38;2;0;0;0m[48;2;255;150;139m▀[0m[38;2;0;0;0m[48;2;0;0;0m▀[0m  
   [38;2;0;0;0m▀[38;2;0;0;0m▀[38;2;206;158;54m[48;2;0;0;0m▀[0m[38;2;206;158;54m[48;2;0;0;0m▀[0m[38;2;255;223;151m[48;2;65;65;65m▀[0m[38;2;206;158;54m[48;2;189;189;197m▀[0m[38;2;211;104;92m[48;2;206;158;54m▀[0m[38;2;211;104;92m[48;2;211;104;92m▀[0m[38;2;65;65;65m[48;2;255;150;139m▀[0m[38;2;255;150;139m[48;2;255;150;139m▀[0m[38;2;65;65;65m[48;2;255;150;139m▀[0m[38;2;211;104;92m[48;2;65;65;65m▀[0m[38;2;255;150;139m[48;2;65;65;65m▀[0m[38;2;0;0;0m[48;2;211;104;92m▀[0m[38;2;0;0;0m▄ 
     [38;2;0;0;0m▄[38;2;0;0;0m[48;2;255;255;255m▀[0m[38;2;189;189;197m[48;2;255;255;255m▀[0m[38;2;189;189;197m[48;2;255;255;255m▀[0m[38;2;255;223;151m[48;2;189;189;197m▀[0m[38;2;211;104;92m[48;2;255;223;151m▀[0m[38;2;255;150;139m[48;2;211;104;92m▀[0m[38;2;255;150;139m[48;2;211;104;92m▀[0m[38;2;211;104;92m[48;2;211;104;92m▀[0m[38;2;211;104;92m[48;2;211;104;92m▀[0m[38;2;211;104;92m[48;2;65;65;65m▀[0m[38;2;211;104;92m[48;2;0;0;0m▀[0m[38;2;0;0;0m▀ 
    [38;2;0;0;0m[48;2;0;0;0m▀[0m[38;2;65;65;65m[48;2;189;189;197m▀[0m[38;2;255;255;255m[48;2;65;65;65m▀[0m[38;2;255;255;255m[48;2;255;255;255m▀[0m[38;2;255;255;255m[48;2;189;189;197m▀[0m[38;2;255;255;255m[48;2;255;255;255m▀[0m[38;2;189;189;197m[48;2;255;255;255m▀[0m[38;2;255;223;151m[48;2;189;189;197m▀[0m[38;2;255;223;151m[48;2;189;189;197m▀[0m[38;2;206;158;54m[48;2;189;189;197m▀[0m[38;2;206;158;54m[48;2;189;189;197m▀[0m[38;2;189;189;197m[48;2;0;0;0m▀[0m[38;2;0;0;0m▀  
     [38;2;0;0;0m▀[38;2;0;0;0m▀[38;2;0;0;0m▀[38;2;0;0;0m▀[38;2;189;189;197m[48;2;0;0;0m▀[0m[38;2;255;255;255m[48;2;0;0;0m▀[0m[38;2;189;189;197m[48;2;0;0;0m▀[0m[38;2;65;65;65m[48;2;0;0;0m▀[0m[38;2;0;0;0m▀[38;2;0;0;0m▀    
                                     [0m                                     