       [38;2;0;0;0m▄[38;2;0;0;0m▄[38;2;0;0;0m[48;2;55;88;142m▀[0m[38;2;0;0;0m[48;2;55;88;142m▀[0m[38;2;0;0;0m[48;2;55;88;142m▀[0m[38;2;0;0;0m[48;2;55;88;142m▀[0m[38;2;0;0;0m▄        
     [38;2;0;0;0m▄[38;2;0;0;0m[48;2;55;88;142m▀[0m[38;2;55;88;142m[48;2;63;54;98m▀[0m[38;2;63;54;98m[48;2;55;88;142m▀[0m[38;2;63;54;98m[48;2;55;88;142m▀[0m[38;2;63;54;98m[48;2;55;88;142m▀[0m[38;2;55;88;142m[48;2;63;54;98m▀[0m[38;2;55;88;142m[48;2;55;88;142m▀[0m[38;2;55;88;142m[48;2;55;88;142m▀[0m[38;2;0;0;0m[48;2;0;0;0m▀[0m       
    [38;2;0;0;0m[48;2;0;0;0m▀[0m[38;2;55;88;142m[48;2;63;54;98m▀[0m[38;2;63;54;98m[48;2;113;137;174m▀[0m[38;2;113;137;174m[48;2;206;206;197m▀[0m[38;2;113;137;174m[48;2;113;137;174m▀[0m[38;2;55;88;142m[48;2;55;88;142m▀[0m[38;2;55;88;142m[48;2;55;88;142m▀[0m[38;2;55;88;142m[48;2;55;88;142m▀[0m[38;2;63;54;98m[48;2;63;54;98m▀[0m[38;2;55;88;142m[48;2;55;88;142m▀[0m[38;2;55;88;142m[48;2;55;88;142m▀[0m[38;2;0;0;0m[48;2;0;0;0m▀[0m      
   [38;2;0;0;0m[48;2;0;0;0m▀[0m[38;2;55;88;142m[48;2;63;54;98m▀[0m[38;2;63;54;98m[48;2;55;88;142m▀[0m[38;2;113;137;174m[48;2;55;88;142m▀[0m[38;2;113;137;174m[48;2;55;88;142m▀[0m[38;2;55;88;142m[48;2;55;88;142m▀[0m[38;2;55;88;142m[48;2;55;88;142m▀[0m[38;2;55;88;142m[48;2;55;88;142m▀[0m[38;2;55;88;142m[48;2;55;88;142m▀[0m[38;2;63;54;98m[48;2;63;54;98m▀[0m[38;2;55;88;142m[48;2;55;88;142m▀[0m[38;2;55;88;142m[48;2;55;88;142m▀[0m[38;2;0;0;0m[48;2;0;0;0m▀[0m      
 [38;2;0;0;0m▄[38;2;0;0;0m[48;2;206;206;197m▀[0m[38;2;55;88;142m[48;2;206;206;197m▀[0m[38;2;63;54;98m[48;2;63;54;98m▀[0m[38;2;55;88;142m[48;2;55;88;142m▀[0m[38;2;55;88;142m[48;2;55;88;142m▀[0m[38;2;55;88;142m[48;2;55;88;142m▀[0m[38;2;55;88;142m[48;2;55;88;142m▀[0m[38;2;55;88;142m[48;2;55;88;142m▀[0m[38;2;55;88;142m[48;2;63;54;98m▀[0m[38;2;55;88;142m[48;2;63;54;98m▀[0m[38;2;63;54;98m[48;2;63;54;98m▀[0m[38;2;55;88;142m[48;2;55;88;142m▀[0m[38;2;55;88;142m[48;2;55;88;142m▀[0m[38;2;0;0;0m[48;2;65;65;65m▀[0m[38;2;0;0;0m[48;2;206;206;197m▀[0m[38;2;0;0;0m▄[38;2;0;0;0m▄[38;2;0;0;0m▄[38;2;0;0;0m▄ 
 [38;2;0;0;0m▀[38;2;206;206;197m[48;2;0;0;0m▀[0m[38;2;206;206;197m[48;2;206;206;197m▀[0m[38;2;206;206;197m[48;2;206;206;197m▀[0m[38;2;63;54;98m[48;2;206;206;197m▀[0m[38;2;63;54;98m[48;2;206;206;197m▀[0m[38;2;63;54;98m[48;2;206;206;197m▀[0m[38;2;63;54;98m[48;2;206;206;197m▀[0m[38;2;63;54;98m[48;2;206;206;197m▀[0m[38;2;113;137;174m[48;2;206;206;197m▀[0m[38;2;206;206;197m[48;2;206;206;197m▀[0m[38;2;206;206;197m[48;2;113;137;174m▀[0m[38;2;63;54;98m[48;2;63;54;98m▀[0m[38;2;55;88;142m[48;2;65;65;65m▀[0m[38;2;65;65;65m[48;2;244;255;108m▀[0m[38;2;157;169;28m[48;2;244;255;108m▀[0m[38;2;244;255;108m[48;2;244;255;108m▀[0m[38;2;157;169;28m[48;2;244;255;108m▀[0m[38;2;193;205;50m[48;2;0;0;0m▀[0m[38;2;0;0;0m▀ 
  [38;2;0;0;0m▀[38;2;55;88;142m[48;2;0;0;0m▀[0m[38;2;55;88;142m[48;2;113;137;174m▀[0m[38;2;206;206;197m[48;2;55;88;142m▀[0m[38;2;206;206;197m[48;2;55;88;142m▀[0m[38;2;206;206;197m[48;2;255;255;255m▀[0m[38;2;206;206;197m[48;2;0;0;0m▀[0m[38;2;206;206;197m[48;2;0;0;0m▀[0m[38;2;113;137;174m[48;2;255;255;255m▀[0m[38;2;63;54;98m[48;2;55;88;142m▀[0m[38;2;63;54;98m[48;2;55;88;142m▀[0m[38;2;55;88;142m[48;2;65;65;65m▀[0m[38;2;65;65;65m[48;2;244;255;108m▀[0m[38;2;244;255;108m[48;2;244;255;108m▀[0m[38;2;244;255;108m[48;2;244;255;108m▀[0m[38;2;244;255;108m[48;2;244;255;108m▀[0m[38;2;157;169;28m[48;2;193;205;50m▀[0m[38;2;0;0;0m[48;2;193;205;50m▀[0m[38;2;0;0;0m▄ 
   [38;2;0;0;0m▀[38;2;206;206;197m[48;2;0;0;0m▀[0m[38;2;206;206;197m[48;2;55;88;142m▀[0m[38;2;206;206;197m[48;2;113;137;174m▀[0m[38;2;55;88;142m[48;2;206;206;197m▀[0m[38;2;255;255;255m[48;2;113;137;174m▀[0m[38;2;255;255;255m[48;2;65;65;65m▀[0m[38;2;55;88;142m[48;2;65;65;65m▀[0m[38;2;55;88;142m[48;2;0;0;0m▀[0m[38;2;65;65;65m[48;2;244;255;108m▀[0m[38;2;244;255;108m[48;2;244;255;108m▀[0m[38;2;244;255;108m[48;2;244;255;108m▀[0m[38;2;244;255;108m[48;2;193;205;50m▀[0m[38;2;244;255;108m[48;2;0;0;0m▀[0m[38;2;65;65;65m[48;2;157;169;28m▀[0m[38;2;157;169;28m[48;2;206;206;197m▀[0m[38;2;193;205;50m[48;2;157;169;28m▀[0m[38;2;0;0;0m[48;2;0;0;0m▀[0m 
     [38;2;0;0;0m▀[38;2;65;65;65m[48;2;0;0;0m▀[0m[38;2;65;65;65m[48;2;157;169;28m▀[0m[38;2;65;65;65m[48;2;157;169;28m▀[0m[38;2;157;169;28m[48;2;0;0;0m▀[0m[38;2;0;0;0m▀[38;2;244;255;108m[48;2;0;0;0m▀[0m[38;2;244;255;108m[48;2;193;205;50m▀[0m[38;2;193;205;50m[48;2;255;255;255m▀[0m[38;2;244;255;108m[48;2;193;205;50m▀[0m[38;2;0;0;0m[48;2;0;0;0m▀[0m [38;2;0;0;0m▀[38;2;0;0;0m▀[38;2;0;0;0m▀  
       [38;2;0;0;0m▀[38;2;0;0;0m▀  [38;2;0;0;0m▀[38;2;157;169;28m[48;2;0;0;0m▀[0m[38;2;206;206;197m[48;2;0;0;0m▀[0m[38;2;65;65;65m[48;2;0;0;0m▀[0m[38;2;0;0;0m▀      
                                     [0m                                     