         [38;2;0;0;0m▄[38;2;0;0;0m▄[38;2;0;0;0m▄[38;2;0;0;0m[48;2;253;240;80m▀[0m[38;2;0;0;0m[48;2;221;174;51m▀[0m[38;2;0;0;0m[48;2;222;247;148m▀[0m[38;2;0;0;0m[48;2;222;247;148m▀[0m[38;2;0;0;0m[48;2;221;174;51m▀[0m[38;2;0;0;0m[48;2;253;240;80m▀[0m[38;2;0;0;0m▄[38;2;0;0;0m▄[38;2;0;0;0m▄          
      [38;2;0;0;8m▄[38;2;0;0;8m▄[38;2;0;0;0m[48;2;253;240;80m▀[0m[38;2;253;240;80m[48;2;253;240;80m▀[0m[38;2;253;240;80m[48;2;253;240;80m▀[0m[38;2;253;240;80m[48;2;253;240;80m▀[0m[38;2;221;174;51m[48;2;253;240;80m▀[0m[38;2;231;243;156m[48;2;220;172;51m▀[0m[38;2;222;247;148m[48;2;222;247;148m▀[0m[38;2;222;247;148m[48;2;222;247;148m▀[0m[38;2;231;243;156m[48;2;220;172;51m▀[0m[38;2;221;174;51m[48;2;253;240;80m▀[0m[38;2;253;240;80m[48;2;253;240;80m▀[0m[38;2;253;240;80m[48;2;253;240;80m▀[0m[38;2;253;240;80m[48;2;253;240;80m▀[0m[38;2;0;0;0m[48;2;253;240;80m▀[0m[38;2;0;0;0m[48;2;253;240;80m▀[0m[38;2;8;0;8m▄       
    [38;2;0;0;8m▄[38;2;0;0;0m[48;2;116;64;21m▀[0m[38;2;222;215;181m[48;2;116;64;21m▀[0m[38;2;148;143;123m[48;2;253;240;80m▀[0m[38;2;253;240;80m[48;2;253;240;80m▀[0m[38;2;253;240;80m[48;2;221;174;51m▀[0m[38;2;253;240;80m[48;2;253;240;80m▀[0m[38;2;253;240;80m[48;2;253;240;80m▀[0m[38;2;253;240;80m[48;2;253;240;80m▀[0m[38;2;253;240;80m[48;2;253;240;80m▀[0m[38;2;220;172;51m[48;2;253;240;80m▀[0m[38;2;220;172;51m[48;2;253;240;80m▀[0m[38;2;253;240;80m[48;2;253;240;80m▀[0m[38;2;253;240;80m[48;2;253;240;80m▀[0m[38;2;253;240;80m[48;2;253;240;80m▀[0m[38;2;253;240;80m[48;2;253;240;80m▀[0m[38;2;253;240;80m[48;2;221;174;51m▀[0m[38;2;220;172;51m[48;2;231;243;156m▀[0m[38;2;219;171;50m[48;2;222;247;148m▀[0m[38;2;253;240;80m[48;2;220;172;51m▀[0m[38;2;0;0;0m[48;2;253;240;80m▀[0m[38;2;0;0;0m[48;2;116;64;21m▀[0m[38;2;0;0;0m▄    
  [38;2;8;0;16m▄[38;2;0;0;0m[48;2;84;67;49m▀[0m[38;2;143;88;0m[48;2;116;64;21m▀[0m[38;2;116;64;21m[48;2;242;222;72m▀[0m[38;2;242;222;72m[48;2;253;240;80m▀[0m[38;2;253;240;80m[48;2;220;172;51m▀[0m[38;2;221;174;51m[48;2;222;247;148m▀[0m[38;2;231;243;156m[48;2;222;247;148m▀[0m[38;2;220;172;51m[48;2;220;172;51m▀[0m[38;2;253;240;80m[48;2;253;240;80m▀[0m[38;2;253;240;80m[48;2;221;174;51m▀[0m[38;2;253;240;80m[48;2;253;240;80m▀[0m[38;2;253;240;80m[48;2;253;240;80m▀[0m[38;2;253;240;80m[48;2;253;240;80m▀[0m[38;2;253;240;80m[48;2;221;174;51m▀[0m[38;2;220;172;51m[48;2;231;243;156m▀[0m[38;2;220;172;51m[48;2;222;247;148m▀[0m[38;2;253;240;80m[48;2;220;172;51m▀[0m[38;2;253;240;80m[48;2;253;240;80m▀[0m[38;2;221;174;51m[48;2;253;240;80m▀[0m[38;2;222;247;148m[48;2;220;172;51m▀[0m[38;2;222;247;148m[48;2;220;172;51m▀[0m[38;2;220;172;51m[48;2;253;240;80m▀[0m[38;2;242;222;72m[48;2;253;240;80m▀[0m[38;2;151;100;37m[48;2;116;64;21m▀[0m[38;2;0;0;0m[48;2;107;70;23m▀[0m[38;2;0;0;0m▄  
 [38;2;0;0;0m[48;2;0;0;0m▀[0m[38;2;152;101;39m[48;2;151;100;37m▀[0m[38;2;152;101;39m[48;2;151;100;37m▀[0m[38;2;116;64;21m[48;2;116;64;21m▀[0m[38;2;242;222;72m[48;2;242;222;72m▀[0m[38;2;253;240;80m[48;2;253;240;80m▀[0m[38;2;220;172;51m[48;2;253;240;80m▀[0m[38;2;222;247;148m[48;2;220;172;51m▀[0m[38;2;220;172;51m[48;2;253;240;80m▀[0m[38;2;253;240;80m[48;2;253;240;80m▀[0m[38;2;220;172;51m[48;2;253;240;80m▀[0m[38;2;231;243;156m[48;2;220;172;51m▀[0m[38;2;221;174;51m[48;2;253;240;80m▀[0m[38;2;253;240;80m[48;2;253;240;80m▀[0m[38;2;253;240;80m[48;2;253;240;80m▀[0m[38;2;253;240;80m[48;2;253;240;80m▀[0m[38;2;221;174;51m[48;2;253;240;80m▀[0m[38;2;222;247;148m[48;2;220;172;51m▀[0m[38;2;220;172;51m[48;2;253;240;80m▀[0m[38;2;253;240;80m[48;2;253;240;80m▀[0m[38;2;253;240;80m[48;2;253;240;80m▀[0m[38;2;253;240;80m[48;2;253;240;80m▀[0m[38;2;253;240;80m[48;2;253;240;80m▀[0m[38;2;253;240;80m[48;2;242;222;72m▀[0m[38;2;253;240;80m[48;2;242;222;72m▀[0m[38;2;242;222;72m[48;2;243;222;72m▀[0m[38;2;116;64;21m[48;2;116;64;21m▀[0m[38;2;151;100;37m[48;2;151;100;37m▀[0m[38;2;0;0;0m[48;2;0;0;0m▀[0m 
  [38;2;0;0;0m[48;2;0;0;0m▀[0m[38;2;151;100;37m[48;2;151;100;37m▀[0m[38;2;116;64;21m[48;2;151;100;37m▀[0m[38;2;242;222;72m[48;2;116;64;21m▀[0m[38;2;242;222;72m[48;2;116;64;21m▀[0m[38;2;242;222;72m[48;2;116;64;21m▀[0m[38;2;253;240;80m[48;2;242;222;72m▀[0m[38;2;253;240;80m[48;2;253;240;80m▀[0m[38;2;253;240;80m[48;2;242;222;72m▀[0m[38;2;253;240;80m[48;2;242;222;72m▀[0m[38;2;253;240;80m[48;2;253;240;80m▀[0m[38;2;253;240;80m[48;2;253;240;80m▀[0m[38;2;253;240;80m[48;2;253;240;80m▀[0m[38;2;253;240;80m[48;2;253;240;80m▀[0m[38;2;253;240;80m[48;2;253;240;80m▀[0m[38;2;253;240;80m[48;2;253;240;80m▀[0m[38;2;253;240;80m[48;2;253;240;80m▀[0m[38;2;253;240;80m[48;2;242;222;72m▀[0m[38;2;253;240;80m[48;2;242;222;72m▀[0m[38;2;253;240;80m[48;2;253;240;80m▀[0m[38;2;253;240;80m[48;2;253;240;80m▀[0m[38;2;242;222;72m[48;2;116;64;21m▀[0m[38;2;116;64;21m[48;2;151;100;31m▀[0m[38;2;116;64;21m[48;2;151;100;31m▀[0m[38;2;116;64;21m[48;2;132;93;47m▀[0m[38;2;152;100;30m[48;2;132;93;47m▀[0m[38;2;0;0;0m[48;2;0;0;0m▀[0m  
  [38;2;0;0;0m▀[38;2;151;100;37m[48;2;0;0;0m▀[0m[38;2;151;100;37m[48;2;127;89;47m▀[0m[38;2;151;100;37m[48;2;127;89;47m▀[0m[38;2;151;100;37m[48;2;151;100;37m▀[0m[38;2;151;100;37m[48;2;151;100;37m▀[0m[38;2;116;64;21m[48;2;151;100;37m▀[0m[38;2;242;222;72m[48;2;116;64;21m▀[0m[38;2;116;64;21m[48;2;151;100;31m▀[0m[38;2;116;64;21m[48;2;151;100;31m▀[0m[38;2;242;222;72m[48;2;116;64;21m▀[0m[38;2;242;222;72m[48;2;243;222;72m▀[0m[38;2;253;240;80m[48;2;242;222;72m▀[0m[38;2;253;240;80m[48;2;242;222;72m▀[0m[38;2;253;240;80m[48;2;243;222;72m▀[0m[38;2;242;222;72m[48;2;116;64;21m▀[0m[38;2;242;222;72m[48;2;116;64;21m▀[0m[38;2;116;64;21m[48;2;151;100;37m▀[0m[38;2;116;64;21m[48;2;151;100;37m▀[0m[38;2;242;222;72m[48;2;116;64;21m▀[0m[38;2;242;222;72m[48;2;116;64;21m▀[0m[38;2;116;64;21m[48;2;151;100;37m▀[0m[38;2;151;100;31m[48;2;151;100;37m▀[0m[38;2;151;100;31m[48;2;151;100;37m▀[0m[38;2;132;93;47m[48;2;151;100;37m▀[0m[38;2;0;0;0m[48;2;0;0;0m▀[0m   
    [38;2;0;0;0m▀[38;2;0;0;0m▀[38;2;0;0;0m▀[38;2;151;100;37m[48;2;0;0;0m▀[0m[38;2;151;100;37m[48;2;0;0;0m▀[0m[38;2;151;100;37m[48;2;0;0;0m▀[0m[38;2;151;100;31m[48;2;151;100;37m▀[0m[38;2;151;100;31m[48;2;151;100;37m▀[0m[38;2;152;100;30m[48;2;151;100;37m▀[0m[38;2;116;64;21m[48;2;151;100;37m▀[0m[38;2;116;64;21m[48;2;151;100;31m▀[0m[38;2;116;64;21m[48;2;151;100;31m▀[0m[38;2;116;64;21m[48;2;151;100;37m▀[0m[38;2;152;100;30m[48;2;151;100;37m▀[0m[38;2;151;100;37m[48;2;127;89;47m▀[0m[38;2;151;100;37m[48;2;127;89;47m▀[0m[38;2;151;100;37m[48;2;151;100;37m▀[0m[38;2;151;100;37m[48;2;0;0;0m▀[0m[38;2;151;100;37m[48;2;0;0;0m▀[0m[38;2;151;100;37m[48;2;0;0;0m▀[0m[38;2;0;0;0m▀[38;2;151;100;37m[48;2;0;0;0m▀[0m[38;2;0;0;0m▀    
          [38;2;0;0;0m▀[38;2;0;0;0m▀[38;2;82;81;82m[48;2;8;4;8m▀[0m[38;2;82;81;82m[48;2;198;207;214m▀[0m[38;2;151;100;31m[48;2;82;82;82m▀[0m[38;2;151;100;31m[48;2;82;82;82m▀[0m[38;2;151;100;37m[48;2;82;82;82m▀[0m[38;2;82;81;82m[48;2;198;207;214m▀[0m[38;2;77;66;76m[48;2;0;0;0m▀[0m[38;2;0;12;8m▀[38;2;0;0;0m▀          
        [38;2;0;0;0m▄[38;2;0;0;0m▄[38;2;16;12;0m▄[38;2;0;0;0m[48;2;222;227;206m▀[0m[38;2;198;207;214m[48;2;197;197;192m▀[0m[38;2;71;71;76m[48;2;82;81;82m▀[0m[38;2;198;207;214m[48;2;255;255;231m▀[0m[38;2;198;207;214m[48;2;198;207;214m▀[0m[38;2;82;82;82m[48;2;198;207;214m▀[0m[38;2;198;207;214m[48;2;82;82;82m▀[0m[38;2;0;0;0m[48;2;255;255;255m▀[0m[38;2;0;0;0m▄           
       [38;2;0;0;0m[48;2;0;0;0m▀[0m[38;2;154;167;104m[48;2;239;251;165m▀[0m[38;2;231;251;156m[48;2;162;168;112m▀[0m[38;2;153;155;137m[48;2;82;81;82m▀[0m[38;2;153;155;137m[48;2;82;81;82m▀[0m[38;2;82;81;82m[48;2;151;100;37m▀[0m[38;2;255;255;247m[48;2;111;76;37m▀[0m[38;2;255;255;231m[48;2;182;135;70m▀[0m[38;2;255;255;231m[48;2;255;255;222m▀[0m[38;2;198;207;214m[48;2;234;188;104m▀[0m[38;2;198;207;214m[48;2;108;76;36m▀[0m[38;2;85;85;85m[48;2;86;70;53m▀[0m[38;2;255;255;255m[48;2;82;81;90m▀[0m[38;2;0;0;0m[48;2;239;251;198m▀[0m[38;2;0;0;0m▄[38;2;0;0;0m▄        
       [38;2;0;0;0m▀[38;2;162;168;112m[48;2;0;0;0m▀[0m[38;2;8;4;8m▀[38;2;82;81;82m[48;2;0;0;0m▀[0m[38;2;151;100;37m[48;2;127;89;47m▀[0m[38;2;151;100;37m[48;2;151;100;31m▀[0m[38;2;151;100;37m[48;2;151;100;31m▀[0m[38;2;150;99;30m[48;2;151;100;31m▀[0m[38;2;112;78;38m[48;2;151;100;31m▀[0m[38;2;108;76;36m[48;2;151;100;31m▀[0m[38;2;155;104;34m[48;2;151;100;31m▀[0m[38;2;153;101;32m[48;2;127;89;47m▀[0m[38;2;82;81;90m[48;2;77;66;76m▀[0m[38;2;159;167;132m[48;2;0;0;0m▀[0m[38;2;239;251;198m[48;2;173;174;123m▀[0m[38;2;173;174;123m[48;2;231;251;156m▀[0m[38;2;0;0;0m[48;2;156;168;106m▀[0m[38;2;0;0;0m▄      
          [38;2;0;0;0m▀[38;2;127;89;47m[48;2;0;0;0m▀[0m[38;2;151;100;31m[48;2;111;78;39m▀[0m[38;2;151;100;31m[48;2;111;78;39m▀[0m[38;2;151;100;31m[48;2;151;100;37m▀[0m[38;2;151;100;31m[48;2;151;100;37m▀[0m[38;2;151;100;31m[48;2;151;100;37m▀[0m[38;2;151;100;31m[48;2;111;76;37m▀[0m[38;2;127;89;47m[48;2;0;0;0m▀[0m[38;2;0;12;8m▀ [38;2;0;0;0m[48;2;0;0;0m▀[0m[38;2;231;251;156m[48;2;222;247;148m▀[0m[38;2;8;4;8m[48;2;0;0;0m▀[0m       
            [38;2;0;0;0m▀[38;2;0;0;0m▀[38;2;0;0;0m▀[38;2;0;0;0m▀[38;2;111;76;37m[48;2;0;0;0m▀[0m[38;2;151;100;37m[48;2;0;0;0m▀[0m[38;2;0;0;0m▀   [38;2;0;0;0m▀        
                                     [0m                                     