  [38;2;0;0;0m▄[38;2;0;0;0m▄[38;2;0;0;0m▄ [38;2;0;0;0m▄[38;2;0;0;0m▄[38;2;0;0;0m▄[38;2;0;0;0m[48;2;66;86;195m▀[0m[38;2;0;0;0m[48;2;89;109;218m▀[0m[38;2;0;0;0m[48;2;89;109;218m▀[0m[38;2;0;0;0m[48;2;89;109;218m▀[0m[38;2;0;0;0m[48;2;89;109;218m▀[0m[38;2;0;0;0m▄[38;2;0;0;0m▄          
 [38;2;0;0;0m[48;2;0;0;0m▀[0m[38;2;124;144;253m[48;2;124;144;253m▀[0m[38;2;124;144;253m[48;2;189;222;255m▀[0m[38;2;124;144;253m[48;2;65;65;65m▀[0m[38;2;0;0;0m[48;2;124;144;253m▀[0m[38;2;124;144;253m[48;2;124;144;253m▀[0m[38;2;124;144;253m[48;2;124;144;253m▀[0m[38;2;66;86;195m[48;2;124;144;253m▀[0m[38;2;89;109;218m[48;2;89;109;218m▀[0m[38;2;89;109;218m[48;2;66;86;195m▀[0m[38;2;65;65;65m[48;2;124;144;253m▀[0m[38;2;65;65;65m[48;2;124;144;253m▀[0m[38;2;65;65;65m[48;2;124;144;253m▀[0m[38;2;89;109;218m[48;2;65;65;65m▀[0m[38;2;89;109;218m[48;2;89;109;218m▀[0m[38;2;0;0;0m[48;2;89;109;218m▀[0m[38;2;0;0;0m▄        
 [38;2;0;0;0m▀[38;2;89;109;218m[48;2;0;0;0m▀[0m[38;2;189;222;255m[48;2;89;109;218m▀[0m[38;2;65;65;65m[48;2;65;65;65m▀[0m[38;2;124;144;253m[48;2;124;144;253m▀[0m[38;2;124;144;253m[48;2;65;65;65m▀[0m[38;2;124;144;253m[48;2;65;65;65m▀[0m[38;2;124;144;253m[48;2;124;144;253m▀[0m[38;2;89;109;218m[48;2;124;144;253m▀[0m[38;2;124;144;253m[48;2;124;144;253m▀[0m[38;2;124;144;253m[48;2;124;144;253m▀[0m[38;2;124;144;253m[48;2;124;144;253m▀[0m[38;2;124;144;253m[48;2;124;144;253m▀[0m[38;2;124;144;253m[48;2;124;144;253m▀[0m[38;2;65;65;65m[48;2;65;65;65m▀[0m[38;2;89;109;218m[48;2;89;109;218m▀[0m[38;2;0;0;0m[48;2;89;109;218m▀[0m[38;2;0;0;0m▄       
   [38;2;0;0;0m[48;2;0;0;0m▀[0m[38;2;124;144;253m[48;2;124;144;253m▀[0m[38;2;66;86;195m[48;2;66;86;195m▀[0m[38;2;89;109;218m[48;2;255;255;255m▀[0m[38;2;124;144;253m[48;2;124;144;253m▀[0m[38;2;124;144;253m[48;2;124;144;253m▀[0m[38;2;124;144;253m[48;2;124;144;253m▀[0m[38;2;65;65;65m[48;2;124;144;253m▀[0m[38;2;65;65;65m[48;2;124;144;253m▀[0m[38;2;89;109;218m[48;2;65;65;65m▀[0m[38;2;124;144;253m[48;2;66;86;195m▀[0m[38;2;124;144;253m[48;2;124;144;253m▀[0m[38;2;124;144;253m[48;2;124;144;253m▀[0m[38;2;65;65;65m[48;2;65;65;65m▀[0m[38;2;89;109;218m[48;2;66;86;195m▀[0m[38;2;0;0;0m[48;2;0;0;0m▀[0m[38;2;0;0;0m▄      
  [38;2;0;0;0m▄[38;2;0;0;0m[48;2;124;144;253m▀[0m[38;2;124;144;253m[48;2;89;109;218m▀[0m[38;2;193;149;80m[48;2;249;204;127m▀[0m[38;2;65;65;65m[48;2;255;255;255m▀[0m[38;2;124;144;253m[48;2;249;204;127m▀[0m[38;2;249;204;127m[48;2;249;204;127m▀[0m[38;2;124;144;253m[48;2;193;149;80m▀[0m[38;2;255;255;255m[48;2;65;65;65m▀[0m[38;2;255;255;255m[48;2;189;189;181m▀[0m[38;2;124;144;253m[48;2;124;144;253m▀[0m[38;2;65;65;65m[48;2;65;65;65m▀[0m[38;2;124;144;253m[48;2;124;144;253m▀[0m[38;2;124;144;253m[48;2;89;109;218m▀[0m[38;2;65;65;65m[48;2;65;65;65m▀[0m[38;2;65;65;65m[48;2;189;222;255m▀[0m[38;2;124;144;253m[48;2;189;222;255m▀[0m[38;2;124;144;253m[48;2;124;144;253m▀[0m[38;2;0;0;0m[48;2;0;0;0m▀[0m     
  [38;2;0;0;0m▀[38;2;124;144;253m[48;2;0;0;0m▀[0m[38;2;89;109;218m[48;2;65;65;65m▀[0m[38;2;137;104;42m[48;2;66;86;195m▀[0m[38;2;249;204;127m[48;2;65;65;65m▀[0m[38;2;193;149;80m[48;2;225;180;96m▀[0m[38;2;249;204;127m[48;2;249;204;127m▀[0m[38;2;249;204;127m[48;2;249;204;127m▀[0m[38;2;249;204;127m[48;2;225;180;96m▀[0m[38;2;132;132;115m[48;2;225;180;96m▀[0m[38;2;225;180;96m[48;2;65;65;65m▀[0m[38;2;65;65;65m[48;2;124;144;253m▀[0m[38;2;124;144;253m[48;2;89;109;218m▀[0m[38;2;65;65;65m[48;2;65;65;65m▀[0m[38;2;189;222;255m[48;2;89;109;218m▀[0m[38;2;189;222;255m[48;2;89;109;218m▀[0m[38;2;124;144;253m[48;2;65;65;65m▀[0m[38;2;89;109;218m[48;2;65;65;65m▀[0m[38;2;0;0;0m[48;2;124;144;253m▀[0m[38;2;0;0;0m[48;2;124;144;253m▀[0m[38;2;0;0;0m▄[38;2;0;0;0m▄  
    [38;2;0;0;0m[48;2;0;0;0m▀[0m[38;2;65;65;65m[48;2;249;204;127m▀[0m[38;2;193;149;80m[48;2;193;149;80m▀[0m[38;2;137;104;42m[48;2;66;86;195m▀[0m[38;2;65;65;65m[48;2;89;109;218m▀[0m[38;2;65;65;65m[48;2;255;255;255m▀[0m[38;2;65;65;65m[48;2;255;255;255m▀[0m[38;2;65;65;65m[48;2;89;109;218m▀[0m[38;2;137;104;42m[48;2;193;149;80m▀[0m[38;2;124;144;253m[48;2;65;65;65m▀[0m[38;2;66;86;195m[48;2;124;144;253m▀[0m[38;2;124;144;253m[48;2;124;144;253m▀[0m[38;2;0;0;0m[48;2;0;0;0m▀[0m[38;2;0;0;0m▀[38;2;0;0;0m[48;2;0;0;0m▀[0m[38;2;124;144;253m[48;2;124;144;253m▀[0m[38;2;89;109;218m[48;2;124;144;253m▀[0m[38;2;66;86;195m[48;2;89;109;218m▀[0m[38;2;89;109;218m[48;2;66;86;195m▀[0m[38;2;124;144;253m[48;2;66;86;195m▀[0m[38;2;0;0;0m[48;2;0;0;0m▀[0m 
     [38;2;0;0;0m▀[38;2;124;144;253m[48;2;0;0;0m▀[0m[38;2;124;144;253m[48;2;65;65;65m▀[0m[38;2;124;144;253m[48;2;124;144;253m▀[0m[38;2;255;255;255m[48;2;124;144;253m▀[0m[38;2;124;144;253m[48;2;124;144;253m▀[0m[38;2;124;144;253m[48;2;65;65;65m▀[0m[38;2;66;86;195m[48;2;124;144;253m▀[0m[38;2;225;180;96m[48;2;137;104;42m▀[0m[38;2;65;65;65m[48;2;225;180;96m▀[0m[38;2;0;0;0m[48;2;137;104;42m▀[0m[38;2;0;0;0m▄[38;2;0;0;0m▄[38;2;0;0;0m▄[38;2;0;0;0m[48;2;193;149;80m▀[0m[38;2;124;144;253m[48;2;124;144;253m▀[0m[38;2;124;144;253m[48;2;0;0;0m▀[0m[38;2;124;144;253m[48;2;124;144;253m▀[0m[38;2;89;109;218m[48;2;124;144;253m▀[0m[38;2;0;0;0m[48;2;0;0;0m▀[0m 
     [38;2;0;0;0m▄[38;2;0;0;0m[48;2;225;180;96m▀[0m[38;2;193;149;80m[48;2;193;149;80m▀[0m[38;2;65;65;65m[48;2;0;0;0m▀[0m[38;2;124;144;253m[48;2;0;0;0m▀[0m[38;2;0;0;0m▀[38;2;137;104;42m[48;2;0;0;0m▀[0m[38;2;65;65;65m[48;2;193;149;80m▀[0m[38;2;66;86;195m[48;2;65;65;65m▀[0m[38;2;249;204;127m[48;2;0;0;0m▀[0m[38;2;249;204;127m[48;2;0;0;0m▀[0m[38;2;65;65;65m[48;2;0;0;0m▀[0m[38;2;193;149;80m[48;2;0;0;0m▀[0m[38;2;193;149;80m[48;2;0;0;0m▀[0m[38;2;0;0;0m▀[38;2;0;0;0m▀ [38;2;0;0;0m▀[38;2;0;0;0m▀  
      [38;2;0;0;0m▀[38;2;0;0;0m▀    [38;2;0;0;0m[48;2;0;0;0m▀[0m[38;2;193;149;80m[48;2;225;180;96m▀[0m[38;2;0;0;0m[48;2;249;204;127m▀[0m[38;2;0;0;0m▄          
                          [38;2;0;0;0m▀[38;2;0;0;0m▀                        
                                     [0m                                     