        [38;2;0;0;0m▄[38;2;0;0;0m[48;2;173;215;123m▀[0m[38;2;0;0;0m▄                            
       [38;2;0;0;0m▄[38;2;0;8;0m[48;2;120;154;76m▀[0m[38;2;181;227;115m[48;2;181;227;115m▀[0m[38;2;0;0;0m[48;2;0;0;0m▀[0m                            
       [38;2;0;0;0m[48;2;0;0;0m▀[0m[38;2;132;178;74m[48;2;177;216;119m▀[0m[38;2;132;178;74m[48;2;132;178;74m▀[0m[38;2;0;0;0m[48;2;0;0;0m▀[0m                            
      [38;2;0;0;0m[48;2;0;0;0m▀[0m[38;2;132;178;74m[48;2;132;178;74m▀[0m[38;2;177;216;119m[48;2;177;216;119m▀[0m[38;2;132;178;74m[48;2;132;178;74m▀[0m[38;2;0;0;0m[48;2;0;0;0m▀[0m                            
      [38;2;0;4;0m[48;2;0;4;0m▀[0m[38;2;120;155;76m[48;2;181;231;115m▀[0m[38;2;132;178;74m[48;2;132;178;74m▀[0m[38;2;177;216;119m[48;2;177;216;119m▀[0m[38;2;0;0;0m[48;2;0;0;0m▀[0m                            
      [38;2;0;4;0m[48;2;0;4;0m▀[0m[38;2;181;231;115m[48;2;120;155;76m▀[0m[38;2;177;216;119m[48;2;132;178;74m▀[0m[38;2;132;178;74m[48;2;177;216;119m▀[0m[38;2;0;0;0m[48;2;0;0;0m▀[0m                            
      [38;2;0;0;0m[48;2;0;0;0m▀[0m[38;2;173;215;123m[48;2;173;215;123m▀[0m[38;2;176;216;120m[48;2;176;216;120m▀[0m[38;2;176;216;120m[48;2;176;216;120m▀[0m[38;2;0;0;0m[48;2;0;0;0m▀[0m                            
      [38;2;0;0;0m[48;2;0;0;0m▀[0m[38;2;173;215;123m[48;2;173;215;123m▀[0m[38;2;176;216;120m[48;2;176;216;120m▀[0m[38;2;176;216;120m[48;2;176;216;120m▀[0m[38;2;0;0;0m[48;2;0;0;0m▀[0m                            
      [38;2;0;0;0m[48;2;0;0;0m▀[0m[38;2;173;215;123m[48;2;173;215;123m▀[0m[38;2;176;216;120m[48;2;176;216;120m▀[0m[38;2;176;216;120m[48;2;176;216;120m▀[0m[38;2;0;0;0m[48;2;0;0;0m▀[0m                            
      [38;2;0;0;0m[48;2;0;0;0m▀[0m[38;2;173;215;123m[48;2;173;215;123m▀[0m[38;2;176;216;120m[48;2;176;216;120m▀[0m[38;2;176;216;120m[48;2;176;216;120m▀[0m[38;2;0;0;0m[48;2;0;0;0m▀[0m                            
      [38;2;0;0;0m[48;2;0;0;0m▀[0m[38;2;173;215;123m[48;2;173;215;123m▀[0m[38;2;176;216;120m[48;2;176;216;120m▀[0m[38;2;176;216;120m[48;2;176;216;120m▀[0m[38;2;0;0;0m[48;2;0;0;0m▀[0m        [38;2;0;0;0m▄[38;2;0;0;0m[48;2;253;220;75m▀[0m[38;2;0;0;0m[48;2;0;0;0m▀[0m                 
      [38;2;0;0;0m[48;2;0;0;0m▀[0m[38;2;173;215;123m[48;2;173;215;123m▀[0m[38;2;176;216;120m[48;2;176;216;120m▀[0m[38;2;176;216;120m[48;2;176;216;120m▀[0m[38;2;0;0;0m[48;2;0;0;0m▀[0m    [38;2;0;0;0m▄[38;2;0;0;0m[48;2;253;220;75m▀[0m[38;2;0;0;0m▄[38;2;0;0;0m[48;2;162;121;32m▀[0m[38;2;253;220;75m[48;2;253;220;75m▀[0m[38;2;253;220;75m[48;2;253;220;75m▀[0m[38;2;197;160;48m[48;2;253;220;75m▀[0m[38;2;0;0;0m[48;2;0;0;0m▀[0m                
      [38;2;0;0;0m[48;2;0;0;0m▀[0m[38;2;173;215;123m[48;2;173;215;123m▀[0m[38;2;176;216;120m[48;2;176;216;120m▀[0m[38;2;176;216;120m[48;2;176;216;120m▀[0m[38;2;0;0;0m[48;2;0;0;0m▀[0m   [38;2;0;0;0m▄[38;2;0;0;0m[48;2;253;220;75m▀[0m[38;2;253;220;75m[48;2;253;220;75m▀[0m[38;2;66;65;66m[48;2;66;65;66m▀[0m[38;2;197;160;48m[48;2;197;160;48m▀[0m[38;2;253;220;75m[48;2;253;220;75m▀[0m[38;2;253;220;75m[48;2;253;220;75m▀[0m[38;2;209;152;55m[48;2;159;125;31m▀[0m[38;2;0;0;0m[48;2;0;0;0m▀[0m    [38;2;0;0;0m▄[38;2;0;0;0m[48;2;173;215;123m▀[0m[38;2;0;0;0m▄         
      [38;2;0;0;0m[48;2;0;0;0m▀[0m[38;2;173;215;123m[48;2;173;215;123m▀[0m[38;2;132;178;74m[48;2;177;216;119m▀[0m[38;2;177;216;119m[48;2;177;216;119m▀[0m[38;2;0;0;0m[48;2;0;0;0m▀[0m   [38;2;0;0;0m▀[38;2;253;220;75m[48;2;0;0;0m▀[0m[38;2;253;220;75m[48;2;253;220;75m▀[0m[38;2;253;220;75m[48;2;253;220;75m▀[0m[38;2;162;121;32m[48;2;162;121;32m▀[0m[38;2;253;220;75m[48;2;253;220;75m▀[0m[38;2;159;120;33m[48;2;159;120;33m▀[0m[38;2;197;160;48m[48;2;197;160;48m▀[0m[38;2;253;220;75m[48;2;209;153;27m▀[0m[38;2;0;4;0m[48;2;0;4;0m▀[0m   [38;2;0;0;0m[48;2;0;0;0m▀[0m[38;2;173;215;123m[48;2;173;215;123m▀[0m[38;2;0;0;0m[48;2;0;0;0m▀[0m         
      [38;2;0;0;0m[48;2;0;0;0m▀[0m[38;2;173;215;123m[48;2;173;215;123m▀[0m[38;2;132;178;74m[48;2;132;178;74m▀[0m[38;2;177;216;119m[48;2;177;216;119m▀[0m[38;2;0;0;0m[48;2;0;0;0m▀[0m   [38;2;0;0;0m▄[38;2;0;0;0m[48;2;253;220;75m▀[0m[38;2;209;152;55m[48;2;159;125;31m▀[0m[38;2;253;220;75m[48;2;253;220;75m▀[0m[38;2;253;220;75m[48;2;253;220;75m▀[0m[38;2;253;220;75m[48;2;253;220;75m▀[0m[38;2;253;220;75m[48;2;253;220;75m▀[0m[38;2;197;160;48m[48;2;253;220;75m▀[0m[38;2;162;121;32m[48;2;253;220;75m▀[0m[38;2;0;0;0m[48;2;0;0;0m▀[0m  [38;2;0;0;0m[48;2;0;0;0m▀[0m[38;2;173;215;123m[48;2;173;215;123m▀[0m[38;2;176;216;120m[48;2;176;216;120m▀[0m[38;2;176;216;120m[48;2;176;216;120m▀[0m[38;2;0;0;0m[48;2;0;0;0m▀[0m        
      [38;2;0;0;0m[48;2;0;0;0m▀[0m[38;2;247;251;247m[48;2;247;251;247m▀[0m[38;2;126;171;82m[48;2;186;209;164m▀[0m[38;2;247;247;247m[48;2;247;247;247m▀[0m[38;2;0;0;0m[48;2;0;0;0m▀[0m  [38;2;0;0;0m[48;2;0;0;0m▀[0m[38;2;253;220;75m[48;2;197;160;48m▀[0m[38;2;253;220;75m[48;2;253;220;75m▀[0m[38;2;253;220;75m[48;2;253;220;75m▀[0m[38;2;253;220;75m[48;2;253;220;75m▀[0m[38;2;253;220;75m[48;2;253;220;75m▀[0m[38;2;253;220;75m[48;2;253;220;75m▀[0m[38;2;253;220;75m[48;2;212;151;56m▀[0m[38;2;253;220;75m[48;2;66;65;66m▀[0m[38;2;253;220;75m[48;2;253;220;75m▀[0m[38;2;253;220;75m[48;2;253;220;75m▀[0m[38;2;0;0;0m[48;2;0;0;0m▀[0m [38;2;0;0;0m▀[38;2;173;215;123m[48;2;0;0;0m▀[0m[38;2;176;216;120m[48;2;176;216;120m▀[0m[38;2;176;216;120m[48;2;176;216;120m▀[0m[38;2;0;0;0m[48;2;173;215;123m▀[0m[38;2;0;0;0m▄  [38;2;0;0;0m▄    
      [38;2;0;0;0m[48;2;0;0;0m▀[0m[38;2;247;251;247m[48;2;247;251;247m▀[0m[38;2;247;251;244m[48;2;247;251;244m▀[0m[38;2;247;251;244m[48;2;247;251;244m▀[0m[38;2;0;0;0m[48;2;0;0;0m▀[0m [38;2;0;0;0m[48;2;0;0;0m▀[0m[38;2;66;64;66m[48;2;66;64;66m▀[0m[38;2;82;82;82m[48;2;0;0;0m▀[0m[38;2;245;213;73m[48;2;82;82;82m▀[0m[38;2;253;220;75m[48;2;253;220;75m▀[0m[38;2;253;220;75m[48;2;197;160;48m▀[0m[38;2;253;220;75m[48;2;66;65;66m▀[0m[38;2;66;65;66m[48;2;66;65;66m▀[0m[38;2;66;65;66m[48;2;165;122;31m▀[0m[38;2;66;65;66m[48;2;253;220;75m▀[0m[38;2;195;158;51m[48;2;195;158;51m▀[0m[38;2;66;65;66m[48;2;66;65;66m▀[0m[38;2;30;80;60m[48;2;41;121;90m▀[0m[38;2;8;0;0m[48;2;8;0;0m▀[0m [38;2;0;0;0m[48;2;0;0;0m▀[0m[38;2;175;217;117m[48;2;82;174;107m▀[0m[38;2;175;217;117m[48;2;175;217;117m▀[0m[38;2;165;223;123m[48;2;165;223;123m▀[0m[38;2;0;8;8m[48;2;110;151;84m▀[0m[38;2;0;0;0m▄[38;2;0;0;0m[48;2;66;65;66m▀[0m[38;2;16;132;88m[48;2;16;132;88m▀[0m[38;2;0;0;0m[48;2;0;0;0m▀[0m   
      [38;2;0;0;0m[48;2;0;0;0m▀[0m[38;2;247;251;247m[48;2;247;251;247m▀[0m[38;2;247;251;247m[48;2;247;251;247m▀[0m[38;2;247;251;247m[48;2;177;196;177m▀[0m[38;2;0;0;0m[48;2;0;0;0m▀[0m [38;2;0;0;0m[48;2;0;0;0m▀[0m[38;2;181;170;156m[48;2;181;170;156m▀[0m[38;2;247;247;247m[48;2;82;82;82m▀[0m[38;2;0;0;0m[48;2;82;82;82m▀[0m[38;2;66;65;66m[48;2;255;211;57m▀[0m[38;2;66;65;66m[48;2;160;138;61m▀[0m[38;2;0;0;0m[48;2;255;247;239m▀[0m[38;2;0;0;0m[48;2;170;164;159m▀[0m[38;2;0;0;0m[48;2;239;235;239m▀[0m[38;2;79;78;79m[48;2;159;156;159m▀[0m[38;2;195;158;51m[48;2;195;158;51m▀[0m[38;2;66;65;66m[48;2;195;158;51m▀[0m[38;2;22;132;88m[48;2;66;65;66m▀[0m[38;2;22;132;88m[48;2;22;132;88m▀[0m[38;2;0;0;0m[48;2;16;132;88m▀[0m[38;2;0;0;0m[48;2;16;132;88m▀[0m[38;2;66;65;66m[48;2;82;174;107m▀[0m[38;2;82;174;107m[48;2;82;174;107m▀[0m[38;2;82;174;107m[48;2;82;174;107m▀[0m[38;2;82;174;107m[48;2;66;65;66m▀[0m[38;2;82;174;106m[48;2;16;134;90m▀[0m[38;2;16;134;90m[48;2;16;134;90m▀[0m[38;2;16;132;88m[48;2;16;132;88m▀[0m[38;2;0;0;0m[48;2;0;0;0m▀[0m   
    [38;2;0;0;0m▄[38;2;0;0;0m▄[38;2;0;0;0m[48;2;85;85;82m▀[0m[38;2;255;255;247m[48;2;170;170;164m▀[0m[38;2;178;195;176m[48;2;178;195;176m▀[0m[38;2;178;195;176m[48;2;178;195;176m▀[0m[38;2;66;65;66m[48;2;66;65;66m▀[0m[38;2;0;0;0m[48;2;66;65;66m▀[0m[38;2;66;65;66m[48;2;255;211;66m▀[0m[38;2;66;65;66m[48;2;255;211;66m▀[0m[38;2;255;210;65m[48;2;255;210;65m▀[0m[38;2;255;210;65m[48;2;255;210;65m▀[0m[38;2;255;210;65m[48;2;255;210;65m▀[0m[38;2;255;210;65m[48;2;255;210;65m▀[0m[38;2;66;65;66m[48;2;255;211;66m▀[0m[38;2;66;65;66m[48;2;255;211;66m▀[0m[38;2;202;154;51m[48;2;57;65;57m▀[0m[38;2;202;154;51m[48;2;244;220;71m▀[0m[38;2;195;158;51m[48;2;195;158;51m▀[0m[38;2;66;65;66m[48;2;66;65;66m▀[0m[38;2;66;65;66m[48;2;0;101;66m▀[0m[38;2;66;65;66m[48;2;66;65;66m▀[0m[38;2;22;132;88m[48;2;66;65;66m▀[0m[38;2;22;132;88m[48;2;22;132;88m▀[0m[38;2;16;134;90m[48;2;16;134;90m▀[0m[38;2;82;174;106m[48;2;16;134;90m▀[0m[38;2;49;89;74m[48;2;49;89;74m▀[0m[38;2;49;89;74m[48;2;173;215;123m▀[0m[38;2;66;65;66m[48;2;66;65;66m▀[0m[38;2;66;65;66m[48;2;82;174;107m▀[0m[38;2;0;0;0m[48;2;16;134;90m▀[0m[38;2;0;0;0m▄[38;2;0;0;0m▄[38;2;0;0;0m▄ 
  [38;2;0;0;0m▄[38;2;0;0;0m[48;2;247;251;247m▀[0m[38;2;247;251;247m[48;2;247;251;247m▀[0m[38;2;177;196;177m[48;2;247;251;247m▀[0m[38;2;66;65;66m[48;2;247;251;239m▀[0m[38;2;186;189;181m[48;2;66;65;66m▀[0m[38;2;66;65;66m[48;2;247;251;247m▀[0m[38;2;66;65;66m[48;2;247;251;247m▀[0m[38;2;181;193;181m[48;2;239;255;239m▀[0m[38;2;66;69;66m[48;2;181;193;181m▀[0m[38;2;255;211;57m[48;2;66;65;66m▀[0m[38;2;160;138;61m[48;2;66;65;66m▀[0m[38;2;66;65;66m[48;2;154;130;44m▀[0m[38;2;66;65;66m[48;2;154;130;44m▀[0m[38;2;176;135;44m[48;2;66;65;66m▀[0m[38;2;176;135;44m[48;2;66;65;66m▀[0m[38;2;134;128;109m[48;2;74;65;49m▀[0m[38;2;74;65;49m[48;2;253;220;58m▀[0m[38;2;253;220;75m[48;2;253;220;75m▀[0m[38;2;253;220;75m[48;2;253;220;75m▀[0m[38;2;197;160;48m[48;2;253;220;75m▀[0m[38;2;197;160;48m[48;2;197;160;48m▀[0m[38;2;49;77;66m[48;2;200;158;48m▀[0m[38;2;49;77;66m[48;2;49;77;66m▀[0m[38;2;0;101;66m[48;2;66;65;66m▀[0m[38;2;66;65;66m[48;2;0;101;66m▀[0m[38;2;57;73;66m[48;2;111;150;94m▀[0m[38;2;57;73;66m[48;2;165;227;123m▀[0m[38;2;173;215;123m[48;2;173;215;123m▀[0m[38;2;173;215;123m[48;2;66;65;66m▀[0m[38;2;66;65;66m[48;2;173;215;123m▀[0m[38;2;173;215;123m[48;2;66;65;66m▀[0m[38;2;82;174;106m[48;2;82;174;106m▀[0m[38;2;16;134;90m[48;2;16;134;90m▀[0m[38;2;16;132;88m[48;2;16;132;88m▀[0m[38;2;0;0;0m[48;2;0;0;0m▀[0m 
 [38;2;0;0;0m▄[38;2;0;8;0m[48;2;255;255;247m▀[0m[38;2;255;255;247m[48;2;170;172;164m▀[0m[38;2;247;251;247m[48;2;247;251;247m▀[0m[38;2;131;135;131m[48;2;74;77;74m▀[0m[38;2;66;65;66m[48;2;195;158;51m▀[0m[38;2;176;191;176m[48;2;66;65;66m▀[0m[38;2;176;191;176m[48;2;176;191;176m▀[0m[38;2;66;65;66m[48;2;176;191;176m▀[0m[38;2;247;251;247m[48;2;66;65;66m▀[0m[38;2;247;251;247m[48;2;66;65;66m▀[0m[38;2;66;65;66m[48;2;66;65;66m▀[0m[38;2;66;65;66m[48;2;195;158;51m▀[0m[38;2;212;151;56m[48;2;253;220;75m▀[0m[38;2;66;65;66m[48;2;253;220;75m▀[0m[38;2;253;220;75m[48;2;66;65;66m▀[0m[38;2;212;151;56m[48;2;253;220;75m▀[0m[38;2;253;220;75m[48;2;197;160;48m▀[0m[38;2;253;220;75m[48;2;253;220;75m▀[0m[38;2;253;220;75m[48;2;253;220;75m▀[0m[38;2;253;220;75m[48;2;253;220;75m▀[0m[38;2;253;220;75m[48;2;253;220;75m▀[0m[38;2;66;65;66m[48;2;66;65;66m▀[0m[38;2;57;65;66m[48;2;8;130;82m▀[0m[38;2;24;108;76m[48;2;8;130;82m▀[0m[38;2;16;134;90m[48;2;16;134;90m▀[0m[38;2;82;174;106m[48;2;16;134;90m▀[0m[38;2;82;174;107m[48;2;82;174;107m▀[0m[38;2;82;174;107m[48;2;82;174;107m▀[0m[38;2;165;227;123m[48;2;57;73;66m▀[0m[38;2;57;73;66m[48;2;111;150;94m▀[0m[38;2;165;227;123m[48;2;111;150;94m▀[0m[38;2;57;73;66m[48;2;57;73;66m▀[0m[38;2;22;132;88m[48;2;66;65;66m▀[0m[38;2;22;132;88m[48;2;22;132;88m▀[0m[38;2;0;0;0m[48;2;16;134;90m▀[0m[38;2;0;0;0m▄ 
  [38;2;0;0;0m▀[38;2;0;0;0m▀[38;2;68;70;65m[48;2;8;4;8m▀[0m[38;2;208;164;45m[48;2;126;118;35m▀[0m[38;2;161;129;32m[48;2;244;220;71m▀[0m[38;2;66;73;66m[48;2;66;73;66m▀[0m[38;2;177;196;177m[48;2;247;251;247m▀[0m[38;2;177;196;177m[48;2;247;251;247m▀[0m[38;2;66;65;66m[48;2;66;65;66m▀[0m[38;2;154;130;44m[48;2;154;130;44m▀[0m[38;2;156;129;44m[48;2;156;129;44m▀[0m[38;2;68;75;68m[48;2;0;0;0m▀[0m[38;2;253;220;75m[48;2;197;160;48m▀[0m[38;2;253;220;75m[48;2;197;160;48m▀[0m[38;2;253;220;75m[48;2;253;220;75m▀[0m[38;2;197;160;48m[48;2;253;220;75m▀[0m[38;2;253;220;75m[48;2;253;220;75m▀[0m[38;2;253;220;75m[48;2;253;220;75m▀[0m[38;2;253;220;75m[48;2;253;220;75m▀[0m[38;2;253;220;75m[48;2;197;160;48m▀[0m[38;2;195;158;51m[48;2;195;158;51m▀[0m[38;2;195;158;51m[48;2;66;65;66m▀[0m[38;2;49;77;66m[48;2;200;158;48m▀[0m[38;2;49;77;66m[48;2;49;77;66m▀[0m[38;2;8;130;82m[48;2;24;108;76m▀[0m[38;2;8;130;82m[48;2;57;65;66m▀[0m[38;2;22;132;88m[48;2;66;65;66m▀[0m[38;2;66;65;66m[48;2;22;132;88m▀[0m[38;2;82;174;106m[48;2;16;134;90m▀[0m[38;2;82;174;106m[48;2;16;134;90m▀[0m[38;2;57;65;66m[48;2;57;65;66m▀[0m[38;2;57;170;107m[48;2;57;135;93m▀[0m[38;2;74;178;107m[48;2;74;178;107m▀[0m[38;2;46;70;68m[48;2;60;124;87m▀[0m[38;2;16;134;90m[48;2;0;0;0m▀[0m[38;2;0;0;0m▀ 
    [38;2;0;0;0m▀[38;2;244;217;72m[48;2;0;0;0m▀[0m[38;2;85;85;82m[48;2;0;0;0m▀[0m[38;2;170;170;164m[48;2;255;255;247m▀[0m[38;2;247;251;247m[48;2;247;251;247m▀[0m[38;2;175;189;175m[48;2;140;158;140m▀[0m[38;2;255;255;247m[48;2;170;170;164m▀[0m[38;2;85;85;82m[48;2;0;0;0m▀[0m[38;2;0;0;0m▀ [38;2;0;0;0m▀[38;2;200;159;46m[48;2;0;0;0m▀[0m[38;2;200;159;46m[48;2;0;0;0m▀[0m[38;2;200;159;46m[48;2;200;159;46m▀[0m[38;2;197;161;50m[48;2;197;161;50m▀[0m[38;2;197;161;50m[48;2;197;161;50m▀[0m[38;2;197;161;50m[48;2;197;161;50m▀[0m[38;2;197;161;50m[48;2;197;161;50m▀[0m[38;2;195;158;51m[48;2;195;158;51m▀[0m[38;2;66;65;66m[48;2;195;158;51m▀[0m[38;2;200;159;46m[48;2;0;0;0m▀[0m[38;2;200;159;46m[48;2;200;159;46m▀[0m[38;2;66;65;66m[48;2;8;113;74m▀[0m[38;2;8;113;74m[48;2;8;113;74m▀[0m[38;2;19;132;90m[48;2;19;132;90m▀[0m[38;2;19;132;90m[48;2;19;132;90m▀[0m[38;2;22;132;88m[48;2;22;132;88m▀[0m[38;2;66;65;66m[48;2;66;65;66m▀[0m[38;2;57;181;110m[48;2;49;127;88m▀[0m[38;2;41;73;66m[48;2;49;127;88m▀[0m[38;2;8;113;74m[48;2;65;64;65m▀[0m[38;2;8;113;74m[48;2;8;113;74m▀[0m[38;2;0;0;0m[48;2;0;0;0m▀[0m  
      [38;2;0;0;0m▄[38;2;0;0;0m[48;2;189;166;115m▀[0m[38;2;173;190;173m[48;2;164;160;127m▀[0m[38;2;164;160;127m[48;2;156;130;82m▀[0m[38;2;0;0;0m[48;2;189;166;115m▀[0m[38;2;0;0;0m▄    [38;2;0;0;0m▄[38;2;0;0;0m[48;2;66;65;66m▀[0m[38;2;200;159;46m[48;2;60;65;57m▀[0m[38;2;200;159;46m[48;2;0;0;0m▀[0m[38;2;200;159;46m[48;2;74;65;66m▀[0m[38;2;200;159;46m[48;2;109;108;101m▀[0m[38;2;200;159;46m[48;2;0;0;0m▀[0m[38;2;0;0;0m▀ [38;2;0;0;0m▀[38;2;0;0;0m▀[38;2;0;0;0m▀[38;2;24;86;60m[48;2;8;0;0m▀[0m[38;2;33;130;90m[48;2;24;86;60m▀[0m[38;2;16;67;52m[48;2;16;0;8m▀[0m[38;2;16;101;74m[48;2;16;101;74m▀[0m[38;2;16;134;90m[48;2;5;104;62m▀[0m[38;2;16;134;90m[48;2;16;134;90m▀[0m[38;2;4;103;66m[48;2;0;0;0m▀[0m[38;2;0;0;0m▀   
      [38;2;0;0;0m▄[38;2;0;0;0m[48;2;189;166;115m▀[0m[38;2;198;170;123m[48;2;134;114;84m▀[0m[38;2;134;114;84m[48;2;8;4;8m▀[0m[38;2;0;0;0m▀    [38;2;0;0;0m▀[38;2;173;134;49m[48;2;0;0;0m▀[0m[38;2;173;134;49m[48;2;0;0;0m▀[0m[38;2;115;101;99m[48;2;0;0;0m▀[0m[38;2;0;0;0m[48;2;76;67;66m▀[0m[38;2;74;65;57m[48;2;164;136;57m▀[0m[38;2;164;136;57m[48;2;255;207;57m▀[0m[38;2;85;69;35m[48;2;255;207;74m▀[0m[38;2;0;0;16m[48;2;170;138;54m▀[0m[38;2;0;0;0m▄    [38;2;0;0;0m▀ [38;2;0;0;0m▀[38;2;4;103;66m[48;2;0;0;0m▀[0m[38;2;4;103;66m[48;2;4;103;66m▀[0m[38;2;0;0;0m[48;2;0;0;0m▀[0m    
       [38;2;0;0;0m▀[38;2;0;0;0m▀          [38;2;0;0;0m▀[38;2;0;0;0m▀[38;2;0;0;0m▀[38;2;255;211;66m[48;2;0;0;0m▀[0m[38;2;0;0;0m▀[38;2;0;0;0m▀        [38;2;0;0;0m▀     
                                     [0m                                     