    [38;2;0;0;0m▄[38;2;0;0;0m[48;2;255;129;108m▀[0m[38;2;0;0;0m[48;2;0;0;0m▀[0m[38;2;0;0;0m▄[38;2;0;0;0m▄             
   [38;2;0;0;0m▄[38;2;0;0;0m[48;2;255;129;108m▀[0m[38;2;255;129;108m[48;2;255;129;108m▀[0m[38;2;65;65;65m[48;2;255;129;108m▀[0m[38;2;255;129;108m[48;2;0;0;0m▀[0m[38;2;0;0;0m▀      [38;2;0;0;0m▄[38;2;0;0;0m▄     
  [38;2;0;0;0m▄[38;2;0;0;0m[48;2;152;87;160m▀[0m[38;2;255;129;108m[48;2;255;93;70m▀[0m[38;2;255;129;108m[48;2;255;93;70m▀[0m[38;2;255;129;108m[48;2;65;65;65m▀[0m[38;2;0;0;0m[48;2;0;0;0m▀[0m[38;2;0;0;0m▄   [38;2;0;0;0m▄[38;2;0;0;0m▄[38;2;0;0;0m▄[38;2;0;0;0m[48;2;255;129;108m▀[0m[38;2;255;129;108m[48;2;65;65;65m▀[0m[38;2;0;0;0m[48;2;255;93;70m▀[0m[38;2;0;0;0m[48;2;0;0;0m▀[0m[38;2;0;0;0m▄  
  [38;2;0;0;0m[48;2;0;0;0m▀[0m[38;2;152;87;160m[48;2;65;65;65m▀[0m[38;2;65;65;65m[48;2;255;129;108m▀[0m[38;2;255;129;108m[48;2;255;129;108m▀[0m[38;2;255;129;108m[48;2;255;129;108m▀[0m[38;2;255;129;108m[48;2;255;129;108m▀[0m[38;2;255;93;70m[48;2;255;129;108m▀[0m[38;2;0;0;0m[48;2;255;129;108m▀[0m[38;2;0;0;0m[48;2;65;65;65m▀[0m[38;2;0;0;0m[48;2;255;129;108m▀[0m[38;2;255;129;108m[48;2;255;129;108m▀[0m[38;2;255;129;108m[48;2;255;129;108m▀[0m[38;2;255;129;108m[48;2;255;93;70m▀[0m[38;2;255;93;70m[48;2;255;93;70m▀[0m[38;2;255;93;70m[48;2;65;65;65m▀[0m[38;2;65;65;65m[48;2;65;65;65m▀[0m[38;2;255;253;82m[48;2;194;54;31m▀[0m[38;2;0;0;0m[48;2;255;253;82m▀[0m[38;2;0;0;0m[48;2;0;0;0m▀[0m 
 [38;2;0;0;0m▄[38;2;0;0;0m[48;2;65;65;65m▀[0m[38;2;231;191;0m[48;2;255;253;82m▀[0m[38;2;255;253;82m[48;2;255;129;108m▀[0m[38;2;255;129;108m[48;2;255;129;108m▀[0m[38;2;255;129;108m[48;2;255;129;108m▀[0m[38;2;255;129;108m[48;2;255;129;108m▀[0m[38;2;255;129;108m[48;2;255;129;108m▀[0m[38;2;255;129;108m[48;2;255;129;108m▀[0m[38;2;255;93;70m[48;2;255;129;108m▀[0m[38;2;255;129;108m[48;2;255;129;108m▀[0m[38;2;255;129;108m[48;2;152;87;160m▀[0m[38;2;255;93;70m[48;2;152;87;160m▀[0m[38;2;152;87;160m[48;2;152;87;160m▀[0m[38;2;152;87;160m[48;2;65;65;65m▀[0m[38;2;65;65;65m[48;2;255;93;70m▀[0m[38;2;255;93;70m[48;2;255;93;70m▀[0m[38;2;255;93;70m[48;2;255;93;70m▀[0m[38;2;0;0;0m[48;2;0;0;0m▀[0m  
 [38;2;0;0;0m[48;2;0;0;0m▀[0m[38;2;255;253;82m[48;2;255;253;82m▀[0m[38;2;65;65;65m[48;2;231;191;0m▀[0m[38;2;255;253;82m[48;2;255;253;82m▀[0m[38;2;255;129;108m[48;2;255;253;82m▀[0m[38;2;255;129;108m[48;2;255;253;82m▀[0m[38;2;255;253;82m[48;2;65;65;65m▀[0m[38;2;255;253;82m[48;2;65;65;65m▀[0m[38;2;255;253;82m[48;2;231;191;0m▀[0m[38;2;255;129;108m[48;2;255;253;82m▀[0m[38;2;255;129;108m[48;2;255;129;108m▀[0m[38;2;65;65;65m[48;2;255;93;70m▀[0m[38;2;152;87;160m[48;2;0;0;0m▀[0m[38;2;0;0;0m▀[38;2;0;0;0m[48;2;0;0;0m▀[0m[38;2;255;93;70m[48;2;194;54;31m▀[0m[38;2;255;93;70m[48;2;255;93;70m▀[0m[38;2;255;93;70m[48;2;0;0;0m▀[0m[38;2;0;0;0m▀  
  [38;2;0;0;0m▀[38;2;255;253;82m[48;2;0;0;0m▀[0m[38;2;255;253;82m[48;2;255;253;82m▀[0m[38;2;255;253;82m[48;2;255;253;82m▀[0m[38;2;65;65;65m[48;2;255;253;82m▀[0m[38;2;255;253;82m[48;2;255;253;82m▀[0m[38;2;255;253;82m[48;2;255;253;82m▀[0m[38;2;255;253;82m[48;2;255;253;82m▀[0m[38;2;255;253;82m[48;2;255;129;108m▀[0m[38;2;255;129;108m[48;2;255;93;70m▀[0m[38;2;255;93;70m[48;2;65;65;65m▀[0m[38;2;0;0;0m[48;2;194;54;31m▀[0m[38;2;0;0;0m▄[38;2;0;0;0m▄[38;2;0;0;0m▀[38;2;0;0;0m▀    
    [38;2;0;0;0m[48;2;0;0;0m▀[0m[38;2;132;132;115m[48;2;194;54;31m▀[0m[38;2;255;253;82m[48;2;65;65;65m▀[0m[38;2;255;253;82m[48;2;65;65;65m▀[0m[38;2;255;253;82m[48;2;65;65;65m▀[0m[38;2;231;191;0m[48;2;65;65;65m▀[0m[38;2;65;65;65m[48;2;255;93;70m▀[0m[38;2;65;65;65m[48;2;255;93;70m▀[0m[38;2;255;93;70m[48;2;255;93;70m▀[0m[38;2;255;93;70m[48;2;255;93;70m▀[0m[38;2;0;0;0m[48;2;0;0;0m▀[0m       
     [38;2;0;0;0m[48;2;0;0;0m▀[0m[38;2;231;191;0m[48;2;255;253;82m▀[0m[38;2;231;191;0m[48;2;65;65;65m▀[0m[38;2;231;191;0m[48;2;132;132;115m▀[0m[38;2;231;191;0m[48;2;231;191;0m▀[0m[38;2;231;191;0m[48;2;231;191;0m▀[0m[38;2;255;93;70m[48;2;231;191;0m▀[0m[38;2;255;93;70m[48;2;0;0;0m▀[0m[38;2;255;253;82m[48;2;0;0;0m▀[0m[38;2;0;0;0m▀       
      [38;2;0;0;0m▀[38;2;0;0;0m▀[38;2;0;0;0m▀[38;2;65;65;65m[48;2;0;0;0m▀[0m[38;2;255;253;82m[48;2;0;0;0m▀[0m[38;2;0;0;0m▀          
                                     [0m                                     