                 [38;2;0;0;0m▄[38;2;0;0;0m[48;2;255;255;255m▀[0m[38;2;0;0;0m▄   [38;2;0;0;0m▄  
                [38;2;0;0;0m[48;2;0;0;0m▀[0m[38;2;255;255;255m[48;2;255;255;255m▀[0m[38;2;255;255;255m[48;2;255;255;255m▀[0m[38;2;0;0;0m[48;2;189;189;189m▀[0m[38;2;0;0;0m▄[38;2;0;0;0m▄[38;2;0;0;0m[48;2;65;65;65m▀[0m[38;2;255;255;255m[48;2;255;255;255m▀[0m[38;2;0;0;0m[48;2;0;0;0m▀[0m 
                 [38;2;0;0;0m▀[38;2;189;189;189m[48;2;0;0;0m▀[0m[38;2;65;65;65m[48;2;164;45;39m▀[0m[38;2;164;45;39m[48;2;164;45;39m▀[0m[38;2;65;65;65m[48;2;189;189;189m▀[0m[38;2;255;255;255m[48;2;255;255;255m▀[0m[38;2;255;255;255m[48;2;0;0;0m▀[0m[38;2;0;0;0m▀ 
                  [38;2;0;0;0m▀[38;2;175;21;13m[48;2;0;0;0m▀[0m[38;2;164;45;39m[48;2;65;65;65m▀[0m[38;2;65;65;65m[48;2;164;45;39m▀[0m[38;2;0;0;0m[48;2;236;82;74m▀[0m[38;2;0;0;0m▄  
  [38;2;0;0;0m▄[38;2;0;0;0m▄[38;2;0;0;0m[48;2;236;82;74m▀[0m[38;2;0;0;0m[48;2;236;82;74m▀[0m[38;2;0;0;0m[48;2;236;82;74m▀[0m[38;2;0;0;0m▄          [38;2;0;0;0m[48;2;0;0;0m▀[0m[38;2;65;65;65m[48;2;236;82;74m▀[0m[38;2;236;82;74m[48;2;236;82;74m▀[0m[38;2;236;82;74m[48;2;236;82;74m▀[0m[38;2;236;82;74m[48;2;236;82;74m▀[0m[38;2;236;82;74m[48;2;0;0;0m▀[0m[38;2;0;0;0m▀ 
 [38;2;0;0;0m▀[38;2;255;255;255m[48;2;0;0;0m▀[0m[38;2;255;255;255m[48;2;164;45;39m▀[0m[38;2;164;45;39m[48;2;164;45;39m▀[0m[38;2;236;82;74m[48;2;236;82;74m▀[0m[38;2;65;65;65m[48;2;65;65;65m▀[0m[38;2;90;181;189m[48;2;90;181;189m▀[0m[38;2;0;0;0m[48;2;90;181;189m▀[0m[38;2;0;0;0m▄[38;2;0;0;0m[48;2;236;82;74m▀[0m[38;2;0;0;0m[48;2;164;45;39m▀[0m[38;2;0;0;0m[48;2;236;82;74m▀[0m[38;2;164;45;39m▄[38;2;0;0;0m[48;2;90;181;189m▀[0m[38;2;0;0;0m[48;2;65;65;65m▀[0m[38;2;0;0;0m▄[38;2;0;0;0m[48;2;255;255;255m▀[0m[38;2;0;0;0m[48;2;255;255;255m▀[0m[38;2;164;45;39m[48;2;65;65;65m▀[0m[38;2;236;82;74m[48;2;164;45;39m▀[0m[38;2;65;65;65m[48;2;164;45;39m▀[0m[38;2;0;0;0m[48;2;164;45;39m▀[0m[38;2;0;0;0m▄  
   [38;2;0;0;0m▀[38;2;236;82;74m[48;2;0;0;0m▀[0m[38;2;236;82;74m[48;2;0;0;0m▀[0m[38;2;65;65;65m[48;2;65;65;65m▀[0m[38;2;90;181;189m[48;2;90;181;189m▀[0m[38;2;0;0;0m[48;2;90;181;189m▀[0m[38;2;164;45;39m[48;2;164;45;39m▀[0m[38;2;236;82;74m[48;2;236;82;74m▀[0m[38;2;236;82;74m[48;2;236;82;74m▀[0m[38;2;164;45;39m[48;2;90;181;189m▀[0m[38;2;90;181;189m[48;2;0;0;0m▀[0m[38;2;90;181;189m[48;2;90;181;189m▀[0m[38;2;65;65;65m[48;2;65;65;65m▀[0m[38;2;236;82;74m[48;2;236;82;74m▀[0m[38;2;65;65;65m[48;2;236;82;74m▀[0m[38;2;255;255;255m[48;2;236;82;74m▀[0m[38;2;236;82;74m[48;2;236;82;74m▀[0m[38;2;65;65;65m[48;2;65;65;65m▀[0m[38;2;164;45;39m[48;2;164;45;39m▀[0m[38;2;164;45;39m[48;2;164;45;39m▀[0m[38;2;164;45;39m[48;2;0;0;0m▀[0m[38;2;0;0;0m▀ 
     [38;2;0;0;0m▄[38;2;0;0;0m[48;2;132;132;115m▀[0m[38;2;164;45;39m[48;2;255;255;255m▀[0m[38;2;90;181;189m[48;2;164;45;39m▀[0m[38;2;236;82;74m[48;2;164;45;39m▀[0m[38;2;236;82;74m[48;2;236;82;74m▀[0m[38;2;164;45;39m[48;2;164;45;39m▀[0m[38;2;90;181;189m[48;2;90;181;189m▀[0m[38;2;90;181;189m[48;2;65;65;65m▀[0m[38;2;65;65;65m[48;2;236;82;74m▀[0m[38;2;236;82;74m[48;2;164;45;39m▀[0m[38;2;65;65;65m[48;2;236;82;74m▀[0m[38;2;236;82;74m[48;2;65;65;65m▀[0m[38;2;236;82;74m[48;2;65;65;65m▀[0m[38;2;65;65;65m[48;2;65;65;65m▀[0m[38;2;65;65;65m[48;2;214;60;52m▀[0m[38;2;65;65;65m[48;2;214;60;52m▀[0m[38;2;0;0;0m[48;2;0;0;0m▀[0m   
     [38;2;0;0;0m▀[38;2;255;255;255m[48;2;0;0;0m▀[0m[38;2;132;132;115m[48;2;255;255;255m▀[0m[38;2;236;82;74m[48;2;0;0;0m▀[0m[38;2;236;82;74m[48;2;65;65;65m▀[0m[38;2;164;45;39m[48;2;236;82;74m▀[0m[38;2;65;65;65m[48;2;236;82;74m▀[0m[38;2;189;189;189m[48;2;65;65;65m▀[0m[38;2;255;255;255m[48;2;255;255;255m▀[0m[38;2;189;189;189m[48;2;255;255;255m▀[0m[38;2;65;65;65m[48;2;65;65;65m▀[0m[38;2;65;65;65m[48;2;164;45;39m▀[0m[38;2;164;45;39m[48;2;164;45;39m▀[0m[38;2;164;45;39m[48;2;236;82;74m▀[0m[38;2;65;65;65m[48;2;65;65;65m▀[0m[38;2;214;60;52m[48;2;65;65;65m▀[0m[38;2;214;60;52m[48;2;214;60;52m▀[0m[38;2;214;60;52m[48;2;214;60;52m▀[0m[38;2;0;0;0m[48;2;0;0;0m▀[0m  
       [38;2;0;0;0m▀[38;2;0;0;0m▀[38;2;164;45;39m[48;2;0;0;0m▀[0m[38;2;65;65;65m[48;2;0;0;0m▀[0m[38;2;65;65;65m[48;2;164;45;39m▀[0m[38;2;255;255;255m[48;2;65;65;65m▀[0m[38;2;255;255;255m[48;2;65;65;65m▀[0m[38;2;65;65;65m[48;2;164;45;39m▀[0m[38;2;164;45;39m[48;2;0;0;0m▀[0m[38;2;236;82;74m[48;2;164;45;39m▀[0m[38;2;65;65;65m[48;2;236;82;74m▀[0m[38;2;164;45;39m[48;2;65;65;65m▀[0m[38;2;236;82;74m[48;2;236;82;74m▀[0m[38;2;65;65;65m[48;2;0;0;0m▀[0m[38;2;0;0;0m▀[38;2;0;0;0m▀   
           [38;2;0;0;0m▀[38;2;0;0;0m▀[38;2;0;0;0m▀[38;2;0;0;0m▀ [38;2;0;0;0m▀[38;2;236;82;74m[48;2;0;0;0m▀[0m[38;2;0;0;0m[48;2;0;0;0m▀[0m[38;2;0;0;0m▀      
                                     [0m                                     