         [38;2;0;0;0m▄[38;2;0;0;0m▄  [38;2;0;0;0m▄[38;2;0;0;0m[48;2;123;181;214m▀[0m[38;2;0;0;0m[48;2;148;222;255m▀[0m[38;2;0;0;0m[48;2;123;181;214m▀[0m[38;2;0;0;0m▄  
  [38;2;0;0;0m▄[38;2;0;0;0m▄[38;2;0;0;0m▄  [38;2;0;0;0m▄[38;2;0;0;0m[48;2;159;81;124m▀[0m[38;2;159;81;124m[48;2;159;81;124m▀[0m[38;2;159;81;124m[48;2;159;81;124m▀[0m[38;2;0;0;0m[48;2;65;65;65m▀[0m[38;2;0;0;0m[48;2;123;53;89m▀[0m[38;2;148;222;255m[48;2;123;181;214m▀[0m[38;2;148;222;255m[48;2;148;222;255m▀[0m[38;2;148;222;255m[48;2;123;181;214m▀[0m[38;2;123;181;214m[48;2;0;0;0m▀[0m[38;2;0;0;0m▀  
 [38;2;0;0;0m▀[38;2;123;53;89m[48;2;0;0;0m▀[0m[38;2;123;53;89m[48;2;123;53;89m▀[0m[38;2;123;53;89m[48;2;123;53;89m▀[0m[38;2;0;0;0m[48;2;65;65;65m▀[0m[38;2;0;0;0m[48;2;159;81;124m▀[0m[38;2;159;81;124m[48;2;159;81;124m▀[0m[38;2;159;81;124m[48;2;123;53;89m▀[0m[38;2;159;81;124m[48;2;159;81;124m▀[0m[38;2;159;81;124m[48;2;159;81;124m▀[0m[38;2;159;81;124m[48;2;159;81;124m▀[0m[38;2;65;65;65m[48;2;0;0;0m▀[0m[38;2;0;0;0m[48;2;0;0;0m▀[0m[38;2;0;0;0m▀[38;2;0;0;0m▀    
   [38;2;0;0;0m▀[38;2;123;53;89m[48;2;0;0;0m▀[0m[38;2;65;65;65m[48;2;159;81;124m▀[0m[38;2;159;81;124m[48;2;159;81;124m▀[0m[38;2;159;81;124m[48;2;123;53;89m▀[0m[38;2;123;53;89m[48;2;159;81;124m▀[0m[38;2;159;81;124m[48;2;159;81;124m▀[0m[38;2;65;65;65m[48;2;159;81;124m▀[0m[38;2;65;65;65m[48;2;159;81;124m▀[0m[38;2;159;81;124m[48;2;159;81;124m▀[0m[38;2;159;81;124m[48;2;159;81;124m▀[0m[38;2;0;0;0m[48;2;159;81;124m▀[0m[38;2;0;0;0m[48;2;0;0;0m▀[0m    
   [38;2;0;0;0m▄[38;2;0;0;0m[48;2;0;0;0m▀[0m[38;2;159;81;124m[48;2;159;81;124m▀[0m[38;2;159;81;124m[48;2;90;125;163m▀[0m[38;2;159;81;124m[48;2;247;66;49m▀[0m[38;2;0;0;0m[48;2;247;66;49m▀[0m[38;2;247;66;49m[48;2;247;66;49m▀[0m[38;2;65;65;65m[48;2;65;65;65m▀[0m[38;2;159;81;124m[48;2;126;161;199m▀[0m[38;2;65;65;65m[48;2;159;81;124m▀[0m[38;2;0;0;0m[48;2;0;0;0m▀[0m[38;2;0;0;0m▀     
  [38;2;0;0;0m[48;2;0;0;0m▀[0m[38;2;126;161;199m[48;2;65;65;65m▀[0m[38;2;126;161;199m[48;2;126;161;199m▀[0m[38;2;126;161;199m[48;2;90;125;163m▀[0m[38;2;90;125;163m[48;2;0;0;0m▀[0m[38;2;65;65;65m[48;2;126;161;199m▀[0m[38;2;247;66;49m[48;2;126;161;199m▀[0m[38;2;65;65;65m[48;2;126;161;199m▀[0m[38;2;126;161;199m[48;2;126;161;199m▀[0m[38;2;126;161;199m[48;2;90;125;163m▀[0m[38;2;0;0;0m[48;2;0;0;0m▀[0m [38;2;0;0;0m▄[38;2;0;0;0m▄    
   [38;2;0;0;0m▀[38;2;0;0;0m▀[38;2;0;0;0m▀ [38;2;0;0;0m▀[38;2;0;0;0m▀[38;2;0;0;0m▀[38;2;65;65;65m[48;2;0;0;0m▀[0m[38;2;90;125;163m[48;2;90;125;163m▀[0m[38;2;90;125;163m[48;2;90;125;163m▀[0m[38;2;0;0;0m[48;2;159;81;124m▀[0m[38;2;159;81;124m[48;2;0;0;0m▀[0m[38;2;0;0;0m▀    
    [38;2;0;0;0m[48;2;0;0;0m▀[0m[38;2;0;0;0m[48;2;123;53;89m▀[0m[38;2;0;0;0m[48;2;0;0;0m▀[0m[38;2;0;0;0m▄[38;2;0;0;0m[48;2;123;181;214m▀[0m[38;2;0;0;0m[48;2;123;181;214m▀[0m[38;2;123;181;214m[48;2;0;0;0m▀[0m[38;2;123;53;89m[48;2;126;161;199m▀[0m[38;2;123;53;89m[48;2;126;161;199m▀[0m[38;2;159;81;124m[48;2;65;65;65m▀[0m[38;2;65;65;65m[48;2;123;181;214m▀[0m[38;2;0;0;0m[48;2;123;181;214m▀[0m[38;2;0;0;0m▄[38;2;0;0;0m▄  
     [38;2;0;0;0m▀[38;2;123;53;89m[48;2;0;0;0m▀[0m[38;2;123;53;89m[48;2;65;65;65m▀[0m[38;2;65;65;65m[48;2;65;65;65m▀[0m[38;2;65;65;65m[48;2;159;81;124m▀[0m[38;2;123;53;89m[48;2;65;65;65m▀[0m[38;2;123;53;89m[48;2;159;81;124m▀[0m[38;2;159;81;124m[48;2;0;0;0m▀[0m[38;2;0;0;0m▀[38;2;123;181;214m[48;2;0;0;0m▀[0m[38;2;123;181;214m[48;2;148;222;255m▀[0m[38;2;148;222;255m[48;2;148;222;255m▀[0m[38;2;148;222;255m[48;2;65;65;65m▀[0m[38;2;0;0;0m[48;2;0;0;0m▀[0m 
      [38;2;0;0;0m▀[38;2;159;81;124m[48;2;0;0;0m▀[0m[38;2;159;81;124m[48;2;0;0;0m▀[0m[38;2;65;65;65m[48;2;0;0;0m▀[0m[38;2;0;0;0m▀[38;2;159;81;124m[48;2;0;0;0m▀[0m[38;2;159;81;124m[48;2;159;81;124m▀[0m[38;2;0;0;0m[48;2;159;81;124m▀[0m[38;2;0;0;0m▄[38;2;0;0;0m▀[38;2;0;0;0m▀[38;2;0;0;0m▀  
                     [38;2;0;0;0m▀[38;2;0;0;0m▀[38;2;0;0;0m▀               
                                     [0m                                     