                       [38;2;0;0;0m▄[38;2;0;0;0m[48;2;239;223;168m▀[0m[38;2;0;0;0m▄    
         [38;2;0;0;0m▄[38;2;0;0;0m[48;2;167;141;133m▀[0m[38;2;0;0;0m[48;2;167;141;133m▀[0m[38;2;0;0;0m[48;2;127;106;99m▀[0m[38;2;0;0;0m▄    [38;2;0;0;0m▄[38;2;0;0;0m▄[38;2;0;0;0m▄[38;2;0;0;0m▄[38;2;0;0;0m[48;2;138;112;65m▀[0m[38;2;239;223;168m[48;2;239;223;168m▀[0m[38;2;239;223;168m[48;2;138;112;65m▀[0m[38;2;0;0;0m[48;2;233;182;88m▀[0m[38;2;0;0;0m[48;2;239;223;168m▀[0m[38;2;0;0;0m[48;2;239;223;168m▀[0m[38;2;0;0;0m▄ 
       [38;2;0;0;0m▄[38;2;0;0;0m[48;2;127;106;99m▀[0m[38;2;167;141;133m[48;2;167;141;133m▀[0m[38;2;167;141;133m[48;2;167;141;133m▀[0m[38;2;167;141;133m[48;2;167;141;133m▀[0m[38;2;167;141;133m[48;2;167;141;133m▀[0m[38;2;127;106;99m[48;2;127;106;99m▀[0m[38;2;0;0;0m[48;2;127;106;99m▀[0m[38;2;0;0;0m▄[38;2;0;0;0m[48;2;197;171;153m▀[0m[38;2;0;0;0m[48;2;197;171;153m▀[0m[38;2;242;216;198m[48;2;242;216;198m▀[0m[38;2;242;216;198m[48;2;197;171;153m▀[0m[38;2;197;171;153m[48;2;242;216;198m▀[0m[38;2;197;171;153m[48;2;242;216;198m▀[0m[38;2;239;223;168m[48;2;197;171;153m▀[0m[38;2;138;112;65m[48;2;239;223;168m▀[0m[38;2;233;182;88m[48;2;233;182;88m▀[0m[38;2;239;223;168m[48;2;0;0;0m▀[0m[38;2;239;223;168m[48;2;0;0;0m▀[0m[38;2;0;0;0m▀  
    [38;2;0;0;0m▄[38;2;0;0;0m[48;2;106;85;78m▀[0m[38;2;0;0;0m[48;2;65;65;65m▀[0m[38;2;65;65;65m[48;2;167;141;133m▀[0m[38;2;167;141;133m[48;2;167;141;133m▀[0m[38;2;167;141;133m[48;2;167;141;133m▀[0m[38;2;167;141;133m[48;2;167;141;133m▀[0m[38;2;167;141;133m[48;2;167;141;133m▀[0m[38;2;167;141;133m[48;2;127;106;99m▀[0m[38;2;127;106;99m[48;2;127;106;99m▀[0m[38;2;65;65;65m[48;2;65;65;65m▀[0m[38;2;156;130;112m[48;2;255;255;255m▀[0m[38;2;242;216;198m[48;2;156;130;112m▀[0m[38;2;242;216;198m[48;2;242;216;198m▀[0m[38;2;197;171;153m[48;2;197;171;153m▀[0m[38;2;242;216;198m[48;2;242;216;198m▀[0m[38;2;242;216;198m[48;2;197;171;153m▀[0m[38;2;242;216;198m[48;2;197;171;153m▀[0m[38;2;242;216;198m[48;2;242;216;198m▀[0m[38;2;156;130;112m[48;2;197;171;153m▀[0m[38;2;239;223;168m[48;2;239;223;168m▀[0m[38;2;0;0;0m[48;2;233;182;88m▀[0m[38;2;0;0;0m▄   
   [38;2;0;0;0m[48;2;0;0;0m▀[0m[38;2;106;85;78m[48;2;106;85;78m▀[0m[38;2;106;85;78m[48;2;65;65;65m▀[0m[38;2;65;65;65m[48;2;167;141;133m▀[0m[38;2;167;141;133m[48;2;127;106;99m▀[0m[38;2;127;106;99m[48;2;197;171;153m▀[0m[38;2;167;141;133m[48;2;127;106;99m▀[0m[38;2;127;106;99m[48;2;242;216;198m▀[0m[38;2;115;115;115m[48;2;242;216;198m▀[0m[38;2;127;106;99m[48;2;65;65;65m▀[0m[38;2;65;65;65m[48;2;255;255;255m▀[0m[38;2;106;85;78m[48;2;198;88;29m▀[0m[38;2;0;0;0m[48;2;240;130;71m▀[0m[38;2;255;255;255m[48;2;240;130;71m▀[0m[38;2;156;130;112m[48;2;198;88;29m▀[0m[38;2;136;110;92m[48;2;198;88;29m▀[0m[38;2;136;110;92m[48;2;255;255;255m▀[0m[38;2;242;216;198m[48;2;156;130;112m▀[0m[38;2;242;216;198m[48;2;242;216;198m▀[0m[38;2;197;171;153m[48;2;242;216;198m▀[0m[38;2;242;216;198m[48;2;197;171;153m▀[0m[38;2;156;130;112m[48;2;156;130;112m▀[0m[38;2;239;223;168m[48;2;239;223;168m▀[0m[38;2;0;0;0m[48;2;0;0;0m▀[0m   
  [38;2;0;0;0m▄[38;2;0;0;0m[48;2;156;130;112m▀[0m[38;2;106;85;78m[48;2;65;65;65m▀[0m[38;2;65;65;65m[48;2;65;65;65m▀[0m[38;2;65;65;65m[48;2;197;171;153m▀[0m[38;2;197;171;153m[48;2;242;216;198m▀[0m[38;2;242;216;198m[48;2;115;115;115m▀[0m[38;2;242;216;198m[48;2;242;216;198m▀[0m[38;2;156;130;112m[48;2;65;65;65m▀[0m[38;2;65;65;65m[48;2;239;223;168m▀[0m[38;2;65;65;65m[48;2;138;112;65m▀[0m[38;2;156;130;112m[48;2;242;216;198m▀[0m[38;2;198;88;29m[48;2;242;216;198m▀[0m[38;2;65;65;65m[48;2;198;88;29m▀[0m[38;2;240;130;71m[48;2;240;130;71m▀[0m[38;2;240;130;71m[48;2;65;65;65m▀[0m[38;2;240;130;71m[48;2;240;130;71m▀[0m[38;2;0;0;0m[48;2;198;88;29m▀[0m[38;2;255;255;255m[48;2;136;110;92m▀[0m[38;2;136;110;92m[48;2;136;110;92m▀[0m[38;2;242;216;198m[48;2;156;130;112m▀[0m[38;2;197;171;153m[48;2;156;130;112m▀[0m[38;2;156;130;112m[48;2;233;182;88m▀[0m[38;2;233;182;88m[48;2;233;182;88m▀[0m[38;2;0;0;0m[48;2;0;0;0m▀[0m   
 [38;2;0;0;0m[48;2;0;0;0m▀[0m[38;2;242;216;198m[48;2;242;216;198m▀[0m[38;2;65;65;65m[48;2;197;171;153m▀[0m[38;2;127;106;99m[48;2;65;65;65m▀[0m[38;2;127;106;99m[48;2;127;106;99m▀[0m[38;2;65;65;65m[48;2;127;106;99m▀[0m[38;2;242;216;198m[48;2;65;65;65m▀[0m[38;2;115;115;115m[48;2;65;65;65m▀[0m[38;2;65;65;65m[48;2;138;112;65m▀[0m[38;2;65;65;65m[48;2;239;223;168m▀[0m[38;2;239;223;168m[48;2;233;182;88m▀[0m[38;2;138;112;65m[48;2;233;182;88m▀[0m[38;2;242;216;198m[48;2;138;112;65m▀[0m[38;2;242;216;198m[48;2;242;216;198m▀[0m[38;2;242;216;198m[48;2;242;216;198m▀[0m[38;2;198;88;29m[48;2;242;216;198m▀[0m[38;2;198;88;29m[48;2;242;216;198m▀[0m[38;2;198;88;29m[48;2;156;130;112m▀[0m[38;2;197;171;153m[48;2;255;255;255m▀[0m[38;2;197;171;153m[48;2;197;171;153m▀[0m[38;2;156;130;112m[48;2;197;171;153m▀[0m[38;2;233;182;88m[48;2;65;65;65m▀[0m[38;2;233;182;88m[48;2;65;65;65m▀[0m[38;2;233;182;88m[48;2;65;65;65m▀[0m[38;2;65;65;65m[48;2;242;216;198m▀[0m[38;2;242;216;198m[48;2;242;216;198m▀[0m[38;2;0;0;0m[48;2;0;0;0m▀[0m  
 [38;2;0;0;0m▀[38;2;197;171;153m[48;2;0;0;0m▀[0m[38;2;65;65;65m[48;2;0;0;0m▀[0m[38;2;127;106;99m[48;2;65;65;65m▀[0m[38;2;127;106;99m[48;2;127;106;99m▀[0m[38;2;127;106;99m[48;2;106;85;78m▀[0m[38;2;65;65;65m[48;2;65;65;65m▀[0m[38;2;197;171;153m[48;2;242;216;198m▀[0m[38;2;242;216;198m[48;2;138;112;65m▀[0m[38;2;138;112;65m[48;2;239;223;168m▀[0m[38;2;239;223;168m[48;2;239;223;168m▀[0m[38;2;239;223;168m[48;2;233;182;88m▀[0m[38;2;138;112;65m[48;2;239;223;168m▀[0m[38;2;197;171;153m[48;2;138;112;65m▀[0m[38;2;242;216;198m[48;2;138;112;65m▀[0m[38;2;242;216;198m[48;2;197;171;153m▀[0m[38;2;242;216;198m[48;2;242;216;198m▀[0m[38;2;242;216;198m[48;2;242;216;198m▀[0m[38;2;156;130;112m[48;2;197;171;153m▀[0m[38;2;197;171;153m[48;2;115;115;115m▀[0m[38;2;65;65;65m[48;2;242;216;198m▀[0m[38;2;242;216;198m[48;2;115;115;115m▀[0m[38;2;242;216;198m[48;2;242;216;198m▀[0m[38;2;242;216;198m[48;2;115;115;115m▀[0m[38;2;242;216;198m[48;2;197;171;153m▀[0m[38;2;0;0;0m[48;2;0;0;0m▀[0m[38;2;0;0;0m▄  
   [38;2;0;0;0m▀[38;2;127;106;99m[48;2;0;0;0m▀[0m[38;2;106;85;78m[48;2;0;0;0m▀[0m[38;2;106;85;78m[48;2;106;85;78m▀[0m[38;2;65;65;65m[48;2;106;85;78m▀[0m[38;2;197;171;153m[48;2;65;65;65m▀[0m[38;2;242;216;198m[48;2;242;216;198m▀[0m[38;2;138;112;65m[48;2;197;171;153m▀[0m[38;2;138;112;65m[48;2;138;112;65m▀[0m[38;2;239;223;168m[48;2;239;223;168m▀[0m[38;2;239;223;168m[48;2;239;223;168m▀[0m[38;2;239;223;168m[48;2;239;223;168m▀[0m[38;2;233;182;88m[48;2;239;223;168m▀[0m[38;2;138;112;65m[48;2;239;223;168m▀[0m[38;2;138;112;65m[48;2;233;182;88m▀[0m[38;2;138;112;65m[48;2;233;182;88m▀[0m[38;2;138;112;65m[48;2;233;182;88m▀[0m[38;2;115;115;115m[48;2;65;65;65m▀[0m[38;2;65;65;65m[48;2;167;141;133m▀[0m[38;2;167;141;133m[48;2;167;141;133m▀[0m[38;2;115;115;115m[48;2;167;141;133m▀[0m[38;2;167;141;133m[48;2;167;141;133m▀[0m[38;2;115;115;115m[48;2;167;141;133m▀[0m[38;2;167;141;133m[48;2;0;0;0m▀[0m[38;2;0;0;0m▀  
      [38;2;0;0;0m▀[38;2;0;0;0m▀[38;2;0;0;0m▀[38;2;197;171;153m[48;2;0;0;0m▀[0m[38;2;242;216;198m[48;2;197;171;153m▀[0m[38;2;138;112;65m[48;2;197;171;153m▀[0m[38;2;138;112;65m[48;2;197;171;153m▀[0m[38;2;233;182;88m[48;2;138;112;65m▀[0m[38;2;239;223;168m[48;2;239;223;168m▀[0m[38;2;239;223;168m[48;2;138;112;65m▀[0m[38;2;239;223;168m[48;2;239;223;168m▀[0m[38;2;239;223;168m[48;2;138;112;65m▀[0m[38;2;233;182;88m[48;2;138;112;65m▀[0m[38;2;233;182;88m[48;2;239;223;168m▀[0m[38;2;239;223;168m[48;2;138;112;65m▀[0m[38;2;65;65;65m[48;2;65;65;65m▀[0m[38;2;127;106;99m[48;2;127;106;99m▀[0m[38;2;167;141;133m[48;2;127;106;99m▀[0m[38;2;167;141;133m[48;2;167;141;133m▀[0m[38;2;167;141;133m[48;2;167;141;133m▀[0m[38;2;167;141;133m[48;2;127;106;99m▀[0m[38;2;0;0;0m[48;2;0;0;0m▀[0m  
          [38;2;0;0;0m▀[38;2;0;0;0m▀[38;2;197;171;153m[48;2;0;0;0m▀[0m[38;2;197;171;153m[48;2;0;0;0m▀[0m[38;2;138;112;65m[48;2;197;171;153m▀[0m[38;2;197;171;153m[48;2;197;171;153m▀[0m[38;2;138;112;65m[48;2;197;171;153m▀[0m[38;2;197;171;153m[48;2;197;171;153m▀[0m[38;2;197;171;153m[48;2;65;65;65m▀[0m[38;2;65;65;65m[48;2;65;65;65m▀[0m[38;2;106;85;78m[48;2;106;85;78m▀[0m[38;2;106;85;78m[48;2;106;85;78m▀[0m[38;2;65;65;65m[48;2;65;65;65m▀[0m[38;2;127;106;99m[48;2;127;106;99m▀[0m[38;2;127;106;99m[48;2;127;106;99m▀[0m[38;2;127;106;99m[48;2;127;106;99m▀[0m[38;2;127;106;99m[48;2;127;106;99m▀[0m[38;2;127;106;99m[48;2;127;106;99m▀[0m[38;2;0;0;0m[48;2;0;0;0m▀[0m 
              [38;2;0;0;0m▀[38;2;0;0;0m▀[38;2;0;0;0m▀[38;2;0;0;0m▀[38;2;0;0;0m▀[38;2;106;85;78m[48;2;0;0;0m▀[0m[38;2;106;85;78m[48;2;0;0;0m▀[0m[38;2;106;85;78m[48;2;0;0;0m▀[0m[38;2;106;85;78m[48;2;0;0;0m▀[0m[38;2;106;85;78m[48;2;106;85;78m▀[0m[38;2;127;106;99m[48;2;106;85;78m▀[0m[38;2;127;106;99m[48;2;127;106;99m▀[0m[38;2;127;106;99m[48;2;127;106;99m▀[0m[38;2;127;106;99m[48;2;0;0;0m▀[0m[38;2;0;0;0m▀ 
                       [38;2;0;0;0m▀[38;2;0;0;0m▀[38;2;0;0;0m▀[38;2;0;0;0m▀   
                                     [0m                                     