    [38;2;0;0;0m▄[38;2;0;0;0m[48;2;133;119;219m▀[0m[38;2;0;0;0m[48;2;133;119;219m▀[0m[38;2;0;0;0m▄ [38;2;0;0;0m▄[38;2;0;0;0m▄[38;2;0;0;0m▄[38;2;0;0;0m▄[38;2;0;0;0m▄  [38;2;0;0;0m▄[38;2;0;0;0m▄[38;2;0;0;0m▄                        
   [38;2;0;0;0m[48;2;0;0;0m▀[0m[38;2;133;119;219m[48;2;77;63;163m▀[0m[38;2;77;63;163m[48;2;133;119;219m▀[0m[38;2;133;119;219m[48;2;65;65;65m▀[0m[38;2;133;119;219m[48;2;185;174;255m▀[0m[38;2;0;0;0m[48;2;185;174;255m▀[0m[38;2;185;174;255m[48;2;185;174;255m▀[0m[38;2;185;174;255m[48;2;185;174;255m▀[0m[38;2;185;174;255m[48;2;185;174;255m▀[0m[38;2;185;174;255m[48;2;185;174;255m▀[0m[38;2;185;174;255m[48;2;185;174;255m▀[0m[38;2;0;0;0m[48;2;185;174;255m▀[0m[38;2;0;0;0m[48;2;133;119;219m▀[0m[38;2;133;119;219m[48;2;185;174;255m▀[0m[38;2;185;174;255m[48;2;185;174;255m▀[0m[38;2;185;174;255m[48;2;185;174;255m▀[0m[38;2;0;0;0m[48;2;185;174;255m▀[0m[38;2;0;0;0m▄            [38;2;0;0;0m▄         
    [38;2;0;0;0m▀[38;2;65;65;65m[48;2;0;0;0m▀[0m[38;2;185;174;255m[48;2;185;174;255m▀[0m[38;2;185;174;255m[48;2;185;174;255m▀[0m[38;2;185;174;255m[48;2;185;174;255m▀[0m[38;2;185;174;255m[48;2;185;174;255m▀[0m[38;2;185;174;255m[48;2;185;174;255m▀[0m[38;2;185;174;255m[48;2;185;174;255m▀[0m[38;2;185;174;255m[48;2;133;119;219m▀[0m[38;2;185;174;255m[48;2;133;119;219m▀[0m[38;2;185;174;255m[48;2;185;174;255m▀[0m[38;2;185;174;255m[48;2;185;174;255m▀[0m[38;2;185;174;255m[48;2;113;99;199m▀[0m[38;2;113;99;199m[48;2;185;174;255m▀[0m[38;2;113;99;199m[48;2;185;174;255m▀[0m[38;2;185;174;255m[48;2;185;174;255m▀[0m[38;2;0;0;0m[48;2;0;0;0m▀[0m           [38;2;0;0;0m[48;2;0;0;0m▀[0m[38;2;208;178;98m[48;2;208;178;98m▀[0m[38;2;0;0;0m[48;2;0;0;0m▀[0m        
    [38;2;0;0;0m[48;2;0;0;0m▀[0m[38;2;255;255;255m[48;2;255;255;255m▀[0m[38;2;133;119;219m[48;2;133;119;219m▀[0m[38;2;185;174;255m[48;2;185;174;255m▀[0m[38;2;185;174;255m[48;2;185;174;255m▀[0m[38;2;185;174;255m[48;2;185;174;255m▀[0m[38;2;185;174;255m[48;2;133;119;219m▀[0m[38;2;133;119;219m[48;2;255;255;255m▀[0m[38;2;255;255;255m[48;2;255;255;255m▀[0m[38;2;255;255;255m[48;2;0;0;0m▀[0m[38;2;133;119;219m[48;2;255;255;255m▀[0m[38;2;185;174;255m[48;2;133;119;219m▀[0m[38;2;113;99;199m[48;2;185;174;255m▀[0m[38;2;185;174;255m[48;2;113;99;199m▀[0m[38;2;185;174;255m[48;2;113;99;199m▀[0m[38;2;113;99;199m[48;2;0;0;0m▀[0m[38;2;0;0;0m▀     [38;2;0;0;0m▄   [38;2;0;0;0m▄[38;2;0;0;0m[48;2;65;65;65m▀[0m[38;2;146;116;36m[48;2;146;116;36m▀[0m[38;2;208;178;98m[48;2;146;116;36m▀[0m[38;2;0;0;0m[48;2;0;0;0m▀[0m        
   [38;2;0;0;0m▄[38;2;0;0;0m[48;2;255;240;197m▀[0m[38;2;156;124;57m[48;2;255;240;197m▀[0m[38;2;156;124;57m[48;2;255;240;197m▀[0m[38;2;156;124;57m[48;2;255;240;197m▀[0m[38;2;156;124;57m[48;2;255;240;197m▀[0m[38;2;185;174;255m[48;2;156;124;57m▀[0m[38;2;133;119;219m[48;2;156;124;57m▀[0m[38;2;255;255;255m[48;2;255;255;255m▀[0m[38;2;255;255;255m[48;2;255;255;255m▀[0m[38;2;255;255;255m[48;2;255;255;255m▀[0m[38;2;255;255;255m[48;2;255;255;255m▀[0m[38;2;133;119;219m[48;2;133;119;219m▀[0m[38;2;185;174;255m[48;2;185;174;255m▀[0m[38;2;185;174;255m[48;2;185;174;255m▀[0m[38;2;0;0;0m[48;2;0;0;0m▀[0m      [38;2;0;0;0m[48;2;0;0;0m▀[0m[38;2;208;178;98m[48;2;208;178;98m▀[0m[38;2;0;0;0m[48;2;208;178;98m▀[0m[38;2;0;0;0m▄[38;2;0;0;0m[48;2;208;178;98m▀[0m[38;2;208;178;98m[48;2;208;178;98m▀[0m[38;2;208;178;98m[48;2;208;178;98m▀[0m[38;2;65;65;65m[48;2;208;178;98m▀[0m[38;2;65;65;65m[48;2;208;178;98m▀[0m[38;2;146;116;36m[48;2;146;116;36m▀[0m[38;2;0;0;0m[48;2;146;116;36m▀[0m[38;2;0;0;0m▄      
  [38;2;0;0;0m[48;2;0;0;0m▀[0m[38;2;255;240;197m[48;2;255;240;197m▀[0m[38;2;255;240;197m[48;2;255;240;197m▀[0m[38;2;255;240;197m[48;2;255;240;197m▀[0m[38;2;255;240;197m[48;2;78;57;1m▀[0m[38;2;255;240;197m[48;2;255;240;197m▀[0m[38;2;255;240;197m[48;2;255;240;197m▀[0m[38;2;255;240;197m[48;2;255;240;197m▀[0m[38;2;255;240;197m[48;2;255;240;197m▀[0m[38;2;156;124;57m[48;2;255;240;197m▀[0m[38;2;156;124;57m[48;2;255;240;197m▀[0m[38;2;255;255;255m[48;2;156;124;57m▀[0m[38;2;133;119;219m[48;2;156;124;57m▀[0m[38;2;185;174;255m[48;2;185;174;255m▀[0m[38;2;185;174;255m[48;2;185;174;255m▀[0m[38;2;185;174;255m[48;2;185;174;255m▀[0m[38;2;185;174;255m[48;2;185;174;255m▀[0m[38;2;0;0;0m[48;2;0;0;0m▀[0m     [38;2;0;0;0m▀[38;2;208;178;98m[48;2;0;0;0m▀[0m[38;2;146;116;36m[48;2;208;178;98m▀[0m[38;2;65;65;65m[48;2;208;178;98m▀[0m[38;2;208;178;98m[48;2;65;65;65m▀[0m[38;2;208;178;98m[48;2;65;65;65m▀[0m[38;2;208;178;98m[48;2;208;178;98m▀[0m[38;2;208;178;98m[48;2;208;178;98m▀[0m[38;2;208;178;98m[48;2;146;116;36m▀[0m[38;2;146;116;36m[48;2;65;65;65m▀[0m[38;2;146;116;36m[48;2;65;65;65m▀[0m[38;2;0;0;0m[48;2;146;116;36m▀[0m[38;2;0;0;0m▄[38;2;0;0;0m▄[38;2;0;0;0m[48;2;146;116;36m▀[0m[38;2;0;0;0m[48;2;146;116;36m▀[0m[38;2;0;0;0m▄ 
   [38;2;0;0;0m[48;2;0;0;0m▀[0m[38;2;65;65;65m[48;2;238;238;238m▀[0m[38;2;255;240;197m[48;2;65;65;65m▀[0m[38;2;255;240;197m[48;2;65;65;65m▀[0m[38;2;255;240;197m[48;2;65;65;65m▀[0m[38;2;255;240;197m[48;2;255;240;197m▀[0m[38;2;255;240;197m[48;2;255;240;197m▀[0m[38;2;255;240;197m[48;2;255;240;197m▀[0m[38;2;255;240;197m[48;2;255;240;197m▀[0m[38;2;255;240;197m[48;2;230;203;156m▀[0m[38;2;230;203;156m[48;2;65;65;65m▀[0m[38;2;230;203;156m[48;2;230;203;156m▀[0m[38;2;156;124;57m[48;2;156;124;57m▀[0m[38;2;185;174;255m[48;2;185;174;255m▀[0m[38;2;185;174;255m[48;2;185;174;255m▀[0m[38;2;185;174;255m[48;2;185;174;255m▀[0m[38;2;185;174;255m[48;2;185;174;255m▀[0m[38;2;0;0;0m[48;2;0;0;0m▀[0m   [38;2;0;0;0m▄[38;2;0;0;0m[48;2;0;0;0m▀[0m[38;2;208;178;98m[48;2;208;178;98m▀[0m[38;2;208;178;98m[48;2;208;178;98m▀[0m[38;2;208;178;98m[48;2;208;178;98m▀[0m[38;2;208;178;98m[48;2;146;116;36m▀[0m[38;2;208;178;98m[48;2;208;178;98m▀[0m[38;2;65;65;65m[48;2;208;178;98m▀[0m[38;2;65;65;65m[48;2;208;178;98m▀[0m[38;2;65;65;65m[48;2;208;178;98m▀[0m[38;2;146;116;36m[48;2;146;116;36m▀[0m[38;2;146;116;36m[48;2;146;116;36m▀[0m[38;2;78;57;1m[48;2;65;65;65m▀[0m[38;2;146;116;36m[48;2;146;116;36m▀[0m[38;2;146;116;36m[48;2;0;0;0m▀[0m[38;2;146;116;36m[48;2;0;0;0m▀[0m[38;2;0;0;0m▀  
   [38;2;0;0;0m▄[38;2;0;0;0m[48;2;185;174;255m▀[0m[38;2;230;203;156m[48;2;156;124;57m▀[0m[38;2;160;64;74m[48;2;230;203;156m▀[0m[38;2;160;64;74m[48;2;186;129;95m▀[0m[38;2;65;65;65m[48;2;201;111;102m▀[0m[38;2;65;65;65m[48;2;201;111;102m▀[0m[38;2;255;255;255m[48;2;65;65;65m▀[0m[38;2;65;65;65m[48;2;230;203;156m▀[0m[38;2;65;65;65m[48;2;230;203;156m▀[0m[38;2;230;203;156m[48;2;156;124;57m▀[0m[38;2;156;124;57m[48;2;185;174;255m▀[0m[38;2;185;174;255m[48;2;185;174;255m▀[0m[38;2;185;174;255m[48;2;185;174;255m▀[0m[38;2;185;174;255m[48;2;185;174;255m▀[0m[38;2;185;174;255m[48;2;185;174;255m▀[0m[38;2;185;174;255m[48;2;185;174;255m▀[0m[38;2;133;119;219m[48;2;133;119;219m▀[0m[38;2;0;0;0m[48;2;65;65;65m▀[0m[38;2;0;0;0m▄[38;2;0;0;0m[48;2;208;178;98m▀[0m[38;2;208;178;98m[48;2;208;178;98m▀[0m[38;2;208;178;98m[48;2;208;178;98m▀[0m[38;2;65;65;65m[48;2;208;178;98m▀[0m[38;2;208;178;98m[48;2;65;65;65m▀[0m[38;2;208;178;98m[48;2;65;65;65m▀[0m[38;2;208;178;98m[48;2;208;178;98m▀[0m[38;2;208;178;98m[48;2;208;178;98m▀[0m[38;2;208;178;98m[48;2;208;178;98m▀[0m[38;2;100;73;1m[48;2;100;73;1m▀[0m[38;2;100;73;1m[48;2;146;116;36m▀[0m[38;2;146;116;36m[48;2;146;116;36m▀[0m[38;2;146;116;36m[48;2;146;116;36m▀[0m[38;2;146;116;36m[48;2;0;0;0m▀[0m[38;2;0;0;0m▀     
  [38;2;0;0;0m[48;2;0;0;0m▀[0m[38;2;185;174;255m[48;2;185;174;255m▀[0m[38;2;185;174;255m[48;2;185;174;255m▀[0m[38;2;185;174;255m[48;2;65;65;65m▀[0m[38;2;156;124;57m[48;2;185;174;255m▀[0m[38;2;156;124;57m[48;2;185;174;255m▀[0m[38;2;230;203;156m[48;2;156;124;57m▀[0m[38;2;230;203;156m[48;2;156;124;57m▀[0m[38;2;230;203;156m[48;2;156;124;57m▀[0m[38;2;156;124;57m[48;2;185;174;255m▀[0m[38;2;156;124;57m[48;2;185;174;255m▀[0m[38;2;185;174;255m[48;2;185;174;255m▀[0m[38;2;185;174;255m[48;2;185;174;255m▀[0m[38;2;185;174;255m[48;2;185;174;255m▀[0m[38;2;185;174;255m[48;2;185;174;255m▀[0m[38;2;185;174;255m[48;2;185;174;255m▀[0m[38;2;185;174;255m[48;2;185;174;255m▀[0m[38;2;133;119;219m[48;2;65;65;65m▀[0m[38;2;133;119;219m[48;2;133;119;219m▀[0m[38;2;133;119;219m[48;2;133;119;219m▀[0m[38;2;65;65;65m[48;2;65;65;65m▀[0m[38;2;131;131;106m[48;2;255;255;255m▀[0m[38;2;208;178;98m[48;2;0;0;0m▀[0m[38;2;208;178;98m[48;2;208;178;98m▀[0m[38;2;208;178;98m[48;2;208;178;98m▀[0m[38;2;208;178;98m[48;2;208;178;98m▀[0m[38;2;208;178;98m[48;2;208;178;98m▀[0m[38;2;65;65;65m[48;2;208;178;98m▀[0m[38;2;65;65;65m[48;2;146;116;36m▀[0m[38;2;146;116;36m[48;2;65;65;65m▀[0m[38;2;146;116;36m[48;2;65;65;65m▀[0m[38;2;146;116;36m[48;2;65;65;65m▀[0m[38;2;65;65;65m[48;2;146;116;36m▀[0m[38;2;65;65;65m[48;2;146;116;36m▀[0m[38;2;146;116;36m[48;2;146;116;36m▀[0m[38;2;0;0;0m[48;2;146;116;36m▀[0m[38;2;0;0;0m▄    
 [38;2;0;0;0m[48;2;0;0;0m▀[0m[38;2;185;174;255m[48;2;185;174;255m▀[0m[38;2;185;174;255m[48;2;185;174;255m▀[0m[38;2;185;174;255m[48;2;65;65;65m▀[0m[38;2;65;65;65m[48;2;185;174;255m▀[0m[38;2;185;174;255m[48;2;185;174;255m▀[0m[38;2;185;174;255m[48;2;185;174;255m▀[0m[38;2;185;174;255m[48;2;185;174;255m▀[0m[38;2;185;174;255m[48;2;185;174;255m▀[0m[38;2;185;174;255m[48;2;185;174;255m▀[0m[38;2;185;174;255m[48;2;185;174;255m▀[0m[38;2;185;174;255m[48;2;185;174;255m▀[0m[38;2;185;174;255m[48;2;65;65;65m▀[0m[38;2;65;65;65m[48;2;185;174;255m▀[0m[38;2;185;174;255m[48;2;185;174;255m▀[0m[38;2;185;174;255m[48;2;185;174;255m▀[0m[38;2;185;174;255m[48;2;185;174;255m▀[0m[38;2;185;174;255m[48;2;185;174;255m▀[0m[38;2;65;65;65m[48;2;65;65;65m▀[0m[38;2;133;119;219m[48;2;133;119;219m▀[0m[38;2;133;119;219m[48;2;133;119;219m▀[0m[38;2;133;119;219m[48;2;133;119;219m▀[0m[38;2;65;65;65m[48;2;65;65;65m▀[0m[38;2;0;0;0m[48;2;208;178;98m▀[0m[38;2;208;178;98m[48;2;208;178;98m▀[0m[38;2;208;178;98m[48;2;131;131;106m▀[0m[38;2;131;131;106m[48;2;255;255;255m▀[0m[38;2;0;0;0m[48;2;0;0;0m▀[0m[38;2;131;131;106m[48;2;255;255;255m▀[0m[38;2;255;255;255m[48;2;255;255;255m▀[0m[38;2;208;178;98m[48;2;208;178;98m▀[0m[38;2;208;178;98m[48;2;208;178;98m▀[0m[38;2;146;116;36m[48;2;146;116;36m▀[0m[38;2;146;116;36m[48;2;100;73;1m▀[0m[38;2;146;116;36m[48;2;100;73;1m▀[0m[38;2;146;116;36m[48;2;146;116;36m▀[0m[38;2;146;116;36m[48;2;146;116;36m▀[0m[38;2;65;65;65m[48;2;78;57;1m▀[0m[38;2;0;0;0m[48;2;146;116;36m▀[0m[38;2;0;0;0m▄  
 [38;2;0;0;0m▀[38;2;185;174;255m[48;2;0;0;0m▀[0m[38;2;133;119;219m[48;2;255;255;255m▀[0m[38;2;65;65;65m[48;2;65;64;65m▀[0m[38;2;185;174;255m[48;2;65;65;65m▀[0m[38;2;185;174;255m[48;2;197;172;65m▀[0m[38;2;185;174;255m[48;2;185;174;255m▀[0m[38;2;185;174;255m[48;2;185;174;255m▀[0m[38;2;185;174;255m[48;2;185;174;255m▀[0m[38;2;185;174;255m[48;2;185;174;255m▀[0m[38;2;185;174;255m[48;2;185;174;255m▀[0m[38;2;185;174;255m[48;2;65;65;65m▀[0m[38;2;65;65;65m[48;2;133;119;219m▀[0m[38;2;185;174;255m[48;2;185;174;255m▀[0m[38;2;185;174;255m[48;2;185;174;255m▀[0m[38;2;185;174;255m[48;2;185;174;255m▀[0m[38;2;185;174;255m[48;2;185;174;255m▀[0m[38;2;65;65;65m[48;2;65;65;65m▀[0m[38;2;133;119;219m[48;2;133;119;219m▀[0m[38;2;133;119;219m[48;2;133;119;219m▀[0m[38;2;133;119;219m[48;2;65;65;65m▀[0m[38;2;133;119;219m[48;2;133;119;219m▀[0m[38;2;133;119;219m[48;2;133;119;219m▀[0m[38;2;65;65;65m[48;2;133;119;219m▀[0m[38;2;65;65;65m[48;2;65;65;65m▀[0m[38;2;65;65;65m[48;2;208;178;98m▀[0m[38;2;208;178;98m[48;2;65;65;65m▀[0m[38;2;208;178;98m[48;2;65;65;65m▀[0m[38;2;208;178;98m[48;2;208;178;98m▀[0m[38;2;208;178;98m[48;2;208;178;98m▀[0m[38;2;208;178;98m[48;2;146;116;36m▀[0m[38;2;146;116;36m[48;2;146;116;36m▀[0m[38;2;100;73;1m[48;2;146;116;36m▀[0m[38;2;100;73;1m[48;2;146;116;36m▀[0m[38;2;100;73;1m[48;2;146;116;36m▀[0m[38;2;146;116;36m[48;2;146;116;36m▀[0m[38;2;146;116;36m[48;2;0;0;0m▀[0m[38;2;0;0;0m▀[38;2;0;0;0m▀   
  [38;2;0;0;0m▄[38;2;0;0;0m[48;2;133;119;219m▀[0m[38;2;133;119;219m[48;2;133;119;219m▀[0m[38;2;65;65;65m[48;2;65;65;65m▀[0m[38;2;255;240;197m[48;2;255;240;197m▀[0m[38;2;197;172;65m[48;2;255;240;197m▀[0m[38;2;197;172;65m[48;2;255;240;197m▀[0m[38;2;197;172;65m[48;2;255;240;197m▀[0m[38;2;197;172;65m[48;2;255;240;197m▀[0m[38;2;197;172;65m[48;2;255;240;197m▀[0m[38;2;65;65;65m[48;2;255;240;197m▀[0m[38;2;255;255;255m[48;2;65;65;65m▀[0m[38;2;133;119;219m[48;2;255;255;255m▀[0m[38;2;185;174;255m[48;2;133;119;219m▀[0m[38;2;185;174;255m[48;2;65;65;65m▀[0m[38;2;65;65;65m[48;2;133;119;219m▀[0m[38;2;133;119;219m[48;2;185;174;255m▀[0m[38;2;133;119;219m[48;2;185;174;255m▀[0m[38;2;185;174;255m[48;2;185;174;255m▀[0m[38;2;133;119;219m[48;2;185;174;255m▀[0m[38;2;65;65;65m[48;2;65;65;65m▀[0m[38;2;133;119;219m[48;2;133;119;219m▀[0m[38;2;133;119;219m[48;2;133;119;219m▀[0m[38;2;133;119;219m[48;2;133;119;219m▀[0m[38;2;65;65;65m[48;2;113;99;199m▀[0m[38;2;65;65;65m[48;2;113;99;199m▀[0m[38;2;255;255;255m[48;2;65;65;65m▀[0m[38;2;65;65;65m[48;2;65;65;65m▀[0m[38;2;65;65;65m[48;2;65;65;65m▀[0m[38;2;65;65;65m[48;2;65;65;65m▀[0m[38;2;146;116;36m[48;2;65;65;65m▀[0m[38;2;146;116;36m[48;2;146;116;36m▀[0m[38;2;146;116;36m[48;2;0;0;0m▀[0m[38;2;146;116;36m[48;2;0;0;0m▀[0m[38;2;0;0;0m▀      
  [38;2;0;0;0m[48;2;0;0;0m▀[0m[38;2;133;119;219m[48;2;133;119;219m▀[0m[38;2;133;119;219m[48;2;133;119;219m▀[0m[38;2;133;119;219m[48;2;133;119;219m▀[0m[38;2;65;65;65m[48;2;65;65;65m▀[0m[38;2;197;172;65m[48;2;230;203;156m▀[0m[38;2;255;240;197m[48;2;197;172;65m▀[0m[38;2;255;240;197m[48;2;197;172;65m▀[0m[38;2;255;240;197m[48;2;197;172;65m▀[0m[38;2;255;240;197m[48;2;197;172;65m▀[0m[38;2;255;240;197m[48;2;197;172;65m▀[0m[38;2;197;172;65m[48;2;230;203;156m▀[0m[38;2;65;65;65m[48;2;230;203;156m▀[0m[38;2;65;65;65m[48;2;133;119;219m▀[0m[38;2;133;119;219m[48;2;133;119;219m▀[0m[38;2;185;174;255m[48;2;185;174;255m▀[0m[38;2;185;174;255m[48;2;185;174;255m▀[0m[38;2;185;174;255m[48;2;185;174;255m▀[0m[38;2;185;174;255m[48;2;185;174;255m▀[0m[38;2;185;174;255m[48;2;185;174;255m▀[0m[38;2;133;119;219m[48;2;133;119;219m▀[0m[38;2;65;65;65m[48;2;65;65;65m▀[0m[38;2;133;119;219m[48;2;133;119;219m▀[0m[38;2;133;119;219m[48;2;0;0;0m▀[0m[38;2;65;65;65m[48;2;0;0;0m▀[0m[38;2;65;65;65m[48;2;146;116;36m▀[0m[38;2;65;65;65m[48;2;146;116;36m▀[0m[38;2;65;65;65m[48;2;146;116;36m▀[0m[38;2;146;116;36m[48;2;146;116;36m▀[0m[38;2;146;116;36m[48;2;0;0;0m▀[0m[38;2;0;0;0m▀[38;2;0;0;0m▀         
   [38;2;0;0;0m[48;2;0;0;0m▀[0m[38;2;133;119;219m[48;2;74;90;106m▀[0m[38;2;133;119;219m[48;2;133;119;219m▀[0m[38;2;133;119;219m[48;2;133;119;219m▀[0m[38;2;65;65;65m[48;2;133;119;219m▀[0m[38;2;230;203;156m[48;2;0;0;0m▀[0m[38;2;230;203;156m[48;2;156;124;57m▀[0m[38;2;230;203;156m[48;2;156;124;57m▀[0m[38;2;230;203;156m[48;2;156;124;57m▀[0m[38;2;230;203;156m[48;2;156;124;57m▀[0m[38;2;230;203;156m[48;2;156;124;57m▀[0m[38;2;156;124;57m[48;2;230;203;156m▀[0m[38;2;65;65;65m[48;2;65;65;65m▀[0m[38;2;133;119;219m[48;2;133;119;219m▀[0m[38;2;133;119;219m[48;2;133;119;219m▀[0m[38;2;185;174;255m[48;2;133;119;219m▀[0m[38;2;185;174;255m[48;2;133;119;219m▀[0m[38;2;185;174;255m[48;2;133;119;219m▀[0m[38;2;133;119;219m[48;2;133;119;219m▀[0m[38;2;133;119;219m[48;2;0;0;0m▀[0m[38;2;0;0;0m▀[38;2;0;0;0m▀  [38;2;0;0;0m▀[38;2;0;0;0m▀[38;2;0;0;0m▀[38;2;0;0;0m▀            
  [38;2;0;0;0m[48;2;0;0;0m▀[0m[38;2;222;230;222m[48;2;74;90;106m▀[0m[38;2;65;65;65m[48;2;222;230;222m▀[0m[38;2;65;65;65m[48;2;222;230;222m▀[0m[38;2;133;119;219m[48;2;0;0;0m▀[0m[38;2;133;119;219m[48;2;0;0;0m▀[0m[38;2;133;119;219m[48;2;0;0;0m▀[0m[38;2;0;0;0m▀[38;2;0;0;0m▀[38;2;230;203;156m[48;2;0;0;0m▀[0m[38;2;230;203;156m[48;2;0;0;0m▀[0m[38;2;230;203;156m[48;2;0;0;0m▀[0m[38;2;230;203;156m[48;2;0;0;0m▀[0m[38;2;230;203;156m[48;2;0;0;0m▀[0m[38;2;0;0;0m▀[38;2;133;119;219m[48;2;0;0;0m▀[0m[38;2;133;119;219m[48;2;185;174;255m▀[0m[38;2;133;119;219m[48;2;185;174;255m▀[0m[38;2;133;119;219m[48;2;185;174;255m▀[0m[38;2;0;0;0m[48;2;133;119;219m▀[0m[38;2;0;0;0m▄                    
   [38;2;0;0;0m▀[38;2;0;0;0m▀[38;2;0;0;0m▀          [38;2;0;0;0m[48;2;0;0;0m▀[0m[38;2;65;65;65m[48;2;255;255;255m▀[0m[38;2;65;65;65m[48;2;255;255;255m▀[0m[38;2;133;119;219m[48;2;0;0;0m▀[0m[38;2;65;65;65m[48;2;255;255;255m▀[0m[38;2;65;65;65m[48;2;255;255;255m▀[0m[38;2;0;0;0m[48;2;0;0;0m▀[0m                    
                 [38;2;0;0;0m▀[38;2;0;0;0m▀ [38;2;0;0;0m▀[38;2;0;0;0m▀                     
                                     [0m                                     