             [38;2;0;0;0m[48;2;0;0;0m▀[0m[38;2;0;0;0m[48;2;218;174;194m▀[0m[38;2;0;0;0m[48;2;218;174;194m▀[0m[38;2;0;0;0m[48;2;218;174;194m▀[0m[38;2;0;0;0m▄[38;2;0;0;0m▄    
              [38;2;0;0;0m▀[38;2;0;0;0m▀[38;2;218;174;194m[48;2;0;0;0m▀[0m[38;2;218;174;194m[48;2;218;174;194m▀[0m[38;2;218;174;194m[48;2;218;174;194m▀[0m[38;2;0;0;0m[48;2;218;174;194m▀[0m[38;2;0;0;0m▄  
                 [38;2;0;0;0m[48;2;0;0;0m▀[0m[38;2;218;174;194m[48;2;218;174;194m▀[0m[38;2;218;174;194m[48;2;218;174;194m▀[0m[38;2;0;0;0m[48;2;185;132;157m▀[0m[38;2;0;0;0m▄ 
           [38;2;0;0;0m▄[38;2;0;0;0m▄[38;2;0;0;0m▄[38;2;0;0;0m▄[38;2;0;0;0m▄[38;2;0;0;0m[48;2;185;132;157m▀[0m[38;2;185;132;157m[48;2;185;132;157m▀[0m[38;2;185;132;157m[48;2;185;132;157m▀[0m[38;2;185;132;157m[48;2;185;132;157m▀[0m[38;2;185;132;157m[48;2;185;132;157m▀[0m[38;2;0;0;0m[48;2;0;0;0m▀[0m 
   [38;2;0;0;0m▄[38;2;0;0;0m[48;2;185;132;157m▀[0m[38;2;0;0;0m[48;2;185;132;157m▀[0m[38;2;0;0;0m▄[38;2;0;0;0m▄[38;2;0;0;0m▄[38;2;0;0;0m[48;2;218;174;194m▀[0m[38;2;0;0;0m[48;2;218;174;194m▀[0m[38;2;218;174;194m[48;2;65;65;65m▀[0m[38;2;218;174;194m[48;2;65;65;65m▀[0m[38;2;218;174;194m[48;2;65;65;65m▀[0m[38;2;218;174;194m[48;2;218;174;194m▀[0m[38;2;218;174;194m[48;2;218;174;194m▀[0m[38;2;65;65;65m[48;2;218;174;194m▀[0m[38;2;65;65;65m[48;2;218;174;194m▀[0m[38;2;185;132;157m[48;2;65;65;65m▀[0m[38;2;185;132;157m[48;2;185;132;157m▀[0m[38;2;0;0;0m[48;2;0;0;0m▀[0m  
   [38;2;0;0;0m▀[38;2;185;132;157m[48;2;65;65;65m▀[0m[38;2;185;132;157m[48;2;218;174;194m▀[0m[38;2;185;132;157m[48;2;218;174;194m▀[0m[38;2;218;174;194m[48;2;218;174;194m▀[0m[38;2;65;65;65m[48;2;218;174;194m▀[0m[38;2;65;65;65m[48;2;218;174;194m▀[0m[38;2;65;65;65m[48;2;65;65;65m▀[0m[38;2;145;97;118m[48;2;218;174;194m▀[0m[38;2;218;174;194m[48;2;145;97;118m▀[0m[38;2;145;97;118m[48;2;218;174;194m▀[0m[38;2;65;65;65m[48;2;65;65;65m▀[0m[38;2;218;174;194m[48;2;218;174;194m▀[0m[38;2;218;174;194m[48;2;218;174;194m▀[0m[38;2;218;174;194m[48;2;185;132;157m▀[0m[38;2;185;132;157m[48;2;185;132;157m▀[0m[38;2;0;0;0m[48;2;0;0;0m▀[0m   
  [38;2;0;0;0m▄[38;2;0;0;0m[48;2;255;255;255m▀[0m[38;2;218;174;194m[48;2;218;174;194m▀[0m[38;2;218;174;194m[48;2;218;174;194m▀[0m[38;2;218;174;194m[48;2;218;174;194m▀[0m[38;2;218;174;194m[48;2;185;132;157m▀[0m[38;2;218;174;194m[48;2;255;255;255m▀[0m[38;2;218;174;194m[48;2;255;255;255m▀[0m[38;2;218;174;194m[48;2;218;174;194m▀[0m[38;2;218;174;194m[48;2;218;174;194m▀[0m[38;2;65;65;65m[48;2;185;132;157m▀[0m[38;2;185;132;157m[48;2;65;65;65m▀[0m[38;2;65;65;65m[48;2;185;132;157m▀[0m[38;2;218;174;194m[48;2;185;132;157m▀[0m[38;2;185;132;157m[48;2;185;132;157m▀[0m[38;2;185;132;157m[48;2;185;132;157m▀[0m[38;2;185;132;157m[48;2;145;97;118m▀[0m[38;2;145;97;118m[48;2;185;132;157m▀[0m[38;2;0;0;0m[48;2;0;0;0m▀[0m  
 [38;2;0;0;0m▄[38;2;0;0;0m[48;2;197;173;107m▀[0m[38;2;148;132;82m[48;2;247;239;140m▀[0m[38;2;148;132;82m[48;2;247;239;140m▀[0m[38;2;148;132;82m[48;2;247;239;140m▀[0m[38;2;185;132;157m[48;2;148;132;82m▀[0m[38;2;255;255;255m[48;2;148;132;82m▀[0m[38;2;0;0;0m[48;2;255;255;255m▀[0m[38;2;255;255;255m[48;2;255;255;255m▀[0m[38;2;255;255;255m[48;2;255;255;255m▀[0m[38;2;185;132;157m[48;2;185;132;157m▀[0m[38;2;185;132;157m[48;2;145;97;118m▀[0m[38;2;65;65;65m[48;2;185;132;157m▀[0m[38;2;185;132;157m[48;2;185;132;157m▀[0m[38;2;185;132;157m[48;2;145;97;118m▀[0m[38;2;185;132;157m[48;2;185;132;157m▀[0m[38;2;185;132;157m[48;2;65;65;65m▀[0m[38;2;145;97;118m[48;2;185;132;157m▀[0m[38;2;185;132;157m[48;2;0;0;0m▀[0m[38;2;0;0;0m▀  
 [38;2;0;0;0m▀[38;2;247;239;140m[48;2;0;0;0m▀[0m[38;2;247;239;140m[48;2;247;239;140m▀[0m[38;2;247;239;140m[48;2;247;239;140m▀[0m[38;2;247;239;140m[48;2;148;132;82m▀[0m[38;2;247;239;140m[48;2;247;239;140m▀[0m[38;2;247;239;140m[48;2;197;173;107m▀[0m[38;2;148;132;82m[48;2;197;173;107m▀[0m[38;2;255;255;255m[48;2;148;132;82m▀[0m[38;2;218;174;194m[48;2;185;132;157m▀[0m[38;2;185;132;157m[48;2;65;65;65m▀[0m[38;2;185;132;157m[48;2;185;132;157m▀[0m[38;2;185;132;157m[48;2;185;132;157m▀[0m[38;2;185;132;157m[48;2;185;132;157m▀[0m[38;2;185;132;157m[48;2;185;132;157m▀[0m[38;2;145;97;118m[48;2;0;0;0m▀[0m[38;2;0;0;0m▀[38;2;0;0;0m▀    
   [38;2;0;0;0m▀[38;2;0;0;0m▀[38;2;197;173;107m[48;2;0;0;0m▀[0m[38;2;197;173;107m[48;2;0;0;0m▀[0m[38;2;197;173;107m[48;2;0;0;0m▀[0m[38;2;0;0;0m▀[38;2;0;0;0m▀[38;2;65;65;65m[48;2;0;0;0m▀[0m[38;2;145;97;118m[48;2;255;255;255m▀[0m[38;2;145;97;118m[48;2;145;97;118m▀[0m[38;2;185;132;157m[48;2;185;132;157m▀[0m[38;2;185;132;157m[48;2;185;132;157m▀[0m[38;2;185;132;157m[48;2;0;0;0m▀[0m[38;2;0;0;0m▀      
            [38;2;0;0;0m▀[38;2;0;0;0m▀[38;2;0;0;0m▀[38;2;0;0;0m▀          
                                     [0m                                     