         [38;2;0;0;0m▄[38;2;0;0;0m[48;2;222;226;230m▀[0m[38;2;0;0;0m[48;2;229;229;237m▀[0m[38;2;0;0;0m▄[38;2;0;0;0m▄ [38;2;8;4;0m▄[38;2;0;0;0m[48;2;156;174;180m▀[0m[38;2;0;0;0m▄[38;2;0;0;0m[48;2;212;209;212m▀[0m[38;2;0;0;0m▄         
         [38;2;0;0;0m▀[38;2;222;226;230m[48;2;0;0;0m▀[0m[38;2;229;229;237m[48;2;245;245;245m▀[0m[38;2;229;229;237m[48;2;245;245;245m▀[0m[38;2;237;237;245m[48;2;237;237;245m▀[0m[38;2;0;0;0m[48;2;237;237;245m▀[0m[38;2;57;60;60m[48;2;237;237;245m▀[0m[38;2;57;60;60m[48;2;210;209;210m▀[0m[38;2;212;209;212m[48;2;210;209;210m▀[0m[38;2;212;209;212m[48;2;210;209;210m▀[0m[38;2;0;0;0m[48;2;212;209;212m▀[0m[38;2;0;0;0m▄[38;2;0;0;0m▄       
   [38;2;0;0;0m▄      [38;2;0;0;0m▀[38;2;193;196;199m[48;2;0;12;16m▀[0m[38;2;90;97;106m[48;2;162;58;148m▀[0m[38;2;84;93;104m[48;2;177;122;236m▀[0m[38;2;84;93;104m[48;2;195;36;155m▀[0m[38;2;210;209;210m[48;2;87;91;104m▀[0m[38;2;210;209;210m[48;2;212;209;212m▀[0m[38;2;210;209;210m[48;2;210;209;210m▀[0m[38;2;210;209;210m[48;2;210;209;210m▀[0m[38;2;212;209;212m[48;2;212;209;212m▀[0m[38;2;212;209;212m[48;2;212;209;212m▀[0m[38;2;212;209;212m[48;2;86;93;102m▀[0m[38;2;0;0;0m[48;2;0;0;0m▀[0m      
  [38;2;0;0;0m[48;2;0;0;0m▀[0m[38;2;156;170;180m[48;2;156;174;180m▀[0m[38;2;0;0;0m[48;2;8;4;0m▀[0m    [38;2;0;0;0m▄[38;2;0;0;0m[48;2;229;229;237m▀[0m[38;2;81;36;73m[48;2;237;237;245m▀[0m[38;2;242;76;206m[48;2;84;93;104m▀[0m[38;2;213;83;189m[48;2;84;93;104m▀[0m[38;2;213;83;189m[48;2;84;93;104m▀[0m[38;2;87;91;104m[48;2;245;245;245m▀[0m[38;2;212;209;212m[48;2;90;97;106m▀[0m[38;2;210;209;210m[48;2;87;91;104m▀[0m[38;2;210;209;210m[48;2;212;209;212m▀[0m[38;2;212;209;212m[48;2;0;0;0m▀[0m[38;2;0;0;0m▀[38;2;0;0;0m▀       
 [38;2;0;0;0m[48;2;0;0;0m▀[0m[38;2;156;170;180m[48;2;156;170;180m▀[0m[38;2;156;174;180m[48;2;153;172;180m▀[0m[38;2;57;60;60m[48;2;153;172;180m▀[0m[38;2;0;0;0m[48;2;54;55;57m▀[0m[38;2;8;0;0m▄ [38;2;0;0;0m[48;2;0;0;0m▀[0m[38;2;229;229;237m[48;2;84;93;104m▀[0m[38;2;229;229;237m[48;2;84;93;104m▀[0m[38;2;237;237;245m[48;2;90;97;106m▀[0m[38;2;237;237;245m[48;2;90;97;106m▀[0m[38;2;237;237;245m[48;2;237;237;245m▀[0m[38;2;237;237;245m[48;2;237;237;245m▀[0m[38;2;245;245;245m[48;2;212;209;212m▀[0m[38;2;193;196;199m[48;2;212;209;212m▀[0m[38;2;212;209;212m[48;2;210;209;212m▀[0m[38;2;87;91;104m[48;2;210;209;212m▀[0m[38;2;0;0;0m[48;2;78;87;94m▀[0m[38;2;0;0;0m▄ [38;2;0;0;0m▄[38;2;0;0;0m[48;2;212;209;212m▀[0m[38;2;0;0;0m▄    
 [38;2;0;0;0m[48;2;0;0;0m▀[0m[38;2;156;170;180m[48;2;156;170;180m▀[0m[38;2;153;172;180m[48;2;153;171;178m▀[0m[38;2;153;172;180m[48;2;153;171;178m▀[0m[38;2;148;165;172m[48;2;87;91;104m▀[0m[38;2;101;110;115m[48;2;212;209;212m▀[0m[38;2;0;0;0m[48;2;237;239;245m▀[0m[38;2;237;237;245m[48;2;237;239;245m▀[0m[38;2;237;237;245m[48;2;237;239;245m▀[0m[38;2;237;237;245m[48;2;237;239;245m▀[0m[38;2;244;245;254m[48;2;210;209;210m▀[0m[38;2;193;195;204m[48;2;237;237;245m▀[0m[38;2;84;93;104m[48;2;210;209;210m▀[0m[38;2;84;93;104m[48;2;237;237;245m▀[0m[38;2;87;91;104m[48;2;212;209;212m▀[0m[38;2;212;209;212m[48;2;87;91;104m▀[0m[38;2;210;209;212m[48;2;86;91;102m▀[0m[38;2;156;170;180m[48;2;156;170;180m▀[0m[38;2;156;174;189m[48;2;156;170;180m▀[0m[38;2;0;0;0m[48;2;156;170;180m▀[0m[38;2;0;0;0m▄[38;2;0;0;0m[48;2;212;209;212m▀[0m[38;2;212;209;212m[48;2;210;209;212m▀[0m[38;2;212;209;212m[48;2;210;209;212m▀[0m[38;2;0;0;0m[48;2;0;0;0m▀[0m   
  [38;2;0;0;0m[48;2;0;0;0m▀[0m[38;2;153;171;178m[48;2;156;174;180m▀[0m[38;2;84;91;101m[48;2;78;89;94m▀[0m[38;2;212;209;212m[48;2;153;172;180m▀[0m[38;2;212;209;212m[48;2;212;209;212m▀[0m[38;2;237;239;245m[48;2;193;195;204m▀[0m[38;2;237;239;245m[48;2;244;245;254m▀[0m[38;2;237;239;245m[48;2;237;237;245m▀[0m[38;2;237;239;245m[48;2;237;237;245m▀[0m[38;2;237;237;245m[48;2;237;237;245m▀[0m[38;2;210;209;210m[48;2;237;237;245m▀[0m[38;2;237;237;245m[48;2;210;209;210m▀[0m[38;2;210;209;210m[48;2;210;209;210m▀[0m[38;2;212;209;212m[48;2;210;209;212m▀[0m[38;2;212;209;212m[48;2;210;209;212m▀[0m[38;2;156;170;180m[48;2;153;172;180m▀[0m[38;2;86;91;102m[48;2;153;172;180m▀[0m[38;2;86;91;102m[48;2;87;91;104m▀[0m[38;2;86;91;102m[48;2;212;209;212m▀[0m[38;2;212;209;212m[48;2;210;209;210m▀[0m[38;2;212;209;212m[48;2;210;209;210m▀[0m[38;2;210;209;212m[48;2;213;226;230m▀[0m[38;2;156;170;180m[48;2;0;4;8m▀[0m[38;2;0;0;0m▀   
   [38;2;0;4;8m▀[38;2;156;174;180m[48;2;0;0;0m▀[0m[38;2;153;172;180m[48;2;164;171;172m▀[0m[38;2;153;172;180m[48;2;82;87;90m▀[0m[38;2;90;97;106m[48;2;199;108;173m▀[0m[38;2;90;97;106m[48;2;240;127;224m▀[0m[38;2;84;93;104m[48;2;240;127;224m▀[0m[38;2;84;93;104m[48;2;240;127;224m▀[0m[38;2;84;93;104m[48;2;240;127;224m▀[0m[38;2;84;93;104m[48;2;211;105;179m▀[0m[38;2;210;209;210m[48;2;90;89;98m▀[0m[38;2;210;209;210m[48;2;90;89;98m▀[0m[38;2;210;209;212m[48;2;153;171;178m▀[0m[38;2;156;170;180m[48;2;153;171;178m▀[0m[38;2;153;172;180m[48;2;153;172;180m▀[0m[38;2;153;172;180m[48;2;153;172;180m▀[0m[38;2;212;209;212m[48;2;159;168;172m▀[0m[38;2;212;209;212m[48;2;205;218;222m▀[0m[38;2;210;209;210m[48;2;213;222;230m▀[0m[38;2;210;209;210m[48;2;142;148;153m▀[0m[38;2;142;152;156m[48;2;0;0;0m▀[0m[38;2;0;4;8m▀    
     [38;2;0;4;8m[48;2;8;4;0m▀[0m[38;2;246;255;255m[48;2;255;255;238m▀[0m[38;2;199;108;173m[48;2;178;152;93m▀[0m[38;2;240;127;224m[48;2;178;152;93m▀[0m[38;2;240;127;224m[48;2;242;126;236m▀[0m[38;2;240;127;224m[48;2;202;115;144m▀[0m[38;2;211;105;179m[48;2;254;254;254m▀[0m[38;2;254;254;254m[48;2;65;64;65m▀[0m[38;2;252;242;243m[48;2;254;254;254m▀[0m[38;2;169;165;170m[48;2;254;254;254m▀[0m[38;2;84;91;101m[48;2;186;112;169m▀[0m[38;2;153;171;178m[48;2;90;93;98m▀[0m[38;2;153;172;180m[48;2;156;170;180m▀[0m[38;2;153;172;180m[48;2;156;170;180m▀[0m[38;2;159;168;172m[48;2;153;172;180m▀[0m[38;2;65;68;74m[48;2;153;172;180m▀[0m[38;2;71;74;76m[48;2;0;0;0m▀[0m[38;2;0;0;0m▀      
    [38;2;0;0;0m▄[38;2;8;4;0m[48;2;255;236;179m▀[0m[38;2;131;129;119m[48;2;217;189;159m▀[0m[38;2;255;236;179m[48;2;255;236;179m▀[0m[38;2;255;236;179m[48;2;255;236;179m▀[0m[38;2;172;149;90m[48;2;254;237;178m▀[0m[38;2;172;149;90m[48;2;254;237;178m▀[0m[38;2;254;254;254m[48;2;178;152;93m▀[0m[38;2;254;254;254m[48;2;178;152;93m▀[0m[38;2;254;254;254m[48;2;250;241;251m▀[0m[38;2;254;254;254m[48;2;202;158;136m▀[0m[38;2;186;112;169m[48;2;240;127;224m▀[0m[38;2;240;127;212m[48;2;240;127;224m▀[0m[38;2;86;91;102m[48;2;199;108;173m▀[0m[38;2;86;91;102m[48;2;199;108;173m▀[0m[38;2;153;172;180m[48;2;65;64;65m▀[0m[38;2;65;64;65m[48;2;0;0;0m▀[0m[38;2;0;0;0m▀       
   [38;2;0;0;0m▄[38;2;0;0;0m[48;2;74;121;172m▀[0m[38;2;255;236;179m[48;2;82;85;90m▀[0m[38;2;255;236;179m[48;2;82;85;90m▀[0m[38;2;255;236;179m[48;2;255;236;179m▀[0m[38;2;178;152;93m[48;2;255;236;179m▀[0m[38;2;254;237;178m[48;2;255;236;179m▀[0m[38;2;254;237;178m[48;2;255;236;179m▀[0m[38;2;255;236;179m[48;2;254;237;178m▀[0m[38;2;255;236;179m[48;2;254;237;178m▀[0m[38;2;180;140;90m[48;2;255;242;180m▀[0m[38;2;180;140;90m[48;2;200;194;156m▀[0m[38;2;240;127;224m[48;2;159;144;121m▀[0m[38;2;199;108;173m[48;2;90;93;98m▀[0m[38;2;199;108;173m[48;2;200;108;173m▀[0m[38;2;199;108;173m[48;2;65;64;65m▀[0m[38;2;0;0;0m[48;2;65;128;187m▀[0m[38;2;16;0;0m▄        
  [38;2;0;0;0m[48;2;0;0;0m▀[0m[38;2;74;121;172m[48;2;254;254;254m▀[0m[38;2;229;217;255m[48;2;254;254;254m▀[0m[38;2;82;85;90m[48;2;65;64;65m▀[0m[38;2;255;236;179m[48;2;65;64;65m▀[0m[38;2;84;93;104m[48;2;255;228;171m▀[0m[38;2;84;93;104m[48;2;165;118;107m▀[0m[38;2;84;93;104m[48;2;213;105;92m▀[0m[38;2;84;93;104m[48;2;213;105;92m▀[0m[38;2;254;237;178m[48;2;84;93;104m▀[0m[38;2;254;237;178m[48;2;84;93;104m▀[0m[38;2;200;194;156m[48;2;84;93;104m▀[0m[38;2;90;97;106m[48;2;219;186;158m▀[0m[38;2;90;93;98m[48;2;219;186;158m▀[0m[38;2;230;198;146m[48;2;200;108;173m▀[0m[38;2;200;108;173m[48;2;65;68;65m▀[0m[38;2;65;64;65m[48;2;27;33;229m▀[0m[38;2;123;182;255m[48;2;208;213;212m▀[0m[38;2;65;128;187m[48;2;212;209;212m▀[0m[38;2;0;0;0m[48;2;0;0;0m▀[0m       
  [38;2;0;0;0m▀[38;2;254;254;254m[48;2;0;0;0m▀[0m[38;2;37;47;234m[48;2;65;73;255m▀[0m[38;2;65;73;255m[48;2;32;47;255m▀[0m[38;2;65;64;65m[48;2;32;47;255m▀[0m[38;2;65;64;65m[48;2;254;254;254m▀[0m[38;2;255;228;171m[48;2;65;64;65m▀[0m[38;2;255;236;179m[48;2;65;64;65m▀[0m[38;2;255;236;179m[48;2;65;64;65m▀[0m[38;2;255;236;179m[48;2;65;64;65m▀[0m[38;2;255;236;179m[48;2;65;64;65m▀[0m[38;2;219;186;158m[48;2;65;64;65m▀[0m[38;2;219;186;158m[48;2;65;64;65m▀[0m[38;2;65;64;65m[48;2;210;209;210m▀[0m[38;2;65;64;65m[48;2;210;209;210m▀[0m[38;2;65;73;255m[48;2;32;47;255m▀[0m[38;2;65;73;255m[48;2;32;47;255m▀[0m[38;2;33;38;235m[48;2;84;145;255m▀[0m[38;2;212;209;212m[48;2;65;64;65m▀[0m[38;2;0;0;0m[48;2;200;108;173m▀[0m[38;2;0;0;0m▄      
   [38;2;0;0;0m▀[38;2;65;73;255m[48;2;0;0;0m▀[0m[38;2;32;47;255m[48;2;82;62;65m▀[0m[38;2;254;254;254m[48;2;82;62;65m▀[0m[38;2;254;254;254m[48;2;254;254;254m▀[0m[38;2;254;254;254m[48;2;254;254;254m▀[0m[38;2;180;191;233m[48;2;253;243;236m▀[0m[38;2;53;66;173m[48;2;47;68;184m▀[0m[38;2;37;47;234m[48;2;65;77;255m▀[0m[38;2;37;47;234m[48;2;65;77;255m▀[0m[38;2;53;66;173m[48;2;47;68;184m▀[0m[38;2;180;191;233m[48;2;238;234;255m▀[0m[38;2;210;209;210m[48;2;65;64;65m▀[0m[38;2;254;254;254m[48;2;65;64;65m▀[0m[38;2;254;254;254m[48;2;65;64;65m▀[0m[38;2;32;47;255m[48;2;65;64;65m▀[0m[38;2;65;64;65m[48;2;200;108;173m▀[0m[38;2;200;108;173m[48;2;200;108;173m▀[0m[38;2;200;108;173m[48;2;200;108;173m▀[0m[38;2;200;108;173m[48;2;200;108;173m▀[0m[38;2;0;0;0m[48;2;0;0;0m▀[0m     
     [38;2;0;4;0m[48;2;0;0;0m▀[0m[38;2;229;130;218m[48;2;169;155;108m▀[0m[38;2;65;64;65m[48;2;240;127;224m▀[0m[38;2;65;64;65m[48;2;240;127;224m▀[0m[38;2;65;64;65m[48;2;240;127;224m▀[0m[38;2;47;68;184m[48;2;65;64;65m▀[0m[38;2;65;77;255m[48;2;65;64;65m▀[0m[38;2;65;77;255m[48;2;65;64;65m▀[0m[38;2;47;68;184m[48;2;65;64;65m▀[0m[38;2;65;64;65m[48;2;200;108;173m▀[0m[38;2;200;108;173m[48;2;199;108;173m▀[0m[38;2;200;108;173m[48;2;199;108;173m▀[0m[38;2;200;108;173m[48;2;199;108;173m▀[0m[38;2;200;108;173m[48;2;199;108;173m▀[0m[38;2;65;64;65m[48;2;240;127;224m▀[0m[38;2;200;108;173m[48;2;65;64;65m▀[0m[38;2;200;108;173m[48;2;68;56;60m▀[0m[38;2;0;0;0m[48;2;0;8;8m▀[0m      
    [38;2;0;0;0m[48;2;0;0;0m▀[0m[38;2;84;78;54m[48;2;200;108;173m▀[0m[38;2;255;234;164m[48;2;65;64;65m▀[0m[38;2;178;151;93m[48;2;255;236;179m▀[0m[38;2;178;151;93m[48;2;255;236;179m▀[0m[38;2;240;127;224m[48;2;178;152;93m▀[0m[38;2;240;127;224m[48;2;178;152;93m▀[0m[38;2;240;127;224m[48;2;178;152;93m▀[0m[38;2;240;127;224m[48;2;178;152;93m▀[0m[38;2;200;108;173m[48;2;178;152;93m▀[0m[38;2;200;108;173m[48;2;178;152;93m▀[0m[38;2;199;108;173m[48;2;169;150;111m▀[0m[38;2;199;108;173m[48;2;169;150;111m▀[0m[38;2;199;108;173m[48;2;65;64;65m▀[0m[38;2;240;127;224m[48;2;240;127;224m▀[0m[38;2;240;127;224m[48;2;240;127;224m▀[0m[38;2;240;127;224m[48;2;240;127;224m▀[0m[38;2;68;56;60m[48;2;240;127;224m▀[0m[38;2;199;108;173m[48;2;65;64;65m▀[0m[38;2;0;0;0m[48;2;199;108;173m▀[0m[38;2;0;0;0m[48;2;199;108;173m▀[0m[38;2;0;0;0m[48;2;200;108;173m▀[0m[38;2;0;0;0m[48;2;200;108;173m▀[0m[38;2;0;0;0m▄ 
   [38;2;0;0;0m[48;2;0;0;0m▀[0m[38;2;200;108;173m[48;2;200;108;173m▀[0m[38;2;200;108;173m[48;2;199;108;173m▀[0m[38;2;65;64;65m[48;2;199;108;173m▀[0m[38;2;178;152;93m[48;2;65;68;65m▀[0m[38;2;255;236;179m[48;2;164;130;115m▀[0m[38;2;255;236;179m[48;2;164;150;105m▀[0m[38;2;255;236;179m[48;2;255;238;164m▀[0m[38;2;255;236;179m[48;2;254;228;177m▀[0m[38;2;255;236;179m[48;2;227;203;148m▀[0m[38;2;219;186;158m[48;2;222;198;164m▀[0m[38;2;219;186;158m[48;2;222;198;164m▀[0m[38;2;222;197;139m[48;2;213;174;156m▀[0m[38;2;65;64;57m[48;2;65;64;65m▀[0m[38;2;240;127;224m[48;2;240;127;224m▀[0m[38;2;240;127;224m[48;2;240;127;224m▀[0m[38;2;240;127;224m[48;2;240;127;224m▀[0m[38;2;240;127;224m[48;2;240;127;224m▀[0m[38;2;240;127;224m[48;2;200;108;173m▀[0m[38;2;65;64;65m[48;2;65;64;65m▀[0m[38;2;199;108;173m[48;2;200;108;173m▀[0m[38;2;199;108;173m[48;2;0;0;0m▀[0m[38;2;200;108;173m[48;2;0;0;0m▀[0m[38;2;0;0;0m▀  
   [38;2;0;0;0m▀[38;2;200;108;173m[48;2;0;0;0m▀[0m[38;2;199;108;173m[48;2;199;108;173m▀[0m[38;2;199;108;173m[48;2;199;108;173m▀[0m[38;2;199;108;173m[48;2;199;108;173m▀[0m[38;2;65;68;65m[48;2;199;108;173m▀[0m[38;2;74;64;49m[48;2;199;108;173m▀[0m[38;2;164;150;105m[48;2;68;56;60m▀[0m[38;2;172;149;90m[48;2;0;0;0m▀[0m[38;2;172;149;90m[48;2;219;186;158m▀[0m[38;2;178;152;93m[48;2;219;186;158m▀[0m[38;2;178;152;93m[48;2;219;186;158m▀[0m[38;2;65;64;65m[48;2;68;56;60m▀[0m[38;2;199;108;173m[48;2;199;108;173m▀[0m[38;2;240;127;224m[48;2;199;108;173m▀[0m[38;2;240;127;224m[48;2;199;108;173m▀[0m[38;2;240;127;224m[48;2;199;108;173m▀[0m[38;2;199;108;173m[48;2;199;108;173m▀[0m[38;2;200;108;173m[48;2;200;108;173m▀[0m[38;2;65;64;65m[48;2;0;0;0m▀[0m[38;2;0;0;0m▀     
    [38;2;0;0;0m▄[38;2;0;8;8m[48;2;212;209;212m▀[0m[38;2;102;80;86m[48;2;212;209;212m▀[0m[38;2;199;108;173m[48;2;86;93;102m▀[0m[38;2;199;108;173m[48;2;0;0;0m▀[0m[38;2;68;56;60m[48;2;0;0;0m▀[0m[38;2;0;8;8m▀ [38;2;0;0;0m▀[38;2;0;0;0m▀[38;2;0;0;0m▀[38;2;0;8;8m▀[38;2;68;56;60m[48;2;0;0;0m▀[0m[38;2;199;108;173m[48;2;167;162;163m▀[0m[38;2;199;108;173m[48;2;84;82;82m▀[0m[38;2;199;108;173m[48;2;65;64;65m▀[0m[38;2;199;108;173m[48;2;65;64;65m▀[0m[38;2;0;0;0m[48;2;0;0;0m▀[0m       
     [38;2;0;0;0m▀[38;2;0;0;0m▀[38;2;0;0;0m▀         [38;2;0;0;0m▀[38;2;252;242;243m[48;2;0;0;0m▀[0m[38;2;254;254;254m[48;2;0;0;0m▀[0m[38;2;254;254;254m[48;2;0;0;0m▀[0m[38;2;0;0;0m▀       
                                     [0m                                     