     [38;2;0;0;0m▄[38;2;0;0;0m▄[38;2;0;0;0m[48;2;206;199;196m▀[0m[38;2;0;0;0m▄          
   [38;2;0;0;0m▄[38;2;0;0;0m[48;2;174;174;174m▀[0m[38;2;174;174;174m[48;2;174;174;174m▀[0m[38;2;206;199;196m[48;2;174;174;174m▀[0m[38;2;174;174;174m[48;2;145;140;135m▀[0m[38;2;0;0;0m[48;2;0;0;0m▀[0m  [38;2;0;0;0m▄[38;2;0;0;0m▄[38;2;0;0;0m[48;2;206;199;196m▀[0m[38;2;0;0;0m[48;2;206;199;196m▀[0m[38;2;0;0;0m[48;2;174;174;174m▀[0m[38;2;0;0;0m▄  
   [38;2;0;0;0m▀[38;2;145;140;135m[48;2;0;0;0m▀[0m[38;2;174;174;174m[48;2;145;140;135m▀[0m[38;2;174;174;174m[48;2;125;119;114m▀[0m[38;2;0;0;0m[48;2;125;119;114m▀[0m[38;2;0;0;0m▄[38;2;0;0;0m▄[38;2;0;0;0m[48;2;65;65;65m▀[0m[38;2;174;174;174m[48;2;174;174;174m▀[0m[38;2;206;199;196m[48;2;174;174;174m▀[0m[38;2;174;174;174m[48;2;174;174;174m▀[0m[38;2;174;174;174m[48;2;145;140;135m▀[0m[38;2;0;0;0m[48;2;0;0;0m▀[0m   
  [38;2;0;0;0m▄[38;2;0;0;0m[48;2;255;255;66m▀[0m[38;2;255;255;66m[48;2;65;65;65m▀[0m[38;2;174;174;174m[48;2;174;174;174m▀[0m[38;2;174;174;174m[48;2;145;140;135m▀[0m[38;2;65;65;65m[48;2;174;174;174m▀[0m[38;2;145;140;135m[48;2;174;174;174m▀[0m[38;2;174;174;174m[48;2;174;174;174m▀[0m[38;2;174;174;174m[48;2;174;174;174m▀[0m[38;2;174;174;174m[48;2;145;140;135m▀[0m[38;2;145;140;135m[48;2;145;140;135m▀[0m[38;2;145;140;135m[48;2;145;140;135m▀[0m[38;2;145;140;135m[48;2;0;0;0m▀[0m[38;2;0;0;0m▀   
 [38;2;0;0;0m▄[38;2;0;0;0m[48;2;145;140;135m▀[0m[38;2;255;255;66m[48;2;174;174;174m▀[0m[38;2;174;174;174m[48;2;174;174;174m▀[0m[38;2;174;174;174m[48;2;174;174;174m▀[0m[38;2;174;174;174m[48;2;255;255;66m▀[0m[38;2;255;255;66m[48;2;65;65;65m▀[0m[38;2;255;255;173m[48;2;255;255;173m▀[0m[38;2;255;255;66m[48;2;255;255;66m▀[0m[38;2;174;174;174m[48;2;145;140;135m▀[0m[38;2;145;140;135m[48;2;145;140;135m▀[0m[38;2;65;65;65m[48;2;145;140;135m▀[0m[38;2;0;0;0m[48;2;0;0;0m▀[0m     
 [38;2;0;0;0m[48;2;0;0;0m▀[0m[38;2;174;174;174m[48;2;145;140;135m▀[0m[38;2;206;199;196m[48;2;174;174;174m▀[0m[38;2;174;174;174m[48;2;174;174;174m▀[0m[38;2;174;174;174m[48;2;174;174;174m▀[0m[38;2;255;255;66m[48;2;174;174;174m▀[0m[38;2;255;255;66m[48;2;145;140;135m▀[0m[38;2;255;255;66m[48;2;145;140;135m▀[0m[38;2;174;174;174m[48;2;145;140;135m▀[0m[38;2;145;140;135m[48;2;145;140;135m▀[0m[38;2;145;140;135m[48;2;65;65;65m▀[0m[38;2;145;140;135m[48;2;0;0;0m▀[0m[38;2;0;0;0m▀     
  [38;2;0;0;0m[48;2;0;0;0m▀[0m[38;2;65;65;65m[48;2;174;174;174m▀[0m[38;2;145;140;135m[48;2;65;65;65m▀[0m[38;2;145;140;135m[48;2;65;65;65m▀[0m[38;2;145;140;135m[48;2;145;140;135m▀[0m[38;2;145;140;135m[48;2;65;65;65m▀[0m[38;2;125;119;114m[48;2;65;65;65m▀[0m[38;2;65;65;65m[48;2;145;140;135m▀[0m[38;2;145;140;135m[48;2;145;140;135m▀[0m[38;2;0;0;0m[48;2;174;174;174m▀[0m[38;2;0;0;0m▄[38;2;0;0;0m▄     
   [38;2;0;0;0m▀[38;2;0;0;0m▀[38;2;65;65;65m[48;2;0;0;0m▀[0m[38;2;206;199;196m[48;2;174;174;174m▀[0m[38;2;174;174;174m[48;2;174;174;174m▀[0m[38;2;65;65;65m[48;2;65;65;65m▀[0m[38;2;145;140;135m[48;2;145;140;135m▀[0m[38;2;145;140;135m[48;2;125;119;114m▀[0m[38;2;145;140;135m[48;2;125;119;114m▀[0m[38;2;174;174;174m[48;2;145;140;135m▀[0m[38;2;145;140;135m[48;2;145;140;135m▀[0m[38;2;0;0;0m[48;2;145;140;135m▀[0m[38;2;0;0;0m[48;2;145;140;135m▀[0m[38;2;0;0;0m▄  
   [38;2;0;0;0m▄[38;2;0;0;0m[48;2;125;119;114m▀[0m[38;2;145;140;135m[48;2;145;140;135m▀[0m[38;2;65;65;65m[48;2;145;140;135m▀[0m[38;2;65;65;65m[48;2;125;119;114m▀[0m[38;2;145;140;135m[48;2;125;119;114m▀[0m[38;2;125;119;114m[48;2;145;140;135m▀[0m[38;2;174;174;174m[48;2;125;119;114m▀[0m[38;2;174;174;174m[48;2;125;119;114m▀[0m[38;2;125;119;114m[48;2;145;140;135m▀[0m[38;2;145;140;135m[48;2;145;140;135m▀[0m[38;2;145;140;135m[48;2;174;174;174m▀[0m[38;2;145;140;135m[48;2;174;174;174m▀[0m[38;2;174;174;174m[48;2;125;119;114m▀[0m[38;2;0;0;0m[48;2;0;0;0m▀[0m 
   [38;2;0;0;0m▀[38;2;174;174;174m[48;2;0;0;0m▀[0m[38;2;125;119;114m[48;2;0;0;0m▀[0m[38;2;125;119;114m[48;2;0;0;0m▀[0m[38;2;174;174;174m[48;2;0;0;0m▀[0m[38;2;174;174;174m[48;2;0;0;0m▀[0m[38;2;145;140;135m[48;2;174;174;174m▀[0m[38;2;145;140;135m[48;2;174;174;174m▀[0m[38;2;145;140;135m[48;2;174;174;174m▀[0m[38;2;145;140;135m[48;2;174;174;174m▀[0m[38;2;174;174;174m[48;2;0;0;0m▀[0m[38;2;0;0;0m▀[38;2;0;0;0m▀[38;2;0;0;0m▀  
            [38;2;0;0;0m▀[38;2;0;0;0m▀[38;2;0;0;0m▀[38;2;0;0;0m▀          
                                     [0m                                     