            [38;2;0;0;0m▄[38;2;0;0;0m[48;2;255;80;115m▀[0m[38;2;0;0;0m[48;2;255;80;115m▀[0m[38;2;0;0;0m[48;2;219;0;69m▀[0m[38;2;0;0;0m[48;2;219;0;69m▀[0m[38;2;0;0;0m▄             
          [38;2;0;0;0m▄[38;2;0;0;0m[48;2;218;0;69m▀[0m[38;2;255;76;118m[48;2;218;0;69m▀[0m[38;2;255;80;115m[48;2;255;76;118m▀[0m[38;2;255;80;115m[48;2;255;76;118m▀[0m[38;2;255;76;118m[48;2;218;0;69m▀[0m[38;2;219;0;69m[48;2;218;0;69m▀[0m[38;2;215;0;71m[48;2;218;0;69m▀[0m[38;2;0;0;0m[48;2;218;0;69m▀[0m[38;2;0;0;0m▄           
         [38;2;0;0;0m▄[38;2;0;0;0m[48;2;69;34;20m▀[0m[38;2;218;0;69m[48;2;219;0;69m▀[0m[38;2;218;0;69m[48;2;219;0;69m▀[0m[38;2;219;0;69m[48;2;218;0;69m▀[0m[38;2;219;0;69m[48;2;218;0;69m▀[0m[38;2;218;0;69m[48;2;218;0;69m▀[0m[38;2;218;0;69m[48;2;218;0;69m▀[0m[38;2;218;0;69m[48;2;219;0;69m▀[0m[38;2;218;0;69m[48;2;219;0;69m▀[0m[38;2;0;0;0m[48;2;69;34;20m▀[0m[38;2;0;0;0m▄[38;2;0;0;0m▄         
      [38;2;0;0;0m▄[38;2;0;0;0m[48;2;169;111;84m▀[0m[38;2;0;0;0m[48;2;169;111;84m▀[0m[38;2;170;112;84m[48;2;170;112;84m▀[0m[38;2;170;112;84m[48;2;150;0;39m▀[0m[38;2;150;0;39m[48;2;218;0;69m▀[0m[38;2;219;0;69m[48;2;218;0;69m▀[0m[38;2;218;0;69m[48;2;147;0;26m▀[0m[38;2;218;0;69m[48;2;218;0;63m▀[0m[38;2;218;0;69m[48;2;219;0;69m▀[0m[38;2;218;0;69m[48;2;219;0;69m▀[0m[38;2;219;0;69m[48;2;150;0;39m▀[0m[38;2;150;0;39m[48;2;170;112;84m▀[0m[38;2;170;112;84m[48;2;169;111;84m▀[0m[38;2;170;112;84m[48;2;169;111;84m▀[0m[38;2;170;112;84m[48;2;169;111;84m▀[0m[38;2;0;0;0m[48;2;169;111;84m▀[0m[38;2;0;0;0m▄       
     [38;2;0;0;0m[48;2;0;0;0m▀[0m[38;2;170;112;84m[48;2;170;112;84m▀[0m[38;2;169;111;84m[48;2;169;111;84m▀[0m[38;2;169;111;84m[48;2;169;111;84m▀[0m[38;2;170;112;84m[48;2;169;111;84m▀[0m[38;2;150;0;39m[48;2;169;111;84m▀[0m[38;2;218;0;69m[48;2;150;0;39m▀[0m[38;2;218;0;69m[48;2;150;0;39m▀[0m[38;2;147;0;26m[48;2;169;111;84m▀[0m[38;2;147;0;26m[48;2;169;111;84m▀[0m[38;2;150;0;39m[48;2;169;111;84m▀[0m[38;2;150;0;39m[48;2;169;111;84m▀[0m[38;2;170;112;84m[48;2;169;111;84m▀[0m[38;2;170;112;84m[48;2;169;111;84m▀[0m[38;2;169;111;84m[48;2;169;111;84m▀[0m[38;2;169;111;84m[48;2;169;111;84m▀[0m[38;2;169;111;84m[48;2;169;111;84m▀[0m[38;2;169;111;84m[48;2;169;111;84m▀[0m[38;2;170;112;84m[48;2;170;112;84m▀[0m[38;2;0;0;0m[48;2;0;0;0m▀[0m      
  [38;2;0;0;0m▄[38;2;0;0;0m[48;2;127;79;57m▀[0m[38;2;0;0;0m[48;2;66;65;66m▀[0m[38;2;170;112;84m[48;2;169;111;84m▀[0m[38;2;170;112;84m[48;2;169;111;84m▀[0m[38;2;169;111;84m[48;2;169;111;84m▀[0m[38;2;169;111;84m[48;2;169;111;84m▀[0m[38;2;169;111;84m[48;2;170;112;84m▀[0m[38;2;169;111;84m[48;2;170;112;84m▀[0m[38;2;170;112;84m[48;2;66;65;66m▀[0m[38;2;170;112;84m[48;2;164;106;81m▀[0m[38;2;169;111;84m[48;2;169;111;84m▀[0m[38;2;169;111;84m[48;2;169;111;84m▀[0m[38;2;169;111;84m[48;2;169;111;84m▀[0m[38;2;169;111;84m[48;2;169;111;84m▀[0m[38;2;169;111;84m[48;2;169;111;84m▀[0m[38;2;169;111;84m[48;2;169;111;84m▀[0m[38;2;169;111;84m[48;2;169;111;84m▀[0m[38;2;169;111;84m[48;2;169;111;84m▀[0m[38;2;169;111;84m[48;2;169;111;84m▀[0m[38;2;169;111;84m[48;2;169;111;84m▀[0m[38;2;170;112;84m[48;2;170;112;84m▀[0m[38;2;170;112;84m[48;2;127;77;57m▀[0m[38;2;0;0;0m[48;2;69;34;20m▀[0m[38;2;0;0;0m▄    
 [38;2;0;0;0m[48;2;0;0;0m▀[0m[38;2;127;79;57m[48;2;127;79;57m▀[0m[38;2;127;79;57m[48;2;127;77;57m▀[0m[38;2;127;79;57m[48;2;127;77;57m▀[0m[38;2;169;111;84m[48;2;128;80;58m▀[0m[38;2;169;111;84m[48;2;163;105;80m▀[0m[38;2;169;111;84m[48;2;164;106;81m▀[0m[38;2;169;111;84m[48;2;66;65;66m▀[0m[38;2;170;112;84m[48;2;99;52;57m▀[0m[38;2;66;65;66m[48;2;255;255;195m▀[0m[38;2;217;196;142m[48;2;205;174;132m▀[0m[38;2;66;65;66m[48;2;205;174;132m▀[0m[38;2;169;111;84m[48;2;74;60;66m▀[0m[38;2;169;111;84m[48;2;126;77;57m▀[0m[38;2;169;111;84m[48;2;170;112;84m▀[0m[38;2;169;111;84m[48;2;170;112;84m▀[0m[38;2;169;111;84m[48;2;170;112;84m▀[0m[38;2;169;111;84m[48;2;170;112;84m▀[0m[38;2;169;111;84m[48;2;169;111;84m▀[0m[38;2;169;111;84m[48;2;169;111;84m▀[0m[38;2;169;111;84m[48;2;170;112;84m▀[0m[38;2;169;111;84m[48;2;170;112;84m▀[0m[38;2;170;112;84m[48;2;169;111;84m▀[0m[38;2;170;112;84m[48;2;169;111;84m▀[0m[38;2;170;112;84m[48;2;169;111;84m▀[0m[38;2;170;112;84m[48;2;169;111;84m▀[0m[38;2;0;0;0m[48;2;170;112;84m▀[0m[38;2;0;0;0m▄  
 [38;2;0;0;0m[48;2;0;0;0m▀[0m[38;2;127;79;57m[48;2;127;79;57m▀[0m[38;2;127;77;57m[48;2;127;77;57m▀[0m[38;2;127;77;57m[48;2;127;77;57m▀[0m[38;2;74;56;57m[48;2;126;77;57m▀[0m[38;2;128;80;58m[48;2;74;60;66m▀[0m[38;2;66;65;66m[48;2;205;135;144m▀[0m[38;2;217;217;185m[48;2;255;255;255m▀[0m[38;2;111;40;49m[48;2;215;0;71m▀[0m[38;2;255;255;195m[48;2;255;255;195m▀[0m[38;2;255;255;195m[48;2;205;135;144m▀[0m[38;2;255;255;195m[48;2;255;255;195m▀[0m[38;2;253;229;169m[48;2;255;255;195m▀[0m[38;2;74;60;66m[48;2;255;255;195m▀[0m[38;2;66;65;66m[48;2;161;0;0m▀[0m[38;2;66;65;66m[48;2;255;255;240m▀[0m[38;2;127;77;57m[48;2;90;56;66m▀[0m[38;2;170;112;84m[48;2;90;56;66m▀[0m[38;2;169;111;84m[48;2;66;65;66m▀[0m[38;2;169;111;84m[48;2;66;65;66m▀[0m[38;2;127;77;57m[48;2;170;112;84m▀[0m[38;2;170;112;84m[48;2;170;112;84m▀[0m[38;2;169;111;84m[48;2;169;111;84m▀[0m[38;2;169;111;84m[48;2;169;111;84m▀[0m[38;2;169;111;84m[48;2;170;112;84m▀[0m[38;2;169;111;84m[48;2;170;112;84m▀[0m[38;2;170;112;84m[48;2;170;112;84m▀[0m[38;2;170;112;84m[48;2;127;77;57m▀[0m[38;2;0;0;0m[48;2;0;0;0m▀[0m 
  [38;2;0;0;0m▀[38;2;127;77;57m[48;2;0;0;0m▀[0m[38;2;127;77;57m[48;2;127;79;57m▀[0m[38;2;74;60;66m[48;2;107;36;49m▀[0m[38;2;253;229;169m[48;2;249;225;166m▀[0m[38;2;255;255;195m[48;2;66;65;66m▀[0m[38;2;205;135;144m[48;2;255;255;195m▀[0m[38;2;255;255;195m[48;2;255;255;195m▀[0m[38;2;255;255;195m[48;2;255;255;195m▀[0m[38;2;255;255;195m[48;2;255;255;195m▀[0m[38;2;255;255;195m[48;2;255;255;195m▀[0m[38;2;255;255;195m[48;2;255;255;195m▀[0m[38;2;255;255;195m[48;2;255;255;195m▀[0m[38;2;198;71;104m[48;2;255;255;195m▀[0m[38;2;255;255;240m[48;2;132;40;57m▀[0m[38;2;90;56;66m[48;2;255;255;195m▀[0m[38;2;255;255;195m[48;2;255;255;195m▀[0m[38;2;255;255;195m[48;2;255;255;195m▀[0m[38;2;66;65;66m[48;2;66;65;66m▀[0m[38;2;127;77;57m[48;2;127;79;57m▀[0m[38;2;170;112;84m[48;2;127;79;57m▀[0m[38;2;169;111;84m[48;2;127;77;57m▀[0m[38;2;169;111;84m[48;2;127;77;57m▀[0m[38;2;170;112;84m[48;2;127;77;57m▀[0m[38;2;127;77;57m[48;2;127;77;57m▀[0m[38;2;127;77;57m[48;2;127;79;57m▀[0m[38;2;127;77;57m[48;2;127;79;57m▀[0m[38;2;0;0;0m[48;2;0;0;0m▀[0m 
   [38;2;0;0;0m▄[38;2;0;0;0m[48;2;205;174;132m▀[0m[38;2;107;36;49m[48;2;129;56;71m▀[0m[38;2;156;103;115m[48;2;218;0;60m▀[0m[38;2;255;255;195m[48;2;215;0;71m▀[0m[38;2;66;65;66m[48;2;255;255;195m▀[0m[38;2;66;65;66m[48;2;255;255;195m▀[0m[38;2;66;65;66m[48;2;255;255;195m▀[0m[38;2;255;255;195m[48;2;66;65;66m▀[0m[38;2;255;255;195m[48;2;66;65;66m▀[0m[38;2;66;65;66m[48;2;255;255;195m▀[0m[38;2;66;65;66m[48;2;132;40;57m▀[0m[38;2;255;255;195m[48;2;66;65;66m▀[0m[38;2;255;255;195m[48;2;66;65;66m▀[0m[38;2;255;255;195m[48;2;66;36;41m▀[0m[38;2;66;65;66m[48;2;129;60;71m▀[0m[38;2;255;255;195m[48;2;255;255;195m▀[0m[38;2;255;255;195m[48;2;215;0;71m▀[0m[38;2;66;65;66m[48;2;218;0;60m▀[0m[38;2;127;79;57m[48;2;66;56;57m▀[0m[38;2;127;77;57m[48;2;127;79;57m▀[0m[38;2;127;77;57m[48;2;127;79;57m▀[0m[38;2;127;77;57m[48;2;127;79;57m▀[0m[38;2;127;77;57m[48;2;127;79;57m▀[0m[38;2;127;79;57m[48;2;0;0;0m▀[0m[38;2;0;0;0m▀  
  [38;2;0;0;0m▀[38;2;205;174;132m[48;2;0;0;0m▀[0m[38;2;205;174;132m[48;2;0;0;0m▀[0m[38;2;66;56;57m[48;2;255;255;195m▀[0m[38;2;218;0;60m[48;2;150;0;39m▀[0m[38;2;215;0;71m[48;2;160;0;12m▀[0m[38;2;215;0;71m[48;2;218;0;69m▀[0m[38;2;215;0;71m[48;2;218;0;69m▀[0m[38;2;215;0;71m[48;2;218;0;69m▀[0m[38;2;255;255;195m[48;2;218;0;69m▀[0m[38;2;255;255;195m[48;2;218;0;69m▀[0m[38;2;255;255;195m[48;2;218;0;69m▀[0m[38;2;132;40;57m[48;2;218;0;69m▀[0m[38;2;255;117;132m[48;2;129;39;52m▀[0m[38;2;192;99;110m[48;2;255;117;140m▀[0m[38;2;255;109;132m[48;2;132;40;57m▀[0m[38;2;129;60;71m[48;2;219;0;69m▀[0m[38;2;215;0;71m[48;2;218;0;69m▀[0m[38;2;215;0;71m[48;2;160;0;12m▀[0m[38;2;218;0;60m[48;2;111;40;49m▀[0m[38;2;129;56;71m[48;2;255;255;195m▀[0m[38;2;66;65;66m[48;2;255;255;195m▀[0m[38;2;66;65;66m[48;2;255;255;195m▀[0m[38;2;68;51;54m[48;2;0;0;0m▀[0m[38;2;0;8;8m▀    
    [38;2;0;0;0m[48;2;0;0;0m▀[0m[38;2;255;255;195m[48;2;225;203;148m▀[0m[38;2;255;255;195m[48;2;225;203;148m▀[0m[38;2;251;227;168m[48;2;255;255;195m▀[0m[38;2;160;0;12m[48;2;255;255;195m▀[0m[38;2;218;0;69m[48;2;160;0;12m▀[0m[38;2;218;0;69m[48;2;218;0;69m▀[0m[38;2;218;0;69m[48;2;219;0;69m▀[0m[38;2;218;0;69m[48;2;219;0;69m▀[0m[38;2;218;0;69m[48;2;218;0;69m▀[0m[38;2;218;0;69m[48;2;160;0;12m▀[0m[38;2;217;25;76m[48;2;150;0;39m▀[0m[38;2;147;0;29m[48;2;255;255;195m▀[0m[38;2;219;0;69m[48;2;150;0;39m▀[0m[38;2;219;0;69m[48;2;150;0;39m▀[0m[38;2;160;0;12m[48;2;255;255;195m▀[0m[38;2;251;227;168m[48;2;255;255;195m▀[0m[38;2;255;255;195m[48;2;255;255;195m▀[0m[38;2;111;40;49m[48;2;205;174;132m▀[0m[38;2;255;255;195m[48;2;77;62;66m▀[0m[38;2;255;255;195m[48;2;77;62;66m▀[0m[38;2;255;255;195m[48;2;0;0;0m▀[0m[38;2;0;0;0m▀    
     [38;2;0;0;0m▀[38;2;225;203;148m[48;2;0;0;0m▀[0m[38;2;205;174;132m[48;2;66;65;66m▀[0m[38;2;255;255;195m[48;2;207;176;134m▀[0m[38;2;251;227;168m[48;2;205;174;132m▀[0m[38;2;160;0;12m[48;2;205;174;132m▀[0m[38;2;150;0;39m[48;2;205;174;132m▀[0m[38;2;150;0;39m[48;2;205;174;132m▀[0m[38;2;160;0;12m[48;2;205;174;132m▀[0m[38;2;251;227;168m[48;2;205;174;132m▀[0m[38;2;255;255;195m[48;2;205;174;132m▀[0m[38;2;255;255;195m[48;2;205;174;132m▀[0m[38;2;255;255;195m[48;2;150;0;39m▀[0m[38;2;255;255;195m[48;2;150;0;39m▀[0m[38;2;255;255;195m[48;2;205;174;132m▀[0m[38;2;205;174;132m[48;2;205;174;132m▀[0m[38;2;205;174;132m[48;2;205;174;132m▀[0m[38;2;205;174;132m[48;2;205;174;132m▀[0m[38;2;205;174;132m[48;2;0;0;0m▀[0m[38;2;0;0;0m▀      
      [38;2;0;0;0m▀[38;2;126;77;57m[48;2;0;0;0m▀[0m[38;2;66;65;66m[48;2;127;79;57m▀[0m[38;2;66;65;66m[48;2;124;75;54m▀[0m[38;2;66;65;66m[48;2;72;36;22m▀[0m[38;2;66;65;66m[48;2;127;79;57m▀[0m[38;2;66;65;66m[48;2;127;79;57m▀[0m[38;2;66;65;66m[48;2;0;0;0m▀[0m[38;2;66;65;66m[48;2;0;0;0m▀[0m[38;2;66;65;66m[48;2;124;75;54m▀[0m[38;2;205;174;132m[48;2;72;36;21m▀[0m[38;2;205;174;132m[48;2;66;65;66m▀[0m[38;2;205;174;132m[48;2;66;65;66m▀[0m[38;2;205;174;132m[48;2;74;52;57m▀[0m[38;2;205;174;132m[48;2;74;52;57m▀[0m[38;2;77;62;66m[48;2;127;79;57m▀[0m[38;2;0;0;0m[48;2;0;0;0m▀[0m        
        [38;2;0;0;0m▀[38;2;8;0;0m▀[38;2;8;0;0m▀[38;2;0;0;0m▀[38;2;0;0;0m▀  [38;2;0;0;0m▀[38;2;72;36;21m[48;2;0;0;0m▀[0m[38;2;127;79;57m[48;2;0;0;0m▀[0m[38;2;127;79;57m[48;2;0;0;0m▀[0m[38;2;80;43;27m[48;2;0;0;0m▀[0m[38;2;123;74;54m[48;2;0;0;0m▀[0m[38;2;0;0;0m▀         
                                     [0m                                     