              [38;2;0;0;0m▄[38;2;0;0;0m▄[38;2;0;0;0m[48;2;247;238;139m▀[0m[38;2;0;0;0m▄        
          [38;2;0;0;0m▄[38;2;0;0;0m▄[38;2;0;0;0m[48;2;247;238;139m▀[0m[38;2;0;0;0m[48;2;247;238;139m▀[0m[38;2;212;183;29m[48;2;165;140;115m▀[0m[38;2;65;65;65m[48;2;247;238;139m▀[0m[38;2;247;238;139m[48;2;247;238;139m▀[0m[38;2;0;0;0m[48;2;247;238;139m▀[0m[38;2;0;0;0m[48;2;212;183;29m▀[0m[38;2;0;0;0m▄      
 [38;2;0;0;0m▄[38;2;0;0;0m[48;2;255;122;126m▀[0m[38;2;0;0;0m[48;2;205;80;83m▀[0m[38;2;0;0;0m[48;2;255;122;126m▀[0m[38;2;0;0;0m▄   [38;2;0;0;0m[48;2;0;0;0m▀[0m[38;2;65;65;65m[48;2;247;238;139m▀[0m[38;2;247;238;139m[48;2;247;238;139m▀[0m[38;2;247;238;139m[48;2;247;238;139m▀[0m[38;2;247;238;139m[48;2;247;238;139m▀[0m[38;2;247;238;139m[48;2;247;238;139m▀[0m[38;2;247;238;139m[48;2;247;238;139m▀[0m[38;2;247;238;139m[48;2;247;238;139m▀[0m[38;2;247;238;139m[48;2;247;238;139m▀[0m[38;2;247;238;139m[48;2;247;238;139m▀[0m[38;2;212;183;29m[48;2;247;238;139m▀[0m[38;2;0;0;0m[48;2;0;0;0m▀[0m     
  [38;2;0;0;0m[48;2;0;0;0m▀[0m[38;2;255;122;126m[48;2;255;122;126m▀[0m[38;2;205;80;83m[48;2;205;80;83m▀[0m[38;2;255;122;126m[48;2;212;183;29m▀[0m[38;2;0;0;0m[48;2;0;0;0m▀[0m [38;2;0;0;0m[48;2;0;0;0m▀[0m[38;2;184;152;37m[48;2;184;152;37m▀[0m[38;2;247;238;139m[48;2;65;65;65m▀[0m[38;2;247;238;139m[48;2;247;238;139m▀[0m[38;2;247;238;139m[48;2;247;238;139m▀[0m[38;2;247;238;139m[48;2;247;238;139m▀[0m[38;2;247;238;139m[48;2;65;65;65m▀[0m[38;2;247;238;139m[48;2;65;65;65m▀[0m[38;2;247;238;139m[48;2;65;65;65m▀[0m[38;2;247;238;139m[48;2;212;183;29m▀[0m[38;2;247;238;139m[48;2;212;183;29m▀[0m[38;2;212;183;29m[48;2;65;65;65m▀[0m[38;2;134;105;1m[48;2;184;152;37m▀[0m[38;2;0;0;0m[48;2;0;0;0m▀[0m    
   [38;2;0;0;0m▀[38;2;212;183;29m[48;2;0;0;0m▀[0m[38;2;212;183;29m[48;2;212;183;29m▀[0m[38;2;212;183;29m[48;2;212;183;29m▀[0m[38;2;0;0;0m[48;2;0;0;0m▀[0m[38;2;0;0;0m▀[38;2;0;0;0m[48;2;0;0;0m▀[0m[38;2;134;105;1m[48;2;134;105;1m▀[0m[38;2;65;65;65m[48;2;247;238;139m▀[0m[38;2;65;65;65m[48;2;247;238;139m▀[0m[38;2;65;65;65m[48;2;134;105;1m▀[0m[38;2;173;173;173m[48;2;255;255;255m▀[0m[38;2;255;255;255m[48;2;0;0;0m▀[0m[38;2;173;173;173m[48;2;255;255;255m▀[0m[38;2;65;65;65m[48;2;134;105;1m▀[0m[38;2;65;65;65m[48;2;65;65;65m▀[0m[38;2;184;152;37m[48;2;184;152;37m▀[0m[38;2;184;152;37m[48;2;184;152;37m▀[0m[38;2;184;152;37m[48;2;184;152;37m▀[0m[38;2;0;0;0m[48;2;0;0;0m▀[0m   
    [38;2;0;0;0m[48;2;0;0;0m▀[0m[38;2;65;65;65m[48;2;247;238;139m▀[0m[38;2;65;65;65m[48;2;165;140;115m▀[0m[38;2;0;0;0m[48;2;165;140;115m▀[0m[38;2;0;0;0m▄[38;2;65;65;65m[48;2;0;0;0m▀[0m[38;2;247;238;139m[48;2;247;238;139m▀[0m[38;2;247;238;139m[48;2;247;238;139m▀[0m[38;2;247;238;139m[48;2;247;238;139m▀[0m[38;2;184;152;37m[48;2;247;238;139m▀[0m[38;2;255;255;255m[48;2;184;152;37m▀[0m[38;2;255;255;255m[48;2;255;255;255m▀[0m[38;2;255;255;255m[48;2;184;152;37m▀[0m[38;2;184;152;37m[48;2;0;0;0m▀[0m[38;2;0;0;0m▀[38;2;134;105;1m[48;2;0;0;0m▀[0m[38;2;184;152;37m[48;2;0;0;0m▀[0m[38;2;184;152;37m[48;2;0;0;0m▀[0m[38;2;0;0;0m▀   
     [38;2;0;0;0m[48;2;0;0;0m▀[0m[38;2;212;183;29m[48;2;247;238;139m▀[0m[38;2;247;238;139m[48;2;65;65;65m▀[0m[38;2;184;152;37m[48;2;0;0;0m▀[0m[38;2;184;152;37m[48;2;184;152;37m▀[0m[38;2;65;65;65m[48;2;247;238;139m▀[0m[38;2;247;238;139m[48;2;65;65;65m▀[0m[38;2;212;183;29m[48;2;214;99;123m▀[0m[38;2;247;238;139m[48;2;214;99;123m▀[0m[38;2;247;238;139m[48;2;65;65;65m▀[0m[38;2;65;65;65m[48;2;184;152;37m▀[0m[38;2;65;65;65m[48;2;184;152;37m▀[0m[38;2;184;152;37m[48;2;134;105;1m▀[0m[38;2;0;0;0m[48;2;247;238;139m▀[0m[38;2;0;0;0m▄[38;2;0;0;0m▄ [38;2;0;0;0m▄[38;2;0;0;0m▄  
    [38;2;0;0;0m[48;2;0;0;0m▀[0m[38;2;212;183;29m[48;2;165;140;115m▀[0m[38;2;65;65;65m[48;2;212;183;29m▀[0m[38;2;0;0;0m[48;2;65;65;65m▀[0m[38;2;0;0;0m▄[38;2;0;0;0m[48;2;0;0;0m▀[0m[38;2;0;0;0m[48;2;165;140;115m▀[0m[38;2;65;65;65m[48;2;165;140;115m▀[0m[38;2;165;140;115m[48;2;0;0;0m▀[0m[38;2;0;0;0m▀[38;2;0;0;0m[48;2;0;0;0m▀[0m[38;2;134;105;1m[48;2;247;238;139m▀[0m[38;2;134;105;1m[48;2;247;238;139m▀[0m[38;2;247;238;139m[48;2;247;238;139m▀[0m[38;2;247;238;139m[48;2;65;65;65m▀[0m[38;2;247;238;139m[48;2;65;65;65m▀[0m[38;2;184;152;37m[48;2;184;152;37m▀[0m[38;2;0;0;0m[48;2;184;152;37m▀[0m[38;2;212;183;29m[48;2;247;238;139m▀[0m[38;2;247;238;139m[48;2;65;65;65m▀[0m[38;2;0;0;0m[48;2;0;0;0m▀[0m 
     [38;2;0;0;0m▀[38;2;165;140;115m[48;2;0;0;0m▀[0m[38;2;212;183;29m[48;2;0;0;0m▀[0m[38;2;212;183;29m[48;2;0;0;0m▀[0m[38;2;212;183;29m[48;2;0;0;0m▀[0m[38;2;0;0;0m▀[38;2;0;0;0m▀[38;2;0;0;0m▄[38;2;0;0;0m[48;2;165;140;115m▀[0m[38;2;0;0;0m[48;2;165;140;115m▀[0m[38;2;65;65;65m[48;2;134;105;1m▀[0m[38;2;247;238;139m[48;2;0;0;0m▀[0m[38;2;247;238;139m[48;2;0;0;0m▀[0m[38;2;247;238;139m[48;2;212;183;29m▀[0m[38;2;65;65;65m[48;2;212;183;29m▀[0m[38;2;65;65;65m[48;2;0;0;0m▀[0m[38;2;0;0;0m▀[38;2;0;0;0m▀[38;2;0;0;0m▀  
             [38;2;0;0;0m▀[38;2;0;0;0m▀[38;2;0;0;0m▀ [38;2;0;0;0m▄[38;2;0;0;0m[48;2;247;238;139m▀[0m[38;2;134;105;1m[48;2;165;140;115m▀[0m[38;2;134;105;1m[48;2;247;238;139m▀[0m[38;2;0;0;0m[48;2;0;0;0m▀[0m    
                        [38;2;0;0;0m▀[38;2;0;0;0m▀[38;2;0;0;0m▀            
                                     [0m                                     