    [38;2;0;0;0m[48;2;0;0;0m▀[0m[38;2;0;0;0m[48;2;255;255;152m▀[0m[38;2;0;0;0m[48;2;255;255;152m▀[0m[38;2;0;0;0m▄ [38;2;0;0;0m▄[38;2;0;0;0m▄[38;2;0;0;0m▄[38;2;0;0;0m▄   
     [38;2;0;0;0m[48;2;0;0;0m▀[0m[38;2;255;255;152m[48;2;65;65;65m▀[0m[38;2;255;255;152m[48;2;180;152;58m▀[0m[38;2;0;0;0m[48;2;234;221;103m▀[0m[38;2;234;221;103m[48;2;255;255;152m▀[0m[38;2;255;255;152m[48;2;255;255;152m▀[0m[38;2;255;255;152m[48;2;0;0;0m▀[0m[38;2;0;0;0m▀   
  [38;2;0;0;0m▄[38;2;0;0;0m[48;2;255;255;152m▀[0m[38;2;0;0;0m[48;2;255;255;152m▀[0m[38;2;255;255;152m[48;2;255;255;152m▀[0m[38;2;255;255;152m[48;2;255;255;152m▀[0m[38;2;255;255;152m[48;2;255;255;152m▀[0m[38;2;255;255;152m[48;2;255;255;152m▀[0m[38;2;180;152;58m[48;2;255;255;152m▀[0m[38;2;65;65;65m[48;2;255;255;152m▀[0m[38;2;0;0;0m[48;2;234;221;103m▀[0m[38;2;0;0;0m▄   
 [38;2;0;0;0m[48;2;0;0;0m▀[0m[38;2;255;255;152m[48;2;180;152;58m▀[0m[38;2;255;255;152m[48;2;255;255;152m▀[0m[38;2;255;255;152m[48;2;212;90;146m▀[0m[38;2;212;90;146m[48;2;242;140;190m▀[0m[38;2;255;255;152m[48;2;212;90;146m▀[0m[38;2;255;255;152m[48;2;255;255;152m▀[0m[38;2;234;221;103m[48;2;255;255;152m▀[0m[38;2;255;255;152m[48;2;180;152;58m▀[0m[38;2;255;255;152m[48;2;255;255;152m▀[0m[38;2;255;255;152m[48;2;255;255;152m▀[0m[38;2;234;221;103m[48;2;255;255;152m▀[0m[38;2;0;0;0m[48;2;234;221;103m▀[0m[38;2;0;0;0m▄ 
  [38;2;0;0;0m[48;2;0;0;0m▀[0m[38;2;212;90;146m[48;2;242;140;190m▀[0m[38;2;242;140;190m[48;2;242;140;190m▀[0m[38;2;242;140;190m[48;2;242;140;190m▀[0m[38;2;212;90;146m[48;2;242;140;190m▀[0m[38;2;255;255;152m[48;2;212;90;146m▀[0m[38;2;255;255;152m[48;2;212;90;146m▀[0m[38;2;255;255;152m[48;2;212;90;146m▀[0m[38;2;180;152;58m[48;2;180;152;58m▀[0m[38;2;255;255;152m[48;2;255;255;152m▀[0m[38;2;255;255;152m[48;2;255;255;152m▀[0m[38;2;234;221;103m[48;2;0;0;0m▀[0m[38;2;0;0;0m▀ 
 [38;2;0;0;0m[48;2;0;0;0m▀[0m[38;2;255;131;189m[48;2;240;75;142m▀[0m[38;2;240;75;142m[48;2;212;90;146m▀[0m[38;2;242;140;190m[48;2;240;75;142m▀[0m[38;2;242;140;190m[48;2;242;140;190m▀[0m[38;2;255;255;255m[48;2;58;132;115m▀[0m[38;2;0;0;0m[48;2;0;0;0m▀[0m[38;2;255;255;255m[48;2;255;255;255m▀[0m[38;2;212;90;146m[48;2;242;140;190m▀[0m[38;2;212;90;146m[48;2;212;90;146m▀[0m[38;2;180;152;58m[48;2;234;221;103m▀[0m[38;2;180;152;58m[48;2;234;221;103m▀[0m[38;2;234;221;103m[48;2;234;221;103m▀[0m[38;2;0;0;0m[48;2;0;0;0m▀[0m 
  [38;2;0;0;0m▀[38;2;240;75;142m[48;2;0;0;0m▀[0m[38;2;240;75;142m[48;2;65;65;65m▀[0m[38;2;242;140;190m[48;2;212;90;146m▀[0m[38;2;214;197;214m[48;2;212;90;146m▀[0m[38;2;214;197;214m[48;2;212;90;146m▀[0m[38;2;242;140;190m[48;2;212;90;146m▀[0m[38;2;212;90;146m[48;2;65;65;65m▀[0m[38;2;180;152;58m[48;2;234;221;103m▀[0m[38;2;255;255;152m[48;2;255;255;152m▀[0m[38;2;255;255;152m[48;2;255;255;152m▀[0m[38;2;255;255;152m[48;2;0;0;0m▀[0m[38;2;0;0;0m▀ 
   [38;2;0;0;0m▀[38;2;251;251;189m[48;2;0;0;0m▀[0m[38;2;65;65;65m[48;2;189;161;112m▀[0m[38;2;65;65;65m[48;2;251;251;189m▀[0m[38;2;65;65;65m[48;2;251;251;189m▀[0m[38;2;65;65;65m[48;2;189;161;112m▀[0m[38;2;251;251;189m[48;2;251;251;189m▀[0m[38;2;65;65;65m[48;2;251;251;189m▀[0m[38;2;65;65;65m[48;2;189;161;112m▀[0m[38;2;0;0;0m[48;2;212;90;146m▀[0m[38;2;0;0;0m▄  
    [38;2;0;0;0m[48;2;0;0;0m▀[0m[38;2;212;90;146m[48;2;251;251;189m▀[0m[38;2;212;90;146m[48;2;189;161;112m▀[0m[38;2;251;251;189m[48;2;212;90;146m▀[0m[38;2;251;251;189m[48;2;212;90;146m▀[0m[38;2;189;161;112m[48;2;212;90;146m▀[0m[38;2;189;161;112m[48;2;212;90;146m▀[0m[38;2;212;90;146m[48;2;212;90;146m▀[0m[38;2;212;90;146m[48;2;0;0;0m▀[0m[38;2;0;0;0m▀  
     [38;2;0;0;0m▀[38;2;0;0;0m▀[38;2;0;0;0m▀[38;2;65;65;65m[48;2;0;0;0m▀[0m[38;2;251;251;189m[48;2;0;0;0m▀[0m[38;2;189;161;112m[48;2;0;0;0m▀[0m[38;2;0;0;0m▀    
                                     [0m                                     