                [38;2;7;7;7m▄[38;2;7;7;7m▄[38;2;7;7;7m[48;2;96;99;96m▀[0m[38;2;7;7;7m[48;2;96;99;96m▀[0m[38;2;7;7;7m[48;2;96;99;96m▀[0m[38;2;7;7;7m▄[38;2;7;7;7m▄     
              [38;2;7;7;7m▄[38;2;7;7;7m[48;2;96;99;96m▀[0m[38;2;96;99;96m[48;2;96;99;96m▀[0m[38;2;96;99;96m[48;2;96;99;96m▀[0m[38;2;96;99;96m[48;2;96;99;96m▀[0m[38;2;96;99;96m[48;2;96;99;96m▀[0m[38;2;96;99;96m[48;2;96;99;96m▀[0m[38;2;96;99;96m[48;2;96;99;96m▀[0m[38;2;96;99;96m[48;2;96;99;96m▀[0m[38;2;7;7;7m[48;2;79;81;79m▀[0m[38;2;7;7;7m▄   
    [38;2;7;7;7m▄[38;2;7;7;7m[48;2;181;174;123m▀[0m[38;2;7;7;7m▄      [38;2;7;7;7m[48;2;7;7;7m▀[0m[38;2;96;99;96m[48;2;96;99;96m▀[0m[38;2;96;99;96m[48;2;96;99;96m▀[0m[38;2;96;99;96m[48;2;96;99;96m▀[0m[38;2;96;99;96m[48;2;96;99;96m▀[0m[38;2;96;99;96m[48;2;96;99;96m▀[0m[38;2;96;99;96m[48;2;7;7;7m▀[0m[38;2;96;99;96m[48;2;7;7;7m▀[0m[38;2;96;99;96m[48;2;79;81;79m▀[0m[38;2;79;81;79m[48;2;79;81;79m▀[0m[38;2;79;81;79m[48;2;79;81;79m▀[0m[38;2;79;81;79m[48;2;79;81;79m▀[0m[38;2;7;7;7m[48;2;7;7;7m▀[0m  
    [38;2;7;7;7m[48;2;7;7;7m▀[0m[38;2;181;174;123m[48;2;139;131;80m▀[0m[38;2;181;174;123m[48;2;139;131;80m▀[0m[38;2;7;7;7m[48;2;181;174;123m▀[0m[38;2;7;7;7m▄[38;2;7;7;7m▄[38;2;7;7;7m▄[38;2;7;7;7m▄[38;2;7;7;7m[48;2;66;66;66m▀[0m[38;2;96;99;96m[48;2;96;99;96m▀[0m[38;2;96;99;96m[48;2;96;99;96m▀[0m[38;2;96;99;96m[48;2;96;99;96m▀[0m[38;2;96;99;96m[48;2;7;7;7m▀[0m[38;2;7;7;7m▀[38;2;7;7;7m▀  [38;2;7;7;7m▀[38;2;79;81;79m[48;2;7;7;7m▀[0m[38;2;79;81;79m[48;2;66;66;66m▀[0m[38;2;79;81;79m[48;2;79;81;79m▀[0m[38;2;79;81;79m[48;2;79;81;79m▀[0m[38;2;7;7;7m[48;2;7;7;7m▀[0m 
   [38;2;7;7;7m[48;2;7;7;7m▀[0m[38;2;139;131;80m[48;2;181;174;123m▀[0m[38;2;181;174;123m[48;2;92;89;104m▀[0m[38;2;181;174;123m[48;2;216;209;155m▀[0m[38;2;216;209;155m[48;2;216;209;155m▀[0m[38;2;216;209;155m[48;2;216;209;155m▀[0m[38;2;216;209;155m[48;2;216;209;155m▀[0m[38;2;181;174;123m[48;2;216;209;155m▀[0m[38;2;181;174;123m[48;2;66;66;66m▀[0m[38;2;66;66;66m[48;2;181;174;123m▀[0m[38;2;66;66;66m[48;2;66;66;66m▀[0m[38;2;96;99;96m[48;2;7;7;7m▀[0m[38;2;7;7;7m▀      [38;2;7;7;7m[48;2;7;7;7m▀[0m[38;2;228;178;38m[48;2;228;178;38m▀[0m[38;2;66;66;66m[48;2;228;178;38m▀[0m[38;2;79;81;79m[48;2;66;66;66m▀[0m[38;2;7;7;7m[48;2;7;7;7m▀[0m 
  [38;2;7;7;7m[48;2;7;7;7m▀[0m[38;2;181;174;123m[48;2;181;174;123m▀[0m[38;2;92;89;104m[48;2;92;89;104m▀[0m[38;2;92;89;104m[48;2;65;91;209m▀[0m[38;2;92;89;104m[48;2;92;89;104m▀[0m[38;2;216;209;155m[48;2;181;174;123m▀[0m[38;2;216;209;155m[48;2;216;209;155m▀[0m[38;2;216;209;155m[48;2;216;209;155m▀[0m[38;2;216;209;155m[48;2;216;209;155m▀[0m[38;2;216;209;155m[48;2;216;209;155m▀[0m[38;2;216;209;155m[48;2;216;209;155m▀[0m[38;2;181;174;123m[48;2;66;66;66m▀[0m[38;2;66;66;66m[48;2;181;174;123m▀[0m[38;2;7;7;7m[48;2;7;7;7m▀[0m     [38;2;7;7;7m[48;2;7;7;7m▀[0m[38;2;228;178;38m[48;2;228;178;38m▀[0m[38;2;228;178;38m[48;2;228;178;38m▀[0m[38;2;228;178;38m[48;2;228;178;38m▀[0m[38;2;7;7;7m[48;2;7;7;7m▀[0m  
 [38;2;7;7;7m[48;2;7;7;7m▀[0m[38;2;181;174;123m[48;2;92;89;104m▀[0m[38;2;92;89;104m[48;2;92;89;104m▀[0m[38;2;65;91;209m[48;2;148;168;253m▀[0m[38;2;148;168;253m[48;2;148;168;253m▀[0m[38;2;65;91;209m[48;2;65;91;209m▀[0m[38;2;92;89;104m[48;2;92;89;104m▀[0m[38;2;216;209;155m[48;2;92;89;104m▀[0m[38;2;216;209;155m[48;2;181;174;123m▀[0m[38;2;216;209;155m[48;2;181;174;123m▀[0m[38;2;216;209;155m[48;2;181;174;123m▀[0m[38;2;181;174;123m[48;2;181;174;123m▀[0m[38;2;181;174;123m[48;2;181;174;123m▀[0m[38;2;181;174;123m[48;2;181;174;123m▀[0m[38;2;181;174;123m[48;2;181;174;123m▀[0m[38;2;7;7;7m[48;2;7;7;7m▀[0m   [38;2;7;7;7m▄[38;2;7;7;7m[48;2;228;178;38m▀[0m[38;2;228;178;38m[48;2;228;178;38m▀[0m[38;2;228;178;38m[48;2;228;178;38m▀[0m[38;2;228;178;38m[48;2;7;7;7m▀[0m[38;2;7;7;7m▀  
 [38;2;7;7;7m[48;2;7;7;7m▀[0m[38;2;66;66;66m[48;2;248;248;248m▀[0m[38;2;83;80;94m[48;2;66;66;66m▀[0m[38;2;148;168;253m[48;2;92;89;104m▀[0m[38;2;65;91;209m[48;2;92;89;104m▀[0m[38;2;92;89;104m[48;2;92;89;104m▀[0m[38;2;92;89;104m[48;2;66;66;66m▀[0m[38;2;92;89;104m[48;2;7;7;7m▀[0m[38;2;66;66;66m[48;2;89;168;36m▀[0m[38;2;66;66;66m[48;2;248;248;248m▀[0m[38;2;66;66;66m[48;2;66;66;66m▀[0m[38;2;66;66;66m[48;2;181;174;123m▀[0m[38;2;181;174;123m[48;2;181;174;123m▀[0m[38;2;181;174;123m[48;2;181;174;123m▀[0m[38;2;181;174;123m[48;2;7;7;7m▀[0m[38;2;7;7;7m▀  [38;2;7;7;7m▄[38;2;7;7;7m[48;2;255;240;106m▀[0m[38;2;228;178;38m[48;2;228;178;38m▀[0m[38;2;228;178;38m[48;2;228;178;38m▀[0m[38;2;228;178;38m[48;2;228;178;38m▀[0m[38;2;7;7;7m[48;2;7;7;7m▀[0m   
  [38;2;7;7;7m[48;2;7;7;7m▀[0m[38;2;92;89;104m[48;2;92;89;104m▀[0m[38;2;92;89;104m[48;2;66;66;66m▀[0m[38;2;92;89;104m[48;2;92;89;104m▀[0m[38;2;66;66;66m[48;2;92;89;104m▀[0m[38;2;89;168;36m[48;2;92;89;104m▀[0m[38;2;7;7;7m[48;2;92;89;104m▀[0m[38;2;248;248;248m[48;2;92;89;104m▀[0m[38;2;66;66;66m[48;2;83;80;94m▀[0m[38;2;181;174;123m[48;2;181;174;123m▀[0m[38;2;181;174;123m[48;2;181;174;123m▀[0m[38;2;181;174;123m[48;2;181;174;123m▀[0m[38;2;181;174;123m[48;2;7;7;7m▀[0m[38;2;7;7;7m▀   [38;2;7;7;7m[48;2;7;7;7m▀[0m[38;2;255;240;106m[48;2;255;240;106m▀[0m[38;2;255;240;106m[48;2;255;240;106m▀[0m[38;2;228;178;38m[48;2;255;240;106m▀[0m[38;2;7;7;7m[48;2;7;7;7m▀[0m    
   [38;2;7;7;7m▀[38;2;83;80;94m[48;2;7;7;7m▀[0m[38;2;92;89;104m[48;2;66;66;66m▀[0m[38;2;92;89;104m[48;2;83;80;94m▀[0m[38;2;92;89;104m[48;2;83;80;94m▀[0m[38;2;83;80;94m[48;2;83;80;94m▀[0m[38;2;83;80;94m[48;2;181;174;123m▀[0m[38;2;181;174;123m[48;2;66;66;66m▀[0m[38;2;181;174;123m[48;2;66;66;66m▀[0m[38;2;181;174;123m[48;2;7;7;7m▀[0m[38;2;7;7;7m▀     [38;2;7;7;7m[48;2;7;7;7m▀[0m[38;2;255;240;106m[48;2;255;240;106m▀[0m[38;2;255;240;106m[48;2;255;240;106m▀[0m[38;2;7;7;7m[48;2;7;7;7m▀[0m     
   [38;2;7;7;7m▀[38;2;139;131;80m[48;2;7;7;7m▀[0m[38;2;7;7;7m[48;2;139;131;80m▀[0m[38;2;66;66;66m[48;2;66;66;66m▀[0m[38;2;66;66;66m[48;2;148;168;253m▀[0m[38;2;66;66;66m[48;2;65;91;209m▀[0m[38;2;66;66;66m[48;2;181;174;123m▀[0m[38;2;181;174;123m[48;2;181;174;123m▀[0m[38;2;181;174;123m[48;2;79;81;79m▀[0m[38;2;181;174;123m[48;2;66;66;66m▀[0m[38;2;7;7;7m[48;2;181;174;123m▀[0m[38;2;7;7;7m▄     [38;2;7;7;7m[48;2;7;7;7m▀[0m[38;2;255;240;106m[48;2;255;240;106m▀[0m[38;2;7;7;7m[48;2;255;240;106m▀[0m[38;2;7;7;7m▄    
   [38;2;7;7;7m▄[38;2;7;7;7m[48;2;139;131;80m▀[0m[38;2;66;66;66m[48;2;66;66;66m▀[0m[38;2;65;91;209m[48;2;139;131;80m▀[0m[38;2;148;168;253m[48;2;65;91;209m▀[0m[38;2;65;91;209m[48;2;139;131;80m▀[0m[38;2;139;131;80m[48;2;139;131;80m▀[0m[38;2;139;131;80m[48;2;7;7;7m▀[0m[38;2;7;7;7m▀[38;2;181;174;123m[48;2;7;7;7m▀[0m[38;2;181;174;123m[48;2;181;174;123m▀[0m[38;2;7;7;7m[48;2;181;174;123m▀[0m[38;2;7;7;7m▄     [38;2;7;7;7m▀[38;2;255;240;106m[48;2;7;7;7m▀[0m[38;2;7;7;7m[48;2;7;7;7m▀[0m    
  [38;2;7;7;7m▄[38;2;7;7;7m[48;2;79;81;79m▀[0m[38;2;139;131;80m[48;2;139;131;80m▀[0m[38;2;139;131;80m[48;2;79;81;79m▀[0m[38;2;66;66;66m[48;2;66;66;66m▀[0m[38;2;181;174;123m[48;2;181;174;123m▀[0m[38;2;181;174;123m[48;2;181;174;123m▀[0m[38;2;139;131;80m[48;2;181;174;123m▀[0m[38;2;7;7;7m[48;2;181;174;123m▀[0m[38;2;7;7;7m▄[38;2;7;7;7m[48;2;66;66;66m▀[0m[38;2;181;174;123m[48;2;181;174;123m▀[0m[38;2;96;99;96m[48;2;181;174;123m▀[0m[38;2;7;7;7m[48;2;181;174;123m▀[0m[38;2;7;7;7m▄           
 [38;2;7;7;7m▄[38;2;7;7;7m[48;2;96;99;96m▀[0m[38;2;96;99;96m[48;2;228;178;38m▀[0m[38;2;79;81;79m[48;2;79;81;79m▀[0m[38;2;66;66;66m[48;2;66;66;66m▀[0m[38;2;139;131;80m[48;2;139;131;80m▀[0m[38;2;181;174;123m[48;2;139;131;80m▀[0m[38;2;181;174;123m[48;2;181;174;123m▀[0m[38;2;181;174;123m[48;2;181;174;123m▀[0m[38;2;181;174;123m[48;2;181;174;123m▀[0m[38;2;66;66;66m[48;2;181;174;123m▀[0m[38;2;66;66;66m[48;2;66;66;66m▀[0m[38;2;96;99;96m[48;2;96;99;96m▀[0m[38;2;181;174;123m[48;2;96;99;96m▀[0m[38;2;96;99;96m[48;2;96;99;96m▀[0m[38;2;7;7;7m[48;2;96;99;96m▀[0m[38;2;7;7;7m▄          
 [38;2;7;7;7m[48;2;7;7;7m▀[0m[38;2;96;99;96m[48;2;96;99;96m▀[0m[38;2;228;178;38m[48;2;228;178;38m▀[0m[38;2;66;66;66m[48;2;66;66;66m▀[0m[38;2;139;131;80m[48;2;139;131;80m▀[0m[38;2;139;131;80m[48;2;139;131;80m▀[0m[38;2;139;131;80m[48;2;66;66;66m▀[0m[38;2;139;131;80m[48;2;139;131;80m▀[0m[38;2;181;174;123m[48;2;139;131;80m▀[0m[38;2;181;174;123m[48;2;139;131;80m▀[0m[38;2;181;174;123m[48;2;181;174;123m▀[0m[38;2;139;131;80m[48;2;139;131;80m▀[0m[38;2;66;66;66m[48;2;66;66;66m▀[0m[38;2;96;99;96m[48;2;96;99;96m▀[0m[38;2;255;240;106m[48;2;255;240;106m▀[0m[38;2;96;99;96m[48;2;96;99;96m▀[0m[38;2;7;7;7m[48;2;7;7;7m▀[0m          
  [38;2;7;7;7m[48;2;7;7;7m▀[0m[38;2;96;99;96m[48;2;7;7;7m▀[0m[38;2;7;7;7m▀[38;2;66;66;66m[48;2;7;7;7m▀[0m[38;2;139;131;80m[48;2;139;131;80m▀[0m[38;2;139;131;80m[48;2;7;7;7m▀[0m[38;2;7;7;7m▀[38;2;7;7;7m▀[38;2;139;131;80m[48;2;7;7;7m▀[0m[38;2;139;131;80m[48;2;139;131;80m▀[0m[38;2;139;131;80m[48;2;139;131;80m▀[0m[38;2;66;66;66m[48;2;139;131;80m▀[0m[38;2;96;99;96m[48;2;66;66;66m▀[0m[38;2;255;240;106m[48;2;255;240;106m▀[0m[38;2;96;99;96m[48;2;7;7;7m▀[0m[38;2;7;7;7m▀          
   [38;2;7;7;7m▄[38;2;7;7;7m[48;2;66;66;66m▀[0m[38;2;139;131;80m[48;2;66;66;66m▀[0m[38;2;139;131;80m[48;2;66;66;66m▀[0m[38;2;7;7;7m[48;2;83;80;94m▀[0m[38;2;7;7;7m▄  [38;2;7;7;7m[48;2;7;7;7m▀[0m[38;2;139;131;80m[48;2;66;66;66m▀[0m[38;2;139;131;80m[48;2;139;131;80m▀[0m[38;2;66;66;66m[48;2;7;7;7m▀[0m[38;2;7;7;7m▀            
  [38;2;7;7;7m[48;2;7;7;7m▀[0m[38;2;92;89;104m[48;2;248;248;248m▀[0m[38;2;92;89;104m[48;2;92;89;104m▀[0m[38;2;83;80;94m[48;2;248;248;248m▀[0m[38;2;83;80;94m[48;2;83;80;94m▀[0m[38;2;83;80;94m[48;2;7;7;7m▀[0m[38;2;7;7;7m▀ [38;2;7;7;7m▄[38;2;7;7;7m[48;2;92;89;104m▀[0m[38;2;92;89;104m[48;2;92;89;104m▀[0m[38;2;66;66;66m[48;2;92;89;104m▀[0m[38;2;92;89;104m[48;2;92;89;104m▀[0m[38;2;7;7;7m[48;2;92;89;104m▀[0m[38;2;7;7;7m▄           
   [38;2;7;7;7m▀[38;2;7;7;7m▀[38;2;7;7;7m▀[38;2;7;7;7m▀   [38;2;7;7;7m▀[38;2;248;248;248m[48;2;7;7;7m▀[0m[38;2;92;89;104m[48;2;7;7;7m▀[0m[38;2;248;248;248m[48;2;7;7;7m▀[0m[38;2;92;89;104m[48;2;7;7;7m▀[0m[38;2;248;248;248m[48;2;7;7;7m▀[0m[38;2;7;7;7m▀           
                                     [0m                                     