    [38;2;0;0;0m▄[38;2;0;0;0m[48;2;255;126;211m▀[0m[38;2;0;0;0m▄    [38;2;0;0;0m▄[38;2;0;0;0m▄[38;2;0;0;0m[48;2;255;240;106m▀[0m[38;2;0;0;0m[48;2;255;240;106m▀[0m[38;2;0;0;0m[48;2;0;0;0m▀[0m   
   [38;2;0;0;0m▄[38;2;0;0;0m[48;2;255;126;211m▀[0m[38;2;175;99;177m[48;2;248;189;227m▀[0m[38;2;65;65;65m[48;2;248;189;227m▀[0m[38;2;0;0;0m[48;2;248;189;227m▀[0m[38;2;0;0;0m[48;2;255;126;211m▀[0m[38;2;0;0;0m▄[38;2;0;0;0m[48;2;228;178;38m▀[0m[38;2;228;178;38m[48;2;219;143;21m▀[0m[38;2;228;178;38m[48;2;228;178;38m▀[0m[38;2;255;240;106m[48;2;228;178;38m▀[0m[38;2;0;0;0m[48;2;0;0;0m▀[0m    
  [38;2;0;0;0m▄[38;2;0;0;0m[48;2;248;189;227m▀[0m[38;2;248;189;227m[48;2;156;198;255m▀[0m[38;2;156;198;255m[48;2;156;198;255m▀[0m[38;2;248;189;227m[48;2;248;189;227m▀[0m[38;2;248;189;227m[48;2;255;126;211m▀[0m[38;2;248;189;227m[48;2;255;126;211m▀[0m[38;2;255;126;211m[48;2;255;126;211m▀[0m[38;2;219;143;21m[48;2;255;126;211m▀[0m[38;2;228;178;38m[48;2;65;65;65m▀[0m[38;2;228;178;38m[48;2;0;0;0m▀[0m[38;2;0;0;0m▀     
  [38;2;0;0;0m[48;2;0;0;0m▀[0m[38;2;255;126;211m[48;2;255;126;211m▀[0m[38;2;156;198;255m[48;2;255;126;211m▀[0m[38;2;248;189;227m[48;2;255;126;211m▀[0m[38;2;255;126;211m[48;2;255;255;255m▀[0m[38;2;0;0;0m[48;2;228;178;38m▀[0m[38;2;255;255;255m[48;2;255;255;255m▀[0m[38;2;65;65;65m[48;2;181;181;189m▀[0m[38;2;255;126;211m[48;2;255;126;211m▀[0m[38;2;255;126;211m[48;2;255;126;211m▀[0m[38;2;0;0;0m[48;2;0;0;0m▀[0m      
   [38;2;0;0;0m▀[38;2;255;126;211m[48;2;0;0;0m▀[0m[38;2;255;126;211m[48;2;175;99;177m▀[0m[38;2;255;126;211m[48;2;255;126;211m▀[0m[38;2;255;126;211m[48;2;255;126;211m▀[0m[38;2;255;126;211m[48;2;255;126;211m▀[0m[38;2;255;126;211m[48;2;175;99;177m▀[0m[38;2;255;126;211m[48;2;0;0;0m▀[0m[38;2;0;0;0m▀ [38;2;0;0;0m▄[38;2;0;0;0m▄[38;2;0;0;0m▄   
  [38;2;0;0;0m▄[38;2;0;0;0m[48;2;175;99;177m▀[0m[38;2;0;0;0m[48;2;175;99;177m▀[0m[38;2;65;65;65m[48;2;65;65;65m▀[0m[38;2;175;99;177m[48;2;156;198;255m▀[0m[38;2;175;99;177m[48;2;255;126;211m▀[0m[38;2;175;99;177m[48;2;65;65;65m▀[0m[38;2;255;126;211m[48;2;255;126;211m▀[0m[38;2;0;0;0m[48;2;255;126;211m▀[0m[38;2;0;0;0m▄[38;2;0;0;0m[48;2;219;143;21m▀[0m[38;2;219;143;21m[48;2;65;65;65m▀[0m[38;2;219;143;21m[48;2;65;65;65m▀[0m[38;2;0;0;0m[48;2;228;178;38m▀[0m[38;2;0;0;0m[48;2;228;178;38m▀[0m[38;2;0;0;0m[48;2;0;0;0m▀[0m 
 [38;2;0;0;0m▄[38;2;0;0;0m[48;2;181;181;189m▀[0m[38;2;181;181;189m[48;2;65;65;65m▀[0m[38;2;65;65;65m[48;2;0;0;0m▀[0m[38;2;255;126;211m[48;2;255;126;211m▀[0m[38;2;111;169;242m[48;2;255;126;211m▀[0m[38;2;255;126;211m[48;2;255;126;211m▀[0m[38;2;255;126;211m[48;2;255;126;211m▀[0m[38;2;65;65;65m[48;2;65;65;65m▀[0m[38;2;255;126;211m[48;2;255;126;211m▀[0m[38;2;255;126;211m[48;2;255;255;255m▀[0m[38;2;65;65;65m[48;2;65;65;65m▀[0m[38;2;219;143;21m[48;2;228;178;38m▀[0m[38;2;228;178;38m[48;2;140;66;58m▀[0m[38;2;228;178;38m[48;2;65;65;65m▀[0m[38;2;0;0;0m[48;2;65;65;65m▀[0m[38;2;0;0;0m▄ 
 [38;2;0;0;0m[48;2;0;0;0m▀[0m[38;2;181;181;189m[48;2;0;0;0m▀[0m[38;2;0;0;0m▀[38;2;0;0;0m▄[38;2;0;0;0m[48;2;65;65;65m▀[0m[38;2;175;99;177m[48;2;175;99;177m▀[0m[38;2;255;126;211m[48;2;65;65;65m▀[0m[38;2;255;126;211m[48;2;175;99;177m▀[0m[38;2;65;65;65m[48;2;255;126;211m▀[0m[38;2;255;255;255m[48;2;65;65;65m▀[0m[38;2;255;255;255m[48;2;255;255;255m▀[0m[38;2;255;255;255m[48;2;181;181;189m▀[0m[38;2;65;65;65m[48;2;255;255;255m▀[0m[38;2;65;65;65m[48;2;219;143;21m▀[0m[38;2;228;178;38m[48;2;0;0;0m▀[0m[38;2;228;178;38m[48;2;0;0;0m▀[0m[38;2;0;0;0m▀ 
   [38;2;0;0;0m▀[38;2;181;181;189m[48;2;0;0;0m▀[0m[38;2;175;99;177m[48;2;0;0;0m▀[0m[38;2;175;99;177m[48;2;0;0;0m▀[0m[38;2;0;0;0m▀[38;2;65;65;65m[48;2;0;0;0m▀[0m[38;2;255;126;211m[48;2;255;126;211m▀[0m[38;2;65;65;65m[48;2;65;65;65m▀[0m[38;2;255;255;255m[48;2;255;255;255m▀[0m[38;2;181;181;189m[48;2;65;65;65m▀[0m[38;2;255;255;255m[48;2;0;0;0m▀[0m[38;2;0;0;0m▀    
       [38;2;0;0;0m[48;2;0;0;0m▀[0m[38;2;255;255;255m[48;2;0;0;0m▀[0m[38;2;255;126;211m[48;2;0;0;0m▀[0m[38;2;255;126;211m[48;2;255;255;255m▀[0m[38;2;0;0;0m[48;2;0;0;0m▀[0m[38;2;0;0;0m▀      
                         [38;2;0;0;0m▀[38;2;0;0;0m▀                         
                                     [0m                                     