       [38;2;0;0;0m▄[38;2;0;0;0m[48;2;140;233;255m▀[0m[38;2;0;0;0m[48;2;140;233;255m▀[0m[38;2;0;0;0m▄      
     [38;2;0;0;0m▄[38;2;0;0;0m[48;2;255;239;28m▀[0m[38;2;255;239;28m[48;2;255;239;28m▀[0m[38;2;140;233;255m[48;2;255;239;28m▀[0m[38;2;140;233;255m[48;2;140;233;255m▀[0m[38;2;0;0;0m[48;2;140;233;255m▀[0m[38;2;0;0;0m▄     
    [38;2;0;0;0m▄[38;2;0;0;0m[48;2;255;239;28m▀[0m[38;2;255;239;28m[48;2;65;65;65m▀[0m[38;2;65;65;65m[48;2;65;65;65m▀[0m[38;2;255;239;28m[48;2;65;65;65m▀[0m[38;2;140;233;255m[48;2;255;239;28m▀[0m[38;2;140;233;255m[48;2;140;233;255m▀[0m[38;2;0;0;0m[48;2;140;233;255m▀[0m[38;2;0;0;0m▄    
   [38;2;0;0;0m▄[38;2;0;0;0m[48;2;255;239;28m▀[0m[38;2;255;239;28m[48;2;65;65;65m▀[0m[38;2;65;65;65m[48;2;65;65;65m▀[0m[38;2;65;65;65m[48;2;65;65;65m▀[0m[38;2;65;65;65m[48;2;65;65;65m▀[0m[38;2;255;239;28m[48;2;65;65;65m▀[0m[38;2;140;233;255m[48;2;255;239;28m▀[0m[38;2;140;233;255m[48;2;140;233;255m▀[0m[38;2;0;0;0m[48;2;140;233;255m▀[0m[38;2;0;0;0m▄   
  [38;2;0;0;0m[48;2;0;0;0m▀[0m[38;2;255;239;28m[48;2;255;239;28m▀[0m[38;2;65;65;65m[48;2;65;65;65m▀[0m[38;2;228;105;0m[48;2;65;65;65m▀[0m[38;2;65;65;65m[48;2;65;65;65m▀[0m[38;2;65;65;65m[48;2;65;65;65m▀[0m[38;2;65;65;65m[48;2;65;65;65m▀[0m[38;2;65;65;65m[48;2;228;105;0m▀[0m[38;2;255;239;28m[48;2;65;65;65m▀[0m[38;2;140;233;255m[48;2;255;239;28m▀[0m[38;2;140;233;255m[48;2;140;233;255m▀[0m[38;2;0;0;0m[48;2;140;233;255m▀[0m[38;2;0;0;0m▄  
 [38;2;0;0;0m[48;2;0;0;0m▀[0m[38;2;91;200;226m[48;2;91;200;226m▀[0m[38;2;255;239;28m[48;2;255;239;28m▀[0m[38;2;65;65;65m[48;2;65;65;65m▀[0m[38;2;255;255;255m[48;2;65;65;65m▀[0m[38;2;189;189;181m[48;2;65;65;65m▀[0m[38;2;255;255;255m[48;2;255;255;255m▀[0m[38;2;65;65;65m[48;2;189;189;181m▀[0m[38;2;65;65;65m[48;2;255;255;255m▀[0m[38;2;65;65;65m[48;2;65;65;65m▀[0m[38;2;255;239;28m[48;2;255;239;28m▀[0m[38;2;140;233;255m[48;2;140;233;255m▀[0m[38;2;140;233;255m[48;2;140;233;255m▀[0m[38;2;0;0;0m[48;2;140;233;255m▀[0m[38;2;0;0;0m▄ 
 [38;2;0;0;0m▀[38;2;91;200;226m[48;2;0;0;0m▀[0m[38;2;91;200;226m[48;2;91;200;226m▀[0m[38;2;65;65;65m[48;2;65;65;65m▀[0m[38;2;123;123;123m[48;2;65;65;65m▀[0m[38;2;65;65;65m[48;2;65;65;65m▀[0m[38;2;65;65;65m[48;2;123;123;123m▀[0m[38;2;65;65;65m[48;2;65;65;65m▀[0m[38;2;65;65;65m[48;2;140;233;255m▀[0m[38;2;255;239;28m[48;2;140;233;255m▀[0m[38;2;140;233;255m[48;2;140;233;255m▀[0m[38;2;140;233;255m[48;2;140;233;255m▀[0m[38;2;45;154;180m[48;2;45;154;180m▀[0m[38;2;140;233;255m[48;2;140;233;255m▀[0m[38;2;0;0;0m[48;2;0;0;0m▀[0m 
   [38;2;0;0;0m▀[38;2;91;200;226m[48;2;0;0;0m▀[0m[38;2;255;239;28m[48;2;65;65;65m▀[0m[38;2;65;65;65m[48;2;65;65;65m▀[0m[38;2;65;65;65m[48;2;255;239;28m▀[0m[38;2;65;65;65m[48;2;140;233;255m▀[0m[38;2;140;233;255m[48;2;140;233;255m▀[0m[38;2;45;154;180m[48;2;45;154;180m▀[0m[38;2;140;233;255m[48;2;140;233;255m▀[0m[38;2;140;233;255m[48;2;0;0;0m▀[0m[38;2;45;154;180m[48;2;0;0;0m▀[0m[38;2;0;0;0m▀  
    [38;2;0;0;0m▀[38;2;123;123;123m[48;2;0;0;0m▀[0m[38;2;123;123;123m[48;2;0;0;0m▀[0m[38;2;0;0;0m▀[38;2;0;0;0m▀[38;2;0;0;0m[48;2;0;0;0m▀[0m[38;2;65;65;65m[48;2;123;123;123m▀[0m[38;2;65;65;65m[48;2;123;123;123m▀[0m[38;2;0;0;0m[48;2;0;0;0m▀[0m    
                           [38;2;0;0;0m▀[38;2;0;0;0m▀                       
                                     [0m                                     