                   [38;2;0;0;0m▄[38;2;0;0;0m[48;2;46;51;126m▀[0m[38;2;0;0;0m[48;2;46;51;126m▀[0m[38;2;0;0;0m▄      [38;2;0;0;0m▄[38;2;0;0;0m▄         
                  [38;2;0;0;0m[48;2;0;0;0m▀[0m[38;2;46;51;126m[48;2;46;51;126m▀[0m[38;2;46;51;126m[48;2;46;51;126m▀[0m[38;2;46;51;126m[48;2;58;86;155m▀[0m[38;2;46;51;126m[48;2;58;86;155m▀[0m[38;2;0;0;0m[48;2;58;86;155m▀[0m[38;2;0;0;0m[48;2;58;86;155m▀[0m[38;2;0;0;0m[48;2;58;86;155m▀[0m[38;2;0;0;0m[48;2;58;86;155m▀[0m[38;2;0;0;0m▄[38;2;0;0;0m[48;2;58;86;155m▀[0m[38;2;46;51;126m[48;2;58;86;155m▀[0m[38;2;58;86;155m[48;2;58;86;155m▀[0m[38;2;0;0;0m[48;2;0;0;0m▀[0m        
                 [38;2;0;0;0m[48;2;0;0;0m▀[0m[38;2;46;51;126m[48;2;46;51;126m▀[0m[38;2;58;86;155m[48;2;58;86;155m▀[0m[38;2;58;86;155m[48;2;58;86;155m▀[0m[38;2;58;86;155m[48;2;58;86;155m▀[0m[38;2;58;86;155m[48;2;58;86;155m▀[0m[38;2;58;86;155m[48;2;58;86;155m▀[0m[38;2;58;86;155m[48;2;58;86;155m▀[0m[38;2;58;86;155m[48;2;58;86;155m▀[0m[38;2;46;51;126m[48;2;58;86;155m▀[0m[38;2;46;51;126m[48;2;58;86;155m▀[0m[38;2;58;86;155m[48;2;58;86;155m▀[0m[38;2;58;86;155m[48;2;58;86;155m▀[0m[38;2;58;86;155m[48;2;58;86;155m▀[0m[38;2;58;86;155m[48;2;58;86;155m▀[0m[38;2;0;0;0m[48;2;0;0;0m▀[0m       
                [38;2;0;0;0m[48;2;0;0;0m▀[0m[38;2;46;51;126m[48;2;251;232;179m▀[0m[38;2;251;232;179m[48;2;251;232;179m▀[0m[38;2;46;51;126m[48;2;46;51;126m▀[0m[38;2;58;86;155m[48;2;58;86;155m▀[0m[38;2;58;86;155m[48;2;58;86;155m▀[0m[38;2;58;86;155m[48;2;46;51;126m▀[0m[38;2;58;86;155m[48;2;46;51;126m▀[0m[38;2;46;51;126m[48;2;251;232;179m▀[0m[38;2;46;51;126m[48;2;251;232;179m▀[0m[38;2;46;51;126m[48;2;251;232;179m▀[0m[38;2;58;86;155m[48;2;46;51;126m▀[0m[38;2;58;86;155m[48;2;46;51;126m▀[0m[38;2;58;86;155m[48;2;58;86;155m▀[0m[38;2;58;86;155m[48;2;58;86;155m▀[0m[38;2;58;86;155m[48;2;58;86;155m▀[0m[38;2;58;86;155m[48;2;58;86;155m▀[0m[38;2;0;0;0m[48;2;0;0;0m▀[0m      
               [38;2;0;0;0m[48;2;0;0;0m▀[0m[38;2;251;232;179m[48;2;65;65;65m▀[0m[38;2;251;232;179m[48;2;251;232;179m▀[0m[38;2;251;232;179m[48;2;251;232;179m▀[0m[38;2;251;232;179m[48;2;251;232;179m▀[0m[38;2;46;51;126m[48;2;251;232;179m▀[0m[38;2;46;51;126m[48;2;251;232;179m▀[0m[38;2;251;232;179m[48;2;251;232;179m▀[0m[38;2;251;232;179m[48;2;251;232;179m▀[0m[38;2;251;232;179m[48;2;251;232;179m▀[0m[38;2;251;232;179m[48;2;251;232;179m▀[0m[38;2;251;232;179m[48;2;251;232;179m▀[0m[38;2;251;232;179m[48;2;251;232;179m▀[0m[38;2;251;232;179m[48;2;251;232;179m▀[0m[38;2;46;51;126m[48;2;251;232;179m▀[0m[38;2;58;86;155m[48;2;46;51;126m▀[0m[38;2;58;86;155m[48;2;58;86;155m▀[0m[38;2;58;86;155m[48;2;58;86;155m▀[0m[38;2;58;86;155m[48;2;58;86;155m▀[0m[38;2;0;0;0m[48;2;0;0;0m▀[0m     
               [38;2;0;0;0m[48;2;0;0;0m▀[0m[38;2;251;232;179m[48;2;251;232;179m▀[0m[38;2;0;0;0m[48;2;251;232;179m▀[0m[38;2;251;232;179m[48;2;251;232;179m▀[0m[38;2;251;232;179m[48;2;251;232;179m▀[0m[38;2;251;232;179m[48;2;251;232;179m▀[0m[38;2;251;232;179m[48;2;251;232;179m▀[0m[38;2;251;232;179m[48;2;65;65;65m▀[0m[38;2;251;232;179m[48;2;0;0;0m▀[0m[38;2;0;0;0m[48;2;251;232;179m▀[0m[38;2;0;0;0m[48;2;251;232;179m▀[0m[38;2;65;65;65m[48;2;251;232;179m▀[0m[38;2;251;232;179m[48;2;251;232;179m▀[0m[38;2;251;232;179m[48;2;251;232;179m▀[0m[38;2;251;232;179m[48;2;251;232;179m▀[0m[38;2;251;232;179m[48;2;251;232;179m▀[0m[38;2;46;51;126m[48;2;46;51;126m▀[0m[38;2;58;86;155m[48;2;46;51;126m▀[0m[38;2;46;51;126m[48;2;46;51;126m▀[0m[38;2;0;0;0m[48;2;0;0;0m▀[0m     
                [38;2;0;0;0m[48;2;0;0;0m▀[0m[38;2;251;232;179m[48;2;65;65;65m▀[0m[38;2;251;232;179m[48;2;251;232;179m▀[0m[38;2;251;232;179m[48;2;251;232;179m▀[0m[38;2;251;232;179m[48;2;251;232;179m▀[0m[38;2;251;232;179m[48;2;251;232;179m▀[0m[38;2;251;232;179m[48;2;215;188;139m▀[0m[38;2;215;188;139m[48;2;255;255;255m▀[0m[38;2;251;232;179m[48;2;65;65;65m▀[0m[38;2;251;232;179m[48;2;251;232;179m▀[0m[38;2;251;232;179m[48;2;251;232;179m▀[0m[38;2;251;232;179m[48;2;251;232;179m▀[0m[38;2;251;232;179m[48;2;251;232;179m▀[0m[38;2;251;232;179m[48;2;215;188;139m▀[0m[38;2;215;188;139m[48;2;215;188;139m▀[0m[38;2;46;51;126m[48;2;46;51;126m▀[0m[38;2;46;51;126m[48;2;46;51;126m▀[0m[38;2;46;51;126m[48;2;0;0;0m▀[0m[38;2;0;0;0m▀     
            [38;2;0;0;0m▄[38;2;0;0;0m▄[38;2;0;0;0m[48;2;65;65;65m▀[0m[38;2;0;0;0m[48;2;46;51;126m▀[0m[38;2;46;51;126m[48;2;251;232;179m▀[0m[38;2;251;232;179m[48;2;251;232;179m▀[0m[38;2;251;232;179m[48;2;251;232;179m▀[0m[38;2;177;150;105m[48;2;251;232;179m▀[0m[38;2;65;65;65m[48;2;251;232;179m▀[0m[38;2;65;65;65m[48;2;251;232;179m▀[0m[38;2;65;65;65m[48;2;251;232;179m▀[0m[38;2;65;65;65m[48;2;251;232;179m▀[0m[38;2;251;232;179m[48;2;251;232;179m▀[0m[38;2;251;232;179m[48;2;215;188;139m▀[0m[38;2;251;232;179m[48;2;215;188;139m▀[0m[38;2;215;188;139m[48;2;215;188;139m▀[0m[38;2;215;188;139m[48;2;215;188;139m▀[0m[38;2;215;188;139m[48;2;46;51;126m▀[0m[38;2;46;51;126m[48;2;46;51;126m▀[0m[38;2;46;51;126m[48;2;58;86;155m▀[0m[38;2;46;51;126m[48;2;0;0;0m▀[0m[38;2;0;0;0m▀      
          [38;2;0;0;0m▄[38;2;0;0;0m[48;2;58;86;155m▀[0m[38;2;58;86;155m[48;2;58;86;155m▀[0m[38;2;58;86;155m[48;2;58;86;155m▀[0m[38;2;58;86;155m[48;2;58;86;155m▀[0m[38;2;65;65;65m[48;2;58;86;155m▀[0m[38;2;255;241;202m[48;2;65;65;65m▀[0m[38;2;255;241;202m[48;2;255;241;202m▀[0m[38;2;255;241;202m[48;2;255;241;202m▀[0m[38;2;251;232;179m[48;2;255;241;202m▀[0m[38;2;251;232;179m[48;2;251;232;179m▀[0m[38;2;251;232;179m[48;2;251;232;179m▀[0m[38;2;251;232;179m[48;2;251;232;179m▀[0m[38;2;251;232;179m[48;2;251;232;179m▀[0m[38;2;251;232;179m[48;2;251;232;179m▀[0m[38;2;251;232;179m[48;2;251;232;179m▀[0m[38;2;251;232;179m[48;2;251;232;179m▀[0m[38;2;251;232;179m[48;2;251;232;179m▀[0m[38;2;251;232;179m[48;2;65;65;65m▀[0m[38;2;46;51;126m[48;2;58;86;155m▀[0m[38;2;58;86;155m[48;2;58;86;155m▀[0m[38;2;58;86;155m[48;2;58;86;155m▀[0m[38;2;58;86;155m[48;2;58;86;155m▀[0m[38;2;0;0;0m[48;2;58;86;155m▀[0m[38;2;0;0;0m▄     
          [38;2;0;0;0m[48;2;0;0;0m▀[0m[38;2;58;86;155m[48;2;46;51;126m▀[0m[38;2;58;86;155m[48;2;46;51;126m▀[0m[38;2;58;86;155m[48;2;58;86;155m▀[0m[38;2;58;86;155m[48;2;46;51;126m▀[0m[38;2;46;51;126m[48;2;255;255;255m▀[0m[38;2;65;65;65m[48;2;65;65;65m▀[0m[38;2;255;241;202m[48;2;255;241;202m▀[0m[38;2;255;241;202m[48;2;255;241;202m▀[0m[38;2;255;241;202m[48;2;255;241;202m▀[0m[38;2;255;241;202m[48;2;255;241;202m▀[0m[38;2;255;241;202m[48;2;255;241;202m▀[0m[38;2;251;232;179m[48;2;255;241;202m▀[0m[38;2;251;232;179m[48;2;251;232;179m▀[0m[38;2;251;232;179m[48;2;65;65;65m▀[0m[38;2;251;232;179m[48;2;65;65;65m▀[0m[38;2;65;65;65m[48;2;58;86;155m▀[0m[38;2;65;65;65m[48;2;58;86;155m▀[0m[38;2;58;86;155m[48;2;58;86;155m▀[0m[38;2;58;86;155m[48;2;58;86;155m▀[0m[38;2;58;86;155m[48;2;58;86;155m▀[0m[38;2;58;86;155m[48;2;58;86;155m▀[0m[38;2;58;86;155m[48;2;58;86;155m▀[0m[38;2;58;86;155m[48;2;58;86;155m▀[0m[38;2;58;86;155m[48;2;58;86;155m▀[0m[38;2;0;0;0m[48;2;0;0;0m▀[0m    
          [38;2;0;0;0m▄[38;2;0;0;0m[48;2;251;232;179m▀[0m[38;2;255;255;255m[48;2;65;65;65m▀[0m[38;2;46;51;126m[48;2;65;65;65m▀[0m[38;2;255;255;255m[48;2;65;65;65m▀[0m[38;2;65;65;65m[48;2;255;241;202m▀[0m[38;2;255;241;202m[48;2;255;241;202m▀[0m[38;2;255;241;202m[48;2;255;241;202m▀[0m[38;2;255;241;202m[48;2;255;241;202m▀[0m[38;2;255;241;202m[48;2;255;241;202m▀[0m[38;2;255;241;202m[48;2;255;241;202m▀[0m[38;2;255;241;202m[48;2;255;241;202m▀[0m[38;2;255;241;202m[48;2;65;65;65m▀[0m[38;2;65;65;65m[48;2;255;255;255m▀[0m[38;2;58;86;155m[48;2;46;51;126m▀[0m[38;2;58;86;155m[48;2;58;86;155m▀[0m[38;2;58;86;155m[48;2;58;86;155m▀[0m[38;2;58;86;155m[48;2;58;86;155m▀[0m[38;2;58;86;155m[48;2;58;86;155m▀[0m[38;2;58;86;155m[48;2;58;86;155m▀[0m[38;2;58;86;155m[48;2;58;86;155m▀[0m[38;2;58;86;155m[48;2;58;86;155m▀[0m[38;2;58;86;155m[48;2;58;86;155m▀[0m[38;2;58;86;155m[48;2;58;86;155m▀[0m[38;2;58;86;155m[48;2;58;86;155m▀[0m[38;2;58;86;155m[48;2;58;86;155m▀[0m[38;2;0;0;0m[48;2;0;0;0m▀[0m   
         [38;2;0;0;0m▄[38;2;0;0;0m[48;2;251;232;179m▀[0m[38;2;251;232;179m[48;2;251;232;179m▀[0m[38;2;251;232;179m[48;2;251;232;179m▀[0m[38;2;251;232;179m[48;2;251;232;179m▀[0m[38;2;255;241;202m[48;2;251;232;179m▀[0m[38;2;255;241;202m[48;2;251;232;179m▀[0m[38;2;255;241;202m[48;2;255;241;202m▀[0m[38;2;255;241;202m[48;2;255;241;202m▀[0m[38;2;255;241;202m[48;2;255;241;202m▀[0m[38;2;255;241;202m[48;2;255;241;202m▀[0m[38;2;255;241;202m[48;2;255;241;202m▀[0m[38;2;255;241;202m[48;2;251;232;179m▀[0m[38;2;251;232;179m[48;2;251;232;179m▀[0m[38;2;65;65;65m[48;2;65;65;65m▀[0m[38;2;46;51;126m[48;2;255;255;255m▀[0m[38;2;58;86;155m[48;2;46;51;126m▀[0m[38;2;58;86;155m[48;2;58;86;155m▀[0m[38;2;58;86;155m[48;2;58;86;155m▀[0m[38;2;58;86;155m[48;2;58;86;155m▀[0m[38;2;58;86;155m[48;2;58;86;155m▀[0m[38;2;58;86;155m[48;2;58;86;155m▀[0m[38;2;58;86;155m[48;2;65;65;65m▀[0m[38;2;58;86;155m[48;2;58;86;155m▀[0m[38;2;58;86;155m[48;2;58;86;155m▀[0m[38;2;58;86;155m[48;2;58;86;155m▀[0m[38;2;58;86;155m[48;2;58;86;155m▀[0m[38;2;58;86;155m[48;2;58;86;155m▀[0m[38;2;0;0;0m[48;2;0;0;0m▀[0m  
    [38;2;0;0;0m▄[38;2;0;0;0m▄  [38;2;0;0;0m▄[38;2;0;0;0m[48;2;58;86;155m▀[0m[38;2;251;232;179m[48;2;251;232;179m▀[0m[38;2;251;232;179m[48;2;251;232;179m▀[0m[38;2;251;232;179m[48;2;251;232;179m▀[0m[38;2;251;232;179m[48;2;251;232;179m▀[0m[38;2;251;232;179m[48;2;251;232;179m▀[0m[38;2;251;232;179m[48;2;251;232;179m▀[0m[38;2;251;232;179m[48;2;251;232;179m▀[0m[38;2;251;232;179m[48;2;251;232;179m▀[0m[38;2;251;232;179m[48;2;251;232;179m▀[0m[38;2;251;232;179m[48;2;251;232;179m▀[0m[38;2;251;232;179m[48;2;251;232;179m▀[0m[38;2;251;232;179m[48;2;251;232;179m▀[0m[38;2;251;232;179m[48;2;251;232;179m▀[0m[38;2;251;232;179m[48;2;251;232;179m▀[0m[38;2;65;65;65m[48;2;251;232;179m▀[0m[38;2;255;255;255m[48;2;65;65;65m▀[0m[38;2;46;51;126m[48;2;65;65;65m▀[0m[38;2;58;86;155m[48;2;65;65;65m▀[0m[38;2;58;86;155m[48;2;65;65;65m▀[0m[38;2;65;65;65m[48;2;251;232;179m▀[0m[38;2;65;65;65m[48;2;251;232;179m▀[0m[38;2;58;86;155m[48;2;58;86;155m▀[0m[38;2;58;86;155m[48;2;58;86;155m▀[0m[38;2;58;86;155m[48;2;58;86;155m▀[0m[38;2;58;86;155m[48;2;58;86;155m▀[0m[38;2;58;86;155m[48;2;58;86;155m▀[0m[38;2;58;86;155m[48;2;58;86;155m▀[0m[38;2;0;0;0m[48;2;46;51;126m▀[0m[38;2;0;0;0m▄ 
 [38;2;0;0;0m▄[38;2;0;0;0m[48;2;255;255;255m▀[0m[38;2;0;0;0m[48;2;177;150;105m▀[0m[38;2;255;255;255m[48;2;255;255;255m▀[0m[38;2;189;189;197m[48;2;255;255;255m▀[0m[38;2;0;0;0m[48;2;177;150;105m▀[0m[38;2;0;0;0m[48;2;251;232;179m▀[0m[38;2;58;86;155m[48;2;65;65;65m▀[0m[38;2;58;86;155m[48;2;58;86;155m▀[0m[38;2;251;232;179m[48;2;58;86;155m▀[0m[38;2;251;232;179m[48;2;251;232;179m▀[0m[38;2;251;232;179m[48;2;251;232;179m▀[0m[38;2;251;232;179m[48;2;251;232;179m▀[0m[38;2;251;232;179m[48;2;251;232;179m▀[0m[38;2;251;232;179m[48;2;251;232;179m▀[0m[38;2;251;232;179m[48;2;251;232;179m▀[0m[38;2;251;232;179m[48;2;251;232;179m▀[0m[38;2;251;232;179m[48;2;251;232;179m▀[0m[38;2;251;232;179m[48;2;251;232;179m▀[0m[38;2;251;232;179m[48;2;251;232;179m▀[0m[38;2;251;232;179m[48;2;251;232;179m▀[0m[38;2;251;232;179m[48;2;251;232;179m▀[0m[38;2;251;232;179m[48;2;251;232;179m▀[0m[38;2;251;232;179m[48;2;65;65;65m▀[0m[38;2;251;232;179m[48;2;65;65;65m▀[0m[38;2;251;232;179m[48;2;251;232;179m▀[0m[38;2;251;232;179m[48;2;251;232;179m▀[0m[38;2;251;232;179m[48;2;251;232;179m▀[0m[38;2;251;232;179m[48;2;251;232;179m▀[0m[38;2;251;232;179m[48;2;58;86;155m▀[0m[38;2;58;86;155m[48;2;58;86;155m▀[0m[38;2;58;86;155m[48;2;58;86;155m▀[0m[38;2;58;86;155m[48;2;58;86;155m▀[0m[38;2;58;86;155m[48;2;58;86;155m▀[0m[38;2;58;86;155m[48;2;58;86;155m▀[0m[38;2;58;86;155m[48;2;46;51;126m▀[0m[38;2;46;51;126m[48;2;58;86;155m▀[0m[38;2;0;0;0m[48;2;0;0;0m▀[0m 
  [38;2;0;0;0m[48;2;0;0;0m▀[0m[38;2;251;232;179m[48;2;251;232;179m▀[0m[38;2;251;232;179m[48;2;251;232;179m▀[0m[38;2;177;150;105m[48;2;251;232;179m▀[0m[38;2;177;150;105m[48;2;251;232;179m▀[0m[38;2;251;232;179m[48;2;251;232;179m▀[0m[38;2;251;232;179m[48;2;251;232;179m▀[0m[38;2;65;65;65m[48;2;251;232;179m▀[0m[38;2;58;86;155m[48;2;65;65;65m▀[0m[38;2;58;86;155m[48;2;58;86;155m▀[0m[38;2;251;232;179m[48;2;58;86;155m▀[0m[38;2;251;232;179m[48;2;251;232;179m▀[0m[38;2;251;232;179m[48;2;251;232;179m▀[0m[38;2;251;232;179m[48;2;251;232;179m▀[0m[38;2;251;232;179m[48;2;251;232;179m▀[0m[38;2;251;232;179m[48;2;251;232;179m▀[0m[38;2;251;232;179m[48;2;251;232;179m▀[0m[38;2;251;232;179m[48;2;251;232;179m▀[0m[38;2;251;232;179m[48;2;251;232;179m▀[0m[38;2;251;232;179m[48;2;251;232;179m▀[0m[38;2;251;232;179m[48;2;65;65;65m▀[0m[38;2;65;65;65m[48;2;65;65;65m▀[0m[38;2;189;189;197m[48;2;255;255;255m▀[0m[38;2;255;255;255m[48;2;255;255;255m▀[0m[38;2;65;65;65m[48;2;65;65;65m▀[0m[38;2;65;65;65m[48;2;189;189;197m▀[0m[38;2;65;65;65m[48;2;255;255;255m▀[0m[38;2;58;86;155m[48;2;65;65;65m▀[0m[38;2;58;86;155m[48;2;58;86;155m▀[0m[38;2;58;86;155m[48;2;58;86;155m▀[0m[38;2;58;86;155m[48;2;58;86;155m▀[0m[38;2;58;86;155m[48;2;46;51;126m▀[0m[38;2;58;86;155m[48;2;46;51;126m▀[0m[38;2;46;51;126m[48;2;58;86;155m▀[0m[38;2;58;86;155m[48;2;46;51;126m▀[0m[38;2;46;51;126m[48;2;58;86;155m▀[0m[38;2;0;0;0m[48;2;0;0;0m▀[0m 
   [38;2;0;0;0m[48;2;0;0;0m▀[0m[38;2;251;232;179m[48;2;251;232;179m▀[0m[38;2;251;232;179m[48;2;148;106;49m▀[0m[38;2;251;232;179m[48;2;148;106;49m▀[0m[38;2;251;232;179m[48;2;251;232;179m▀[0m[38;2;251;232;179m[48;2;251;232;179m▀[0m[38;2;251;232;179m[48;2;251;232;179m▀[0m[38;2;65;65;65m[48;2;215;188;139m▀[0m[38;2;46;51;126m[48;2;65;65;65m▀[0m[38;2;46;51;126m[48;2;46;51;126m▀[0m[38;2;46;51;126m[48;2;46;51;126m▀[0m[38;2;46;51;126m[48;2;46;51;126m▀[0m[38;2;46;51;126m[48;2;46;51;126m▀[0m[38;2;46;51;126m[48;2;46;51;126m▀[0m[38;2;251;232;179m[48;2;46;51;126m▀[0m[38;2;251;232;179m[48;2;46;51;126m▀[0m[38;2;251;232;179m[48;2;251;232;179m▀[0m[38;2;251;232;179m[48;2;65;65;65m▀[0m[38;2;65;65;65m[48;2;251;232;179m▀[0m[38;2;251;232;179m[48;2;251;232;179m▀[0m[38;2;251;232;179m[48;2;251;232;179m▀[0m[38;2;177;150;105m[48;2;251;232;179m▀[0m[38;2;177;150;105m[48;2;251;232;179m▀[0m[38;2;177;150;105m[48;2;251;232;179m▀[0m[38;2;255;255;255m[48;2;177;150;105m▀[0m[38;2;189;189;197m[48;2;177;150;105m▀[0m[38;2;65;65;65m[48;2;255;255;255m▀[0m[38;2;65;65;65m[48;2;255;255;255m▀[0m[38;2;65;65;65m[48;2;65;65;65m▀[0m[38;2;46;51;126m[48;2;46;51;126m▀[0m[38;2;46;51;126m[48;2;46;51;126m▀[0m[38;2;46;51;126m[48;2;46;51;126m▀[0m[38;2;46;51;126m[48;2;46;51;126m▀[0m[38;2;46;51;126m[48;2;46;51;126m▀[0m[38;2;46;51;126m[48;2;0;0;0m▀[0m[38;2;0;0;0m▀ 
    [38;2;0;0;0m▀[38;2;148;106;49m[48;2;0;0;0m▀[0m[38;2;180;139;57m[48;2;148;106;49m▀[0m[38;2;148;106;49m[48;2;180;139;57m▀[0m[38;2;251;232;179m[48;2;148;106;49m▀[0m[38;2;215;188;139m[48;2;215;188;139m▀[0m[38;2;215;188;139m[48;2;215;188;139m▀[0m[38;2;65;65;65m[48;2;65;65;65m▀[0m[38;2;46;51;126m[48;2;46;51;126m▀[0m[38;2;46;51;126m[48;2;46;51;126m▀[0m[38;2;46;51;126m[48;2;46;51;126m▀[0m[38;2;46;51;126m[48;2;46;51;126m▀[0m[38;2;46;51;126m[48;2;46;51;126m▀[0m[38;2;46;51;126m[48;2;46;51;126m▀[0m[38;2;46;51;126m[48;2;46;51;126m▀[0m[38;2;46;51;126m[48;2;65;65;65m▀[0m[38;2;65;65;65m[48;2;251;232;179m▀[0m[38;2;251;232;179m[48;2;251;232;179m▀[0m[38;2;251;232;179m[48;2;251;232;179m▀[0m[38;2;251;232;179m[48;2;148;106;49m▀[0m[38;2;251;232;179m[48;2;148;106;49m▀[0m[38;2;251;232;179m[48;2;148;106;49m▀[0m[38;2;251;232;179m[48;2;215;188;139m▀[0m[38;2;215;188;139m[48;2;215;188;139m▀[0m[38;2;177;150;105m[48;2;215;188;139m▀[0m[38;2;255;255;255m[48;2;177;150;105m▀[0m[38;2;189;189;197m[48;2;65;65;65m▀[0m[38;2;65;65;65m[48;2;46;51;126m▀[0m[38;2;46;51;126m[48;2;46;51;126m▀[0m[38;2;46;51;126m[48;2;46;51;126m▀[0m[38;2;46;51;126m[48;2;46;51;126m▀[0m[38;2;46;51;126m[48;2;46;51;126m▀[0m[38;2;46;51;126m[48;2;0;0;0m▀[0m[38;2;0;0;0m▀  
      [38;2;0;0;0m▀[38;2;0;0;0m▀[38;2;148;106;49m[48;2;0;0;0m▀[0m[38;2;215;188;139m[48;2;0;0;0m▀[0m[38;2;65;65;65m[48;2;0;0;0m▀[0m[38;2;0;0;0m▀[38;2;0;0;0m▀[38;2;0;0;0m▀[38;2;0;0;0m▀[38;2;46;51;126m[48;2;0;0;0m▀[0m[38;2;46;51;126m[48;2;0;0;0m▀[0m[38;2;46;51;126m[48;2;0;0;0m▀[0m[38;2;46;51;126m[48;2;0;0;0m▀[0m[38;2;65;65;65m[48;2;65;65;65m▀[0m[38;2;251;232;179m[48;2;251;232;179m▀[0m[38;2;251;232;179m[48;2;215;188;139m▀[0m[38;2;148;106;49m[48;2;148;106;49m▀[0m[38;2;148;106;49m[48;2;180;139;57m▀[0m[38;2;180;139;57m[48;2;180;139;57m▀[0m[38;2;180;139;57m[48;2;180;139;57m▀[0m[38;2;148;106;49m[48;2;148;106;49m▀[0m[38;2;215;188;139m[48;2;215;188;139m▀[0m[38;2;215;188;139m[48;2;215;188;139m▀[0m[38;2;215;188;139m[48;2;65;65;65m▀[0m[38;2;65;65;65m[48;2;46;51;126m▀[0m[38;2;46;51;126m[48;2;46;51;126m▀[0m[38;2;46;51;126m[48;2;0;0;0m▀[0m[38;2;46;51;126m[48;2;0;0;0m▀[0m[38;2;0;0;0m▀[38;2;0;0;0m▀    
                   [38;2;0;0;0m▀[38;2;65;65;65m[48;2;0;0;0m▀[0m[38;2;215;188;139m[48;2;215;188;139m▀[0m[38;2;148;106;49m[48;2;215;188;139m▀[0m[38;2;180;139;57m[48;2;148;106;49m▀[0m[38;2;180;139;57m[48;2;148;106;49m▀[0m[38;2;148;106;49m[48;2;148;106;49m▀[0m[38;2;148;106;49m[48;2;215;188;139m▀[0m[38;2;215;188;139m[48;2;215;188;139m▀[0m[38;2;215;188;139m[48;2;0;0;0m▀[0m[38;2;0;0;0m▀[38;2;0;0;0m▀[38;2;0;0;0m▀        
                     [38;2;0;0;0m▀[38;2;215;188;139m[48;2;0;0;0m▀[0m[38;2;215;188;139m[48;2;0;0;0m▀[0m[38;2;215;188;139m[48;2;0;0;0m▀[0m[38;2;215;188;139m[48;2;0;0;0m▀[0m[38;2;0;0;0m▀[38;2;0;0;0m▀            
                                     [0m                                     