    [38;2;0;0;0m▄[38;2;0;0;0m[48;2;163;41;85m▀[0m[38;2;0;0;0m[48;2;163;41;85m▀[0m[38;2;0;0;0m[48;2;195;193;226m▀[0m[38;2;0;0;0m▄              
  [38;2;0;0;0m▄[38;2;0;0;0m[48;2;163;41;85m▀[0m[38;2;0;0;0m[48;2;195;193;226m▀[0m[38;2;0;0;0m[48;2;65;65;65m▀[0m[38;2;195;193;226m[48;2;65;65;65m▀[0m[38;2;195;193;226m[48;2;195;193;226m▀[0m[38;2;139;136;183m[48;2;65;65;65m▀[0m[38;2;0;0;0m[48;2;65;65;65m▀[0m[38;2;0;0;0m[48;2;195;193;226m▀[0m[38;2;0;0;0m[48;2;195;193;226m▀[0m[38;2;0;0;0m[48;2;195;193;226m▀[0m[38;2;0;0;0m▄[38;2;0;0;0m▄ [38;2;0;0;0m▄[38;2;0;0;0m▄[38;2;0;0;0m▄[38;2;0;0;0m▄   
 [38;2;0;0;0m[48;2;0;0;0m▀[0m[38;2;163;41;85m[48;2;163;41;85m▀[0m[38;2;227;225;247m[48;2;227;225;247m▀[0m[38;2;227;225;247m[48;2;195;193;226m▀[0m[38;2;227;225;247m[48;2;65;65;65m▀[0m[38;2;65;65;65m[48;2;227;225;247m▀[0m[38;2;65;65;65m[48;2;195;193;226m▀[0m[38;2;195;193;226m[48;2;227;225;247m▀[0m[38;2;227;225;247m[48;2;227;225;247m▀[0m[38;2;227;225;247m[48;2;227;225;247m▀[0m[38;2;227;225;247m[48;2;195;193;226m▀[0m[38;2;195;193;226m[48;2;195;193;226m▀[0m[38;2;195;193;226m[48;2;195;193;226m▀[0m[38;2;195;193;226m[48;2;195;193;226m▀[0m[38;2;0;0;0m[48;2;195;193;226m▀[0m[38;2;195;193;226m[48;2;65;65;65m▀[0m[38;2;227;225;247m[48;2;195;193;226m▀[0m[38;2;227;225;247m[48;2;195;193;226m▀[0m[38;2;163;41;85m[48;2;227;225;247m▀[0m[38;2;0;0;0m[48;2;163;41;85m▀[0m[38;2;0;0;0m▄ 
 [38;2;0;0;0m▀[38;2;163;41;85m[48;2;0;0;0m▀[0m[38;2;195;193;226m[48;2;0;0;0m▀[0m[38;2;65;65;65m[48;2;195;193;226m▀[0m[38;2;255;255;255m[48;2;255;255;255m▀[0m[38;2;0;0;0m[48;2;197;197;206m▀[0m[38;2;195;193;226m[48;2;65;65;65m▀[0m[38;2;195;193;226m[48;2;132;132;115m▀[0m[38;2;195;193;226m[48;2;195;193;226m▀[0m[38;2;195;193;226m[48;2;139;136;183m▀[0m[38;2;139;136;183m[48;2;227;225;247m▀[0m[38;2;227;225;247m[48;2;227;225;247m▀[0m[38;2;195;193;226m[48;2;227;225;247m▀[0m[38;2;195;193;226m[48;2;195;193;226m▀[0m[38;2;139;136;183m[48;2;195;193;226m▀[0m[38;2;139;136;183m[48;2;227;225;247m▀[0m[38;2;65;65;65m[48;2;227;225;247m▀[0m[38;2;65;65;65m[48;2;195;193;226m▀[0m[38;2;139;136;183m[48;2;163;41;85m▀[0m[38;2;163;41;85m[48;2;0;0;0m▀[0m[38;2;0;0;0m▀ 
   [38;2;0;0;0m[48;2;0;0;0m▀[0m[38;2;195;193;226m[48;2;195;193;226m▀[0m[38;2;195;193;226m[48;2;195;193;226m▀[0m[38;2;195;193;226m[48;2;255;255;255m▀[0m[38;2;65;65;65m[48;2;195;193;226m▀[0m[38;2;65;65;65m[48;2;139;136;183m▀[0m[38;2;195;193;226m[48;2;65;65;65m▀[0m[38;2;139;136;183m[48;2;195;193;226m▀[0m[38;2;255;255;255m[48;2;197;197;206m▀[0m[38;2;0;0;0m[48;2;255;255;255m▀[0m[38;2;255;255;255m[48;2;255;255;255m▀[0m[38;2;195;193;226m[48;2;195;193;226m▀[0m[38;2;139;136;183m[48;2;65;65;65m▀[0m[38;2;227;225;247m[48;2;195;193;226m▀[0m[38;2;227;225;247m[48;2;227;225;247m▀[0m[38;2;227;225;247m[48;2;195;193;226m▀[0m[38;2;163;41;85m[48;2;163;41;85m▀[0m[38;2;163;41;85m[48;2;163;41;85m▀[0m[38;2;0;0;0m[48;2;0;0;0m▀[0m 
   [38;2;0;0;0m▄[38;2;0;0;0m[48;2;195;193;226m▀[0m[38;2;139;136;183m[48;2;65;65;65m▀[0m[38;2;65;65;65m[48;2;65;65;65m▀[0m[38;2;195;193;226m[48;2;195;193;226m▀[0m[38;2;195;193;226m[48;2;195;193;226m▀[0m[38;2;255;255;255m[48;2;65;65;65m▀[0m[38;2;195;193;226m[48;2;195;193;226m▀[0m[38;2;195;193;226m[48;2;195;193;226m▀[0m[38;2;195;193;226m[48;2;195;193;226m▀[0m[38;2;195;193;226m[48;2;195;193;226m▀[0m[38;2;195;193;226m[48;2;195;193;226m▀[0m[38;2;139;136;183m[48;2;195;193;226m▀[0m[38;2;65;65;65m[48;2;0;0;0m▀[0m[38;2;195;193;226m[48;2;163;41;85m▀[0m[38;2;163;41;85m[48;2;163;41;85m▀[0m[38;2;163;41;85m[48;2;163;41;85m▀[0m[38;2;163;41;85m[48;2;0;0;0m▀[0m[38;2;0;0;0m▀ 
    [38;2;0;0;0m[48;2;0;0;0m▀[0m[38;2;65;65;65m[48;2;139;136;183m▀[0m[38;2;220;132;185m[48;2;139;136;183m▀[0m[38;2;65;65;65m[48;2;139;136;183m▀[0m[38;2;65;65;65m[48;2;255;185;227m▀[0m[38;2;220;132;185m[48;2;255;185;227m▀[0m[38;2;65;65;65m[48;2;220;132;185m▀[0m[38;2;195;193;226m[48;2;65;65;65m▀[0m[38;2;195;193;226m[48;2;65;65;65m▀[0m[38;2;195;193;226m[48;2;65;65;65m▀[0m[38;2;65;65;65m[48;2;220;132;185m▀[0m[38;2;0;0;0m[48;2;0;0;0m▀[0m [38;2;0;0;0m▀[38;2;0;0;0m▀[38;2;0;0;0m▀   
    [38;2;0;0;0m▄[38;2;0;0;0m[48;2;255;133;0m▀[0m[38;2;220;132;185m[48;2;139;136;183m▀[0m[38;2;195;193;226m[48;2;255;185;227m▀[0m[38;2;139;136;183m[48;2;220;132;185m▀[0m[38;2;139;136;183m[48;2;195;193;226m▀[0m[38;2;220;132;185m[48;2;195;193;226m▀[0m[38;2;255;185;227m[48;2;139;136;183m▀[0m[38;2;255;185;227m[48;2;139;136;183m▀[0m[38;2;139;136;183m[48;2;195;193;226m▀[0m[38;2;195;193;226m[48;2;65;65;65m▀[0m[38;2;195;193;226m[48;2;0;0;0m▀[0m[38;2;0;0;0m[48;2;195;193;226m▀[0m[38;2;0;0;0m▄     
     [38;2;0;0;0m▀[38;2;0;0;0m▀[38;2;195;193;226m[48;2;0;0;0m▀[0m[38;2;195;193;226m[48;2;0;0;0m▀[0m[38;2;195;193;226m[48;2;195;193;226m▀[0m[38;2;255;185;227m[48;2;195;193;226m▀[0m[38;2;220;132;185m[48;2;65;65;65m▀[0m[38;2;195;193;226m[48;2;65;65;65m▀[0m[38;2;220;132;185m[48;2;195;193;226m▀[0m[38;2;220;132;185m[48;2;195;193;226m▀[0m[38;2;195;193;226m[48;2;0;0;0m▀[0m[38;2;139;136;183m[48;2;0;0;0m▀[0m[38;2;0;0;0m▀     
         [38;2;0;0;0m▀[38;2;0;0;0m▀[38;2;255;133;0m[48;2;0;0;0m▀[0m[38;2;255;133;0m[48;2;0;0;0m▀[0m[38;2;169;41;36m[48;2;0;0;0m▀[0m[38;2;0;0;0m▀        
                                     [0m                                     