              [38;2;0;0;0m▄[38;2;0;0;0m[48;2;255;223;82m▀[0m[38;2;0;0;0m[48;2;0;0;0m▀[0m               
             [38;2;0;0;0m▄[38;2;0;0;0m[48;2;170;146;49m▀[0m[38;2;255;219;74m[48;2;170;146;49m▀[0m[38;2;0;0;0m[48;2;222;186;66m▀[0m[38;2;0;0;0m▄              
             [38;2;0;0;0m[48;2;0;0;0m▀[0m[38;2;255;223;82m[48;2;255;223;82m▀[0m[38;2;178;139;38m[48;2;178;139;38m▀[0m[38;2;231;190;66m[48;2;231;190;66m▀[0m[38;2;8;4;0m[48;2;156;128;44m▀[0m[38;2;0;0;0m▄             
     [38;2;0;0;0m▄[38;2;0;0;0m[48;2;255;223;82m▀[0m[38;2;0;0;0m[48;2;255;223;82m▀[0m[38;2;0;0;0m▄[38;2;0;0;0m▄  [38;2;0;0;0m[48;2;0;0;0m▀[0m[38;2;255;223;82m[48;2;255;223;82m▀[0m[38;2;255;223;82m[48;2;255;223;82m▀[0m[38;2;181;138;33m[48;2;230;194;65m▀[0m[38;2;181;138;33m[48;2;181;138;33m▀[0m[38;2;181;138;33m[48;2;0;0;0m▀[0m[38;2;0;0;0m▀     [38;2;0;0;0m▄[38;2;0;0;0m▄      
      [38;2;0;0;0m[48;2;0;0;0m▀[0m[38;2;239;207;74m[48;2;239;207;74m▀[0m[38;2;181;138;33m[48;2;255;219;82m▀[0m[38;2;230;192;65m[48;2;181;138;33m▀[0m[38;2;0;0;0m[48;2;181;138;33m▀[0m[38;2;0;0;0m▄[38;2;0;0;0m▄[38;2;0;0;0m[48;2;66;65;66m▀[0m[38;2;181;138;33m[48;2;230;192;65m▀[0m[38;2;255;219;82m[48;2;181;138;33m▀[0m[38;2;170;138;52m[48;2;85;69;30m▀[0m[38;2;0;0;8m[48;2;0;0;8m▀[0m  [38;2;0;0;0m▄[38;2;0;0;0m[48;2;255;223;82m▀[0m[38;2;0;0;0m[48;2;255;223;82m▀[0m[38;2;0;0;0m[48;2;255;223;82m▀[0m[38;2;255;219;74m[48;2;170;146;49m▀[0m[38;2;0;0;0m[48;2;0;0;0m▀[0m      
       [38;2;0;0;0m▀[38;2;222;186;74m[48;2;0;0;16m▀[0m[38;2;222;186;74m[48;2;74;62;35m▀[0m[38;2;66;65;66m[48;2;255;120;66m▀[0m[38;2;255;120;66m[48;2;66;65;66m▀[0m[38;2;66;65;66m[48;2;247;78;41m▀[0m[38;2;247;78;41m[48;2;247;78;41m▀[0m[38;2;66;65;66m[48;2;247;78;41m▀[0m[38;2;66;65;66m[48;2;247;78;41m▀[0m[38;2;247;78;41m[48;2;247;78;41m▀[0m[38;2;247;78;41m[48;2;66;65;66m▀[0m[38;2;0;0;8m[48;2;247;223;90m▀[0m[38;2;0;0;8m[48;2;82;74;35m▀[0m[38;2;181;138;33m[48;2;230;192;65m▀[0m[38;2;255;219;82m[48;2;181;138;33m▀[0m[38;2;167;131;38m[48;2;247;195;57m▀[0m[38;2;167;131;38m[48;2;8;4;0m▀[0m[38;2;0;0;0m[48;2;0;0;0m▀[0m       
    [38;2;0;0;0m▄[38;2;0;0;0m▄ [38;2;0;0;0m▄[38;2;0;0;0m[48;2;247;78;41m▀[0m[38;2;247;78;41m[48;2;247;78;41m▀[0m[38;2;247;78;41m[48;2;247;78;41m▀[0m[38;2;247;78;41m[48;2;203;40;35m▀[0m[38;2;247;78;41m[48;2;203;40;35m▀[0m[38;2;247;78;41m[48;2;247;78;41m▀[0m[38;2;247;76;41m[48;2;247;76;41m▀[0m[38;2;247;76;41m[48;2;247;76;41m▀[0m[38;2;247;76;41m[48;2;247;76;41m▀[0m[38;2;247;76;41m[48;2;247;76;41m▀[0m[38;2;66;65;66m[48;2;239;102;57m▀[0m[38;2;239;102;57m[48;2;66;65;66m▀[0m[38;2;222;186;82m[48;2;74;62;43m▀[0m[38;2;74;62;43m[48;2;0;0;24m▀[0m[38;2;0;0;0m▀         
 [38;2;0;0;0m[48;2;0;0;0m▀[0m[38;2;0;0;0m[48;2;222;186;66m▀[0m[38;2;0;0;0m[48;2;222;186;66m▀[0m[38;2;222;186;66m[48;2;177;139;37m▀[0m[38;2;222;186;66m[48;2;177;139;37m▀[0m[38;2;0;0;16m[48;2;247;111;66m▀[0m[38;2;82;41;32m[48;2;164;76;49m▀[0m[38;2;186;66;49m[48;2;66;60;66m▀[0m[38;2;247;70;41m[48;2;247;70;41m▀[0m[38;2;206;36;33m[48;2;230;96;53m▀[0m[38;2;255;219;74m[48;2;206;36;33m▀[0m[38;2;186;66;49m[48;2;247;70;41m▀[0m[38;2;247;70;41m[48;2;66;60;66m▀[0m[38;2;247;78;41m[48;2;247;78;41m▀[0m[38;2;247;78;41m[48;2;66;65;66m▀[0m[38;2;186;66;49m[48;2;66;60;66m▀[0m[38;2;247;70;41m[48;2;247;70;41m▀[0m[38;2;247;78;41m[48;2;66;65;66m▀[0m[38;2;247;78;41m[48;2;247;78;41m▀[0m[38;2;247;78;41m[48;2;247;78;41m▀[0m[38;2;247;78;41m[48;2;203;40;35m▀[0m[38;2;0;0;0m[48;2;0;0;0m▀[0m         
  [38;2;0;0;0m▀[38;2;0;0;0m▀[38;2;222;186;66m[48;2;0;0;0m▀[0m[38;2;222;186;66m[48;2;0;0;0m▀[0m[38;2;231;182;49m[48;2;176;143;54m▀[0m[38;2;66;65;66m[48;2;66;65;66m▀[0m[38;2;247;223;99m[48;2;0;0;24m▀[0m[38;2;82;74;49m[48;2;82;74;49m▀[0m[38;2;206;36;33m[48;2;255;219;74m▀[0m[38;2;230;96;53m[48;2;206;36;33m▀[0m[38;2;247;78;41m[48;2;247;78;41m▀[0m[38;2;247;78;41m[48;2;66;65;66m▀[0m[38;2;66;65;66m[48;2;255;223;82m▀[0m[38;2;255;223;82m[48;2;255;223;82m▀[0m[38;2;255;223;82m[48;2;255;223;82m▀[0m[38;2;66;65;66m[48;2;255;223;82m▀[0m[38;2;247;78;41m[48;2;66;65;66m▀[0m[38;2;247;78;41m[48;2;247;78;41m▀[0m[38;2;255;56;33m[48;2;194;55;41m▀[0m[38;2;194;55;41m[48;2;74;56;57m▀[0m[38;2;189;56;49m[48;2;94;31;28m▀[0m[38;2;0;4;8m[48;2;0;4;8m▀[0m[38;2;0;0;0m▄[38;2;0;0;0m▄      
      [38;2;0;0;0m▀[38;2;66;65;66m[48;2;0;0;0m▀[0m[38;2;255;207;66m[48;2;74;56;57m▀[0m[38;2;74;56;57m[48;2;164;131;61m▀[0m[38;2;239;182;57m[48;2;206;36;33m▀[0m[38;2;206;36;33m[48;2;228;90;49m▀[0m[38;2;247;81;49m[48;2;247;81;49m▀[0m[38;2;0;8;24m[48;2;82;37;32m▀[0m[38;2;16;0;0m[48;2;255;207;82m▀[0m[38;2;95;169;222m[48;2;255;207;82m▀[0m[38;2;0;0;0m[48;2;255;223;82m▀[0m[38;2;0;0;0m[48;2;255;223;82m▀[0m[38;2;0;8;24m[48;2;85;37;32m▀[0m[38;2;255;78;49m[48;2;170;57;40m▀[0m[38;2;74;56;57m[48;2;164;131;61m▀[0m[38;2;255;207;66m[48;2;74;56;57m▀[0m[38;2;255;223;82m[48;2;230;194;65m▀[0m[38;2;181;138;33m[48;2;255;223;82m▀[0m[38;2;255;223;82m[48;2;178;139;38m▀[0m[38;2;255;223;82m[48;2;178;139;38m▀[0m[38;2;0;0;0m[48;2;255;223;82m▀[0m[38;2;0;0;0m[48;2;255;223;82m▀[0m[38;2;0;0;0m▄[38;2;0;0;0m▄  
       [38;2;0;0;0m[48;2;0;0;0m▀[0m[38;2;206;36;33m[48;2;66;65;66m▀[0m[38;2;206;36;33m[48;2;206;36;33m▀[0m[38;2;201;38;33m[48;2;201;38;33m▀[0m[38;2;201;38;33m[48;2;222;186;66m▀[0m[38;2;247;70;41m[48;2;186;66;49m▀[0m[38;2;247;70;41m[48;2;66;60;66m▀[0m[38;2;74;56;57m[48;2;164;131;61m▀[0m[38;2;255;207;66m[48;2;74;56;57m▀[0m[38;2;255;207;66m[48;2;74;56;57m▀[0m[38;2;74;56;57m[48;2;164;131;61m▀[0m[38;2;206;36;33m[48;2;66;65;66m▀[0m[38;2;206;36;33m[48;2;206;36;33m▀[0m[38;2;206;36;33m[48;2;206;36;33m▀[0m[38;2;206;36;33m[48;2;0;0;0m▀[0m[38;2;0;0;0m▀[38;2;181;138;33m[48;2;0;0;0m▀[0m[38;2;255;223;82m[48;2;225;185;65m▀[0m[38;2;255;223;82m[48;2;225;185;65m▀[0m[38;2;181;138;33m[48;2;0;0;0m▀[0m[38;2;181;138;33m[48;2;0;0;0m▀[0m[38;2;239;207;74m[48;2;0;0;0m▀[0m[38;2;239;207;74m[48;2;0;0;0m▀[0m[38;2;0;0;0m[48;2;0;0;0m▀[0m 
     [38;2;0;0;0m▄[38;2;0;0;0m[48;2;181;138;33m▀[0m[38;2;181;138;33m[48;2;181;138;33m▀[0m[38;2;239;195;66m[48;2;159;131;49m▀[0m[38;2;79;67;32m[48;2;0;4;16m▀[0m[38;2;206;44;41m[48;2;0;16;24m▀[0m[38;2;206;44;41m[48;2;68;44;29m▀[0m[38;2;66;60;66m[48;2;239;99;49m▀[0m[38;2;181;130;54m[48;2;66;60;66m▀[0m[38;2;203;40;35m[48;2;203;40;35m▀[0m[38;2;203;40;35m[48;2;203;40;35m▀[0m[38;2;66;65;66m[48;2;206;36;33m▀[0m[38;2;206;36;33m[48;2;206;36;33m▀[0m[38;2;170;135;60m[48;2;0;0;16m▀[0m[38;2;85;50;38m[48;2;255;203;82m▀[0m[38;2;79;67;32m[48;2;159;131;49m▀[0m[38;2;0;4;16m[48;2;239;195;66m▀[0m[38;2;0;0;0m▄ [38;2;0;0;0m▀[38;2;0;0;0m▀      
     [38;2;0;0;0m▀[38;2;181;138;33m[48;2;0;0;0m▀[0m[38;2;0;0;0m▀[38;2;0;0;0m▀  [38;2;0;0;0m▀[38;2;231;190;66m[48;2;8;4;0m▀[0m[38;2;231;190;66m[48;2;156;128;44m▀[0m[38;2;66;65;66m[48;2;231;182;49m▀[0m[38;2;66;65;66m[48;2;176;143;54m▀[0m[38;2;0;0;0m[48;2;0;0;0m▀[0m[38;2;0;0;0m▀ [38;2;0;0;0m[48;2;0;0;0m▀[0m[38;2;255;223;82m[48;2;230;194;65m▀[0m[38;2;181;138;33m[48;2;255;223;82m▀[0m[38;2;231;190;66m[48;2;156;128;44m▀[0m[38;2;8;4;0m[48;2;231;190;66m▀[0m[38;2;0;0;0m▄       
           [38;2;0;0;0m[48;2;0;0;0m▀[0m[38;2;178;139;38m[48;2;255;223;82m▀[0m[38;2;255;223;82m[48;2;255;223;82m▀[0m[38;2;247;195;57m[48;2;167;131;38m▀[0m[38;2;167;131;38m[48;2;8;4;0m▀[0m[38;2;0;0;0m▀   [38;2;0;0;0m▀[38;2;0;0;0m▀[38;2;0;0;0m▀[38;2;222;186;66m[48;2;0;0;0m▀[0m[38;2;0;0;0m[48;2;0;0;0m▀[0m       
            [38;2;0;0;0m▀[38;2;181;138;33m[48;2;0;0;0m▀[0m[38;2;222;186;66m[48;2;222;186;66m▀[0m[38;2;0;0;0m[48;2;0;0;0m▀[0m                
                       [38;2;0;0;0m▀[38;2;0;0;0m▀                           
                                     [0m                                     