    [38;2;0;0;0m▄[38;2;0;0;0m[48;2;94;97;94m▀[0m[38;2;0;0;0m▄ [38;2;0;0;0m▄[38;2;0;0;0m[48;2;94;97;94m▀[0m[38;2;0;0;0m▄                          
    [38;2;0;0;0m[48;2;0;0;0m▀[0m[38;2;98;97;98m[48;2;65;64;65m▀[0m[38;2;65;64;65m[48;2;65;64;65m▀[0m[38;2;0;0;0m[48;2;65;64;65m▀[0m[38;2;94;97;94m[48;2;65;64;65m▀[0m[38;2;65;64;65m[48;2;65;64;65m▀[0m[38;2;0;0;0m[48;2;0;0;0m▀[0m                          
    [38;2;0;0;0m▀[38;2;197;51;102m[48;2;0;0;0m▀[0m[38;2;183;64;111m[48;2;65;64;65m▀[0m[38;2;65;64;65m[48;2;243;64;135m▀[0m[38;2;231;74;131m[48;2;75;36;53m▀[0m[38;2;231;74;131m[48;2;8;16;0m▀[0m[38;2;0;0;0m▀                          
  [38;2;0;0;0m▄[38;2;0;0;0m[48;2;255;255;255m▀[0m[38;2;0;0;0m[48;2;255;218;221m▀[0m[38;2;255;218;221m[48;2;255;218;221m▀[0m[38;2;255;198;209m[48;2;76;53;66m▀[0m[38;2;76;53;66m[48;2;231;71;134m▀[0m[38;2;231;71;134m[48;2;231;71;134m▀[0m[38;2;231;71;134m[48;2;231;71;134m▀[0m[38;2;0;0;0m[48;2;251;72;143m▀[0m[38;2;0;0;0m[48;2;167;48;95m▀[0m[38;2;0;0;0m▄[38;2;0;0;0m▄                       
 [38;2;0;0;0m[48;2;0;0;0m▀[0m[38;2;255;255;255m[48;2;255;217;222m▀[0m[38;2;255;217;222m[48;2;255;217;222m▀[0m[38;2;255;218;221m[48;2;255;218;221m▀[0m[38;2;65;64;65m[48;2;65;64;65m▀[0m[38;2;231;71;134m[48;2;231;71;134m▀[0m[38;2;231;71;134m[48;2;231;71;134m▀[0m[38;2;231;71;134m[48;2;231;71;134m▀[0m[38;2;231;71;134m[48;2;231;71;134m▀[0m[38;2;191;51;102m[48;2;229;70;131m▀[0m[38;2;229;70;131m[48;2;191;51;102m▀[0m[38;2;191;51;102m[48;2;229;70;131m▀[0m[38;2;229;70;131m[48;2;191;51;102m▀[0m[38;2;0;0;0m[48;2;232;70;136m▀[0m[38;2;0;0;0m▄                     
  [38;2;0;0;0m▀[38;2;255;218;221m[48;2;0;0;0m▀[0m[38;2;255;218;221m[48;2;255;218;221m▀[0m[38;2;255;218;221m[48;2;65;64;65m▀[0m[38;2;65;60;65m[48;2;232;65;128m▀[0m[38;2;232;65;128m[48;2;177;62;104m▀[0m[38;2;219;95;136m[48;2;198;41;98m▀[0m[38;2;198;41;98m[48;2;255;210;218m▀[0m[38;2;216;78;125m[48;2;231;151;163m▀[0m[38;2;208;40;104m[48;2;216;78;125m▀[0m[38;2;232;70;136m[48;2;65;64;65m▀[0m[38;2;232;70;136m[48;2;232;70;136m▀[0m[38;2;74;43;56m[48;2;74;43;56m▀[0m[38;2;16;20;0m[48;2;230;84;145m▀[0m[38;2;0;0;0m▄                    
  [38;2;0;0;0m[48;2;0;0;0m▀[0m[38;2;251;209;214m[48;2;83;69;71m▀[0m[38;2;255;218;221m[48;2;255;218;221m▀[0m[38;2;65;64;65m[48;2;255;218;221m▀[0m[38;2;139;92;107m[48;2;78;39;56m▀[0m[38;2;255;206;212m[48;2;139;92;107m▀[0m[38;2;255;214;215m[48;2;82;80;82m▀[0m[38;2;201;164;164m[48;2;82;80;82m▀[0m[38;2;191;51;102m[48;2;229;70;131m▀[0m[38;2;229;70;131m[48;2;229;70;131m▀[0m[38;2;65;64;65m[48;2;65;64;65m▀[0m[38;2;232;70;136m[48;2;232;70;136m▀[0m[38;2;65;64;65m[48;2;232;70;136m▀[0m[38;2;232;70;136m[48;2;65;64;65m▀[0m[38;2;0;0;0m[48;2;232;70;136m▀[0m[38;2;0;0;0m▄     [38;2;0;0;0m▄[38;2;0;0;0m▄[38;2;0;0;0m▄           
 [38;2;0;0;0m[48;2;0;0;0m▀[0m[38;2;232;70;136m[48;2;74;72;57m▀[0m[38;2;173;71;110m[48;2;113;73;86m▀[0m[38;2;65;64;65m[48;2;65;64;65m▀[0m[38;2;255;218;221m[48;2;255;218;221m▀[0m[38;2;65;64;65m[48;2;65;64;65m▀[0m[38;2;65;64;65m[48;2;191;54;108m▀[0m[38;2;65;64;65m[48;2;65;64;65m▀[0m[38;2;82;78;68m[48;2;82;78;68m▀[0m[38;2;65;64;65m[48;2;65;64;65m▀[0m[38;2;232;70;136m[48;2;232;70;136m▀[0m[38;2;65;64;65m[48;2;232;70;136m▀[0m[38;2;232;70;136m[48;2;65;64;65m▀[0m[38;2;232;70;136m[48;2;232;70;136m▀[0m[38;2;65;64;65m[48;2;65;64;65m▀[0m[38;2;232;70;136m[48;2;232;70;136m▀[0m[38;2;0;0;0m[48;2;232;70;136m▀[0m[38;2;0;0;0m▄[38;2;0;0;0m[48;2;94;97;94m▀[0m[38;2;0;0;0m[48;2;94;97;94m▀[0m[38;2;0;0;0m[48;2;94;97;94m▀[0m[38;2;0;4;0m[48;2;85;75;77m▀[0m[38;2;255;222;226m[48;2;85;75;77m▀[0m[38;2;255;217;222m[48;2;255;217;222m▀[0m[38;2;255;217;222m[48;2;255;217;222m▀[0m[38;2;0;0;0m[48;2;255;255;255m▀[0m[38;2;0;0;0m▄[38;2;0;0;0m▄        
  [38;2;0;0;0m▀[38;2;0;0;0m▀[38;2;87;45;62m[48;2;8;16;0m▀[0m[38;2;87;45;62m[48;2;176;73;109m▀[0m[38;2;255;218;221m[48;2;65;64;65m▀[0m[38;2;65;64;65m[48;2;65;64;65m▀[0m[38;2;191;54;108m[48;2;191;54;108m▀[0m[38;2;65;64;65m[48;2;65;64;65m▀[0m[38;2;82;78;68m[48;2;82;78;68m▀[0m[38;2;65;64;65m[48;2;65;64;65m▀[0m[38;2;231;71;134m[48;2;231;71;134m▀[0m[38;2;231;71;134m[48;2;231;71;134m▀[0m[38;2;65;64;65m[48;2;65;64;65m▀[0m[38;2;232;70;136m[48;2;232;70;136m▀[0m[38;2;65;64;65m[48;2;65;64;65m▀[0m[38;2;232;70;136m[48;2;232;70;136m▀[0m[38;2;65;72;57m[48;2;221;80;133m▀[0m[38;2;110;76;92m[48;2;65;72;57m▀[0m[38;2;94;97;94m[48;2;65;64;65m▀[0m[38;2;94;97;94m[48;2;94;97;94m▀[0m[38;2;95;97;95m[48;2;95;97;95m▀[0m[38;2;95;97;95m[48;2;95;97;95m▀[0m[38;2;65;64;65m[48;2;65;64;65m▀[0m[38;2;255;234;235m[48;2;255;234;235m▀[0m[38;2;255;217;222m[48;2;255;217;222m▀[0m[38;2;255;255;255m[48;2;255;217;222m▀[0m[38;2;255;218;221m[48;2;255;218;221m▀[0m[38;2;0;0;0m[48;2;0;0;0m▀[0m       
   [38;2;0;0;0m▄[38;2;8;0;5m[48;2;227;102;150m▀[0m[38;2;155;68;102m[48;2;8;0;5m▀[0m[38;2;65;60;65m[48;2;65;60;65m▀[0m[38;2;162;80;106m[48;2;211;91;131m▀[0m[38;2;186;61;109m[48;2;74;72;65m▀[0m[38;2;74;72;65m[48;2;105;70;81m▀[0m[38;2;94;97;94m[48;2;94;97;94m▀[0m[38;2;82;80;65m[48;2;94;97;94m▀[0m[38;2;65;64;65m[48;2;65;64;65m▀[0m[38;2;211;91;141m[48;2;211;91;141m▀[0m[38;2;65;64;65m[48;2;65;64;65m▀[0m[38;2;232;70;136m[48;2;65;64;65m▀[0m[38;2;183;109;138m[48;2;243;132;175m▀[0m[38;2;65;64;65m[48;2;243;132;175m▀[0m[38;2;183;109;138m[48;2;65;64;65m▀[0m[38;2;243;132;175m[48;2;65;64;65m▀[0m[38;2;233;133;180m[48;2;65;64;57m▀[0m[38;2;65;64;57m[48;2;115;88;99m▀[0m[38;2;95;97;95m[48;2;95;97;95m▀[0m[38;2;95;97;95m[48;2;95;97;95m▀[0m[38;2;94;97;94m[48;2;94;97;94m▀[0m[38;2;65;64;65m[48;2;65;64;65m▀[0m[38;2;255;255;255m[48;2;255;255;255m▀[0m[38;2;255;217;222m[48;2;255;217;222m▀[0m[38;2;0;0;0m[48;2;0;0;0m▀[0m        
  [38;2;0;0;0m[48;2;0;0;0m▀[0m[38;2;199;110;141m[48;2;0;0;0m▀[0m[38;2;0;0;0m▀[38;2;0;0;0m▄[38;2;0;0;0m[48;2;199;110;141m▀[0m[38;2;199;110;141m[48;2;0;0;0m▀[0m[38;2;65;64;65m[48;2;0;0;0m▀[0m[38;2;98;97;98m[48;2;98;97;98m▀[0m[38;2;79;78;68m[48;2;79;78;68m▀[0m[38;2;93;95;95m[48;2;93;95;95m▀[0m[38;2;65;64;57m[48;2;115;88;99m▀[0m[38;2;233;133;180m[48;2;65;64;57m▀[0m[38;2;65;64;57m[48;2;233;133;180m▀[0m[38;2;115;88;99m[48;2;65;64;57m▀[0m[38;2;65;64;57m[48;2;115;88;99m▀[0m[38;2;233;133;180m[48;2;65;64;57m▀[0m[38;2;233;133;180m[48;2;74;68;65m▀[0m[38;2;74;68;65m[48;2;74;68;65m▀[0m[38;2;82;79;68m[48;2;82;79;68m▀[0m[38;2;82;79;68m[48;2;82;79;68m▀[0m[38;2;93;95;95m[48;2;79;78;68m▀[0m[38;2;93;95;95m[48;2;79;78;68m▀[0m[38;2;82;78;69m[48;2;0;0;0m▀[0m[38;2;0;0;0m▀[38;2;175;149;149m[48;2;7;0;8m▀[0m[38;2;255;226;227m[48;2;7;0;8m▀[0m[38;2;255;230;255m[48;2;172;156;175m▀[0m[38;2;17;7;13m[48;2;172;156;175m▀[0m[38;2;0;0;0m▄      
     [38;2;0;0;0m▀[38;2;0;0;0m▀  [38;2;0;0;0m[48;2;0;0;0m▀[0m[38;2;82;78;68m[48;2;82;78;68m▀[0m[38;2;65;64;65m[48;2;82;78;68m▀[0m[38;2;94;97;94m[48;2;65;64;65m▀[0m[38;2;94;97;94m[48;2;94;97;94m▀[0m[38;2;65;64;65m[48;2;94;97;94m▀[0m[38;2;94;97;94m[48;2;94;97;94m▀[0m[38;2;65;64;65m[48;2;65;64;65m▀[0m[38;2;65;64;65m[48;2;82;78;68m▀[0m[38;2;82;79;68m[48;2;82;79;68m▀[0m[38;2;82;79;68m[48;2;0;0;0m▀[0m[38;2;0;0;0m▀[38;2;82;78;69m[48;2;0;0;0m▀[0m[38;2;82;78;68m[48;2;65;64;65m▀[0m[38;2;82;78;68m[48;2;65;64;65m▀[0m[38;2;0;0;0m[48;2;94;97;94m▀[0m[38;2;0;0;0m▄  [38;2;0;0;0m[48;2;0;0;0m▀[0m[38;2;220;157;164m[48;2;220;157;164m▀[0m[38;2;0;0;0m[48;2;0;0;0m▀[0m      
        [38;2;0;0;0m▄[38;2;0;0;0m[48;2;232;70;136m▀[0m[38;2;71;70;65m[48;2;71;70;65m▀[0m[38;2;71;70;65m[48;2;0;0;0m▀[0m[38;2;0;0;0m▀[38;2;94;97;94m[48;2;0;0;0m▀[0m[38;2;68;43;60m[48;2;210;95;147m▀[0m[38;2;139;70;104m[48;2;8;16;0m▀[0m[38;2;0;0;0m▀[38;2;0;0;0m[48;2;0;0;0m▀[0m[38;2;82;79;68m[48;2;82;79;68m▀[0m[38;2;0;0;0m[48;2;82;79;68m▀[0m[38;2;0;0;0m▄[38;2;0;0;0m▀[38;2;231;74;131m[48;2;8;16;0m▀[0m[38;2;231;74;131m[48;2;75;36;53m▀[0m[38;2;76;32;47m[48;2;230;79;138m▀[0m[38;2;8;8;0m[48;2;8;8;0m▀[0m [38;2;0;0;0m[48;2;0;0;0m▀[0m[38;2;220;157;164m[48;2;0;0;0m▀[0m[38;2;0;0;0m▀       
       [38;2;0;0;0m▀[38;2;232;70;136m[48;2;0;0;0m▀[0m[38;2;232;70;136m[48;2;0;0;0m▀[0m[38;2;0;0;0m▀ [38;2;8;8;0m[48;2;8;8;0m▀[0m[38;2;76;32;47m[48;2;230;79;138m▀[0m[38;2;230;79;138m[48;2;76;32;47m▀[0m[38;2;8;8;0m[48;2;8;8;0m▀[0m  [38;2;0;0;0m▀[38;2;0;0;0m▀   [38;2;0;0;0m[48;2;0;0;0m▀[0m[38;2;232;70;136m[48;2;0;0;0m▀[0m[38;2;0;0;0m▀[38;2;0;0;0m▄[38;2;0;0;0m▄[38;2;0;0;0m▄ [38;2;0;0;0m▄[38;2;0;0;0m[48;2;222;170;238m▀[0m[38;2;0;0;0m[48;2;222;170;238m▀[0m[38;2;0;0;0m▄[38;2;0;0;0m▄  
     [38;2;0;0;0m▄[38;2;0;0;0m▄      [38;2;0;0;0m▀[38;2;0;0;0m▀ [38;2;0;0;0m▄[38;2;0;0;0m[48;2;219;70;232m▀[0m[38;2;0;0;0m[48;2;65;64;65m▀[0m[38;2;0;0;0m▄[38;2;0;0;0m▄ [38;2;0;0;0m▄[38;2;0;0;0m▄[38;2;0;0;0m▄[38;2;0;0;0m[48;2;147;69;158m▀[0m[38;2;139;72;152m[48;2;211;85;221m▀[0m[38;2;211;85;221m[48;2;211;85;221m▀[0m[38;2;223;171;247m[48;2;155;115;167m▀[0m[38;2;3;0;8m[48;2;223;171;247m▀[0m[38;2;229;150;240m[48;2;229;150;240m▀[0m[38;2;79;53;77m[48;2;8;4;0m▀[0m[38;2;0;0;0m▀[38;2;255;218;246m[48;2;0;0;0m▀[0m[38;2;255;218;246m[48;2;0;0;0m▀[0m[38;2;0;0;0m▀ 
    [38;2;0;4;0m[48;2;0;4;0m▀[0m[38;2;217;84;230m[48;2;144;56;153m▀[0m[38;2;71;36;75m[48;2;225;74;231m▀[0m[38;2;16;13;0m[48;2;225;74;231m▀[0m[38;2;0;0;0m[48;2;0;0;0m▀[0m [38;2;0;0;0m▄[38;2;0;0;0m[48;2;219;70;232m▀[0m[38;2;8;8;0m[48;2;75;32;76m▀[0m[38;2;8;8;0m[48;2;221;79;230m▀[0m[38;2;0;0;0m▄ [38;2;0;0;0m▀[38;2;147;69;158m[48;2;0;0;0m▀[0m[38;2;219;70;232m[48;2;0;0;0m▀[0m[38;2;219;70;232m[48;2;0;0;0m▀[0m[38;2;0;0;0m▀[38;2;0;0;0m[48;2;0;0;0m▀[0m[38;2;219;70;232m[48;2;219;70;232m▀[0m[38;2;65;64;65m[48;2;143;66;148m▀[0m[38;2;225;74;231m[48;2;225;74;231m▀[0m[38;2;71;36;75m[48;2;16;13;0m▀[0m[38;2;0;0;0m▀[38;2;219;70;232m[48;2;0;0;0m▀[0m[38;2;201;91;211m[48;2;0;0;0m▀[0m[38;2;201;91;211m[48;2;0;0;0m▀[0m[38;2;0;0;0m▀      
     [38;2;0;0;0m▀[38;2;0;0;0m▀[38;2;0;0;0m▀  [38;2;0;0;0m▀[38;2;219;70;232m[48;2;0;0;0m▀[0m[38;2;144;56;153m[48;2;0;4;0m▀[0m[38;2;217;84;230m[48;2;0;4;0m▀[0m[38;2;0;0;0m▀       [38;2;0;0;0m▀[38;2;0;0;0m▀[38;2;0;0;0m▀            
                                     [0m                                     