 [38;2;0;0;0m▄[38;2;0;0;0m[48;2;65;65;65m▀[0m[38;2;0;0;0m[48;2;133;169;7m▀[0m[38;2;0;0;0m[48;2;133;169;7m▀[0m[38;2;0;0;0m▄      [38;2;0;0;0m▄[38;2;0;0;0m▄   
 [38;2;0;0;0m[48;2;0;0;0m▀[0m[38;2;133;169;7m[48;2;133;169;7m▀[0m[38;2;133;169;7m[48;2;115;115;115m▀[0m[38;2;115;115;115m[48;2;206;189;165m▀[0m[38;2;165;156;140m[48;2;115;115;115m▀[0m[38;2;0;0;0m[48;2;0;0;0m▀[0m   [38;2;0;0;0m▄[38;2;0;0;0m[48;2;174;213;1m▀[0m[38;2;174;213;1m[48;2;115;115;115m▀[0m[38;2;133;169;7m[48;2;174;213;1m▀[0m[38;2;0;0;0m[48;2;133;169;7m▀[0m[38;2;0;0;0m▄ 
  [38;2;0;0;0m[48;2;0;0;0m▀[0m[38;2;115;115;115m[48;2;206;189;165m▀[0m[38;2;206;189;165m[48;2;115;115;115m▀[0m[38;2;165;156;140m[48;2;206;189;165m▀[0m[38;2;0;0;0m[48;2;65;65;65m▀[0m[38;2;0;0;0m▄[38;2;0;0;0m▄[38;2;0;0;0m▄[38;2;0;0;0m[48;2;247;222;189m▀[0m[38;2;115;115;115m[48;2;165;156;140m▀[0m[38;2;174;213;1m[48;2;174;213;1m▀[0m[38;2;115;115;115m[48;2;115;115;115m▀[0m[38;2;133;169;7m[48;2;133;169;7m▀[0m[38;2;0;0;0m[48;2;0;0;0m▀[0m 
  [38;2;0;0;0m▄[38;2;0;0;0m[48;2;174;213;1m▀[0m[38;2;65;65;65m[48;2;174;213;1m▀[0m[38;2;247;222;189m[48;2;247;222;189m▀[0m[38;2;247;222;189m[48;2;247;222;189m▀[0m[38;2;247;222;189m[48;2;247;222;189m▀[0m[38;2;247;222;189m[48;2;247;222;189m▀[0m[38;2;65;65;65m[48;2;247;222;189m▀[0m[38;2;247;222;189m[48;2;247;222;189m▀[0m[38;2;247;222;189m[48;2;115;115;115m▀[0m[38;2;115;115;115m[48;2;206;189;165m▀[0m[38;2;206;189;165m[48;2;0;0;0m▀[0m[38;2;0;0;0m▀  
 [38;2;0;0;0m[48;2;0;0;0m▀[0m[38;2;174;213;1m[48;2;174;213;1m▀[0m[38;2;65;65;65m[48;2;65;65;65m▀[0m[38;2;174;213;1m[48;2;247;222;189m▀[0m[38;2;247;222;189m[48;2;247;222;189m▀[0m[38;2;247;222;189m[48;2;247;222;189m▀[0m[38;2;247;222;189m[48;2;115;115;115m▀[0m[38;2;174;213;1m[48;2;65;65;65m▀[0m[38;2;174;213;1m[48;2;65;65;65m▀[0m[38;2;174;213;1m[48;2;174;213;1m▀[0m[38;2;65;65;65m[48;2;174;213;1m▀[0m[38;2;0;0;0m[48;2;206;189;165m▀[0m[38;2;0;0;0m▄   
 [38;2;0;0;0m[48;2;0;0;0m▀[0m[38;2;65;65;65m[48;2;206;189;165m▀[0m[38;2;247;222;189m[48;2;165;156;140m▀[0m[38;2;247;222;189m[48;2;65;65;65m▀[0m[38;2;247;222;189m[48;2;247;222;189m▀[0m[38;2;115;115;115m[48;2;115;115;115m▀[0m[38;2;247;222;189m[48;2;247;222;189m▀[0m[38;2;174;213;1m[48;2;65;65;65m▀[0m[38;2;174;213;1m[48;2;174;213;1m▀[0m[38;2;65;65;65m[48;2;65;65;65m▀[0m[38;2;133;169;7m[48;2;133;169;7m▀[0m[38;2;206;189;165m[48;2;206;189;165m▀[0m[38;2;0;0;0m[48;2;0;0;0m▀[0m   
 [38;2;0;0;0m▄[38;2;0;0;0m[48;2;133;169;7m▀[0m[38;2;206;189;165m[48;2;65;65;65m▀[0m[38;2;206;189;165m[48;2;255;156;181m▀[0m[38;2;206;189;165m[48;2;255;156;181m▀[0m[38;2;206;189;165m[48;2;222;123;148m▀[0m[38;2;65;65;65m[48;2;206;189;165m▀[0m[38;2;115;115;115m[48;2;206;189;165m▀[0m[38;2;206;189;165m[48;2;65;65;65m▀[0m[38;2;65;65;65m[48;2;206;189;165m▀[0m[38;2;206;189;165m[48;2;165;156;140m▀[0m[38;2;165;156;140m[48;2;0;0;0m▀[0m[38;2;0;0;0m▀   
 [38;2;0;0;0m▀[38;2;133;169;7m[48;2;0;0;0m▀[0m[38;2;133;169;7m[48;2;133;169;7m▀[0m[38;2;65;65;65m[48;2;65;65;65m▀[0m[38;2;65;65;65m[48;2;247;222;189m▀[0m[38;2;206;189;165m[48;2;206;189;165m▀[0m[38;2;206;189;165m[48;2;206;189;165m▀[0m[38;2;206;189;165m[48;2;206;189;165m▀[0m[38;2;206;189;165m[48;2;174;213;1m▀[0m[38;2;65;65;65m[48;2;174;213;1m▀[0m[38;2;0;0;0m[48;2;174;213;1m▀[0m[38;2;0;0;0m▄    
   [38;2;0;0;0m[48;2;0;0;0m▀[0m[38;2;247;222;189m[48;2;133;169;7m▀[0m[38;2;247;222;189m[48;2;133;169;7m▀[0m[38;2;247;222;189m[48;2;247;222;189m▀[0m[38;2;247;222;189m[48;2;247;222;189m▀[0m[38;2;247;222;189m[48;2;174;213;1m▀[0m[38;2;133;169;7m[48;2;174;213;1m▀[0m[38;2;174;213;1m[48;2;65;65;65m▀[0m[38;2;174;213;1m[48;2;174;213;1m▀[0m[38;2;174;213;1m[48;2;174;213;1m▀[0m[38;2;0;0;0m[48;2;0;0;0m▀[0m   
   [38;2;0;0;0m▀[38;2;206;189;165m[48;2;0;0;0m▀[0m[38;2;206;189;165m[48;2;0;0;0m▀[0m[38;2;133;169;7m[48;2;0;0;0m▀[0m[38;2;174;213;1m[48;2;0;0;0m▀[0m[38;2;174;213;1m[48;2;247;222;189m▀[0m[38;2;174;213;1m[48;2;247;222;189m▀[0m[38;2;133;169;7m[48;2;206;189;165m▀[0m[38;2;65;65;65m[48;2;0;0;0m▀[0m[38;2;0;0;0m▀    
                   [38;2;0;0;0m▀[38;2;0;0;0m▀[38;2;0;0;0m▀                 
                                     [0m                                     