              [38;2;0;0;0m▄[38;2;0;0;0m[48;2;97;141;195m▀[0m[38;2;0;0;0m▄               
      [38;2;0;0;0m▄[38;2;0;0;0m▄     [38;2;8;4;0m[48;2;63;56;74m▀[0m[38;2;134;192;232m[48;2;134;192;232m▀[0m[38;2;71;105;169m[48;2;71;105;169m▀[0m[38;2;95;139;193m[48;2;95;139;193m▀[0m[38;2;0;0;0m[48;2;0;0;0m▀[0m              
     [38;2;0;4;0m[48;2;0;4;0m▀[0m[38;2;58;92;156m[48;2;105;149;203m▀[0m[38;2;99;143;197m[48;2;55;89;153m▀[0m[38;2;0;8;0m[48;2;99;143;197m▀[0m[38;2;0;0;0m[48;2;97;141;195m▀[0m[38;2;0;0;0m▄ [38;2;0;0;0m[48;2;0;0;0m▀[0m[38;2;134;192;232m[48;2;134;192;232m▀[0m[38;2;72;106;170m[48;2;72;106;170m▀[0m[38;2;96;140;194m[48;2;96;140;194m▀[0m[38;2;96;140;194m[48;2;96;140;194m▀[0m[38;2;97;141;195m[48;2;97;141;195m▀[0m[38;2;0;0;0m[48;2;0;0;0m▀[0m  [38;2;0;0;0m▄[38;2;0;0;0m▄[38;2;0;0;0m▄[38;2;0;0;0m[48;2;97;141;195m▀[0m[38;2;0;4;0m[48;2;105;149;203m▀[0m[38;2;0;4;0m[48;2;58;92;156m▀[0m[38;2;0;0;0m▄    
     [38;2;0;0;0m▀[38;2;97;141;195m[48;2;0;0;0m▀[0m[38;2;95;139;193m[48;2;95;139;193m▀[0m[38;2;71;105;169m[48;2;71;105;169m▀[0m[38;2;96;140;194m[48;2;96;140;194m▀[0m[38;2;96;140;194m[48;2;96;140;194m▀[0m[38;2;8;4;0m[48;2;63;56;74m▀[0m[38;2;134;192;232m[48;2;134;192;232m▀[0m[38;2;132;190;230m[48;2;71;105;169m▀[0m[38;2;71;105;169m[48;2;101;145;199m▀[0m[38;2;96;140;194m[48;2;96;140;194m▀[0m[38;2;96;140;194m[48;2;96;140;194m▀[0m[38;2;96;140;194m[48;2;96;140;194m▀[0m[38;2;96;140;194m[48;2;96;140;194m▀[0m[38;2;0;0;0m[48;2;65;60;90m▀[0m[38;2;0;0;0m[48;2;93;137;191m▀[0m[38;2;96;140;194m[48;2;96;140;194m▀[0m[38;2;96;140;194m[48;2;96;140;194m▀[0m[38;2;96;140;194m[48;2;96;140;194m▀[0m[38;2;96;140;194m[48;2;72;106;170m▀[0m[38;2;71;105;169m[48;2;95;139;193m▀[0m[38;2;95;139;193m[48;2;71;105;169m▀[0m[38;2;0;0;0m[48;2;0;0;0m▀[0m    
      [38;2;0;0;0m[48;2;0;0;0m▀[0m[38;2;96;140;194m[48;2;65;64;65m▀[0m[38;2;96;140;194m[48;2;65;64;65m▀[0m[38;2;72;106;170m[48;2;65;64;65m▀[0m[38;2;65;64;65m[48;2;65;64;65m▀[0m[38;2;134;192;232m[48;2;134;192;232m▀[0m[38;2;134;192;232m[48;2;65;64;65m▀[0m[38;2;72;106;170m[48;2;65;64;65m▀[0m[38;2;94;138;192m[48;2;65;64;65m▀[0m[38;2;96;140;194m[48;2;96;140;194m▀[0m[38;2;96;140;194m[48;2;96;140;194m▀[0m[38;2;96;140;194m[48;2;96;140;194m▀[0m[38;2;96;140;194m[48;2;96;140;194m▀[0m[38;2;65;64;65m[48;2;96;140;194m▀[0m[38;2;96;140;194m[48;2;65;64;65m▀[0m[38;2;95;139;193m[48;2;71;105;169m▀[0m[38;2;71;105;169m[48;2;95;139;193m▀[0m[38;2;72;106;170m[48;2;96;140;194m▀[0m[38;2;96;140;194m[48;2;96;140;194m▀[0m[38;2;105;149;203m[48;2;58;92;156m▀[0m[38;2;0;4;0m[48;2;0;4;0m▀[0m     
 [38;2;0;0;0m▄[38;2;0;0;0m[48;2;72;106;170m▀[0m[38;2;0;0;0m[48;2;134;192;232m▀[0m[38;2;0;0;0m[48;2;134;192;232m▀[0m[38;2;0;0;0m[48;2;134;192;232m▀[0m[38;2;134;192;232m[48;2;134;192;232m▀[0m[38;2;134;192;232m[48;2;65;64;65m▀[0m[38;2;134;192;232m[48;2;65;64;65m▀[0m[38;2;132;190;230m[48;2;132;190;230m▀[0m[38;2;78;122;176m[48;2;57;60;65m▀[0m[38;2;65;64;65m[48;2;246;116;119m▀[0m[38;2;246;116;119m[48;2;246;116;119m▀[0m[38;2;246;116;119m[48;2;246;116;119m▀[0m[38;2;161;65;92m[48;2;161;65;92m▀[0m[38;2;65;64;65m[48;2;65;64;65m▀[0m[38;2;96;140;194m[48;2;96;140;194m▀[0m[38;2;96;140;194m[48;2;96;140;194m▀[0m[38;2;96;140;194m[48;2;96;140;194m▀[0m[38;2;101;145;199m[48;2;71;105;169m▀[0m[38;2;71;105;169m[48;2;132;190;230m▀[0m[38;2;65;64;65m[48;2;134;192;232m▀[0m[38;2;65;64;65m[48;2;134;192;232m▀[0m[38;2;96;140;194m[48;2;65;64;65m▀[0m[38;2;96;140;194m[48;2;65;64;65m▀[0m[38;2;0;0;0m[48;2;0;0;0m▀[0m      
 [38;2;0;0;0m▀[38;2;97;141;195m[48;2;0;0;0m▀[0m[38;2;71;105;169m[48;2;95;139;193m▀[0m[38;2;71;105;169m[48;2;95;139;193m▀[0m[38;2;135;193;233m[48;2;65;64;82m▀[0m[38;2;65;64;82m[48;2;246;116;119m▀[0m[38;2;246;116;119m[48;2;246;116;119m▀[0m[38;2;65;60;57m[48;2;166;70;97m▀[0m[38;2;65;64;65m[48;2;210;79;82m▀[0m[38;2;65;64;65m[48;2;210;79;82m▀[0m[38;2;246;115;118m[48;2;246;115;118m▀[0m[38;2;246;115;118m[48;2;246;115;118m▀[0m[38;2;161;65;92m[48;2;209;78;81m▀[0m[38;2;209;78;81m[48;2;209;78;81m▀[0m[38;2;74;80;90m[48;2;246;116;119m▀[0m[38;2;74;80;90m[48;2;74;80;90m▀[0m[38;2;94;138;192m[48;2;65;64;65m▀[0m[38;2;72;106;170m[48;2;65;64;65m▀[0m[38;2;65;64;65m[48;2;246;116;119m▀[0m[38;2;65;64;65m[48;2;65;64;65m▀[0m[38;2;134;192;232m[48;2;65;64;65m▀[0m[38;2;134;192;232m[48;2;134;192;232m▀[0m[38;2;133;191;231m[48;2;133;191;231m▀[0m[38;2;133;191;231m[48;2;133;191;231m▀[0m[38;2;134;192;232m[48;2;134;192;232m▀[0m[38;2;0;0;0m[48;2;134;192;232m▀[0m[38;2;0;0;0m[48;2;134;192;232m▀[0m[38;2;0;0;0m▄[38;2;0;0;0m▄  
   [38;2;0;0;0m▀[38;2;97;141;195m[48;2;0;0;0m▀[0m[38;2;65;64;98m[48;2;84;128;182m▀[0m[38;2;246;118;121m[48;2;65;64;98m▀[0m[38;2;246;115;118m[48;2;246;115;118m▀[0m[38;2;246;115;118m[48;2;246;115;118m▀[0m[38;2;246;115;118m[48;2;65;68;49m▀[0m[38;2;65;68;49m[48;2;186;228;255m▀[0m[38;2;65;64;65m[48;2;226;243;255m▀[0m[38;2;65;64;65m[48;2;226;243;255m▀[0m[38;2;65;64;65m[48;2;219;241;255m▀[0m[38;2;246;118;121m[48;2;65;64;65m▀[0m[38;2;246;116;119m[48;2;246;116;119m▀[0m[38;2;246;116;119m[48;2;161;65;92m▀[0m[38;2;161;65;92m[48;2;246;116;119m▀[0m[38;2;246;116;119m[48;2;246;116;119m▀[0m[38;2;246;116;119m[48;2;246;116;119m▀[0m[38;2;246;116;119m[48;2;65;64;65m▀[0m[38;2;65;64;65m[48;2;134;192;232m▀[0m[38;2;134;192;232m[48;2;134;192;232m▀[0m[38;2;133;191;231m[48;2;133;191;231m▀[0m[38;2;133;191;231m[48;2;133;191;231m▀[0m[38;2;134;192;232m[48;2;72;106;170m▀[0m[38;2;134;192;232m[48;2;72;106;170m▀[0m[38;2;134;192;232m[48;2;72;106;170m▀[0m[38;2;134;192;232m[48;2;72;106;170m▀[0m[38;2;134;192;232m[48;2;0;0;0m▀[0m[38;2;0;0;0m▀ 
    [38;2;0;0;0m▄[38;2;16;12;16m[48;2;246;119;122m▀[0m[38;2;207;76;78m[48;2;161;37;40m▀[0m[38;2;149;53;80m[48;2;63;74;60m▀[0m[38;2;63;74;60m[48;2;77;109;218m▀[0m[38;2;94;126;235m[48;2;94;126;235m▀[0m[38;2;226;243;255m[48;2;94;126;235m▀[0m[38;2;226;243;255m[48;2;88;92;192m▀[0m[38;2;226;243;255m[48;2;88;92;192m▀[0m[38;2;106;161;247m[48;2;106;161;247m▀[0m[38;2;106;161;247m[48;2;80;84;184m▀[0m[38;2;74;56;65m[48;2;126;176;255m▀[0m[38;2;238;102;105m[48;2;74;56;65m▀[0m[38;2;246;116;119m[48;2;246;116;119m▀[0m[38;2;246;116;119m[48;2;161;65;92m▀[0m[38;2;57;60;82m[48;2;246;113;116m▀[0m[38;2;78;122;176m[48;2;57;60;82m▀[0m[38;2;71;105;169m[48;2;95;139;193m▀[0m[38;2;71;105;169m[48;2;95;139;193m▀[0m[38;2;71;105;169m[48;2;95;139;193m▀[0m[38;2;71;105;169m[48;2;95;139;193m▀[0m[38;2;96;140;194m[48;2;96;140;194m▀[0m[38;2;96;140;194m[48;2;65;64;65m▀[0m[38;2;97;141;195m[48;2;0;0;0m▀[0m[38;2;0;0;0m▀   
  [38;2;0;0;0m▄[38;2;8;4;0m[48;2;74;108;172m▀[0m[38;2;57;56;69m[48;2;74;108;172m▀[0m[38;2;246;116;119m[48;2;65;64;65m▀[0m[38;2;246;116;119m[48;2;246;116;119m▀[0m[38;2;65;64;65m[48;2;65;64;65m▀[0m[38;2;72;101;198m[48;2;72;101;198m▀[0m[38;2;80;84;184m[48;2;80;84;184m▀[0m[38;2;106;161;247m[48;2;106;161;247m▀[0m[38;2;106;161;247m[48;2;187;228;255m▀[0m[38;2;187;228;255m[48;2;187;228;255m▀[0m[38;2;91;95;195m[48;2;91;95;195m▀[0m[38;2;106;161;247m[48;2;106;161;247m▀[0m[38;2;106;161;247m[48;2;106;161;247m▀[0m[38;2;65;64;65m[48;2;65;64;65m▀[0m[38;2;246;116;119m[48;2;246;116;119m▀[0m[38;2;246;116;119m[48;2;161;65;92m▀[0m[38;2;246;116;119m[48;2;161;65;92m▀[0m[38;2;246;116;119m[48;2;161;65;92m▀[0m[38;2;74;72;49m[48;2;151;55;82m▀[0m[38;2;102;146;200m[48;2;74;72;49m▀[0m[38;2;65;64;65m[48;2;72;106;170m▀[0m[38;2;65;64;65m[48;2;94;138;192m▀[0m[38;2;65;64;65m[48;2;96;140;194m▀[0m[38;2;96;140;194m[48;2;96;140;194m▀[0m[38;2;0;0;0m[48;2;97;141;195m▀[0m[38;2;0;0;0m▄   
  [38;2;0;0;0m▀[38;2;72;106;170m[48;2;0;0;0m▀[0m[38;2;72;106;170m[48;2;0;0;0m▀[0m[38;2;73;107;171m[48;2;0;4;24m▀[0m[38;2;60;56;54m[48;2;210;79;82m▀[0m[38;2;63;74;60m[48;2;149;53;80m▀[0m[38;2;77;109;218m[48;2;63;74;60m▀[0m[38;2;75;92;185m[48;2;75;92;185m▀[0m[38;2;187;228;255m[48;2;83;87;187m▀[0m[38;2;187;228;255m[48;2;79;83;183m▀[0m[38;2;187;228;255m[48;2;79;83;183m▀[0m[38;2;91;95;195m[48;2;83;100;193m▀[0m[38;2;106;161;247m[48;2;74;103;200m▀[0m[38;2;111;166;252m[48;2;65;72;65m▀[0m[38;2;65;72;65m[48;2;152;56;83m▀[0m[38;2;246;116;119m[48;2;161;65;92m▀[0m[38;2;246;116;119m[48;2;161;65;92m▀[0m[38;2;246;115;118m[48;2;246;115;118m▀[0m[38;2;246;115;118m[48;2;246;115;118m▀[0m[38;2;246;116;119m[48;2;246;116;119m▀[0m[38;2;65;64;65m[48;2;65;64;65m▀[0m[38;2;94;138;192m[48;2;65;64;65m▀[0m[38;2;72;106;170m[48;2;94;138;192m▀[0m[38;2;71;105;169m[48;2;95;139;193m▀[0m[38;2;95;139;193m[48;2;71;105;169m▀[0m[38;2;96;140;194m[48;2;72;106;170m▀[0m[38;2;96;140;194m[48;2;96;140;194m▀[0m[38;2;0;0;0m[48;2;97;141;195m▀[0m[38;2;0;0;0m▄ 
     [38;2;0;0;0m▄[38;2;0;0;0m[48;2;246;116;119m▀[0m[38;2;246;115;118m[48;2;246;115;118m▀[0m[38;2;246;115;118m[48;2;246;115;118m▀[0m[38;2;63;74;60m[48;2;149;53;80m▀[0m[38;2;77;109;218m[48;2;63;74;60m▀[0m[38;2;72;101;198m[48;2;65;64;65m▀[0m[38;2;72;101;198m[48;2;65;64;65m▀[0m[38;2;78;110;219m[48;2;82;48;74m▀[0m[38;2;82;48;74m[48;2;246;109;112m▀[0m[38;2;246;116;119m[48;2;246;116;119m▀[0m[38;2;161;65;92m[48;2;246;116;119m▀[0m[38;2;210;79;82m[48;2;161;65;92m▀[0m[38;2;210;79;82m[48;2;161;65;92m▀[0m[38;2;161;65;92m[48;2;161;65;92m▀[0m[38;2;65;64;65m[48;2;65;64;65m▀[0m[38;2;65;64;65m[48;2;96;140;194m▀[0m[38;2;96;140;194m[48;2;96;140;194m▀[0m[38;2;65;64;65m[48;2;0;0;0m▀[0m[38;2;0;0;0m▀[38;2;0;0;0m▀[38;2;97;141;195m[48;2;0;0;0m▀[0m[38;2;105;149;203m[48;2;0;4;0m▀[0m[38;2;58;92;156m[48;2;0;4;0m▀[0m[38;2;72;106;170m[48;2;0;0;0m▀[0m[38;2;0;0;0m▀ 
     [38;2;0;0;0m▄[38;2;0;0;0m[48;2;97;141;195m▀[0m[38;2;246;113;116m[48;2;65;60;65m▀[0m[38;2;166;70;97m[48;2;65;60;65m▀[0m[38;2;65;64;65m[48;2;96;140;194m▀[0m[38;2;65;64;65m[48;2;65;64;65m▀[0m[38;2;246;115;118m[48;2;246;115;118m▀[0m[38;2;246;115;118m[48;2;246;115;118m▀[0m[38;2;161;65;92m[48;2;161;65;92m▀[0m[38;2;161;65;92m[48;2;210;79;82m▀[0m[38;2;246;116;119m[48;2;65;64;65m▀[0m[38;2;246;116;119m[48;2;65;64;65m▀[0m[38;2;246;116;119m[48;2;246;116;119m▀[0m[38;2;246;116;119m[48;2;65;64;65m▀[0m[38;2;65;64;65m[48;2;94;138;192m▀[0m[38;2;94;138;192m[48;2;72;106;170m▀[0m[38;2;96;140;194m[48;2;134;192;232m▀[0m[38;2;134;192;232m[48;2;134;192;232m▀[0m[38;2;134;192;232m[48;2;134;192;232m▀[0m[38;2;0;0;0m[48;2;0;0;0m▀[0m       
    [38;2;0;0;0m▄[38;2;0;8;0m[48;2;99;143;197m▀[0m[38;2;99;143;197m[48;2;55;89;153m▀[0m[38;2;72;106;170m[48;2;96;140;194m▀[0m[38;2;96;140;194m[48;2;96;140;194m▀[0m[38;2;97;141;195m[48;2;0;0;0m▀[0m[38;2;0;0;0m▀[38;2;0;0;0m▀[38;2;246;116;119m[48;2;0;0;0m▀[0m[38;2;246;116;119m[48;2;65;64;65m▀[0m[38;2;65;64;65m[48;2;65;64;65m▀[0m[38;2;65;64;65m[48;2;72;106;170m▀[0m[38;2;72;106;170m[48;2;72;106;170m▀[0m[38;2;72;106;170m[48;2;0;0;0m▀[0m[38;2;0;0;0m▀[38;2;97;141;195m[48;2;0;0;0m▀[0m[38;2;97;141;195m[48;2;97;141;195m▀[0m[38;2;71;105;169m[48;2;101;145;199m▀[0m[38;2;132;190;230m[48;2;71;105;169m▀[0m[38;2;134;192;232m[48;2;134;192;232m▀[0m[38;2;0;0;0m[48;2;134;192;232m▀[0m[38;2;0;0;0m▄      
    [38;2;0;0;0m▀[38;2;58;92;156m[48;2;0;4;0m▀[0m[38;2;105;149;203m[48;2;0;4;0m▀[0m[38;2;0;0;0m▀[38;2;0;0;0m▀    [38;2;0;0;0m▀[38;2;65;64;65m[48;2;0;0;0m▀[0m[38;2;72;106;170m[48;2;0;0;0m▀[0m[38;2;0;0;0m▀   [38;2;0;0;0m▀[38;2;105;149;203m[48;2;0;4;0m▀[0m[38;2;58;92;156m[48;2;0;4;0m▀[0m[38;2;134;192;232m[48;2;72;106;170m▀[0m[38;2;134;192;232m[48;2;134;192;232m▀[0m[38;2;0;0;0m[48;2;0;0;0m▀[0m      
                                 [38;2;0;0;0m▀[38;2;0;0;0m▀                 
                                     [0m                                     