        [38;2;0;0;0m▄[38;2;0;0;0m[48;2;0;0;0m▀[0m[38;2;0;0;0m[48;2;115;78;60m▀[0m[38;2;0;0;0m[48;2;65;65;65m▀[0m[38;2;0;0;0m▄           
          [38;2;0;0;0m[48;2;0;0;0m▀[0m[38;2;115;78;60m[48;2;115;78;60m▀[0m[38;2;65;65;65m[48;2;115;78;60m▀[0m[38;2;0;0;0m[48;2;0;0;0m▀[0m          
        [38;2;0;0;0m▄[38;2;0;0;0m[48;2;0;0;0m▀[0m[38;2;115;78;60m[48;2;65;65;65m▀[0m[38;2;115;78;60m[48;2;115;78;60m▀[0m[38;2;115;78;60m[48;2;65;65;65m▀[0m[38;2;0;0;0m[48;2;0;0;0m▀[0m          
     [38;2;0;0;0m▄[38;2;0;0;0m[48;2;157;118;98m▀[0m[38;2;0;0;0m[48;2;157;118;98m▀[0m[38;2;115;78;60m[48;2;115;78;60m▀[0m[38;2;115;78;60m[48;2;115;78;60m▀[0m[38;2;115;78;60m[48;2;115;78;60m▀[0m[38;2;65;65;65m[48;2;115;78;60m▀[0m[38;2;0;0;0m[48;2;0;0;0m▀[0m      [38;2;0;0;0m▄[38;2;0;0;0m▄[38;2;0;0;0m[48;2;214;214;214m▀[0m[38;2;0;0;0m[48;2;0;0;0m▀[0m 
    [38;2;0;0;0m[48;2;0;0;0m▀[0m[38;2;157;118;98m[48;2;255;255;255m▀[0m[38;2;157;118;98m[48;2;157;118;98m▀[0m[38;2;157;118;98m[48;2;157;118;98m▀[0m[38;2;157;118;98m[48;2;115;78;60m▀[0m[38;2;115;78;60m[48;2;115;78;60m▀[0m[38;2;115;78;60m[48;2;255;255;255m▀[0m[38;2;115;78;60m[48;2;115;78;60m▀[0m[38;2;115;78;60m[48;2;115;78;60m▀[0m[38;2;0;0;0m[48;2;0;0;0m▀[0m  [38;2;0;0;0m▄[38;2;0;0;0m[48;2;115;78;60m▀[0m[38;2;0;0;0m[48;2;214;214;214m▀[0m[38;2;214;214;214m[48;2;214;214;214m▀[0m[38;2;214;214;214m[48;2;214;214;214m▀[0m[38;2;214;214;214m[48;2;115;78;60m▀[0m[38;2;0;0;0m[48;2;0;0;0m▀[0m 
   [38;2;0;0;0m[48;2;0;0;0m▀[0m[38;2;189;153;133m[48;2;214;121;58m▀[0m[38;2;214;121;58m[48;2;247;191;41m▀[0m[38;2;255;255;255m[48;2;247;191;41m▀[0m[38;2;255;255;255m[48;2;255;255;255m▀[0m[38;2;0;0;0m[48;2;0;0;0m▀[0m[38;2;255;255;255m[48;2;255;255;255m▀[0m[38;2;189;153;133m[48;2;115;78;60m▀[0m[38;2;115;78;60m[48;2;115;78;60m▀[0m[38;2;115;78;60m[48;2;115;78;60m▀[0m[38;2;0;0;0m[48;2;115;78;60m▀[0m[38;2;0;0;0m▄[38;2;0;0;0m[48;2;115;78;60m▀[0m[38;2;115;78;60m[48;2;115;78;60m▀[0m[38;2;189;153;133m[48;2;214;214;214m▀[0m[38;2;214;214;214m[48;2;214;214;214m▀[0m[38;2;214;214;214m[48;2;115;78;60m▀[0m[38;2;115;78;60m[48;2;115;78;60m▀[0m[38;2;0;0;0m[48;2;0;0;0m▀[0m  
 [38;2;0;0;0m▄[38;2;0;0;0m[48;2;0;0;0m▀[0m[38;2;65;65;65m[48;2;0;0;0m▀[0m[38;2;65;65;65m[48;2;214;121;58m▀[0m[38;2;247;191;41m[48;2;214;121;58m▀[0m[38;2;247;191;41m[48;2;214;121;58m▀[0m[38;2;214;121;58m[48;2;255;255;255m▀[0m[38;2;255;255;255m[48;2;255;255;255m▀[0m[38;2;115;78;60m[48;2;255;255;255m▀[0m[38;2;115;78;60m[48;2;115;78;60m▀[0m[38;2;115;78;60m[48;2;115;78;60m▀[0m[38;2;115;78;60m[48;2;115;78;60m▀[0m[38;2;115;78;60m[48;2;115;78;60m▀[0m[38;2;115;78;60m[48;2;115;78;60m▀[0m[38;2;65;65;65m[48;2;65;65;65m▀[0m[38;2;115;78;60m[48;2;65;65;65m▀[0m[38;2;214;214;214m[48;2;65;65;65m▀[0m[38;2;115;78;60m[48;2;115;78;60m▀[0m[38;2;115;78;60m[48;2;115;78;60m▀[0m[38;2;115;78;60m[48;2;0;0;0m▀[0m[38;2;0;0;0m▀  
    [38;2;0;0;0m[48;2;0;0;0m▀[0m[38;2;255;255;255m[48;2;65;65;65m▀[0m[38;2;255;255;255m[48;2;255;255;255m▀[0m[38;2;255;255;255m[48;2;65;65;65m▀[0m[38;2;115;78;60m[48;2;115;78;60m▀[0m[38;2;189;153;133m[48;2;115;78;60m▀[0m[38;2;255;255;255m[48;2;115;78;60m▀[0m[38;2;115;78;60m[48;2;65;65;65m▀[0m[38;2;115;78;60m[48;2;115;78;60m▀[0m[38;2;115;78;60m[48;2;115;78;60m▀[0m[38;2;115;78;60m[48;2;157;118;98m▀[0m[38;2;115;78;60m[48;2;115;78;60m▀[0m[38;2;65;65;65m[48;2;157;118;98m▀[0m[38;2;115;78;60m[48;2;115;78;60m▀[0m[38;2;65;65;65m[48;2;0;0;0m▀[0m[38;2;0;0;0m▀    
    [38;2;0;0;0m▀[38;2;115;78;60m[48;2;0;0;0m▀[0m[38;2;65;65;65m[48;2;115;78;60m▀[0m[38;2;115;78;60m[48;2;255;255;255m▀[0m[38;2;65;65;65m[48;2;115;78;60m▀[0m[38;2;115;78;60m[48;2;65;65;65m▀[0m[38;2;115;78;60m[48;2;115;78;60m▀[0m[38;2;65;65;65m[48;2;65;65;65m▀[0m[38;2;115;78;60m[48;2;65;65;65m▀[0m[38;2;115;78;60m[48;2;157;118;98m▀[0m[38;2;157;118;98m[48;2;157;118;98m▀[0m[38;2;157;118;98m[48;2;157;118;98m▀[0m[38;2;157;118;98m[48;2;157;118;98m▀[0m[38;2;115;78;60m[48;2;0;0;0m▀[0m[38;2;0;0;0m▀     
     [38;2;0;0;0m▀[38;2;255;255;255m[48;2;0;0;0m▀[0m[38;2;255;255;255m[48;2;255;255;255m▀[0m[38;2;255;255;255m[48;2;157;118;98m▀[0m[38;2;157;118;98m[48;2;157;118;98m▀[0m[38;2;65;65;65m[48;2;157;118;98m▀[0m[38;2;157;118;98m[48;2;157;118;98m▀[0m[38;2;65;65;65m[48;2;157;118;98m▀[0m[38;2;65;65;65m[48;2;157;118;98m▀[0m[38;2;157;118;98m[48;2;0;0;0m▀[0m[38;2;157;118;98m[48;2;0;0;0m▀[0m[38;2;0;0;0m▀       
       [38;2;0;0;0m▀[38;2;0;0;0m▀[38;2;129;90;72m[48;2;0;0;0m▀[0m[38;2;129;90;72m[48;2;247;191;41m▀[0m[38;2;214;121;58m[48;2;0;0;0m▀[0m[38;2;129;90;72m[48;2;247;191;41m▀[0m[38;2;0;0;0m[48;2;0;0;0m▀[0m          
                        [38;2;0;0;0m▀ [38;2;0;0;0m▀                         
                                     [0m                                     