       [38;2;0;0;0m▄[38;2;0;0;0m[48;2;190;175;246m▀[0m[38;2;0;0;0m[48;2;190;175;246m▀[0m[38;2;0;0;0m▄         
       [38;2;0;0;0m▀[38;2;190;175;246m[48;2;0;0;0m▀[0m[38;2;190;175;246m[48;2;190;175;246m▀[0m[38;2;190;175;246m[48;2;190;175;246m▀[0m[38;2;0;0;0m[48;2;0;0;0m▀[0m        
   [38;2;0;0;0m▄[38;2;0;0;0m[48;2;190;175;246m▀[0m[38;2;0;0;0m[48;2;183;107;248m▀[0m[38;2;0;0;0m[48;2;183;107;248m▀[0m[38;2;0;0;0m▄[38;2;0;0;0m[48;2;0;0;0m▀[0m[38;2;190;175;246m[48;2;135;119;193m▀[0m[38;2;135;119;193m[48;2;0;0;0m▀[0m[38;2;0;0;0m▀[38;2;0;0;0m▄[38;2;0;0;0m▄[38;2;0;0;0m▄     
 [38;2;0;0;0m▄[38;2;0;0;0m[48;2;190;175;246m▀[0m[38;2;183;107;248m[48;2;190;175;246m▀[0m[38;2;190;175;246m[48;2;65;65;65m▀[0m[38;2;190;175;246m[48;2;65;65;65m▀[0m[38;2;190;175;246m[48;2;65;65;65m▀[0m[38;2;135;119;193m[48;2;190;175;246m▀[0m[38;2;65;65;65m[48;2;190;175;246m▀[0m[38;2;135;119;193m[48;2;190;175;246m▀[0m[38;2;0;0;0m[48;2;65;65;65m▀[0m[38;2;0;0;0m[48;2;190;175;246m▀[0m[38;2;190;175;246m[48;2;190;175;246m▀[0m[38;2;190;175;246m[48;2;190;175;246m▀[0m[38;2;190;175;246m[48;2;190;175;246m▀[0m[38;2;0;0;0m[48;2;190;175;246m▀[0m[38;2;0;0;0m▄   
 [38;2;0;0;0m[48;2;0;0;0m▀[0m[38;2;190;175;246m[48;2;65;65;65m▀[0m[38;2;65;65;65m[48;2;135;119;193m▀[0m[38;2;135;119;193m[48;2;65;65;65m▀[0m[38;2;65;65;65m[48;2;172;57;106m▀[0m[38;2;190;175;246m[48;2;65;65;65m▀[0m[38;2;190;175;246m[48;2;65;65;65m▀[0m[38;2;190;175;246m[48;2;65;65;65m▀[0m[38;2;65;65;65m[48;2;182;189;122m▀[0m[38;2;245;252;185m[48;2;182;189;122m▀[0m[38;2;65;65;65m[48;2;245;252;185m▀[0m[38;2;190;175;246m[48;2;65;65;65m▀[0m[38;2;190;175;246m[48;2;190;175;246m▀[0m[38;2;190;175;246m[48;2;190;175;246m▀[0m[38;2;190;175;246m[48;2;190;175;246m▀[0m[38;2;190;175;246m[48;2;190;175;246m▀[0m[38;2;0;0;0m[48;2;0;0;0m▀[0m  
 [38;2;0;0;0m▀[38;2;65;65;65m[48;2;0;0;0m▀[0m[38;2;135;119;193m[48;2;0;0;0m▀[0m[38;2;0;0;0m▀[38;2;222;106;156m[48;2;0;0;0m▀[0m[38;2;245;252;185m[48;2;245;252;185m▀[0m[38;2;245;252;185m[48;2;245;252;185m▀[0m[38;2;245;252;185m[48;2;172;57;106m▀[0m[38;2;172;57;106m[48;2;222;106;156m▀[0m[38;2;245;252;185m[48;2;245;252;185m▀[0m[38;2;222;106;156m[48;2;182;189;122m▀[0m[38;2;245;252;185m[48;2;245;252;185m▀[0m[38;2;65;65;65m[48;2;0;0;0m▀[0m[38;2;190;175;246m[48;2;190;175;246m▀[0m[38;2;190;175;246m[48;2;190;175;246m▀[0m[38;2;190;175;246m[48;2;190;175;246m▀[0m[38;2;135;119;193m[48;2;135;119;193m▀[0m[38;2;0;0;0m[48;2;0;0;0m▀[0m 
    [38;2;0;0;0m▄[38;2;0;0;0m▄[38;2;0;0;0m[48;2;182;189;122m▀[0m[38;2;245;252;185m[48;2;65;65;65m▀[0m[38;2;245;252;185m[48;2;172;57;106m▀[0m[38;2;245;252;185m[48;2;172;57;106m▀[0m[38;2;182;189;122m[48;2;0;0;0m▀[0m[38;2;245;252;185m[48;2;0;0;0m▀[0m[38;2;0;0;0m▀ [38;2;0;0;0m[48;2;0;0;0m▀[0m[38;2;190;175;246m[48;2;135;119;193m▀[0m[38;2;135;119;193m[48;2;135;119;193m▀[0m[38;2;135;119;193m[48;2;135;119;193m▀[0m[38;2;0;0;0m[48;2;0;0;0m▀[0m 
   [38;2;0;0;0m▀[38;2;182;189;122m[48;2;0;0;0m▀[0m[38;2;182;189;122m[48;2;65;65;65m▀[0m[38;2;65;65;65m[48;2;172;57;106m▀[0m[38;2;222;106;156m[48;2;222;106;156m▀[0m[38;2;222;106;156m[48;2;222;106;156m▀[0m[38;2;65;65;65m[48;2;222;106;156m▀[0m[38;2;245;252;185m[48;2;65;65;65m▀[0m[38;2;0;0;0m[48;2;245;252;185m▀[0m[38;2;0;0;0m▄[38;2;0;0;0m▄ [38;2;0;0;0m▀[38;2;135;119;193m[48;2;135;119;193m▀[0m[38;2;0;0;0m[48;2;0;0;0m▀[0m  
    [38;2;0;0;0m[48;2;0;0;0m▀[0m[38;2;245;252;185m[48;2;245;252;185m▀[0m[38;2;182;189;122m[48;2;182;189;122m▀[0m[38;2;172;57;106m[48;2;245;252;185m▀[0m[38;2;172;57;106m[48;2;245;252;185m▀[0m[38;2;172;57;106m[48;2;182;189;122m▀[0m[38;2;245;252;185m[48;2;245;252;185m▀[0m[38;2;65;65;65m[48;2;245;252;185m▀[0m[38;2;245;252;185m[48;2;65;65;65m▀[0m[38;2;245;252;185m[48;2;0;0;0m▀[0m[38;2;0;0;0m▀ [38;2;0;0;0m▀   
     [38;2;0;0;0m▀[38;2;182;189;122m[48;2;0;0;0m▀[0m[38;2;245;252;185m[48;2;65;65;65m▀[0m[38;2;245;252;185m[48;2;172;57;106m▀[0m[38;2;182;189;122m[48;2;172;57;106m▀[0m[38;2;245;252;185m[48;2;65;65;65m▀[0m[38;2;182;189;122m[48;2;0;0;0m▀[0m[38;2;0;0;0m▀       
       [38;2;0;0;0m[48;2;0;0;0m▀[0m[38;2;172;57;106m[48;2;65;65;65m▀[0m[38;2;222;106;156m[48;2;222;106;156m▀[0m[38;2;0;0;0m[48;2;0;0;0m▀[0m         
                        [38;2;0;0;0m▀[38;2;0;0;0m▀                          
                                     [0m                                     