     [38;2;0;0;0m▄[38;2;0;0;0m[48;2;178;103;44m▀[0m[38;2;0;0;0m▄  [38;2;0;0;0m▄                       
    [38;2;0;4;8m▄[38;2;0;0;0m[48;2;179;105;45m▀[0m[38;2;178;103;44m[48;2;179;105;45m▀[0m[38;2;0;0;0m[48;2;179;105;45m▀[0m[38;2;0;0;8m▄[38;2;0;0;0m[48;2;230;190;112m▀[0m[38;2;230;190;112m[48;2;230;190;112m▀[0m[38;2;0;0;0m[48;2;0;0;0m▀[0m   [38;2;0;0;0m▄[38;2;0;0;0m▄[38;2;0;0;0m[48;2;178;103;44m▀[0m[38;2;0;0;0m[48;2;178;103;44m▀[0m[38;2;0;0;0m[48;2;0;0;0m▀[0m              
  [38;2;0;0;0m[48;2;0;0;0m▀[0m[38;2;0;0;0m[48;2;230;190;112m▀[0m[38;2;109;49;0m[48;2;74;60;57m▀[0m[38;2;179;105;45m[48;2;188;114;54m▀[0m[38;2;179;105;45m[48;2;188;114;54m▀[0m[38;2;179;105;45m[48;2;74;60;57m▀[0m[38;2;76;71;57m[48;2;74;68;57m▀[0m[38;2;230;190;112m[48;2;236;193;111m▀[0m[38;2;230;190;112m[48;2;0;0;0m▀[0m[38;2;0;0;0m▀[38;2;0;4;8m▄[38;2;0;0;0m[48;2;179;105;45m▀[0m[38;2;0;0;0m[48;2;178;103;44m▀[0m[38;2;178;103;44m[48;2;140;66;6m▀[0m[38;2;178;103;44m[48;2;143;69;9m▀[0m[38;2;178;103;44m[48;2;179;105;45m▀[0m[38;2;178;103;44m[48;2;0;0;0m▀[0m[38;2;0;0;0m▀   [38;2;0;0;0m▄          
  [38;2;0;0;0m▀[38;2;230;190;112m[48;2;0;0;0m▀[0m[38;2;234;187;97m[48;2;230;190;112m▀[0m[38;2;74;60;57m[48;2;230;190;112m▀[0m[38;2;74;60;57m[48;2;74;68;57m▀[0m[38;2;234;187;97m[48;2;236;193;111m▀[0m[38;2;154;127;75m[48;2;175;135;61m▀[0m[38;2;236;193;111m[48;2;175;135;61m▀[0m[38;2;65;64;65m[48;2;65;64;65m▀[0m[38;2;0;0;0m[48;2;65;64;65m▀[0m[38;2;179;105;45m[48;2;65;64;65m▀[0m[38;2;109;49;0m[48;2;230;190;112m▀[0m[38;2;65;64;65m[48;2;230;190;112m▀[0m[38;2;65;64;65m[48;2;230;190;112m▀[0m[38;2;143;69;9m[48;2;108;49;0m▀[0m[38;2;179;105;45m[48;2;0;0;8m▀[0m[38;2;0;0;0m▀   [38;2;0;0;0m[48;2;0;0;0m▀[0m[38;2;85;128;108m[48;2;85;128;107m▀[0m[38;2;0;0;0m[48;2;0;0;0m▀[0m         
  [38;2;0;0;0m▄[38;2;0;0;0m[48;2;230;190;112m▀[0m[38;2;230;190;112m[48;2;175;135;61m▀[0m[38;2;230;190;112m[48;2;230;190;112m▀[0m[38;2;154;127;75m[48;2;230;190;112m▀[0m[38;2;236;193;111m[48;2;175;135;61m▀[0m[38;2;230;190;112m[48;2;230;190;112m▀[0m[38;2;175;135;61m[48;2;65;64;65m▀[0m[38;2;65;64;65m[48;2;230;190;112m▀[0m[38;2;230;190;112m[48;2;230;190;112m▀[0m[38;2;230;190;112m[48;2;230;190;112m▀[0m[38;2;230;190;112m[48;2;175;135;61m▀[0m[38;2;230;190;112m[48;2;65;64;65m▀[0m[38;2;65;64;65m[48;2;178;103;44m▀[0m[38;2;179;104;45m[48;2;178;103;44m▀[0m[38;2;0;0;8m[48;2;178;103;44m▀[0m[38;2;0;0;0m▄  [38;2;0;0;0m[48;2;0;0;0m▀[0m[38;2;85;128;107m[48;2;85;128;107m▀[0m[38;2;85;128;107m[48;2;65;64;65m▀[0m[38;2;0;0;0m[48;2;85;128;108m▀[0m[38;2;0;0;0m▄        
   [38;2;0;0;0m▀[38;2;230;190;112m[48;2;8;4;0m▀[0m[38;2;230;190;112m[48;2;171;154;117m▀[0m[38;2;230;190;112m[48;2;230;190;112m▀[0m[38;2;230;190;112m[48;2;230;190;112m▀[0m[38;2;230;190;112m[48;2;236;193;111m▀[0m[38;2;230;190;112m[48;2;236;193;111m▀[0m[38;2;230;190;112m[48;2;215;182;117m▀[0m[38;2;230;190;112m[48;2;178;136;59m▀[0m[38;2;230;190;112m[48;2;185;137;51m▀[0m[38;2;230;190;112m[48;2;65;64;65m▀[0m[38;2;65;64;65m[48;2;179;105;45m▀[0m[38;2;140;66;6m[48;2;0;4;8m▀[0m[38;2;0;0;0m▀[38;2;0;0;0m[48;2;0;0;0m▀[0m[38;2;0;0;0m▄[38;2;0;0;0m[48;2;85;128;107m▀[0m[38;2;0;0;0m[48;2;85;128;107m▀[0m[38;2;65;64;65m[48;2;85;128;107m▀[0m[38;2;65;64;65m[48;2;85;128;107m▀[0m[38;2;85;128;107m[48;2;0;0;0m▀[0m[38;2;0;0;0m▀         
  [38;2;0;0;0m▄[38;2;0;0;0m[48;2;230;190;112m▀[0m[38;2;255;255;246m[48;2;174;140;75m▀[0m[38;2;8;4;0m[48;2;174;140;75m▀[0m[38;2;230;190;112m[48;2;176;136;62m▀[0m[38;2;230;190;112m[48;2;176;136;62m▀[0m[38;2;154;127;75m[48;2;0;0;0m▀[0m[38;2;74;68;57m[48;2;0;0;0m▀[0m[38;2;178;136;59m[48;2;255;255;255m▀[0m[38;2;255;255;246m[48;2;255;255;255m▀[0m[38;2;65;64;65m[48;2;65;64;65m▀[0m[38;2;177;103;43m[48;2;65;64;65m▀[0m[38;2;179;105;45m[48;2;178;103;44m▀[0m[38;2;109;49;0m[48;2;178;103;44m▀[0m[38;2;0;0;0m[48;2;58;80;67m▀[0m[38;2;85;128;108m[48;2;93;84;82m▀[0m[38;2;85;128;107m[48;2;85;128;107m▀[0m[38;2;85;128;107m[48;2;85;128;107m▀[0m[38;2;85;128;107m[48;2;85;128;107m▀[0m[38;2;85;128;107m[48;2;85;128;107m▀[0m[38;2;85;128;107m[48;2;85;128;107m▀[0m[38;2;85;128;107m[48;2;85;128;107m▀[0m[38;2;0;0;0m[48;2;85;128;107m▀[0m[38;2;0;0;0m▄        
 [38;2;0;0;0m▄[38;2;0;0;0m[48;2;230;190;112m▀[0m[38;2;230;190;112m[48;2;230;190;112m▀[0m[38;2;229;182;94m[48;2;175;135;61m▀[0m[38;2;65;60;57m[48;2;230;190;112m▀[0m[38;2;0;0;0m[48;2;230;190;112m▀[0m[38;2;176;136;62m[48;2;175;135;61m▀[0m[38;2;230;190;112m[48;2;175;135;61m▀[0m[38;2;230;190;112m[48;2;230;190;112m▀[0m[38;2;176;136;62m[48;2;230;190;112m▀[0m[38;2;176;136;62m[48;2;230;190;112m▀[0m[38;2;230;190;112m[48;2;230;190;112m▀[0m[38;2;230;190;112m[48;2;230;190;112m▀[0m[38;2;65;64;65m[48;2;230;190;112m▀[0m[38;2;178;103;44m[48;2;65;64;65m▀[0m[38;2;179;105;45m[48;2;65;64;65m▀[0m[38;2;58;80;67m[48;2;85;128;107m▀[0m[38;2;85;128;107m[48;2;85;128;107m▀[0m[38;2;85;128;107m[48;2;85;128;107m▀[0m[38;2;85;128;107m[48;2;85;128;107m▀[0m[38;2;85;128;107m[48;2;85;128;107m▀[0m[38;2;85;128;107m[48;2;85;128;108m▀[0m[38;2;85;128;107m[48;2;85;128;108m▀[0m[38;2;85;128;107m[48;2;85;128;108m▀[0m[38;2;0;0;0m[48;2;85;128;108m▀[0m[38;2;0;0;0m▄       
 [38;2;0;0;0m▀[38;2;230;190;112m[48;2;0;0;0m▀[0m[38;2;230;190;112m[48;2;230;190;112m▀[0m[38;2;230;190;112m[48;2;174;143;82m▀[0m[38;2;230;190;112m[48;2;229;185;100m▀[0m[38;2;230;190;112m[48;2;74;60;57m▀[0m[38;2;230;190;112m[48;2;234;187;97m▀[0m[38;2;230;190;112m[48;2;175;135;61m▀[0m[38;2;230;190;112m[48;2;230;190;112m▀[0m[38;2;230;190;112m[48;2;230;190;112m▀[0m[38;2;230;190;112m[48;2;230;190;112m▀[0m[38;2;230;190;112m[48;2;230;190;112m▀[0m[38;2;230;190;112m[48;2;175;135;61m▀[0m[38;2;230;190;112m[48;2;230;190;112m▀[0m[38;2;65;64;65m[48;2;230;190;112m▀[0m[38;2;85;128;107m[48;2;65;64;65m▀[0m[38;2;85;128;107m[48;2;85;128;107m▀[0m[38;2;85;128;107m[48;2;85;128;108m▀[0m[38;2;85;128;107m[48;2;85;128;108m▀[0m[38;2;85;128;107m[48;2;85;128;108m▀[0m[38;2;85;128;107m[48;2;85;128;108m▀[0m[38;2;85;128;108m[48;2;190;168;187m▀[0m[38;2;190;168;187m[48;2;190;168;187m▀[0m[38;2;85;128;108m[48;2;185;162;181m▀[0m[38;2;190;168;187m[48;2;65;68;74m▀[0m[38;2;0;0;0m[48;2;84;83;84m▀[0m[38;2;0;0;0m▄[38;2;0;0;0m[48;2;205;198;172m▀[0m[38;2;0;0;0m[48;2;205;198;172m▀[0m[38;2;0;0;0m▄[38;2;0;0;0m▄  
 [38;2;0;0;0m▄[38;2;0;0;0m[48;2;176;136;62m▀[0m[38;2;230;190;112m[48;2;65;64;65m▀[0m[38;2;65;64;65m[48;2;176;136;62m▀[0m[38;2;65;64;65m[48;2;65;64;65m▀[0m[38;2;150;122;66m[48;2;117;93;87m▀[0m[38;2;74;60;57m[48;2;167;93;33m▀[0m[38;2;175;135;61m[48;2;65;56;57m▀[0m[38;2;230;190;112m[48;2;228;186;105m▀[0m[38;2;230;190;112m[48;2;58;80;71m▀[0m[38;2;175;135;61m[48;2;168;135;73m▀[0m[38;2;230;190;112m[48;2;65;60;57m▀[0m[38;2;175;135;61m[48;2;174;140;75m▀[0m[38;2;230;190;112m[48;2;230;190;112m▀[0m[38;2;230;190;112m[48;2;230;190;112m▀[0m[38;2;65;64;65m[48;2;236;193;111m▀[0m[38;2;85;128;107m[48;2;74;68;57m▀[0m[38;2;85;128;108m[48;2;58;80;71m▀[0m[38;2;190;168;187m[48;2;95;93;90m▀[0m[38;2;85;128;108m[48;2;190;168;187m▀[0m[38;2;190;168;187m[48;2;190;168;187m▀[0m[38;2;190;168;187m[48;2;65;64;65m▀[0m[38;2;190;168;187m[48;2;65;64;65m▀[0m[38;2;65;68;74m[48;2;255;255;255m▀[0m[38;2;255;255;255m[48;2;255;255;255m▀[0m[38;2;255;250;255m[48;2;255;255;255m▀[0m[38;2;255;250;255m[48;2;255;255;255m▀[0m[38;2;255;255;255m[48;2;255;255;255m▀[0m[38;2;205;198;172m[48;2;255;255;255m▀[0m[38;2;205;198;172m[48;2;205;198;172m▀[0m[38;2;205;198;172m[48;2;0;0;0m▀[0m[38;2;0;0;0m▀ 
 [38;2;0;0;0m▀[38;2;176;136;62m[48;2;0;0;0m▀[0m[38;2;176;136;62m[48;2;176;136;62m▀[0m[38;2;176;136;62m[48;2;176;136;62m▀[0m[38;2;65;64;65m[48;2;65;64;65m▀[0m[38;2;77;120;104m[48;2;86;120;102m▀[0m[38;2;117;93;87m[48;2;86;120;102m▀[0m[38;2;120;106;87m[48;2;85;128;107m▀[0m[38;2;65;56;57m[48;2;85;128;107m▀[0m[38;2;95;93;90m[48;2;85;128;108m▀[0m[38;2;58;80;71m[48;2;85;128;108m▀[0m[38;2;174;140;75m[48;2;65;64;65m▀[0m[38;2;229;182;94m[48;2;230;190;112m▀[0m[38;2;230;190;112m[48;2;230;190;112m▀[0m[38;2;230;190;112m[48;2;230;190;112m▀[0m[38;2;236;193;111m[48;2;178;136;59m▀[0m[38;2;154;127;75m[48;2;255;255;246m▀[0m[38;2;168;135;73m[48;2;255;255;255m▀[0m[38;2;58;80;71m[48;2;255;255;255m▀[0m[38;2;65;64;65m[48;2;205;198;172m▀[0m[38;2;65;64;65m[48;2;255;255;255m▀[0m[38;2;255;255;255m[48;2;255;255;255m▀[0m[38;2;255;255;255m[48;2;255;255;255m▀[0m[38;2;255;255;255m[48;2;255;255;255m▀[0m[38;2;255;255;255m[48;2;255;255;255m▀[0m[38;2;255;255;255m[48;2;255;255;255m▀[0m[38;2;255;255;255m[48;2;205;198;172m▀[0m[38;2;205;198;172m[48;2;205;198;172m▀[0m[38;2;205;198;172m[48;2;205;198;172m▀[0m[38;2;205;198;172m[48;2;0;0;0m▀[0m[38;2;0;0;0m▀  
  [38;2;0;0;0m▀[38;2;0;0;0m▀[38;2;176;136;62m[48;2;0;0;0m▀[0m[38;2;176;136;62m[48;2;65;64;65m▀[0m[38;2;63;62;74m[48;2;190;168;187m▀[0m[38;2;187;164;184m[48;2;190;168;187m▀[0m[38;2;85;128;107m[48;2;186;163;182m▀[0m[38;2;85;128;107m[48;2;101;107;120m▀[0m[38;2;85;128;108m[48;2;190;168;187m▀[0m[38;2;190;168;187m[48;2;190;168;187m▀[0m[38;2;65;64;65m[48;2;190;168;187m▀[0m[38;2;230;190;112m[48;2;65;64;65m▀[0m[38;2;230;190;112m[48;2;236;193;111m▀[0m[38;2;230;190;112m[48;2;154;127;75m▀[0m[38;2;215;182;117m[48;2;255;255;255m▀[0m[38;2;178;136;59m[48;2;255;255;255m▀[0m[38;2;255;255;255m[48;2;255;255;255m▀[0m[38;2;255;255;255m[48;2;255;255;255m▀[0m[38;2;255;255;255m[48;2;255;255;255m▀[0m[38;2;255;255;255m[48;2;255;255;255m▀[0m[38;2;255;255;255m[48;2;255;255;255m▀[0m[38;2;255;255;255m[48;2;255;255;255m▀[0m[38;2;255;255;255m[48;2;255;255;255m▀[0m[38;2;255;255;255m[48;2;205;198;172m▀[0m[38;2;255;255;255m[48;2;205;198;172m▀[0m[38;2;255;255;255m[48;2;205;198;172m▀[0m[38;2;205;198;172m[48;2;205;198;172m▀[0m[38;2;205;198;172m[48;2;205;198;172m▀[0m[38;2;205;198;172m[48;2;0;0;0m▀[0m[38;2;0;0;0m▀  
    [38;2;0;0;0m▄[38;2;0;0;0m[48;2;205;198;172m▀[0m[38;2;190;168;187m[48;2;141;67;7m▀[0m[38;2;65;64;65m[48;2;182;108;48m▀[0m[38;2;101;107;120m[48;2;0;0;0m▀[0m[38;2;186;163;182m[48;2;0;0;0m▀[0m[38;2;190;168;187m[48;2;142;126;115m▀[0m[38;2;190;168;187m[48;2;71;63;57m▀[0m[38;2;190;168;187m[48;2;82;60;49m▀[0m[38;2;65;64;65m[48;2;196;175;193m▀[0m[38;2;74;68;57m[48;2;190;168;187m▀[0m[38;2;236;193;111m[48;2;65;64;65m▀[0m[38;2;176;136;62m[48;2;68;66;57m▀[0m[38;2;255;255;255m[48;2;205;198;172m▀[0m[38;2;255;255;255m[48;2;205;198;172m▀[0m[38;2;255;255;255m[48;2;205;198;172m▀[0m[38;2;255;255;255m[48;2;205;198;172m▀[0m[38;2;255;255;255m[48;2;205;198;172m▀[0m[38;2;205;198;172m[48;2;205;198;172m▀[0m[38;2;205;198;172m[48;2;205;198;172m▀[0m[38;2;205;198;172m[48;2;205;198;172m▀[0m[38;2;205;198;172m[48;2;0;0;0m▀[0m[38;2;205;198;172m[48;2;0;0;0m▀[0m[38;2;205;198;172m[48;2;0;0;0m▀[0m[38;2;0;0;0m▀[38;2;0;0;0m▀    
     [38;2;0;0;0m▀[38;2;0;0;0m▀[38;2;0;0;0m▀  [38;2;0;0;0m[48;2;0;0;0m▀[0m[38;2;142;126;115m[48;2;205;198;172m▀[0m[38;2;126;111;109m[48;2;68;66;57m▀[0m[38;2;104;86;79m[48;2;205;198;172m▀[0m[38;2;190;168;187m[48;2;0;0;0m▀[0m[38;2;190;168;187m[48;2;0;0;0m▀[0m[38;2;0;0;0m▀[38;2;0;0;0m▀[38;2;0;0;0m▀[38;2;0;0;0m▀[38;2;205;198;172m[48;2;0;0;0m▀[0m[38;2;205;198;172m[48;2;0;0;0m▀[0m[38;2;205;198;172m[48;2;0;0;0m▀[0m[38;2;205;198;172m[48;2;0;0;0m▀[0m[38;2;0;0;0m▀         
             [38;2;0;0;0m▀[38;2;0;0;0m▀[38;2;0;0;0m▀                       
                                     [0m                                     