                [38;2;0;0;0m▄[38;2;0;0;0m▄[38;2;0;0;0m[48;2;143;241;250m▀[0m[38;2;0;0;0m[48;2;143;241;250m▀[0m[38;2;0;0;0m[48;2;143;241;250m▀[0m[38;2;0;0;0m[48;2;36;134;143m▀[0m[38;2;0;0;0m[48;2;143;241;250m▀[0m[38;2;0;0;0m▄[38;2;0;0;0m▄       
              [38;2;0;0;0m▄[38;2;0;0;0m[48;2;143;241;250m▀[0m[38;2;143;241;250m[48;2;143;241;250m▀[0m[38;2;36;134;143m[48;2;36;134;143m▀[0m[38;2;142;240;249m[48;2;142;240;249m▀[0m[38;2;142;240;249m[48;2;142;240;249m▀[0m[38;2;143;241;250m[48;2;36;134;143m▀[0m[38;2;36;134;143m[48;2;143;241;250m▀[0m[38;2;142;240;249m[48;2;142;240;249m▀[0m[38;2;142;240;249m[48;2;142;240;249m▀[0m[38;2;143;241;250m[48;2;2;100;109m▀[0m[38;2;0;0;16m[48;2;143;241;250m▀[0m[38;2;0;0;0m▄     
              [38;2;0;0;0m[48;2;0;0;0m▀[0m[38;2;143;241;250m[48;2;143;241;250m▀[0m[38;2;143;241;250m[48;2;143;241;250m▀[0m[38;2;36;134;143m[48;2;143;241;250m▀[0m[38;2;143;241;250m[48;2;66;65;66m▀[0m[38;2;143;241;250m[48;2;66;65;66m▀[0m[38;2;41;139;148m[48;2;66;60;57m▀[0m[38;2;143;241;250m[48;2;143;241;250m▀[0m[38;2;143;241;250m[48;2;143;241;250m▀[0m[38;2;143;241;250m[48;2;66;65;66m▀[0m[38;2;66;65;66m[48;2;143;241;250m▀[0m[38;2;143;241;250m[48;2;143;241;250m▀[0m[38;2;0;0;0m[48;2;101;199;208m▀[0m[38;2;0;0;0m▄    
              [38;2;0;0;0m▄[38;2;0;0;0m[48;2;156;130;89m▀[0m[38;2;66;65;66m[48;2;163;136;91m▀[0m[38;2;66;65;66m[48;2;230;195;113m▀[0m[38;2;156;130;90m[48;2;143;241;250m▀[0m[38;2;156;130;90m[48;2;143;241;250m▀[0m[38;2;157;132;90m[48;2;157;132;90m▀[0m[38;2;66;65;66m[48;2;157;132;90m▀[0m[38;2;66;65;66m[48;2;157;133;94m▀[0m[38;2;140;238;247m[48;2;66;65;66m▀[0m[38;2;100;198;207m[48;2;100;198;207m▀[0m[38;2;100;198;207m[48;2;100;198;207m▀[0m[38;2;101;199;208m[48;2;0;0;0m▀[0m[38;2;0;0;0m▀    
 [38;2;0;0;0m▄[38;2;0;0;0m[48;2;107;82;45m▀[0m[38;2;0;0;0m[48;2;107;82;45m▀[0m[38;2;0;0;0m▄   [38;2;0;0;0m▄[38;2;0;0;0m▄[38;2;0;0;0m▄[38;2;0;0;0m▄[38;2;0;0;0m[48;2;235;200;113m▀[0m[38;2;0;0;0m[48;2;235;200;113m▀[0m[38;2;156;130;90m[48;2;235;200;113m▀[0m[38;2;235;200;113m[48;2;235;200;113m▀[0m[38;2;234;198;110m[48;2;234;198;110m▀[0m[38;2;143;241;250m[48;2;234;198;110m▀[0m[38;2;143;241;250m[48;2;234;198;110m▀[0m[38;2;234;198;110m[48;2;234;198;110m▀[0m[38;2;234;198;110m[48;2;234;198;110m▀[0m[38;2;234;198;110m[48;2;234;198;110m▀[0m[38;2;159;135;94m[48;2;230;195;113m▀[0m[38;2;57;65;66m[48;2;159;135;94m▀[0m[38;2;101;199;208m[48;2;0;0;0m▀[0m[38;2;0;0;0m▀      
 [38;2;0;0;0m[48;2;0;0;0m▀[0m[38;2;201;158;77m[48;2;201;158;77m▀[0m[38;2;114;94;64m[48;2;66;56;57m▀[0m[38;2;97;76;46m[48;2;97;76;46m▀[0m[38;2;0;4;8m[48;2;202;163;89m▀[0m[38;2;0;0;0m[48;2;235;200;113m▀[0m[38;2;0;0;0m[48;2;235;200;113m▀[0m[38;2;234;198;110m[48;2;234;198;110m▀[0m[38;2;234;198;110m[48;2;234;198;110m▀[0m[38;2;234;198;110m[48;2;234;198;110m▀[0m[38;2;234;198;110m[48;2;234;198;110m▀[0m[38;2;234;198;110m[48;2;143;241;250m▀[0m[38;2;234;198;110m[48;2;143;241;250m▀[0m[38;2;142;240;249m[48;2;142;240;249m▀[0m[38;2;142;240;249m[48;2;142;240;249m▀[0m[38;2;143;241;250m[48;2;234;198;110m▀[0m[38;2;234;198;110m[48;2;234;198;110m▀[0m[38;2;234;198;110m[48;2;234;198;110m▀[0m[38;2;234;198;110m[48;2;234;198;110m▀[0m[38;2;234;198;110m[48;2;234;198;110m▀[0m[38;2;234;198;110m[48;2;234;198;110m▀[0m[38;2;235;200;113m[48;2;235;200;113m▀[0m[38;2;156;130;90m[48;2;156;130;90m▀[0m[38;2;0;0;0m[48;2;0;0;0m▀[0m       
 [38;2;0;0;0m▄[38;2;8;0;0m[48;2;172;156;137m▀[0m[38;2;172;156;137m[48;2;255;235;206m▀[0m[38;2;255;255;255m[48;2;255;255;255m▀[0m[38;2;255;255;255m[48;2;66;65;66m▀[0m[38;2;186;166;118m[48;2;148;108;90m▀[0m[38;2;148;108;90m[48;2;231;180;157m▀[0m[38;2;141;107;92m[48;2;217;182;167m▀[0m[38;2;141;107;92m[48;2;217;182;167m▀[0m[38;2;235;200;113m[48;2;141;107;92m▀[0m[38;2;235;200;113m[48;2;235;200;113m▀[0m[38;2;234;198;110m[48;2;234;198;110m▀[0m[38;2;234;198;110m[48;2;234;198;110m▀[0m[38;2;234;198;110m[48;2;234;198;110m▀[0m[38;2;234;198;110m[48;2;234;198;110m▀[0m[38;2;234;198;110m[48;2;234;198;110m▀[0m[38;2;234;198;110m[48;2;234;198;110m▀[0m[38;2;234;198;110m[48;2;234;198;110m▀[0m[38;2;234;198;110m[48;2;234;198;110m▀[0m[38;2;234;198;110m[48;2;234;198;110m▀[0m[38;2;234;198;110m[48;2;234;198;110m▀[0m[38;2;230;198;124m[48;2;164;132;77m▀[0m[38;2;164;132;77m[48;2;0;0;0m▀[0m[38;2;0;0;0m▀       
 [38;2;0;0;0m[48;2;0;0;0m▀[0m[38;2;235;200;113m[48;2;202;159;79m▀[0m[38;2;202;159;79m[48;2;235;200;113m▀[0m[38;2;255;255;255m[48;2;201;158;77m▀[0m[38;2;255;255;255m[48;2;201;158;77m▀[0m[38;2;141;107;92m[48;2;141;107;92m▀[0m[38;2;141;107;92m[48;2;217;182;167m▀[0m[38;2;141;107;92m[48;2;217;182;167m▀[0m[38;2;217;182;167m[48;2;141;107;92m▀[0m[38;2;66;65;66m[48;2;66;65;66m▀[0m[38;2;235;200;113m[48;2;235;200;113m▀[0m[38;2;229;203;144m[48;2;206;154;56m▀[0m[38;2;255;255;255m[48;2;255;255;255m▀[0m[38;2;255;255;255m[48;2;66;65;66m▀[0m[38;2;255;255;255m[48;2;255;255;255m▀[0m[38;2;207;159;66m[48;2;255;251;247m▀[0m[38;2;229;203;147m[48;2;207;159;66m▀[0m[38;2;234;198;110m[48;2;234;198;110m▀[0m[38;2;234;198;110m[48;2;234;198;110m▀[0m[38;2;235;200;113m[48;2;235;200;113m▀[0m[38;2;235;200;113m[48;2;156;130;90m▀[0m[38;2;93;76;51m[48;2;93;76;51m▀[0m[38;2;0;0;0m[48;2;93;76;51m▀[0m[38;2;0;0;0m▄[38;2;0;0;0m▄[38;2;0;0;0m▄[38;2;0;0;0m▄[38;2;0;0;0m▄[38;2;0;0;0m▄  
 [38;2;0;0;0m▀[38;2;107;75;53m[48;2;0;0;0m▀[0m[38;2;228;192;109m[48;2;107;75;53m▀[0m[38;2;234;198;110m[48;2;234;198;110m▀[0m[38;2;234;198;110m[48;2;234;198;110m▀[0m[38;2;235;200;113m[48;2;235;200;113m▀[0m[38;2;66;65;66m[48;2;235;200;113m▀[0m[38;2;66;65;66m[48;2;235;200;113m▀[0m[38;2;66;65;66m[48;2;235;200;113m▀[0m[38;2;234;198;110m[48;2;234;198;110m▀[0m[38;2;234;198;110m[48;2;234;198;110m▀[0m[38;2;235;200;113m[48;2;235;200;113m▀[0m[38;2;202;159;79m[48;2;235;200;113m▀[0m[38;2;255;255;255m[48;2;229;203;144m▀[0m[38;2;255;255;255m[48;2;206;154;56m▀[0m[38;2;255;251;247m[48;2;207;159;66m▀[0m[38;2;207;159;66m[48;2;229;203;147m▀[0m[38;2;233;193;97m[48;2;200;162;88m▀[0m[38;2;200;162;88m[48;2;154;125;79m▀[0m[38;2;157;132;90m[48;2;105;80;43m▀[0m[38;2;157;132;90m[48;2;157;132;90m▀[0m[38;2;105;80;43m[48;2;157;132;90m▀[0m[38;2;157;132;90m[48;2;157;132;90m▀[0m[38;2;156;130;90m[48;2;235;200;113m▀[0m[38;2;156;130;90m[48;2;235;200;113m▀[0m[38;2;156;130;90m[48;2;235;200;113m▀[0m[38;2;156;130;90m[48;2;235;200;113m▀[0m[38;2;157;132;90m[48;2;0;0;0m▀[0m[38;2;157;132;90m[48;2;0;0;0m▀[0m[38;2;0;0;0m▀ 
   [38;2;0;0;0m▀[38;2;98;74;38m[48;2;0;0;0m▀[0m[38;2;203;161;80m[48;2;0;0;0m▀[0m[38;2;202;162;85m[48;2;105;80;43m▀[0m[38;2;234;197;109m[48;2;105;80;43m▀[0m[38;2;235;200;113m[48;2;202;159;79m▀[0m[38;2;235;200;113m[48;2;202;159;79m▀[0m[38;2;235;200;113m[48;2;202;159;79m▀[0m[38;2;235;200;113m[48;2;202;159;79m▀[0m[38;2;235;200;113m[48;2;202;159;79m▀[0m[38;2;235;200;113m[48;2;202;159;79m▀[0m[38;2;235;200;113m[48;2;156;130;90m▀[0m[38;2;235;200;113m[48;2;156;130;90m▀[0m[38;2;234;200;119m[48;2;154;125;77m▀[0m[38;2;154;125;77m[48;2;101;84;59m▀[0m[38;2;157;132;90m[48;2;106;81;44m▀[0m[38;2;106;81;44m[48;2;106;81;44m▀[0m[38;2;74;55;43m[48;2;0;4;8m▀[0m[38;2;234;200;119m[48;2;0;4;8m▀[0m[38;2;235;200;113m[48;2;0;0;0m▀[0m[38;2;235;200;113m[48;2;235;200;113m▀[0m[38;2;74;59;49m[48;2;235;203;124m▀[0m[38;2;74;59;49m[48;2;0;8;16m▀[0m[38;2;0;0;0m▀[38;2;0;0;0m▀    
      [38;2;0;0;0m▀[38;2;0;0;0m▀[38;2;0;0;0m▀[38;2;107;82;45m[48;2;0;0;0m▀[0m[38;2;107;82;45m[48;2;0;0;0m▀[0m[38;2;107;82;45m[48;2;0;0;0m▀[0m[38;2;107;82;45m[48;2;0;0;0m▀[0m[38;2;107;82;45m[48;2;0;0;0m▀[0m[38;2;107;82;45m[48;2;0;0;0m▀[0m[38;2;107;82;45m[48;2;0;0;0m▀[0m[38;2;0;0;0m▀[38;2;0;0;0m▀[38;2;0;0;0m▀[38;2;0;0;0m▀   [38;2;0;0;0m▀[38;2;0;0;0m▀       
                                     [0m                                     