                [38;2;0;0;0m▄[38;2;0;0;0m▄[38;2;0;0;0m[48;2;82;165;180m▀[0m[38;2;0;0;0m[48;2;54;110;120m▀[0m[38;2;0;0;0m▄                       
              [38;2;0;0;0m▄[38;2;0;0;0m[48;2;65;161;172m▀[0m[38;2;69;161;176m[48;2;69;161;176m▀[0m[38;2;69;161;176m[48;2;74;121;123m▀[0m[38;2;68;161;175m[48;2;68;161;175m▀[0m[38;2;68;161;175m[48;2;68;161;175m▀[0m[38;2;0;0;0m[48;2;74;121;123m▀[0m[38;2;0;0;0m▄                  [38;2;0;0;0m▄[38;2;0;0;0m[48;2;107;160;255m▀[0m[38;2;0;0;0m▄ 
            [38;2;0;0;0m▄[38;2;0;0;0m[48;2;65;161;172m▀[0m[38;2;69;161;176m[48;2;69;161;176m▀[0m[38;2;69;161;176m[48;2;74;121;123m▀[0m[38;2;74;121;123m[48;2;74;121;123m▀[0m[38;2;74;121;123m[48;2;0;0;0m▀[0m[38;2;69;161;176m[48;2;74;121;123m▀[0m[38;2;69;161;176m[48;2;69;161;176m▀[0m[38;2;74;165;172m[48;2;74;165;172m▀[0m[38;2;8;4;0m[48;2;52;111;115m▀[0m[38;2;0;0;0m▄    [38;2;0;0;0m▄[38;2;0;0;0m▄[38;2;0;0;0m▄         [38;2;0;0;0m▄[38;2;0;0;0m[48;2;107;160;255m▀[0m[38;2;107;160;255m[48;2;107;160;255m▀[0m[38;2;0;0;0m[48;2;0;0;0m▀[0m 
            [38;2;0;0;0m[48;2;0;0;0m▀[0m[38;2;65;161;172m[48;2;65;161;172m▀[0m[38;2;74;165;172m[48;2;74;165;172m▀[0m[38;2;52;111;115m[48;2;8;4;0m▀[0m[38;2;0;0;0m▀ [38;2;0;0;0m[48;2;0;0;0m▀[0m[38;2;65;161;172m[48;2;65;161;172m▀[0m[38;2;69;161;176m[48;2;74;121;123m▀[0m[38;2;74;121;123m[48;2;74;121;123m▀[0m[38;2;0;0;0m[48;2;63;64;66m▀[0m[38;2;0;0;0m▄[38;2;0;0;0m▄[38;2;0;0;0m[48;2;107;160;255m▀[0m[38;2;0;0;0m[48;2;107;160;255m▀[0m[38;2;107;160;255m[48;2;107;160;255m▀[0m[38;2;107;153;255m[48;2;107;153;255m▀[0m[38;2;107;153;255m[48;2;107;153;255m▀[0m[38;2;0;0;0m[48;2;107;160;255m▀[0m[38;2;0;0;0m▄ [38;2;0;0;0m▄[38;2;0;0;0m[48;2;107;160;255m▀[0m[38;2;0;0;0m[48;2;107;160;255m▀[0m[38;2;0;0;0m[48;2;54;86;195m▀[0m[38;2;0;0;0m▄[38;2;0;0;0m[48;2;45;82;207m▀[0m[38;2;45;82;207m[48;2;45;82;207m▀[0m[38;2;103;174;255m[48;2;52;114;186m▀[0m[38;2;52;114;186m[48;2;0;0;0m▀[0m[38;2;0;0;0m▀ 
           [38;2;0;0;0m[48;2;0;0;0m▀[0m[38;2;68;161;175m[48;2;68;161;175m▀[0m[38;2;68;161;175m[48;2;68;161;175m▀[0m[38;2;74;121;123m[48;2;0;0;0m▀[0m[38;2;0;0;0m▀[38;2;0;0;0m▄[38;2;0;0;0m[48;2;63;64;66m▀[0m[38;2;68;161;175m[48;2;68;161;175m▀[0m[38;2;68;161;175m[48;2;68;161;175m▀[0m[38;2;71;121;123m[48;2;71;121;123m▀[0m[38;2;63;64;66m[48;2;63;64;66m▀[0m[38;2;107;153;255m[48;2;107;153;255m▀[0m[38;2;107;153;255m[48;2;107;153;255m▀[0m[38;2;107;153;255m[48;2;107;153;255m▀[0m[38;2;107;153;255m[48;2;107;153;255m▀[0m[38;2;107;153;255m[48;2;107;153;255m▀[0m[38;2;107;153;255m[48;2;54;86;195m▀[0m[38;2;107;153;255m[48;2;54;86;195m▀[0m[38;2;107;153;255m[48;2;107;153;255m▀[0m[38;2;107;153;255m[48;2;107;153;255m▀[0m[38;2;107;153;255m[48;2;54;86;195m▀[0m[38;2;0;4;8m[48;2;42;87;144m▀[0m[38;2;107;160;255m[48;2;107;160;255m▀[0m[38;2;107;153;255m[48;2;107;153;255m▀[0m[38;2;107;153;255m[48;2;107;153;255m▀[0m[38;2;103;138;255m[48;2;51;119;204m▀[0m[38;2;51;119;204m[48;2;50;75;152m▀[0m[38;2;66;108;192m[48;2;69;76;103m▀[0m[38;2;69;76;103m[48;2;103;138;255m▀[0m[38;2;107;160;255m[48;2;0;0;0m▀[0m[38;2;0;0;0m▀  
          [38;2;0;0;0m▄[38;2;0;0;0m[48;2;65;161;172m▀[0m[38;2;69;161;176m[48;2;69;161;176m▀[0m[38;2;69;161;176m[48;2;74;121;123m▀[0m[38;2;41;60;86m[48;2;41;60;86m▀[0m[38;2;0;8;0m[48;2;111;163;255m▀[0m[38;2;111;163;255m[48;2;57;76;74m▀[0m[38;2;57;76;74m[48;2;71;161;175m▀[0m[38;2;69;161;176m[48;2;69;161;176m▀[0m[38;2;74;121;123m[48;2;74;121;123m▀[0m[38;2;74;121;123m[48;2;57;72;68m▀[0m[38;2;57;72;68m[48;2;83;108;185m▀[0m[38;2;107;153;255m[48;2;54;86;195m▀[0m[38;2;107;153;255m[48;2;107;153;255m▀[0m[38;2;107;160;255m[48;2;49;94;205m▀[0m[38;2;107;160;255m[48;2;49;94;205m▀[0m[38;2;48;83;201m[48;2;48;83;201m▀[0m[38;2;48;83;201m[48;2;48;83;201m▀[0m[38;2;48;83;201m[48;2;48;83;201m▀[0m[38;2;48;83;201m[48;2;48;83;201m▀[0m[38;2;48;83;201m[48;2;48;83;201m▀[0m[38;2;48;83;201m[48;2;48;83;201m▀[0m[38;2;48;83;201m[48;2;48;83;201m▀[0m[38;2;69;76;103m[48;2;48;83;201m▀[0m[38;2;48;83;201m[48;2;48;83;201m▀[0m[38;2;48;83;201m[48;2;48;83;201m▀[0m[38;2;69;75;99m[48;2;107;160;255m▀[0m[38;2;107;160;255m[48;2;107;160;255m▀[0m[38;2;107;160;255m[48;2;107;160;255m▀[0m[38;2;107;160;255m[48;2;0;0;0m▀[0m[38;2;0;0;0m▀   
          [38;2;0;0;0m[48;2;0;0;0m▀[0m[38;2;65;161;172m[48;2;65;161;172m▀[0m[38;2;71;161;175m[48;2;71;161;175m▀[0m[38;2;63;64;66m[48;2;63;64;66m▀[0m[38;2;46;83;205m[48;2;46;83;205m▀[0m[38;2;46;83;205m[48;2;63;64;66m▀[0m[38;2;63;64;66m[48;2;71;161;175m▀[0m[38;2;71;161;175m[48;2;71;161;175m▀[0m[38;2;71;164;175m[48;2;68;117;120m▀[0m[38;2;68;117;120m[48;2;65;68;65m▀[0m[38;2;63;64;66m[48;2;46;83;205m▀[0m[38;2;46;83;205m[48;2;46;83;205m▀[0m[38;2;48;83;201m[48;2;48;83;201m▀[0m[38;2;48;83;201m[48;2;48;83;201m▀[0m[38;2;48;83;201m[48;2;48;83;201m▀[0m[38;2;48;83;201m[48;2;48;83;201m▀[0m[38;2;48;83;201m[48;2;69;76;103m▀[0m[38;2;48;83;201m[48;2;69;76;103m▀[0m[38;2;69;75;99m[48;2;107;160;255m▀[0m[38;2;69;75;99m[48;2;107;160;255m▀[0m[38;2;69;76;103m[48;2;103;138;255m▀[0m[38;2;48;83;201m[48;2;69;76;103m▀[0m[38;2;48;83;201m[48;2;48;83;201m▀[0m[38;2;48;83;201m[48;2;69;76;103m▀[0m[38;2;48;83;201m[48;2;69;76;103m▀[0m[38;2;69;76;103m[48;2;103;138;255m▀[0m[38;2;107;153;255m[48;2;107;153;255m▀[0m[38;2;107;153;255m[48;2;107;153;255m▀[0m[38;2;107;141;255m[48;2;56;86;185m▀[0m[38;2;0;0;0m[48;2;0;0;0m▀[0m    
        [38;2;0;0;0m▄[38;2;0;0;0m[48;2;74;121;123m▀[0m[38;2;63;64;66m[48;2;63;64;66m▀[0m[38;2;71;121;123m[48;2;71;121;123m▀[0m[38;2;71;163;175m[48;2;71;163;175m▀[0m[38;2;68;116;120m[48;2;65;68;65m▀[0m[38;2;63;64;66m[48;2;71;161;175m▀[0m[38;2;71;161;175m[48;2;71;161;175m▀[0m[38;2;69;161;176m[48;2;74;121;123m▀[0m[38;2;74;121;123m[48;2;74;121;123m▀[0m[38;2;74;121;123m[48;2;57;72;68m▀[0m[38;2;57;72;68m[48;2;83;108;185m▀[0m[38;2;46;83;205m[48;2;63;64;66m▀[0m[38;2;46;83;205m[48;2;63;64;66m▀[0m[38;2;48;83;201m[48;2;48;83;201m▀[0m[38;2;48;83;201m[48;2;69;76;103m▀[0m[38;2;48;83;201m[48;2;69;76;103m▀[0m[38;2;69;76;103m[48;2;103;138;255m▀[0m[38;2;107;153;255m[48;2;107;153;255m▀[0m[38;2;107;153;255m[48;2;107;153;255m▀[0m[38;2;107;153;255m[48;2;107;153;255m▀[0m[38;2;107;153;255m[48;2;107;153;255m▀[0m[38;2;107;153;255m[48;2;107;153;255m▀[0m[38;2;107;153;255m[48;2;54;86;195m▀[0m[38;2;69;75;99m[48;2;107;160;255m▀[0m[38;2;107;160;255m[48;2;107;160;255m▀[0m[38;2;107;160;255m[48;2;63;64;66m▀[0m[38;2;107;160;255m[48;2;63;64;66m▀[0m[38;2;107;160;255m[48;2;49;94;205m▀[0m[38;2;49;94;205m[48;2;49;94;205m▀[0m[38;2;0;0;0m[48;2;0;0;0m▀[0m     
        [38;2;0;0;0m▄[38;2;0;0;0m[48;2;63;64;66m▀[0m[38;2;71;121;123m[48;2;71;121;123m▀[0m[38;2;63;64;66m[48;2;71;121;123m▀[0m[38;2;68;161;175m[48;2;68;161;175m▀[0m[38;2;68;161;175m[48;2;68;161;175m▀[0m[38;2;71;164;175m[48;2;68;117;120m▀[0m[38;2;68;117;120m[48;2;65;68;65m▀[0m[38;2;68;114;120m[48;2;63;64;66m▀[0m[38;2;63;64;66m[48;2;71;164;175m▀[0m[38;2;63;64;66m[48;2;71;161;175m▀[0m[38;2;63;64;66m[48;2;71;161;175m▀[0m[38;2;71;161;175m[48;2;63;64;66m▀[0m[38;2;71;161;175m[48;2;63;64;66m▀[0m[38;2;63;64;66m[48;2;107;160;255m▀[0m[38;2;107;160;255m[48;2;107;160;255m▀[0m[38;2;107;153;255m[48;2;107;153;255m▀[0m[38;2;107;153;255m[48;2;107;153;255m▀[0m[38;2;107;153;255m[48;2;107;153;255m▀[0m[38;2;107;153;255m[48;2;54;86;195m▀[0m[38;2;48;83;201m[48;2;48;83;201m▀[0m[38;2;48;83;201m[48;2;48;83;201m▀[0m[38;2;71;95;173m[48;2;63;64;66m▀[0m[38;2;103;138;255m[48;2;63;64;66m▀[0m[38;2;63;64;66m[48;2;230;242;255m▀[0m[38;2;63;64;66m[48;2;230;242;255m▀[0m[38;2;227;244;254m[48;2;227;244;254m▀[0m[38;2;227;244;254m[48;2;227;244;254m▀[0m[38;2;63;70;74m[48;2;189;210;222m▀[0m[38;2;0;0;0m[48;2;63;70;74m▀[0m[38;2;0;0;0m▄[38;2;0;0;0m▄[38;2;0;0;0m▄   
     [38;2;0;0;0m▄[38;2;0;0;0m[48;2;189;210;222m▀[0m[38;2;0;0;0m[48;2;189;210;222m▀[0m[38;2;189;210;222m[48;2;189;210;222m▀[0m[38;2;189;210;222m[48;2;0;0;0m▀[0m[38;2;41;78;86m[48;2;8;0;0m▀[0m[38;2;74;157;172m[48;2;74;157;172m▀[0m[38;2;68;161;175m[48;2;68;161;175m▀[0m[38;2;68;161;175m[48;2;68;161;175m▀[0m[38;2;71;161;175m[48;2;71;161;175m▀[0m[38;2;71;161;175m[48;2;63;64;66m▀[0m[38;2;71;164;175m[48;2;63;64;66m▀[0m[38;2;68;114;120m[48;2;63;64;66m▀[0m[38;2;63;64;66m[48;2;60;94;126m▀[0m[38;2;63;64;66m[48;2;63;64;66m▀[0m[38;2;46;83;205m[48;2;63;64;66m▀[0m[38;2;46;83;205m[48;2;46;83;205m▀[0m[38;2;49;94;205m[48;2;49;94;205m▀[0m[38;2;107;160;255m[48;2;49;94;205m▀[0m[38;2;107;160;255m[48;2;49;94;205m▀[0m[38;2;49;94;205m[48;2;49;94;205m▀[0m[38;2;46;83;205m[48;2;46;83;205m▀[0m[38;2;46;83;205m[48;2;63;64;66m▀[0m[38;2;46;83;205m[48;2;46;56;88m▀[0m[38;2;46;56;88m[48;2;238;238;255m▀[0m[38;2;230;242;255m[48;2;230;242;255m▀[0m[38;2;230;242;255m[48;2;63;64;66m▀[0m[38;2;230;242;255m[48;2;0;0;0m▀[0m[38;2;0;0;0m▀[38;2;86;103;119m[48;2;0;0;8m▀[0m[38;2;86;103;119m[48;2;172;206;230m▀[0m[38;2;189;214;230m[48;2;63;76;87m▀[0m[38;2;63;76;87m[48;2;0;8;16m▀[0m[38;2;189;210;222m[48;2;0;0;0m▀[0m[38;2;189;210;222m[48;2;0;0;0m▀[0m[38;2;86;103;119m[48;2;172;206;230m▀[0m[38;2;0;0;8m[48;2;86;103;119m▀[0m[38;2;0;0;0m▄ 
   [38;2;0;0;0m▄[38;2;0;0;0m[48;2;230;242;255m▀[0m[38;2;230;242;255m[48;2;230;242;255m▀[0m[38;2;189;210;222m[48;2;0;0;0m▀[0m[38;2;0;0;0m▀[38;2;0;0;0m▀  [38;2;0;0;0m[48;2;0;0;0m▀[0m[38;2;71;161;175m[48;2;63;64;66m▀[0m[38;2;71;161;175m[48;2;63;64;66m▀[0m[38;2;82;62;65m[48;2;230;242;255m▀[0m[38;2;8;0;0m[48;2;156;124;131m▀[0m[38;2;145;84;95m[48;2;145;84;95m▀[0m[38;2;255;255;255m[48;2;145;84;95m▀[0m[38;2;57;93;123m[48;2;95;182;194m▀[0m[38;2;95;182;194m[48;2;95;182;194m▀[0m[38;2;93;180;191m[48;2;93;180;191m▀[0m[38;2;63;64;66m[48;2;93;180;191m▀[0m[38;2;46;83;205m[48;2;63;64;66m▀[0m[38;2;46;83;205m[48;2;63;64;66m▀[0m[38;2;46;83;205m[48;2;46;83;205m▀[0m[38;2;46;83;205m[48;2;63;64;66m▀[0m[38;2;63;64;66m[48;2;230;242;255m▀[0m[38;2;230;242;255m[48;2;230;242;255m▀[0m[38;2;230;242;255m[48;2;63;64;66m▀[0m[38;2;230;242;255m[48;2;63;64;66m▀[0m[38;2;57;68;65m[48;2;128;168;180m▀[0m[38;2;57;68;65m[48;2;164;218;238m▀[0m[38;2;189;210;222m[48;2;63;70;74m▀[0m[38;2;0;0;0m[48;2;189;210;222m▀[0m[38;2;189;210;222m[48;2;189;210;222m▀[0m[38;2;189;210;222m[48;2;0;0;0m▀[0m[38;2;0;0;0m▀   [38;2;0;0;0m[48;2;0;0;0m▀[0m[38;2;230;242;255m[48;2;230;242;255m▀[0m[38;2;0;0;0m[48;2;0;0;0m▀[0m 
  [38;2;0;0;0m▄[38;2;0;0;0m[48;2;230;242;255m▀[0m[38;2;230;242;255m[48;2;230;242;255m▀[0m[38;2;0;0;0m[48;2;0;0;0m▀[0m    [38;2;0;0;0m▄[38;2;0;0;0m[48;2;230;242;255m▀[0m[38;2;227;244;254m[48;2;227;244;254m▀[0m[38;2;227;244;254m[48;2;227;244;254m▀[0m[38;2;230;242;255m[48;2;230;242;255m▀[0m[38;2;230;242;255m[48;2;135;145;148m▀[0m[38;2;189;210;222m[48;2;126;151;169m▀[0m[38;2;63;91;117m[48;2;189;210;222m▀[0m[38;2;95;182;194m[48;2;57;93;123m▀[0m[38;2;95;182;194m[48;2;57;93;123m▀[0m[38;2;98;182;197m[48;2;142;219;224m▀[0m[38;2;142;219;224m[48;2;142;219;224m▀[0m[38;2;148;222;222m[48;2;148;222;222m▀[0m[38;2;148;222;222m[48;2;63;64;66m▀[0m[38;2;63;64;66m[48;2;230;242;255m▀[0m[38;2;230;242;255m[48;2;230;242;255m▀[0m[38;2;230;242;255m[48;2;63;64;66m▀[0m[38;2;63;64;66m[48;2;230;242;255m▀[0m[38;2;93;180;194m[48;2;230;242;255m▀[0m[38;2;93;180;194m[48;2;93;180;194m▀[0m[38;2;189;210;222m[48;2;95;180;194m▀[0m[38;2;95;180;194m[48;2;95;180;194m▀[0m[38;2;57;60;65m[48;2;57;60;65m▀[0m[38;2;180;206;222m[48;2;98;109;117m▀[0m[38;2;63;70;74m[48;2;189;210;222m▀[0m[38;2;0;0;0m[48;2;63;70;74m▀[0m[38;2;0;0;0m▄[38;2;0;0;0m▄[38;2;0;0;0m[48;2;230;242;255m▀[0m[38;2;0;0;0m[48;2;230;242;255m▀[0m[38;2;230;242;255m[48;2;0;0;0m▀[0m[38;2;0;0;0m▀  
 [38;2;0;0;0m▄[38;2;0;0;0m[48;2;230;242;255m▀[0m[38;2;230;242;255m[48;2;230;242;255m▀[0m[38;2;0;0;0m[48;2;0;0;0m▀[0m     [38;2;0;0;0m▀[38;2;139;145;148m[48;2;0;0;0m▀[0m[38;2;230;242;255m[48;2;0;0;0m▀[0m[38;2;230;242;255m[48;2;76;80;84m▀[0m[38;2;127;139;143m[48;2;189;210;222m▀[0m[38;2;189;210;222m[48;2;65;68;65m▀[0m[38;2;52;63;65m[48;2;24;4;0m▀[0m[38;2;52;63;65m[48;2;106;182;197m▀[0m[38;2;189;210;222m[48;2;57;93;123m▀[0m[38;2;189;210;222m[48;2;189;210;222m▀[0m[38;2;60;95;123m[48;2;164;214;222m▀[0m[38;2;164;214;222m[48;2;60;95;123m▀[0m[38;2;164;192;191m[48;2;65;68;65m▀[0m[38;2;65;68;65m[48;2;213;255;255m▀[0m[38;2;230;242;255m[48;2;230;242;255m▀[0m[38;2;63;64;66m[48;2;63;64;66m▀[0m[38;2;143;220;222m[48;2;143;220;222m▀[0m[38;2;230;242;255m[48;2;143;220;222m▀[0m[38;2;120;152;161m[48;2;180;222;238m▀[0m[38;2;180;222;238m[48;2;0;12;8m▀[0m[38;2;172;206;230m[48;2;0;0;8m▀[0m[38;2;86;103;119m[48;2;86;103;119m▀[0m[38;2;148;222;222m[48;2;148;222;222m▀[0m[38;2;63;64;66m[48;2;148;222;222m▀[0m[38;2;65;76;82m[48;2;65;76;82m▀[0m[38;2;230;242;255m[48;2;65;76;82m▀[0m[38;2;230;242;255m[48;2;76;80;84m▀[0m[38;2;230;242;255m[48;2;0;0;0m▀[0m[38;2;0;0;0m▀[38;2;0;0;0m▀    
 [38;2;0;0;0m[48;2;0;0;0m▀[0m[38;2;189;210;222m[48;2;189;210;222m▀[0m[38;2;0;0;0m[48;2;0;0;0m▀[0m         [38;2;0;0;0m▀[38;2;230;242;255m[48;2;0;0;0m▀[0m[38;2;0;0;0m[48;2;0;0;0m▀[0m [38;2;0;0;0m[48;2;0;0;0m▀[0m[38;2;95;180;194m[48;2;95;180;194m▀[0m[38;2;189;210;222m[48;2;189;210;222m▀[0m[38;2;180;206;222m[48;2;98;109;117m▀[0m[38;2;57;60;65m[48;2;57;60;65m▀[0m[38;2;230;242;255m[48;2;230;242;255m▀[0m[38;2;230;242;255m[48;2;63;64;66m▀[0m[38;2;57;76;74m[48;2;156;195;194m▀[0m[38;2;156;195;194m[48;2;205;255;255m▀[0m[38;2;230;242;255m[48;2;230;242;255m▀[0m[38;2;143;220;222m[48;2;230;242;255m▀[0m[38;2;0;0;0m[48;2;0;0;0m▀[0m  [38;2;0;0;0m▀[38;2;93;156;161m[48;2;0;8;8m▀[0m[38;2;139;229;238m[48;2;139;229;238m▀[0m[38;2;142;219;224m[48;2;142;219;224m▀[0m[38;2;142;219;224m[48;2;98;182;197m▀[0m[38;2;0;0;0m[48;2;98;182;197m▀[0m[38;2;0;0;0m▄      
 [38;2;0;0;0m[48;2;0;0;0m▀[0m[38;2;189;210;222m[48;2;189;210;222m▀[0m[38;2;0;0;0m[48;2;0;0;0m▀[0m             [38;2;0;0;0m[48;2;0;0;0m▀[0m[38;2;95;180;194m[48;2;95;180;194m▀[0m[38;2;189;210;222m[48;2;189;210;222m▀[0m[38;2;63;64;66m[48;2;63;64;66m▀[0m[38;2;189;210;222m[48;2;189;210;222m▀[0m[38;2;189;210;222m[48;2;63;70;74m▀[0m[38;2;63;70;74m[48;2;0;0;0m▀[0m[38;2;148;222;222m[48;2;60;95;123m▀[0m[38;2;148;222;222m[48;2;148;222;222m▀[0m[38;2;230;242;255m[48;2;143;220;222m▀[0m[38;2;143;220;222m[48;2;143;220;222m▀[0m[38;2;0;0;0m[48;2;0;0;0m▀[0m    [38;2;0;0;0m▀[38;2;0;0;0m▀[38;2;98;182;197m[48;2;0;0;0m▀[0m[38;2;98;182;197m[48;2;98;182;197m▀[0m[38;2;0;0;0m[48;2;0;0;0m▀[0m      
 [38;2;0;0;0m▀[38;2;189;210;222m[48;2;0;0;0m▀[0m[38;2;0;0;0m▀            [38;2;0;0;0m[48;2;0;0;0m▀[0m[38;2;98;182;197m[48;2;98;182;197m▀[0m[38;2;93;180;191m[48;2;93;180;191m▀[0m[38;2;63;64;66m[48;2;63;64;66m▀[0m[38;2;189;210;224m[48;2;189;210;224m▀[0m[38;2;189;210;224m[48;2;189;210;224m▀[0m[38;2;0;0;0m[48;2;0;0;0m▀[0m [38;2;0;0;0m[48;2;0;0;0m▀[0m[38;2;148;222;222m[48;2;148;222;222m▀[0m[38;2;189;230;238m[48;2;189;230;238m▀[0m[38;2;0;0;0m[48;2;0;0;0m▀[0m      [38;2;0;0;0m▄[38;2;0;0;0m[48;2;57;95;127m▀[0m[38;2;95;182;194m[48;2;95;182;194m▀[0m[38;2;95;182;194m[48;2;95;182;194m▀[0m[38;2;0;0;0m[48;2;0;0;0m▀[0m     
              [38;2;0;0;0m▄[38;2;0;0;0m[48;2;115;210;213m▀[0m[38;2;95;182;194m[48;2;95;182;194m▀[0m[38;2;95;182;194m[48;2;95;182;194m▀[0m[38;2;106;182;197m[48;2;52;63;65m▀[0m[38;2;52;63;65m[48;2;24;4;0m▀[0m[38;2;189;210;222m[48;2;189;210;222m▀[0m[38;2;0;0;0m[48;2;0;0;0m▀[0m [38;2;0;0;0m▄[38;2;0;0;0m[48;2;148;222;222m▀[0m[38;2;148;222;222m[48;2;148;222;222m▀[0m[38;2;148;222;222m[48;2;148;222;222m▀[0m[38;2;0;0;0m[48;2;0;0;0m▀[0m      [38;2;0;0;0m▀[38;2;65;161;172m[48;2;0;0;0m▀[0m[38;2;60;113;126m[48;2;0;0;0m▀[0m[38;2;90;170;189m[48;2;0;0;0m▀[0m[38;2;0;0;0m▀     
              [38;2;0;0;0m▀[38;2;65;161;172m[48;2;0;0;0m▀[0m[38;2;41;60;65m[48;2;8;0;0m▀[0m[38;2;106;182;197m[48;2;8;0;0m▀[0m[38;2;0;0;0m▀ [38;2;0;0;0m▀ [38;2;0;0;0m▄[38;2;0;0;0m[48;2;115;210;213m▀[0m[38;2;142;221;222m[48;2;65;161;172m▀[0m[38;2;142;221;222m[48;2;142;221;222m▀[0m[38;2;0;0;0m[48;2;0;0;0m▀[0m                 
                      [38;2;0;0;0m▀[38;2;57;95;127m[48;2;0;0;0m▀[0m[38;2;115;206;222m[48;2;0;0;0m▀[0m[38;2;57;103;111m[48;2;0;0;0m▀[0m[38;2;0;0;0m▀                 
                                     [0m                                     