         [38;2;0;0;0m▄[38;2;0;0;0m[48;2;164;115;160m▀[0m[38;2;0;0;0m[48;2;98;94;93m▀[0m[38;2;0;0;0m[48;2;133;95;134m▀[0m[38;2;0;0;0m[48;2;133;95;134m▀[0m[38;2;0;0;0m▄        [38;2;0;0;0m▄[38;2;0;0;0m▄[38;2;0;0;0m▄[38;2;0;0;0m▄            
        [38;2;0;0;0m[48;2;0;0;0m▀[0m[38;2;164;123;152m[48;2;164;123;152m▀[0m[38;2;98;94;93m[48;2;104;93;93m▀[0m[38;2;128;106;126m[48;2;129;98;131m▀[0m[38;2;133;95;134m[48;2;129;98;131m▀[0m[38;2;106;93;90m[48;2;104;93;93m▀[0m[38;2;129;98;131m[48;2;129;106;131m▀[0m[38;2;0;0;0m[48;2;8;4;0m▀[0m    [38;2;0;0;0m▄[38;2;0;0;0m[48;2;164;123;152m▀[0m[38;2;0;0;0m[48;2;164;115;160m▀[0m[38;2;164;123;152m[48;2;98;94;93m▀[0m[38;2;164;123;152m[48;2;104;93;93m▀[0m[38;2;164;123;152m[48;2;129;98;131m▀[0m[38;2;102;93;94m[48;2;93;94;93m▀[0m[38;2;0;0;0m[48;2;164;115;160m▀[0m[38;2;0;0;0m▄          
        [38;2;0;0;0m[48;2;0;0;0m▀[0m[38;2;164;123;152m[48;2;164;123;152m▀[0m[38;2;104;93;93m[48;2;164;123;152m▀[0m[38;2;129;98;131m[48;2;102;93;94m▀[0m[38;2;129;98;131m[48;2;133;95;134m▀[0m[38;2;104;93;93m[48;2;106;93;90m▀[0m[38;2;129;106;131m[48;2;129;98;131m▀[0m[38;2;86;74;87m[48;2;104;93;93m▀[0m[38;2;0;0;0m[48;2;0;0;0m▀[0m  [38;2;0;0;0m[48;2;0;0;0m▀[0m[38;2;164;123;152m[48;2;164;123;152m▀[0m[38;2;164;123;152m[48;2;102;93;94m▀[0m[38;2;98;94;93m[48;2;132;95;134m▀[0m[38;2;128;106;126m[48;2;132;95;134m▀[0m[38;2;129;98;131m[48;2;104;93;93m▀[0m[38;2;104;93;93m[48;2;129;98;131m▀[0m[38;2;128;104;127m[48;2;129;98;131m▀[0m[38;2;128;104;127m[48;2;104;93;93m▀[0m[38;2;0;0;0m[48;2;0;0;0m▀[0m          
         [38;2;0;0;0m[48;2;0;0;0m▀[0m[38;2;164;123;152m[48;2;164;123;152m▀[0m[38;2;102;93;94m[48;2;102;93;94m▀[0m[38;2;133;95;134m[48;2;133;95;134m▀[0m[38;2;133;95;134m[48;2;133;95;134m▀[0m[38;2;104;93;93m[48;2;104;93;93m▀[0m[38;2;129;98;131m[48;2;129;98;131m▀[0m[38;2;0;0;0m[48;2;0;0;0m▀[0m [38;2;0;0;0m[48;2;0;0;0m▀[0m[38;2;164;123;152m[48;2;164;123;152m▀[0m[38;2;164;123;152m[48;2;104;93;93m▀[0m[38;2;102;93;94m[48;2;129;98;131m▀[0m[38;2;132;95;134m[48;2;129;98;131m▀[0m[38;2;132;95;134m[48;2;104;93;93m▀[0m[38;2;104;93;93m[48;2;133;95;134m▀[0m[38;2;129;98;131m[48;2;133;95;134m▀[0m[38;2;104;93;93m[48;2;115;98;113m▀[0m[38;2;129;98;131m[48;2;0;0;0m▀[0m[38;2;0;0;0m▀  [38;2;0;0;0m▄[38;2;0;0;0m▄      
         [38;2;0;0;0m▀[38;2;164;123;152m[48;2;0;0;0m▀[0m[38;2;164;123;152m[48;2;164;123;152m▀[0m[38;2;106;93;90m[48;2;98;94;93m▀[0m[38;2;133;95;134m[48;2;128;106;126m▀[0m[38;2;104;93;93m[48;2;101;91;90m▀[0m[38;2;129;98;131m[48;2;101;91;90m▀[0m[38;2;102;93;94m[48;2;238;123;255m▀[0m[38;2;0;0;0m[48;2;65;64;65m▀[0m[38;2;164;123;152m[48;2;164;123;152m▀[0m[38;2;164;123;152m[48;2;164;123;152m▀[0m[38;2;104;93;93m[48;2;106;93;90m▀[0m[38;2;129;98;131m[48;2;133;95;134m▀[0m[38;2;129;98;131m[48;2;104;93;93m▀[0m[38;2;104;93;93m[48;2;129;98;131m▀[0m[38;2;133;95;134m[48;2;129;98;131m▀[0m[38;2;106;93;90m[48;2;104;93;93m▀[0m[38;2;115;98;113m[48;2;129;98;131m▀[0m[38;2;0;0;0m[48;2;0;0;0m▀[0m  [38;2;0;0;0m[48;2;0;0;0m▀[0m[38;2;164;123;152m[48;2;164;123;152m▀[0m[38;2;102;93;94m[48;2;104;93;93m▀[0m[38;2;0;0;0m[48;2;129;98;131m▀[0m[38;2;0;0;0m▄    
        [38;2;0;0;0m▄[38;2;0;0;0m▄[38;2;0;0;0m[48;2;90;41;83m▀[0m[38;2;164;123;152m[48;2;145;109;142m▀[0m[38;2;164;115;160m[48;2;101;91;90m▀[0m[38;2;98;94;93m[48;2;238;123;255m▀[0m[38;2;238;123;255m[48;2;238;123;255m▀[0m[38;2;238;123;255m[48;2;238;123;255m▀[0m[38;2;238;123;255m[48;2;65;64;65m▀[0m[38;2;65;64;65m[48;2;164;123;152m▀[0m[38;2;164;123;152m[48;2;164;123;152m▀[0m[38;2;102;93;94m[48;2;102;93;94m▀[0m[38;2;133;95;134m[48;2;144;106;145m▀[0m[38;2;133;95;134m[48;2;98;89;90m▀[0m[38;2;104;93;93m[48;2;101;91;90m▀[0m[38;2;129;98;131m[48;2;101;91;90m▀[0m[38;2;104;93;93m[48;2;102;93;94m▀[0m[38;2;129;98;131m[48;2;0;0;0m▀[0m[38;2;0;0;0m▀   [38;2;0;0;0m[48;2;8;0;0m▀[0m[38;2;164;123;152m[48;2;164;131;152m▀[0m[38;2;104;93;93m[48;2;106;93;90m▀[0m[38;2;129;98;131m[48;2;133;95;134m▀[0m[38;2;0;0;0m[48;2;129;98;131m▀[0m[38;2;0;0;0m▄   
       [38;2;0;0;0m▀[38;2;197;107;74m[48;2;0;0;0m▀[0m[38;2;197;107;74m[48;2;131;104;117m▀[0m[38;2;145;109;142m[48;2;159;147;131m▀[0m[38;2;246;255;255m[48;2;49;4;0m▀[0m[38;2;101;91;90m[48;2;238;123;255m▀[0m[38;2;238;123;255m[48;2;238;123;255m▀[0m[38;2;238;123;255m[48;2;238;123;255m▀[0m[38;2;238;123;255m[48;2;238;123;255m▀[0m[38;2;65;64;65m[48;2;84;82;71m▀[0m[38;2;164;123;152m[48;2;255;246;213m▀[0m[38;2;164;123;152m[48;2;205;144;65m▀[0m[38;2;102;93;94m[48;2;169;152;126m▀[0m[38;2;98;89;90m[48;2;238;123;255m▀[0m[38;2;242;123;255m[48;2;238;123;255m▀[0m[38;2;238;123;255m[48;2;238;123;255m▀[0m[38;2;238;123;255m[48;2;238;123;255m▀[0m[38;2;0;0;0m[48;2;230;189;225m▀[0m[38;2;65;0;0m▄   [38;2;0;0;0m[48;2;0;0;0m▀[0m[38;2;164;131;152m[48;2;164;123;152m▀[0m[38;2;109;90;100m[48;2;102;93;94m▀[0m[38;2;133;95;134m[48;2;132;95;134m▀[0m[38;2;133;95;134m[48;2;132;95;134m▀[0m[38;2;129;98;131m[48;2;129;98;131m▀[0m[38;2;0;0;0m[48;2;104;93;93m▀[0m[38;2;0;0;0m▄  
     [38;2;0;0;0m▄[38;2;0;0;0m[48;2;197;107;74m▀[0m[38;2;0;0;0m[48;2;197;107;74m▀[0m[38;2;131;104;117m[48;2;180;116;98m▀[0m[38;2;131;104;117m[48;2;120;76;76m▀[0m[38;2;213;218;197m[48;2;238;123;255m▀[0m[38;2;159;147;131m[48;2;238;123;255m▀[0m[38;2;238;123;255m[48;2;238;123;255m▀[0m[38;2;238;123;255m[48;2;238;123;255m▀[0m[38;2;238;123;255m[48;2;238;123;255m▀[0m[38;2;238;123;255m[48;2;238;123;255m▀[0m[38;2;169;164;142m[48;2;231;174;87m▀[0m[38;2;0;0;0m[48;2;231;174;87m▀[0m[38;2;205;144;65m[48;2;238;123;255m▀[0m[38;2;232;98;246m[48;2;238;123;255m▀[0m[38;2;238;123;255m[48;2;238;123;255m▀[0m[38;2;238;123;255m[48;2;213;132;74m▀[0m[38;2;197;107;74m[48;2;252;177;79m▀[0m[38;2;197;107;74m[48;2;252;177;79m▀[0m[38;2;127;103;115m[48;2;255;178;82m▀[0m[38;2;127;103;115m[48;2;255;178;82m▀[0m[38;2;0;0;0m[48;2;255;178;82m▀[0m[38;2;0;0;0m▄[38;2;24;0;19m▄[38;2;0;0;0m[48;2;153;118;95m▀[0m[38;2;164;123;152m[48;2;104;93;93m▀[0m[38;2;102;93;94m[48;2;129;98;131m▀[0m[38;2;132;95;134m[48;2;132;95;134m▀[0m[38;2;132;95;134m[48;2;132;95;134m▀[0m[38;2;104;93;93m[48;2;104;93;93m▀[0m[38;2;129;98;131m[48;2;129;98;131m▀[0m[38;2;0;0;0m[48;2;0;0;0m▀[0m  
      [38;2;0;0;0m▀[38;2;0;0;0m▀[38;2;32;0;27m▀[38;2;180;116;98m[48;2;0;0;0m▀[0m[38;2;164;57;159m[48;2;0;0;0m▀[0m[38;2;238;123;255m[48;2;164;57;159m▀[0m[38;2;238;123;255m[48;2;238;123;255m▀[0m[38;2;190;79;200m[48;2;238;123;255m▀[0m[38;2;238;123;255m[48;2;164;57;159m▀[0m[38;2;238;123;255m[48;2;164;57;159m▀[0m[38;2;238;123;255m[48;2;164;57;159m▀[0m[38;2;238;123;255m[48;2;164;57;159m▀[0m[38;2;238;123;255m[48;2;164;57;159m▀[0m[38;2;164;57;159m[48;2;238;161;172m▀[0m[38;2;213;132;74m[48;2;74;64;57m▀[0m[38;2;213;132;74m[48;2;252;177;79m▀[0m[38;2;252;177;79m[48;2;252;177;79m▀[0m[38;2;252;177;79m[48;2;252;177;79m▀[0m[38;2;255;178;82m[48;2;191;133;76m▀[0m[38;2;194;108;71m[48;2;255;171;82m▀[0m[38;2;255;178;82m[48;2;65;57;64m▀[0m[38;2;255;178;82m[48;2;65;57;64m▀[0m[38;2;252;177;79m[48;2;74;68;65m▀[0m[38;2;76;63;60m[48;2;164;123;152m▀[0m[38;2;104;93;93m[48;2;82;74;80m▀[0m[38;2;129;98;131m[48;2;82;74;80m▀[0m[38;2;132;95;134m[48;2;131;106;129m▀[0m[38;2;132;95;134m[48;2;95;91;92m▀[0m[38;2;104;93;93m[48;2;132;95;134m▀[0m[38;2;129;98;131m[48;2;132;95;134m▀[0m[38;2;129;98;131m[48;2;115;98;113m▀[0m[38;2;0;0;0m[48;2;0;0;0m▀[0m 
          [38;2;0;0;0m▄[38;2;0;0;0m[48;2;199;82;205m▀[0m[38;2;164;57;159m[48;2;199;82;205m▀[0m[38;2;164;57;159m[48;2;65;64;65m▀[0m[38;2;230;182;197m[48;2;101;68;98m▀[0m[38;2;230;182;197m[48;2;223;205;255m▀[0m[38;2;255;125;139m[48;2;213;242;246m▀[0m[38;2;255;125;139m[48;2;213;242;246m▀[0m[38;2;238;161;172m[48;2;213;242;246m▀[0m[38;2;238;161;172m[48;2;213;242;246m▀[0m[38;2;246;234;197m[48;2;164;57;159m▀[0m[38;2;74;64;57m[48;2;164;57;159m▀[0m[38;2;252;177;79m[48;2;65;64;65m▀[0m[38;2;252;177;79m[48;2;65;64;65m▀[0m[38;2;255;171;82m[48;2;255;178;82m▀[0m[38;2;65;56;65m[48;2;255;178;82m▀[0m[38;2;238;106;255m[48;2;65;64;65m▀[0m[38;2;152;82;160m[48;2;238;123;255m▀[0m[38;2;164;123;152m[48;2;164;57;159m▀[0m[38;2;98;90;94m[48;2;164;57;159m▀[0m[38;2;134;87;139m[48;2;238;123;255m▀[0m[38;2;238;115;255m[48;2;238;123;255m▀[0m[38;2;79;66;60m[48;2;65;64;65m▀[0m[38;2;95;91;92m[48;2;122;84;128m▀[0m[38;2;132;95;134m[48;2;129;98;131m▀[0m[38;2;132;95;134m[48;2;104;93;93m▀[0m[38;2;115;98;113m[48;2;129;98;131m▀[0m[38;2;0;0;0m[48;2;0;0;0m▀[0m 
     [38;2;0;0;0m▄[38;2;8;0;8m▄[38;2;0;0;0m[48;2;238;162;82m▀[0m[38;2;0;0;0m[48;2;205;128;74m▀[0m[38;2;0;0;0m[48;2;205;128;74m▀[0m[38;2;199;82;205m[48;2;199;82;205m▀[0m[38;2;199;82;205m[48;2;199;82;205m▀[0m[38;2;199;82;205m[48;2;0;0;0m▀[0m[38;2;199;82;205m[48;2;0;0;0m▀[0m[38;2;24;0;15m▀[38;2;101;68;98m[48;2;0;0;0m▀[0m[38;2;65;64;65m[48;2;191;79;202m▀[0m[38;2;65;64;65m[48;2;164;57;159m▀[0m[38;2;164;57;159m[48;2;211;241;246m▀[0m[38;2;164;57;159m[48;2;211;241;246m▀[0m[38;2;213;242;246m[48;2;211;241;246m▀[0m[38;2;213;242;246m[48;2;211;241;246m▀[0m[38;2;65;64;65m[48;2;213;242;246m▀[0m[38;2;238;123;255m[48;2;65;64;65m▀[0m[38;2;65;64;65m[48;2;238;123;255m▀[0m[38;2;65;64;65m[48;2;238;123;255m▀[0m[38;2;65;64;65m[48;2;238;123;255m▀[0m[38;2;238;123;255m[48;2;65;64;65m▀[0m[38;2;238;123;255m[48;2;238;123;255m▀[0m[38;2;238;123;255m[48;2;238;123;255m▀[0m[38;2;164;57;159m[48;2;238;123;255m▀[0m[38;2;238;123;255m[48;2;238;123;255m▀[0m[38;2;238;123;255m[48;2;191;123;71m▀[0m[38;2;65;64;65m[48;2;65;52;65m▀[0m[38;2;104;93;93m[48;2;134;94;135m▀[0m[38;2;129;98;131m[48;2;134;94;135m▀[0m[38;2;129;98;131m[48;2;0;0;0m▀[0m[38;2;0;0;0m▀ 
    [38;2;0;0;0m[48;2;32;0;0m▀[0m[38;2;222;164;82m[48;2;126;87;120m▀[0m[38;2;161;107;57m[48;2;197;107;74m▀[0m[38;2;238;162;82m[48;2;197;107;74m▀[0m[38;2;205;128;74m[48;2;199;82;205m▀[0m[38;2;199;82;205m[48;2;199;82;205m▀[0m[38;2;199;82;205m[48;2;0;0;0m▀[0m[38;2;0;0;0m▀[38;2;0;0;0m▄[38;2;0;0;0m[48;2;199;82;205m▀[0m[38;2;0;0;0m[48;2;193;79;202m▀[0m[38;2;199;82;205m[48;2;193;79;202m▀[0m[38;2;191;79;202m[48;2;193;79;202m▀[0m[38;2;164;57;159m[48;2;193;79;202m▀[0m[38;2;211;241;246m[48;2;164;57;159m▀[0m[38;2;211;241;246m[48;2;213;242;246m▀[0m[38;2;211;241;246m[48;2;211;241;246m▀[0m[38;2;211;241;246m[48;2;211;241;246m▀[0m[38;2;213;242;246m[48;2;213;242;246m▀[0m[38;2;213;242;246m[48;2;213;242;246m▀[0m[38;2;238;123;255m[48;2;90;60;49m▀[0m[38;2;238;123;255m[48;2;228;148;238m▀[0m[38;2;238;123;255m[48;2;194;108;71m▀[0m[38;2;238;123;255m[48;2;255;178;82m▀[0m[38;2;65;64;65m[48;2;90;60;49m▀[0m[38;2;238;123;255m[48;2;228;148;238m▀[0m[38;2;238;123;255m[48;2;238;123;255m▀[0m[38;2;238;123;255m[48;2;238;123;255m▀[0m[38;2;191;123;71m[48;2;197;107;74m▀[0m[38;2;255;160;74m[48;2;197;107;74m▀[0m[38;2;65;64;65m[48;2;169;114;60m▀[0m[38;2;134;94;135m[48;2;0;0;0m▀[0m[38;2;0;0;0m▀  
  [38;2;8;0;4m▄[38;2;0;0;0m[48;2;150;54;149m▀[0m[38;2;189;115;187m[48;2;191;79;202m▀[0m[38;2;189;115;187m[48;2;164;57;159m▀[0m[38;2;199;82;205m[48;2;193;79;202m▀[0m[38;2;199;82;205m[48;2;193;79;202m▀[0m[38;2;199;82;205m[48;2;0;0;0m▀[0m[38;2;0;0;0m▀ [38;2;0;0;0m[48;2;0;0;0m▀[0m[38;2;199;82;205m[48;2;199;82;205m▀[0m[38;2;199;82;205m[48;2;199;82;205m▀[0m[38;2;193;79;202m[48;2;191;79;202m▀[0m[38;2;193;79;202m[48;2;191;79;202m▀[0m[38;2;193;79;202m[48;2;199;82;205m▀[0m[38;2;193;79;202m[48;2;199;82;205m▀[0m[38;2;164;57;159m[48;2;199;82;205m▀[0m[38;2;213;242;246m[48;2;0;0;0m▀[0m[38;2;211;241;246m[48;2;219;156;222m▀[0m[38;2;211;241;246m[48;2;219;156;222m▀[0m[38;2;213;242;246m[48;2;219;156;222m▀[0m[38;2;219;156;222m[48;2;65;64;65m▀[0m[38;2;90;60;49m[48;2;238;123;255m▀[0m[38;2;112;109;110m[48;2;197;107;74m▀[0m[38;2;194;108;71m[48;2;255;178;82m▀[0m[38;2;194;108;71m[48;2;255;178;82m▀[0m[38;2;112;109;110m[48;2;255;164;74m▀[0m[38;2;90;60;49m[48;2;65;60;65m▀[0m[38;2;238;123;255m[48;2;193;79;202m▀[0m[38;2;190;79;200m[48;2;193;79;202m▀[0m[38;2;199;82;205m[48;2;193;79;202m▀[0m[38;2;197;107;74m[48;2;193;79;202m▀[0m[38;2;255;171;90m[48;2;126;87;120m▀[0m[38;2;0;0;0m[48;2;32;0;0m▀[0m   
 [38;2;0;0;0m[48;2;0;0;0m▀[0m[38;2;150;54;149m[48;2;199;82;205m▀[0m[38;2;221;82;222m[48;2;199;82;205m▀[0m[38;2;191;79;202m[48;2;164;57;159m▀[0m[38;2;164;57;159m[48;2;191;79;202m▀[0m[38;2;193;79;202m[48;2;199;82;205m▀[0m[38;2;193;79;202m[48;2;0;0;0m▀[0m[38;2;0;0;0m▀  [38;2;0;0;0m▄[38;2;8;0;4m[48;2;207;82;213m▀[0m[38;2;136;54;139m[48;2;138;54;142m▀[0m[38;2;164;57;159m[48;2;199;82;205m▀[0m[38;2;191;79;202m[48;2;199;82;205m▀[0m[38;2;199;82;205m[48;2;0;0;0m▀[0m[38;2;0;0;0m▀[38;2;0;0;0m▀ [38;2;0;0;0m▀[38;2;0;0;0m▀[38;2;219;156;222m[48;2;0;0;0m▀[0m[38;2;65;64;65m[48;2;238;123;255m▀[0m[38;2;238;123;255m[48;2;238;123;255m▀[0m[38;2;197;107;74m[48;2;238;123;255m▀[0m[38;2;194;108;71m[48;2;222;141;74m▀[0m[38;2;194;108;71m[48;2;222;141;74m▀[0m[38;2;191;130;71m[48;2;238;123;255m▀[0m[38;2;65;60;65m[48;2;74;64;71m▀[0m[38;2;193;79;202m[48;2;0;0;0m▀[0m[38;2;193;79;202m[48;2;199;82;205m▀[0m[38;2;193;79;202m[48;2;164;57;162m▀[0m[38;2;193;79;202m[48;2;187;79;194m▀[0m[38;2;189;115;187m[48;2;164;57;162m▀[0m[38;2;189;115;187m[48;2;187;79;194m▀[0m[38;2;0;0;0m[48;2;127;82;169m▀[0m[38;2;0;0;0m▄ 
  [38;2;0;0;0m▀[38;2;0;0;0m▀[38;2;191;79;202m[48;2;0;0;0m▀[0m[38;2;191;79;202m[48;2;0;0;0m▀[0m[38;2;199;82;205m[48;2;0;0;0m▀[0m[38;2;0;0;0m▀    [38;2;0;0;0m▀[38;2;0;0;0m▀[38;2;0;0;0m▀[38;2;0;0;0m▀     [38;2;0;0;0m[48;2;0;0;0m▀[0m[38;2;238;123;255m[48;2;238;123;255m▀[0m[38;2;238;123;255m[48;2;238;123;255m▀[0m[38;2;238;123;255m[48;2;164;57;159m▀[0m[38;2;238;123;255m[48;2;238;123;255m▀[0m[38;2;238;123;255m[48;2;238;123;255m▀[0m[38;2;238;123;255m[48;2;164;57;159m▀[0m[38;2;238;123;255m[48;2;238;123;255m▀[0m[38;2;24;0;0m[48;2;0;0;0m▀[0m [38;2;0;0;0m▀[38;2;234;123;255m[48;2;0;0;0m▀[0m[38;2;164;57;162m[48;2;0;0;0m▀[0m[38;2;234;123;255m[48;2;0;0;0m▀[0m[38;2;164;57;162m[48;2;0;0;0m▀[0m[38;2;196;123;255m[48;2;0;0;0m▀[0m[38;2;0;0;0m▀ 
                    [38;2;0;0;0m▄[38;2;0;0;0m[48;2;238;123;255m▀[0m[38;2;238;123;255m[48;2;246;115;255m▀[0m[38;2;238;123;255m[48;2;162;76;169m▀[0m[38;2;164;57;159m[48;2;164;57;159m▀[0m[38;2;238;123;255m[48;2;238;123;255m▀[0m[38;2;238;123;255m[48;2;164;57;159m▀[0m[38;2;164;57;159m[48;2;164;57;159m▀[0m[38;2;238;123;255m[48;2;238;123;255m▀[0m[38;2;238;123;255m[48;2;238;123;255m▀[0m[38;2;0;0;0m[48;2;0;0;0m▀[0m        
                     [38;2;0;0;0m▀[38;2;0;0;0m▀[38;2;0;0;0m▀[38;2;238;123;255m[48;2;0;0;0m▀[0m[38;2;238;123;255m[48;2;0;0;0m▀[0m[38;2;0;0;0m▀[38;2;0;0;0m▀[38;2;238;123;255m[48;2;0;0;0m▀[0m[38;2;238;123;255m[48;2;0;0;0m▀[0m[38;2;0;0;0m▀        
                                     [0m                                     