      [38;2;0;0;0m▄[38;2;0;0;0m▄[38;2;0;0;0m[48;2;0;0;0m▀[0m[38;2;0;0;0m[48;2;255;255;255m▀[0m[38;2;0;0;0m▄[38;2;0;0;0m[48;2;255;255;255m▀[0m[38;2;0;0;0m[48;2;0;0;0m▀[0m                   
     [38;2;0;0;0m▄[38;2;0;0;0m[48;2;255;255;255m▀[0m[38;2;255;255;255m[48;2;255;255;255m▀[0m[38;2;65;65;65m[48;2;123;123;123m▀[0m[38;2;255;255;255m[48;2;206;187;232m▀[0m[38;2;206;187;232m[48;2;255;255;255m▀[0m[38;2;255;255;255m[48;2;255;255;255m▀[0m[38;2;0;0;0m[48;2;255;255;255m▀[0m[38;2;0;0;0m▄[38;2;0;0;0m▄                 
     [38;2;0;0;0m▀[38;2;255;255;255m[48;2;0;0;0m▀[0m[38;2;123;123;123m[48;2;255;255;255m▀[0m[38;2;255;255;255m[48;2;255;255;255m▀[0m[38;2;255;255;255m[48;2;255;255;255m▀[0m[38;2;255;255;255m[48;2;255;255;255m▀[0m[38;2;255;255;255m[48;2;255;255;255m▀[0m[38;2;255;255;255m[48;2;158;139;184m▀[0m[38;2;123;123;123m[48;2;255;255;255m▀[0m[38;2;255;255;255m[48;2;206;187;232m▀[0m[38;2;0;0;0m[48;2;255;255;255m▀[0m[38;2;0;0;0m▄               
     [38;2;0;0;0m▄[38;2;0;0;0m[48;2;255;255;255m▀[0m[38;2;255;255;255m[48;2;255;255;255m▀[0m[38;2;255;255;255m[48;2;255;255;255m▀[0m[38;2;255;255;255m[48;2;0;0;0m▀[0m[38;2;0;0;0m[48;2;255;255;255m▀[0m[38;2;255;255;255m[48;2;255;255;255m▀[0m[38;2;158;139;184m[48;2;206;187;232m▀[0m[38;2;255;255;255m[48;2;255;255;255m▀[0m[38;2;206;187;232m[48;2;255;255;255m▀[0m[38;2;255;255;255m[48;2;255;255;255m▀[0m[38;2;0;0;0m[48;2;65;65;65m▀[0m[38;2;0;0;0m▄[38;2;0;0;0m▄             
    [38;2;0;0;0m▄[38;2;0;0;0m[48;2;247;247;74m▀[0m[38;2;65;65;65m[48;2;65;65;65m▀[0m[38;2;255;255;255m[48;2;65;65;65m▀[0m[38;2;0;0;0m[48;2;255;255;255m▀[0m[38;2;0;0;0m[48;2;255;255;255m▀[0m[38;2;255;255;255m[48;2;0;0;0m▀[0m[38;2;206;187;232m[48;2;0;0;0m▀[0m[38;2;65;65;65m[48;2;65;65;65m▀[0m[38;2;206;187;232m[48;2;65;65;65m▀[0m[38;2;255;255;255m[48;2;123;123;123m▀[0m[38;2;158;139;184m[48;2;206;187;232m▀[0m[38;2;206;187;232m[48;2;206;187;232m▀[0m[38;2;65;65;65m[48;2;65;65;65m▀[0m[38;2;158;139;184m[48;2;65;65;65m▀[0m[38;2;0;0;0m[48;2;123;123;123m▀[0m[38;2;0;0;0m[48;2;255;255;255m▀[0m[38;2;0;0;0m[48;2;255;255;255m▀[0m[38;2;0;0;0m[48;2;255;255;255m▀[0m[38;2;0;0;0m▄[38;2;0;0;0m▄       
  [38;2;0;0;0m▄[38;2;0;0;0m[48;2;247;247;74m▀[0m[38;2;247;247;74m[48;2;247;247;74m▀[0m[38;2;247;247;74m[48;2;0;0;0m▀[0m[38;2;247;247;74m[48;2;0;0;0m▀[0m[38;2;0;0;0m▀[38;2;0;0;0m▀[38;2;0;0;0m▀[38;2;0;0;0m▄[38;2;0;0;0m[48;2;206;187;232m▀[0m[38;2;206;187;232m[48;2;206;187;232m▀[0m[38;2;206;187;232m[48;2;65;65;65m▀[0m[38;2;65;65;65m[48;2;255;255;255m▀[0m[38;2;255;255;255m[48;2;255;255;255m▀[0m[38;2;206;187;232m[48;2;65;65;65m▀[0m[38;2;65;65;65m[48;2;255;255;255m▀[0m[38;2;255;255;255m[48;2;255;255;255m▀[0m[38;2;255;255;255m[48;2;255;255;255m▀[0m[38;2;255;255;255m[48;2;255;255;255m▀[0m[38;2;255;255;255m[48;2;255;255;255m▀[0m[38;2;255;255;255m[48;2;255;255;255m▀[0m[38;2;255;255;255m[48;2;255;255;255m▀[0m[38;2;255;255;255m[48;2;255;255;255m▀[0m[38;2;0;0;0m[48;2;206;187;232m▀[0m[38;2;0;0;0m▄[38;2;0;0;0m▄[38;2;0;0;0m▄   
 [38;2;0;0;0m[48;2;0;0;0m▀[0m[38;2;247;247;74m[48;2;0;0;0m▀[0m[38;2;0;0;0m▀[38;2;0;0;0m▀     [38;2;0;0;0m▀[38;2;206;187;232m[48;2;0;0;0m▀[0m[38;2;158;139;184m[48;2;255;255;255m▀[0m[38;2;255;255;255m[48;2;255;255;255m▀[0m[38;2;255;255;255m[48;2;255;255;255m▀[0m[38;2;255;255;255m[48;2;123;123;123m▀[0m[38;2;123;123;123m[48;2;206;187;232m▀[0m[38;2;255;255;255m[48;2;255;255;255m▀[0m[38;2;255;255;255m[48;2;255;255;255m▀[0m[38;2;255;255;255m[48;2;65;65;65m▀[0m[38;2;255;255;255m[48;2;65;65;65m▀[0m[38;2;255;255;255m[48;2;255;255;255m▀[0m[38;2;255;255;255m[48;2;255;255;255m▀[0m[38;2;255;255;255m[48;2;255;255;255m▀[0m[38;2;255;255;255m[48;2;255;255;255m▀[0m[38;2;255;255;255m[48;2;255;255;255m▀[0m[38;2;123;123;123m[48;2;158;139;184m▀[0m[38;2;255;255;255m[48;2;206;187;232m▀[0m[38;2;255;255;255m[48;2;158;139;184m▀[0m[38;2;0;0;0m[48;2;123;123;123m▀[0m[38;2;0;0;0m▄ 
          [38;2;0;0;0m[48;2;0;0;0m▀[0m[38;2;119;49;219m[48;2;164;111;241m▀[0m[38;2;255;255;255m[48;2;119;49;219m▀[0m[38;2;255;255;255m[48;2;255;255;255m▀[0m[38;2;255;255;255m[48;2;255;255;255m▀[0m[38;2;158;139;184m[48;2;255;255;255m▀[0m[38;2;255;255;255m[48;2;255;255;255m▀[0m[38;2;255;255;255m[48;2;158;139;184m▀[0m[38;2;65;65;65m[48;2;158;139;184m▀[0m[38;2;158;139;184m[48;2;206;187;232m▀[0m[38;2;158;139;184m[48;2;206;187;232m▀[0m[38;2;65;65;65m[48;2;158;139;184m▀[0m[38;2;255;255;255m[48;2;65;65;65m▀[0m[38;2;255;255;255m[48;2;255;255;255m▀[0m[38;2;255;255;255m[48;2;206;187;232m▀[0m[38;2;158;139;184m[48;2;158;139;184m▀[0m[38;2;255;255;255m[48;2;158;139;184m▀[0m[38;2;255;255;255m[48;2;123;123;123m▀[0m[38;2;255;255;255m[48;2;123;123;123m▀[0m[38;2;255;255;255m[48;2;0;0;0m▀[0m[38;2;0;0;0m▀ 
           [38;2;0;0;0m▀[38;2;119;49;219m[48;2;0;0;0m▀[0m[38;2;206;187;232m[48;2;206;187;232m▀[0m[38;2;255;255;255m[48;2;119;49;219m▀[0m[38;2;119;49;219m[48;2;164;111;241m▀[0m[38;2;119;49;219m[48;2;119;49;219m▀[0m[38;2;158;139;184m[48;2;119;49;219m▀[0m[38;2;206;187;232m[48;2;206;187;232m▀[0m[38;2;206;187;232m[48;2;206;187;232m▀[0m[38;2;206;187;232m[48;2;206;187;232m▀[0m[38;2;206;187;232m[48;2;158;139;184m▀[0m[38;2;65;65;65m[48;2;0;0;0m▀[0m[38;2;206;187;232m[48;2;0;0;0m▀[0m[38;2;158;139;184m[48;2;255;255;255m▀[0m[38;2;255;255;255m[48;2;255;255;255m▀[0m[38;2;255;255;255m[48;2;255;255;255m▀[0m[38;2;255;255;255m[48;2;0;0;0m▀[0m[38;2;255;255;255m[48;2;0;0;0m▀[0m[38;2;0;0;0m▀  
             [38;2;0;0;0m▀[38;2;0;0;0m▀[38;2;119;49;219m[48;2;0;0;0m▀[0m[38;2;164;111;241m[48;2;123;123;123m▀[0m[38;2;119;49;219m[48;2;123;123;123m▀[0m[38;2;158;139;184m[48;2;65;65;65m▀[0m[38;2;158;139;184m[48;2;65;65;65m▀[0m[38;2;65;65;65m[48;2;123;123;123m▀[0m[38;2;0;0;0m[48;2;0;0;0m▀[0m  [38;2;0;0;0m▀[38;2;0;0;0m▀[38;2;0;0;0m▀     
                [38;2;0;0;0m▀[38;2;0;0;0m▀[38;2;0;0;0m▀[38;2;123;123;123m[48;2;0;0;0m▀[0m[38;2;123;123;123m[48;2;0;0;0m▀[0m[38;2;123;123;123m[48;2;0;0;0m▀[0m[38;2;0;0;0m▀         
                                     [0m                                     