         [38;2;0;0;0m▄ [38;2;0;0;0m▄[38;2;0;0;0m▄    [38;2;0;0;0m▄[38;2;0;0;0m[48;2;253;117;10m▀[0m[38;2;0;0;0m[48;2;0;0;0m▀[0m  [38;2;0;0;0m▄[38;2;0;0;0m▄ 
    [38;2;0;0;0m▄[38;2;0;0;0m▄[38;2;0;0;0m▄[38;2;0;0;0m[48;2;65;65;65m▀[0m[38;2;0;0;0m[48;2;28;160;124m▀[0m[38;2;28;160;124m[48;2;28;160;124m▀[0m[38;2;0;0;0m[48;2;28;160;124m▀[0m[38;2;28;160;124m[48;2;0;0;0m▀[0m[38;2;0;0;0m[48;2;28;160;124m▀[0m[38;2;0;0;0m[48;2;0;0;0m▀[0m  [38;2;0;0;0m▄[38;2;0;0;0m[48;2;253;117;10m▀[0m[38;2;253;117;10m[48;2;0;0;0m▀[0m[38;2;0;0;0m▀ [38;2;0;0;0m[48;2;0;0;0m▀[0m[38;2;253;117;10m[48;2;253;117;10m▀[0m[38;2;0;0;0m[48;2;0;0;0m▀[0m 
  [38;2;0;0;0m▄[38;2;0;0;0m[48;2;28;160;124m▀[0m[38;2;28;160;124m[48;2;253;117;10m▀[0m[38;2;182;81;1m[48;2;253;117;10m▀[0m[38;2;253;117;10m[48;2;28;160;124m▀[0m[38;2;182;81;1m[48;2;28;160;124m▀[0m[38;2;65;65;65m[48;2;28;160;124m▀[0m[38;2;65;65;65m[48;2;28;160;124m▀[0m[38;2;28;160;124m[48;2;1;133;97m▀[0m[38;2;28;160;124m[48;2;0;0;0m▀[0m[38;2;0;0;0m▀   [38;2;0;0;0m[48;2;0;0;0m▀[0m[38;2;253;117;10m[48;2;28;160;124m▀[0m[38;2;0;0;0m[48;2;0;0;0m▀[0m [38;2;0;0;0m[48;2;0;0;0m▀[0m[38;2;253;117;10m[48;2;253;117;10m▀[0m[38;2;0;0;0m[48;2;0;0;0m▀[0m  
  [38;2;0;0;0m[48;2;0;0;0m▀[0m[38;2;253;117;10m[48;2;255;206;66m▀[0m[38;2;253;117;10m[48;2;253;117;10m▀[0m[38;2;253;117;10m[48;2;65;65;65m▀[0m[38;2;28;160;124m[48;2;0;0;0m▀[0m[38;2;65;65;65m[48;2;255;255;255m▀[0m[38;2;65;65;65m[48;2;253;117;10m▀[0m[38;2;28;160;124m[48;2;28;160;124m▀[0m[38;2;28;160;124m[48;2;28;160;124m▀[0m[38;2;0;0;0m[48;2;28;160;124m▀[0m[38;2;0;0;0m▄  [38;2;0;0;0m[48;2;0;0;0m▀[0m[38;2;28;160;124m[48;2;28;160;124m▀[0m[38;2;0;0;0m[48;2;0;0;0m▀[0m[38;2;0;0;0m▄[38;2;0;0;0m[48;2;28;160;124m▀[0m[38;2;28;160;124m[48;2;1;133;97m▀[0m[38;2;0;0;0m[48;2;0;0;0m▀[0m   
 [38;2;0;0;0m▀[38;2;255;206;66m[48;2;0;0;0m▀[0m[38;2;255;206;66m[48;2;0;0;0m▀[0m[38;2;255;206;66m[48;2;255;156;90m▀[0m[38;2;255;255;255m[48;2;255;206;66m▀[0m[38;2;65;65;65m[48;2;255;206;66m▀[0m[38;2;255;255;255m[48;2;255;156;90m▀[0m[38;2;253;117;10m[48;2;28;160;124m▀[0m[38;2;28;160;124m[48;2;28;160;124m▀[0m[38;2;28;160;124m[48;2;28;160;124m▀[0m[38;2;28;160;124m[48;2;28;160;124m▀[0m[38;2;28;160;124m[48;2;28;160;124m▀[0m[38;2;0;0;0m[48;2;65;65;65m▀[0m[38;2;0;0;0m[48;2;65;65;65m▀[0m[38;2;1;133;97m[48;2;65;65;65m▀[0m[38;2;28;160;124m[48;2;65;65;65m▀[0m[38;2;65;65;65m[48;2;1;133;97m▀[0m[38;2;1;133;97m[48;2;28;160;124m▀[0m[38;2;28;160;124m[48;2;1;133;97m▀[0m[38;2;0;0;0m[48;2;0;0;0m▀[0m    
  [38;2;0;0;0m▄[38;2;0;0;0m[48;2;28;160;124m▀[0m[38;2;182;81;1m[48;2;65;65;65m▀[0m[38;2;182;81;1m[48;2;253;117;10m▀[0m[38;2;253;117;10m[48;2;253;117;10m▀[0m[38;2;28;160;124m[48;2;28;160;124m▀[0m[38;2;28;160;124m[48;2;253;117;10m▀[0m[38;2;253;117;10m[48;2;253;117;10m▀[0m[38;2;28;160;124m[48;2;28;160;124m▀[0m[38;2;28;160;124m[48;2;65;65;65m▀[0m[38;2;65;65;65m[48;2;28;160;124m▀[0m[38;2;28;160;124m[48;2;28;160;124m▀[0m[38;2;28;160;124m[48;2;28;160;124m▀[0m[38;2;28;160;124m[48;2;28;160;124m▀[0m[38;2;28;160;124m[48;2;28;160;124m▀[0m[38;2;65;65;65m[48;2;28;160;124m▀[0m[38;2;65;65;65m[48;2;28;160;124m▀[0m[38;2;0;0;0m[48;2;28;160;124m▀[0m[38;2;0;0;0m▄[38;2;0;0;0m▄[38;2;0;0;0m▄  
  [38;2;0;0;0m▀[38;2;28;160;124m[48;2;0;0;0m▀[0m[38;2;65;65;65m[48;2;1;133;97m▀[0m[38;2;28;160;124m[48;2;182;81;1m▀[0m[38;2;28;160;124m[48;2;253;117;10m▀[0m[38;2;253;117;10m[48;2;253;117;10m▀[0m[38;2;253;117;10m[48;2;253;117;10m▀[0m[38;2;253;117;10m[48;2;255;255;255m▀[0m[38;2;255;255;255m[48;2;255;255;255m▀[0m[38;2;65;65;65m[48;2;65;65;65m▀[0m[38;2;28;160;124m[48;2;28;160;124m▀[0m[38;2;28;160;124m[48;2;28;160;124m▀[0m[38;2;28;160;124m[48;2;28;160;124m▀[0m[38;2;28;160;124m[48;2;28;160;124m▀[0m[38;2;28;160;124m[48;2;28;160;124m▀[0m[38;2;28;160;124m[48;2;28;160;124m▀[0m[38;2;28;160;124m[48;2;28;160;124m▀[0m[38;2;28;160;124m[48;2;28;160;124m▀[0m[38;2;28;160;124m[48;2;0;0;0m▀[0m[38;2;28;160;124m[48;2;0;0;0m▀[0m[38;2;28;160;124m[48;2;0;0;0m▀[0m[38;2;0;0;0m▀ 
    [38;2;0;0;0m[48;2;0;0;0m▀[0m[38;2;65;65;65m[48;2;65;65;65m▀[0m[38;2;182;81;1m[48;2;0;0;0m▀[0m[38;2;253;117;10m[48;2;0;0;0m▀[0m[38;2;255;255;255m[48;2;255;255;255m▀[0m[38;2;255;255;255m[48;2;255;255;255m▀[0m[38;2;255;255;255m[48;2;165;173;247m▀[0m[38;2;255;255;255m[48;2;165;173;247m▀[0m[38;2;65;65;65m[48;2;165;173;247m▀[0m[38;2;28;160;124m[48;2;182;81;1m▀[0m[38;2;28;160;124m[48;2;65;65;65m▀[0m[38;2;28;160;124m[48;2;0;0;0m▀[0m[38;2;28;160;124m[48;2;0;0;0m▀[0m[38;2;0;0;0m▀[38;2;0;0;0m▀[38;2;0;0;0m▀     
     [38;2;0;0;0m▀ [38;2;0;0;0m▀[38;2;0;0;0m▀[38;2;0;0;0m▀[38;2;0;0;0m[48;2;0;0;0m▀[0m[38;2;182;81;1m[48;2;65;65;65m▀[0m[38;2;182;81;1m[48;2;0;0;0m▀[0m[38;2;253;117;10m[48;2;65;65;65m▀[0m[38;2;65;65;65m[48;2;0;0;0m▀[0m[38;2;0;0;0m▀         
                        [38;2;0;0;0m▀ [38;2;0;0;0m▀                         
                                     [0m                                     