 [38;2;0;0;0m[48;2;0;0;0m▀[0m[38;2;0;0;0m[48;2;121;81;63m▀[0m[38;2;0;0;0m[48;2;121;81;63m▀[0m[38;2;0;0;0m▄[38;2;0;0;0m▄                                
  [38;2;0;0;0m▀[38;2;121;81;63m[48;2;0;0;0m▀[0m[38;2;121;81;63m[48;2;100;60;42m▀[0m[38;2;100;60;42m[48;2;100;60;42m▀[0m[38;2;0;0;0m[48;2;101;61;43m▀[0m[38;2;0;0;0m▄  [38;2;0;0;0m▄[38;2;0;0;0m▄                [38;2;0;0;0m▄[38;2;0;0;0m▄[38;2;0;0;0m▄[38;2;0;0;0m▄      
  [38;2;0;0;0m▄[38;2;0;0;0m[48;2;101;61;43m▀[0m[38;2;101;61;43m[48;2;101;61;43m▀[0m[38;2;101;61;43m[48;2;101;61;43m▀[0m[38;2;101;61;43m[48;2;101;61;43m▀[0m[38;2;0;0;0m[48;2;101;61;43m▀[0m[38;2;0;0;0m▄[38;2;0;0;0m[48;2;194;146;45m▀[0m[38;2;245;210;43m[48;2;193;141;44m▀[0m[38;2;245;210;43m[48;2;193;141;44m▀[0m[38;2;0;0;0m[48;2;245;210;43m▀[0m[38;2;0;0;0m[48;2;245;210;43m▀[0m[38;2;0;0;0m▄        [38;2;0;0;0m▄[38;2;0;0;0m▄[38;2;0;0;0m▄[38;2;0;0;0m[48;2;121;81;63m▀[0m[38;2;0;0;0m[48;2;121;81;63m▀[0m[38;2;121;81;63m[48;2;121;81;63m▀[0m[38;2;121;81;63m[48;2;121;81;63m▀[0m[38;2;121;81;63m[48;2;121;81;63m▀[0m[38;2;121;81;63m[48;2;121;81;63m▀[0m[38;2;0;0;0m[48;2;121;81;63m▀[0m[38;2;0;0;0m[48;2;121;81;63m▀[0m[38;2;0;0;0m[48;2;121;81;63m▀[0m[38;2;0;0;0m[48;2;121;81;63m▀[0m[38;2;0;0;0m▄ 
  [38;2;0;0;0m▀[38;2;101;61;43m[48;2;0;0;0m▀[0m[38;2;101;61;43m[48;2;101;61;43m▀[0m[38;2;101;61;43m[48;2;101;61;43m▀[0m[38;2;101;61;43m[48;2;101;61;43m▀[0m[38;2;101;61;43m[48;2;101;61;43m▀[0m[38;2;66;65;66m[48;2;33;161;118m▀[0m[38;2;107;221;162m[48;2;173;255;212m▀[0m[38;2;113;178;95m[48;2;181;255;214m▀[0m[38;2;181;255;214m[48;2;194;146;45m▀[0m[38;2;215;187;26m[48;2;83;255;199m▀[0m[38;2;235;199;55m[48;2;215;187;26m▀[0m[38;2;245;210;43m[48;2;245;210;43m▀[0m[38;2;0;0;0m[48;2;245;210;43m▀[0m[38;2;0;0;0m▄     [38;2;0;0;0m▀[38;2;121;81;63m[48;2;0;0;0m▀[0m[38;2;121;81;63m[48;2;121;81;63m▀[0m[38;2;121;81;63m[48;2;121;81;63m▀[0m[38;2;121;80;62m[48;2;100;60;42m▀[0m[38;2;121;80;62m[48;2;100;60;42m▀[0m[38;2;121;81;63m[48;2;121;81;63m▀[0m[38;2;121;81;63m[48;2;121;81;63m▀[0m[38;2;121;81;63m[48;2;121;81;63m▀[0m[38;2;121;81;63m[48;2;121;81;63m▀[0m[38;2;121;81;63m[48;2;121;81;63m▀[0m[38;2;121;81;63m[48;2;0;0;0m▀[0m[38;2;0;0;0m▀[38;2;0;0;0m▀  
    [38;2;0;0;0m▀[38;2;101;61;43m[48;2;0;0;0m▀[0m[38;2;100;60;42m[48;2;100;60;42m▀[0m[38;2;66;65;66m[48;2;66;65;66m▀[0m[38;2;81;255;197m[48;2;181;255;214m▀[0m[38;2;81;255;197m[48;2;181;255;214m▀[0m[38;2;82;255;187m[48;2;181;255;214m▀[0m[38;2;212;165;24m[48;2;212;165;24m▀[0m[38;2;173;255;212m[48;2;78;255;191m▀[0m[38;2;122;184;92m[48;2;78;255;191m▀[0m[38;2;215;187;26m[48;2;193;141;44m▀[0m[38;2;245;210;43m[48;2;245;210;43m▀[0m[38;2;0;0;0m[48;2;245;210;43m▀[0m[38;2;0;0;0m▄      [38;2;0;0;0m[48;2;0;0;0m▀[0m[38;2;126;86;68m[48;2;94;54;36m▀[0m[38;2;121;81;63m[48;2;121;81;63m▀[0m[38;2;121;81;63m[48;2;121;81;63m▀[0m[38;2;100;60;42m[48;2;121;80;62m▀[0m[38;2;121;80;62m[48;2;100;60;42m▀[0m[38;2;121;81;63m[48;2;121;81;63m▀[0m[38;2;121;81;63m[48;2;121;81;63m▀[0m[38;2;0;0;0m[48;2;0;0;0m▀[0m     
      [38;2;0;0;0m[48;2;0;0;0m▀[0m[38;2;245;210;43m[48;2;245;210;43m▀[0m[38;2;193;141;44m[48;2;245;210;43m▀[0m[38;2;111;174;93m[48;2;245;210;43m▀[0m[38;2;111;174;93m[48;2;245;210;43m▀[0m[38;2;193;141;44m[48;2;193;141;44m▀[0m[38;2;181;255;214m[48;2;122;183;91m▀[0m[38;2;181;255;214m[48;2;82;255;191m▀[0m[38;2;193;141;44m[48;2;193;141;44m▀[0m[38;2;245;210;43m[48;2;245;210;43m▀[0m[38;2;245;210;43m[48;2;245;210;43m▀[0m[38;2;0;0;0m[48;2;0;0;0m▀[0m  [38;2;0;0;0m▄  [38;2;0;0;0m▄[38;2;0;4;0m[48;2;123;83;65m▀[0m[38;2;93;53;35m[48;2;123;83;65m▀[0m[38;2;121;80;62m[48;2;102;62;44m▀[0m[38;2;121;80;62m[48;2;121;80;62m▀[0m[38;2;121;81;63m[48;2;121;81;63m▀[0m[38;2;121;81;63m[48;2;121;81;63m▀[0m[38;2;121;81;63m[48;2;121;81;63m▀[0m[38;2;121;81;63m[48;2;121;81;63m▀[0m[38;2;0;0;0m[48;2;0;0;0m▀[0m     
     [38;2;0;0;0m[48;2;0;0;0m▀[0m[38;2;255;227;231m[48;2;189;173;181m▀[0m[38;2;123;119;131m[48;2;57;65;82m▀[0m[38;2;245;210;43m[48;2;66;65;66m▀[0m[38;2;245;210;43m[48;2;245;210;43m▀[0m[38;2;248;214;42m[48;2;248;214;42m▀[0m[38;2;248;214;42m[48;2;248;214;42m▀[0m[38;2;234;209;45m[48;2;234;209;45m▀[0m[38;2;234;209;45m[48;2;255;255;255m▀[0m[38;2;245;210;43m[48;2;193;141;44m▀[0m[38;2;245;210;43m[48;2;245;210;43m▀[0m[38;2;248;214;42m[48;2;248;214;42m▀[0m[38;2;248;214;42m[48;2;248;214;42m▀[0m[38;2;0;0;0m[48;2;63;79;82m▀[0m[38;2;0;0;0m[48;2;181;255;212m▀[0m[38;2;181;255;214m[48;2;181;255;214m▀[0m[38;2;0;0;0m[48;2;181;255;214m▀[0m[38;2;0;0;0m▄[38;2;0;0;0m[48;2;121;81;63m▀[0m[38;2;121;81;63m[48;2;121;81;63m▀[0m[38;2;121;81;63m[48;2;121;81;63m▀[0m[38;2;100;60;42m[48;2;100;60;42m▀[0m[38;2;121;80;62m[48;2;121;80;62m▀[0m[38;2;121;81;63m[48;2;0;0;0m▀[0m[38;2;0;0;0m▀[38;2;0;0;0m▀[38;2;0;0;0m▀[38;2;0;0;0m▀     
   [38;2;0;0;0m▄[38;2;8;24;16m[48;2;90;64;71m▀[0m[38;2;255;146;188m[48;2;172;105;129m▀[0m[38;2;255;134;182m[48;2;112;93;84m▀[0m[38;2;255;134;182m[48;2;183;113;135m▀[0m[38;2;247;138;188m[48;2;247;138;188m▀[0m[38;2;66;65;66m[48;2;247;138;188m▀[0m[38;2;49;73;82m[48;2;231;146;199m▀[0m[38;2;109;97;115m[48;2;49;73;82m▀[0m[38;2;0;0;0m[48;2;99;101;90m▀[0m[38;2;66;67;60m[48;2;0;0;0m▀[0m[38;2;255;255;255m[48;2;255;255;255m▀[0m[38;2;194;146;45m[48;2;194;146;45m▀[0m[38;2;248;214;42m[48;2;248;214;42m▀[0m[38;2;248;214;42m[48;2;248;214;42m▀[0m[38;2;66;65;66m[48;2;66;65;66m▀[0m[38;2;181;255;214m[48;2;181;255;214m▀[0m[38;2;173;255;211m[48;2;66;60;57m▀[0m[38;2;66;60;57m[48;2;129;93;77m▀[0m[38;2;121;81;63m[48;2;121;81;63m▀[0m[38;2;121;81;63m[48;2;121;81;63m▀[0m[38;2;121;81;63m[48;2;121;81;63m▀[0m[38;2;121;81;63m[48;2;121;81;63m▀[0m[38;2;121;81;63m[48;2;121;81;63m▀[0m[38;2;0;0;0m[48;2;0;0;0m▀[0m          
   [38;2;0;0;0m▀[38;2;231;231;231m[48;2;0;0;0m▀[0m[38;2;77;77;77m[48;2;77;77;77m▀[0m[38;2;104;103;93m[48;2;104;103;93m▀[0m[38;2;104;103;93m[48;2;104;103;93m▀[0m[38;2;192;103;136m[48;2;192;103;136m▀[0m[38;2;255;125;176m[48;2;66;60;57m▀[0m[38;2;66;65;66m[48;2;255;255;255m▀[0m[38;2;66;65;66m[48;2;66;65;66m▀[0m[38;2;0;0;0m[48;2;142;164;170m▀[0m[38;2;71;82;85m[48;2;214;247;255m▀[0m[38;2;255;255;255m[48;2;215;188;40m▀[0m[38;2;215;188;40m[48;2;215;188;40m▀[0m[38;2;179;159;99m[48;2;57;65;74m▀[0m[38;2;57;65;74m[48;2;173;255;208m▀[0m[38;2;173;255;211m[48;2;66;60;57m▀[0m[38;2;66;60;57m[48;2;129;93;77m▀[0m[38;2;121;81;63m[48;2;121;81;63m▀[0m[38;2;121;81;63m[48;2;66;65;66m▀[0m[38;2;119;79;61m[48;2;100;55;35m▀[0m[38;2;119;79;61m[48;2;0;0;0m▀[0m[38;2;0;0;0m▀[38;2;0;0;0m▀[38;2;0;0;0m▀[38;2;0;0;0m▀          
     [38;2;0;0;0m▀[38;2;0;0;0m▀[38;2;198;93;130m[48;2;0;0;0m▀[0m[38;2;189;105;141m[48;2;57;77;90m▀[0m[38;2;57;77;90m[48;2;101;86;101m▀[0m[38;2;255;255;255m[48;2;194;146;45m▀[0m[38;2;255;255;255m[48;2;194;146;45m▀[0m[38;2;93;53;35m[48;2;93;53;35m▀[0m[38;2;245;210;43m[48;2;93;53;35m▀[0m[38;2;66;65;66m[48;2;184;231;198m▀[0m[38;2;66;65;66m[48;2;184;231;198m▀[0m[38;2;181;255;214m[48;2;184;231;198m▀[0m[38;2;181;255;214m[48;2;181;255;214m▀[0m[38;2;189;255;219m[48;2;189;255;219m▀[0m[38;2;74;65;66m[48;2;127;214;170m▀[0m[38;2;66;65;66m[48;2;184;231;198m▀[0m[38;2;184;231;198m[48;2;184;231;198m▀[0m[38;2;0;0;0m[48;2;184;231;198m▀[0m[38;2;0;0;0m▄              
        [38;2;0;0;0m▀[38;2;0;0;0m▀[38;2;60;63;63m[48;2;8;0;0m▀[0m[38;2;60;63;63m[48;2;184;231;198m▀[0m[38;2;183;231;197m[48;2;183;231;197m▀[0m[38;2;183;231;197m[48;2;183;231;197m▀[0m[38;2;183;231;197m[48;2;183;231;197m▀[0m[38;2;183;231;197m[48;2;183;231;197m▀[0m[38;2;183;231;197m[48;2;183;231;197m▀[0m[38;2;183;231;197m[48;2;183;231;197m▀[0m[38;2;184;231;198m[48;2;61;173;115m▀[0m[38;2;184;231;198m[48;2;184;231;198m▀[0m[38;2;184;231;198m[48;2;122;82;64m▀[0m[38;2;184;231;198m[48;2;98;53;33m▀[0m[38;2;0;0;0m[48;2;66;65;66m▀[0m[38;2;0;0;0m▄   [38;2;0;0;0m▄[38;2;0;0;0m▄         
           [38;2;0;0;0m▀[38;2;133;220;164m[48;2;0;0;0m▀[0m[38;2;89;147;109m[48;2;0;0;0m▀[0m[38;2;184;231;198m[48;2;61;173;115m▀[0m[38;2;184;231;198m[48;2;184;231;198m▀[0m[38;2;117;237;184m[48;2;0;0;8m▀[0m[38;2;75;162;128m[48;2;0;0;8m▀[0m[38;2;100;55;35m[48;2;0;0;0m▀[0m[38;2;119;79;61m[48;2;119;79;61m▀[0m[38;2;66;65;66m[48;2;121;81;63m▀[0m[38;2;121;81;63m[48;2;66;65;66m▀[0m[38;2;148;100;114m[48;2;0;8;0m▀[0m[38;2;74;54;52m[48;2;222;146;172m▀[0m[38;2;0;0;0m[48;2;198;93;130m▀[0m[38;2;0;0;0m▄[38;2;0;8;8m[48;2;189;97;127m▀[0m[38;2;189;97;127m[48;2;94;52;57m▀[0m[38;2;198;93;130m[48;2;0;0;0m▀[0m[38;2;0;0;0m▀        
              [38;2;0;0;0m▀[38;2;0;0;0m▀   [38;2;0;0;0m▀[38;2;0;0;0m▀[38;2;0;0;0m▀ [38;2;0;0;0m▀[38;2;0;0;0m▀[38;2;247;138;188m[48;2;0;0;0m▀[0m[38;2;66;65;66m[48;2;247;138;188m▀[0m[38;2;66;65;66m[48;2;247;138;188m▀[0m[38;2;247;142;188m[48;2;82;50;55m▀[0m[38;2;0;4;0m[48;2;0;4;0m▀[0m        
                          [38;2;0;0;0m▀[38;2;0;0;0m▀[38;2;0;0;0m▀          
                                     [0m                                     