           [38;2;0;0;0m▄[38;2;0;0;0m[48;2;255;83;74m▀[0m[38;2;0;0;0m▄             [38;2;0;0;0m▄         
          [38;2;0;0;0m[48;2;0;0;0m▀[0m[38;2;160;75;61m[48;2;255;83;74m▀[0m[38;2;255;83;74m[48;2;255;83;74m▀[0m[38;2;0;0;0m[48;2;0;0;0m▀[0m           [38;2;0;0;0m▄[38;2;0;0;0m[48;2;222;169;82m▀[0m[38;2;183;68;60m[48;2;183;68;60m▀[0m[38;2;0;0;0m[48;2;0;0;0m▀[0m  [38;2;0;0;0m▄[38;2;0;0;0m▄[38;2;0;0;0m[48;2;183;68;60m▀[0m[38;2;0;0;0m[48;2;0;0;0m▀[0m  
        [38;2;0;0;0m▄[38;2;0;0;0m[48;2;255;83;74m▀[0m[38;2;255;83;74m[48;2;255;83;74m▀[0m[38;2;255;83;74m[48;2;255;83;74m▀[0m[38;2;255;83;74m[48;2;160;75;61m▀[0m[38;2;0;0;0m[48;2;0;0;0m▀[0m          [38;2;0;0;0m[48;2;0;0;0m▀[0m[38;2;182;67;59m[48;2;222;169;82m▀[0m[38;2;182;67;59m[48;2;182;67;59m▀[0m[38;2;213;169;98m[48;2;192;104;50m▀[0m[38;2;0;0;16m[48;2;128;84;58m▀[0m[38;2;0;0;0m▄[38;2;0;0;0m[48;2;183;68;60m▀[0m[38;2;255;216;65m[48;2;182;67;59m▀[0m[38;2;255;216;65m[48;2;182;67;59m▀[0m[38;2;255;216;65m[48;2;0;0;0m▀[0m[38;2;0;0;0m▀  
     [38;2;0;0;0m▄[38;2;0;0;0m[48;2;255;167;164m▀[0m[38;2;0;0;0m[48;2;255;116;106m▀[0m[38;2;255;116;106m[48;2;255;116;106m▀[0m[38;2;255;83;74m[48;2;255;83;74m▀[0m[38;2;160;75;61m[48;2;255;83;74m▀[0m[38;2;246;94;82m[48;2;164;62;54m▀[0m[38;2;0;0;0m[48;2;0;0;0m▀[0m        [38;2;0;0;0m▄ [38;2;0;0;0m▄[38;2;0;0;0m[48;2;222;169;82m▀[0m[38;2;182;67;59m[48;2;182;67;59m▀[0m[38;2;222;169;82m[48;2;182;67;59m▀[0m[38;2;182;67;59m[48;2;112;54;51m▀[0m[38;2;112;54;51m[48;2;182;67;59m▀[0m[38;2;255;216;65m[48;2;182;67;59m▀[0m[38;2;255;216;65m[48;2;182;67;59m▀[0m[38;2;246;214;74m[48;2;123;108;49m▀[0m[38;2;246;214;74m[48;2;0;0;24m▀[0m[38;2;0;0;0m▀   
   [38;2;0;0;0m▄[38;2;0;0;0m[48;2;255;108;82m▀[0m[38;2;255;167;164m[48;2;254;110;98m▀[0m[38;2;255;167;164m[48;2;255;81;65m▀[0m[38;2;254;108;84m[48;2;255;83;74m▀[0m[38;2;255;83;74m[48;2;255;83;74m▀[0m[38;2;255;83;74m[48;2;255;83;74m▀[0m[38;2;255;83;74m[48;2;255;83;74m▀[0m[38;2;255;83;74m[48;2;117;21;16m▀[0m[38;2;255;83;74m[48;2;255;83;74m▀[0m[38;2;0;0;0m[48;2;255;83;74m▀[0m[38;2;0;0;0m▄     [38;2;0;0;0m[48;2;0;0;0m▀[0m[38;2;183;68;60m[48;2;183;68;60m▀[0m[38;2;0;0;0m[48;2;183;68;60m▀[0m[38;2;65;64;65m[48;2;65;64;65m▀[0m[38;2;183;68;60m[48;2;183;68;60m▀[0m[38;2;222;169;82m[48;2;175;60;52m▀[0m[38;2;120;62;59m[48;2;175;60;52m▀[0m[38;2;170;55;47m[48;2;255;216;65m▀[0m[38;2;255;216;65m[48;2;130;72;64m▀[0m[38;2;255;216;65m[48;2;74;71;65m▀[0m[38;2;255;216;65m[48;2;74;71;65m▀[0m[38;2;0;0;0m[48;2;65;64;65m▀[0m[38;2;0;0;0m▄[38;2;0;0;0m▄[38;2;0;0;0m▄  
  [38;2;0;0;0m▄[38;2;0;4;8m[48;2;164;65;57m▀[0m[38;2;246;94;82m[48;2;164;65;57m▀[0m[38;2;255;83;74m[48;2;255;83;74m▀[0m[38;2;255;83;74m[48;2;255;83;74m▀[0m[38;2;255;83;74m[48;2;255;83;74m▀[0m[38;2;255;83;74m[48;2;0;0;0m▀[0m[38;2;139;119;112m[48;2;255;247;238m▀[0m[38;2;82;55;49m[48;2;82;55;49m▀[0m[38;2;117;21;16m[48;2;117;21;16m▀[0m[38;2;255;83;74m[48;2;255;83;74m▀[0m[38;2;255;83;74m[48;2;255;83;74m▀[0m[38;2;255;83;74m[48;2;255;83;74m▀[0m[38;2;0;0;0m[48;2;246;94;82m▀[0m[38;2;0;0;0m[48;2;164;62;54m▀[0m[38;2;0;0;0m▄[38;2;0;0;0m▄ [38;2;0;0;0m▀[38;2;183;68;60m[48;2;0;0;0m▀[0m[38;2;183;68;60m[48;2;183;68;60m▀[0m[38;2;183;68;60m[48;2;121;61;50m▀[0m[38;2;183;68;60m[48;2;183;68;60m▀[0m[38;2;183;68;60m[48;2;183;68;60m▀[0m[38;2;183;68;60m[48;2;183;68;60m▀[0m[38;2;183;68;60m[48;2;65;64;65m▀[0m[38;2;65;64;65m[48;2;183;68;60m▀[0m[38;2;65;64;65m[48;2;183;68;60m▀[0m[38;2;183;68;60m[48;2;183;68;60m▀[0m[38;2;183;68;60m[48;2;183;68;60m▀[0m[38;2;183;68;60m[48;2;183;68;60m▀[0m[38;2;183;68;60m[48;2;0;0;0m▀[0m[38;2;183;68;60m[48;2;0;0;0m▀[0m[38;2;0;0;0m▀ 
 [38;2;0;0;0m▄[38;2;0;0;0m[48;2;183;68;60m▀[0m[38;2;246;198;106m[48;2;158;43;35m▀[0m[38;2;246;198;106m[48;2;158;43;35m▀[0m[38;2;134;98;79m[48;2;255;186;106m▀[0m[38;2;74;56;66m[48;2;74;56;66m▀[0m[38;2;246;199;115m[48;2;82;67;49m▀[0m[38;2;0;0;16m[48;2;246;199;115m▀[0m[38;2;255;233;222m[48;2;82;51;49m▀[0m[38;2;82;51;49m[48;2;255;105;97m▀[0m[38;2;255;83;74m[48;2;255;83;74m▀[0m[38;2;255;83;74m[48;2;255;83;74m▀[0m[38;2;255;83;74m[48;2;255;83;74m▀[0m[38;2;255;83;74m[48;2;117;21;16m▀[0m[38;2;255;83;74m[48;2;255;83;74m▀[0m[38;2;255;83;74m[48;2;255;83;74m▀[0m[38;2;160;74;69m[48;2;255;83;74m▀[0m[38;2;160;74;69m[48;2;65;64;65m▀[0m[38;2;0;4;8m[48;2;76;45;41m▀[0m[38;2;0;4;8m[48;2;153;85;74m▀[0m[38;2;65;64;65m[48;2;203;133;89m▀[0m[38;2;65;64;65m[48;2;203;133;89m▀[0m[38;2;203;133;89m[48;2;203;133;89m▀[0m[38;2;121;59;51m[48;2;121;59;51m▀[0m[38;2;121;59;51m[48;2;203;133;89m▀[0m[38;2;121;59;51m[48;2;203;133;89m▀[0m[38;2;183;68;60m[48;2;71;70;60m▀[0m[38;2;183;68;60m[48;2;0;4;0m▀[0m[38;2;183;68;60m[48;2;0;0;0m▀[0m[38;2;183;68;60m[48;2;0;0;0m▀[0m[38;2;0;0;0m▀[38;2;0;0;0m▀    
 [38;2;0;0;0m▀[38;2;158;43;35m[48;2;0;0;0m▀[0m[38;2;159;44;36m[48;2;159;44;36m▀[0m[38;2;159;44;36m[48;2;159;44;36m▀[0m[38;2;121;55;39m[48;2;0;0;8m▀[0m[38;2;246;199;115m[48;2;0;0;8m▀[0m[38;2;65;64;65m[48;2;160;73;61m▀[0m[38;2;160;73;61m[48;2;160;73;61m▀[0m[38;2;255;83;74m[48;2;255;83;74m▀[0m[38;2;160;75;61m[48;2;160;75;61m▀[0m[38;2;180;65;57m[48;2;246;169;120m▀[0m[38;2;251;79;70m[48;2;180;65;57m▀[0m[38;2;117;21;16m[48;2;117;21;16m▀[0m[38;2;255;83;74m[48;2;255;83;74m▀[0m[38;2;255;83;74m[48;2;255;83;74m▀[0m[38;2;255;83;74m[48;2;255;83;74m▀[0m[38;2;255;83;74m[48;2;255;83;74m▀[0m[38;2;255;83;74m[48;2;255;83;74m▀[0m[38;2;255;83;74m[48;2;74;71;65m▀[0m[38;2;74;71;65m[48;2;74;71;65m▀[0m[38;2;65;64;65m[48;2;183;68;60m▀[0m[38;2;65;64;65m[48;2;183;68;60m▀[0m[38;2;203;133;89m[48;2;65;64;65m▀[0m[38;2;203;133;89m[48;2;65;64;65m▀[0m[38;2;205;133;90m[48;2;0;0;0m▀[0m[38;2;0;0;0m▀[38;2;0;0;0m▀         
   [38;2;0;0;0m▀[38;2;0;0;0m▀  [38;2;8;0;1m[48;2;8;0;1m▀[0m[38;2;249;171;122m[48;2;115;92;86m▀[0m[38;2;172;70;57m[48;2;249;171;122m▀[0m[38;2;219;113;89m[48;2;172;70;57m▀[0m[38;2;159;73;63m[48;2;159;73;63m▀[0m[38;2;243;166;118m[48;2;243;166;118m▀[0m[38;2;74;57;57m[48;2;244;167;118m▀[0m[38;2;255;100;91m[48;2;74;57;57m▀[0m[38;2;255;83;74m[48;2;255;83;74m▀[0m[38;2;121;59;51m[48;2;255;83;74m▀[0m[38;2;120;59;52m[48;2;120;59;52m▀[0m[38;2;120;59;52m[48;2;181;66;58m▀[0m[38;2;255;83;74m[48;2;121;59;51m▀[0m[38;2;255;83;74m[48;2;255;83;74m▀[0m[38;2;128;67;58m[48;2;255;83;74m▀[0m[38;2;128;67;58m[48;2;128;67;58m▀[0m[38;2;183;68;60m[48;2;183;68;60m▀[0m[38;2;183;68;60m[48;2;65;64;65m▀[0m[38;2;181;66;58m[48;2;65;67;65m▀[0m[38;2;0;0;0m[48;2;65;67;65m▀[0m[38;2;0;0;0m[48;2;183;68;60m▀[0m[38;2;0;0;0m▄        
        [38;2;0;0;0m▀[38;2;255;190;147m[48;2;8;7;0m▀[0m[38;2;183;122;82m[48;2;183;122;82m▀[0m[38;2;203;131;87m[48;2;205;82;65m▀[0m[38;2;203;131;87m[48;2;205;82;65m▀[0m[38;2;203;131;87m[48;2;203;131;87m▀[0m[38;2;205;82;65m[48;2;203;131;87m▀[0m[38;2;65;64;65m[48;2;203;133;89m▀[0m[38;2;65;64;65m[48;2;203;133;89m▀[0m[38;2;255;83;74m[48;2;74;67;65m▀[0m[38;2;74;67;65m[48;2;74;67;65m▀[0m[38;2;181;66;58m[48;2;65;64;65m▀[0m[38;2;118;58;54m[48;2;181;66;58m▀[0m[38;2;121;61;50m[48;2;183;68;60m▀[0m[38;2;183;68;60m[48;2;183;68;60m▀[0m[38;2;183;68;60m[48;2;183;68;60m▀[0m[38;2;183;68;60m[48;2;183;68;60m▀[0m[38;2;183;68;60m[48;2;0;0;0m▀[0m[38;2;183;68;60m[48;2;0;0;0m▀[0m[38;2;0;0;0m▀         
          [38;2;0;0;0m▀[38;2;0;0;0m▀[38;2;205;133;90m[48;2;0;0;0m▀[0m[38;2;203;131;87m[48;2;203;131;87m▀[0m[38;2;205;82;65m[48;2;203;131;87m▀[0m[38;2;205;133;90m[48;2;205;133;90m▀[0m[38;2;57;54;52m[48;2;0;4;8m▀[0m[38;2;189;97;68m[48;2;24;0;4m▀[0m[38;2;189;97;68m[48;2;243;166;118m▀[0m[38;2;245;168;119m[48;2;245;168;119m▀[0m[38;2;90;53;49m[48;2;205;123;86m▀[0m[38;2;65;64;63m[48;2;243;166;118m▀[0m[38;2;65;64;63m[48;2;0;0;0m▀[0m[38;2;0;0;0m▀[38;2;0;0;0m▀            
          [38;2;0;0;0m▄[38;2;0;0;0m▄[38;2;0;0;0m[48;2;189;125;65m▀[0m[38;2;204;132;87m[48;2;181;98;61m▀[0m[38;2;204;132;87m[48;2;181;98;61m▀[0m[38;2;0;0;0m[48;2;0;0;0m▀[0m [38;2;0;0;0m▄[38;2;0;0;0m[48;2;65;64;65m▀[0m[38;2;243;166;118m[48;2;191;123;63m▀[0m[38;2;243;166;118m[48;2;191;123;63m▀[0m[38;2;0;0;0m[48;2;0;0;0m▀[0m               
         [38;2;0;0;0m[48;2;0;0;0m▀[0m[38;2;180;65;57m[48;2;147;32;24m▀[0m[38;2;147;32;24m[48;2;180;65;57m▀[0m[38;2;180;65;57m[48;2;0;0;0m▀[0m[38;2;90;62;41m[48;2;0;0;8m▀[0m[38;2;180;123;74m[48;2;0;0;8m▀[0m[38;2;180;134;90m[48;2;60;53;46m▀[0m[38;2;0;8;24m[48;2;120;93;68m▀[0m[38;2;246;182;98m[48;2;120;99;76m▀[0m[38;2;183;141;87m[48;2;57;56;65m▀[0m[38;2;255;183;90m[48;2;112;88;74m▀[0m[38;2;183;135;82m[48;2;183;135;82m▀[0m[38;2;238;198;123m[48;2;119;99;65m▀[0m[38;2;0;0;8m[48;2;0;0;8m▀[0m              
          [38;2;0;0;0m▀[38;2;0;0;0m▀   [38;2;0;0;0m▀[38;2;183;68;60m[48;2;0;0;0m▀[0m[38;2;0;0;0m▀[38;2;145;30;22m[48;2;0;0;0m▀[0m[38;2;183;68;60m[48;2;0;0;0m▀[0m[38;2;0;0;0m▀[38;2;183;68;60m[48;2;0;0;0m▀[0m[38;2;0;0;0m▀              
                                     [0m                                     