                  [38;2;0;0;0m▄[38;2;0;0;0m▄[38;2;8;4;0m▄[38;2;0;0;0m[48;2;69;167;65m▀[0m[38;2;0;0;0m[48;2;64;185;55m▀[0m[38;2;0;0;0m[48;2;64;185;55m▀[0m[38;2;0;0;0m▄[38;2;0;0;0m▄[38;2;0;0;0m[48;2;67;228;58m▀[0m[38;2;0;0;0m[48;2;90;247;91m▀[0m[38;2;0;0;0m[48;2;86;242;95m▀[0m[38;2;0;0;0m▄[38;2;0;0;0m▄                 
                [38;2;0;0;0m▄[38;2;0;0;0m[48;2;70;190;64m▀[0m[38;2;81;234;76m[48;2;89;253;82m▀[0m[38;2;81;234;76m[48;2;89;253;82m▀[0m[38;2;98;251;93m[48;2;67;228;58m▀[0m[38;2;37;82;38m[48;2;64;182;56m▀[0m[38;2;64;185;55m[48;2;64;185;55m▀[0m[38;2;64;185;55m[48;2;64;185;55m▀[0m[38;2;62;182;56m[48;2;62;182;56m▀[0m[38;2;62;182;56m[48;2;49;139;43m▀[0m[38;2;90;247;91m[48;2;49;139;43m▀[0m[38;2;90;247;91m[48;2;49;139;43m▀[0m[38;2;86;242;95m[48;2;86;242;95m▀[0m[38;2;86;242;95m[48;2;86;242;95m▀[0m[38;2;62;182;56m[48;2;84;252;91m▀[0m[38;2;0;0;0m[48;2;60;188;55m▀[0m[38;2;0;0;0m[48;2;47;127;42m▀[0m[38;2;0;0;0m▄              
               [38;2;0;0;0m▄[38;2;0;0;0m[48;2;64;182;56m▀[0m[38;2;47;127;42m[48;2;64;182;56m▀[0m[38;2;44;145;42m[48;2;58;131;51m▀[0m[38;2;62;182;56m[48;2;58;131;51m▀[0m[38;2;64;182;56m[48;2;62;182;56m▀[0m[38;2;64;182;56m[48;2;65;64;65m▀[0m[38;2;64;185;55m[48;2;65;64;65m▀[0m[38;2;64;185;55m[48;2;62;182;56m▀[0m[38;2;49;139;43m[48;2;64;185;55m▀[0m[38;2;62;182;56m[48;2;64;185;55m▀[0m[38;2;62;182;56m[48;2;62;182;56m▀[0m[38;2;62;182;56m[48;2;62;182;56m▀[0m[38;2;52;136;44m[48;2;65;64;65m▀[0m[38;2;86;242;95m[48;2;65;64;65m▀[0m[38;2;80;221;68m[48;2;65;64;65m▀[0m[38;2;60;188;55m[48;2;62;182;56m▀[0m[38;2;70;190;64m[48;2;65;64;65m▀[0m[38;2;0;0;0m[48;2;62;182;56m▀[0m[38;2;0;0;0m▄             
             [38;2;0;0;0m▄[38;2;0;0;0m[48;2;90;247;91m▀[0m[38;2;86;242;95m[48;2;90;247;91m▀[0m[38;2;67;228;58m[48;2;89;253;82m▀[0m[38;2;64;182;56m[48;2;61;137;56m▀[0m[38;2;56;193;43m[48;2;65;64;65m▀[0m[38;2;59;69;63m[48;2;62;182;56m▀[0m[38;2;65;64;65m[48;2;62;182;56m▀[0m[38;2;62;182;56m[48;2;62;182;56m▀[0m[38;2;62;182;56m[48;2;62;182;56m▀[0m[38;2;65;64;65m[48;2;62;182;56m▀[0m[38;2;64;185;55m[48;2;74;159;74m▀[0m[38;2;64;185;55m[48;2;65;64;65m▀[0m[38;2;65;64;65m[48;2;90;247;91m▀[0m[38;2;65;64;65m[48;2;67;228;58m▀[0m[38;2;62;182;56m[48;2;62;182;56m▀[0m[38;2;62;182;56m[48;2;62;182;56m▀[0m[38;2;62;182;56m[48;2;64;185;55m▀[0m[38;2;62;182;56m[48;2;64;185;55m▀[0m[38;2;62;182;56m[48;2;62;182;53m▀[0m[38;2;62;182;56m[48;2;67;228;58m▀[0m[38;2;0;0;0m[48;2;67;228;58m▀[0m[38;2;0;0;0m▄            
  [38;2;0;0;0m▄[38;2;0;0;0m▄[38;2;0;0;0m▄        [38;2;0;0;0m[48;2;0;0;0m▀[0m[38;2;67;228;58m[48;2;62;182;56m▀[0m[38;2;90;247;91m[48;2;62;182;56m▀[0m[38;2;61;137;56m[48;2;62;182;56m▀[0m[38;2;44;79;45m[48;2;65;64;65m▀[0m[38;2;62;182;56m[48;2;62;182;56m▀[0m[38;2;62;182;56m[48;2;62;182;56m▀[0m[38;2;62;182;56m[48;2;65;64;65m▀[0m[38;2;65;64;65m[48;2;94;97;94m▀[0m[38;2;65;64;65m[48;2;94;97;94m▀[0m[38;2;62;182;56m[48;2;65;64;65m▀[0m[38;2;65;64;65m[48;2;65;64;65m▀[0m[38;2;84;252;91m[48;2;69;239;56m▀[0m[38;2;90;247;91m[48;2;84;252;91m▀[0m[38;2;90;247;91m[48;2;65;64;65m▀[0m[38;2;65;64;65m[48;2;64;185;55m▀[0m[38;2;65;64;65m[48;2;64;185;55m▀[0m[38;2;64;185;55m[48;2;62;182;56m▀[0m[38;2;64;185;55m[48;2;62;182;56m▀[0m[38;2;53;135;47m[48;2;62;182;56m▀[0m[38;2;67;228;58m[48;2;49;139;43m▀[0m[38;2;67;228;58m[48;2;67;228;58m▀[0m[38;2;67;228;58m[48;2;67;228;58m▀[0m[38;2;0;0;0m[48;2;0;0;0m▀[0m           
 [38;2;0;0;0m[48;2;0;0;0m▀[0m[38;2;198;58;73m[48;2;198;63;93m▀[0m[38;2;132;38;48m[48;2;131;40;57m▀[0m[38;2;198;63;93m[48;2;198;63;93m▀[0m[38;2;0;0;0m[48;2;131;40;57m▀[0m[38;2;0;0;0m[48;2;198;63;93m▀[0m[38;2;0;0;0m▄     [38;2;0;0;0m▀[38;2;62;182;56m[48;2;0;0;0m▀[0m[38;2;65;64;65m[48;2;62;182;56m▀[0m[38;2;62;182;56m[48;2;62;182;56m▀[0m[38;2;62;182;56m[48;2;65;64;65m▀[0m[38;2;65;64;65m[48;2;95;98;95m▀[0m[38;2;65;64;65m[48;2;175;176;175m▀[0m[38;2;94;97;94m[48;2;255;255;255m▀[0m[38;2;94;97;94m[48;2;90;87;89m▀[0m[38;2;94;97;94m[48;2;95;97;95m▀[0m[38;2;94;97;94m[48;2;95;97;95m▀[0m[38;2;65;64;65m[48;2;44;78;44m▀[0m[38;2;67;181;58m[48;2;108;137;111m▀[0m[38;2;74;159;74m[48;2;64;185;55m▀[0m[38;2;65;64;65m[48;2;64;185;55m▀[0m[38;2;64;185;55m[48;2;65;64;65m▀[0m[38;2;64;185;55m[48;2;62;182;56m▀[0m[38;2;62;182;56m[48;2;64;185;55m▀[0m[38;2;65;64;65m[48;2;64;185;55m▀[0m[38;2;62;182;56m[48;2;65;64;65m▀[0m[38;2;49;139;43m[48;2;62;127;58m▀[0m[38;2;64;182;56m[48;2;64;185;55m▀[0m[38;2;64;182;56m[48;2;64;185;55m▀[0m[38;2;0;0;0m[48;2;0;0;0m▀[0m           
 [38;2;0;0;0m▀[38;2;198;63;93m[48;2;16;0;0m▀[0m[38;2;131;40;57m[48;2;54;82;71m▀[0m[38;2;198;63;93m[48;2;195;62;88m▀[0m[38;2;131;40;57m[48;2;115;52;57m▀[0m[38;2;198;63;93m[48;2;198;63;93m▀[0m[38;2;0;0;0m[48;2;0;0;0m▀[0m     [38;2;0;0;0m▄[38;2;0;0;0m[48;2;65;64;65m▀[0m[38;2;62;182;56m[48;2;61;188;51m▀[0m[38;2;62;182;56m[48;2;64;185;55m▀[0m[38;2;65;64;65m[48;2;64;185;55m▀[0m[38;2;95;98;95m[48;2;53;77;54m▀[0m[38;2;255;255;255m[48;2;151;195;149m▀[0m[38;2;8;3;7m[48;2;255;255;255m▀[0m[38;2;172;171;172m[48;2;95;98;95m▀[0m[38;2;95;97;95m[48;2;94;97;94m▀[0m[38;2;95;97;95m[48;2;172;174;172m▀[0m[38;2;238;255;243m[48;2;0;0;0m▀[0m[38;2;44;78;44m[48;2;255;255;255m▀[0m[38;2;64;185;55m[48;2;65;64;65m▀[0m[38;2;64;185;55m[48;2;62;182;56m▀[0m[38;2;62;182;56m[48;2;64;185;55m▀[0m[38;2;65;64;65m[48;2;64;185;55m▀[0m[38;2;64;185;55m[48;2;65;64;65m▀[0m[38;2;64;185;55m[48;2;61;188;51m▀[0m[38;2;65;64;65m[48;2;64;185;55m▀[0m[38;2;61;188;51m[48;2;64;185;55m▀[0m[38;2;64;185;55m[48;2;70;190;64m▀[0m[38;2;64;185;55m[48;2;16;12;8m▀[0m[38;2;0;0;0m▀           
  [38;2;16;0;0m▀[38;2;96;166;113m[48;2;0;0;0m▀[0m[38;2;115;52;57m[48;2;44;88;42m▀[0m[38;2;115;52;57m[48;2;71;180;65m▀[0m[38;2;198;63;93m[48;2;82;80;65m▀[0m[38;2;0;0;0m[48;2;62;182;56m▀[0m[38;2;0;0;0m▄  [38;2;0;0;0m▄[38;2;0;0;0m[48;2;51;139;47m▀[0m[38;2;50;141;43m[48;2;51;139;47m▀[0m[38;2;62;127;58m[48;2;65;64;65m▀[0m[38;2;65;64;65m[48;2;65;64;65m▀[0m[38;2;64;185;55m[48;2;49;139;43m▀[0m[38;2;64;185;55m[48;2;62;182;56m▀[0m[38;2;104;136;101m[48;2;62;182;56m▀[0m[38;2;53;77;54m[48;2;65;64;65m▀[0m[38;2;95;98;95m[48;2;74;68;65m▀[0m[38;2;95;98;95m[48;2;72;102;71m▀[0m[38;2;94;97;94m[48;2;94;97;94m▀[0m[38;2;94;97;94m[48;2;94;97;94m▀[0m[38;2;255;255;255m[48;2;65;64;65m▀[0m[38;2;169;169;169m[48;2;65;64;65m▀[0m[38;2;65;64;65m[48;2;62;182;56m▀[0m[38;2;65;64;65m[48;2;65;64;65m▀[0m[38;2;64;185;55m[48;2;64;185;55m▀[0m[38;2;64;185;55m[48;2;64;185;55m▀[0m[38;2;62;127;58m[48;2;51;136;44m▀[0m[38;2;65;64;65m[48;2;61;185;55m▀[0m[38;2;64;185;55m[48;2;65;64;65m▀[0m[38;2;64;185;55m[48;2;62;127;58m▀[0m[38;2;35;68;33m[48;2;51;139;47m▀[0m[38;2;52;128;48m[48;2;51;139;47m▀[0m[38;2;0;0;0m[48;2;51;139;47m▀[0m[38;2;0;0;0m▄     [38;2;0;0;0m▄[38;2;0;0;0m▄   
    [38;2;16;8;0m▀[38;2;71;180;65m[48;2;0;0;0m▀[0m[38;2;82;80;65m[48;2;0;0;0m▀[0m[38;2;62;182;56m[48;2;82;78;69m▀[0m[38;2;62;182;56m[48;2;62;182;56m▀[0m[38;2;0;0;0m[48;2;62;182;56m▀[0m[38;2;0;0;0m[48;2;62;182;56m▀[0m[38;2;65;64;65m[48;2;0;0;0m▀[0m[38;2;51;139;47m[48;2;60;134;53m▀[0m[38;2;65;64;65m[48;2;41;89;39m▀[0m[38;2;67;228;58m[48;2;67;228;58m▀[0m[38;2;67;228;58m[48;2;67;228;58m▀[0m[38;2;49;139;43m[48;2;64;185;55m▀[0m[38;2;62;182;56m[48;2;64;185;55m▀[0m[38;2;62;182;56m[48;2;62;182;56m▀[0m[38;2;65;64;65m[48;2;65;64;65m▀[0m[38;2;71;180;65m[48;2;61;185;55m▀[0m[38;2;74;68;65m[48;2;61;185;55m▀[0m[38;2;65;64;65m[48;2;64;185;55m▀[0m[38;2;65;64;65m[48;2;64;185;55m▀[0m[38;2;62;182;56m[48;2;62;182;56m▀[0m[38;2;62;182;56m[48;2;62;182;56m▀[0m[38;2;62;182;56m[48;2;51;136;44m▀[0m[38;2;65;64;65m[48;2;61;185;55m▀[0m[38;2;64;185;55m[48;2;65;64;65m▀[0m[38;2;64;185;55m[48;2;62;182;56m▀[0m[38;2;61;185;55m[48;2;62;182;56m▀[0m[38;2;61;185;55m[48;2;65;64;65m▀[0m[38;2;65;64;65m[48;2;62;182;56m▀[0m[38;2;61;188;51m[48;2;62;182;56m▀[0m[38;2;65;64;65m[48;2;62;182;56m▀[0m[38;2;51;139;47m[48;2;65;64;65m▀[0m[38;2;51;139;47m[48;2;50;141;43m▀[0m[38;2;0;0;0m[48;2;0;0;0m▀[0m   [38;2;0;0;0m▄[38;2;0;0;0m[48;2;198;63;93m▀[0m[38;2;198;63;93m[48;2;131;40;57m▀[0m[38;2;127;40;53m[48;2;198;63;91m▀[0m[38;2;0;0;0m[48;2;198;63;91m▀[0m[38;2;0;0;0m▄ 
       [38;2;0;0;0m▀[38;2;0;0;0m▀[38;2;0;0;0m▀[38;2;0;0;0m▀[38;2;0;0;0m▄[38;2;8;0;0m[48;2;51;139;47m▀[0m[38;2;60;134;53m[48;2;51;139;47m▀[0m[38;2;65;64;65m[48;2;62;127;58m▀[0m[38;2;66;175;60m[48;2;65;64;65m▀[0m[38;2;64;185;55m[48;2;65;64;65m▀[0m[38;2;64;185;55m[48;2;65;64;65m▀[0m[38;2;65;64;65m[48;2;64;185;55m▀[0m[38;2;62;182;56m[48;2;64;185;55m▀[0m[38;2;51;136;44m[48;2;64;185;55m▀[0m[38;2;61;185;55m[48;2;64;185;55m▀[0m[38;2;64;185;55m[48;2;62;182;56m▀[0m[38;2;64;185;55m[48;2;62;182;56m▀[0m[38;2;49;139;43m[48;2;62;182;56m▀[0m[38;2;49;139;43m[48;2;62;182;56m▀[0m[38;2;61;185;55m[48;2;64;185;55m▀[0m[38;2;61;185;55m[48;2;64;185;55m▀[0m[38;2;62;182;56m[48;2;64;185;55m▀[0m[38;2;65;64;65m[48;2;64;185;55m▀[0m[38;2;65;64;65m[48;2;64;185;55m▀[0m[38;2;62;182;56m[48;2;64;185;55m▀[0m[38;2;62;182;56m[48;2;61;185;55m▀[0m[38;2;65;64;65m[48;2;61;185;55m▀[0m[38;2;62;182;56m[48;2;65;64;65m▀[0m[38;2;62;182;56m[48;2;61;188;51m▀[0m[38;2;0;0;0m[48;2;62;182;56m▀[0m[38;2;0;0;0m▄[38;2;0;0;0m▄[38;2;0;0;0m[48;2;62;182;56m▀[0m[38;2;0;0;0m[48;2;73;90;88m▀[0m[38;2;198;63;93m[48;2;73;90;88m▀[0m[38;2;131;40;57m[48;2;198;63;91m▀[0m[38;2;198;63;93m[48;2;198;63;91m▀[0m[38;2;198;63;91m[48;2;198;63;93m▀[0m[38;2;198;63;91m[48;2;0;0;0m▀[0m[38;2;0;0;0m▀ 
           [38;2;0;0;0m▀[38;2;51;139;47m[48;2;0;0;0m▀[0m[38;2;65;64;65m[48;2;62;182;56m▀[0m[38;2;61;188;51m[48;2;62;182;56m▀[0m[38;2;61;188;51m[48;2;62;182;56m▀[0m[38;2;51;139;47m[48;2;65;64;65m▀[0m[38;2;51;139;47m[48;2;51;139;47m▀[0m[38;2;64;185;55m[48;2;65;64;65m▀[0m[38;2;64;185;55m[48;2;61;188;51m▀[0m[38;2;64;185;55m[48;2;61;188;51m▀[0m[38;2;64;185;55m[48;2;65;64;65m▀[0m[38;2;49;139;43m[48;2;52;139;47m▀[0m[38;2;49;139;43m[48;2;52;139;47m▀[0m[38;2;62;182;56m[48;2;65;64;65m▀[0m[38;2;65;64;65m[48;2;51;139;47m▀[0m[38;2;64;185;55m[48;2;61;188;51m▀[0m[38;2;64;185;55m[48;2;61;188;51m▀[0m[38;2;64;185;55m[48;2;51;139;47m▀[0m[38;2;64;185;55m[48;2;65;64;65m▀[0m[38;2;64;185;55m[48;2;62;182;56m▀[0m[38;2;64;185;55m[48;2;62;182;56m▀[0m[38;2;61;185;55m[48;2;65;64;65m▀[0m[38;2;51;136;44m[48;2;51;139;47m▀[0m[38;2;62;127;58m[48;2;51;139;47m▀[0m[38;2;65;64;65m[48;2;51;139;47m▀[0m[38;2;62;182;56m[48;2;0;0;0m▀[0m[38;2;62;182;56m[48;2;0;0;0m▀[0m[38;2;62;182;56m[48;2;62;182;56m▀[0m[38;2;62;182;56m[48;2;62;182;56m▀[0m[38;2;99;84;114m[48;2;62;182;56m▀[0m[38;2;187;77;121m[48;2;62;182;56m▀[0m[38;2;198;63;91m[48;2;0;0;0m▀[0m[38;2;198;63;91m[48;2;0;0;0m▀[0m[38;2;0;0;0m▀   
            [38;2;0;0;0m[48;2;0;0;0m▀[0m[38;2;62;182;56m[48;2;50;141;43m▀[0m[38;2;62;182;56m[48;2;50;141;43m▀[0m[38;2;65;64;65m[48;2;0;0;0m▀[0m[38;2;51;139;47m[48;2;76;47;52m▀[0m[38;2;65;64;65m[48;2;76;47;52m▀[0m[38;2;65;64;65m[48;2;82;78;68m▀[0m[38;2;62;127;58m[48;2;65;64;65m▀[0m[38;2;62;127;58m[48;2;51;139;47m▀[0m[38;2;65;64;65m[48;2;51;139;47m▀[0m[38;2;52;139;47m[48;2;65;64;65m▀[0m[38;2;52;139;47m[48;2;65;64;65m▀[0m[38;2;65;64;65m[48;2;71;70;65m▀[0m[38;2;51;139;47m[48;2;55;135;47m▀[0m[38;2;62;127;58m[48;2;55;135;47m▀[0m[38;2;65;64;65m[48;2;71;70;65m▀[0m[38;2;51;139;47m[48;2;65;64;65m▀[0m[38;2;65;64;65m[48;2;65;64;65m▀[0m[38;2;49;139;43m[48;2;51;139;47m▀[0m[38;2;49;139;43m[48;2;51;139;47m▀[0m[38;2;65;64;65m[48;2;71;70;65m▀[0m[38;2;51;139;47m[48;2;71;70;65m▀[0m[38;2;51;139;47m[48;2;52;139;47m▀[0m[38;2;0;0;0m[48;2;52;139;47m▀[0m[38;2;0;0;0m▄ [38;2;0;0;0m▀[38;2;0;0;0m▀[38;2;0;0;0m▀[38;2;0;0;0m▀      
             [38;2;0;0;0m▀[38;2;0;0;0m▀ [38;2;0;12;8m[48;2;0;0;0m▀[0m[38;2;115;64;74m[48;2;65;64;65m▀[0m[38;2;82;78;68m[48;2;131;40;54m▀[0m[38;2;82;78;68m[48;2;131;40;54m▀[0m[38;2;65;64;65m[48;2;131;40;54m▀[0m[38;2;65;64;65m[48;2;131;40;54m▀[0m[38;2;65;64;65m[48;2;0;0;0m▀[0m[38;2;82;78;68m[48;2;0;0;0m▀[0m[38;2;71;70;65m[48;2;0;0;0m▀[0m[38;2;71;70;65m[48;2;0;0;0m▀[0m[38;2;71;70;65m[48;2;197;71;95m▀[0m[38;2;71;70;65m[48;2;97;44;50m▀[0m[38;2;82;78;68m[48;2;82;80;65m▀[0m[38;2;82;78;68m[48;2;82;80;65m▀[0m[38;2;65;64;65m[48;2;74;72;65m▀[0m[38;2;65;64;65m[48;2;198;63;91m▀[0m[38;2;71;70;65m[48;2;0;0;0m▀[0m[38;2;0;0;0m▀[38;2;52;139;47m[48;2;0;0;0m▀[0m[38;2;52;139;47m[48;2;50;141;43m▀[0m[38;2;50;141;43m[48;2;50;141;43m▀[0m[38;2;0;0;0m[48;2;0;0;0m▀[0m          
                 [38;2;0;0;0m▀[38;2;0;0;0m▀[38;2;0;0;0m▀[38;2;0;0;0m▀[38;2;0;0;0m▀    [38;2;0;16;0m▀[38;2;197;71;95m[48;2;0;0;0m▀[0m[38;2;195;63;92m[48;2;0;0;0m▀[0m[38;2;195;63;92m[48;2;0;0;0m▀[0m[38;2;198;63;91m[48;2;0;0;0m▀[0m[38;2;74;72;65m[48;2;0;0;0m▀[0m[38;2;0;0;0m▀  [38;2;0;0;0m▀[38;2;0;0;0m▀           
                                     [0m                                     