             [38;2;0;0;0m▄[38;2;0;0;0m[48;2;131;130;130m▀[0m[38;2;0;0;0m[48;2;131;130;130m▀[0m[38;2;0;0;0m▄            
           [38;2;0;0;0m▄[38;2;0;0;0m[48;2;131;130;130m▀[0m[38;2;131;130;130m[48;2;59;59;59m▀[0m[38;2;135;127;130m[48;2;135;127;130m▀[0m[38;2;135;127;130m[48;2;135;127;130m▀[0m[38;2;60;60;60m[48;2;130;130;130m▀[0m[38;2;3;3;3m[48;2;3;3;3m▀[0m           
          [38;2;3;3;3m[48;2;3;3;3m▀[0m[38;2;60;60;60m[48;2;130;130;130m▀[0m[38;2;57;51;49m[48;2;57;51;49m▀[0m[38;2;255;255;255m[48;2;255;255;255m▀[0m[38;2;56;50;46m[48;2;56;50;46m▀[0m[38;2;131;130;130m[48;2;131;130;130m▀[0m[38;2;135;127;130m[48;2;135;127;130m▀[0m[38;2;135;127;130m[48;2;135;127;130m▀[0m[38;2;0;0;0m[48;2;57;56;56m▀[0m[38;2;0;0;0m▄         
        [38;2;0;0;0m▄[38;2;0;0;0m[48;2;57;56;56m▀[0m[38;2;97;97;97m[48;2;125;125;125m▀[0m[38;2;97;97;97m[48;2;56;49;44m▀[0m[38;2;57;51;49m[48;2;255;255;255m▀[0m[38;2;57;51;49m[48;2;57;51;49m▀[0m[38;2;131;130;130m[48;2;93;93;93m▀[0m[38;2;131;130;130m[48;2;93;93;93m▀[0m[38;2;131;130;130m[48;2;93;93;93m▀[0m[38;2;93;93;93m[48;2;93;93;93m▀[0m[38;2;96;96;96m[48;2;96;96;96m▀[0m[38;2;3;3;3m[48;2;63;63;63m▀[0m[38;2;0;0;0m▄        
       [38;2;0;0;0m▄[38;2;0;0;0m[48;2;59;59;59m▀[0m[38;2;131;130;130m[48;2;131;130;130m▀[0m[38;2;122;122;122m[48;2;54;51;49m▀[0m[38;2;54;51;49m[48;2;255;242;255m▀[0m[38;2;255;255;255m[48;2;255;255;255m▀[0m[38;2;57;51;49m[48;2;255;255;255m▀[0m[38;2;131;130;130m[48;2;56;50;46m▀[0m[38;2;131;130;130m[48;2;131;130;130m▀[0m[38;2;131;130;130m[48;2;131;130;130m▀[0m[38;2;93;93;93m[48;2;93;93;93m▀[0m[38;2;93;93;93m[48;2;93;93;93m▀[0m[38;2;93;93;93m[48;2;93;93;93m▀[0m[38;2;0;0;0m[48;2;56;52;48m▀[0m[38;2;0;0;0m▄       
   [38;2;0;0;0m▄[38;2;0;0;0m[48;2;243;123;147m▀[0m[38;2;0;0;0m[48;2;243;123;147m▀[0m[38;2;0;0;0m▄[38;2;0;0;0m[48;2;216;114;136m▀[0m[38;2;255;255;246m[48;2;66;63;61m▀[0m[38;2;94;92;89m[48;2;255;255;246m▀[0m[38;2;95;89;87m[48;2;255;255;255m▀[0m[38;2;95;89;87m[48;2;255;255;255m▀[0m[38;2;255;255;255m[48;2;95;89;87m▀[0m[38;2;255;255;255m[48;2;95;89;87m▀[0m[38;2;59;54;47m[48;2;89;89;89m▀[0m[38;2;136;136;136m[48;2;59;54;47m▀[0m[38;2;94;94;94m[48;2;57;51;49m▀[0m[38;2;94;94;94m[48;2;57;51;49m▀[0m[38;2;57;51;49m[48;2;195;193;190m▀[0m[38;2;57;51;49m[48;2;195;193;190m▀[0m[38;2;195;193;190m[48;2;0;0;0m▀[0m[38;2;0;0;0m▀       
  [38;2;0;0;0m▄[38;2;0;0;0m[48;2;216;114;136m▀[0m[38;2;255;151;174m[48;2;67;67;67m▀[0m[38;2;203;113;134m[48;2;203;113;134m▀[0m[38;2;207;114;134m[48;2;79;74;66m▀[0m[38;2;79;74;66m[48;2;255;148;175m▀[0m[38;2;131;133;127m[48;2;68;64;65m▀[0m[38;2;68;64;65m[48;2;180;210;189m▀[0m[38;2;62;62;62m[48;2;176;176;176m▀[0m[38;2;234;234;234m[48;2;62;62;62m▀[0m[38;2;255;255;255m[48;2;65;64;65m▀[0m[38;2;255;255;255m[48;2;65;64;65m▀[0m[38;2;255;255;255m[48;2;65;64;65m▀[0m[38;2;255;255;255m[48;2;65;64;65m▀[0m[38;2;255;255;255m[48;2;65;64;65m▀[0m[38;2;191;191;191m[48;2;65;64;65m▀[0m[38;2;65;64;65m[48;2;65;64;65m▀[0m[38;2;65;64;65m[48;2;216;114;136m▀[0m[38;2;206;122;130m[48;2;51;50;50m▀[0m[38;2;0;16;8m[48;2;135;82;93m▀[0m[38;2;0;4;0m[48;2;255;147;166m▀[0m[38;2;0;4;0m[48;2;129;73;81m▀[0m[38;2;0;0;0m▄    
 [38;2;0;0;0m[48;2;0;0;0m▀[0m[38;2;216;114;136m[48;2;123;81;90m▀[0m[38;2;216;114;136m[48;2;216;114;136m▀[0m[38;2;216;114;136m[48;2;79;78;71m▀[0m[38;2;79;78;71m[48;2;216;114;136m▀[0m[38;2;255;151;174m[48;2;200;112;133m▀[0m[38;2;65;64;65m[48;2;65;64;65m▀[0m[38;2;65;161;172m[48;2;65;161;172m▀[0m[38;2;0;0;0m[48;2;0;0;0m▀[0m[38;2;84;83;79m[48;2;84;83;79m▀[0m[38;2;255;148;175m[48;2;84;83;79m▀[0m[38;2;255;148;175m[48;2;79;74;66m▀[0m[38;2;207;114;134m[48;2;79;74;66m▀[0m[38;2;49;79;76m[48;2;90;155;145m▀[0m[38;2;131;230;213m[48;2;8;4;8m▀[0m[38;2;65;64;65m[48;2;65;64;65m▀[0m[38;2;200;112;133m[48;2;255;151;174m▀[0m[38;2;65;64;65m[48;2;65;64;65m▀[0m[38;2;216;114;136m[48;2;216;114;136m▀[0m[38;2;65;64;65m[48;2;200;112;133m▀[0m[38;2;255;151;174m[48;2;65;64;65m▀[0m[38;2;255;148;175m[48;2;255;148;175m▀[0m[38;2;255;148;175m[48;2;219;112;137m▀[0m[38;2;0;0;0m[48;2;0;0;0m▀[0m    
  [38;2;0;0;0m▀[38;2;65;64;65m[48;2;0;0;0m▀[0m[38;2;255;148;175m[48;2;219;112;137m▀[0m[38;2;255;148;175m[48;2;219;112;137m▀[0m[38;2;56;56;56m[48;2;0;4;8m▀[0m[38;2;62;62;62m[48;2;62;62;62m▀[0m[38;2;66;63;61m[48;2;63;61;61m▀[0m[38;2;198;192;189m[48;2;66;63;61m▀[0m[38;2;95;97;95m[48;2;95;97;95m▀[0m[38;2;95;97;95m[48;2;95;97;95m▀[0m[38;2;94;97;94m[48;2;94;97;94m▀[0m[38;2;94;97;94m[48;2;82;80;65m▀[0m[38;2;142;167;169m[48;2;71;83;84m▀[0m[38;2;0;0;0m[48;2;213;250;255m▀[0m[38;2;65;64;65m[48;2;65;64;65m▀[0m[38;2;255;151;174m[48;2;200;112;133m▀[0m[38;2;65;68;65m[48;2;65;68;65m▀[0m[38;2;115;84;88m[48;2;215;117;135m▀[0m[38;2;216;114;136m[48;2;79;78;71m▀[0m[38;2;216;114;136m[48;2;79;78;71m▀[0m[38;2;207;114;134m[48;2;79;74;66m▀[0m[38;2;79;74;66m[48;2;255;148;175m▀[0m[38;2;255;148;175m[48;2;255;148;175m▀[0m[38;2;0;0;0m[48;2;0;0;0m▀[0m   
  [38;2;0;0;0m[48;2;0;0;0m▀[0m[38;2;255;148;175m[48;2;255;148;175m▀[0m[38;2;255;148;175m[48;2;255;148;175m▀[0m[38;2;0;0;0m[48;2;0;0;0m▀[0m [38;2;0;0;0m▀[38;2;62;61;60m[48;2;0;4;0m▀[0m[38;2;62;61;60m[48;2;42;39;39m▀[0m[38;2;65;64;65m[48;2;46;46;46m▀[0m[38;2;65;64;65m[48;2;62;61;60m▀[0m[38;2;81;77;68m[48;2;65;64;65m▀[0m[38;2;81;77;68m[48;2;65;64;65m▀[0m[38;2;79;79;79m[48;2;65;64;65m▀[0m[38;2;65;64;65m[48;2;107;105;105m▀[0m[38;2;65;64;65m[48;2;65;64;65m▀[0m[38;2;255;151;174m[48;2;200;112;133m▀[0m[38;2;65;68;65m[48;2;65;68;65m▀[0m[38;2;215;117;135m[48;2;115;84;88m▀[0m[38;2;219;115;137m[48;2;219;115;137m▀[0m[38;2;219;115;137m[48;2;219;115;137m▀[0m[38;2;255;148;175m[48;2;219;112;137m▀[0m[38;2;255;148;175m[48;2;219;112;137m▀[0m[38;2;214;129;149m[48;2;46;45;41m▀[0m[38;2;46;45;41m[48;2;87;87;87m▀[0m[38;2;0;0;0m[48;2;94;94;94m▀[0m[38;2;0;0;0m▄ 
 [38;2;0;0;0m[48;2;0;0;0m▀[0m[38;2;255;149;173m[48;2;255;149;173m▀[0m[38;2;255;149;173m[48;2;255;149;173m▀[0m[38;2;255;143;158m[48;2;172;93;103m▀[0m[38;2;0;0;0m[48;2;0;0;0m▀[0m  [38;2;0;0;0m▄[38;2;0;0;0m[48;2;121;119;116m▀[0m[38;2;121;119;116m[48;2;38;37;38m▀[0m[38;2;38;37;38m[48;2;38;37;38m▀[0m[38;2;47;45;40m[48;2;47;45;40m▀[0m[38;2;38;37;38m[48;2;38;37;38m▀[0m[38;2;41;40;40m[48;2;121;119;116m▀[0m[38;2;70;69;68m[48;2;70;69;68m▀[0m[38;2;255;149;173m[48;2;255;149;173m▀[0m[38;2;255;149;173m[48;2;255;149;173m▀[0m[38;2;66;63;61m[48;2;66;63;61m▀[0m[38;2;63;61;61m[48;2;123;119;115m▀[0m[38;2;43;44;38m[48;2;58;58;58m▀[0m[38;2;43;44;38m[48;2;92;92;92m▀[0m[38;2;46;45;41m[48;2;46;45;41m▀[0m[38;2;46;45;41m[48;2;94;94;94m▀[0m[38;2;93;93;93m[48;2;93;93;93m▀[0m[38;2;93;93;93m[48;2;93;93;93m▀[0m[38;2;94;94;94m[48;2;94;94;94m▀[0m[38;2;0;0;0m[48;2;0;0;0m▀[0m 
 [38;2;0;0;0m[48;2;0;0;0m▀[0m[38;2;219;112;137m[48;2;219;112;137m▀[0m[38;2;255;148;175m[48;2;219;112;137m▀[0m[38;2;168;93;108m[48;2;168;93;108m▀[0m[38;2;222;115;137m[48;2;222;115;137m▀[0m[38;2;0;0;0m[48;2;65;64;65m▀[0m[38;2;0;0;0m▄[38;2;0;4;0m[48;2;131;130;130m▀[0m[38;2;41;41;41m[48;2;131;130;130m▀[0m[38;2;38;37;38m[48;2;44;43;43m▀[0m[38;2;57;56;52m[48;2;57;56;52m▀[0m[38;2;38;37;38m[48;2;38;37;38m▀[0m[38;2;47;45;40m[48;2;38;37;38m▀[0m[38;2;69;68;68m[48;2;69;68;68m▀[0m[38;2;69;68;68m[48;2;255;148;175m▀[0m[38;2;255;149;173m[48;2;255;149;173m▀[0m[38;2;255;149;173m[48;2;255;149;173m▀[0m[38;2;57;68;65m[48;2;255;140;167m▀[0m[38;2;57;57;57m[48;2;57;68;65m▀[0m[38;2;121;119;116m[48;2;121;119;116m▀[0m[38;2;54;56;55m[48;2;54;56;55m▀[0m[38;2;94;94;94m[48;2;131;126;128m▀[0m[38;2;46;42;37m[48;2;46;42;37m▀[0m[38;2;93;93;93m[48;2;93;93;93m▀[0m[38;2;93;93;93m[48;2;93;93;93m▀[0m[38;2;0;0;0m[48;2;0;0;0m▀[0m  
 [38;2;0;0;0m[48;2;0;0;0m▀[0m[38;2;222;115;137m[48;2;168;93;108m▀[0m[38;2;222;115;137m[48;2;222;115;137m▀[0m[38;2;216;114;136m[48;2;216;114;136m▀[0m[38;2;216;114;136m[48;2;0;0;0m▀[0m[38;2;0;0;0m▀[38;2;56;52;48m[48;2;0;0;0m▀[0m[38;2;38;37;38m[48;2;54;56;54m▀[0m[38;2;38;37;38m[48;2;54;56;54m▀[0m[38;2;94;94;94m[48;2;40;41;38m▀[0m[38;2;40;41;38m[48;2;40;41;38m▀[0m[38;2;131;130;130m[48;2;38;37;38m▀[0m[38;2;131;130;130m[48;2;38;37;38m▀[0m[38;2;65;64;65m[48;2;65;64;65m▀[0m[38;2;255;151;174m[48;2;200;112;133m▀[0m[38;2;255;149;173m[48;2;255;149;173m▀[0m[38;2;255;149;173m[48;2;255;149;173m▀[0m[38;2;255;151;174m[48;2;200;112;133m▀[0m[38;2;65;64;65m[48;2;65;64;65m▀[0m[38;2;55;56;54m[48;2;131;130;130m▀[0m[38;2;131;130;130m[48;2;131;130;130m▀[0m[38;2;131;130;130m[48;2;131;130;130m▀[0m[38;2;131;130;130m[48;2;93;93;93m▀[0m[38;2;46;46;46m[48;2;46;46;46m▀[0m[38;2;0;4;0m[48;2;93;93;93m▀[0m[38;2;0;0;0m▄  
  [38;2;0;0;0m▀[38;2;0;0;0m▀[38;2;0;0;0m▀ [38;2;0;0;0m[48;2;0;0;0m▀[0m[38;2;37;36;34m[48;2;56;53;51m▀[0m[38;2;54;56;54m[48;2;38;37;38m▀[0m[38;2;54;56;54m[48;2;38;37;38m▀[0m[38;2;44;42;42m[48;2;57;51;49m▀[0m[38;2;38;37;38m[48;2;38;37;38m▀[0m[38;2;55;56;55m[48;2;55;56;55m▀[0m[38;2;55;56;55m[48;2;55;56;55m▀[0m[38;2;68;70;65m[48;2;68;70;65m▀[0m[38;2;216;114;136m[48;2;68;70;65m▀[0m[38;2;219;115;137m[48;2;219;115;137m▀[0m[38;2;219;115;137m[48;2;219;115;137m▀[0m[38;2;215;117;135m[48;2;65;68;65m▀[0m[38;2;65;68;65m[48;2;53;53;53m▀[0m[38;2;131;130;130m[48;2;131;130;130m▀[0m[38;2;93;93;93m[48;2;131;130;130m▀[0m[38;2;93;93;93m[48;2;131;130;130m▀[0m[38;2;131;130;130m[48;2;131;130;130m▀[0m[38;2;46;45;41m[48;2;46;45;41m▀[0m[38;2;94;94;94m[48;2;94;94;94m▀[0m[38;2;0;0;0m[48;2;0;0;0m▀[0m  
      [38;2;0;0;0m[48;2;0;0;0m▀[0m[38;2;56;50;47m[48;2;56;50;47m▀[0m[38;2;131;130;130m[48;2;93;93;93m▀[0m[38;2;131;130;130m[48;2;93;93;93m▀[0m[38;2;57;51;49m[48;2;57;51;49m▀[0m[38;2;57;51;49m[48;2;255;255;255m▀[0m[38;2;38;37;33m[48;2;54;54;54m▀[0m[38;2;38;37;33m[48;2;94;94;94m▀[0m[38;2;133;123;127m[48;2;97;97;97m▀[0m[38;2;54;51;49m[48;2;54;51;49m▀[0m[38;2;65;64;65m[48;2;56;50;46m▀[0m[38;2;65;64;65m[48;2;56;50;46m▀[0m[38;2;216;114;136m[48;2;216;114;136m▀[0m[38;2;216;114;136m[48;2;56;50;46m▀[0m[38;2;56;50;46m[48;2;56;50;46m▀[0m[38;2;131;130;130m[48;2;131;130;130m▀[0m[38;2;131;130;130m[48;2;93;93;93m▀[0m[38;2;93;93;93m[48;2;93;93;93m▀[0m[38;2;47;45;41m[48;2;0;0;0m▀[0m[38;2;0;0;0m▀   
       [38;2;0;0;0m[48;2;0;0;0m▀[0m[38;2;133;123;127m[48;2;97;97;97m▀[0m[38;2;54;51;49m[48;2;54;51;49m▀[0m[38;2;255;255;255m[48;2;54;51;49m▀[0m[38;2;255;255;255m[48;2;200;199;198m▀[0m[38;2;255;255;255m[48;2;57;51;49m▀[0m[38;2;57;51;49m[48;2;57;51;49m▀[0m[38;2;133;123;127m[48;2;97;97;97m▀[0m[38;2;54;51;49m[48;2;54;51;49m▀[0m[38;2;216;114;136m[48;2;216;114;136m▀[0m[38;2;56;50;46m[48;2;56;50;46m▀[0m[38;2;56;50;46m[48;2;56;50;46m▀[0m[38;2;135;83;95m[48;2;56;50;46m▀[0m[38;2;57;51;49m[48;2;57;51;49m▀[0m[38;2;94;94;94m[48;2;94;94;94m▀[0m[38;2;94;94;94m[48;2;94;94;94m▀[0m[38;2;0;0;0m[48;2;0;0;0m▀[0m     
        [38;2;0;0;0m▀[38;2;94;94;94m[48;2;0;0;0m▀[0m[38;2;55;53;53m[48;2;94;94;94m▀[0m[38;2;55;53;53m[48;2;38;40;29m▀[0m[38;2;54;54;54m[48;2;38;37;33m▀[0m[38;2;94;94;94m[48;2;38;37;33m▀[0m[38;2;94;94;94m[48;2;94;94;94m▀[0m[38;2;57;51;49m[48;2;94;94;94m▀[0m[38;2;56;50;46m[48;2;56;50;46m▀[0m[38;2;216;114;136m[48;2;216;114;136m▀[0m[38;2;56;50;46m[48;2;56;50;46m▀[0m[38;2;216;114;136m[48;2;56;50;46m▀[0m[38;2;49;49;49m[48;2;95;95;95m▀[0m[38;2;95;95;95m[48;2;0;8;0m▀[0m[38;2;0;0;0m▀      
          [38;2;0;0;0m▀[38;2;0;0;0m▀[38;2;54;56;54m[48;2;0;0;0m▀[0m[38;2;54;56;54m[48;2;54;56;54m▀[0m[38;2;38;37;38m[48;2;54;56;54m▀[0m[38;2;38;37;38m[48;2;54;56;54m▀[0m[38;2;92;92;92m[48;2;33;33;33m▀[0m[38;2;62;62;62m[48;2;0;8;8m▀[0m[38;2;49;49;49m[48;2;0;4;0m▀[0m[38;2;97;97;97m[48;2;0;4;0m▀[0m[38;2;0;0;0m▀        
             [38;2;0;0;0m▀[38;2;0;0;0m▀[38;2;0;0;0m▀[38;2;0;0;0m▀            
                                     [0m                                     