                   [38;2;0;0;0m▄[38;2;0;0;0m▄[38;2;0;0;0m[48;2;100;100;100m▀[0m[38;2;0;0;24m▄ [38;2;0;0;0m▄[38;2;0;0;0m▄[38;2;0;0;0m[48;2;100;100;100m▀[0m[38;2;0;0;0m[48;2;230;133;106m▀[0m[38;2;0;0;0m[48;2;0;0;0m▀[0m            
                [38;2;0;0;0m▄[38;2;0;0;0m▄[38;2;0;0;0m[48;2;100;100;100m▀[0m[38;2;100;100;100m[48;2;100;100;100m▀[0m[38;2;100;100;100m[48;2;42;41;42m▀[0m[38;2;39;39;39m[48;2;71;70;71m▀[0m[38;2;39;39;39m[48;2;100;100;100m▀[0m[38;2;0;0;0m[48;2;100;100;100m▀[0m[38;2;100;100;100m[48;2;153;113;102m▀[0m[38;2;100;100;100m[48;2;0;0;0m▀[0m[38;2;0;0;0m▀[38;2;0;0;0m[48;2;0;0;0m▀[0m[38;2;0;0;0m▄[38;2;0;0;0m▄[38;2;0;0;0m▄[38;2;0;0;0m▄         
              [38;2;0;0;0m▄[38;2;0;0;0m[48;2;100;100;100m▀[0m[38;2;100;100;100m[48;2;236;130;105m▀[0m[38;2;100;100;100m[48;2;236;130;105m▀[0m[38;2;100;100;100m[48;2;100;100;100m▀[0m[38;2;42;41;42m[48;2;100;100;100m▀[0m[38;2;100;100;100m[48;2;100;100;100m▀[0m[38;2;100;100;100m[48;2;232;132;106m▀[0m[38;2;82;82;82m[48;2;232;132;106m▀[0m[38;2;153;113;102m[48;2;230;133;106m▀[0m[38;2;42;41;42m[48;2;230;133;106m▀[0m[38;2;42;41;42m[48;2;149;87;73m▀[0m[38;2;0;0;0m[48;2;149;87;73m▀[0m[38;2;147;86;71m[48;2;147;86;71m▀[0m[38;2;147;86;71m[48;2;147;86;71m▀[0m[38;2;147;86;71m[48;2;0;0;0m▀[0m[38;2;147;86;71m[48;2;0;0;0m▀[0m[38;2;148;85;73m[48;2;0;0;0m▀[0m[38;2;0;0;0m▀        
              [38;2;0;0;0m▀[38;2;236;130;105m[48;2;0;0;0m▀[0m[38;2;236;130;105m[48;2;230;133;106m▀[0m[38;2;100;100;100m[48;2;232;132;106m▀[0m[38;2;100;100;100m[48;2;232;132;106m▀[0m[38;2;236;130;105m[48;2;232;132;106m▀[0m[38;2;236;130;105m[48;2;232;132;106m▀[0m[38;2;232;132;106m[48;2;232;132;106m▀[0m[38;2;232;132;106m[48;2;232;132;106m▀[0m[38;2;230;133;106m[48;2;226;133;109m▀[0m[38;2;147;88;73m[48;2;151;88;72m▀[0m[38;2;149;87;73m[48;2;0;0;0m▀[0m[38;2;149;87;73m[48;2;0;0;0m▀[0m[38;2;0;0;0m▀[38;2;0;0;0m▀            
               [38;2;0;0;0m▀[38;2;230;133;106m[48;2;0;0;0m▀[0m[38;2;232;132;106m[48;2;232;132;106m▀[0m[38;2;232;132;106m[48;2;232;132;106m▀[0m[38;2;232;132;106m[48;2;232;132;106m▀[0m[38;2;232;132;106m[48;2;232;132;106m▀[0m[38;2;232;132;106m[48;2;230;133;106m▀[0m[38;2;232;132;106m[48;2;0;0;0m▀[0m[38;2;0;0;0m▀[38;2;0;0;0m▀                
                [38;2;0;0;0m[48;2;0;0;0m▀[0m[38;2;232;132;106m[48;2;230;133;106m▀[0m[38;2;232;132;106m[48;2;230;133;106m▀[0m[38;2;232;132;106m[48;2;232;132;106m▀[0m[38;2;232;132;106m[48;2;232;132;106m▀[0m[38;2;230;133;106m[48;2;230;133;106m▀[0m[38;2;230;133;106m[48;2;0;0;0m▀[0m[38;2;0;0;0m▀                 
   [38;2;0;0;0m▄[38;2;0;0;0m▄     [38;2;0;0;0m▄[38;2;0;0;16m▄[38;2;0;0;0m[48;2;65;65;65m▀[0m[38;2;0;0;0m[48;2;65;65;65m▀[0m[38;2;0;0;16m▄  [38;2;0;0;0m[48;2;0;0;0m▀[0m[38;2;230;133;106m[48;2;230;133;106m▀[0m[38;2;232;132;106m[48;2;232;132;106m▀[0m[38;2;232;132;106m[48;2;232;132;106m▀[0m[38;2;230;133;106m[48;2;230;133;106m▀[0m[38;2;230;133;106m[48;2;0;0;0m▀[0m[38;2;0;0;0m▀    [38;2;0;0;0m▄[38;2;0;0;0m▄           
  [38;2;0;0;0m[48;2;0;0;0m▀[0m[38;2;70;70;70m[48;2;85;85;83m▀[0m[38;2;106;106;106m[48;2;85;85;83m▀[0m[38;2;0;0;0m[48;2;109;109;109m▀[0m[38;2;8;0;8m▄ [38;2;0;0;0m▄[38;2;0;0;0m[48;2;108;108;108m▀[0m[38;2;100;100;100m[48;2;84;84;83m▀[0m[38;2;36;36;36m[48;2;94;84;81m▀[0m[38;2;65;65;65m[48;2;46;43;42m▀[0m[38;2;65;65;65m[48;2;42;46;42m▀[0m[38;2;36;36;36m[48;2;201;146;118m▀[0m[38;2;0;0;0m[48;2;230;133;106m▀[0m[38;2;0;0;0m▄[38;2;0;0;0m[48;2;232;132;106m▀[0m[38;2;230;133;106m[48;2;232;132;106m▀[0m[38;2;232;132;106m[48;2;230;133;106m▀[0m[38;2;232;132;106m[48;2;73;73;73m▀[0m[38;2;230;133;106m[48;2;84;84;84m▀[0m[38;2;230;133;106m[48;2;0;0;0m▀[0m[38;2;0;0;0m▀  [38;2;0;0;0m▄[38;2;0;0;0m[48;2;99;99;99m▀[0m[38;2;100;100;100m[48;2;99;99;99m▀[0m[38;2;100;100;100m[48;2;99;99;99m▀[0m[38;2;0;0;0m[48;2;99;99;99m▀[0m[38;2;0;0;0m▄   [38;2;8;4;8m▄[38;2;0;0;0m[48;2;84;84;84m▀[0m[38;2;0;0;0m[48;2;64;64;64m▀[0m[38;2;0;0;0m▄  
 [38;2;0;0;0m[48;2;0;4;0m▀[0m[38;2;64;64;64m[48;2;87;87;87m▀[0m[38;2;64;64;64m[48;2;85;85;83m▀[0m[38;2;85;85;83m[48;2;64;64;64m▀[0m[38;2;73;73;73m[48;2;64;64;64m▀[0m[38;2;73;73;73m[48;2;85;85;83m▀[0m[38;2;0;0;0m[48;2;47;47;47m▀[0m[38;2;48;48;48m[48;2;100;100;100m▀[0m[38;2;84;84;83m[48;2;140;136;133m▀[0m[38;2;242;242;242m[48;2;255;255;255m▀[0m[38;2;46;43;42m[48;2;42;41;42m▀[0m[38;2;46;43;42m[48;2;62;62;62m▀[0m[38;2;80;68;60m[48;2;62;62;62m▀[0m[38;2;42;46;42m[48;2;44;44;44m▀[0m[38;2;230;133;106m[48;2;65;97;98m▀[0m[38;2;230;133;106m[48;2;230;133;106m▀[0m[38;2;232;132;106m[48;2;230;133;106m▀[0m[38;2;232;132;106m[48;2;230;133;106m▀[0m[38;2;73;73;73m[48;2;69;69;69m▀[0m[38;2;73;73;73m[48;2;255;255;255m▀[0m[38;2;255;255;255m[48;2;71;161;175m▀[0m[38;2;255;255;255m[48;2;65;64;65m▀[0m[38;2;0;0;0m[48;2;106;106;106m▀[0m[38;2;0;0;24m▄[38;2;0;0;0m[48;2;84;84;83m▀[0m[38;2;100;100;100m[48;2;108;108;108m▀[0m[38;2;99;99;99m[48;2;99;99;99m▀[0m[38;2;99;99;99m[48;2;99;99;99m▀[0m[38;2;99;99;99m[48;2;99;99;99m▀[0m[38;2;99;99;99m[48;2;99;99;99m▀[0m[38;2;0;0;0m[48;2;103;103;103m▀[0m[38;2;8;0;8m▄[38;2;0;0;0m[48;2;100;100;100m▀[0m[38;2;0;0;0m[48;2;100;100;100m▀[0m[38;2;100;100;100m[48;2;100;100;100m▀[0m[38;2;100;100;100m[48;2;62;62;62m▀[0m[38;2;64;64;64m[48;2;62;62;62m▀[0m[38;2;0;0;0m[48;2;62;62;62m▀[0m[38;2;0;0;0m▄ 
 [38;2;0;4;0m[48;2;0;0;0m▀[0m[38;2;58;58;58m[48;2;85;85;83m▀[0m[38;2;85;85;83m[48;2;61;61;61m▀[0m[38;2;85;85;83m[48;2;61;61;61m▀[0m[38;2;85;85;83m[48;2;84;83;82m▀[0m[38;2;85;85;83m[48;2;47;47;47m▀[0m[38;2;47;47;47m[48;2;100;100;100m▀[0m[38;2;100;100;100m[48;2;140;136;133m▀[0m[38;2;140;136;133m[48;2;255;255;255m▀[0m[38;2;83;75;71m[48;2;47;47;47m▀[0m[38;2;42;41;42m[48;2;42;41;42m▀[0m[38;2;62;62;62m[48;2;62;62;62m▀[0m[38;2;44;44;44m[48;2;46;43;42m▀[0m[38;2;156;156;156m[48;2;160;160;160m▀[0m[38;2;65;97;98m[48;2;111;118;102m▀[0m[38;2;65;97;98m[48;2;49;72;90m▀[0m[38;2;230;133;106m[48;2;230;133;106m▀[0m[38;2;73;73;73m[48;2;73;73;73m▀[0m[38;2;255;255;255m[48;2;142;167;169m▀[0m[38;2;69;69;69m[48;2;0;0;0m▀[0m[38;2;71;161;175m[48;2;111;118;102m▀[0m[38;2;65;64;65m[48;2;49;72;90m▀[0m[38;2;73;73;73m[48;2;100;100;100m▀[0m[38;2;40;40;40m[48;2;39;39;39m▀[0m[38;2;242;242;242m[48;2;242;242;242m▀[0m[38;2;84;84;83m[48;2;84;84;83m▀[0m[38;2;99;99;99m[48;2;99;99;99m▀[0m[38;2;99;99;99m[48;2;99;99;99m▀[0m[38;2;99;99;99m[48;2;62;62;62m▀[0m[38;2;99;99;99m[48;2;100;100;100m▀[0m[38;2;103;103;103m[48;2;100;100;100m▀[0m[38;2;70;70;70m[48;2;84;83;83m▀[0m[38;2;100;100;100m[48;2;100;100;100m▀[0m[38;2;62;62;62m[48;2;100;100;100m▀[0m[38;2;62;62;62m[48;2;100;100;100m▀[0m[38;2;100;100;100m[48;2;100;100;100m▀[0m[38;2;100;100;100m[48;2;62;62;62m▀[0m[38;2;62;62;62m[48;2;62;62;62m▀[0m[38;2;0;0;0m[48;2;0;0;0m▀[0m 
  [38;2;0;0;0m▀[38;2;4;4;4m▀[38;2;89;89;89m[48;2;0;0;0m▀[0m[38;2;84;83;82m[48;2;0;0;0m▀[0m[38;2;47;47;47m[48;2;42;41;42m▀[0m[38;2;100;100;100m[48;2;100;100;100m▀[0m[38;2;140;136;133m[48;2;100;100;100m▀[0m[38;2;255;255;255m[48;2;140;136;133m▀[0m[38;2;47;47;47m[48;2;48;47;46m▀[0m[38;2;42;41;42m[48;2;42;41;42m▀[0m[38;2;62;62;62m[48;2;62;62;62m▀[0m[38;2;46;43;42m[48;2;62;62;62m▀[0m[38;2;46;43;42m[48;2;42;41;42m▀[0m[38;2;168;168;168m[48;2;46;43;42m▀[0m[38;2;49;72;90m[48;2;230;133;106m▀[0m[38;2;230;133;106m[48;2;230;133;106m▀[0m[38;2;73;73;73m[48;2;230;133;106m▀[0m[38;2;71;83;84m[48;2;72;67;66m▀[0m[38;2;213;250;255m[48;2;72;67;66m▀[0m[38;2;49;72;90m[48;2;68;68;68m▀[0m[38;2;168;168;168m[48;2;0;0;0m▀[0m[38;2;0;0;24m▀[38;2;39;39;39m[48;2;0;0;0m▀[0m[38;2;84;84;83m[48;2;255;255;255m▀[0m[38;2;108;108;108m[48;2;96;83;81m▀[0m[38;2;99;99;99m[48;2;100;100;100m▀[0m[38;2;99;99;99m[48;2;62;62;62m▀[0m[38;2;62;62;62m[48;2;230;133;106m▀[0m[38;2;62;62;62m[48;2;62;62;62m▀[0m[38;2;100;100;100m[48;2;96;83;81m▀[0m[38;2;100;100;100m[48;2;100;100;100m▀[0m[38;2;84;83;83m[48;2;82;82;82m▀[0m[38;2;100;100;100m[48;2;103;103;103m▀[0m[38;2;62;62;62m[48;2;100;100;100m▀[0m[38;2;62;62;62m[48;2;100;100;100m▀[0m[38;2;100;100;100m[48;2;42;41;42m▀[0m[38;2;62;62;62m[48;2;0;0;0m▀[0m[38;2;0;0;0m▀ 
      [38;2;0;0;0m[48;2;0;0;0m▀[0m[38;2;100;100;100m[48;2;98;98;98m▀[0m[38;2;140;136;133m[48;2;140;136;133m▀[0m[38;2;255;255;255m[48;2;255;255;255m▀[0m[38;2;48;47;46m[48;2;83;75;71m▀[0m[38;2;42;41;42m[48;2;42;38;42m▀[0m[38;2;62;62;62m[48;2;62;62;62m▀[0m[38;2;62;62;62m[48;2;42;41;42m▀[0m[38;2;62;62;62m[48;2;42;41;42m▀[0m[38;2;46;43;42m[48;2;100;100;100m▀[0m[38;2;46;43;42m[48;2;44;44;44m▀[0m[38;2;42;41;42m[48;2;44;44;44m▀[0m[38;2;230;133;106m[48;2;44;44;44m▀[0m[38;2;230;133;106m[48;2;44;44;44m▀[0m[38;2;72;67;66m[48;2;44;44;44m▀[0m[38;2;68;68;68m[48;2;42;41;42m▀[0m[38;2;43;43;43m[48;2;100;100;100m▀[0m[38;2;0;0;0m[48;2;46;43;42m▀[0m[38;2;255;255;255m[48;2;133;130;129m▀[0m[38;2;255;255;255m[48;2;96;83;81m▀[0m[38;2;96;83;81m[48;2;100;100;100m▀[0m[38;2;100;100;100m[48;2;100;100;100m▀[0m[38;2;62;62;62m[48;2;71;71;71m▀[0m[38;2;230;133;106m[48;2;230;133;106m▀[0m[38;2;62;62;62m[48;2;94;85;82m▀[0m[38;2;100;100;100m[48;2;100;100;100m▀[0m[38;2;96;83;81m[48;2;76;76;75m▀[0m[38;2;42;41;42m[48;2;85;85;83m▀[0m[38;2;42;41;42m[48;2;0;0;0m▀[0m[38;2;0;0;0m▀[38;2;0;0;0m▀[38;2;0;0;0m▀   
      [38;2;0;0;0m▀[38;2;88;88;88m[48;2;0;0;0m▀[0m[38;2;98;98;98m[48;2;85;85;83m▀[0m[38;2;140;136;133m[48;2;106;106;106m▀[0m[38;2;255;255;255m[48;2;110;110;110m▀[0m[38;2;48;48;48m[48;2;48;48;47m▀[0m[38;2;42;38;42m[48;2;48;48;47m▀[0m[38;2;48;48;47m[48;2;42;41;42m▀[0m[38;2;48;48;47m[48;2;62;62;62m▀[0m[38;2;100;100;100m[48;2;42;41;42m▀[0m[38;2;44;44;44m[48;2;62;62;62m▀[0m[38;2;255;255;255m[48;2;44;44;44m▀[0m[38;2;44;44;44m[48;2;44;44;44m▀[0m[38;2;44;44;44m[48;2;47;47;47m▀[0m[38;2;255;255;255m[48;2;47;47;47m▀[0m[38;2;42;41;42m[48;2;46;43;42m▀[0m[38;2;100;100;100m[48;2;83;82;82m▀[0m[38;2;46;43;42m[48;2;50;46;44m▀[0m[38;2;255;255;255m[48;2;255;255;255m▀[0m[38;2;96;83;81m[48;2;96;83;81m▀[0m[38;2;100;100;100m[48;2;100;100;100m▀[0m[38;2;71;71;71m[48;2;64;64;64m▀[0m[38;2;71;71;71m[48;2;255;255;255m▀[0m[38;2;94;85;82m[48;2;80;77;74m▀[0m[38;2;94;85;82m[48;2;100;100;100m▀[0m[38;2;100;100;100m[48;2;62;62;62m▀[0m[38;2;76;76;75m[48;2;85;85;83m▀[0m[38;2;85;85;83m[48;2;85;85;83m▀[0m[38;2;0;0;0m[48;2;0;0;0m▀[0m      
       [38;2;0;0;0m▀[38;2;85;85;83m[48;2;0;0;0m▀[0m[38;2;52;51;52m[48;2;118;74;61m▀[0m[38;2;52;51;52m[48;2;250;250;250m▀[0m[38;2;48;48;47m[48;2;48;48;47m▀[0m[38;2;42;41;42m[48;2;42;41;42m▀[0m[38;2;62;62;62m[48;2;66;66;66m▀[0m[38;2;62;62;62m[48;2;35;35;35m▀[0m[38;2;42;41;42m[48;2;230;133;106m▀[0m[38;2;42;41;42m[48;2;230;133;106m▀[0m[38;2;230;133;106m[48;2;230;133;106m▀[0m[38;2;230;133;106m[48;2;230;133;106m▀[0m[38;2;230;133;106m[48;2;230;133;106m▀[0m[38;2;47;47;47m[48;2;230;133;106m▀[0m[38;2;46;43;42m[48;2;230;133;106m▀[0m[38;2;46;43;42m[48;2;47;47;47m▀[0m[38;2;50;46;44m[48;2;46;43;42m▀[0m[38;2;136;133;131m[48;2;46;43;42m▀[0m[38;2;100;100;100m[48;2;75;74;72m▀[0m[38;2;100;100;100m[48;2;82;82;82m▀[0m[38;2;64;64;64m[48;2;85;85;83m▀[0m[38;2;255;255;255m[48;2;64;64;64m▀[0m[38;2;80;77;74m[48;2;85;85;83m▀[0m[38;2;84;84;84m[48;2;64;64;64m▀[0m[38;2;62;62;62m[48;2;85;85;83m▀[0m[38;2;85;85;83m[48;2;85;85;83m▀[0m[38;2;0;0;0m[48;2;0;0;0m▀[0m       
        [38;2;0;0;0m[48;2;0;0;0m▀[0m[38;2;161;135;126m[48;2;168;157;151m▀[0m[38;2;250;250;250m[48;2;247;241;237m▀[0m[38;2;48;48;47m[48;2;46;45;45m▀[0m[38;2;42;41;42m[48;2;0;0;0m▀[0m[38;2;0;0;8m▀[38;2;0;0;8m▀[38;2;65;64;65m[48;2;0;20;24m▀[0m[38;2;230;133;106m[48;2;77;62;56m▀[0m[38;2;147;88;73m[48;2;232;132;106m▀[0m[38;2;230;133;106m[48;2;232;132;106m▀[0m[38;2;147;88;73m[48;2;148;85;73m▀[0m[38;2;230;133;106m[48;2;76;76;75m▀[0m[38;2;230;133;106m[48;2;230;133;106m▀[0m[38;2;230;133;106m[48;2;230;133;106m▀[0m[38;2;46;43;42m[48;2;77;59;54m▀[0m[38;2;230;133;106m[48;2;159;152;148m▀[0m[38;2;246;246;246m[48;2;255;255;255m▀[0m[38;2;75;74;72m[48;2;47;47;47m▀[0m[38;2;85;85;83m[48;2;74;72;69m▀[0m[38;2;85;85;83m[48;2;84;84;83m▀[0m[38;2;85;85;83m[48;2;0;0;0m▀[0m[38;2;85;85;83m[48;2;0;0;0m▀[0m[38;2;85;85;83m[48;2;0;0;0m▀[0m[38;2;0;0;0m▀        
        [38;2;0;0;0m▀[38;2;90;71;64m[48;2;0;0;0m▀[0m[38;2;90;71;64m[48;2;48;48;48m▀[0m[38;2;46;45;45m[48;2;0;0;0m▀[0m[38;2;0;0;0m▀ [38;2;0;0;0m[48;2;0;0;0m▀[0m[38;2;236;141;117m[48;2;144;90;76m▀[0m[38;2;77;62;56m[48;2;97;62;53m▀[0m[38;2;232;132;106m[48;2;237;132;108m▀[0m[38;2;232;132;106m[48;2;157;88;72m▀[0m[38;2;76;76;75m[48;2;73;73;73m▀[0m[38;2;148;85;73m[48;2;147;88;73m▀[0m[38;2;65;64;65m[48;2;65;64;65m▀[0m[38;2;230;133;106m[48;2;234;128;102m▀[0m[38;2;77;59;54m[48;2;149;85;71m▀[0m[38;2;244;242;240m[48;2;42;41;42m▀[0m[38;2;47;47;47m[48;2;48;48;48m▀[0m[38;2;47;47;47m[48;2;48;48;48m▀[0m[38;2;74;72;69m[48;2;0;0;0m▀[0m[38;2;0;0;16m▀            
         [38;2;0;0;0m[48;2;0;0;0m▀[0m[38;2;48;48;48m[48;2;48;48;48m▀[0m[38;2;0;0;0m[48;2;0;0;0m▀[0m [38;2;0;0;0m[48;2;0;0;0m▀[0m[38;2;230;133;106m[48;2;148;85;73m▀[0m[38;2;144;90;76m[48;2;0;0;0m▀[0m[38;2;0;4;8m▀[38;2;237;132;108m[48;2;0;0;0m▀[0m[38;2;0;0;0m▀[38;2;147;88;73m[48;2;0;0;0m▀[0m[38;2;147;88;73m[48;2;147;86;71m▀[0m[38;2;150;96;83m[48;2;149;85;71m▀[0m[38;2;65;64;65m[48;2;65;64;65m▀[0m[38;2;149;85;71m[48;2;149;85;71m▀[0m[38;2;42;41;42m[48;2;42;41;42m▀[0m[38;2;48;48;48m[48;2;48;48;48m▀[0m[38;2;0;0;0m[48;2;0;0;0m▀[0m              
          [38;2;0;0;0m▀   [38;2;0;0;0m▀    [38;2;0;0;0m▀[38;2;147;86;71m[48;2;0;0;0m▀[0m[38;2;149;85;71m[48;2;147;86;71m▀[0m[38;2;149;85;71m[48;2;147;86;71m▀[0m[38;2;65;64;65m[48;2;147;86;71m▀[0m[38;2;149;85;71m[48;2;0;0;0m▀[0m[38;2;0;0;0m▀               
                     [38;2;0;0;0m▀[38;2;147;86;71m[48;2;0;0;0m▀[0m[38;2;147;86;71m[48;2;0;0;0m▀[0m[38;2;0;0;0m▀                
                                     [0m                                     