             [38;2;0;0;0m▄[38;2;0;0;0m[48;2;65;64;65m▀[0m[38;2;0;0;0m[48;2;0;0;0m▀[0m                  
            [38;2;0;0;0m[48;2;0;0;0m▀[0m[38;2;218;191;40m[48;2;218;191;40m▀[0m[38;2;218;191;40m[48;2;218;191;40m▀[0m[38;2;0;0;0m[48;2;0;0;0m▀[0m   [38;2;0;0;0m[48;2;0;0;0m▀[0m[38;2;0;0;0m[48;2;65;64;65m▀[0m[38;2;0;0;0m▄            
           [38;2;0;0;8m[48;2;0;0;8m▀[0m[38;2;214;183;53m[48;2;102;85;30m▀[0m[38;2;83;79;66m[48;2;83;79;66m▀[0m[38;2;0;0;0m[48;2;0;0;0m▀[0m    [38;2;0;0;8m[48;2;0;0;8m▀[0m[38;2;68;56;22m[48;2;223;193;53m▀[0m[38;2;216;188;43m[48;2;216;188;43m▀[0m[38;2;0;0;0m[48;2;0;0;0m▀[0m           
           [38;2;0;0;0m[48;2;0;0;0m▀[0m[38;2;83;79;66m[48;2;83;79;66m▀[0m[38;2;83;79;66m[48;2;83;79;66m▀[0m[38;2;83;79;66m[48;2;83;79;66m▀[0m[38;2;0;0;0m[48;2;0;0;0m▀[0m  [38;2;0;0;0m▄[38;2;0;0;16m[48;2;101;87;34m▀[0m[38;2;215;189;53m[48;2;215;189;53m▀[0m[38;2;214;183;53m[48;2;102;85;30m▀[0m[38;2;0;0;8m[48;2;0;0;8m▀[0m           
   [38;2;0;0;0m▄[38;2;0;0;0m▄[38;2;0;0;0m[48;2;97;97;97m▀[0m[38;2;0;0;0m[48;2;97;97;97m▀[0m[38;2;0;0;0m[48;2;97;97;97m▀[0m[38;2;0;0;0m[48;2;97;97;97m▀[0m[38;2;0;4;8m[48;2;97;97;97m▀[0m[38;2;1;2;2m[48;2;43;43;43m▀[0m[38;2;37;37;36m[48;2;97;97;97m▀[0m[38;2;75;73;64m[48;2;37;37;36m▀[0m[38;2;83;78;66m[48;2;34;34;34m▀[0m[38;2;83;78;66m[48;2;34;34;34m▀[0m[38;2;30;30;30m[48;2;101;101;101m▀[0m[38;2;0;16;16m[48;2;101;101;101m▀[0m[38;2;0;0;0m▄[38;2;0;0;0m[48;2;83;78;67m▀[0m[38;2;83;79;66m[48;2;83;79;66m▀[0m[38;2;83;79;66m[48;2;83;79;66m▀[0m[38;2;83;79;66m[48;2;83;79;66m▀[0m[38;2;0;0;0m[48;2;0;0;0m▀[0m           
 [38;2;0;0;0m▄[38;2;0;0;0m[48;2;51;51;51m▀[0m[38;2;97;97;97m[48;2;63;63;63m▀[0m[38;2;97;97;97m[48;2;63;63;63m▀[0m[38;2;97;97;97m[48;2;85;85;85m▀[0m[38;2;63;63;63m[48;2;97;97;97m▀[0m[38;2;65;65;65m[48;2;97;97;97m▀[0m[38;2;97;97;97m[48;2;39;39;39m▀[0m[38;2;40;40;38m[48;2;90;90;90m▀[0m[38;2;90;90;90m[48;2;90;90;90m▀[0m[38;2;98;98;98m[48;2;98;98;98m▀[0m[38;2;98;98;98m[48;2;98;98;98m▀[0m[38;2;97;97;97m[48;2;63;63;63m▀[0m[38;2;63;63;63m[48;2;63;63;63m▀[0m[38;2;69;69;69m[48;2;90;90;90m▀[0m[38;2;34;34;34m[48;2;34;34;34m▀[0m[38;2;83;79;66m[48;2;83;79;66m▀[0m[38;2;83;79;66m[48;2;83;79;66m▀[0m[38;2;83;78;66m[48;2;83;78;66m▀[0m[38;2;83;78;66m[48;2;34;34;34m▀[0m[38;2;34;34;34m[48;2;97;97;97m▀[0m[38;2;34;34;34m[48;2;97;97;97m▀[0m[38;2;0;0;0m[48;2;97;97;97m▀[0m[38;2;0;0;0m▄         
 [38;2;0;0;0m▀[38;2;255;255;255m[48;2;0;0;0m▀[0m[38;2;63;63;63m[48;2;255;255;255m▀[0m[38;2;63;63;63m[48;2;63;63;63m▀[0m[38;2;69;69;69m[48;2;48;46;44m▀[0m[38;2;69;69;69m[48;2;80;80;80m▀[0m[38;2;86;86;86m[48;2;37;37;36m▀[0m[38;2;37;37;36m[48;2;86;86;86m▀[0m[38;2;86;86;86m[48;2;86;86;86m▀[0m[38;2;63;63;63m[48;2;86;86;86m▀[0m[38;2;63;63;63m[48;2;86;86;86m▀[0m[38;2;63;63;63m[48;2;63;63;63m▀[0m[38;2;85;85;85m[48;2;63;63;63m▀[0m[38;2;97;97;97m[48;2;63;63;63m▀[0m[38;2;97;97;97m[48;2;85;85;85m▀[0m[38;2;97;97;97m[48;2;97;97;97m▀[0m[38;2;34;34;34m[48;2;97;97;97m▀[0m[38;2;34;34;34m[48;2;97;97;97m▀[0m[38;2;33;32;33m[48;2;101;101;101m▀[0m[38;2;101;101;101m[48;2;64;64;64m▀[0m[38;2;97;97;97m[48;2;63;63;63m▀[0m[38;2;63;63;63m[48;2;74;74;74m▀[0m[38;2;63;63;63m[48;2;63;63;63m▀[0m[38;2;0;0;0m[48;2;63;63;63m▀[0m[38;2;0;0;0m▄[38;2;0;0;0m▄       
   [38;2;0;0;0m▀[38;2;0;0;0m▀[38;2;255;255;255m[48;2;4;4;4m▀[0m[38;2;48;48;48m[48;2;4;4;4m▀[0m[38;2;34;34;34m[48;2;34;34;34m▀[0m[38;2;86;86;86m[48;2;86;86;86m▀[0m[38;2;63;63;63m[48;2;86;86;86m▀[0m[38;2;63;63;63m[48;2;86;86;86m▀[0m[38;2;86;86;86m[48;2;63;63;63m▀[0m[38;2;63;63;63m[48;2;63;63;63m▀[0m[38;2;86;86;86m[48;2;63;63;63m▀[0m[38;2;86;86;86m[48;2;86;86;86m▀[0m[38;2;63;63;63m[48;2;86;86;86m▀[0m[38;2;63;63;63m[48;2;86;86;86m▀[0m[38;2;86;86;86m[48;2;86;86;86m▀[0m[38;2;86;86;86m[48;2;64;64;64m▀[0m[38;2;63;63;63m[48;2;63;63;63m▀[0m[38;2;63;63;63m[48;2;145;144;148m▀[0m[38;2;110;106;102m[48;2;52;52;52m▀[0m[38;2;231;173;33m[48;2;52;52;52m▀[0m[38;2;216;188;43m[48;2;50;50;50m▀[0m[38;2;50;50;50m[48;2;50;50;50m▀[0m[38;2;98;98;98m[48;2;98;98;98m▀[0m[38;2;98;98;98m[48;2;98;98;98m▀[0m[38;2;0;0;0m[48;2;101;101;101m▀[0m[38;2;0;0;0m[48;2;60;60;60m▀[0m[38;2;0;0;0m▄    
       [38;2;0;0;0m▀[38;2;34;34;34m[48;2;0;0;0m▀[0m[38;2;86;86;86m[48;2;34;34;34m▀[0m[38;2;86;86;86m[48;2;34;34;34m▀[0m[38;2;65;65;65m[48;2;34;34;34m▀[0m[38;2;83;83;83m[48;2;83;83;83m▀[0m[38;2;86;86;86m[48;2;86;86;86m▀[0m[38;2;63;63;63m[48;2;86;86;86m▀[0m[38;2;63;63;63m[48;2;86;86;86m▀[0m[38;2;86;86;86m[48;2;86;86;86m▀[0m[38;2;83;83;83m[48;2;60;60;60m▀[0m[38;2;67;67;67m[48;2;67;67;67m▀[0m[38;2;57;57;57m[48;2;57;57;57m▀[0m[38;2;255;255;255m[48;2;57;57;57m▀[0m[38;2;49;49;49m[48;2;90;90;90m▀[0m[38;2;90;90;90m[48;2;68;68;68m▀[0m[38;2;97;97;97m[48;2;63;63;63m▀[0m[38;2;97;97;97m[48;2;97;97;97m▀[0m[38;2;63;63;63m[48;2;97;97;97m▀[0m[38;2;63;63;63m[48;2;97;97;97m▀[0m[38;2;97;97;97m[48;2;63;63;63m▀[0m[38;2;97;97;97m[48;2;63;63;63m▀[0m[38;2;97;97;97m[48;2;97;97;97m▀[0m[38;2;0;0;0m[48;2;97;97;97m▀[0m[38;2;0;0;0m▄  
       [38;2;0;0;0m▄[38;2;0;0;0m▄[38;2;0;4;16m[48;2;62;62;62m▀[0m[38;2;62;62;62m[48;2;30;30;30m▀[0m[38;2;163;142;36m[48;2;163;142;36m▀[0m[38;2;34;34;34m[48;2;65;64;65m▀[0m[38;2;33;32;33m[48;2;158;138;42m▀[0m[38;2;33;32;33m[48;2;95;80;50m▀[0m[38;2;86;86;86m[48;2;34;34;34m▀[0m[38;2;86;86;86m[48;2;34;34;34m▀[0m[38;2;67;67;67m[48;2;35;35;35m▀[0m[38;2;50;50;50m[48;2;35;35;35m▀[0m[38;2;255;255;255m[48;2;47;47;47m▀[0m[38;2;47;47;47m[48;2;47;47;47m▀[0m[38;2;63;63;63m[48;2;255;255;255m▀[0m[38;2;63;63;63m[48;2;63;63;63m▀[0m[38;2;86;86;86m[48;2;86;86;86m▀[0m[38;2;86;86;86m[48;2;50;50;50m▀[0m[38;2;69;69;69m[48;2;48;46;44m▀[0m[38;2;69;69;69m[48;2;80;80;80m▀[0m[38;2;93;93;93m[48;2;93;93;93m▀[0m[38;2;93;93;93m[48;2;41;40;39m▀[0m[38;2;41;41;40m[48;2;41;41;40m▀[0m[38;2;41;41;40m[48;2;63;63;63m▀[0m[38;2;41;40;39m[48;2;41;40;39m▀[0m[38;2;0;0;0m[48;2;0;0;0m▀[0m 
     [38;2;0;0;0m▄[38;2;0;0;0m[48;2;65;64;65m▀[0m[38;2;65;64;65m[48;2;65;64;65m▀[0m[38;2;63;63;63m[48;2;63;63;63m▀[0m[38;2;65;64;65m[48;2;65;64;65m▀[0m[38;2;197;194;205m[48;2;197;194;205m▀[0m[38;2;65;60;65m[48;2;95;80;50m▀[0m[38;2;158;138;42m[48;2;65;60;65m▀[0m[38;2;255;255;255m[48;2;255;255;255m▀[0m[38;2;65;64;65m[48;2;65;64;65m▀[0m[38;2;105;105;105m[48;2;57;57;57m▀[0m[38;2;57;156;164m[48;2;57;57;57m▀[0m[38;2;4;4;4m[48;2;106;210;230m▀[0m[38;2;74;141;153m[48;2;41;72;76m▀[0m[38;2;34;34;34m[48;2;86;86;86m▀[0m[38;2;34;34;34m[48;2;86;86;86m▀[0m[38;2;34;34;34m[48;2;34;34;34m▀[0m[38;2;34;34;34m[48;2;34;34;34m▀[0m[38;2;48;48;48m[48;2;4;4;4m▀[0m[38;2;255;255;255m[48;2;4;4;4m▀[0m[38;2;255;255;255m[48;2;255;255;255m▀[0m[38;2;52;52;52m[48;2;255;255;255m▀[0m[38;2;53;53;51m[48;2;53;53;51m▀[0m[38;2;34;34;32m[48;2;0;4;8m▀[0m[38;2;0;0;0m▀[38;2;0;0;0m▀[38;2;0;0;0m▀  
    [38;2;0;0;0m[48;2;0;0;0m▀[0m[38;2;65;64;65m[48;2;65;64;65m▀[0m[38;2;65;64;65m[48;2;65;64;65m▀[0m[38;2;65;64;65m[48;2;65;64;65m▀[0m[38;2;65;64;65m[48;2;65;64;65m▀[0m[38;2;63;63;63m[48;2;34;34;34m▀[0m[38;2;34;34;34m[48;2;145;145;145m▀[0m[38;2;255;255;255m[48;2;65;64;65m▀[0m[38;2;255;255;255m[48;2;65;64;65m▀[0m[38;2;65;64;65m[48;2;83;78;66m▀[0m[38;2;83;78;66m[48;2;83;78;66m▀[0m[38;2;197;194;205m[48;2;83;78;66m▀[0m[38;2;197;194;205m[48;2;83;78;66m▀[0m[38;2;65;60;74m[48;2;86;86;86m▀[0m[38;2;60;60;60m[48;2;86;86;86m▀[0m[38;2;57;57;57m[48;2;69;69;69m▀[0m[38;2;69;69;69m[48;2;36;36;37m▀[0m[38;2;65;65;65m[48;2;32;32;32m▀[0m[38;2;0;12;16m[48;2;65;65;65m▀[0m[38;2;0;0;0m▄ [38;2;0;0;0m▀[38;2;0;0;0m▀[38;2;0;0;0m▀      
    [38;2;0;0;0m[48;2;0;0;0m▀[0m[38;2;65;64;65m[48;2;65;64;65m▀[0m[38;2;65;64;65m[48;2;65;64;65m▀[0m[38;2;65;64;65m[48;2;163;142;36m▀[0m[38;2;65;64;65m[48;2;163;142;36m▀[0m[38;2;65;64;65m[48;2;0;0;0m▀[0m[38;2;0;0;0m▀[38;2;197;194;205m[48;2;0;0;0m▀[0m[38;2;65;64;68m[48;2;65;64;68m▀[0m[38;2;65;64;65m[48;2;255;255;255m▀[0m[38;2;65;64;65m[48;2;255;255;255m▀[0m[38;2;65;64;65m[48;2;255;255;255m▀[0m[38;2;65;64;65m[48;2;65;64;65m▀[0m[38;2;86;86;86m[48;2;63;63;63m▀[0m[38;2;63;63;63m[48;2;63;63;63m▀[0m[38;2;34;34;34m[48;2;34;34;34m▀[0m[38;2;83;78;66m[48;2;83;78;66m▀[0m[38;2;83;78;66m[48;2;83;78;66m▀[0m[38;2;34;34;34m[48;2;83;78;66m▀[0m[38;2;0;0;0m[48;2;0;0;0m▀[0m          
     [38;2;0;0;0m[48;2;0;0;0m▀[0m[38;2;149;129;28m[48;2;225;199;42m▀[0m[38;2;218;189;41m[48;2;166;142;35m▀[0m[38;2;218;189;41m[48;2;166;142;35m▀[0m[38;2;169;139;38m[48;2;169;139;38m▀[0m[38;2;0;0;0m[48;2;0;0;0m▀[0m [38;2;0;0;0m▀[38;2;0;0;0m▀[38;2;65;64;65m[48;2;0;0;0m▀[0m[38;2;65;64;65m[48;2;65;64;65m▀[0m[38;2;65;64;65m[48;2;65;64;65m▀[0m[38;2;31;31;31m[48;2;0;4;8m▀[0m[38;2;65;65;65m[48;2;0;4;8m▀[0m[38;2;41;40;39m[48;2;34;34;34m▀[0m[38;2;83;78;66m[48;2;83;78;66m▀[0m[38;2;83;79;66m[48;2;83;79;66m▀[0m[38;2;83;79;66m[48;2;83;79;66m▀[0m[38;2;83;79;66m[48;2;83;79;66m▀[0m[38;2;0;0;0m[48;2;0;0;0m▀[0m         
      [38;2;0;0;0m▀[38;2;169;139;38m[48;2;0;0;0m▀[0m[38;2;169;139;38m[48;2;0;0;0m▀[0m[38;2;65;64;65m[48;2;0;0;0m▀[0m[38;2;0;0;0m▀  [38;2;0;0;0m▄[38;2;0;0;0m[48;2;216;188;43m▀[0m[38;2;65;59;23m[48;2;216;195;42m▀[0m[38;2;0;4;16m[48;2;216;195;42m▀[0m[38;2;0;0;0m▄[38;2;0;0;0m▄[38;2;0;0;0m[48;2;77;74;67m▀[0m[38;2;77;74;67m[48;2;77;74;67m▀[0m[38;2;83;79;66m[48;2;83;79;66m▀[0m[38;2;83;79;66m[48;2;83;79;66m▀[0m[38;2;83;79;66m[48;2;83;79;66m▀[0m[38;2;83;79;66m[48;2;83;79;66m▀[0m[38;2;0;0;0m[48;2;0;0;0m▀[0m        
           [38;2;0;0;0m▄[38;2;0;0;0m[48;2;216;188;43m▀[0m[38;2;221;191;40m[48;2;136;108;43m▀[0m[38;2;136;108;43m[48;2;221;191;40m▀[0m[38;2;142;117;44m[48;2;217;187;34m▀[0m[38;2;142;117;44m[48;2;60;60;60m▀[0m[38;2;73;67;57m[48;2;217;191;32m▀[0m[38;2;170;146;40m[48;2;122;103;43m▀[0m[38;2;221;191;43m[48;2;221;191;43m▀[0m[38;2;75;73;64m[48;2;75;73;64m▀[0m[38;2;83;79;66m[48;2;83;79;66m▀[0m[38;2;83;79;66m[48;2;83;79;66m▀[0m[38;2;83;79;66m[48;2;83;79;66m▀[0m[38;2;83;79;66m[48;2;0;0;0m▀[0m[38;2;0;0;0m▀        
           [38;2;0;0;0m▀[38;2;216;188;43m[48;2;0;0;0m▀[0m[38;2;216;195;42m[48;2;165;138;38m▀[0m[38;2;137;109;35m[48;2;216;195;42m▀[0m[38;2;143;119;50m[48;2;217;187;44m▀[0m[38;2;65;60;65m[48;2;217;187;44m▀[0m[38;2;217;191;32m[48;2;73;67;57m▀[0m[38;2;122;103;43m[48;2;170;146;40m▀[0m[38;2;169;139;46m[48;2;78;63;29m▀[0m[38;2;169;139;46m[48;2;0;0;16m▀[0m[38;2;65;64;65m[48;2;0;0;0m▀[0m[38;2;0;0;0m▀[38;2;0;0;0m▀          
            [38;2;0;0;0m▀[38;2;169;139;38m[48;2;0;0;0m▀[0m[38;2;169;139;38m[48;2;169;139;38m▀[0m[38;2;166;143;37m[48;2;166;143;37m▀[0m[38;2;166;143;37m[48;2;166;143;37m▀[0m[38;2;168;142;40m[48;2;0;0;0m▀[0m[38;2;0;0;0m▀[38;2;0;0;0m▀              
                [38;2;0;0;0m▀[38;2;0;0;0m▀[38;2;0;0;0m▀                    
                                     [0m                                     