                   [38;2;0;0;0m▄[38;2;0;0;0m▄[38;2;0;0;0m[48;2;98;98;98m▀[0m[38;2;0;0;0m[48;2;98;98;98m▀[0m[38;2;0;4;0m[48;2;103;103;103m▀[0m[38;2;0;4;0m[48;2;33;33;33m▀[0m[38;2;0;0;0m▄   
                 [38;2;0;0;0m▄[38;2;0;0;0m[48;2;98;98;98m▀[0m[38;2;99;99;99m[48;2;99;99;99m▀[0m[38;2;99;99;99m[48;2;99;99;99m▀[0m[38;2;99;99;99m[48;2;99;99;99m▀[0m[38;2;99;99;99m[48;2;48;48;48m▀[0m[38;2;98;98;98m[48;2;48;48;48m▀[0m[38;2;98;98;98m[48;2;0;4;0m▀[0m[38;2;0;0;0m[48;2;0;0;0m▀[0m   
 [38;2;0;0;0m[48;2;0;0;0m▀[0m[38;2;0;0;0m[48;2;98;98;98m▀[0m[38;2;0;0;0m▄[38;2;0;0;0m▄          [38;2;0;0;0m▄[38;2;0;0;0m[48;2;98;98;98m▀[0m[38;2;99;99;99m[48;2;99;99;99m▀[0m[38;2;99;99;99m[48;2;99;99;99m▀[0m[38;2;103;103;103m[48;2;48;48;48m▀[0m[38;2;48;48;48m[48;2;139;161;178m▀[0m[38;2;47;47;48m[48;2;139;161;172m▀[0m[38;2;139;161;172m[48;2;8;0;0m▀[0m[38;2;0;0;0m▀     
  [38;2;0;0;0m[48;2;0;0;0m▀[0m[38;2;99;99;99m[48;2;45;45;42m▀[0m[38;2;99;99;99m[48;2;99;99;99m▀[0m[38;2;0;0;0m[48;2;98;98;98m▀[0m[38;2;0;0;0m▄[38;2;0;0;0m▄      [38;2;0;0;0m▄[38;2;0;0;0m[48;2;89;89;89m▀[0m[38;2;89;89;89m[48;2;89;89;89m▀[0m[38;2;103;103;103m[48;2;48;48;48m▀[0m[38;2;48;48;48m[48;2;139;161;178m▀[0m[38;2;139;161;178m[48;2;139;161;178m▀[0m[38;2;139;161;178m[48;2;139;161;178m▀[0m[38;2;139;161;180m[48;2;0;0;0m▀[0m[38;2;0;0;0m▀      
   [38;2;0;0;0m▀[38;2;46;45;44m[48;2;0;0;0m▀[0m[38;2;81;81;81m[48;2;47;46;46m▀[0m[38;2;103;103;103m[48;2;47;46;46m▀[0m[38;2;98;98;98m[48;2;98;98;98m▀[0m[38;2;0;0;0m[48;2;98;98;98m▀[0m[38;2;0;0;0m[48;2;98;98;98m▀[0m[38;2;0;0;0m▄[38;2;0;0;0m▄[38;2;0;0;0m[48;2;84;84;84m▀[0m[38;2;8;8;0m[48;2;98;98;98m▀[0m[38;2;33;33;33m[48;2;98;98;98m▀[0m[38;2;38;38;38m[48;2;98;98;98m▀[0m[38;2;38;38;38m[48;2;98;98;98m▀[0m[38;2;42;41;41m[48;2;42;41;41m▀[0m[38;2;139;160;175m[48;2;42;41;41m▀[0m[38;2;148;165;180m[48;2;33;34;34m▀[0m[38;2;8;4;0m[48;2;8;4;0m▀[0m        
     [38;2;0;0;0m▀[38;2;46;45;44m[48;2;0;0;0m▀[0m[38;2;45;45;43m[48;2;45;45;43m▀[0m[38;2;98;98;98m[48;2;45;45;43m▀[0m[38;2;85;85;85m[48;2;85;85;85m▀[0m[38;2;85;85;85m[48;2;85;85;85m▀[0m[38;2;81;81;81m[48;2;47;46;46m▀[0m[38;2;101;101;101m[48;2;101;101;101m▀[0m[38;2;99;99;99m[48;2;99;99;99m▀[0m[38;2;99;99;99m[48;2;99;99;99m▀[0m[38;2;100;100;100m[48;2;85;85;85m▀[0m[38;2;100;100;100m[48;2;85;85;85m▀[0m[38;2;99;99;99m[48;2;99;99;99m▀[0m[38;2;99;99;99m[48;2;99;99;99m▀[0m[38;2;98;98;98m[48;2;98;98;98m▀[0m[38;2;0;0;0m[48;2;98;98;98m▀[0m[38;2;0;0;0m▄       
      [38;2;0;0;0m▀[38;2;45;45;44m[48;2;0;0;0m▀[0m[38;2;45;45;44m[48;2;45;45;44m▀[0m[38;2;45;45;44m[48;2;45;45;44m▀[0m[38;2;84;84;84m[48;2;45;45;44m▀[0m[38;2;85;85;85m[48;2;85;85;85m▀[0m[38;2;45;45;42m[48;2;45;45;42m▀[0m[38;2;99;99;99m[48;2;99;99;99m▀[0m[38;2;99;99;99m[48;2;99;99;99m▀[0m[38;2;99;99;99m[48;2;99;99;99m▀[0m[38;2;99;99;99m[48;2;99;99;99m▀[0m[38;2;85;85;85m[48;2;100;100;100m▀[0m[38;2;85;85;85m[48;2;100;100;100m▀[0m[38;2;99;99;99m[48;2;99;99;99m▀[0m[38;2;99;99;99m[48;2;99;99;99m▀[0m[38;2;55;55;53m[48;2;55;55;53m▀[0m[38;2;24;16;0m[48;2;229;229;220m▀[0m[38;2;0;0;0m▄     
      [38;2;0;0;0m[48;2;0;0;0m▀[0m[38;2;42;42;41m[48;2;85;85;85m▀[0m[38;2;85;85;85m[48;2;42;42;41m▀[0m[38;2;38;38;38m[48;2;142;161;175m▀[0m[38;2;38;38;38m[48;2;64;64;64m▀[0m[38;2;38;38;38m[48;2;94;97;94m▀[0m[38;2;38;38;38m[48;2;94;97;94m▀[0m[38;2;38;38;38m[48;2;98;97;90m▀[0m[38;2;67;67;67m[48;2;38;38;38m▀[0m[38;2;98;98;98m[48;2;47;47;44m▀[0m[38;2;47;47;44m[48;2;47;47;44m▀[0m[38;2;58;56;49m[48;2;255;255;255m▀[0m[38;2;58;56;49m[48;2;255;255;255m▀[0m[38;2;55;53;47m[48;2;209;209;209m▀[0m[38;2;106;103;101m[48;2;55;53;47m▀[0m[38;2;58;56;49m[48;2;58;56;49m▀[0m[38;2;255;255;255m[48;2;58;56;49m▀[0m[38;2;50;50;50m[48;2;100;100;100m▀[0m[38;2;8;8;0m[48;2;8;8;0m▀[0m    
      [38;2;0;0;0m[48;2;0;0;0m▀[0m[38;2;42;42;41m[48;2;42;42;41m▀[0m[38;2;139;161;175m[48;2;139;161;175m▀[0m[38;2;139;160;175m[48;2;74;68;65m▀[0m[38;2;74;68;65m[48;2;74;68;65m▀[0m[38;2;172;174;172m[48;2;94;97;94m▀[0m[38;2;94;97;94m[48;2;172;174;172m▀[0m[38;2;94;97;94m[48;2;172;174;172m▀[0m[38;2;94;97;94m[48;2;172;174;172m▀[0m[38;2;98;97;90m[48;2;82;80;74m▀[0m[38;2;37;37;36m[48;2;82;80;74m▀[0m[38;2;45;45;44m[48;2;64;64;64m▀[0m[38;2;45;45;44m[48;2;38;38;38m▀[0m[38;2;255;255;255m[48;2;52;51;45m▀[0m[38;2;52;51;45m[48;2;52;51;45m▀[0m[38;2;98;98;98m[48;2;98;98;98m▀[0m[38;2;58;56;49m[48;2;58;56;49m▀[0m[38;2;58;56;49m[48;2;93;97;100m▀[0m[38;2;58;56;49m[48;2;93;97;100m▀[0m[38;2;0;0;0m[48;2;0;0;0m▀[0m   
       [38;2;0;4;0m[48;2;0;4;0m▀[0m[38;2;126;144;169m[48;2;189;214;255m▀[0m[38;2;57;68;74m[48;2;57;68;74m▀[0m[38;2;139;186;189m[48;2;112;147;150m▀[0m[38;2;84;84;84m[48;2;0;0;0m▀[0m[38;2;169;169;169m[48;2;255;255;255m▀[0m[38;2;93;95;95m[48;2;93;95;95m▀[0m[38;2;79;78;68m[48;2;79;78;68m▀[0m[38;2;104;106;101m[48;2;164;174;172m▀[0m[38;2;164;174;172m[48;2;74;72;65m▀[0m[38;2;64;64;64m[48;2;104;161;175m▀[0m[38;2;104;161;175m[48;2;64;64;64m▀[0m[38;2;42;41;41m[48;2;139;160;175m▀[0m[38;2;42;41;41m[48;2;42;41;41m▀[0m[38;2;52;51;45m[48;2;52;51;45m▀[0m[38;2;52;51;45m[48;2;131;131;131m▀[0m[38;2;58;56;49m[48;2;131;132;134m▀[0m[38;2;100;100;100m[48;2;58;56;49m▀[0m[38;2;0;0;0m[48;2;57;55;48m▀[0m[38;2;0;0;0m▄  
       [38;2;0;0;0m▀[38;2;187;205;247m[48;2;0;0;0m▀[0m[38;2;142;159;183m[48;2;180;206;246m▀[0m[38;2;65;64;57m[48;2;142;159;183m▀[0m[38;2;139;218;189m[48;2;58;58;58m▀[0m[38;2;90;107;101m[48;2;90;107;101m▀[0m[38;2;82;80;65m[48;2;94;97;94m▀[0m[38;2;94;97;94m[48;2;94;97;94m▀[0m[38;2;98;157;153m[48;2;57;84;84m▀[0m[38;2;14;14;14m[48;2;139;230;222m▀[0m[38;2;74;161;172m[48;2;74;97;101m▀[0m[38;2;74;64;65m[48;2;74;64;65m▀[0m[38;2;139;161;176m[48;2;187;205;247m▀[0m[38;2;139;161;176m[48;2;139;161;176m▀[0m[38;2;38;38;38m[48;2;38;38;38m▀[0m[38;2;67;67;66m[48;2;45;45;44m▀[0m[38;2;131;131;131m[48;2;131;131;131m▀[0m[38;2;58;56;49m[48;2;58;56;49m▀[0m[38;2;84;84;84m[48;2;84;84;84m▀[0m[38;2;0;0;0m[48;2;0;0;0m▀[0m  
        [38;2;0;0;0m▀[38;2;193;211;250m[48;2;8;8;0m▀[0m[38;2;128;143;169m[48;2;193;211;250m▀[0m[38;2;142;161;175m[48;2;64;64;64m▀[0m[38;2;64;64;64m[48;2;64;64;64m▀[0m[38;2;65;68;65m[48;2;85;85;85m▀[0m[38;2;92;92;92m[48;2;65;68;65m▀[0m[38;2;94;97;94m[48;2;64;64;64m▀[0m[38;2;94;97;94m[48;2;64;64;64m▀[0m[38;2;64;64;64m[48;2;85;85;85m▀[0m[38;2;64;64;64m[48;2;64;64;64m▀[0m[38;2;187;205;247m[48;2;187;205;247m▀[0m[38;2;139;161;176m[48;2;139;161;176m▀[0m[38;2;142;161;175m[48;2;142;161;175m▀[0m[38;2;38;38;38m[48;2;38;38;38m▀[0m[38;2;51;50;46m[48;2;51;50;46m▀[0m[38;2;51;50;46m[48;2;131;131;131m▀[0m[38;2;57;55;48m[48;2;0;0;0m▀[0m[38;2;0;0;0m▀  
    [38;2;0;0;0m▄[38;2;0;0;0m▄[38;2;0;0;0m▄[38;2;0;0;0m▄[38;2;0;0;0m▄[38;2;8;8;0m[48;2;189;218;255m▀[0m[38;2;128;148;169m[48;2;128;148;169m▀[0m[38;2;38;38;38m[48;2;38;38;38m▀[0m[38;2;85;85;85m[48;2;85;85;85m▀[0m[38;2;128;127;127m[48;2;47;46;46m▀[0m[38;2;47;46;46m[48;2;255;255;255m▀[0m[38;2;224;224;224m[48;2;47;47;47m▀[0m[38;2;81;81;81m[48;2;81;81;81m▀[0m[38;2;38;38;38m[48;2;38;38;38m▀[0m[38;2;180;206;246m[48;2;142;159;186m▀[0m[38;2;142;161;175m[48;2;142;161;175m▀[0m[38;2;142;161;175m[48;2;38;38;38m▀[0m[38;2;38;38;38m[48;2;62;62;62m▀[0m[38;2;62;62;62m[48;2;38;38;38m▀[0m[38;2;41;41;40m[48;2;41;41;40m▀[0m[38;2;41;41;40m[48;2;0;0;0m▀[0m[38;2;0;0;0m▀   
   [38;2;0;0;0m▀[38;2;187;205;247m[48;2;0;0;0m▀[0m[38;2;187;205;247m[48;2;139;161;176m▀[0m[38;2;187;205;247m[48;2;187;205;247m▀[0m[38;2;187;205;247m[48;2;187;205;247m▀[0m[38;2;187;205;247m[48;2;187;205;247m▀[0m[38;2;139;161;178m[48;2;139;161;178m▀[0m[38;2;139;161;178m[48;2;139;161;178m▀[0m[38;2;142;161;175m[48;2;38;38;38m▀[0m[38;2;38;38;38m[48;2;142;161;175m▀[0m[38;2;45;45;44m[48;2;38;38;38m▀[0m[38;2;45;45;44m[48;2;38;38;38m▀[0m[38;2;45;45;44m[48;2;45;45;44m▀[0m[38;2;38;38;38m[48;2;38;38;38m▀[0m[38;2;139;161;178m[48;2;139;161;178m▀[0m[38;2;139;161;178m[48;2;139;161;178m▀[0m[38;2;142;161;175m[48;2;142;161;175m▀[0m[38;2;38;38;38m[48;2;142;161;175m▀[0m[38;2;38;38;38m[48;2;38;38;38m▀[0m[38;2;62;62;62m[48;2;38;38;38m▀[0m[38;2;0;0;0m[48;2;38;38;38m▀[0m[38;2;0;0;0m▄[38;2;0;0;0m▄[38;2;0;0;0m▄  
   [38;2;0;0;0m▀[38;2;187;205;247m[48;2;0;0;0m▀[0m[38;2;187;205;247m[48;2;0;0;0m▀[0m[38;2;187;205;247m[48;2;0;0;0m▀[0m[38;2;189;214;255m[48;2;0;4;0m▀[0m[38;2;126;144;169m[48;2;0;4;0m▀[0m[38;2;142;161;175m[48;2;38;38;38m▀[0m[38;2;38;38;38m[48;2;38;38;38m▀[0m[38;2;38;38;38m[48;2;98;98;98m▀[0m[38;2;38;38;38m[48;2;98;98;98m▀[0m[38;2;42;41;41m[48;2;42;41;41m▀[0m[38;2;42;41;41m[48;2;139;160;175m▀[0m[38;2;45;45;44m[48;2;45;45;44m▀[0m[38;2;45;45;44m[48;2;38;38;38m▀[0m[38;2;40;40;40m[48;2;58;58;60m▀[0m[38;2;139;157;180m[48;2;40;40;40m▀[0m[38;2;187;205;247m[48;2;38;38;38m▀[0m[38;2;187;205;247m[48;2;187;205;247m▀[0m[38;2;187;205;247m[48;2;187;205;247m▀[0m[38;2;187;205;247m[48;2;187;205;247m▀[0m[38;2;187;205;247m[48;2;187;205;247m▀[0m[38;2;187;205;247m[48;2;187;205;247m▀[0m[38;2;193;211;250m[48;2;128;143;169m▀[0m[38;2;193;211;250m[48;2;8;8;0m▀[0m[38;2;0;0;0m▀ 
        [38;2;0;0;0m▄[38;2;0;0;0m[48;2;98;98;98m▀[0m[38;2;98;98;98m[48;2;98;98;98m▀[0m[38;2;98;98;98m[48;2;98;98;98m▀[0m[38;2;38;38;38m[48;2;98;98;98m▀[0m[38;2;187;205;247m[48;2;38;38;38m▀[0m[38;2;187;205;247m[48;2;147;158;185m▀[0m[38;2;45;45;44m[48;2;45;45;44m▀[0m[38;2;38;38;38m[48;2;38;38;38m▀[0m[38;2;44;43;42m[48;2;44;43;42m▀[0m[38;2;44;43;42m[48;2;131;131;131m▀[0m[38;2;134;134;134m[48;2;48;47;44m▀[0m[38;2;48;47;44m[48;2;82;82;82m▀[0m[38;2;42;42;44m[48;2;85;86;88m▀[0m[38;2;199;206;236m[48;2;0;0;0m▀[0m[38;2;187;205;247m[48;2;0;0;0m▀[0m[38;2;187;205;247m[48;2;0;0;0m▀[0m[38;2;187;205;247m[48;2;0;0;0m▀[0m[38;2;187;205;247m[48;2;0;0;0m▀[0m[38;2;0;0;0m▀ 
        [38;2;0;0;0m[48;2;0;0;0m▀[0m[38;2;38;38;38m[48;2;80;80;80m▀[0m[38;2;104;104;104m[48;2;38;38;38m▀[0m[38;2;98;98;98m[48;2;38;38;38m▀[0m[38;2;38;38;38m[48;2;38;38;38m▀[0m[38;2;139;160;175m[48;2;42;41;41m▀[0m[38;2;42;41;41m[48;2;42;41;41m▀[0m[38;2;38;38;38m[48;2;58;56;49m▀[0m[38;2;45;45;42m[48;2;58;56;49m▀[0m[38;2;131;131;131m[48;2;58;56;49m▀[0m[38;2;131;131;131m[48;2;58;56;49m▀[0m[38;2;55;55;55m[48;2;81;81;81m▀[0m[38;2;81;81;81m[48;2;8;8;0m▀[0m[38;2;0;0;0m▀       
         [38;2;0;0;0m▀[38;2;84;84;84m[48;2;0;0;0m▀[0m[38;2;84;84;84m[48;2;0;0;0m▀[0m[38;2;84;84;84m[48;2;84;84;84m▀[0m[38;2;85;85;85m[48;2;85;85;85m▀[0m[38;2;85;85;85m[48;2;85;85;85m▀[0m[38;2;85;85;85m[48;2;85;85;85m▀[0m[38;2;85;85;85m[48;2;85;85;85m▀[0m[38;2;84;84;84m[48;2;0;0;0m▀[0m[38;2;84;84;84m[48;2;0;0;0m▀[0m[38;2;0;0;0m▀         
            [38;2;0;0;0m▀[38;2;0;0;0m▀[38;2;0;0;0m▀[38;2;0;0;0m▀[38;2;0;0;0m▀            
                                     [0m                                     