  [38;2;0;0;0m▄[38;2;0;0;0m[48;2;139;219;103m▀[0m[38;2;0;0;0m[48;2;174;242;139m▀[0m[38;2;0;0;0m[48;2;174;242;139m▀[0m[38;2;0;0;0m▄           
 [38;2;0;0;0m[48;2;0;0;0m▀[0m[38;2;139;219;103m[48;2;139;219;103m▀[0m[38;2;139;219;103m[48;2;65;65;65m▀[0m[38;2;139;219;103m[48;2;65;65;65m▀[0m[38;2;139;219;103m[48;2;139;219;103m▀[0m[38;2;139;219;103m[48;2;65;65;65m▀[0m[38;2;0;0;0m[48;2;65;65;65m▀[0m[38;2;0;0;0m▄[38;2;0;0;0m▄  [38;2;0;0;0m▄[38;2;0;0;0m▄[38;2;0;0;0m▄   
 [38;2;0;0;0m▀[38;2;64;185;71m[48;2;0;0;0m▀[0m[38;2;65;65;65m[48;2;64;185;71m▀[0m[38;2;65;65;65m[48;2;139;219;103m▀[0m[38;2;64;185;71m[48;2;255;235;185m▀[0m[38;2;255;235;185m[48;2;139;219;103m▀[0m[38;2;255;235;185m[48;2;139;219;103m▀[0m[38;2;139;219;103m[48;2;139;219;103m▀[0m[38;2;64;185;71m[48;2;139;219;103m▀[0m[38;2;0;0;0m[48;2;64;185;71m▀[0m[38;2;0;0;0m[48;2;139;219;103m▀[0m[38;2;139;219;103m[48;2;174;242;139m▀[0m[38;2;174;242;139m[48;2;139;219;103m▀[0m[38;2;174;242;139m[48;2;139;219;103m▀[0m[38;2;0;0;0m[48;2;139;219;103m▀[0m[38;2;0;0;0m▄ 
  [38;2;0;0;0m▄[38;2;0;0;0m[48;2;65;65;65m▀[0m[38;2;255;255;255m[48;2;0;0;0m▀[0m[38;2;255;235;185m[48;2;139;219;103m▀[0m[38;2;139;219;103m[48;2;255;235;185m▀[0m[38;2;139;219;103m[48;2;255;235;185m▀[0m[38;2;255;235;185m[48;2;139;219;103m▀[0m[38;2;139;219;103m[48;2;139;219;103m▀[0m[38;2;139;219;103m[48;2;139;219;103m▀[0m[38;2;139;219;103m[48;2;139;219;103m▀[0m[38;2;139;219;103m[48;2;65;65;65m▀[0m[38;2;64;185;71m[48;2;65;65;65m▀[0m[38;2;64;185;71m[48;2;64;185;71m▀[0m[38;2;139;219;103m[48;2;64;185;71m▀[0m[38;2;0;0;0m[48;2;0;0;0m▀[0m 
  [38;2;0;0;0m[48;2;0;0;0m▀[0m[38;2;139;219;103m[48;2;255;255;82m▀[0m[38;2;255;255;82m[48;2;255;255;82m▀[0m[38;2;132;132;115m[48;2;255;255;82m▀[0m[38;2;255;255;82m[48;2;255;255;82m▀[0m[38;2;139;219;103m[48;2;255;255;82m▀[0m[38;2;0;0;0m[48;2;65;65;65m▀[0m[38;2;255;255;255m[48;2;0;0;0m▀[0m[38;2;139;219;103m[48;2;139;219;103m▀[0m[38;2;139;219;103m[48;2;98;204;85m▀[0m[38;2;65;65;65m[48;2;64;185;71m▀[0m[38;2;65;65;65m[48;2;0;0;0m▀[0m[38;2;64;185;71m[48;2;0;0;0m▀[0m[38;2;0;0;0m▀  
   [38;2;0;0;0m[48;2;0;0;0m▀[0m[38;2;255;255;82m[48;2;65;65;65m▀[0m[38;2;65;65;65m[48;2;174;242;139m▀[0m[38;2;65;65;65m[48;2;174;242;139m▀[0m[38;2;255;255;82m[48;2;65;65;65m▀[0m[38;2;255;255;82m[48;2;189;165;66m▀[0m[38;2;139;219;103m[48;2;64;185;71m▀[0m[38;2;98;204;85m[48;2;64;185;71m▀[0m[38;2;64;185;71m[48;2;64;185;71m▀[0m[38;2;64;185;71m[48;2;0;0;0m▀[0m[38;2;0;0;0m▀    
  [38;2;0;0;0m▄[38;2;0;0;0m[48;2;64;185;71m▀[0m[38;2;139;219;103m[48;2;139;219;103m▀[0m[38;2;139;219;103m[48;2;139;219;103m▀[0m[38;2;139;219;103m[48;2;65;65;65m▀[0m[38;2;65;65;65m[48;2;139;219;103m▀[0m[38;2;64;185;71m[48;2;139;219;103m▀[0m[38;2;64;185;71m[48;2;64;185;71m▀[0m[38;2;65;65;65m[48;2;139;219;103m▀[0m[38;2;0;0;0m[48;2;64;185;71m▀[0m[38;2;0;0;0m▄     
  [38;2;0;0;0m▀[38;2;98;204;85m[48;2;0;0;0m▀[0m[38;2;64;185;71m[48;2;98;204;85m▀[0m[38;2;64;185;71m[48;2;98;204;85m▀[0m[38;2;139;219;103m[48;2;98;204;85m▀[0m[38;2;139;219;103m[48;2;139;219;103m▀[0m[38;2;139;219;103m[48;2;139;219;103m▀[0m[38;2;98;204;85m[48;2;139;219;103m▀[0m[38;2;64;185;71m[48;2;65;65;65m▀[0m[38;2;139;219;103m[48;2;139;219;103m▀[0m[38;2;139;219;103m[48;2;139;219;103m▀[0m[38;2;0;0;0m[48;2;0;0;0m▀[0m    
  [38;2;0;0;0m▀[38;2;255;255;255m[48;2;0;0;0m▀[0m[38;2;64;185;71m[48;2;0;0;0m▀[0m[38;2;65;65;65m[48;2;0;0;0m▀[0m[38;2;64;185;71m[48;2;0;0;0m▀[0m[38;2;98;204;85m[48;2;64;185;71m▀[0m[38;2;64;185;71m[48;2;139;219;103m▀[0m[38;2;64;185;71m[48;2;139;219;103m▀[0m[38;2;64;185;71m[48;2;64;185;71m▀[0m[38;2;65;65;65m[48;2;0;0;0m▀[0m[38;2;0;0;0m▀     
       [38;2;0;0;0m▀[38;2;255;255;255m[48;2;0;0;0m▀[0m[38;2;64;185;71m[48;2;0;0;0m▀[0m[38;2;255;255;255m[48;2;0;0;0m▀[0m[38;2;0;0;0m▀      
                                     [0m                                     