                          [38;2;0;0;0m▄[38;2;0;0;0m[48;2;243;231;248m▀[0m[38;2;0;0;0m[48;2;243;231;248m▀[0m[38;2;0;0;0m▄            
                     [38;2;0;0;0m▄   [38;2;0;0;0m[48;2;0;0;0m▀[0m[38;2;239;232;247m[48;2;239;232;247m▀[0m[38;2;239;232;247m[48;2;239;232;247m▀[0m[38;2;239;232;247m[48;2;239;232;247m▀[0m[38;2;239;232;247m[48;2;239;232;247m▀[0m[38;2;0;0;0m[48;2;0;0;0m▀[0m [38;2;0;0;0m▄[38;2;0;0;0m▄        
                    [38;2;0;0;0m[48;2;0;0;0m▀[0m[38;2;154;95;209m[48;2;154;95;209m▀[0m[38;2;0;0;0m[48;2;0;0;0m▀[0m [38;2;0;0;0m[48;2;0;0;0m▀[0m[38;2;243;231;248m[48;2;243;231;248m▀[0m[38;2;239;232;247m[48;2;239;232;247m▀[0m[38;2;239;232;247m[48;2;239;232;247m▀[0m[38;2;239;232;247m[48;2;239;232;247m▀[0m[38;2;239;232;247m[48;2;239;232;247m▀[0m[38;2;77;74;82m[48;2;77;74;82m▀[0m[38;2;0;0;0m[48;2;235;227;247m▀[0m[38;2;239;232;247m[48;2;239;232;247m▀[0m[38;2;239;232;247m[48;2;239;232;247m▀[0m[38;2;0;0;0m[48;2;0;0;0m▀[0m       
                    [38;2;0;0;0m[48;2;0;0;0m▀[0m[38;2;154;95;209m[48;2;154;95;209m▀[0m[38;2;166;98;219m[48;2;166;98;219m▀[0m[38;2;3;0;8m[48;2;111;65;148m▀[0m[38;2;65;63;65m[48;2;65;63;65m▀[0m[38;2;243;231;248m[48;2;65;63;65m▀[0m[38;2;243;231;248m[48;2;65;63;65m▀[0m[38;2;243;231;248m[48;2;243;231;248m▀[0m[38;2;239;232;247m[48;2;239;232;247m▀[0m[38;2;239;232;247m[48;2;239;232;247m▀[0m[38;2;243;231;248m[48;2;180;177;172m▀[0m[38;2;243;231;248m[48;2;180;177;172m▀[0m[38;2;180;175;172m[48;2;180;175;172m▀[0m[38;2;180;175;172m[48;2;180;175;172m▀[0m[38;2;180;177;172m[48;2;180;177;172m▀[0m[38;2;0;4;1m[48;2;59;60;57m▀[0m[38;2;0;0;0m▄[38;2;0;0;0m▄    
          [38;2;0;0;0m[48;2;0;0;0m▀[0m[38;2;0;0;0m[48;2;74;82;82m▀[0m[38;2;0;0;0m▄[38;2;0;0;0m[48;2;74;82;81m▀[0m[38;2;0;0;0m[48;2;74;82;81m▀[0m[38;2;0;0;0m▄ [38;2;0;0;0m▄[38;2;0;0;0m▄[38;2;0;0;0m[48;2;120;152;232m▀[0m[38;2;75;52;78m[48;2;130;148;240m▀[0m[38;2;87;87;128m[48;2;75;52;78m▀[0m[38;2;113;115;182m[48;2;66;58;63m▀[0m[38;2;66;58;63m[48;2;137;142;241m▀[0m[38;2;125;154;232m[48;2;125;154;232m▀[0m[38;2;125;154;232m[48;2;125;154;232m▀[0m[38;2;120;152;232m[48;2;120;152;232m▀[0m[38;2;65;63;65m[48;2;120;152;232m▀[0m[38;2;180;177;172m[48;2;65;63;65m▀[0m[38;2;180;177;172m[48;2;180;177;172m▀[0m[38;2;180;177;172m[48;2;180;177;172m▀[0m[38;2;180;177;172m[48;2;65;63;65m▀[0m[38;2;65;63;65m[48;2;180;177;172m▀[0m[38;2;180;177;172m[48;2;180;177;172m▀[0m[38;2;180;177;172m[48;2;180;177;172m▀[0m[38;2;65;63;65m[48;2;180;177;172m▀[0m[38;2;180;175;172m[48;2;180;175;172m▀[0m[38;2;180;175;172m[48;2;180;175;172m▀[0m[38;2;0;0;0m[48;2;0;0;0m▀[0m   
           [38;2;0;0;0m[48;2;0;0;0m▀[0m[38;2;74;82;82m[48;2;74;82;82m▀[0m[38;2;74;82;82m[48;2;74;82;82m▀[0m[38;2;74;82;82m[48;2;74;82;82m▀[0m[38;2;74;82;82m[48;2;74;82;82m▀[0m[38;2;0;0;0m[48;2;0;0;0m▀[0m[38;2;160;101;200m[48;2;80;50;100m▀[0m[38;2;59;60;79m[48;2;240;227;168m▀[0m[38;2;120;152;232m[48;2;59;60;79m▀[0m[38;2;120;152;232m[48;2;120;152;232m▀[0m[38;2;120;152;232m[48;2;59;78;119m▀[0m[38;2;59;78;119m[48;2;120;152;232m▀[0m[38;2;120;152;232m[48;2;120;152;232m▀[0m[38;2;120;152;232m[48;2;50;58;64m▀[0m[38;2;120;152;232m[48;2;73;89;121m▀[0m[38;2;120;152;232m[48;2;59;78;119m▀[0m[38;2;120;152;232m[48;2;120;152;232m▀[0m[38;2;120;152;232m[48;2;120;152;232m▀[0m[38;2;65;63;65m[48;2;65;63;65m▀[0m[38;2;65;63;65m[48;2;120;152;232m▀[0m[38;2;65;63;65m[48;2;120;152;232m▀[0m[38;2;180;177;172m[48;2;59;60;57m▀[0m[38;2;180;177;172m[48;2;0;4;1m▀[0m[38;2;65;63;65m[48;2;180;177;172m▀[0m[38;2;180;177;172m[48;2;180;177;172m▀[0m[38;2;180;177;172m[48;2;65;63;65m▀[0m[38;2;180;177;172m[48;2;180;177;172m▀[0m[38;2;0;0;0m[48;2;65;63;65m▀[0m[38;2;0;0;0m▄  
    [38;2;0;0;0m▄[38;2;0;0;0m▄ [38;2;0;0;0m▄[38;2;0;0;0m▄[38;2;0;0;0m▄[38;2;0;0;0m[48;2;122;68;170m▀[0m[38;2;122;68;170m[48;2;0;0;0m▀[0m[38;2;0;0;0m▀[38;2;74;82;81m[48;2;0;0;0m▀[0m[38;2;74;82;81m[48;2;0;0;0m▀[0m[38;2;0;0;0m▀[38;2;0;0;0m▄[38;2;0;0;0m[48;2;255;255;255m▀[0m[38;2;255;241;152m[48;2;255;241;152m▀[0m[38;2;65;63;65m[48;2;199;182;97m▀[0m[38;2;120;152;232m[48;2;50;58;64m▀[0m[38;2;73;89;121m[48;2;120;152;232m▀[0m[38;2;120;152;232m[48;2;59;60;72m▀[0m[38;2;59;60;72m[48;2;255;235;220m▀[0m[38;2;255;240;161m[48;2;190;174;92m▀[0m[38;2;255;240;161m[48;2;255;240;161m▀[0m[38;2;168;180;192m[48;2;59;60;72m▀[0m[38;2;59;60;72m[48;2;223;242;254m▀[0m[38;2;120;152;232m[48;2;65;63;65m▀[0m[38;2;120;152;232m[48;2;65;63;65m▀[0m[38;2;65;63;65m[48;2;81;108;165m▀[0m[38;2;81;108;165m[48;2;81;108;165m▀[0m[38;2;0;0;0m[48;2;0;0;0m▀[0m [38;2;0;0;0m[48;2;0;0;0m▀[0m[38;2;180;177;172m[48;2;0;0;0m▀[0m[38;2;0;0;0m▀[38;2;180;177;172m[48;2;0;0;0m▀[0m[38;2;180;175;172m[48;2;180;175;172m▀[0m[38;2;180;175;172m[48;2;180;175;172m▀[0m[38;2;0;0;0m[48;2;0;0;0m▀[0m 
    [38;2;0;0;0m▀[38;2;98;102;103m[48;2;0;0;0m▀[0m[38;2;65;63;65m[48;2;98;102;102m▀[0m[38;2;98;102;102m[48;2;131;140;140m▀[0m[38;2;98;103;103m[48;2;98;103;103m▀[0m[38;2;65;63;65m[48;2;98;103;103m▀[0m[38;2;0;0;0m[48;2;0;0;0m▀[0m    [38;2;0;0;0m▀[38;2;250;246;255m[48;2;0;0;0m▀[0m[38;2;250;246;255m[48;2;250;246;255m▀[0m[38;2;65;63;65m[48;2;255;255;255m▀[0m[38;2;65;63;65m[48;2;255;255;255m▀[0m[38;2;255;255;255m[48;2;255;255;255m▀[0m[38;2;65;63;65m[48;2;255;255;255m▀[0m[38;2;255;240;162m[48;2;65;63;65m▀[0m[38;2;202;182;98m[48;2;65;63;65m▀[0m[38;2;212;185;146m[48;2;74;74;57m▀[0m[38;2;74;74;57m[48;2;245;254;230m▀[0m[38;2;255;255;255m[48;2;255;255;255m▀[0m[38;2;255;255;255m[48;2;237;233;245m▀[0m[38;2;51;59;72m[48;2;225;228;251m▀[0m[38;2;108;115;131m[48;2;51;59;72m▀[0m[38;2;71;76;76m[48;2;71;76;76m▀[0m[38;2;0;0;0m[48;2;71;76;76m▀[0m[38;2;0;0;0m▄    [38;2;0;0;0m▀[38;2;180;177;172m[48;2;0;0;0m▀[0m[38;2;0;0;0m▀  
     [38;2;0;0;0m▀[38;2;98;102;103m[48;2;0;0;0m▀[0m[38;2;98;102;103m[48;2;98;102;103m▀[0m[38;2;98;102;103m[48;2;98;102;103m▀[0m[38;2;98;102;103m[48;2;0;0;0m▀[0m[38;2;0;0;0m▀     [38;2;0;0;0m▄[38;2;0;0;0m[48;2;65;63;65m▀[0m[38;2;251;241;255m[48;2;251;241;255m▀[0m[38;2;65;63;65m[48;2;65;63;65m▀[0m[38;2;59;60;72m[48;2;168;180;192m▀[0m[38;2;223;242;254m[48;2;59;60;72m▀[0m[38;2;255;255;255m[48;2;237;233;245m▀[0m[38;2;255;255;255m[48;2;237;233;245m▀[0m[38;2;251;241;255m[48;2;65;63;65m▀[0m[38;2;251;241;255m[48;2;65;63;65m▀[0m[38;2;65;63;65m[48;2;111;147;225m▀[0m[38;2;65;63;65m[48;2;95;119;171m▀[0m[38;2;243;231;248m[48;2;65;63;65m▀[0m[38;2;243;231;248m[48;2;65;63;65m▀[0m[38;2;65;63;65m[48;2;65;63;65m▀[0m[38;2;74;82;82m[48;2;65;63;65m▀[0m[38;2;74;82;82m[48;2;74;82;82m▀[0m[38;2;0;0;0m[48;2;0;0;0m▀[0m        
      [38;2;0;0;0m▄[38;2;0;0;0m[48;2;154;95;209m▀[0m[38;2;0;0;0m[48;2;0;0;0m▀[0m     [38;2;0;0;0m▄[38;2;0;0;0m[48;2;82;111;163m▀[0m[38;2;82;111;163m[48;2;82;111;163m▀[0m[38;2;0;0;0m[48;2;82;111;163m▀[0m[38;2;65;63;65m[48;2;65;63;65m▀[0m[38;2;120;152;232m[48;2;65;63;65m▀[0m[38;2;120;152;232m[48;2;65;63;65m▀[0m[38;2;65;63;65m[48;2;65;63;65m▀[0m[38;2;243;231;248m[48;2;243;231;248m▀[0m[38;2;65;63;65m[48;2;65;63;65m▀[0m[38;2;120;152;232m[48;2;80;108;165m▀[0m[38;2;120;152;232m[48;2;80;108;165m▀[0m[38;2;81;108;165m[48;2;81;108;165m▀[0m[38;2;81;108;165m[48;2;65;63;65m▀[0m[38;2;58;62;72m[48;2;90;107;155m▀[0m[38;2;121;150;239m[48;2;121;150;239m▀[0m[38;2;120;152;232m[48;2;155;98;210m▀[0m[38;2;155;98;210m[48;2;155;98;210m▀[0m[38;2;0;0;0m[48;2;117;68;167m▀[0m[38;2;0;0;0m▄        
    [38;2;0;0;0m▄[38;2;0;0;0m[48;2;98;102;103m▀[0m[38;2;65;63;65m[48;2;98;103;103m▀[0m[38;2;65;63;65m[48;2;98;103;103m▀[0m[38;2;0;0;0m[48;2;98;102;103m▀[0m[38;2;0;0;0m▄  [38;2;0;0;0m▄[38;2;0;0;0m[48;2;82;111;163m▀[0m[38;2;90;107;155m[48;2;121;150;239m▀[0m[38;2;58;62;72m[48;2;121;150;239m▀[0m[38;2;65;63;65m[48;2;154;95;209m▀[0m[38;2;65;63;65m[48;2;154;95;209m▀[0m[38;2;120;152;232m[48;2;65;63;65m▀[0m[38;2;120;152;232m[48;2;120;152;232m▀[0m[38;2;120;152;232m[48;2;120;152;232m▀[0m[38;2;80;108;165m[48;2;120;152;232m▀[0m[38;2;65;63;65m[48;2;111;147;225m▀[0m[38;2;65;63;65m[48;2;95;119;171m▀[0m[38;2;65;63;65m[48;2;120;152;232m▀[0m[38;2;65;63;65m[48;2;65;63;65m▀[0m[38;2;68;53;63m[48;2;107;115;176m▀[0m[38;2;129;143;232m[48;2;107;115;176m▀[0m[38;2;120;152;232m[48;2;155;98;210m▀[0m[38;2;120;152;232m[48;2;120;152;232m▀[0m[38;2;137;154;241m[48;2;145;100;206m▀[0m[38;2;145;100;206m[48;2;161;52;183m▀[0m[38;2;83;85;135m[48;2;92;97;169m▀[0m[38;2;66;58;63m[48;2;66;58;63m▀[0m[38;2;0;0;0m[48;2;74;82;81m▀[0m[38;2;0;0;0m▄      
   [38;2;0;0;0m[48;2;0;0;0m▀[0m[38;2;98;103;103m[48;2;98;103;103m▀[0m[38;2;98;103;103m[48;2;65;63;65m▀[0m[38;2;131;136;138m[48;2;98;103;103m▀[0m[38;2;131;136;138m[48;2;98;103;103m▀[0m[38;2;98;103;103m[48;2;98;103;103m▀[0m[38;2;98;103;103m[48;2;98;103;103m▀[0m[38;2;0;0;0m[48;2;0;0;0m▀[0m [38;2;0;0;0m▀[38;2;82;111;163m[48;2;0;0;0m▀[0m[38;2;120;152;232m[48;2;120;152;232m▀[0m[38;2;155;98;210m[48;2;120;152;232m▀[0m[38;2;155;98;210m[48;2;120;152;232m▀[0m[38;2;120;152;232m[48;2;120;152;232m▀[0m[38;2;65;63;65m[48;2;120;152;232m▀[0m[38;2;120;152;232m[48;2;65;63;65m▀[0m[38;2;125;154;232m[48;2;125;154;232m▀[0m[38;2;125;154;232m[48;2;125;154;232m▀[0m[38;2;155;98;210m[48;2;120;152;232m▀[0m[38;2;120;152;232m[48;2;155;98;210m▀[0m[38;2;125;154;232m[48;2;125;154;232m▀[0m[38;2;125;154;232m[48;2;125;154;232m▀[0m[38;2;65;63;65m[48;2;120;152;232m▀[0m[38;2;65;63;65m[48;2;120;152;232m▀[0m[38;2;120;152;232m[48;2;120;152;232m▀[0m[38;2;120;152;232m[48;2;80;108;165m▀[0m[38;2;120;156;240m[48;2;80;105;159m▀[0m[38;2;80;105;159m[48;2;0;4;1m▀[0m[38;2;65;63;65m[48;2;74;82;82m▀[0m[38;2;74;82;82m[48;2;74;82;82m▀[0m[38;2;74;82;81m[48;2;0;0;0m▀[0m[38;2;0;0;0m▀      
  [38;2;0;0;0m▄[38;2;0;0;0m[48;2;98;102;103m▀[0m[38;2;65;63;65m[48;2;98;103;103m▀[0m[38;2;98;103;103m[48;2;98;103;103m▀[0m[38;2;65;63;65m[48;2;65;63;65m▀[0m[38;2;98;103;103m[48;2;98;103;103m▀[0m[38;2;98;103;103m[48;2;98;103;103m▀[0m[38;2;98;103;103m[48;2;98;103;103m▀[0m[38;2;0;0;0m[48;2;0;0;0m▀[0m   [38;2;0;0;0m▀[38;2;0;0;0m▀[38;2;0;0;0m▀[38;2;120;152;232m[48;2;0;0;0m▀[0m[38;2;111;147;225m[48;2;65;63;65m▀[0m[38;2;65;63;65m[48;2;95;119;171m▀[0m[38;2;121;150;239m[48;2;58;62;72m▀[0m[38;2;121;150;239m[48;2;90;107;155m▀[0m[38;2;125;154;232m[48;2;125;154;232m▀[0m[38;2;125;154;232m[48;2;125;154;232m▀[0m[38;2;120;152;232m[48;2;155;98;210m▀[0m[38;2;120;152;232m[48;2;120;152;232m▀[0m[38;2;155;96;210m[48;2;118;67;168m▀[0m[38;2;155;96;210m[48;2;118;67;168m▀[0m[38;2;93;108;177m[48;2;93;108;177m▀[0m[38;2;64;73;120m[48;2;8;0;5m▀[0m[38;2;0;0;0m▀[38;2;0;0;0m▄[38;2;0;0;0m[48;2;122;68;170m▀[0m[38;2;0;0;0m[48;2;0;0;0m▀[0m        
 [38;2;0;0;0m▀[38;2;0;0;0m▀[38;2;0;0;0m▀[38;2;0;0;0m▀[38;2;65;63;65m[48;2;0;0;0m▀[0m[38;2;98;102;103m[48;2;0;0;0m▀[0m[38;2;98;102;103m[48;2;0;0;0m▀[0m[38;2;98;102;103m[48;2;0;0;0m▀[0m[38;2;0;0;0m▀[38;2;160;101;200m[48;2;0;0;0m▀[0m[38;2;0;0;0m[48;2;80;50;100m▀[0m[38;2;0;0;0m▄[38;2;0;0;0m[48;2;98;102;103m▀[0m[38;2;0;0;0m[48;2;98;102;103m▀[0m[38;2;0;0;0m[48;2;98;102;103m▀[0m[38;2;0;0;0m[48;2;98;102;103m▀[0m[38;2;0;0;0m▄[38;2;0;0;0m▀[38;2;82;111;163m[48;2;0;0;0m▀[0m[38;2;81;108;165m[48;2;81;108;165m▀[0m[38;2;65;63;65m[48;2;81;108;165m▀[0m[38;2;81;108;165m[48;2;65;63;65m▀[0m[38;2;81;108;165m[48;2;65;63;65m▀[0m[38;2;121;67;168m[48;2;80;109;163m▀[0m[38;2;121;67;168m[48;2;80;109;163m▀[0m[38;2;99;91;143m[48;2;104;100;178m▀[0m[38;2;99;91;143m[48;2;80;45;67m▀[0m[38;2;65;63;65m[48;2;65;63;65m▀[0m[38;2;180;177;172m[48;2;180;177;172m▀[0m[38;2;0;0;0m[48;2;180;177;172m▀[0m[38;2;0;0;0m[48;2;180;177;172m▀[0m[38;2;0;0;0m[48;2;180;177;172m▀[0m[38;2;0;0;0m▄  [38;2;0;0;0m▄     
          [38;2;0;0;0m▄[38;2;0;0;0m[48;2;98;102;103m▀[0m[38;2;98;103;103m[48;2;98;103;103m▀[0m[38;2;98;103;103m[48;2;98;103;103m▀[0m[38;2;131;140;140m[48;2;131;140;140m▀[0m[38;2;131;140;140m[48;2;131;140;140m▀[0m[38;2;98;103;103m[48;2;98;103;103m▀[0m[38;2;98;103;103m[48;2;98;103;103m▀[0m[38;2;0;0;0m[48;2;98;101;99m▀[0m[38;2;65;67;66m[48;2;65;67;66m▀[0m[38;2;65;63;65m[48;2;180;177;172m▀[0m[38;2;65;63;65m[48;2;180;177;172m▀[0m[38;2;81;108;165m[48;2;65;63;65m▀[0m[38;2;81;108;165m[48;2;65;63;65m▀[0m[38;2;65;63;65m[48;2;180;177;172m▀[0m[38;2;65;63;65m[48;2;180;177;172m▀[0m[38;2;65;63;65m[48;2;65;63;65m▀[0m[38;2;180;177;172m[48;2;180;177;172m▀[0m[38;2;180;175;176m[48;2;180;175;176m▀[0m[38;2;63;65;57m[48;2;240;227;235m▀[0m[38;2;65;63;65m[48;2;243;231;248m▀[0m[38;2;243;231;248m[48;2;243;231;248m▀[0m[38;2;180;177;172m[48;2;243;231;248m▀[0m[38;2;180;177;172m[48;2;180;177;172m▀[0m[38;2;0;0;0m[48;2;180;177;172m▀[0m[38;2;0;0;0m[48;2;180;177;172m▀[0m[38;2;180;177;172m[48;2;0;0;0m▀[0m[38;2;0;0;0m▀    
          [38;2;0;0;0m[48;2;0;0;0m▀[0m[38;2;98;102;103m[48;2;98;102;103m▀[0m[38;2;98;103;103m[48;2;98;103;103m▀[0m[38;2;98;103;103m[48;2;65;63;65m▀[0m[38;2;98;103;103m[48;2;65;63;65m▀[0m[38;2;98;103;103m[48;2;98;103;103m▀[0m[38;2;98;103;103m[48;2;98;103;103m▀[0m[38;2;98;103;103m[48;2;98;103;103m▀[0m[38;2;98;103;103m[48;2;98;103;103m▀[0m[38;2;65;63;65m[48;2;65;63;65m▀[0m[38;2;180;175;172m[48;2;180;175;172m▀[0m[38;2;180;175;172m[48;2;180;175;172m▀[0m[38;2;180;177;172m[48;2;243;231;248m▀[0m[38;2;180;177;172m[48;2;243;231;248m▀[0m[38;2;180;177;172m[48;2;243;231;248m▀[0m[38;2;180;177;172m[48;2;243;231;248m▀[0m[38;2;239;232;247m[48;2;239;232;247m▀[0m[38;2;239;232;247m[48;2;239;232;247m▀[0m[38;2;243;231;248m[48;2;243;231;248m▀[0m[38;2;180;177;172m[48;2;243;231;248m▀[0m[38;2;243;231;248m[48;2;180;177;172m▀[0m[38;2;243;231;248m[48;2;243;231;248m▀[0m[38;2;243;231;248m[48;2;180;177;172m▀[0m[38;2;180;177;172m[48;2;180;177;172m▀[0m[38;2;65;63;65m[48;2;0;0;0m▀[0m[38;2;0;0;0m▀      
          [38;2;0;0;0m▀[38;2;98;102;103m[48;2;0;0;0m▀[0m[38;2;65;63;65m[48;2;65;63;65m▀[0m[38;2;98;103;103m[48;2;98;103;103m▀[0m[38;2;98;103;103m[48;2;65;63;65m▀[0m[38;2;65;63;65m[48;2;98;103;103m▀[0m[38;2;98;103;103m[48;2;98;103;103m▀[0m[38;2;98;103;103m[48;2;98;103;103m▀[0m[38;2;104;102;101m[48;2;65;63;65m▀[0m[38;2;65;63;65m[48;2;180;177;172m▀[0m[38;2;180;177;172m[48;2;180;177;172m▀[0m[38;2;180;177;172m[48;2;243;231;248m▀[0m[38;2;239;232;247m[48;2;239;232;247m▀[0m[38;2;239;232;247m[48;2;239;232;247m▀[0m[38;2;239;232;247m[48;2;239;232;247m▀[0m[38;2;239;232;247m[48;2;239;232;247m▀[0m[38;2;239;232;247m[48;2;239;232;247m▀[0m[38;2;239;232;247m[48;2;239;232;247m▀[0m[38;2;243;231;248m[48;2;243;231;248m▀[0m[38;2;243;231;248m[48;2;180;177;172m▀[0m[38;2;180;175;172m[48;2;180;175;172m▀[0m[38;2;180;175;172m[48;2;180;175;172m▀[0m[38;2;180;177;172m[48;2;0;0;0m▀[0m[38;2;0;0;0m▀        
          [38;2;0;0;0m▄[38;2;0;0;0m[48;2;98;102;103m▀[0m[38;2;98;101;99m[48;2;0;0;0m▀[0m[38;2;65;67;66m[48;2;0;0;0m▀[0m[38;2;98;102;103m[48;2;0;0;0m▀[0m[38;2;98;102;103m[48;2;0;0;0m▀[0m[38;2;98;102;103m[48;2;0;0;0m▀[0m[38;2;0;0;0m▀[38;2;180;177;172m[48;2;0;0;0m▀[0m[38;2;180;177;172m[48;2;0;0;0m▀[0m[38;2;180;175;172m[48;2;180;175;172m▀[0m[38;2;180;175;172m[48;2;180;175;172m▀[0m[38;2;167;158;170m[48;2;0;0;0m▀[0m[38;2;251;241;255m[48;2;0;0;0m▀[0m[38;2;241;238;246m[48;2;8;7;0m▀[0m[38;2;241;238;246m[48;2;162;159;164m▀[0m[38;2;180;175;172m[48;2;180;175;172m▀[0m[38;2;180;175;172m[48;2;180;175;172m▀[0m[38;2;180;177;172m[48;2;180;177;172m▀[0m[38;2;180;177;172m[48;2;0;0;0m▀[0m[38;2;0;0;0m▀[38;2;0;0;0m▀          
          [38;2;0;0;0m▀[38;2;0;0;0m▀        [38;2;0;0;0m▀[38;2;0;0;0m▀   [38;2;0;0;0m▀[38;2;0;0;0m▀[38;2;0;0;0m▀[38;2;0;0;0m▀             
                                     [0m                                     