      [38;2;3;5;0m▄[38;2;3;5;0m[48;2;152;88;93m▀[0m[38;2;3;5;0m[48;2;152;88;93m▀[0m[38;2;3;5;0m▄              
      [38;2;3;5;0m▀[38;2;152;88;93m[48;2;3;5;0m▀[0m[38;2;152;88;93m[48;2;152;88;93m▀[0m[38;2;3;5;0m[48;2;151;87;92m▀[0m[38;2;3;5;0m▄[38;2;3;5;0m▄[38;2;3;5;0m▄[38;2;3;5;0m▄[38;2;3;5;0m[48;2;175;111;116m▀[0m[38;2;3;5;0m[48;2;139;75;80m▀[0m[38;2;3;5;0m▄       
       [38;2;3;5;0m▀[38;2;151;87;92m[48;2;3;5;0m▀[0m[38;2;66;65;66m[48;2;255;233;54m▀[0m[38;2;255;233;54m[48;2;255;233;54m▀[0m[38;2;255;211;66m[48;2;66;60;74m▀[0m[38;2;66;60;74m[48;2;177;144;53m▀[0m[38;2;175;111;116m[48;2;141;77;82m▀[0m[38;2;141;77;82m[48;2;175;111;116m▀[0m[38;2;139;75;80m[48;2;3;5;0m▀[0m[38;2;3;5;0m▀       
    [38;2;3;5;0m▄[38;2;3;5;0m▄[38;2;3;5;0m[48;2;220;174;35m▀[0m[38;2;0;0;16m[48;2;255;233;54m▀[0m[38;2;93;86;19m[48;2;255;233;54m▀[0m[38;2;216;174;35m[48;2;255;233;54m▀[0m[38;2;255;233;54m[48;2;255;233;54m▀[0m[38;2;255;223;58m[48;2;216;171;35m▀[0m[38;2;66;65;66m[48;2;216;171;35m▀[0m[38;2;66;65;66m[48;2;220;174;35m▀[0m[38;2;66;65;66m[48;2;66;65;66m▀[0m[38;2;55;90;50m[48;2;73;136;71m▀[0m[38;2;8;0;0m[48;2;73;136;71m▀[0m[38;2;3;5;0m▄      
   [38;2;8;8;0m[48;2;8;8;0m▀[0m[38;2;127;127;82m[48;2;247;247;165m▀[0m[38;2;251;255;161m[48;2;251;255;161m▀[0m[38;2;173;127;40m[48;2;173;127;40m▀[0m[38;2;255;232;52m[48;2;255;232;52m▀[0m[38;2;255;232;52m[48;2;255;232;52m▀[0m[38;2;255;233;54m[48;2;170;124;37m▀[0m[38;2;255;233;54m[48;2;170;124;37m▀[0m[38;2;255;233;54m[48;2;255;233;54m▀[0m[38;2;66;65;66m[48;2;255;233;54m▀[0m[38;2;66;65;66m[48;2;220;174;35m▀[0m[38;2;220;174;35m[48;2;220;174;35m▀[0m[38;2;180;190;74m[48;2;57;73;74m▀[0m[38;2;57;73;74m[48;2;55;139;51m▀[0m[38;2;54;100;46m[48;2;82;148;70m▀[0m[38;2;3;5;0m[48;2;82;148;70m▀[0m[38;2;3;5;0m[48;2;66;150;62m▀[0m[38;2;3;5;0m▄   
  [38;2;3;5;0m▄[38;2;0;16;16m[48;2;255;146;90m▀[0m[38;2;109;45;50m[48;2;170;102;65m▀[0m[38;2;122;58;63m[48;2;203;169;120m▀[0m[38;2;255;219;148m[48;2;99;69;66m▀[0m[38;2;162;129;62m[48;2;239;243;156m▀[0m[38;2;162;129;62m[48;2;124;60;65m▀[0m[38;2;255;255;255m[48;2;255;238;66m▀[0m[38;2;255;255;255m[48;2;255;255;255m▀[0m[38;2;170;124;37m[48;2;170;124;37m▀[0m[38;2;255;233;54m[48;2;255;233;54m▀[0m[38;2;255;233;54m[48;2;130;66;71m▀[0m[38;2;130;66;71m[48;2;130;66;71m▀[0m[38;2;66;65;66m[48;2;140;76;81m▀[0m[38;2;66;65;66m[48;2;140;76;81m▀[0m[38;2;66;150;62m[48;2;57;69;66m▀[0m[38;2;59;95;66m[48;2;66;150;62m▀[0m[38;2;3;5;0m[48;2;3;5;0m▀[0m    
  [38;2;3;5;0m[48;2;3;5;0m▀[0m[38;2;112;92;71m[48;2;255;138;82m▀[0m[38;2;255;138;82m[48;2;255;138;82m▀[0m[38;2;255;136;85m[48;2;255;136;85m▀[0m[38;2;255;136;85m[48;2;255;136;85m▀[0m[38;2;85;79;65m[48;2;85;79;65m▀[0m[38;2;8;0;8m[48;2;239;239;181m▀[0m[38;2;241;220;89m[48;2;247;251;156m▀[0m[38;2;247;251;156m[48;2;159;136;39m▀[0m[38;2;170;124;37m[48;2;255;233;54m▀[0m[38;2;255;233;54m[48;2;255;233;54m▀[0m[38;2;66;65;66m[48;2;66;65;66m▀[0m[38;2;66;65;66m[48;2;125;61;66m▀[0m[38;2;130;66;71m[48;2;130;66;71m▀[0m[38;2;130;66;71m[48;2;3;5;0m▀[0m[38;2;3;5;0m▀[38;2;3;5;0m▀     
   [38;2;3;5;0m▀[38;2;255;138;82m[48;2;3;5;0m▀[0m[38;2;66;65;66m[48;2;160;111;61m▀[0m[38;2;66;65;66m[48;2;160;111;61m▀[0m[38;2;176;119;33m[48;2;66;65;66m▀[0m[38;2;176;119;33m[48;2;176;119;33m▀[0m[38;2;170;124;37m[48;2;255;233;54m▀[0m[38;2;255;233;54m[48;2;170;124;37m▀[0m[38;2;255;232;52m[48;2;255;232;52m▀[0m[38;2;255;232;52m[48;2;255;232;52m▀[0m[38;2;255;233;54m[48;2;255;233;54m▀[0m[38;2;66;65;66m[48;2;255;233;54m▀[0m[38;2;3;5;0m[48;2;3;5;0m▀[0m        
   [38;2;3;5;0m▄[38;2;3;5;0m▄[38;2;0;8;8m[48;2;128;64;69m▀[0m[38;2;66;54;57m[48;2;128;64;69m▀[0m[38;2;129;127;85m[48;2;74;69;41m▀[0m[38;2;255;248;161m[48;2;255;248;161m▀[0m[38;2;173;127;40m[48;2;251;255;161m▀[0m[38;2;251;255;161m[48;2;251;255;161m▀[0m[38;2;170;124;37m[48;2;170;124;37m▀[0m[38;2;255;233;54m[48;2;255;233;54m▀[0m[38;2;255;233;54m[48;2;255;233;54m▀[0m[38;2;66;65;66m[48;2;66;65;66m▀[0m[38;2;139;75;80m[48;2;139;75;80m▀[0m[38;2;3;5;0m[48;2;139;75;80m▀[0m[38;2;3;5;0m[48;2;139;75;80m▀[0m[38;2;3;5;0m▄     
 [38;2;3;5;0m▄[38;2;3;5;0m[48;2;255;138;82m▀[0m[38;2;92;202;75m[48;2;92;202;75m▀[0m[38;2;87;78;73m[48;2;95;139;81m▀[0m[38;2;128;64;69m[48;2;128;64;69m▀[0m[38;2;66;54;57m[48;2;0;8;8m▀[0m[38;2;3;5;0m▀[38;2;173;127;40m[48;2;3;5;0m▀[0m[38;2;255;248;140m[48;2;175;133;30m▀[0m[38;2;175;133;30m[48;2;244;226;81m▀[0m[38;2;255;232;52m[48;2;255;232;52m▀[0m[38;2;255;232;52m[48;2;255;232;52m▀[0m[38;2;255;233;54m[48;2;255;233;54m▀[0m[38;2;255;233;54m[48;2;216;174;35m▀[0m[38;2;66;64;66m[48;2;3;5;0m▀[0m[38;2;3;5;0m▀[38;2;139;75;80m[48;2;3;5;0m▀[0m[38;2;139;75;80m[48;2;139;75;80m▀[0m[38;2;3;5;0m[48;2;108;117;85m▀[0m[38;2;3;5;0m[48;2;108;117;85m▀[0m[38;2;3;5;0m▄  
 [38;2;0;8;8m[48;2;0;8;8m▀[0m[38;2;247;142;90m[48;2;82;52;35m▀[0m[38;2;159;112;65m[48;2;159;112;65m▀[0m[38;2;66;150;62m[48;2;159;112;65m▀[0m[38;2;66;150;62m[48;2;3;5;0m▀[0m[38;2;3;5;0m▀ [38;2;3;5;0m▄[38;2;11;13;8m[48;2;205;168;21m▀[0m[38;2;255;231;74m[48;2;205;168;21m▀[0m[38;2;255;233;54m[48;2;216;174;35m▀[0m[38;2;255;233;54m[48;2;216;174;35m▀[0m[38;2;216;174;35m[48;2;216;174;35m▀[0m[38;2;216;174;35m[48;2;255;233;54m▀[0m[38;2;3;5;0m[48;2;220;174;35m▀[0m[38;2;3;5;0m▄[38;2;3;5;0m▀[38;2;139;75;80m[48;2;3;5;0m▀[0m[38;2;66;150;62m[48;2;66;150;62m▀[0m[38;2;66;150;62m[48;2;255;138;82m▀[0m[38;2;255;138;82m[48;2;255;138;82m▀[0m[38;2;3;5;0m[48;2;3;5;0m▀[0m 
  [38;2;3;5;0m▀[38;2;3;5;0m▀[38;2;3;5;0m▀  [38;2;5;9;0m[48;2;5;9;0m▀[0m[38;2;231;192;32m[48;2;157;121;27m▀[0m[38;2;221;173;31m[48;2;221;173;31m▀[0m[38;2;174;120;33m[48;2;221;173;31m▀[0m[38;2;220;174;35m[48;2;3;5;0m▀[0m[38;2;220;174;35m[48;2;3;5;0m▀[0m[38;2;255;232;52m[48;2;255;232;52m▀[0m[38;2;255;232;52m[48;2;255;232;52m▀[0m[38;2;255;233;54m[48;2;255;233;54m▀[0m[38;2;3;5;0m[48;2;3;5;0m▀[0m [38;2;3;5;0m▀[38;2;164;100;60m[48;2;5;9;0m▀[0m[38;2;247;146;90m[48;2;5;9;0m▀[0m[38;2;156;109;66m[48;2;3;5;0m▀[0m[38;2;3;5;0m▀ 
        [38;2;3;5;0m▀[38;2;3;5;0m▀[38;2;3;5;0m▀  [38;2;3;5;0m▀[38;2;255;233;54m[48;2;3;5;0m▀[0m[38;2;203;165;18m[48;2;5;9;0m▀[0m[38;2;255;231;74m[48;2;5;9;0m▀[0m[38;2;3;5;0m▀      
                                     [0m                                     