               [38;2;0;0;0m▄[38;2;0;0;0m▄ [38;2;0;0;0m▄[38;2;0;0;0m▄[38;2;0;0;0m▄[38;2;0;0;0m[48;2;243;243;231m▀[0m[38;2;0;4;0m[48;2;251;251;240m▀[0m[38;2;0;4;0m[48;2;179;179;158m▀[0m[38;2;0;0;0m[48;2;0;0;0m▀[0m                  
            [38;2;0;0;0m▄[38;2;0;0;0m[48;2;77;147;192m▀[0m[38;2;0;12;16m[48;2;79;149;194m▀[0m[38;2;79;149;194m[48;2;14;53;132m▀[0m[38;2;47;86;165m[48;2;47;86;165m▀[0m[38;2;24;0;0m[48;2;244;244;232m▀[0m[38;2;244;244;232m[48;2;244;244;232m▀[0m[38;2;244;244;232m[48;2;244;244;232m▀[0m[38;2;243;243;231m[48;2;243;243;231m▀[0m[38;2;243;243;231m[48;2;197;197;178m▀[0m[38;2;197;197;178m[48;2;197;197;178m▀[0m[38;2;8;0;0m[48;2;60;63;63m▀[0m[38;2;0;0;0m▄[38;2;0;0;0m▄[38;2;0;0;0m▄[38;2;0;0;0m▄               
  [38;2;0;0;0m▄[38;2;0;0;0m▄[38;2;0;0;0m[48;2;243;243;231m▀[0m[38;2;0;0;0m[48;2;243;243;231m▀[0m[38;2;0;0;0m[48;2;243;243;231m▀[0m[38;2;0;0;0m[48;2;243;243;231m▀[0m[38;2;0;0;0m▄[38;2;0;0;0m▄ [38;2;0;0;0m[48;2;0;0;0m▀[0m[38;2;46;85;164m[48;2;197;197;178m▀[0m[38;2;46;85;164m[48;2;46;85;164m▀[0m[38;2;29;68;147m[48;2;243;243;231m▀[0m[38;2;243;243;231m[48;2;243;243;231m▀[0m[38;2;244;244;232m[48;2;244;244;232m▀[0m[38;2;244;244;232m[48;2;244;244;232m▀[0m[38;2;243;243;231m[48;2;243;243;231m▀[0m[38;2;243;243;231m[48;2;66;65;66m▀[0m[38;2;196;196;177m[48;2;66;65;66m▀[0m[38;2;66;65;66m[48;2;246;246;234m▀[0m[38;2;57;56;74m[48;2;161;84;90m▀[0m[38;2;226;103;31m[48;2;226;103;31m▀[0m[38;2;230;107;38m[48;2;230;107;38m▀[0m[38;2;230;107;38m[48;2;230;107;38m▀[0m[38;2;227;104;33m[48;2;227;104;33m▀[0m[38;2;227;104;33m[48;2;0;0;0m▀[0m[38;2;0;0;0m▀              
 [38;2;0;0;0m[48;2;0;0;0m▀[0m[38;2;197;197;178m[48;2;197;197;178m▀[0m[38;2;243;243;231m[48;2;197;197;178m▀[0m[38;2;243;243;231m[48;2;197;197;178m▀[0m[38;2;243;243;231m[48;2;197;197;178m▀[0m[38;2;244;244;232m[48;2;244;244;232m▀[0m[38;2;244;244;232m[48;2;244;244;232m▀[0m[38;2;244;244;232m[48;2;244;244;232m▀[0m[38;2;244;244;232m[48;2;244;244;232m▀[0m[38;2;0;0;0m[48;2;74;79;77m▀[0m[38;2;74;79;77m[48;2;242;242;228m▀[0m[38;2;197;197;178m[48;2;243;243;231m▀[0m[38;2;243;243;231m[48;2;243;243;231m▀[0m[38;2;243;243;231m[48;2;243;243;231m▀[0m[38;2;243;243;231m[48;2;66;65;66m▀[0m[38;2;246;246;234m[48;2;66;65;66m▀[0m[38;2;196;196;177m[48;2;66;65;66m▀[0m[38;2;66;65;66m[48;2;243;243;231m▀[0m[38;2;243;243;231m[48;2;243;243;231m▀[0m[38;2;243;243;231m[48;2;243;243;231m▀[0m[38;2;147;70;77m[48;2;147;70;77m▀[0m[38;2;230;107;38m[48;2;146;69;76m▀[0m[38;2;230;107;38m[48;2;146;69;76m▀[0m[38;2;230;107;38m[48;2;145;68;75m▀[0m[38;2;230;107;38m[48;2;0;0;8m▀[0m[38;2;0;0;0m▀ [38;2;0;0;0m▄[38;2;0;0;0m▄[38;2;0;0;0m▄[38;2;0;0;0m▄[38;2;0;0;0m▄[38;2;0;0;0m▄[38;2;0;0;0m▄[38;2;0;0;0m▄[38;2;0;0;0m▄      
  [38;2;0;0;0m▀[38;2;197;197;178m[48;2;0;0;0m▀[0m[38;2;66;65;66m[48;2;197;197;178m▀[0m[38;2;66;65;66m[48;2;197;197;178m▀[0m[38;2;197;197;178m[48;2;66;65;66m▀[0m[38;2;197;197;178m[48;2;197;197;178m▀[0m[38;2;246;246;234m[48;2;196;196;177m▀[0m[38;2;246;246;234m[48;2;66;65;66m▀[0m[38;2;66;65;66m[48;2;243;243;231m▀[0m[38;2;243;243;231m[48;2;243;243;231m▀[0m[38;2;243;243;231m[48;2;243;243;231m▀[0m[38;2;243;243;231m[48;2;197;197;178m▀[0m[38;2;244;244;232m[48;2;255;255;255m▀[0m[38;2;244;244;232m[48;2;244;244;232m▀[0m[38;2;244;244;232m[48;2;244;244;232m▀[0m[38;2;244;244;232m[48;2;244;244;232m▀[0m[38;2;244;244;232m[48;2;244;244;232m▀[0m[38;2;244;244;232m[48;2;244;244;232m▀[0m[38;2;243;243;231m[48;2;243;243;231m▀[0m[38;2;243;243;231m[48;2;197;197;178m▀[0m[38;2;244;244;232m[48;2;194;194;175m▀[0m[38;2;194;194;175m[48;2;66;69;66m▀[0m[38;2;66;65;66m[48;2;66;65;66m▀[0m[38;2;66;65;66m[48;2;243;243;231m▀[0m[38;2;0;0;0m[48;2;243;243;231m▀[0m[38;2;0;0;0m[48;2;243;243;231m▀[0m[38;2;244;244;232m[48;2;244;244;232m▀[0m[38;2;244;244;232m[48;2;244;244;232m▀[0m[38;2;244;244;232m[48;2;244;244;232m▀[0m[38;2;244;244;232m[48;2;244;244;232m▀[0m[38;2;244;244;232m[48;2;244;244;232m▀[0m[38;2;244;244;232m[48;2;244;244;232m▀[0m[38;2;244;244;232m[48;2;244;244;232m▀[0m[38;2;244;244;232m[48;2;244;244;232m▀[0m[38;2;243;243;231m[48;2;243;243;231m▀[0m[38;2;0;0;0m[48;2;243;243;231m▀[0m[38;2;0;0;0m[48;2;243;243;231m▀[0m[38;2;0;0;0m[48;2;243;243;231m▀[0m[38;2;0;0;0m▄  
   [38;2;0;0;0m▀[38;2;197;197;178m[48;2;0;0;0m▀[0m[38;2;197;197;178m[48;2;197;197;178m▀[0m[38;2;197;197;178m[48;2;197;197;178m▀[0m[38;2;66;65;66m[48;2;197;197;178m▀[0m[38;2;197;197;178m[48;2;66;65;66m▀[0m[38;2;66;65;66m[48;2;197;197;178m▀[0m[38;2;244;244;232m[48;2;244;244;232m▀[0m[38;2;244;244;232m[48;2;244;244;232m▀[0m[38;2;243;243;231m[48;2;243;243;231m▀[0m[38;2;197;197;178m[48;2;243;243;231m▀[0m[38;2;66;65;66m[48;2;66;65;66m▀[0m[38;2;243;243;231m[48;2;243;243;231m▀[0m[38;2;244;244;232m[48;2;244;244;232m▀[0m[38;2;244;244;232m[48;2;244;244;232m▀[0m[38;2;243;243;231m[48;2;243;243;231m▀[0m[38;2;243;243;231m[48;2;66;65;66m▀[0m[38;2;197;197;178m[48;2;66;65;66m▀[0m[38;2;197;197;178m[48;2;66;65;66m▀[0m[38;2;66;65;66m[48;2;243;243;231m▀[0m[38;2;243;243;231m[48;2;243;243;231m▀[0m[38;2;244;244;232m[48;2;244;244;232m▀[0m[38;2;244;244;232m[48;2;244;244;232m▀[0m[38;2;244;244;232m[48;2;244;244;232m▀[0m[38;2;244;244;232m[48;2;244;244;232m▀[0m[38;2;244;244;232m[48;2;244;244;232m▀[0m[38;2;244;244;232m[48;2;244;244;232m▀[0m[38;2;243;243;231m[48;2;66;65;66m▀[0m[38;2;243;243;231m[48;2;66;65;66m▀[0m[38;2;66;65;66m[48;2;197;197;178m▀[0m[38;2;66;65;66m[48;2;197;197;178m▀[0m[38;2;66;65;66m[48;2;196;196;177m▀[0m[38;2;246;246;234m[48;2;66;65;66m▀[0m[38;2;244;244;232m[48;2;244;244;232m▀[0m[38;2;244;244;232m[48;2;244;244;232m▀[0m[38;2;243;243;231m[48;2;197;197;178m▀[0m[38;2;243;243;231m[48;2;197;197;178m▀[0m[38;2;243;243;231m[48;2;0;0;0m▀[0m[38;2;0;0;0m▀ 
     [38;2;0;0;0m▀[38;2;197;197;178m[48;2;0;0;0m▀[0m[38;2;197;197;178m[48;2;0;0;0m▀[0m[38;2;66;65;66m[48;2;197;197;178m▀[0m[38;2;197;197;178m[48;2;197;197;178m▀[0m[38;2;66;60;66m[48;2;66;60;66m▀[0m[38;2;159;82;66m[48;2;206;93;66m▀[0m[38;2;181;85;66m[48;2;181;85;66m▀[0m[38;2;243;243;231m[48;2;243;243;231m▀[0m[38;2;244;244;232m[48;2;244;244;232m▀[0m[38;2;244;244;232m[48;2;244;244;232m▀[0m[38;2;244;244;232m[48;2;244;244;232m▀[0m[38;2;244;244;232m[48;2;244;244;232m▀[0m[38;2;244;244;232m[48;2;244;244;232m▀[0m[38;2;244;244;232m[48;2;244;244;232m▀[0m[38;2;244;244;232m[48;2;244;244;232m▀[0m[38;2;244;244;232m[48;2;244;244;232m▀[0m[38;2;244;244;232m[48;2;244;244;232m▀[0m[38;2;244;244;232m[48;2;244;244;232m▀[0m[38;2;244;244;232m[48;2;244;244;232m▀[0m[38;2;244;244;232m[48;2;244;244;232m▀[0m[38;2;243;243;231m[48;2;243;243;231m▀[0m[38;2;243;243;231m[48;2;197;197;178m▀[0m[38;2;197;197;178m[48;2;66;65;66m▀[0m[38;2;66;65;66m[48;2;197;197;178m▀[0m[38;2;197;197;178m[48;2;197;197;178m▀[0m[38;2;197;197;178m[48;2;197;197;178m▀[0m[38;2;197;197;178m[48;2;66;65;66m▀[0m[38;2;197;197;178m[48;2;66;65;66m▀[0m[38;2;197;197;178m[48;2;197;197;178m▀[0m[38;2;197;197;178m[48;2;197;197;178m▀[0m[38;2;60;63;63m[48;2;197;197;178m▀[0m[38;2;197;197;178m[48;2;8;0;0m▀[0m[38;2;0;0;0m▀[38;2;0;0;0m▀   
        [38;2;0;0;0m▀[38;2;197;197;178m[48;2;0;0;0m▀[0m[38;2;197;197;178m[48;2;8;0;0m▀[0m[38;2;60;63;63m[48;2;197;197;178m▀[0m[38;2;244;244;232m[48;2;244;244;232m▀[0m[38;2;244;244;232m[48;2;244;244;232m▀[0m[38;2;244;244;232m[48;2;244;244;232m▀[0m[38;2;244;244;232m[48;2;244;244;232m▀[0m[38;2;244;244;232m[48;2;244;244;232m▀[0m[38;2;244;244;232m[48;2;244;244;232m▀[0m[38;2;244;244;232m[48;2;244;244;232m▀[0m[38;2;244;244;232m[48;2;244;244;232m▀[0m[38;2;244;244;232m[48;2;244;244;232m▀[0m[38;2;244;244;232m[48;2;244;244;232m▀[0m[38;2;243;243;231m[48;2;197;197;178m▀[0m[38;2;197;197;178m[48;2;197;197;178m▀[0m[38;2;197;197;178m[48;2;197;197;178m▀[0m[38;2;197;197;178m[48;2;197;197;178m▀[0m[38;2;197;197;178m[48;2;197;197;178m▀[0m[38;2;197;197;178m[48;2;197;197;178m▀[0m[38;2;197;197;178m[48;2;197;197;178m▀[0m[38;2;66;65;66m[48;2;197;197;178m▀[0m[38;2;66;65;66m[48;2;197;197;178m▀[0m[38;2;66;65;66m[48;2;197;197;178m▀[0m[38;2;66;65;66m[48;2;197;197;178m▀[0m[38;2;197;197;178m[48;2;197;197;178m▀[0m[38;2;197;197;178m[48;2;197;197;178m▀[0m[38;2;197;197;178m[48;2;0;0;0m▀[0m[38;2;66;65;66m[48;2;0;0;0m▀[0m[38;2;0;0;0m▀     
           [38;2;0;0;0m▀[38;2;181;181;160m[48;2;8;8;8m▀[0m[38;2;252;252;240m[48;2;181;181;160m▀[0m[38;2;244;244;232m[48;2;244;244;232m▀[0m[38;2;244;244;232m[48;2;244;244;232m▀[0m[38;2;244;244;232m[48;2;244;244;232m▀[0m[38;2;244;244;232m[48;2;244;244;232m▀[0m[38;2;243;243;231m[48;2;197;197;178m▀[0m[38;2;243;243;231m[48;2;197;197;178m▀[0m[38;2;197;197;178m[48;2;94;133;212m▀[0m[38;2;94;133;212m[48;2;94;133;212m▀[0m[38;2;197;197;178m[48;2;197;197;178m▀[0m[38;2;197;197;178m[48;2;197;197;178m▀[0m[38;2;197;197;178m[48;2;197;197;178m▀[0m[38;2;197;197;178m[48;2;197;197;178m▀[0m[38;2;197;197;178m[48;2;197;197;178m▀[0m[38;2;197;197;178m[48;2;66;65;66m▀[0m[38;2;197;197;178m[48;2;66;65;66m▀[0m[38;2;197;197;178m[48;2;66;65;66m▀[0m[38;2;197;197;178m[48;2;60;63;63m▀[0m[38;2;197;197;178m[48;2;8;0;0m▀[0m[38;2;0;0;0m▀[38;2;0;0;0m▀[38;2;0;0;0m▀        
             [38;2;0;0;0m▀[38;2;0;0;0m▀[38;2;197;197;178m[48;2;0;0;0m▀[0m[38;2;197;197;178m[48;2;0;0;0m▀[0m[38;2;197;197;178m[48;2;197;197;178m▀[0m[38;2;197;197;178m[48;2;94;133;212m▀[0m[38;2;197;197;178m[48;2;197;197;178m▀[0m[38;2;197;197;178m[48;2;197;197;178m▀[0m[38;2;197;197;178m[48;2;197;197;178m▀[0m[38;2;197;197;178m[48;2;197;197;178m▀[0m[38;2;147;70;77m[48;2;147;70;77m▀[0m[38;2;147;70;77m[48;2;197;197;178m▀[0m[38;2;197;197;178m[48;2;197;197;178m▀[0m[38;2;197;197;178m[48;2;197;197;178m▀[0m[38;2;197;197;178m[48;2;197;197;178m▀[0m[38;2;197;197;178m[48;2;0;0;0m▀[0m[38;2;197;197;178m[48;2;0;0;0m▀[0m[38;2;0;0;0m▀            
                 [38;2;0;0;0m▀[38;2;60;63;63m[48;2;8;0;0m▀[0m[38;2;60;63;63m[48;2;197;197;178m▀[0m[38;2;197;197;178m[48;2;66;65;66m▀[0m[38;2;197;197;178m[48;2;66;65;66m▀[0m[38;2;197;197;178m[48;2;66;65;66m▀[0m[38;2;197;197;178m[48;2;66;65;66m▀[0m[38;2;197;197;178m[48;2;60;63;63m▀[0m[38;2;197;197;178m[48;2;8;0;0m▀[0m[38;2;0;0;0m▀[38;2;0;0;0m▀               
                  [38;2;0;0;0m▀[38;2;197;197;178m[48;2;0;0;0m▀[0m[38;2;197;197;178m[48;2;197;197;178m▀[0m[38;2;66;65;66m[48;2;66;65;66m▀[0m[38;2;197;197;178m[48;2;197;197;178m▀[0m[38;2;197;197;178m[48;2;94;97;94m▀[0m[38;2;197;197;178m[48;2;197;197;178m▀[0m[38;2;0;0;0m[48;2;0;0;0m▀[0m                 
                    [38;2;0;0;0m▀[38;2;0;0;0m▀[38;2;200;200;182m[48;2;0;0;0m▀[0m[38;2;86;95;94m[48;2;0;0;0m▀[0m[38;2;197;197;178m[48;2;0;0;0m▀[0m[38;2;0;0;0m▀                 
                                     [0m                                     