                        [38;2;0;0;0m▄[38;2;0;0;0m▄[38;2;0;0;0m[48;2;255;231;49m▀[0m[38;2;0;0;0m[48;2;255;231;49m▀[0m[38;2;0;0;0m[48;2;0;0;0m▀[0m 
                  [38;2;0;0;0m▄[38;2;0;0;0m▄ [38;2;0;0;0m▄[38;2;0;0;0m▄[38;2;0;0;0m[48;2;231;219;99m▀[0m[38;2;231;219;99m[48;2;231;219;99m▀[0m[38;2;255;231;49m[48;2;255;231;49m▀[0m[38;2;255;231;49m[48;2;255;231;49m▀[0m[38;2;0;0;0m[48;2;0;0;0m▀[0m  
                 [38;2;0;0;0m[48;2;0;0;0m▀[0m[38;2;240;215;198m[48;2;240;215;198m▀[0m[38;2;240;215;198m[48;2;240;215;198m▀[0m[38;2;0;0;0m[48;2;240;215;198m▀[0m[38;2;239;214;197m[48;2;239;214;197m▀[0m[38;2;239;214;197m[48;2;239;214;197m▀[0m[38;2;239;214;197m[48;2;209;171;149m▀[0m[38;2;239;214;197m[48;2;209;171;149m▀[0m[38;2;247;227;99m[48;2;164;151;71m▀[0m[38;2;0;0;16m[48;2;0;0;16m▀[0m   
   [38;2;0;0;0m▄[38;2;0;0;0m▄  [38;2;0;0;0m▄[38;2;0;0;0m▄[38;2;0;0;0m[48;2;240;215;198m▀[0m[38;2;0;0;0m[48;2;240;215;198m▀[0m[38;2;0;0;0m[48;2;240;215;198m▀[0m[38;2;0;0;0m[48;2;240;215;198m▀[0m[38;2;0;0;0m[48;2;240;215;198m▀[0m[38;2;0;0;0m▄[38;2;0;0;0m▄[38;2;0;0;0m[48;2;0;0;0m▀[0m[38;2;209;171;149m[48;2;209;171;149m▀[0m[38;2;240;215;198m[48;2;209;171;149m▀[0m[38;2;240;215;198m[48;2;66;65;66m▀[0m[38;2;240;215;198m[48;2;210;172;150m▀[0m[38;2;240;215;198m[48;2;209;171;149m▀[0m[38;2;209;171;149m[48;2;209;171;149m▀[0m[38;2;210;172;150m[48;2;210;172;150m▀[0m[38;2;210;172;150m[48;2;0;0;0m▀[0m[38;2;0;0;0m▀    
 [38;2;0;0;0m▄[38;2;0;0;0m[48;2;255;255;255m▀[0m[38;2;255;255;255m[48;2;255;255;255m▀[0m[38;2;238;213;196m[48;2;255;255;255m▀[0m[38;2;0;0;0m[48;2;63;63;63m▀[0m[38;2;0;0;0m[48;2;240;215;198m▀[0m[38;2;239;214;197m[48;2;239;214;197m▀[0m[38;2;239;214;197m[48;2;239;214;197m▀[0m[38;2;240;215;198m[48;2;240;215;198m▀[0m[38;2;240;215;198m[48;2;66;65;66m▀[0m[38;2;66;65;66m[48;2;255;255;255m▀[0m[38;2;66;65;66m[48;2;255;255;255m▀[0m[38;2;66;65;66m[48;2;255;255;255m▀[0m[38;2;240;216;199m[48;2;66;65;66m▀[0m[38;2;240;215;198m[48;2;240;215;198m▀[0m[38;2;66;65;66m[48;2;240;215;198m▀[0m[38;2;66;69;66m[48;2;244;223;207m▀[0m[38;2;196;155;128m[48;2;0;4;0m▀[0m[38;2;0;0;0m▀[38;2;0;0;0m▀[38;2;210;172;150m[48;2;0;0;0m▀[0m[38;2;210;172;150m[48;2;0;0;0m▀[0m[38;2;0;0;0m▀      
 [38;2;0;0;0m[48;2;0;0;0m▀[0m[38;2;255;255;255m[48;2;255;255;255m▀[0m[38;2;238;213;196m[48;2;238;213;196m▀[0m[38;2;255;255;255m[48;2;255;255;255m▀[0m[38;2;209;171;149m[48;2;209;171;149m▀[0m[38;2;239;214;197m[48;2;239;214;197m▀[0m[38;2;239;214;197m[48;2;239;214;197m▀[0m[38;2;239;214;197m[48;2;239;214;197m▀[0m[38;2;66;65;66m[48;2;66;65;66m▀[0m[38;2;255;255;255m[48;2;255;255;255m▀[0m[38;2;255;255;255m[48;2;209;171;149m▀[0m[38;2;209;171;149m[48;2;209;171;149m▀[0m[38;2;255;255;255m[48;2;255;255;255m▀[0m[38;2;255;255;255m[48;2;255;255;255m▀[0m[38;2;66;65;66m[48;2;66;65;66m▀[0m[38;2;240;215;198m[48;2;240;215;198m▀[0m[38;2;239;214;197m[48;2;239;214;197m▀[0m[38;2;239;214;197m[48;2;239;214;197m▀[0m[38;2;0;0;0m[48;2;0;0;0m▀[0m          
  [38;2;0;0;0m[48;2;0;0;0m▀[0m[38;2;255;255;255m[48;2;255;255;255m▀[0m[38;2;255;255;255m[48;2;255;255;255m▀[0m[38;2;255;255;255m[48;2;255;255;255m▀[0m[38;2;238;213;196m[48;2;255;255;255m▀[0m[38;2;238;213;196m[48;2;255;255;255m▀[0m[38;2;238;213;196m[48;2;255;255;255m▀[0m[38;2;255;255;255m[48;2;255;255;255m▀[0m[38;2;255;255;255m[48;2;255;255;255m▀[0m[38;2;209;171;149m[48;2;255;255;255m▀[0m[38;2;255;255;255m[48;2;252;235;224m▀[0m[38;2;255;255;255m[48;2;240;218;202m▀[0m[38;2;255;255;255m[48;2;74;69;66m▀[0m[38;2;66;65;66m[48;2;240;215;198m▀[0m[38;2;240;215;198m[48;2;240;215;198m▀[0m[38;2;240;215;198m[48;2;255;231;49m▀[0m[38;2;255;231;49m[48;2;255;231;49m▀[0m[38;2;255;231;49m[48;2;255;231;49m▀[0m[38;2;0;0;0m[48;2;0;0;0m▀[0m         
 [38;2;0;4;0m[48;2;0;4;0m▀[0m[38;2;227;198;178m[48;2;255;255;255m▀[0m[38;2;255;255;255m[48;2;0;0;0m▀[0m[38;2;0;0;0m[48;2;0;0;0m▀[0m[38;2;255;255;255m[48;2;255;255;255m▀[0m[38;2;255;255;255m[48;2;255;255;255m▀[0m[38;2;255;255;255m[48;2;255;255;255m▀[0m[38;2;255;255;255m[48;2;255;255;255m▀[0m[38;2;255;255;255m[48;2;0;0;0m▀[0m[38;2;255;255;255m[48;2;255;255;255m▀[0m[38;2;255;255;255m[48;2;255;255;255m▀[0m[38;2;255;255;255m[48;2;255;255;255m▀[0m[38;2;66;65;66m[48;2;255;255;255m▀[0m[38;2;240;216;199m[48;2;240;216;199m▀[0m[38;2;239;214;197m[48;2;239;214;197m▀[0m[38;2;239;214;197m[48;2;239;214;197m▀[0m[38;2;239;214;197m[48;2;239;214;197m▀[0m[38;2;239;214;197m[48;2;239;214;197m▀[0m[38;2;255;231;49m[48;2;240;215;198m▀[0m[38;2;240;215;198m[48;2;240;215;198m▀[0m[38;2;0;0;0m[48;2;0;0;0m▀[0m        
 [38;2;8;4;0m[48;2;8;4;0m▀[0m[38;2;255;255;198m[48;2;172;171;132m▀[0m[38;2;8;4;8m[48;2;255;255;255m▀[0m[38;2;172;171;172m[48;2;172;171;172m▀[0m[38;2;8;4;8m[48;2;255;255;255m▀[0m[38;2;172;171;172m[48;2;255;255;255m▀[0m[38;2;255;255;255m[48;2;255;255;255m▀[0m[38;2;0;0;0m[48;2;0;0;0m▀[0m[38;2;57;60;57m[48;2;156;155;156m▀[0m[38;2;255;254;253m[48;2;255;254;253m▀[0m[38;2;255;255;255m[48;2;247;215;41m▀[0m[38;2;255;255;255m[48;2;247;215;41m▀[0m[38;2;255;255;255m[48;2;255;255;255m▀[0m[38;2;255;255;255m[48;2;255;255;255m▀[0m[38;2;239;214;197m[48;2;239;214;197m▀[0m[38;2;239;214;197m[48;2;239;214;197m▀[0m[38;2;239;214;197m[48;2;239;214;197m▀[0m[38;2;239;214;197m[48;2;239;214;197m▀[0m[38;2;240;215;198m[48;2;140;97;66m▀[0m[38;2;140;97;66m[48;2;140;97;66m▀[0m[38;2;0;0;0m[48;2;0;0;0m▀[0m        
 [38;2;0;0;0m▀[38;2;247;215;41m[48;2;0;0;0m▀[0m[38;2;255;255;255m[48;2;255;255;255m▀[0m[38;2;66;65;66m[48;2;255;255;255m▀[0m[38;2;255;255;255m[48;2;66;65;66m▀[0m[38;2;255;255;255m[48;2;66;65;66m▀[0m[38;2;66;65;66m[48;2;255;255;255m▀[0m[38;2;255;255;255m[48;2;255;255;255m▀[0m[38;2;255;255;255m[48;2;255;255;255m▀[0m[38;2;247;215;41m[48;2;247;215;41m▀[0m[38;2;255;231;49m[48;2;255;231;49m▀[0m[38;2;255;231;49m[48;2;255;231;49m▀[0m[38;2;247;215;41m[48;2;247;215;41m▀[0m[38;2;255;255;255m[48;2;255;255;255m▀[0m[38;2;238;213;196m[48;2;255;255;255m▀[0m[38;2;238;213;196m[48;2;238;213;196m▀[0m[38;2;239;214;197m[48;2;239;214;197m▀[0m[38;2;132;101;74m[48;2;173;138;118m▀[0m[38;2;140;97;66m[48;2;140;97;66m▀[0m[38;2;140;97;66m[48;2;0;0;0m▀[0m[38;2;0;0;0m▀        
  [38;2;0;0;0m[48;2;0;0;0m▀[0m[38;2;252;235;224m[48;2;255;255;255m▀[0m[38;2;255;255;255m[48;2;209;171;149m▀[0m[38;2;255;255;255m[48;2;255;255;255m▀[0m[38;2;255;255;255m[48;2;255;255;255m▀[0m[38;2;255;255;255m[48;2;255;255;255m▀[0m[38;2;255;255;255m[48;2;209;171;149m▀[0m[38;2;209;171;149m[48;2;255;255;255m▀[0m[38;2;255;255;255m[48;2;255;255;255m▀[0m[38;2;247;215;41m[48;2;255;255;255m▀[0m[38;2;247;215;41m[48;2;255;255;255m▀[0m[38;2;255;255;255m[48;2;255;255;255m▀[0m[38;2;255;255;255m[48;2;255;255;255m▀[0m[38;2;255;254;254m[48;2;253;235;225m▀[0m[38;2;236;210;193m[48;2;211;173;151m▀[0m[38;2;210;172;150m[48;2;210;172;150m▀[0m[38;2;210;172;150m[48;2;210;172;150m▀[0m[38;2;211;173;151m[48;2;0;0;0m▀[0m[38;2;0;0;0m▀         
   [38;2;0;0;0m▀[38;2;0;0;0m▀[38;2;255;254;253m[48;2;0;0;0m▀[0m[38;2;255;254;253m[48;2;85;83;85m▀[0m[38;2;255;255;255m[48;2;250;231;218m▀[0m[38;2;255;255;255m[48;2;250;231;218m▀[0m[38;2;66;65;66m[48;2;251;232;219m▀[0m[38;2;66;65;66m[48;2;251;232;219m▀[0m[38;2;255;255;255m[48;2;250;231;218m▀[0m[38;2;255;255;255m[48;2;250;231;218m▀[0m[38;2;250;231;218m[48;2;250;231;218m▀[0m[38;2;250;231;218m[48;2;250;231;218m▀[0m[38;2;251;234;223m[48;2;205;170;144m▀[0m[38;2;205;170;144m[48;2;0;0;0m▀[0m[38;2;211;173;151m[48;2;0;0;0m▀[0m[38;2;0;0;0m▀           
    [38;2;0;0;0m▀[38;2;210;172;150m[48;2;0;0;0m▀[0m[38;2;210;172;150m[48;2;0;0;0m▀[0m[38;2;211;173;151m[48;2;0;0;0m▀[0m[38;2;0;0;0m▀[38;2;0;0;0m▀[38;2;0;0;0m[48;2;0;0;0m▀[0m[38;2;71;71;68m[48;2;251;232;219m▀[0m[38;2;205;165;141m[48;2;251;232;219m▀[0m[38;2;206;168;141m[48;2;251;233;220m▀[0m[38;2;71;71;71m[48;2;0;0;0m▀[0m[38;2;0;0;0m▀              
               [38;2;0;0;0m▀[38;2;0;0;0m▀[38;2;0;0;0m▀                     
                                     [0m                                     