    [38;2;0;0;0m▄[38;2;0;0;0m▄[38;2;0;0;0m[48;2;231;185;74m▀[0m[38;2;0;0;0m[48;2;241;196;82m▀[0m[38;2;0;0;0m[48;2;241;196;82m▀[0m[38;2;0;0;0m▄[38;2;0;0;0m▄                     
  [38;2;0;0;0m▄[38;2;0;0;0m[48;2;241;198;82m▀[0m[38;2;239;197;82m[48;2;241;198;82m▀[0m[38;2;231;185;74m[48;2;241;198;82m▀[0m[38;2;231;185;74m[48;2;241;198;82m▀[0m[38;2;214;161;66m[48;2;239;197;82m▀[0m[38;2;214;161;66m[48;2;239;197;82m▀[0m[38;2;239;197;82m[48;2;239;197;82m▀[0m[38;2;239;197;82m[48;2;239;197;82m▀[0m[38;2;0;0;0m[48;2;0;0;0m▀[0m                    
 [38;2;0;0;0m▄[38;2;0;0;0m[48;2;239;197;82m▀[0m[38;2;241;198;82m[48;2;241;198;82m▀[0m[38;2;241;198;82m[48;2;241;198;82m▀[0m[38;2;241;198;82m[48;2;241;198;82m▀[0m[38;2;241;198;82m[48;2;241;198;82m▀[0m[38;2;239;197;82m[48;2;154;124;54m▀[0m[38;2;148;116;57m[48;2;231;187;82m▀[0m[38;2;148;116;57m[48;2;231;187;82m▀[0m[38;2;239;197;82m[48;2;154;124;54m▀[0m[38;2;214;161;66m[48;2;214;161;66m▀[0m[38;2;0;0;0m[48;2;0;0;0m▀[0m     [38;2;0;0;0m▄[38;2;0;0;0m▄[38;2;0;0;0m▄[38;2;0;0;0m▄          
 [38;2;0;0;0m[48;2;0;0;8m▀[0m[38;2;239;197;82m[48;2;142;122;74m▀[0m[38;2;241;198;82m[48;2;239;197;82m▀[0m[38;2;241;198;82m[48;2;239;197;82m▀[0m[38;2;241;198;82m[48;2;241;198;82m▀[0m[38;2;241;198;82m[48;2;241;198;82m▀[0m[38;2;154;124;54m[48;2;0;0;0m▀[0m[38;2;0;0;0m[48;2;239;193;82m▀[0m[38;2;0;0;0m[48;2;239;197;82m▀[0m[38;2;154;124;54m[48;2;148;116;57m▀[0m[38;2;214;161;66m[48;2;214;161;66m▀[0m[38;2;0;0;0m[48;2;0;12;16m▀[0m [38;2;0;0;0m▄[38;2;0;0;0m[48;2;201;160;162m▀[0m[38;2;0;0;0m[48;2;201;160;162m▀[0m[38;2;0;0;0m[48;2;202;160;162m▀[0m[38;2;202;160;162m[48;2;173;124;126m▀[0m[38;2;202;160;162m[48;2;88;44;46m▀[0m[38;2;202;160;162m[48;2;88;44;46m▀[0m[38;2;202;160;162m[48;2;173;124;126m▀[0m[38;2;0;0;0m[48;2;138;92;94m▀[0m[38;2;0;0;0m[48;2;201;158;160m▀[0m[38;2;0;0;0m[48;2;201;158;160m▀[0m[38;2;0;0;0m▄      
 [38;2;0;0;8m▀[38;2;214;186;107m[48;2;0;0;0m▀[0m[38;2;239;197;82m[48;2;231;181;74m▀[0m[38;2;138;92;94m[48;2;231;181;74m▀[0m[38;2;241;198;82m[48;2;142;111;52m▀[0m[38;2;241;198;82m[48;2;142;111;52m▀[0m[38;2;239;193;82m[48;2;148;112;57m▀[0m[38;2;159;128;54m[48;2;247;194;74m▀[0m[38;2;148;116;57m[48;2;239;197;82m▀[0m[38;2;239;197;82m[48;2;210;159;61m▀[0m[38;2;214;161;66m[48;2;214;161;66m▀[0m[38;2;71;47;32m[48;2;88;44;46m▀[0m[38;2;0;0;0m[48;2;173;124;126m▀[0m[38;2;202;160;162m[48;2;202;160;162m▀[0m[38;2;201;160;162m[48;2;138;92;94m▀[0m[38;2;201;160;162m[48;2;138;92;94m▀[0m[38;2;138;92;94m[48;2;201;160;162m▀[0m[38;2;202;160;162m[48;2;201;160;162m▀[0m[38;2;202;160;162m[48;2;201;158;160m▀[0m[38;2;170;122;124m[48;2;138;92;94m▀[0m[38;2;202;160;162m[48;2;201;158;160m▀[0m[38;2;202;160;162m[48;2;201;158;160m▀[0m[38;2;138;92;94m[48;2;201;160;162m▀[0m[38;2;138;92;94m[48;2;201;160;162m▀[0m[38;2;202;160;162m[48;2;138;92;94m▀[0m[38;2;0;0;0m[48;2;138;92;94m▀[0m[38;2;0;0;0m▄    
   [38;2;0;0;0m▀[38;2;0;0;0m▀[38;2;0;4;8m▀[38;2;214;167;74m[48;2;0;0;0m▀[0m[38;2;214;167;68m[48;2;211;160;63m▀[0m[38;2;214;167;68m[48;2;211;160;63m▀[0m[38;2;210;159;61m[48;2;211;160;63m▀[0m[38;2;210;159;61m[48;2;211;160;63m▀[0m[38;2;214;161;66m[48;2;211;160;63m▀[0m[38;2;88;44;46m[48;2;211;160;63m▀[0m[38;2;173;124;126m[48;2;88;44;46m▀[0m[38;2;138;92;94m[48;2;231;97;90m▀[0m[38;2;231;97;90m[48;2;88;44;46m▀[0m[38;2;138;92;94m[48;2;174;124;126m▀[0m[38;2;201;160;162m[48;2;201;160;162m▀[0m[38;2;201;160;162m[48;2;201;160;162m▀[0m[38;2;201;158;160m[48;2;115;85;84m▀[0m[38;2;138;92;94m[48;2;231;101;90m▀[0m[38;2;138;92;94m[48;2;231;101;90m▀[0m[38;2;201;158;160m[48;2;115;85;84m▀[0m[38;2;201;160;162m[48;2;202;160;162m▀[0m[38;2;201;160;162m[48;2;174;124;126m▀[0m[38;2;138;92;94m[48;2;176;124;126m▀[0m[38;2;231;97;90m[48;2;90;46;47m▀[0m[38;2;0;0;0m[48;2;138;92;94m▀[0m[38;2;0;0;0m▄   
      [38;2;0;0;0m[48;2;0;0;0m▀[0m[38;2;211;160;63m[48;2;211;160;63m▀[0m[38;2;211;160;63m[48;2;211;160;63m▀[0m[38;2;211;160;63m[48;2;214;161;66m▀[0m[38;2;211;160;63m[48;2;214;161;66m▀[0m[38;2;211;160;63m[48;2;214;161;66m▀[0m[38;2;211;160;63m[48;2;138;93;95m▀[0m[38;2;88;44;46m[48;2;95;47;48m▀[0m[38;2;88;44;46m[48;2;159;112;84m▀[0m[38;2;174;124;126m[48;2;174;124;126m▀[0m[38;2;174;124;126m[48;2;174;124;126m▀[0m[38;2;174;124;126m[48;2;174;123;125m▀[0m[38;2;174;124;126m[48;2;138;92;94m▀[0m[38;2;57;77;82m[48;2;174;124;126m▀[0m[38;2;231;101;90m[48;2;88;44;46m▀[0m[38;2;231;101;90m[48;2;90;46;47m▀[0m[38;2;57;77;82m[48;2;176;124;126m▀[0m[38;2;174;124;126m[48;2;138;92;94m▀[0m[38;2;174;124;126m[48;2;174;123;125m▀[0m[38;2;137;89;91m[48;2;138;92;94m▀[0m[38;2;176;124;126m[48;2;174;123;125m▀[0m[38;2;138;92;94m[48;2;138;93;95m▀[0m[38;2;93;48;50m[48;2;138;93;95m▀[0m[38;2;0;0;0m[48;2;138;93;95m▀[0m[38;2;0;0;0m[48;2;0;0;0m▀[0m 
      [38;2;0;0;0m▀[38;2;211;160;63m[48;2;0;4;8m▀[0m[38;2;211;160;63m[48;2;176;83;87m▀[0m[38;2;214;161;66m[48;2;138;93;95m▀[0m[38;2;138;93;95m[48;2;138;93;95m▀[0m[38;2;138;93;95m[48;2;211;160;63m▀[0m[38;2;138;93;95m[48;2;211;160;63m▀[0m[38;2;206;169;90m[48;2;214;161;66m▀[0m[38;2;95;47;48m[48;2;88;44;46m▀[0m[38;2;88;44;46m[48;2;174;124;126m▀[0m[38;2;174;124;126m[48;2;88;44;46m▀[0m[38;2;138;92;94m[48;2;174;124;126m▀[0m[38;2;174;123;125m[48;2;174;124;126m▀[0m[38;2;174;124;126m[48;2;88;44;46m▀[0m[38;2;174;124;126m[48;2;88;44;46m▀[0m[38;2;137;89;91m[48;2;88;44;46m▀[0m[38;2;176;124;126m[48;2;174;124;126m▀[0m[38;2;174;123;125m[48;2;174;124;126m▀[0m[38;2;138;92;94m[48;2;88;44;46m▀[0m[38;2;174;123;125m[48;2;88;44;46m▀[0m[38;2;138;92;94m[48;2;88;44;46m▀[0m[38;2;88;44;46m[48;2;182;126;128m▀[0m[38;2;88;44;46m[48;2;182;126;128m▀[0m[38;2;138;93;95m[48;2;0;0;0m▀[0m[38;2;0;0;0m▀ 
       [38;2;0;4;8m[48;2;0;8;16m▀[0m[38;2;198;162;90m[48;2;103;35;38m▀[0m[38;2;214;161;66m[48;2;214;161;66m▀[0m[38;2;214;161;66m[48;2;214;161;66m▀[0m[38;2;211;160;63m[48;2;211;160;63m▀[0m[38;2;211;160;63m[48;2;211;160;63m▀[0m[38;2;214;161;66m[48;2;211;160;63m▀[0m[38;2;214;161;66m[48;2;211;160;63m▀[0m[38;2;88;44;46m[48;2;214;164;57m▀[0m[38;2;174;124;126m[48;2;93;45;47m▀[0m[38;2;88;44;46m[48;2;174;124;126m▀[0m[38;2;88;44;46m[48;2;174;124;126m▀[0m[38;2;174;124;126m[48;2;88;44;46m▀[0m[38;2;174;124;126m[48;2;88;44;46m▀[0m[38;2;174;124;126m[48;2;95;43;45m▀[0m[38;2;88;44;46m[48;2;190;116;120m▀[0m[38;2;88;44;46m[48;2;174;126;128m▀[0m[38;2;174;124;126m[48;2;88;44;46m▀[0m[38;2;174;124;126m[48;2;88;44;46m▀[0m[38;2;174;124;126m[48;2;88;44;46m▀[0m[38;2;122;48;52m[48;2;148;117;57m▀[0m[38;2;141;73;76m[48;2;148;117;57m▀[0m[38;2;0;0;0m[48;2;132;113;66m▀[0m[38;2;0;0;0m▄ 
      [38;2;0;0;0m[48;2;0;0;0m▀[0m[38;2;148;118;66m[48;2;148;116;57m▀[0m[38;2;148;118;66m[48;2;148;116;57m▀[0m[38;2;88;44;46m[48;2;140;120;90m▀[0m[38;2;214;161;66m[48;2;112;50;52m▀[0m[38;2;211;160;63m[48;2;102;28;32m▀[0m[38;2;211;160;63m[48;2;214;163;74m▀[0m[38;2;211;160;63m[48;2;214;161;66m▀[0m[38;2;211;160;63m[48;2;214;161;66m▀[0m[38;2;142;115;60m[48;2;153;117;54m▀[0m[38;2;214;164;57m[48;2;200;158;68m▀[0m[38;2;88;44;46m[48;2;210;159;61m▀[0m[38;2;88;44;46m[48;2;210;159;61m▀[0m[38;2;148;116;57m[48;2;142;115;60m▀[0m[38;2;148;116;57m[48;2;142;115;60m▀[0m[38;2;115;106;87m[48;2;93;48;50m▀[0m[38;2;95;43;45m[48;2;138;92;94m▀[0m[38;2;88;44;46m[48;2;0;0;0m▀[0m[38;2;134;88;90m[48;2;88;44;46m▀[0m[38;2;88;44;46m[48;2;148;117;57m▀[0m[38;2;148;116;57m[48;2;139;93;95m▀[0m[38;2;148;117;57m[48;2;138;88;90m▀[0m[38;2;148;117;57m[48;2;138;88;90m▀[0m[38;2;88;75;44m[48;2;167;149;120m▀[0m[38;2;0;0;0m[48;2;8;0;0m▀[0m 
     [38;2;0;0;0m[48;2;8;0;0m▀[0m[38;2;138;93;95m[48;2;112;92;76m▀[0m[38;2;139;93;95m[48;2;148;116;57m▀[0m[38;2;139;93;95m[48;2;148;116;57m▀[0m[38;2;146;84;86m[48;2;127;112;82m▀[0m[38;2;146;84;86m[48;2;0;0;0m▀[0m[38;2;0;8;8m▀[38;2;0;8;8m▀[38;2;0;4;0m▀[38;2;142;108;44m[48;2;0;0;0m▀[0m[38;2;247;199;82m[48;2;138;92;94m▀[0m[38;2;247;199;82m[48;2;239;197;82m▀[0m[38;2;239;197;82m[48;2;239;197;82m▀[0m[38;2;210;159;61m[48;2;239;197;82m▀[0m[38;2;214;164;57m[48;2;187;95;99m▀[0m[38;2;93;45;47m[48;2;0;0;8m▀[0m[38;2;0;0;0m▀[38;2;0;0;0m▀ [38;2;0;0;0m[48;2;0;0;0m▀[0m[38;2;148;117;57m[48;2;138;93;95m▀[0m[38;2;148;117;57m[48;2;228;210;211m▀[0m[38;2;156;129;74m[48;2;138;93;95m▀[0m[38;2;206;156;49m[48;2;228;210;211m▀[0m[38;2;247;203;181m[48;2;138;93;95m▀[0m[38;2;8;0;0m[48;2;0;0;0m▀[0m 
     [38;2;8;0;0m▀[38;2;165;153;115m[48;2;0;0;0m▀[0m[38;2;131;119;107m[48;2;0;0;0m▀[0m[38;2;123;134;132m[48;2;0;0;0m▀[0m[38;2;127;112;82m[48;2;0;0;0m▀[0m[38;2;0;0;0m▀   [38;2;0;0;0m[48;2;0;0;0m▀[0m[38;2;239;197;82m[48;2;195;176;115m▀[0m[38;2;138;92;94m[48;2;195;176;115m▀[0m[38;2;138;92;94m[48;2;239;197;82m▀[0m[38;2;138;92;94m[48;2;239;197;82m▀[0m[38;2;214;186;107m[48;2;209;151;153m▀[0m[38;2;0;0;8m[48;2;8;0;0m▀[0m    [38;2;0;0;0m▀[38;2;0;0;0m▀[38;2;0;0;0m▀[38;2;0;0;0m▀[38;2;0;0;0m▀  
              [38;2;0;0;0m▀[38;2;255;252;252m[48;2;0;0;0m▀[0m[38;2;165;133;57m[48;2;0;0;0m▀[0m[38;2;239;197;82m[48;2;255;255;255m▀[0m[38;2;138;92;94m[48;2;0;0;0m▀[0m[38;2;255;243;244m[48;2;0;0;0m▀[0m[38;2;8;0;0m▀           
                                 [38;2;0;0;0m▀                               
                                     [0m                                     