                       [38;2;0;0;0m▄[38;2;0;0;0m[48;2;235;233;247m▀[0m[38;2;0;0;0m[48;2;233;234;247m▀[0m[38;2;0;0;0m[48;2;233;234;247m▀[0m[38;2;0;0;0m[48;2;235;233;247m▀[0m[38;2;0;0;0m▄       
                [38;2;0;0;0m▄[38;2;0;0;0m[48;2;126;103;195m▀[0m[38;2;0;0;0m▄  [38;2;0;0;0m▄[38;2;0;0;0m[48;2;229;232;247m▀[0m[38;2;235;233;247m[48;2;58;54;75m▀[0m[38;2;235;233;247m[48;2;225;218;255m▀[0m[38;2;233;234;247m[48;2;235;233;247m▀[0m[38;2;233;234;247m[48;2;235;233;247m▀[0m[38;2;235;233;247m[48;2;65;64;65m▀[0m[38;2;235;233;247m[48;2;235;233;247m▀[0m[38;2;0;0;0m[48;2;32;32;32m▀[0m [38;2;0;0;0m▄[38;2;0;0;0m[48;2;235;233;247m▀[0m[38;2;0;0;0m▄  
                [38;2;0;0;0m[48;2;0;0;0m▀[0m[38;2;126;103;195m[48;2;126;105;197m▀[0m[38;2;0;0;0m[48;2;126;105;197m▀[0m[38;2;0;0;0m▄[38;2;0;0;0m▄[38;2;0;0;0m[48;2;65;64;65m▀[0m[38;2;75;76;82m[48;2;65;64;65m▀[0m[38;2;141;135;166m[48;2;126;103;197m▀[0m[38;2;58;54;75m[48;2;65;64;65m▀[0m[38;2;235;233;247m[48;2;235;233;247m▀[0m[38;2;65;64;65m[48;2;65;64;65m▀[0m[38;2;235;233;247m[48;2;235;233;247m▀[0m[38;2;235;233;247m[48;2;235;233;247m▀[0m[38;2;235;233;247m[48;2;65;64;65m▀[0m[38;2;32;32;32m[48;2;235;233;247m▀[0m[38;2;235;233;247m[48;2;234;229;238m▀[0m[38;2;235;233;247m[48;2;65;64;65m▀[0m[38;2;0;0;0m[48;2;0;0;0m▀[0m  
                [38;2;0;0;0m[48;2;0;0;0m▀[0m[38;2;126;105;197m[48;2;65;64;65m▀[0m[38;2;126;105;197m[48;2;65;64;65m▀[0m[38;2;68;86;46m[48;2;141;187;86m▀[0m[38;2;138;174;92m[48;2;141;187;86m▀[0m[38;2;65;64;65m[48;2;68;73;56m▀[0m[38;2;126;103;197m[48;2;157;148;165m▀[0m[38;2;126;103;197m[48;2;157;148;165m▀[0m[38;2;65;64;65m[48;2;68;73;56m▀[0m[38;2;235;233;247m[48;2;179;174;180m▀[0m[38;2;235;233;247m[48;2;234;229;238m▀[0m[38;2;65;64;65m[48;2;235;233;247m▀[0m[38;2;65;64;65m[48;2;235;233;247m▀[0m[38;2;235;233;247m[48;2;180;171;174m▀[0m[38;2;235;233;247m[48;2;180;171;174m▀[0m[38;2;65;64;65m[48;2;180;172;171m▀[0m[38;2;177;174;180m[48;2;180;172;171m▀[0m[38;2;0;0;0m[48;2;0;0;0m▀[0m  
           [38;2;0;1;8m▄[38;2;0;1;8m▄[38;2;0;7;16m▄[38;2;0;0;0m[48;2;195;151;99m▀[0m[38;2;0;0;0m[48;2;56;73;62m▀[0m[38;2;138;185;83m[48;2;159;151;93m▀[0m[38;2;141;187;86m[48;2;141;186;83m▀[0m[38;2;141;187;86m[48;2;141;186;83m▀[0m[38;2;141;187;86m[48;2;88;111;53m▀[0m[38;2;141;187;86m[48;2;141;186;83m▀[0m[38;2;131;123;131m[48;2;138;189;83m▀[0m[38;2;68;73;56m[48;2;138;189;83m▀[0m[38;2;68;73;56m[48;2;141;186;83m▀[0m[38;2;131;123;131m[48;2;141;186;83m▀[0m[38;2;65;62;56m[48;2;141;187;86m▀[0m[38;2;179;174;180m[48;2;65;64;65m▀[0m[38;2;180;172;171m[48;2;65;64;65m▀[0m[38;2;180;172;171m[48;2;65;64;65m▀[0m[38;2;180;171;174m[48;2;180;172;171m▀[0m[38;2;180;171;174m[48;2;180;172;171m▀[0m[38;2;180;172;171m[48;2;180;171;174m▀[0m[38;2;0;0;0m[48;2;180;171;174m▀[0m[38;2;0;0;0m▄[38;2;0;0;0m▄ 
       [38;2;0;0;0m▄[38;2;0;0;0m▄[38;2;0;0;0m[48;2;65;64;65m▀[0m[38;2;0;0;0m[48;2;91;71;148m▀[0m[38;2;122;93;94m[48;2;98;82;146m▀[0m[38;2;183;140;136m[48;2;51;43;73m▀[0m[38;2;195;151;99m[48;2;0;0;0m▀[0m[38;2;64;55;44m[48;2;65;64;65m▀[0m[38;2;255;223;122m[48;2;255;205;131m▀[0m[38;2;56;73;62m[48;2;65;64;65m▀[0m[38;2;141;186;83m[48;2;138;189;83m▀[0m[38;2;88;111;53m[48;2;91;109;65m▀[0m[38;2;141;186;83m[48;2;131;137;119m▀[0m[38;2;141;186;83m[48;2;68;77;55m▀[0m[38;2;68;69;56m[48;2;255;207;139m▀[0m[38;2;91;109;65m[48;2;255;207;139m▀[0m[38;2;88;111;53m[48;2;141;187;86m▀[0m[38;2;141;186;83m[48;2;141;187;86m▀[0m[38;2;141;187;86m[48;2;65;64;65m▀[0m[38;2;65;64;65m[48;2;141;187;86m▀[0m[38;2;141;187;86m[48;2;65;64;65m▀[0m[38;2;141;187;86m[48;2;107;147;59m▀[0m[38;2;65;64;65m[48;2;0;0;0m▀[0m[38;2;180;172;171m[48;2;180;172;171m▀[0m[38;2;180;171;174m[48;2;180;172;171m▀[0m[38;2;180;171;174m[48;2;0;0;0m▀[0m[38;2;180;172;171m[48;2;0;0;0m▀[0m[38;2;0;0;0m▀ 
     [38;2;0;3;16m▄[38;2;0;0;0m[48;2;77;63;62m▀[0m[38;2;186;154;100m[48;2;200;162;102m▀[0m[38;2;186;154;100m[48;2;74;70;64m▀[0m[38;2;65;64;65m[48;2;90;70;153m▀[0m[38;2;91;71;148m[48;2;0;0;0m▀[0m[38;2;1;4;0m▀[38;2;1;4;0m▀[38;2;0;0;0m▄[38;2;0;0;0m[48;2;246;247;255m▀[0m[38;2;255;205;131m[48;2;65;64;65m▀[0m[38;2;197;159;102m[48;2;65;64;65m▀[0m[38;2;68;69;56m[48;2;255;255;255m▀[0m[38;2;138;189;83m[48;2;65;64;65m▀[0m[38;2;68;77;55m[48;2;255;201;131m▀[0m[38;2;255;253;246m[48;2;197;156;102m▀[0m[38;2;189;153;98m[48;2;195;189;170m▀[0m[38;2;255;207;139m[48;2;75;65;55m▀[0m[38;2;65;64;65m[48;2;246;247;255m▀[0m[38;2;141;187;86m[48;2;65;64;65m▀[0m[38;2;141;187;86m[48;2;78;92;79m▀[0m[38;2;65;64;65m[48;2;78;92;79m▀[0m[38;2;107;147;59m[48;2;0;0;0m▀[0m[38;2;107;147;59m[48;2;65;64;65m▀[0m[38;2;0;0;0m[48;2;91;73;147m▀[0m[38;2;0;0;0m[48;2;0;0;0m▀[0m[38;2;0;0;0m▀    
   [38;2;0;0;0m▄[38;2;0;0;0m[48;2;91;73;147m▀[0m[38;2;156;123;105m[48;2;92;73;150m▀[0m[38;2;236;185;150m[48;2;255;207;139m▀[0m[38;2;137;117;83m[48;2;175;135;80m▀[0m[38;2;255;205;131m[48;2;255;201;131m▀[0m[38;2;0;0;0m[48;2;0;0;0m▀[0m  [38;2;0;0;0m[48;2;0;0;0m▀[0m[38;2;246;247;255m[48;2;229;232;247m▀[0m[38;2;246;247;255m[48;2;75;76;82m▀[0m[38;2;255;255;255m[48;2;243;242;255m▀[0m[38;2;255;255;255m[48;2;65;64;65m▀[0m[38;2;255;255;255m[48;2;68;77;55m▀[0m[38;2;255;255;255m[48;2;255;253;246m▀[0m[38;2;65;64;65m[48;2;255;255;255m▀[0m[38;2;65;64;65m[48;2;255;255;255m▀[0m[38;2;75;65;55m[48;2;237;243;246m▀[0m[38;2;255;251;230m[48;2;237;243;246m▀[0m[38;2;246;247;255m[48;2;230;238;229m▀[0m[38;2;246;247;255m[48;2;60;69;47m▀[0m[38;2;237;243;246m[48;2;65;64;65m▀[0m[38;2;3;16;0m[48;2;107;147;59m▀[0m[38;2;0;0;0m▄[38;2;0;0;0m▀[38;2;91;73;147m[48;2;0;0;0m▀[0m[38;2;91;73;147m[48;2;91;73;147m▀[0m[38;2;0;0;0m[48;2;0;0;0m▀[0m    
  [38;2;0;0;0m▄[38;2;0;0;0m[48;2;186;142;161m▀[0m[38;2;91;73;147m[48;2;42;35;102m▀[0m[38;2;92;73;150m[48;2;92;75;147m▀[0m[38;2;92;73;150m[48;2;92;75;147m▀[0m[38;2;255;201;131m[48;2;0;0;0m▀[0m[38;2;0;0;0m▀   [38;2;0;0;0m▄[38;2;0;0;0m[48;2;112;147;59m▀[0m[38;2;75;76;82m[48;2;0;0;0m▀[0m[38;2;243;242;255m[48;2;65;64;65m▀[0m[38;2;65;64;65m[48;2;141;187;86m▀[0m[38;2;131;137;119m[48;2;141;187;86m▀[0m[38;2;68;77;55m[48;2;65;64;65m▀[0m[38;2;233;235;247m[48;2;235;233;247m▀[0m[38;2;233;235;247m[48;2;65;64;65m▀[0m[38;2;65;64;65m[48;2;141;190;74m▀[0m[38;2;237;243;246m[48;2;65;62;56m▀[0m[38;2;60;69;47m[48;2;107;147;59m▀[0m[38;2;118;126;108m[48;2;107;147;59m▀[0m[38;2;107;147;59m[48;2;65;62;56m▀[0m[38;2;65;64;65m[48;2;138;185;83m▀[0m[38;2;65;64;65m[48;2;141;186;83m▀[0m[38;2;65;64;65m[48;2;126;103;195m▀[0m[38;2;0;0;0m[48;2;65;64;65m▀[0m[38;2;91;73;147m[48;2;91;71;148m▀[0m[38;2;65;64;65m[48;2;60;52;101m▀[0m[38;2;0;0;0m[48;2;195;147;99m▀[0m[38;2;0;0;0m▄  
 [38;2;0;0;0m▄[38;2;0;0;0m[48;2;131;106;203m▀[0m[38;2;105;90;125m[48;2;92;73;150m▀[0m[38;2;252;182;166m[48;2;255;207;139m▀[0m[38;2;49;42;73m[48;2;78;64;47m▀[0m[38;2;1;8;0m[48;2;0;1;8m▀[0m   [38;2;0;0;0m▄[38;2;0;0;0m[48;2;115;145;74m▀[0m[38;2;112;147;59m[48;2;65;62;56m▀[0m[38;2;112;147;59m[48;2;65;64;65m▀[0m[38;2;112;147;59m[48;2;65;64;65m▀[0m[38;2;65;64;65m[48;2;141;187;86m▀[0m[38;2;65;64;65m[48;2;141;187;86m▀[0m[38;2;65;64;65m[48;2;141;187;83m▀[0m[38;2;65;64;65m[48;2;108;149;59m▀[0m[38;2;235;233;247m[48;2;65;64;65m▀[0m[38;2;65;64;65m[48;2;65;64;65m▀[0m[38;2;116;148;68m[48;2;65;64;65m▀[0m[38;2;116;148;68m[48;2;65;64;65m▀[0m[38;2;107;147;59m[48;2;90;125;60m▀[0m[38;2;65;64;65m[48;2;111;125;104m▀[0m[38;2;115;145;74m[48;2;141;186;83m▀[0m[38;2;138;185;83m[48;2;141;186;83m▀[0m[38;2;126;103;195m[48;2;136;171;84m▀[0m[38;2;126;103;195m[48;2;115;90;196m▀[0m[38;2;91;71;148m[48;2;90;70;153m▀[0m[38;2;65;64;65m[48;2;78;92;63m▀[0m[38;2;113;89;112m[48;2;92;75;147m▀[0m[38;2;195;147;99m[48;2;49;42;73m▀[0m[38;2;0;0;0m[48;2;0;0;0m▀[0m  
 [38;2;0;0;0m[48;2;0;0;0m▀[0m[38;2;87;70;135m[48;2;91;73;147m▀[0m[38;2;255;207;139m[48;2;255;207;139m▀[0m[38;2;255;207;139m[48;2;162;126;76m▀[0m[38;2;158;127;85m[48;2;255;207;139m▀[0m[38;2;0;1;8m[48;2;0;0;0m▀[0m  [38;2;0;0;0m[48;2;0;0;0m▀[0m[38;2;112;147;59m[48;2;112;147;59m▀[0m[38;2;138;185;83m[48;2;141;186;83m▀[0m[38;2;138;185;83m[48;2;126;103;195m▀[0m[38;2;126;103;197m[48;2;126;103;195m▀[0m[38;2;126;103;197m[48;2;141;186;83m▀[0m[38;2;65;64;65m[48;2;65;64;65m▀[0m[38;2;141;187;86m[48;2;141;187;86m▀[0m[38;2;141;187;83m[48;2;141;187;86m▀[0m[38;2;141;187;83m[48;2;141;187;86m▀[0m[38;2;141;190;74m[48;2;126;103;195m▀[0m[38;2;116;148;71m[48;2;141;186;83m▀[0m[38;2;141;187;86m[48;2;141;187;86m▀[0m[38;2;65;64;65m[48;2;141;187;86m▀[0m[38;2;90;125;60m[48;2;65;64;65m▀[0m[38;2;139;124;193m[48;2;65;64;65m▀[0m[38;2;126;103;195m[48;2;141;187;83m▀[0m[38;2;141;186;83m[48;2;141;187;83m▀[0m[38;2;115;90;196m[48;2;146;201;90m▀[0m[38;2;128;117;159m[48;2;98;137;60m▀[0m[38;2;78;92;63m[48;2;65;64;65m▀[0m[38;2;78;92;63m[48;2;91;71;148m▀[0m[38;2;92;75;147m[48;2;91;73;147m▀[0m[38;2;1;8;0m[48;2;0;0;0m▀[0m   
 [38;2;0;0;0m[48;2;0;0;0m▀[0m[38;2;91;73;147m[48;2;87;70;135m▀[0m[38;2;255;207;139m[48;2;255;207;139m▀[0m[38;2;162;126;76m[48;2;255;207;139m▀[0m[38;2;255;207;139m[48;2;162;126;76m▀[0m[38;2;255;207;139m[48;2;255;207;139m▀[0m[38;2;0;0;0m[48;2;0;0;0m▀[0m  [38;2;0;0;0m[48;2;0;0;0m▀[0m[38;2;141;186;83m[48;2;65;64;65m▀[0m[38;2;141;186;83m[48;2;65;64;65m▀[0m[38;2;141;186;83m[48;2;68;77;55m▀[0m[38;2;141;186;83m[48;2;127;127;127m▀[0m[38;2;141;187;86m[48;2;141;190;74m▀[0m[38;2;65;64;65m[48;2;65;64;65m▀[0m[38;2;141;187;86m[48;2;138;185;83m▀[0m[38;2;141;187;86m[48;2;138;185;83m▀[0m[38;2;141;186;83m[48;2;141;187;86m▀[0m[38;2;126;103;195m[48;2;141;187;86m▀[0m[38;2;141;187;86m[48;2;141;186;83m▀[0m[38;2;141;187;86m[48;2;141;186;83m▀[0m[38;2;141;187;86m[48;2;127;105;197m▀[0m[38;2;141;187;86m[48;2;127;105;197m▀[0m[38;2;141;187;83m[48;2;109;123;91m▀[0m[38;2;108;149;59m[48;2;109;123;91m▀[0m[38;2;98;137;60m[48;2;0;0;0m▀[0m[38;2;1;8;0m▀[38;2;65;64;65m[48;2;0;0;0m▀[0m[38;2;91;71;148m[48;2;91;73;147m▀[0m[38;2;91;73;147m[48;2;0;0;0m▀[0m[38;2;0;0;0m▀   
 [38;2;0;0;0m[48;2;0;0;0m▀[0m[38;2;131;106;203m[48;2;126;103;195m▀[0m[38;2;92;73;150m[48;2;87;65;162m▀[0m[38;2;255;207;139m[48;2;255;204;148m▀[0m[38;2;255;207;139m[48;2;255;199;164m▀[0m[38;2;255;207;139m[48;2;0;3;16m▀[0m[38;2;0;0;0m▀[38;2;0;0;0m▄[38;2;0;0;0m[48;2;125;104;195m▀[0m[38;2;166;148;217m[48;2;164;147;218m▀[0m[38;2;166;148;217m[48;2;165;147;221m▀[0m[38;2;166;148;217m[48;2;165;147;221m▀[0m[38;2;181;176;198m[48;2;163;147;221m▀[0m[38;2;68;77;55m[48;2;163;147;221m▀[0m[38;2;65;64;65m[48;2;69;82;55m▀[0m[38;2;116;148;71m[48;2;97;95;98m▀[0m[38;2;65;62;56m[48;2;107;147;59m▀[0m[38;2;115;145;74m[48;2;65;64;65m▀[0m[38;2;141;187;86m[48;2;107;147;59m▀[0m[38;2;141;187;86m[48;2;107;147;59m▀[0m[38;2;126;103;195m[48;2;91;71;148m▀[0m[38;2;141;186;83m[48;2;91;71;148m▀[0m[38;2;92;73;150m[48;2;92;73;148m▀[0m[38;2;92;73;150m[48;2;92;73;148m▀[0m[38;2;109;123;91m[48;2;65;64;65m▀[0m[38;2;0;0;0m[48;2;180;172;171m▀[0m[38;2;1;4;0m▄[38;2;0;0;0m[48;2;60;59;57m▀[0m[38;2;91;73;147m[48;2;60;58;57m▀[0m[38;2;91;73;147m[48;2;0;0;0m▀[0m[38;2;0;0;0m▀    
  [38;2;0;0;0m[48;2;0;0;0m▀[0m[38;2;161;118;170m[48;2;126;105;197m▀[0m[38;2;87;65;162m[48;2;126;105;197m▀[0m[38;2;130;100;87m[48;2;126;105;197m▀[0m[38;2;0;3;16m[48;2;126;105;197m▀[0m[38;2;1;8;0m▄[38;2;0;0;0m[48;2;1;8;0m▀[0m[38;2;125;104;195m[48;2;126;105;197m▀[0m[38;2;125;104;195m[48;2;126;105;197m▀[0m[38;2;165;147;221m[48;2;93;80;138m▀[0m[38;2;165;147;221m[48;2;125;102;200m▀[0m[38;2;163;147;221m[48;2;126;105;197m▀[0m[38;2;126;103;195m[48;2;126;105;197m▀[0m[38;2;136;120;184m[48;2;126;103;197m▀[0m[38;2;69;82;55m[48;2;65;64;65m▀[0m[38;2;107;147;59m[48;2;65;64;65m▀[0m[38;2;107;147;59m[48;2;65;64;65m▀[0m[38;2;65;64;65m[48;2;107;147;59m▀[0m[38;2;65;64;65m[48;2;107;147;59m▀[0m[38;2;112;147;59m[48;2;65;64;65m▀[0m[38;2;112;147;59m[48;2;65;64;65m▀[0m[38;2;89;108;62m[48;2;65;64;65m▀[0m[38;2;89;108;62m[48;2;180;172;171m▀[0m[38;2;65;64;65m[48;2;179;174;180m▀[0m[38;2;180;172;171m[48;2;65;62;56m▀[0m[38;2;180;172;171m[48;2;65;64;65m▀[0m[38;2;180;172;171m[48;2;235;233;247m▀[0m[38;2;180;172;171m[48;2;180;172;171m▀[0m[38;2;0;0;0m[48;2;180;172;171m▀[0m[38;2;0;0;0m▄[38;2;0;0;0m▄[38;2;0;0;0m[48;2;180;172;171m▀[0m[38;2;0;0;0m▄ 
  [38;2;0;0;0m▀[38;2;126;105;197m[48;2;0;0;0m▀[0m[38;2;126;105;197m[48;2;126;103;195m▀[0m[38;2;126;105;197m[48;2;126;105;197m▀[0m[38;2;126;105;197m[48;2;126;105;197m▀[0m[38;2;131;111;194m[48;2;126;105;197m▀[0m[38;2;46;42;64m[48;2;126;105;197m▀[0m[38;2;126;105;197m[48;2;65;64;65m▀[0m[38;2;126;105;197m[48;2;126;103;197m▀[0m[38;2;125;102;200m[48;2;126;103;197m▀[0m[38;2;61;59;75m[48;2;65;64;65m▀[0m[38;2;126;105;197m[48;2;126;105;197m▀[0m[38;2;126;105;197m[48;2;126;105;197m▀[0m[38;2;126;103;197m[48;2;152;138;183m▀[0m[38;2;65;64;65m[48;2;65;64;65m▀[0m[38;2;180;172;171m[48;2;180;171;174m▀[0m[38;2;180;172;171m[48;2;180;171;174m▀[0m[38;2;65;64;65m[48;2;180;172;171m▀[0m[38;2;65;64;65m[48;2;180;172;171m▀[0m[38;2;180;172;171m[48;2;180;172;171m▀[0m[38;2;180;172;171m[48;2;180;172;171m▀[0m[38;2;65;64;65m[48;2;233;234;247m▀[0m[38;2;180;172;171m[48;2;233;234;247m▀[0m[38;2;179;174;180m[48;2;235;233;247m▀[0m[38;2;234;229;238m[48;2;180;172;171m▀[0m[38;2;235;233;247m[48;2;235;233;247m▀[0m[38;2;235;233;247m[48;2;235;233;247m▀[0m[38;2;235;233;247m[48;2;235;233;247m▀[0m[38;2;180;172;171m[48;2;180;172;171m▀[0m[38;2;180;172;171m[48;2;65;64;65m▀[0m[38;2;180;172;171m[48;2;0;0;0m▀[0m[38;2;0;0;0m▀  
    [38;2;0;0;0m▀[38;2;126;105;197m[48;2;0;0;0m▀[0m[38;2;126;105;197m[48;2;126;103;195m▀[0m[38;2;126;105;197m[48;2;126;103;195m▀[0m[38;2;126;105;197m[48;2;126;103;195m▀[0m[38;2;126;103;197m[48;2;126;105;197m▀[0m[38;2;65;64;65m[48;2;126;105;197m▀[0m[38;2;65;64;65m[48;2;126;105;197m▀[0m[38;2;126;103;197m[48;2;126;105;197m▀[0m[38;2;126;105;197m[48;2;126;103;197m▀[0m[38;2;126;105;197m[48;2;126;103;197m▀[0m[38;2;65;64;65m[48;2;65;64;65m▀[0m[38;2;152;138;183m[48;2;180;172;171m▀[0m[38;2;180;171;174m[48;2;180;172;171m▀[0m[38;2;180;171;174m[48;2;180;172;171m▀[0m[38;2;235;233;247m[48;2;233;234;247m▀[0m[38;2;235;233;247m[48;2;233;234;247m▀[0m[38;2;235;233;247m[48;2;233;234;247m▀[0m[38;2;235;233;247m[48;2;233;234;247m▀[0m[38;2;233;234;247m[48;2;233;234;247m▀[0m[38;2;233;234;247m[48;2;233;234;247m▀[0m[38;2;235;233;247m[48;2;235;233;247m▀[0m[38;2;235;233;247m[48;2;235;233;247m▀[0m[38;2;180;172;171m[48;2;180;171;174m▀[0m[38;2;235;233;247m[48;2;180;171;174m▀[0m[38;2;180;172;171m[48;2;180;172;171m▀[0m[38;2;180;172;171m[48;2;0;0;0m▀[0m[38;2;0;0;0m▀    
      [38;2;0;0;0m▀[38;2;0;0;0m▀[38;2;126;103;195m[48;2;0;0;0m▀[0m[38;2;126;105;197m[48;2;0;0;0m▀[0m[38;2;126;105;197m[48;2;126;103;195m▀[0m[38;2;126;105;197m[48;2;126;108;185m▀[0m[38;2;126;105;197m[48;2;63;55;92m▀[0m[38;2;126;103;197m[48;2;86;81;82m▀[0m[38;2;65;64;65m[48;2;172;163;164m▀[0m[38;2;180;172;171m[48;2;180;172;171m▀[0m[38;2;180;172;171m[48;2;180;172;171m▀[0m[38;2;180;172;171m[48;2;180;171;174m▀[0m[38;2;235;233;247m[48;2;180;171;174m▀[0m[38;2;233;234;247m[48;2;161;160;169m▀[0m[38;2;233;234;247m[48;2;243;242;255m▀[0m[38;2;233;234;247m[48;2;237;238;246m▀[0m[38;2;233;234;247m[48;2;237;238;246m▀[0m[38;2;233;234;247m[48;2;180;171;174m▀[0m[38;2;233;234;247m[48;2;180;171;174m▀[0m[38;2;235;233;247m[48;2;180;172;171m▀[0m[38;2;180;172;171m[48;2;180;172;171m▀[0m[38;2;180;171;174m[48;2;0;0;0m▀[0m[38;2;180;171;174m[48;2;0;0;0m▀[0m[38;2;0;0;0m▀      
          [38;2;0;0;0m▀[38;2;1;4;0m▀  [38;2;0;0;0m▀[38;2;0;0;0m▀[38;2;180;172;171m[48;2;0;0;0m▀[0m[38;2;180;171;174m[48;2;0;0;0m▀[0m[38;2;180;171;174m[48;2;0;0;0m▀[0m[38;2;0;0;0m▀[38;2;0;0;0m▀[38;2;8;3;0m▀[38;2;159;159;164m[48;2;0;0;0m▀[0m[38;2;180;171;174m[48;2;0;0;0m▀[0m[38;2;180;171;174m[48;2;0;0;0m▀[0m[38;2;180;172;171m[48;2;0;0;0m▀[0m[38;2;0;0;0m▀         
                                     [0m                                     