     [38;2;0;0;0m▄[38;2;0;0;0m[48;2;202;194;203m▀[0m[38;2;0;0;0m▄ [38;2;0;0;0m▄[38;2;0;0;0m[48;2;230;115;65m▀[0m[38;2;0;0;0m▄             
     [38;2;0;0;0m[48;2;0;0;0m▀[0m[38;2;249;249;249m[48;2;255;255;255m▀[0m[38;2;0;0;0m[48;2;202;194;203m▀[0m[38;2;0;0;0m▄[38;2;0;0;0m[48;2;168;155;170m▀[0m[38;2;230;115;65m[48;2;230;115;65m▀[0m[38;2;0;0;0m[48;2;0;0;0m▀[0m[38;2;0;0;0m▄[38;2;0;0;0m[48;2;202;194;203m▀[0m[38;2;0;0;0m▄     [38;2;0;0;0m▄ [38;2;0;0;0m▄  
     [38;2;0;0;0m[48;2;0;0;0m▀[0m[38;2;255;255;255m[48;2;249;249;249m▀[0m[38;2;249;249;249m[48;2;249;249;249m▀[0m[38;2;207;199;208m[48;2;168;155;170m▀[0m[38;2;180;74;57m[48;2;230;115;65m▀[0m[38;2;230;115;65m[48;2;180;74;57m▀[0m[38;2;207;199;208m[48;2;207;199;208m▀[0m[38;2;202;194;203m[48;2;255;255;255m▀[0m[38;2;249;249;249m[48;2;249;249;249m▀[0m[38;2;0;0;0m[48;2;0;0;0m▀[0m    [38;2;0;0;0m[48;2;0;0;0m▀[0m[38;2;202;194;203m[48;2;249;249;249m▀[0m[38;2;0;0;0m[48;2;202;194;203m▀[0m[38;2;202;194;203m[48;2;249;249;249m▀[0m[38;2;0;0;0m[48;2;0;0;0m▀[0m 
     [38;2;0;0;0m[48;2;0;0;0m▀[0m[38;2;207;199;208m[48;2;249;249;249m▀[0m[38;2;230;115;65m[48;2;168;155;170m▀[0m[38;2;180;74;57m[48;2;230;115;65m▀[0m[38;2;230;115;65m[48;2;230;115;65m▀[0m[38;2;168;155;170m[48;2;230;115;65m▀[0m[38;2;207;199;208m[48;2;230;115;65m▀[0m[38;2;255;255;255m[48;2;207;199;208m▀[0m[38;2;249;249;249m[48;2;249;249;249m▀[0m[38;2;0;0;0m[48;2;202;194;203m▀[0m[38;2;0;0;0m▄    [38;2;0;0;0m[48;2;0;0;0m▀[0m[38;2;249;249;249m[48;2;230;115;65m▀[0m[38;2;249;249;249m[48;2;230;115;65m▀[0m[38;2;0;0;0m[48;2;0;0;0m▀[0m 
  [38;2;0;0;0m▄[38;2;0;0;0m▄[38;2;0;0;0m[48;2;0;0;0m▀[0m[38;2;230;115;65m[48;2;93;92;101m▀[0m[38;2;230;115;65m[48;2;230;115;65m▀[0m[38;2;168;155;170m[48;2;230;115;65m▀[0m[38;2;230;115;65m[48;2;230;115;65m▀[0m[38;2;168;155;170m[48;2;230;115;65m▀[0m[38;2;207;199;208m[48;2;230;115;65m▀[0m[38;2;207;199;208m[48;2;230;115;65m▀[0m[38;2;207;199;208m[48;2;230;115;65m▀[0m[38;2;207;199;208m[48;2;230;115;65m▀[0m[38;2;249;249;249m[48;2;207;199;208m▀[0m[38;2;0;0;0m[48;2;0;0;0m▀[0m   [38;2;0;0;0m▄[38;2;0;0;0m[48;2;180;74;57m▀[0m[38;2;249;249;249m[48;2;180;74;57m▀[0m[38;2;0;0;0m[48;2;0;0;0m▀[0m  
 [38;2;0;0;0m▀[38;2;180;74;57m[48;2;0;0;0m▀[0m[38;2;180;74;57m[48;2;180;74;57m▀[0m[38;2;65;65;74m[48;2;65;65;74m▀[0m[38;2;205;189;49m[48;2;205;189;49m▀[0m[38;2;93;92;101m[48;2;93;92;101m▀[0m[38;2;230;115;65m[48;2;230;115;65m▀[0m[38;2;230;115;65m[48;2;93;92;101m▀[0m[38;2;230;115;65m[48;2;93;92;101m▀[0m[38;2;93;92;101m[48;2;0;0;0m▀[0m[38;2;93;92;101m[48;2;255;238;49m▀[0m[38;2;93;92;101m[48;2;255;238;49m▀[0m[38;2;207;199;208m[48;2;0;0;0m▀[0m[38;2;249;249;249m[48;2;249;249;249m▀[0m[38;2;0;0;0m[48;2;93;92;101m▀[0m[38;2;0;0;0m▄[38;2;0;0;0m▄[38;2;0;0;0m▄[38;2;0;0;0m[48;2;207;199;208m▀[0m[38;2;207;199;208m[48;2;168;155;170m▀[0m[38;2;0;0;0m[48;2;0;0;0m▀[0m   
 [38;2;0;0;0m▀[38;2;180;74;57m[48;2;0;0;0m▀[0m[38;2;180;74;57m[48;2;0;0;0m▀[0m[38;2;180;74;57m[48;2;0;0;0m▀[0m[38;2;65;65;74m[48;2;0;0;0m▀[0m[38;2;98;98;98m[48;2;197;197;197m▀[0m[38;2;98;98;98m[48;2;197;197;197m▀[0m[38;2;0;0;0m[48;2;180;74;57m▀[0m[38;2;255;238;49m[48;2;0;0;0m▀[0m[38;2;180;74;57m[48;2;255;238;49m▀[0m[38;2;255;238;49m[48;2;255;238;49m▀[0m[38;2;255;238;49m[48;2;0;0;0m▀[0m[38;2;0;0;0m[48;2;180;74;57m▀[0m[38;2;249;249;249m[48;2;230;115;65m▀[0m[38;2;93;92;101m[48;2;230;115;65m▀[0m[38;2;249;249;249m[48;2;93;92;101m▀[0m[38;2;249;249;249m[48;2;93;92;101m▀[0m[38;2;249;249;249m[48;2;249;249;249m▀[0m[38;2;207;199;208m[48;2;249;249;249m▀[0m[38;2;0;0;0m[48;2;0;0;0m▀[0m    
      [38;2;0;0;0m▀[38;2;230;115;65m[48;2;0;0;0m▀[0m[38;2;230;115;65m[48;2;0;0;0m▀[0m[38;2;180;74;57m[48;2;230;115;65m▀[0m[38;2;0;0;0m[48;2;230;115;65m▀[0m[38;2;0;0;0m[48;2;230;115;65m▀[0m[38;2;180;74;57m[48;2;230;115;65m▀[0m[38;2;230;115;65m[48;2;230;115;65m▀[0m[38;2;230;115;65m[48;2;230;115;65m▀[0m[38;2;230;115;65m[48;2;93;92;101m▀[0m[38;2;230;115;65m[48;2;93;92;101m▀[0m[38;2;230;115;65m[48;2;93;92;101m▀[0m[38;2;93;92;101m[48;2;230;115;65m▀[0m[38;2;230;115;65m[48;2;230;115;65m▀[0m[38;2;0;0;0m[48;2;0;0;0m▀[0m    
        [38;2;0;0;0m▄[38;2;0;0;0m[48;2;255;238;49m▀[0m[38;2;93;92;101m[48;2;205;189;49m▀[0m[38;2;93;92;101m[48;2;168;155;170m▀[0m[38;2;93;92;101m[48;2;230;115;65m▀[0m[38;2;93;92;101m[48;2;230;115;65m▀[0m[38;2;230;115;65m[48;2;93;92;101m▀[0m[38;2;230;115;65m[48;2;93;92;101m▀[0m[38;2;93;92;101m[48;2;180;74;57m▀[0m[38;2;180;74;57m[48;2;0;0;0m▀[0m[38;2;230;115;65m[48;2;0;0;0m▀[0m[38;2;230;115;65m[48;2;180;74;57m▀[0m[38;2;180;74;57m[48;2;207;199;208m▀[0m[38;2;0;0;0m[48;2;0;0;0m▀[0m   
        [38;2;0;0;0m▀[38;2;230;115;65m[48;2;0;0;0m▀[0m[38;2;255;238;49m[48;2;207;199;208m▀[0m[38;2;207;199;208m[48;2;180;74;57m▀[0m[38;2;230;115;65m[48;2;207;199;208m▀[0m[38;2;230;115;65m[48;2;230;115;65m▀[0m[38;2;230;115;65m[48;2;230;115;65m▀[0m[38;2;180;74;57m[48;2;0;0;0m▀[0m[38;2;0;0;0m▀ [38;2;0;0;0m▄[38;2;0;0;0m[48;2;180;74;57m▀[0m[38;2;207;199;208m[48;2;180;74;57m▀[0m[38;2;0;0;0m[48;2;0;0;0m▀[0m   
        [38;2;0;0;0m▄[38;2;0;0;0m[48;2;180;74;57m▀[0m[38;2;207;199;208m[48;2;180;74;57m▀[0m[38;2;168;155;170m[48;2;168;155;170m▀[0m[38;2;207;199;208m[48;2;207;199;208m▀[0m[38;2;249;249;249m[48;2;249;249;249m▀[0m[38;2;249;249;249m[48;2;249;249;249m▀[0m[38;2;0;0;0m[48;2;0;0;0m▀[0m   [38;2;0;0;0m▀[38;2;0;0;0m▀    
         [38;2;0;0;0m▀[38;2;0;0;0m▀[38;2;0;0;0m[48;2;0;0;0m▀[0m[38;2;230;115;65m[48;2;0;0;0m▀[0m[38;2;230;115;65m[48;2;0;0;0m▀[0m[38;2;0;0;0m▀          
                                     [0m                                     