          [38;2;0;4;0m▄[38;2;0;4;0m[48;2;239;174;107m▀[0m[38;2;0;4;0m▄         [38;2;0;4;0m▄[38;2;0;4;0m▄                
      [38;2;0;4;0m▄  [38;2;0;4;0m[48;2;0;4;0m▀[0m[38;2;203;136;104m[48;2;255;145;168m▀[0m[38;2;203;136;104m[48;2;251;109;138m▀[0m[38;2;0;4;0m[48;2;0;4;0m▀[0m      [38;2;0;4;0m▄[38;2;16;8;0m[48;2;255;211;221m▀[0m[38;2;16;8;0m[48;2;213;97;124m▀[0m[38;2;239;174;107m[48;2;239;174;107m▀[0m[38;2;239;174;107m[48;2;0;4;0m▀[0m[38;2;0;4;0m▀               
     [38;2;0;4;0m[48;2;0;4;0m▀[0m[38;2;164;125;126m[48;2;164;125;126m▀[0m[38;2;0;4;0m[48;2;164;125;126m▀[0m[38;2;0;0;8m[48;2;84;92;87m▀[0m[38;2;255;151;173m[48;2;84;92;87m▀[0m[38;2;255;174;192m[48;2;118;84;91m▀[0m[38;2;173;76;102m[48;2;118;84;91m▀[0m[38;2;0;4;0m[48;2;0;4;0m▀[0m    [38;2;0;4;0m▄[38;2;0;0;8m[48;2;84;92;87m▀[0m[38;2;255;151;173m[48;2;84;92;87m▀[0m[38;2;255;174;192m[48;2;75;83;77m▀[0m[38;2;255;174;192m[48;2;75;83;77m▀[0m[38;2;0;4;0m[48;2;84;92;87m▀[0m[38;2;0;4;0m▄  [38;2;0;4;0m▄[38;2;0;4;0m▄[38;2;0;4;0m▄[38;2;0;4;0m▄          
     [38;2;0;4;0m▀[38;2;79;87;81m[48;2;0;4;0m▀[0m[38;2;79;87;81m[48;2;79;87;81m▀[0m[38;2;75;83;77m[48;2;106;50;68m▀[0m[38;2;75;83;77m[48;2;75;83;77m▀[0m[38;2;75;83;77m[48;2;75;83;77m▀[0m[38;2;82;90;84m[48;2;82;90;84m▀[0m[38;2;82;90;84m[48;2;82;90;84m▀[0m[38;2;0;4;0m[48;2;0;4;0m▀[0m  [38;2;0;4;0m[48;2;0;4;0m▀[0m[38;2;76;84;78m[48;2;76;84;78m▀[0m[38;2;75;83;77m[48;2;75;83;77m▀[0m[38;2;75;83;77m[48;2;106;50;68m▀[0m[38;2;75;83;77m[48;2;75;83;77m▀[0m[38;2;75;83;77m[48;2;75;83;77m▀[0m[38;2;75;83;77m[48;2;75;83;77m▀[0m[38;2;75;83;77m[48;2;75;83;77m▀[0m[38;2;0;4;0m[48;2;255;174;192m▀[0m[38;2;0;4;0m[48;2;255;174;192m▀[0m[38;2;255;166;186m[48;2;255;166;186m▀[0m[38;2;181;158;115m[48;2;251;109;138m▀[0m[38;2;247;174;115m[48;2;167;117;79m▀[0m[38;2;247;174;115m[48;2;8;4;8m▀[0m[38;2;0;4;0m▀         
      [38;2;0;4;0m[48;2;0;4;0m▀[0m[38;2;85;31;47m[48;2;73;81;75m▀[0m[38;2;200;91;118m[48;2;89;35;51m▀[0m[38;2;98;45;60m[48;2;98;45;60m▀[0m[38;2;75;83;77m[48;2;75;83;77m▀[0m[38;2;82;90;84m[48;2;75;83;77m▀[0m[38;2;82;90;84m[48;2;82;90;84m▀[0m[38;2;0;4;0m[48;2;0;4;0m▀[0m [38;2;0;4;0m[48;2;0;4;0m▀[0m[38;2;75;83;77m[48;2;75;83;77m▀[0m[38;2;75;83;77m[48;2;75;83;77m▀[0m[38;2;146;35;69m[48;2;98;45;60m▀[0m[38;2;203;92;119m[48;2;165;70;96m▀[0m[38;2;106;50;68m[48;2;100;48;63m▀[0m[38;2;74;82;76m[48;2;74;82;76m▀[0m[38;2;74;82;76m[48;2;74;82;76m▀[0m[38;2;74;82;76m[48;2;84;92;87m▀[0m[38;2;255;174;192m[48;2;174;77;102m▀[0m[38;2;174;77;102m[48;2;174;77;102m▀[0m[38;2;178;79;105m[48;2;0;4;0m▀[0m[38;2;0;4;0m▀[38;2;0;4;0m▀           
       [38;2;0;4;0m[48;2;0;4;0m▀[0m[38;2;75;83;77m[48;2;75;83;77m▀[0m[38;2;75;83;77m[48;2;75;83;77m▀[0m[38;2;75;83;77m[48;2;75;83;77m▀[0m[38;2;75;83;77m[48;2;75;83;77m▀[0m[38;2;82;90;84m[48;2;76;84;78m▀[0m[38;2;82;90;84m[48;2;82;90;84m▀[0m[38;2;0;4;0m[48;2;0;4;0m▀[0m[38;2;76;84;78m[48;2;76;84;78m▀[0m[38;2;75;83;77m[48;2;75;83;77m▀[0m[38;2;75;83;77m[48;2;75;83;77m▀[0m[38;2;75;83;77m[48;2;75;83;77m▀[0m[38;2;100;48;63m[48;2;75;83;77m▀[0m[38;2;74;82;76m[48;2;74;82;76m▀[0m[38;2;74;82;76m[48;2;84;92;87m▀[0m[38;2;82;90;84m[48;2;175;77;103m▀[0m[38;2;175;77;103m[48;2;66;65;66m▀[0m[38;2;66;65;66m[48;2;66;65;66m▀[0m[38;2;0;4;0m▀   [38;2;66;65;66m▄[38;2;66;65;66m▄         
        [38;2;0;4;0m[48;2;0;4;0m▀[0m[38;2;76;84;78m[48;2;76;84;78m▀[0m[38;2;75;83;77m[48;2;106;50;68m▀[0m[38;2;75;83;77m[48;2;75;83;77m▀[0m[38;2;74;82;76m[48;2;74;82;76m▀[0m[38;2;84;92;87m[48;2;74;82;76m▀[0m[38;2;38;38;38m[48;2;38;38;38m▀[0m[38;2;75;83;77m[48;2;75;83;77m▀[0m[38;2;75;83;77m[48;2;75;83;77m▀[0m[38;2;75;83;77m[48;2;100;48;63m▀[0m[38;2;75;83;77m[48;2;75;83;77m▀[0m[38;2;75;83;77m[48;2;75;83;77m▀[0m[38;2;81;89;83m[48;2;174;77;102m▀[0m[38;2;174;77;102m[48;2;66;65;66m▀[0m[38;2;66;65;66m[48;2;246;194;211m▀[0m[38;2;246;194;211m[48;2;246;194;211m▀[0m[38;2;246;194;211m[48;2;246;194;211m▀[0m[38;2;66;65;66m[48;2;246;194;211m▀[0m[38;2;111;83;57m▄[38;2;0;0;0m[48;2;222;166;115m▀[0m[38;2;0;16;16m[48;2;68;48;46m▀[0m[38;2;206;113;107m[48;2;206;113;107m▀[0m[38;2;0;4;0m[48;2;0;4;0m▀[0m         
      [38;2;0;4;0m▄[38;2;0;4;0m▄ [38;2;0;4;0m[48;2;0;4;0m▀[0m[38;2;200;91;118m[48;2;89;35;51m▀[0m[38;2;98;45;60m[48;2;98;45;60m▀[0m[38;2;74;82;76m[48;2;54;61;57m▀[0m[38;2;74;82;76m[48;2;54;61;57m▀[0m[38;2;38;38;38m[48;2;38;38;38m▀[0m[38;2;54;62;57m[48;2;54;62;57m▀[0m[38;2;142;31;65m[48;2;97;44;59m▀[0m[38;2;229;118;152m[48;2;142;31;65m▀[0m[38;2;106;47;68m[48;2;57;64;59m▀[0m[38;2;79;87;81m[48;2;79;87;81m▀[0m[38;2;175;77;103m[48;2;38;38;38m▀[0m[38;2;66;65;66m[48;2;175;77;103m▀[0m[38;2;181;116;112m[48;2;66;56;74m▀[0m[38;2;66;56;74m[48;2;239;146;132m▀[0m[38;2;66;65;66m[48;2;66;65;66m▀[0m[38;2;230;134;163m[48;2;230;134;163m▀[0m[38;2;143;32;66m[48;2;255;128;144m▀[0m[38;2;196;85;119m[48;2;143;32;66m▀[0m[38;2;144;33;67m[48;2;82;90;84m▀[0m[38;2;8;0;0m[48;2;173;76;102m▀[0m[38;2;0;4;0m▄[38;2;0;4;0m▄[38;2;0;4;0m▄       
      [38;2;0;4;0m▀[38;2;178;79;105m[48;2;0;4;0m▀[0m[38;2;0;4;0m[48;2;255;121;138m▀[0m[38;2;255;121;138m[48;2;255;121;138m▀[0m[38;2;255;117;134m[48;2;179;80;106m▀[0m[38;2;134;23;57m[48;2;179;80;106m▀[0m[38;2;54;62;57m[48;2;38;38;38m▀[0m[38;2;54;62;57m[48;2;38;38;38m▀[0m[38;2;54;62;57m[48;2;54;62;57m▀[0m[38;2;38;38;38m[48;2;54;62;57m▀[0m[38;2;54;62;57m[48;2;38;38;38m▀[0m[38;2;54;62;57m[48;2;54;62;57m▀[0m[38;2;54;61;57m[48;2;54;61;57m▀[0m[38;2;82;90;84m[48;2;54;61;57m▀[0m[38;2;38;38;38m[48;2;38;38;38m▀[0m[38;2;175;77;103m[48;2;175;77;103m▀[0m[38;2;179;80;106m[48;2;255;117;134m▀[0m[38;2;179;80;106m[48;2;74;56;57m▀[0m[38;2;66;65;66m[48;2;255;121;138m▀[0m[38;2;255;121;138m[48;2;255;121;138m▀[0m[38;2;255;124;140m[48;2;255;124;140m▀[0m[38;2;255;124;140m[48;2;255;124;140m▀[0m[38;2;180;80;106m[48;2;57;65;66m▀[0m[38;2;57;65;66m[48;2;255;117;134m▀[0m[38;2;66;65;66m[48;2;66;65;66m▀[0m[38;2;173;76;102m[48;2;173;76;102m▀[0m[38;2;173;76;102m[48;2;0;4;0m▀[0m[38;2;0;4;0m▀      
      [38;2;0;4;0m[48;2;0;4;0m▀[0m[38;2;255;121;138m[48;2;255;121;138m▀[0m[38;2;255;121;138m[48;2;174;77;102m▀[0m[38;2;174;77;102m[48;2;174;77;102m▀[0m[38;2;173;76;102m[48;2;38;35;38m▀[0m[38;2;38;35;38m[48;2;57;65;60m▀[0m[38;2;54;62;57m[48;2;38;38;38m▀[0m[38;2;38;38;38m[48;2;54;62;57m▀[0m[38;2;38;38;38m[48;2;38;38;38m▀[0m[38;2;38;38;38m[48;2;255;207;66m▀[0m[38;2;188;77;111m[48;2;38;38;38m▀[0m[38;2;38;38;38m[48;2;188;77;111m▀[0m[38;2;38;38;38m[48;2;38;38;38m▀[0m[38;2;38;38;38m[48;2;82;90;84m▀[0m[38;2;82;69;49m[48;2;181;190;148m▀[0m[38;2;255;201;213m[48;2;82;69;49m▀[0m[38;2;255;124;140m[48;2;255;124;140m▀[0m[38;2;255;124;140m[48;2;255;124;140m▀[0m[38;2;255;121;138m[48;2;66;65;66m▀[0m[38;2;66;65;66m[48;2;255;121;138m▀[0m[38;2;66;65;66m[48;2;66;65;66m▀[0m[38;2;255;121;138m[48;2;255;121;138m▀[0m[38;2;255;121;138m[48;2;81;89;83m▀[0m[38;2;81;89;83m[48;2;255;121;138m▀[0m[38;2;57;65;66m[48;2;255;117;134m▀[0m[38;2;180;80;106m[48;2;57;65;66m▀[0m[38;2;173;76;102m[48;2;173;76;102m▀[0m[38;2;0;4;0m[48;2;173;76;102m▀[0m[38;2;0;4;0m▄     
   [38;2;0;4;0m▄[38;2;0;4;0m▄[38;2;0;4;0m[48;2;66;64;66m▀[0m[38;2;255;121;138m[48;2;255;121;138m▀[0m[38;2;255;121;138m[48;2;174;77;102m▀[0m[38;2;175;77;103m[48;2;175;77;103m▀[0m[38;2;175;77;103m[48;2;38;38;38m▀[0m[38;2;38;38;38m[48;2;54;62;57m▀[0m[38;2;54;62;57m[48;2;54;62;57m▀[0m[38;2;38;38;38m[48;2;38;38;38m▀[0m[38;2;54;62;57m[48;2;54;62;57m▀[0m[38;2;57;65;82m[48;2;120;111;82m▀[0m[38;2;247;203;82m[48;2;57;65;82m▀[0m[38;2;197;86;120m[48;2;255;207;66m▀[0m[38;2;197;86;120m[48;2;197;86;120m▀[0m[38;2;203;92;126m[48;2;224;113;147m▀[0m[38;2;203;92;126m[48;2;255;182;66m▀[0m[38;2;255;182;90m[48;2;164;117;86m▀[0m[38;2;74;52;82m[48;2;74;52;82m▀[0m[38;2;255;124;140m[48;2;255;124;140m▀[0m[38;2;255;124;140m[48;2;255;124;140m▀[0m[38;2;179;80;106m[48;2;255;117;134m▀[0m[38;2;179;80;106m[48;2;134;23;57m▀[0m[38;2;57;65;66m[48;2;182;81;107m▀[0m[38;2;255;121;138m[48;2;255;121;138m▀[0m[38;2;66;65;66m[48;2;255;121;138m▀[0m[38;2;255;121;138m[48;2;66;65;66m▀[0m[38;2;255;124;140m[48;2;255;124;140m▀[0m[38;2;255;124;140m[48;2;255;124;140m▀[0m[38;2;66;65;66m[48;2;66;65;66m▀[0m[38;2;173;76;102m[48;2;173;76;102m▀[0m[38;2;0;4;0m[48;2;173;76;102m▀[0m[38;2;0;4;0m▄[38;2;0;4;0m▄   
  [38;2;0;4;0m▀[38;2;178;79;105m[48;2;0;4;0m▀[0m[38;2;223;112;146m[48;2;0;4;0m▀[0m[38;2;255;117;134m[48;2;255;117;134m▀[0m[38;2;255;121;138m[48;2;255;121;138m▀[0m[38;2;174;77;102m[48;2;174;77;102m▀[0m[38;2;173;76;102m[48;2;38;35;38m▀[0m[38;2;38;35;38m[48;2;57;65;60m▀[0m[38;2;54;62;57m[48;2;54;62;57m▀[0m[38;2;38;38;38m[48;2;38;38;38m▀[0m[38;2;54;62;57m[48;2;54;62;57m▀[0m[38;2;54;62;57m[48;2;54;62;57m▀[0m[38;2;38;38;38m[48;2;38;38;38m▀[0m[38;2;54;62;57m[48;2;38;38;38m▀[0m[38;2;38;38;38m[48;2;188;77;111m▀[0m[38;2;188;77;111m[48;2;188;77;111m▀[0m[38;2;188;77;111m[48;2;188;77;111m▀[0m[38;2;38;38;38m[48;2;188;77;111m▀[0m[38;2;38;38;38m[48;2;188;77;111m▀[0m[38;2;66;65;66m[48;2;66;65;66m▀[0m[38;2;255;124;140m[48;2;255;124;140m▀[0m[38;2;255;124;140m[48;2;255;124;140m▀[0m[38;2;255;124;140m[48;2;255;124;140m▀[0m[38;2;255;124;140m[48;2;255;124;140m▀[0m[38;2;255;124;140m[48;2;255;124;140m▀[0m[38;2;255;124;140m[48;2;255;124;140m▀[0m[38;2;255;121;138m[48;2;255;121;138m▀[0m[38;2;66;65;66m[48;2;255;121;138m▀[0m[38;2;255;121;138m[48;2;66;65;66m▀[0m[38;2;255;121;138m[48;2;255;121;138m▀[0m[38;2;179;80;106m[48;2;179;80;106m▀[0m[38;2;134;23;57m[48;2;255;117;134m▀[0m[38;2;144;33;67m[48;2;144;33;67m▀[0m[38;2;174;77;102m[48;2;8;0;0m▀[0m[38;2;0;4;0m▀   
  [38;2;0;4;0m▄[38;2;0;4;0m▄[38;2;0;4;0m[48;2;255;121;138m▀[0m[38;2;255;121;138m[48;2;255;121;138m▀[0m[38;2;177;78;104m[48;2;177;78;104m▀[0m[38;2;177;78;104m[48;2;177;78;104m▀[0m[38;2;38;38;38m[48;2;38;38;38m▀[0m[38;2;54;62;57m[48;2;54;62;57m▀[0m[38;2;54;62;57m[48;2;54;62;57m▀[0m[38;2;38;38;38m[48;2;38;38;38m▀[0m[38;2;54;61;57m[48;2;0;4;0m▀[0m[38;2;54;61;57m[48;2;0;4;0m▀[0m[38;2;134;23;57m[48;2;0;8;0m▀[0m[38;2;191;80;114m[48;2;0;8;0m▀[0m[38;2;131;20;54m[48;2;0;16;8m▀[0m[38;2;226;115;149m[48;2;226;115;149m▀[0m[38;2;228;117;151m[48;2;0;4;0m▀[0m[38;2;0;4;0m▀[38;2;189;78;112m[48;2;0;4;0m▀[0m[38;2;189;78;112m[48;2;189;78;112m▀[0m[38;2;66;65;66m[48;2;66;65;66m▀[0m[38;2;255;121;138m[48;2;255;121;138m▀[0m[38;2;255;124;140m[48;2;255;124;140m▀[0m[38;2;255;124;140m[48;2;255;124;140m▀[0m[38;2;255;121;138m[48;2;173;76;102m▀[0m[38;2;81;89;83m[48;2;255;121;138m▀[0m[38;2;182;81;107m[48;2;57;65;66m▀[0m[38;2;255;121;138m[48;2;255;121;138m▀[0m[38;2;66;65;66m[48;2;66;65;66m▀[0m[38;2;255;121;138m[48;2;255;121;138m▀[0m[38;2;255;121;138m[48;2;255;121;138m▀[0m[38;2;66;65;66m[48;2;66;65;66m▀[0m[38;2;173;76;102m[48;2;66;65;66m▀[0m[38;2;66;65;66m[48;2;173;76;102m▀[0m[38;2;0;4;0m[48;2;206;109;107m▀[0m[38;2;0;4;0m[48;2;206;109;107m▀[0m[38;2;0;4;0m▄ 
 [38;2;0;4;0m▀[38;2;145;146;154m[48;2;8;0;0m▀[0m[38;2;76;73;77m[48;2;255;111;129m▀[0m[38;2;255;121;138m[48;2;255;121;138m▀[0m[38;2;255;121;138m[48;2;174;77;102m▀[0m[38;2;175;77;103m[48;2;175;77;103m▀[0m[38;2;144;33;67m[48;2;8;0;0m▀[0m[38;2;54;62;57m[48;2;0;4;0m▀[0m[38;2;0;4;0m▀[38;2;0;4;0m▀[38;2;0;4;0m▀     [38;2;0;4;0m▀   [38;2;0;4;0m▀[38;2;8;0;0m[48;2;8;0;0m▀[0m[38;2;255;112;131m[48;2;186;83;109m▀[0m[38;2;255;124;140m[48;2;255;124;140m▀[0m[38;2;255;124;140m[48;2;255;124;140m▀[0m[38;2;255;121;138m[48;2;255;121;138m▀[0m[38;2;66;65;66m[48;2;255;121;138m▀[0m[38;2;255;124;140m[48;2;255;124;140m▀[0m[38;2;255;124;140m[48;2;255;124;140m▀[0m[38;2;143;32;66m[48;2;156;64;90m▀[0m[38;2;255;128;144m[48;2;109;24;50m▀[0m[38;2;255;121;138m[48;2;255;121;138m▀[0m[38;2;255;121;138m[48;2;164;83;81m▀[0m[38;2;189;129;98m[48;2;247;166;115m▀[0m[38;2;74;56;66m[48;2;247;166;115m▀[0m[38;2;0;4;0m[48;2;0;4;0m▀[0m[38;2;0;4;0m▀  
 [38;2;0;4;0m▀[38;2;167;83;81m[48;2;0;4;0m▀[0m[38;2;167;83;81m[48;2;0;4;0m▀[0m[38;2;113;102;104m[48;2;0;4;0m▀[0m[38;2;113;102;104m[48;2;0;4;0m▀[0m[38;2;178;79;105m[48;2;0;4;0m▀[0m[38;2;0;4;0m▀              [38;2;0;4;0m▀[38;2;239;174;107m[48;2;0;4;0m▀[0m[38;2;238;174;112m[48;2;238;174;112m▀[0m[38;2;206;109;107m[48;2;238;174;112m▀[0m[38;2;255;121;138m[48;2;0;4;0m▀[0m[38;2;255;121;138m[48;2;0;4;0m▀[0m[38;2;255;112;131m[48;2;8;0;0m▀[0m[38;2;186;83;109m[48;2;8;0;0m▀[0m[38;2;239;175;112m[48;2;239;175;112m▀[0m[38;2;239;175;112m[48;2;239;175;112m▀[0m[38;2;0;4;0m[48;2;239;174;107m▀[0m[38;2;0;4;0m[48;2;0;4;0m▀[0m[38;2;0;4;0m▀[38;2;0;4;0m▀    
                       [38;2;0;4;0m▀[38;2;239;174;107m[48;2;0;4;0m▀[0m[38;2;0;4;0m▀    [38;2;0;4;0m▀[38;2;0;4;0m▀[38;2;0;4;0m▀       
                                     [0m                                     