       [38;2;0;0;0m▄[38;2;0;0;0m[48;2;68;133;70m▀[0m[38;2;0;0;0m[48;2;0;0;0m▀[0m           
     [38;2;0;0;0m▄[38;2;0;0;0m▄[38;2;0;0;0m[48;2;68;133;70m▀[0m[38;2;68;133;70m[48;2;65;65;65m▀[0m[38;2;0;0;0m[48;2;65;65;65m▀[0m[38;2;0;0;0m[48;2;68;133;70m▀[0m[38;2;0;0;0m[48;2;0;0;0m▀[0m         
   [38;2;0;0;0m▄[38;2;0;0;0m[48;2;68;133;70m▀[0m[38;2;68;133;70m[48;2;68;133;70m▀[0m[38;2;68;133;70m[48;2;68;133;70m▀[0m[38;2;68;133;70m[48;2;68;133;70m▀[0m[38;2;68;133;70m[48;2;68;133;70m▀[0m[38;2;65;65;65m[48;2;68;133;70m▀[0m[38;2;0;0;0m[48;2;65;65;65m▀[0m[38;2;0;0;0m▄     [38;2;0;0;0m▄[38;2;0;0;0m▄[38;2;0;0;0m▄ 
  [38;2;0;0;0m[48;2;0;0;0m▀[0m[38;2;162;85;212m[48;2;162;85;212m▀[0m[38;2;68;133;70m[48;2;162;85;212m▀[0m[38;2;162;85;212m[48;2;162;85;212m▀[0m[38;2;162;85;212m[48;2;178;243;180m▀[0m[38;2;162;85;212m[48;2;178;243;180m▀[0m[38;2;68;133;70m[48;2;162;85;212m▀[0m[38;2;68;133;70m[48;2;68;133;70m▀[0m[38;2;68;133;70m[48;2;68;133;70m▀[0m[38;2;0;0;0m[48;2;0;0;0m▀[0m[38;2;0;0;0m▄  [38;2;0;0;0m▄[38;2;0;0;0m[48;2;68;133;70m▀[0m[38;2;65;65;65m[48;2;68;133;70m▀[0m[38;2;65;65;65m[48;2;65;65;65m▀[0m[38;2;0;0;0m[48;2;0;0;0m▀[0m 
 [38;2;0;0;0m▄[38;2;0;0;0m[48;2;247;247;41m▀[0m[38;2;247;247;41m[48;2;247;247;41m▀[0m[38;2;162;85;212m[48;2;255;197;58m▀[0m[38;2;178;243;180m[48;2;178;243;180m▀[0m[38;2;178;243;180m[48;2;0;0;0m▀[0m[38;2;255;197;58m[48;2;247;247;41m▀[0m[38;2;255;255;255m[48;2;178;243;180m▀[0m[38;2;65;65;65m[48;2;65;65;65m▀[0m[38;2;68;133;70m[48;2;68;133;70m▀[0m[38;2;65;65;65m[48;2;68;133;70m▀[0m[38;2;0;0;0m[48;2;68;133;70m▀[0m[38;2;0;0;0m[48;2;65;65;65m▀[0m[38;2;0;0;0m[48;2;68;133;70m▀[0m[38;2;107;172;109m[48;2;68;133;70m▀[0m[38;2;107;172;109m[48;2;107;172;109m▀[0m[38;2;68;133;70m[48;2;0;0;0m▀[0m[38;2;0;0;0m▀  
 [38;2;0;0;0m[48;2;0;0;0m▀[0m[38;2;247;148;41m[48;2;0;0;0m▀[0m[38;2;0;0;0m▀[38;2;68;133;70m[48;2;0;0;0m▀[0m[38;2;145;210;147m[48;2;178;243;180m▀[0m[38;2;178;243;180m[48;2;178;243;180m▀[0m[38;2;178;243;180m[48;2;178;243;180m▀[0m[38;2;65;65;65m[48;2;65;65;65m▀[0m[38;2;68;133;70m[48;2;68;133;70m▀[0m[38;2;68;133;70m[48;2;68;133;70m▀[0m[38;2;68;133;70m[48;2;65;65;65m▀[0m[38;2;65;65;65m[48;2;178;243;180m▀[0m[38;2;65;65;65m[48;2;145;210;147m▀[0m[38;2;65;65;65m[48;2;68;133;70m▀[0m[38;2;68;133;70m[48;2;65;65;65m▀[0m[38;2;0;0;0m[48;2;65;65;65m▀[0m[38;2;0;0;0m▄[38;2;0;0;0m▄  
   [38;2;0;0;0m[48;2;0;0;0m▀[0m[38;2;178;243;180m[48;2;178;243;180m▀[0m[38;2;178;243;180m[48;2;178;243;180m▀[0m[38;2;178;243;180m[48;2;145;210;147m▀[0m[38;2;107;172;109m[48;2;107;172;109m▀[0m[38;2;107;172;109m[48;2;107;172;109m▀[0m[38;2;65;65;65m[48;2;107;172;109m▀[0m[38;2;65;65;65m[48;2;65;65;65m▀[0m[38;2;178;243;180m[48;2;178;243;180m▀[0m[38;2;178;243;180m[48;2;178;243;180m▀[0m[38;2;178;243;180m[48;2;68;133;70m▀[0m[38;2;68;133;70m[48;2;68;133;70m▀[0m[38;2;68;133;70m[48;2;68;133;70m▀[0m[38;2;145;210;147m[48;2;145;210;147m▀[0m[38;2;68;133;70m[48;2;0;0;0m▀[0m[38;2;0;0;0m▀  
    [38;2;0;0;0m▀[38;2;178;243;180m[48;2;0;0;0m▀[0m[38;2;107;172;109m[48;2;107;172;109m▀[0m[38;2;107;172;109m[48;2;107;172;109m▀[0m[38;2;107;172;109m[48;2;107;172;109m▀[0m[38;2;107;172;109m[48;2;107;172;109m▀[0m[38;2;107;172;109m[48;2;107;172;109m▀[0m[38;2;65;65;65m[48;2;107;172;109m▀[0m[38;2;68;133;70m[48;2;65;65;65m▀[0m[38;2;68;133;70m[48;2;65;65;65m▀[0m[38;2;68;133;70m[48;2;0;0;0m▀[0m[38;2;145;210;147m[48;2;0;0;0m▀[0m[38;2;0;0;0m▀    
    [38;2;0;0;0m[48;2;0;0;0m▀[0m[38;2;197;120;247m[48;2;0;0;0m▀[0m[38;2;68;133;70m[48;2;0;0;0m▀[0m[38;2;0;0;0m▀[38;2;107;172;109m[48;2;0;0;0m▀[0m[38;2;107;172;109m[48;2;65;65;65m▀[0m[38;2;65;65;65m[48;2;225;180;255m▀[0m[38;2;65;65;65m[48;2;197;120;247m▀[0m[38;2;107;172;109m[48;2;197;120;247m▀[0m[38;2;0;0;0m[48;2;0;0;0m▀[0m       
        [38;2;0;0;0m▀[38;2;225;180;255m[48;2;0;0;0m▀[0m[38;2;0;0;0m▀[38;2;225;180;255m[48;2;0;0;0m▀[0m[38;2;0;0;0m▀        
                                     [0m                                     