   [38;2;0;0;0m▄[38;2;0;0;0m▄[38;2;0;0;0m[48;2;138;192;175m▀[0m[38;2;0;0;0m[48;2;138;192;175m▀[0m[38;2;0;0;0m[48;2;138;192;175m▀[0m[38;2;0;0;0m[48;2;138;192;175m▀[0m[38;2;0;0;0m[48;2;98;147;132m▀[0m[38;2;0;0;0m▄[38;2;0;0;0m▄         
  [38;2;0;0;0m[48;2;0;0;0m▀[0m[38;2;138;192;175m[48;2;65;65;65m▀[0m[38;2;138;192;175m[48;2;138;192;175m▀[0m[38;2;138;192;175m[48;2;138;192;175m▀[0m[38;2;138;192;175m[48;2;138;192;175m▀[0m[38;2;138;192;175m[48;2;138;192;175m▀[0m[38;2;138;192;175m[48;2;138;192;175m▀[0m[38;2;138;192;175m[48;2;138;192;175m▀[0m[38;2;138;192;175m[48;2;138;192;175m▀[0m[38;2;98;147;132m[48;2;138;192;175m▀[0m[38;2;0;0;0m[48;2;98;147;132m▀[0m[38;2;0;0;0m▄       
 [38;2;0;0;0m[48;2;0;0;0m▀[0m[38;2;65;65;65m[48;2;138;192;175m▀[0m[38;2;138;192;175m[48;2;138;192;175m▀[0m[38;2;65;65;65m[48;2;138;192;175m▀[0m[38;2;138;192;175m[48;2;65;65;65m▀[0m[38;2;65;65;65m[48;2;138;192;175m▀[0m[38;2;98;147;132m[48;2;65;65;65m▀[0m[38;2;138;192;175m[48;2;138;192;175m▀[0m[38;2;138;192;175m[48;2;138;192;175m▀[0m[38;2;138;192;175m[48;2;138;192;175m▀[0m[38;2;138;192;175m[48;2;98;147;132m▀[0m[38;2;138;192;175m[48;2;65;65;65m▀[0m[38;2;0;0;0m[48;2;65;65;65m▀[0m[38;2;0;0;0m▄      
 [38;2;0;0;0m[48;2;0;0;0m▀[0m[38;2;138;192;175m[48;2;138;192;175m▀[0m[38;2;138;192;175m[48;2;138;192;175m▀[0m[38;2;138;192;175m[48;2;138;192;175m▀[0m[38;2;138;192;175m[48;2;138;192;175m▀[0m[38;2;138;192;175m[48;2;138;192;175m▀[0m[38;2;65;65;65m[48;2;65;65;65m▀[0m[38;2;138;192;175m[48;2;65;65;65m▀[0m[38;2;138;192;175m[48;2;65;65;65m▀[0m[38;2;138;192;175m[48;2;138;192;175m▀[0m[38;2;65;65;65m[48;2;65;65;65m▀[0m[38;2;144;241;101m[48;2;65;65;65m▀[0m[38;2;65;65;65m[48;2;138;192;175m▀[0m[38;2;0;0;0m[48;2;0;0;0m▀[0m      
 [38;2;0;0;0m▀[38;2;98;147;132m[48;2;0;0;0m▀[0m[38;2;138;192;175m[48;2;138;192;175m▀[0m[38;2;138;192;175m[48;2;138;192;175m▀[0m[38;2;138;192;175m[48;2;138;192;175m▀[0m[38;2;138;192;175m[48;2;138;192;175m▀[0m[38;2;138;192;175m[48;2;138;192;175m▀[0m[38;2;138;192;175m[48;2;138;192;175m▀[0m[38;2;65;65;65m[48;2;65;65;65m▀[0m[38;2;138;192;175m[48;2;65;65;65m▀[0m[38;2;138;192;175m[48;2;65;65;65m▀[0m[38;2;138;192;175m[48;2;98;147;132m▀[0m[38;2;98;147;132m[48;2;98;147;132m▀[0m[38;2;65;65;65m[48;2;65;65;65m▀[0m[38;2;0;0;0m[48;2;138;192;175m▀[0m[38;2;0;0;0m[48;2;65;65;65m▀[0m[38;2;0;0;0m▄   
  [38;2;0;0;0m▀[38;2;98;147;132m[48;2;0;0;0m▀[0m[38;2;98;147;132m[48;2;98;147;132m▀[0m[38;2;138;192;175m[48;2;98;147;132m▀[0m[38;2;138;192;175m[48;2;98;147;132m▀[0m[38;2;138;192;175m[48;2;98;147;132m▀[0m[38;2;138;192;175m[48;2;98;147;132m▀[0m[38;2;98;147;132m[48;2;98;147;132m▀[0m[38;2;98;147;132m[48;2;98;147;132m▀[0m[38;2;98;147;132m[48;2;98;147;132m▀[0m[38;2;98;147;132m[48;2;98;147;132m▀[0m[38;2;65;65;65m[48;2;65;65;65m▀[0m[38;2;138;192;175m[48;2;138;192;175m▀[0m[38;2;138;192;175m[48;2;138;192;175m▀[0m[38;2;138;192;175m[48;2;138;192;175m▀[0m[38;2;0;0;0m[48;2;144;241;101m▀[0m[38;2;0;0;0m▄  
    [38;2;0;0;0m▀[38;2;0;0;0m▀[38;2;98;147;132m[48;2;0;0;0m▀[0m[38;2;98;147;132m[48;2;65;65;65m▀[0m[38;2;98;147;132m[48;2;65;65;65m▀[0m[38;2;98;147;132m[48;2;65;65;65m▀[0m[38;2;98;147;132m[48;2;65;65;65m▀[0m[38;2;65;65;65m[48;2;98;147;132m▀[0m[38;2;65;65;65m[48;2;98;147;132m▀[0m[38;2;98;147;132m[48;2;144;241;101m▀[0m[38;2;98;147;132m[48;2;144;241;101m▀[0m[38;2;138;192;175m[48;2;98;147;132m▀[0m[38;2;144;241;101m[48;2;107;194;75m▀[0m[38;2;98;147;132m[48;2;98;147;132m▀[0m[38;2;98;147;132m[48;2;98;147;132m▀[0m[38;2;0;0;0m[48;2;0;0;0m▀[0m 
     [38;2;0;0;0m[48;2;0;0;0m▀[0m[38;2;88;142;125m[48;2;88;142;125m▀[0m[38;2;88;142;125m[48;2;88;142;125m▀[0m[38;2;107;194;75m[48;2;0;0;0m▀[0m[38;2;98;147;132m[48;2;0;0;0m▀[0m[38;2;98;147;132m[48;2;107;194;75m▀[0m[38;2;98;147;132m[48;2;107;194;75m▀[0m[38;2;144;241;101m[48;2;107;194;75m▀[0m[38;2;138;192;175m[48;2;138;192;175m▀[0m[38;2;138;192;175m[48;2;138;192;175m▀[0m[38;2;65;65;65m[48;2;98;147;132m▀[0m[38;2;65;65;65m[48;2;65;65;65m▀[0m[38;2;98;147;132m[48;2;0;0;0m▀[0m[38;2;98;147;132m[48;2;0;0;0m▀[0m[38;2;0;0;0m▀ 
      [38;2;0;0;0m▀[38;2;0;0;0m▀  [38;2;0;0;0m▀[38;2;0;0;0m▀[38;2;0;0;0m▀[38;2;88;142;125m[48;2;0;0;0m▀[0m[38;2;138;192;175m[48;2;138;192;175m▀[0m[38;2;138;192;175m[48;2;138;192;175m▀[0m[38;2;0;0;0m[48;2;0;0;0m▀[0m    
                             [38;2;0;0;0m▀[38;2;0;0;0m▀                     
                                     [0m                                     