           [38;2;0;4;0m▄[38;2;0;4;0m▄       [38;2;0;4;0m▄       [38;2;0;4;0m▄[38;2;0;4;0m[48;2;169;175;162m▀[0m[38;2;0;4;0m[48;2;169;175;162m▀[0m[38;2;0;4;0m▄        
          [38;2;0;4;0m▀[38;2;169;175;162m[48;2;0;4;0m▀[0m[38;2;169;175;162m[48;2;169;175;162m▀[0m[38;2;0;4;0m[48;2;169;175;162m▀[0m[38;2;0;4;0m▄ [38;2;0;4;0m▄[38;2;0;4;0m[48;2;218;222;214m▀[0m[38;2;0;4;0m▄[38;2;0;4;0m[48;2;234;81;68m▀[0m[38;2;234;81;68m[48;2;234;81;68m▀[0m[38;2;0;4;0m[48;2;234;81;68m▀[0m[38;2;0;4;0m▄[38;2;0;4;0m[48;2;234;81;68m▀[0m[38;2;0;4;0m▄  [38;2;0;4;0m[48;2;0;4;0m▀[0m[38;2;169;175;162m[48;2;169;175;162m▀[0m[38;2;169;175;162m[48;2;169;175;162m▀[0m[38;2;0;4;0m[48;2;0;4;0m▀[0m         
            [38;2;0;4;0m[48;2;0;4;0m▀[0m[38;2;170;177;163m[48;2;170;177;163m▀[0m[38;2;0;8;0m[48;2;150;21;10m▀[0m[38;2;0;4;0m▄[38;2;0;4;0m[48;2;169;175;162m▀[0m[38;2;221;225;218m[48;2;166;173;159m▀[0m[38;2;66;66;71m[48;2;66;66;71m▀[0m[38;2;234;81;68m[48;2;234;81;68m▀[0m[38;2;234;81;68m[48;2;192;51;39m▀[0m[38;2;234;81;68m[48;2;192;51;39m▀[0m[38;2;234;81;68m[48;2;234;81;68m▀[0m[38;2;234;81;68m[48;2;0;4;0m▀[0m[38;2;0;4;0m▀   [38;2;0;4;0m[48;2;0;4;0m▀[0m[38;2;218;222;214m[48;2;218;222;214m▀[0m[38;2;169;175;162m[48;2;218;222;214m▀[0m[38;2;0;4;0m[48;2;0;4;0m▀[0m        
           [38;2;0;4;0m[48;2;0;4;0m▀[0m[38;2;169;175;162m[48;2;169;175;162m▀[0m[38;2;80;88;73m[48;2;170;177;163m▀[0m[38;2;192;51;39m[48;2;80;88;73m▀[0m[38;2;150;21;10m[48;2;66;66;71m▀[0m[38;2;166;173;159m[48;2;221;225;218m▀[0m[38;2;218;222;214m[48;2;218;222;214m▀[0m[38;2;66;65;66m[48;2;218;222;214m▀[0m[38;2;194;53;41m[48;2;66;65;66m▀[0m[38;2;194;53;41m[48;2;194;53;41m▀[0m[38;2;192;51;39m[48;2;192;51;39m▀[0m[38;2;192;51;39m[48;2;192;51;39m▀[0m[38;2;188;48;36m[48;2;150;21;10m▀[0m[38;2;8;0;0m[48;2;150;21;10m▀[0m[38;2;0;4;0m▄[38;2;0;4;0m[48;2;218;222;214m▀[0m[38;2;0;8;8m[48;2;163;170;156m▀[0m[38;2;222;226;218m[48;2;163;170;156m▀[0m[38;2;162;169;154m[48;2;221;225;218m▀[0m[38;2;221;225;218m[48;2;0;4;8m▀[0m[38;2;0;4;0m▀        
           [38;2;0;4;0m▀[38;2;169;175;162m[48;2;0;4;0m▀[0m[38;2;170;177;163m[48;2;170;177;163m▀[0m[38;2;170;177;163m[48;2;170;177;163m▀[0m[38;2;170;177;163m[48;2;170;177;163m▀[0m[38;2;66;65;66m[48;2;170;177;163m▀[0m[38;2;221;225;218m[48;2;71;66;76m▀[0m[38;2;167;174;160m[48;2;167;174;160m▀[0m[38;2;171;178;165m[48;2;126;135;117m▀[0m[38;2;68;65;57m[48;2;171;178;165m▀[0m[38;2;66;65;66m[48;2;170;177;163m▀[0m[38;2;170;177;163m[48;2;170;177;163m▀[0m[38;2;169;175;162m[48;2;169;175;162m▀[0m[38;2;218;222;214m[48;2;169;175;162m▀[0m[38;2;218;222;214m[48;2;218;222;214m▀[0m[38;2;218;222;214m[48;2;218;222;214m▀[0m[38;2;218;222;214m[48;2;218;222;214m▀[0m[38;2;218;222;214m[48;2;218;222;214m▀[0m[38;2;218;222;214m[48;2;0;4;0m▀[0m[38;2;0;4;0m▀         
       [38;2;0;4;0m▄[38;2;0;4;0m▄    [38;2;0;4;0m▀[38;2;0;4;0m▀[38;2;173;179;166m[48;2;0;8;8m▀[0m[38;2;68;63;63m[48;2;68;63;63m▀[0m[38;2;74;60;66m[48;2;133;89;211m▀[0m[38;2;74;60;66m[48;2;186;142;255m▀[0m[38;2;66;65;66m[48;2;140;94;224m▀[0m[38;2;66;65;66m[48;2;66;65;66m▀[0m[38;2;66;65;66m[48;2;66;65;66m▀[0m[38;2;170;177;163m[48;2;170;177;163m▀[0m[38;2;127;136;118m[48;2;169;175;162m▀[0m[38;2;127;136;118m[48;2;169;175;162m▀[0m[38;2;162;169;154m[48;2;0;4;0m▀[0m[38;2;222;226;218m[48;2;0;4;0m▀[0m[38;2;0;4;0m▀[38;2;0;4;0m▀    [38;2;0;4;0m▄[38;2;0;4;0m▄     
       [38;2;0;4;0m▀[38;2;169;175;162m[48;2;0;4;0m▀[0m[38;2;0;4;0m[48;2;169;175;162m▀[0m[38;2;0;4;0m▄   [38;2;0;4;0m▄[38;2;0;4;0m[48;2;218;222;214m▀[0m[38;2;218;222;214m[48;2;218;222;214m▀[0m[38;2;66;69;66m[48;2;115;76;181m▀[0m[38;2;154;102;255m[48;2;66;69;66m▀[0m[38;2;66;65;66m[48;2;66;65;66m▀[0m[38;2;66;65;66m[48;2;129;138;120m▀[0m[38;2;124;133;115m[48;2;216;220;212m▀[0m[38;2;179;185;173m[48;2;124;133;115m▀[0m[38;2;169;175;162m[48;2;169;175;162m▀[0m[38;2;0;4;0m[48;2;0;4;0m▀[0m      [38;2;0;4;0m▄[38;2;0;4;0m[48;2;218;222;214m▀[0m[38;2;218;222;214m[48;2;0;4;0m▀[0m[38;2;0;4;0m▀     
   [38;2;0;4;0m▄ [38;2;0;4;0m▄[38;2;0;4;0m[48;2;234;81;68m▀[0m[38;2;0;4;0m▄[38;2;0;4;0m[48;2;169;175;162m▀[0m[38;2;171;178;165m[48;2;73;80;65m▀[0m[38;2;0;4;0m[48;2;0;4;0m▀[0m    [38;2;0;4;0m[48;2;0;4;0m▀[0m[38;2;218;222;214m[48;2;218;222;214m▀[0m[38;2;218;222;214m[48;2;66;65;66m▀[0m[38;2;218;222;214m[48;2;66;65;66m▀[0m[38;2;218;222;214m[48;2;218;222;214m▀[0m[38;2;218;222;214m[48;2;66;65;66m▀[0m[38;2;219;223;215m[48;2;66;60;57m▀[0m[38;2;131;140;122m[48;2;219;223;215m▀[0m[38;2;169;175;162m[48;2;0;4;0m▀[0m[38;2;169;175;162m[48;2;0;4;0m▀[0m[38;2;0;4;0m▀   [38;2;0;4;0m▄[38;2;0;4;0m▄[38;2;0;8;0m[48;2;160;167;153m▀[0m[38;2;221;224;217m[48;2;160;167;153m▀[0m[38;2;0;4;0m[48;2;66;64;66m▀[0m[38;2;0;4;0m▄     
  [38;2;0;4;0m[48;2;0;4;0m▀[0m[38;2;231;79;66m[48;2;231;79;66m▀[0m[38;2;8;0;0m[48;2;152;22;11m▀[0m[38;2;188;48;36m[48;2;65;68;60m▀[0m[38;2;237;83;69m[48;2;65;68;60m▀[0m[38;2;227;77;63m[48;2;197;55;42m▀[0m[38;2;66;65;66m[48;2;197;55;42m▀[0m[38;2;247;89;75m[48;2;184;45;33m▀[0m[38;2;0;8;8m[48;2;184;45;33m▀[0m[38;2;0;4;0m▄    [38;2;0;4;0m▀[38;2;66;64;66m[48;2;0;4;0m▀[0m[38;2;66;64;66m[48;2;66;64;66m▀[0m[38;2;66;65;66m[48;2;66;65;66m▀[0m[38;2;66;65;66m[48;2;66;65;66m▀[0m[38;2;66;64;66m[48;2;66;64;66m▀[0m[38;2;0;4;0m[48;2;66;64;66m▀[0m[38;2;0;4;0m▄    [38;2;0;4;0m[48;2;0;4;0m▀[0m[38;2;234;81;68m[48;2;234;81;68m▀[0m[38;2;66;65;66m[48;2;234;81;68m▀[0m[38;2;234;81;68m[48;2;234;81;68m▀[0m[38;2;66;65;66m[48;2;234;81;68m▀[0m[38;2;234;81;68m[48;2;196;54;41m▀[0m[38;2;234;81;68m[48;2;234;81;68m▀[0m[38;2;0;4;0m[48;2;234;81;68m▀[0m[38;2;0;4;0m▄[38;2;0;4;0m▄  
  [38;2;0;4;0m▄[38;2;0;8;0m[48;2;110;118;101m▀[0m[38;2;110;118;101m[48;2;174;181;167m▀[0m[38;2;170;177;163m[48;2;170;177;163m▀[0m[38;2;170;177;163m[48;2;170;177;163m▀[0m[38;2;71;68;65m[48;2;71;68;65m▀[0m[38;2;193;52;40m[48;2;71;68;65m▀[0m[38;2;192;51;39m[48;2;192;51;39m▀[0m[38;2;234;81;68m[48;2;192;51;39m▀[0m[38;2;68;63;63m[48;2;68;63;63m▀[0m[38;2;0;8;8m[48;2;173;179;166m▀[0m[38;2;0;4;0m[48;2;169;175;162m▀[0m[38;2;0;4;0m[48;2;169;175;162m▀[0m[38;2;0;4;0m▄[38;2;0;4;0m[48;2;66;64;66m▀[0m[38;2;218;222;214m[48;2;218;222;214m▀[0m[38;2;66;65;66m[48;2;218;222;214m▀[0m[38;2;218;222;214m[48;2;218;222;214m▀[0m[38;2;66;65;66m[48;2;218;222;214m▀[0m[38;2;221;224;217m[48;2;221;224;217m▀[0m[38;2;166;173;159m[48;2;71;66;73m▀[0m[38;2;66;60;54m[48;2;66;60;54m▀[0m[38;2;0;8;16m[48;2;221;225;218m▀[0m[38;2;0;4;0m▄[38;2;0;4;0m▄[38;2;0;4;0m[48;2;0;4;0m▀[0m[38;2;234;81;68m[48;2;234;81;68m▀[0m[38;2;134;144;110m[48;2;93;101;85m▀[0m[38;2;146;154;138m[48;2;219;223;215m▀[0m[38;2;133;141;124m[48;2;218;221;213m▀[0m[38;2;133;141;124m[48;2;218;221;213m▀[0m[38;2;233;80;67m[48;2;133;141;124m▀[0m[38;2;233;80;67m[48;2;133;141;124m▀[0m[38;2;196;54;41m[48;2;196;54;41m▀[0m[38;2;196;54;41m[48;2;234;81;68m▀[0m[38;2;196;54;41m[48;2;0;4;0m▀[0m[38;2;0;4;0m▀ 
 [38;2;0;4;0m[48;2;0;4;0m▀[0m[38;2;169;175;162m[48;2;169;175;162m▀[0m[38;2;106;115;98m[48;2;169;175;162m▀[0m[38;2;169;175;162m[48;2;66;65;57m▀[0m[38;2;66;65;66m[48;2;98;106;90m▀[0m[38;2;66;65;66m[48;2;98;106;90m▀[0m[38;2;105;113;96m[48;2;169;175;162m▀[0m[38;2;127;136;118m[48;2;169;175;162m▀[0m[38;2;66;65;66m[48;2;66;65;66m▀[0m[38;2;194;53;41m[48;2;194;53;41m▀[0m[38;2;193;52;40m[48;2;0;4;0m▀[0m[38;2;0;4;0m▀[38;2;0;4;0m▀[38;2;0;4;0m▀[38;2;0;4;0m▀[38;2;66;64;66m[48;2;0;4;0m▀[0m[38;2;167;174;160m[48;2;167;174;160m▀[0m[38;2;221;225;218m[48;2;71;66;76m▀[0m[38;2;218;222;214m[48;2;218;222;214m▀[0m[38;2;218;222;214m[48;2;66;65;66m▀[0m[38;2;170;177;163m[48;2;170;177;163m▀[0m[38;2;66;65;66m[48;2;170;177;163m▀[0m[38;2;163;170;156m[48;2;66;60;57m▀[0m[38;2;222;226;218m[48;2;0;8;16m▀[0m[38;2;218;222;214m[48;2;0;4;0m▀[0m[38;2;218;222;214m[48;2;218;222;214m▀[0m[38;2;98;106;90m[48;2;98;106;90m▀[0m[38;2;98;106;90m[48;2;218;222;214m▀[0m[38;2;218;222;214m[48;2;218;222;214m▀[0m[38;2;169;175;162m[48;2;218;222;214m▀[0m[38;2;218;222;214m[48;2;169;175;162m▀[0m[38;2;169;175;162m[48;2;218;222;214m▀[0m[38;2;169;175;162m[48;2;218;222;214m▀[0m[38;2;218;222;214m[48;2;169;175;162m▀[0m[38;2;0;16;0m[48;2;224;228;221m▀[0m[38;2;175;38;27m[48;2;0;16;0m▀[0m[38;2;196;54;41m[48;2;196;54;41m▀[0m[38;2;0;4;0m[48;2;0;4;0m▀[0m 
  [38;2;0;4;0m▀[38;2;169;175;162m[48;2;0;4;0m▀[0m[38;2;0;4;0m▀[38;2;169;175;162m[48;2;0;4;0m▀[0m[38;2;169;175;162m[48;2;0;4;0m▀[0m[38;2;169;175;162m[48;2;0;4;0m▀[0m[38;2;0;4;0m▀[38;2;0;4;0m▀[38;2;0;4;0m▀     [38;2;0;4;0m▄[38;2;0;8;16m[48;2;221;225;218m▀[0m[38;2;66;60;54m[48;2;66;60;54m▀[0m[38;2;66;65;66m[48;2;218;222;214m▀[0m[38;2;66;65;66m[48;2;66;65;66m▀[0m[38;2;66;65;66m[48;2;66;65;66m▀[0m[38;2;66;65;66m[48;2;170;177;163m▀[0m[38;2;0;4;0m[48;2;127;136;118m▀[0m[38;2;0;4;0m▄ [38;2;0;4;0m▀[38;2;0;4;0m▀[38;2;218;222;214m[48;2;0;4;0m▀[0m[38;2;221;225;218m[48;2;221;225;218m▀[0m[38;2;162;169;154m[48;2;0;4;8m▀[0m[38;2;0;4;0m▀[38;2;218;222;214m[48;2;0;4;0m▀[0m[38;2;218;222;214m[48;2;218;222;214m▀[0m[38;2;218;222;214m[48;2;218;222;214m▀[0m[38;2;127;136;118m[48;2;127;136;118m▀[0m[38;2;169;175;162m[48;2;169;175;162m▀[0m[38;2;0;4;0m[48;2;0;4;0m▀[0m  
           [38;2;0;4;0m▄[38;2;0;4;0m▄[38;2;0;4;0m▄[38;2;0;4;0m[48;2;195;201;190m▀[0m[38;2;0;4;0m[48;2;197;202;191m▀[0m[38;2;131;140;122m[48;2;131;140;122m▀[0m[38;2;218;222;214m[48;2;218;222;214m▀[0m[38;2;218;222;214m[48;2;169;175;162m▀[0m[38;2;218;222;214m[48;2;218;222;214m▀[0m[38;2;169;175;162m[48;2;169;175;162m▀[0m[38;2;133;141;124m[48;2;169;175;162m▀[0m[38;2;169;175;162m[48;2;169;175;162m▀[0m[38;2;127;136;118m[48;2;169;175;162m▀[0m[38;2;169;175;162m[48;2;127;136;118m▀[0m[38;2;0;4;0m[48;2;218;222;214m▀[0m[38;2;0;4;0m▄[38;2;0;4;0m▄ [38;2;0;4;0m▀  [38;2;0;4;0m▀[38;2;218;222;214m[48;2;0;4;0m▀[0m[38;2;0;4;0m▀[38;2;169;175;162m[48;2;0;4;0m▀[0m[38;2;0;4;0m▀   
          [38;2;0;4;0m[48;2;0;4;0m▀[0m[38;2;194;200;189m[48;2;194;200;189m▀[0m[38;2;194;200;189m[48;2;0;4;0m▀[0m[38;2;197;202;191m[48;2;133;141;124m▀[0m[38;2;133;141;124m[48;2;218;221;213m▀[0m[38;2;133;141;124m[48;2;218;221;213m▀[0m[38;2;218;221;213m[48;2;218;221;213m▀[0m[38;2;163;170;156m[48;2;222;226;218m▀[0m[38;2;163;170;156m[48;2;0;8;8m▀[0m[38;2;169;175;162m[48;2;169;175;162m▀[0m[38;2;169;175;162m[48;2;133;141;124m▀[0m[38;2;133;141;124m[48;2;218;221;213m▀[0m[38;2;133;141;124m[48;2;218;221;213m▀[0m[38;2;169;175;162m[48;2;133;141;124m▀[0m[38;2;169;175;162m[48;2;169;175;162m▀[0m[38;2;162;169;154m[48;2;0;4;0m▀[0m[38;2;222;226;218m[48;2;0;4;0m▀[0m[38;2;218;222;214m[48;2;218;222;214m▀[0m[38;2;0;4;0m[48;2;218;222;214m▀[0m[38;2;0;4;0m▄          
           [38;2;0;4;0m▀ [38;2;0;4;0m▀[38;2;218;222;214m[48;2;0;4;0m▀[0m[38;2;218;222;214m[48;2;169;175;162m▀[0m[38;2;169;175;162m[48;2;169;175;162m▀[0m[38;2;0;4;0m[48;2;0;4;0m▀[0m [38;2;0;4;0m▀[38;2;0;4;0m▀[38;2;218;222;214m[48;2;0;4;0m▀[0m[38;2;218;222;214m[48;2;218;222;214m▀[0m[38;2;115;124;106m[48;2;221;224;217m▀[0m[38;2;0;8;0m[48;2;0;8;0m▀[0m  [38;2;0;4;0m▀[38;2;218;222;214m[48;2;0;4;0m▀[0m[38;2;0;4;0m▀          
               [38;2;0;4;0m▀[38;2;0;4;0m▀    [38;2;0;4;0m▀[38;2;218;222;214m[48;2;0;4;0m▀[0m[38;2;127;136;118m[48;2;0;4;0m▀[0m[38;2;0;4;0m▀               
                                     [0m                                     