    [38;2;0;0;0m▄[38;2;0;0;0m[48;2;87;186;69m▀[0m[38;2;0;0;0m▄             
    [38;2;0;0;0m[48;2;0;0;0m▀[0m[38;2;87;186;69m[48;2;87;186;69m▀[0m[38;2;87;186;69m[48;2;87;186;69m▀[0m[38;2;0;0;0m[48;2;65;65;65m▀[0m[38;2;0;0;0m▄[38;2;0;0;0m▄[38;2;0;0;0m[48;2;87;186;69m▀[0m[38;2;0;0;0m[48;2;87;186;69m▀[0m[38;2;0;0;0m[48;2;87;186;69m▀[0m[38;2;0;0;0m▄      
     [38;2;0;0;0m▀[38;2;87;186;69m[48;2;0;0;0m▀[0m[38;2;65;65;65m[48;2;65;65;65m▀[0m[38;2;189;165;90m[48;2;189;165;90m▀[0m[38;2;87;186;69m[48;2;65;65;65m▀[0m[38;2;87;186;69m[48;2;0;0;0m▀[0m[38;2;87;186;69m[48;2;0;0;0m▀[0m[38;2;0;0;0m▀       
     [38;2;0;0;0m▄[38;2;0;0;0m▄[38;2;0;0;0m[48;2;189;165;90m▀[0m[38;2;165;123;74m[48;2;189;165;90m▀[0m[38;2;0;0;0m[48;2;189;165;90m▀[0m[38;2;0;0;0m▄         
   [38;2;65;65;65m▄[38;2;0;0;0m[48;2;132;230;184m▀[0m[38;2;132;230;184m[48;2;132;230;184m▀[0m[38;2;189;165;90m[48;2;132;230;184m▀[0m[38;2;189;165;90m[48;2;132;230;184m▀[0m[38;2;132;230;184m[48;2;132;230;184m▀[0m[38;2;189;165;90m[48;2;132;230;184m▀[0m[38;2;132;230;184m[48;2;132;230;184m▀[0m[38;2;0;0;0m[48;2;65;65;65m▀[0m[38;2;0;0;0m▄[38;2;0;0;0m▄      
 [38;2;0;0;0m▄[38;2;0;0;0m[48;2;183;206;107m▀[0m[38;2;132;230;184m[48;2;74;197;129m▀[0m[38;2;132;230;184m[48;2;132;230;184m▀[0m[38;2;132;230;184m[48;2;132;230;184m▀[0m[38;2;132;230;184m[48;2;132;230;184m▀[0m[38;2;132;230;184m[48;2;211;247;82m▀[0m[38;2;211;247;82m[48;2;0;0;0m▀[0m[38;2;132;230;184m[48;2;211;247;82m▀[0m[38;2;132;230;184m[48;2;132;230;184m▀[0m[38;2;132;230;184m[48;2;181;189;90m▀[0m[38;2;65;65;65m[48;2;65;65;65m▀[0m[38;2;165;123;74m[48;2;165;123;74m▀[0m[38;2;0;0;0m[48;2;165;123;74m▀[0m[38;2;0;0;0m[48;2;65;65;65m▀[0m[38;2;0;0;0m▄   
 [38;2;0;0;0m▀[38;2;183;206;107m[48;2;0;0;0m▀[0m[38;2;132;230;184m[48;2;132;230;184m▀[0m[38;2;132;230;184m[48;2;132;230;184m▀[0m[38;2;74;140;107m[48;2;132;230;184m▀[0m[38;2;132;230;184m[48;2;132;230;184m▀[0m[38;2;211;247;82m[48;2;132;230;184m▀[0m[38;2;0;0;0m[48;2;211;247;82m▀[0m[38;2;211;247;82m[48;2;132;230;184m▀[0m[38;2;181;189;90m[48;2;181;189;90m▀[0m[38;2;211;247;82m[48;2;211;247;82m▀[0m[38;2;181;189;90m[48;2;211;247;82m▀[0m[38;2;65;65;65m[48;2;65;65;65m▀[0m[38;2;165;123;74m[48;2;165;123;74m▀[0m[38;2;65;65;65m[48;2;65;65;65m▀[0m[38;2;0;0;0m[48;2;65;65;65m▀[0m[38;2;0;0;0m▄  
  [38;2;0;0;0m▀[38;2;132;230;184m[48;2;0;0;0m▀[0m[38;2;132;230;184m[48;2;132;230;184m▀[0m[38;2;132;230;184m[48;2;132;230;184m▀[0m[38;2;132;230;184m[48;2;181;189;90m▀[0m[38;2;132;230;184m[48;2;181;189;90m▀[0m[38;2;132;230;184m[48;2;181;189;90m▀[0m[38;2;181;189;90m[48;2;183;206;107m▀[0m[38;2;211;247;82m[48;2;183;206;107m▀[0m[38;2;211;247;82m[48;2;211;247;82m▀[0m[38;2;183;206;107m[48;2;65;65;65m▀[0m[38;2;65;65;65m[48;2;74;197;129m▀[0m[38;2;65;65;65m[48;2;65;65;65m▀[0m[38;2;65;65;65m[48;2;65;65;65m▀[0m[38;2;65;65;65m[48;2;74;197;129m▀[0m[38;2;0;0;0m[48;2;0;0;0m▀[0m  
    [38;2;0;0;0m▀[38;2;181;189;90m[48;2;0;0;0m▀[0m[38;2;183;206;107m[48;2;65;65;65m▀[0m[38;2;183;206;107m[48;2;65;65;65m▀[0m[38;2;183;206;107m[48;2;65;65;65m▀[0m[38;2;183;206;107m[48;2;65;65;65m▀[0m[38;2;65;65;65m[48;2;74;197;129m▀[0m[38;2;65;65;65m[48;2;74;197;129m▀[0m[38;2;74;197;129m[48;2;74;197;129m▀[0m[38;2;74;197;129m[48;2;74;140;107m▀[0m[38;2;74;197;129m[48;2;74;197;129m▀[0m[38;2;74;197;129m[48;2;74;140;107m▀[0m[38;2;74;140;107m[48;2;74;197;129m▀[0m[38;2;74;197;129m[48;2;74;197;129m▀[0m[38;2;0;0;0m[48;2;0;0;0m▀[0m 
     [38;2;0;0;0m▀[38;2;74;140;107m[48;2;0;0;0m▀[0m[38;2;74;140;107m[48;2;0;0;0m▀[0m[38;2;0;0;0m▀[38;2;74;197;129m[48;2;0;0;0m▀[0m[38;2;74;140;107m[48;2;65;65;65m▀[0m[38;2;74;197;129m[48;2;132;230;184m▀[0m[38;2;132;230;184m[48;2;132;230;184m▀[0m[38;2;74;197;129m[48;2;132;230;184m▀[0m[38;2;74;140;107m[48;2;0;0;0m▀[0m[38;2;0;0;0m▀[38;2;181;189;90m[48;2;0;0;0m▀[0m[38;2;181;189;90m[48;2;0;0;0m▀[0m[38;2;0;0;0m▀ 
          [38;2;0;0;0m▀[38;2;181;189;90m[48;2;0;0;0m▀[0m[38;2;211;247;82m[48;2;0;0;0m▀[0m[38;2;181;189;90m[48;2;0;0;0m▀[0m[38;2;0;0;0m▀     
                                     [0m                                     