            [38;2;0;0;0m▄[38;2;0;0;0m[48;2;239;90;41m▀[0m[38;2;0;0;0m▄  [38;2;0;0;0m▄[38;2;0;0;0m▄      
         [38;2;0;0;0m▄[38;2;0;0;0m[48;2;239;90;41m▀[0m[38;2;0;0;0m▄[38;2;0;0;0m[48;2;239;90;41m▀[0m[38;2;239;90;41m[48;2;239;90;41m▀[0m[38;2;0;0;0m[48;2;156;33;8m▀[0m[38;2;0;0;0m▄[38;2;0;0;0m[48;2;239;90;41m▀[0m[38;2;239;90;41m[48;2;239;90;41m▀[0m[38;2;0;0;0m[48;2;0;0;0m▀[0m      
   [38;2;0;0;0m▄ [38;2;0;0;0m▄[38;2;0;0;0m▄[38;2;0;0;0m[48;2;164;58;77m▀[0m[38;2;0;0;0m[48;2;164;58;77m▀[0m[38;2;0;0;0m[48;2;164;58;77m▀[0m[38;2;156;33;8m[48;2;164;58;77m▀[0m[38;2;239;90;41m[48;2;119;47;53m▀[0m[38;2;239;90;41m[48;2;255;214;41m▀[0m[38;2;255;156;41m[48;2;255;156;41m▀[0m[38;2;239;90;41m[48;2;239;90;41m▀[0m[38;2;239;90;41m[48;2;239;90;41m▀[0m[38;2;239;90;41m[48;2;156;33;8m▀[0m[38;2;156;33;8m[48;2;156;33;8m▀[0m[38;2;156;33;8m[48;2;239;90;41m▀[0m[38;2;0;0;0m[48;2;239;90;41m▀[0m[38;2;0;0;0m[48;2;0;0;0m▀[0m    
  [38;2;0;0;0m[48;2;0;0;0m▀[0m[38;2;164;58;77m[48;2;119;47;53m▀[0m[38;2;0;0;0m[48;2;164;58;77m▀[0m[38;2;164;58;77m[48;2;164;58;77m▀[0m[38;2;164;58;77m[48;2;164;58;77m▀[0m[38;2;164;58;77m[48;2;0;0;0m▀[0m[38;2;0;0;0m[48;2;164;58;77m▀[0m[38;2;0;0;0m[48;2;107;54;63m▀[0m[38;2;164;58;77m[48;2;164;58;77m▀[0m[38;2;164;58;77m[48;2;164;58;77m▀[0m[38;2;164;58;77m[48;2;164;58;77m▀[0m[38;2;255;214;41m[48;2;255;156;41m▀[0m[38;2;239;90;41m[48;2;255;214;41m▀[0m[38;2;255;214;41m[48;2;239;90;41m▀[0m[38;2;239;90;41m[48;2;255;156;41m▀[0m[38;2;239;90;41m[48;2;255;156;41m▀[0m[38;2;255;156;41m[48;2;0;0;0m▀[0m[38;2;0;0;0m▀     
  [38;2;0;0;0m[48;2;0;0;0m▀[0m[38;2;164;58;77m[48;2;164;58;77m▀[0m[38;2;164;58;77m[48;2;164;58;77m▀[0m[38;2;164;58;77m[48;2;164;58;77m▀[0m[38;2;107;54;63m[48;2;164;58;77m▀[0m[38;2;164;58;77m[48;2;164;58;77m▀[0m[38;2;164;58;77m[48;2;164;58;77m▀[0m[38;2;119;47;53m[48;2;164;58;77m▀[0m[38;2;164;58;77m[48;2;247;230;132m▀[0m[38;2;164;58;77m[48;2;247;230;132m▀[0m[38;2;164;58;77m[48;2;164;58;77m▀[0m[38;2;164;58;77m[48;2;164;58;77m▀[0m[38;2;255;214;41m[48;2;255;156;41m▀[0m[38;2;255;214;41m[48;2;239;90;41m▀[0m[38;2;255;156;41m[48;2;239;90;41m▀[0m[38;2;156;33;8m[48;2;239;90;41m▀[0m[38;2;156;33;8m[48;2;239;90;41m▀[0m[38;2;0;0;0m▄     
 [38;2;0;0;0m[48;2;0;0;0m▀[0m[38;2;164;58;77m[48;2;164;58;77m▀[0m[38;2;164;58;77m[48;2;164;58;77m▀[0m[38;2;164;58;77m[48;2;119;47;53m▀[0m[38;2;164;58;77m[48;2;164;58;77m▀[0m[38;2;164;58;77m[48;2;156;33;8m▀[0m[38;2;0;0;0m[48;2;255;255;255m▀[0m[38;2;236;214;98m[48;2;178;150;57m▀[0m[38;2;247;230;132m[48;2;247;230;132m▀[0m[38;2;247;230;132m[48;2;247;230;132m▀[0m[38;2;247;230;132m[48;2;247;230;132m▀[0m[38;2;247;230;132m[48;2;247;230;132m▀[0m[38;2;164;58;77m[48;2;239;90;41m▀[0m[38;2;239;90;41m[48;2;239;90;41m▀[0m[38;2;255;156;41m[48;2;156;33;8m▀[0m[38;2;239;90;41m[48;2;239;90;41m▀[0m[38;2;239;90;41m[48;2;119;47;53m▀[0m[38;2;156;33;8m[48;2;119;47;53m▀[0m[38;2;0;0;0m▄     
 [38;2;0;0;0m[48;2;0;0;0m▀[0m[38;2;164;58;77m[48;2;164;58;77m▀[0m[38;2;164;58;77m[48;2;164;58;77m▀[0m[38;2;164;58;77m[48;2;164;58;77m▀[0m[38;2;0;0;0m[48;2;236;214;98m▀[0m[38;2;239;90;41m[48;2;236;214;98m▀[0m[38;2;206;214;214m[48;2;236;214;98m▀[0m[38;2;247;230;132m[48;2;65;65;65m▀[0m[38;2;247;230;132m[48;2;65;65;65m▀[0m[38;2;247;230;132m[48;2;247;230;132m▀[0m[38;2;247;230;132m[48;2;247;230;132m▀[0m[38;2;247;230;132m[48;2;247;230;132m▀[0m[38;2;247;230;132m[48;2;247;230;132m▀[0m[38;2;239;90;41m[48;2;247;230;132m▀[0m[38;2;247;230;132m[48;2;247;230;132m▀[0m[38;2;156;33;8m[48;2;247;230;132m▀[0m[38;2;247;230;132m[48;2;247;230;132m▀[0m[38;2;119;47;53m[48;2;247;230;132m▀[0m[38;2;0;0;0m[48;2;119;47;53m▀[0m[38;2;0;0;0m▄    
 [38;2;0;0;0m▀[38;2;164;58;77m[48;2;0;0;0m▀[0m[38;2;236;214;98m[48;2;0;0;0m▀[0m[38;2;236;214;98m[48;2;0;0;0m▀[0m[38;2;236;214;98m[48;2;0;0;0m▀[0m[38;2;0;0;0m▀[38;2;0;0;0m▀[38;2;236;214;98m[48;2;0;0;0m▀[0m[38;2;178;150;57m[48;2;0;0;0m▀[0m[38;2;65;65;65m[48;2;247;230;132m▀[0m[38;2;247;230;132m[48;2;247;230;132m▀[0m[38;2;247;230;132m[48;2;247;230;132m▀[0m[38;2;247;230;132m[48;2;247;230;132m▀[0m[38;2;247;230;132m[48;2;247;230;132m▀[0m[38;2;236;214;98m[48;2;247;230;132m▀[0m[38;2;247;230;132m[48;2;0;0;0m▀[0m[38;2;247;230;132m[48;2;247;230;132m▀[0m[38;2;247;230;132m[48;2;247;230;132m▀[0m[38;2;247;230;132m[48;2;247;230;132m▀[0m[38;2;0;0;0m[48;2;247;230;132m▀[0m[38;2;0;0;0m▄   
        [38;2;0;0;0m▄[38;2;0;0;0m[48;2;247;230;132m▀[0m[38;2;247;230;132m[48;2;236;214;98m▀[0m[38;2;247;230;132m[48;2;247;230;132m▀[0m[38;2;247;230;132m[48;2;247;230;132m▀[0m[38;2;247;230;132m[48;2;247;230;132m▀[0m[38;2;247;230;132m[48;2;247;230;132m▀[0m[38;2;247;230;132m[48;2;247;230;132m▀[0m[38;2;247;230;132m[48;2;247;230;132m▀[0m[38;2;0;0;0m[48;2;247;230;132m▀[0m[38;2;0;0;0m[48;2;236;214;98m▀[0m[38;2;247;230;132m[48;2;0;0;0m▀[0m[38;2;0;0;0m[48;2;119;47;53m▀[0m[38;2;0;0;0m[48;2;119;47;53m▀[0m[38;2;0;0;0m▄  
        [38;2;0;0;0m▀[38;2;236;214;98m[48;2;0;0;0m▀[0m[38;2;236;214;98m[48;2;178;150;57m▀[0m[38;2;236;214;98m[48;2;236;214;98m▀[0m[38;2;247;230;132m[48;2;236;214;98m▀[0m[38;2;247;230;132m[48;2;236;214;98m▀[0m[38;2;247;230;132m[48;2;236;214;98m▀[0m[38;2;236;214;98m[48;2;236;214;98m▀[0m[38;2;247;230;132m[48;2;247;230;132m▀[0m[38;2;247;230;132m[48;2;247;230;132m▀[0m[38;2;247;230;132m[48;2;247;230;132m▀[0m[38;2;247;230;132m[48;2;247;230;132m▀[0m[38;2;119;47;53m[48;2;236;214;98m▀[0m[38;2;119;47;53m[48;2;119;47;53m▀[0m[38;2;119;47;53m[48;2;0;0;0m▀[0m[38;2;0;0;0m[48;2;0;0;0m▀[0m 
        [38;2;0;0;0m▀[38;2;236;214;98m[48;2;0;0;0m▀[0m[38;2;178;150;57m[48;2;0;0;0m▀[0m[38;2;0;0;0m▀[38;2;0;0;0m▀[38;2;236;214;98m[48;2;0;0;0m▀[0m[38;2;236;214;98m[48;2;0;0;0m▀[0m[38;2;236;214;98m[48;2;0;0;0m▀[0m[38;2;236;214;98m[48;2;236;214;98m▀[0m[38;2;247;230;132m[48;2;236;214;98m▀[0m[38;2;247;230;132m[48;2;236;214;98m▀[0m[38;2;236;214;98m[48;2;236;214;98m▀[0m[38;2;236;214;98m[48;2;178;150;57m▀[0m[38;2;0;0;0m[48;2;0;0;0m▀[0m[38;2;0;0;0m▀  
                [38;2;0;0;0m▀[38;2;0;0;0m▀[38;2;236;214;98m[48;2;0;0;0m▀[0m[38;2;178;150;57m[48;2;247;230;132m▀[0m[38;2;65;65;65m[48;2;247;230;132m▀[0m[38;2;0;0;0m[48;2;0;0;0m▀[0m   
                                [38;2;0;0;0m▀[38;2;0;0;0m▀                  
                                     [0m                                     