            [38;2;0;0;0m▄[38;2;0;0;0m▄[38;2;0;0;0m[48;2;214;204;139m▀[0m[38;2;0;0;0m[48;2;0;0;0m▀[0m                     
         [38;2;0;0;0m▄[38;2;0;0;0m[48;2;214;204;139m▀[0m[38;2;0;0;0m[48;2;216;205;136m▀[0m[38;2;214;204;139m[48;2;216;205;136m▀[0m[38;2;214;204;139m[48;2;160;148;79m▀[0m[38;2;0;0;0m[48;2;0;0;0m▀[0m                      
    [38;2;0;0;0m▄  [38;2;0;0;0m▄[38;2;0;0;0m[48;2;214;204;139m▀[0m[38;2;214;204;139m[48;2;216;205;136m▀[0m[38;2;214;204;139m[48;2;216;205;136m▀[0m[38;2;216;205;136m[48;2;214;204;139m▀[0m[38;2;216;205;136m[48;2;214;204;139m▀[0m[38;2;0;0;0m[48;2;214;204;139m▀[0m[38;2;0;0;8m▄[38;2;0;0;0m▄[38;2;0;0;0m▄                    
   [38;2;0;0;0m[48;2;0;0;0m▀[0m[38;2;160;148;79m[48;2;160;148;79m▀[0m[38;2;0;0;0m[48;2;109;106;77m▀[0m[38;2;0;0;0m[48;2;220;208;128m▀[0m[38;2;214;204;139m[48;2;216;205;136m▀[0m[38;2;214;204;139m[48;2;216;205;136m▀[0m[38;2;216;205;136m[48;2;216;205;136m▀[0m[38;2;216;205;136m[48;2;216;205;136m▀[0m[38;2;214;204;139m[48;2;160;148;79m▀[0m[38;2;93;95;98m[48;2;215;205;136m▀[0m[38;2;107;102;73m[48;2;214;204;139m▀[0m[38;2;214;204;139m[48;2;214;204;139m▀[0m[38;2;214;204;139m[48;2;65;64;64m▀[0m[38;2;214;204;139m[48;2;0;0;0m▀[0m[38;2;0;0;0m▀ [38;2;0;0;0m▄[38;2;0;0;0m▄[38;2;0;0;0m[48;2;214;204;139m▀[0m[38;2;0;0;0m[48;2;0;0;0m▀[0m              
   [38;2;0;0;0m▀[38;2;160;148;79m[48;2;0;0;0m▀[0m[38;2;146;139;94m[48;2;216;205;136m▀[0m[38;2;220;208;128m[48;2;216;205;136m▀[0m[38;2;216;205;136m[48;2;216;205;136m▀[0m[38;2;216;205;136m[48;2;216;205;136m▀[0m[38;2;216;205;136m[48;2;220;208;128m▀[0m[38;2;216;205;136m[48;2;220;208;128m▀[0m[38;2;215;205;136m[48;2;180;178;162m▀[0m[38;2;215;205;136m[48;2;106;103;79m▀[0m[38;2;214;204;139m[48;2;71;72;54m▀[0m[38;2;65;64;64m[48;2;220;208;128m▀[0m[38;2;0;0;0m[48;2;214;204;139m▀[0m[38;2;0;0;0m▄[38;2;0;0;0m[48;2;215;205;136m▀[0m[38;2;0;0;0m[48;2;215;205;136m▀[0m[38;2;214;204;139m[48;2;214;204;139m▀[0m[38;2;214;204;139m[48;2;214;204;139m▀[0m[38;2;0;0;0m[48;2;70;67;51m▀[0m[38;2;0;0;8m▄[38;2;0;0;0m▄[38;2;0;0;0m[48;2;214;204;139m▀[0m[38;2;0;0;0m[48;2;214;204;139m▀[0m[38;2;0;0;0m[48;2;0;0;0m▀[0m          
   [38;2;0;0;8m▄[38;2;0;0;0m[48;2;107;104;78m▀[0m[38;2;216;205;136m[48;2;216;205;136m▀[0m[38;2;216;205;136m[48;2;216;205;136m▀[0m[38;2;216;205;136m[48;2;214;204;139m▀[0m[38;2;216;205;136m[48;2;65;64;64m▀[0m[38;2;146;138;91m[48;2;70;67;51m▀[0m[38;2;71;72;54m[48;2;0;0;8m▀[0m[38;2;28;24;0m[48;2;255;255;255m▀[0m[38;2;255;254;246m[48;2;255;255;255m▀[0m[38;2;146;138;91m[48;2;160;148;79m▀[0m[38;2;220;208;128m[48;2;215;205;136m▀[0m[38;2;214;204;139m[48;2;216;205;136m▀[0m[38;2;214;204;139m[48;2;216;205;136m▀[0m[38;2;160;148;79m[48;2;215;205;136m▀[0m[38;2;215;205;136m[48;2;160;148;79m▀[0m[38;2;65;64;64m[48;2;216;205;136m▀[0m[38;2;65;64;64m[48;2;216;205;136m▀[0m[38;2;214;204;139m[48;2;214;204;139m▀[0m[38;2;214;204;139m[48;2;214;204;139m▀[0m[38;2;214;204;139m[48;2;0;0;0m▀[0m[38;2;214;204;139m[48;2;0;0;0m▀[0m[38;2;0;0;0m▀           
   [38;2;0;0;8m▀[38;2;214;205;147m[48;2;0;0;0m▀[0m[38;2;216;205;136m[48;2;207;197;130m▀[0m[38;2;216;205;136m[48;2;138;131;87m▀[0m[38;2;214;204;139m[48;2;220;208;128m▀[0m[38;2;214;204;139m[48;2;99;103;88m▀[0m[38;2;214;204;139m[48;2;96;97;93m▀[0m[38;2;214;204;139m[48;2;96;97;93m▀[0m[38;2;217;206;133m[48;2;99;103;88m▀[0m[38;2;217;206;133m[48;2;220;208;128m▀[0m[38;2;215;205;136m[48;2;216;205;136m▀[0m[38;2;215;205;136m[48;2;216;205;136m▀[0m[38;2;216;205;136m[48;2;216;205;136m▀[0m[38;2;216;205;136m[48;2;216;205;136m▀[0m[38;2;215;205;136m[48;2;216;205;136m▀[0m[38;2;215;205;136m[48;2;216;205;136m▀[0m[38;2;216;205;136m[48;2;160;148;79m▀[0m[38;2;216;205;136m[48;2;215;205;136m▀[0m[38;2;214;204;139m[48;2;65;64;64m▀[0m[38;2;0;0;0m[48;2;65;64;64m▀[0m[38;2;0;0;0m▄[38;2;0;0;0m[48;2;214;204;139m▀[0m[38;2;0;0;0m[48;2;214;204;139m▀[0m[38;2;0;0;0m[48;2;214;204;139m▀[0m[38;2;0;0;0m▄         
     [38;2;0;0;0m▀[38;2;138;131;87m[48;2;0;0;0m▀[0m[38;2;99;103;88m[48;2;160;148;79m▀[0m[38;2;142;136;100m[48;2;160;148;79m▀[0m[38;2;160;148;79m[48;2;162;154;78m▀[0m[38;2;160;148;79m[48;2;162;154;78m▀[0m[38;2;142;136;100m[48;2;160;148;79m▀[0m[38;2;99;103;88m[48;2;160;148;79m▀[0m[38;2;216;205;136m[48;2;216;205;136m▀[0m[38;2;216;205;136m[48;2;216;205;136m▀[0m[38;2;216;205;136m[48;2;216;205;136m▀[0m[38;2;216;205;136m[48;2;216;205;136m▀[0m[38;2;216;205;136m[48;2;216;205;136m▀[0m[38;2;216;205;136m[48;2;216;205;136m▀[0m[38;2;215;205;136m[48;2;215;205;136m▀[0m[38;2;160;148;79m[48;2;160;148;79m▀[0m[38;2;214;204;139m[48;2;220;208;128m▀[0m[38;2;214;204;139m[48;2;220;208;128m▀[0m[38;2;214;204;139m[48;2;0;0;0m▀[0m[38;2;214;204;139m[48;2;0;0;0m▀[0m[38;2;0;0;0m▀[38;2;0;0;0m▀          
      [38;2;0;0;0m▄[38;2;0;0;0m[48;2;214;204;139m▀[0m[38;2;160;148;79m[48;2;214;204;139m▀[0m[38;2;162;154;78m[48;2;160;148;79m▀[0m[38;2;162;154;78m[48;2;160;148;79m▀[0m[38;2;160;148;79m[48;2;214;204;139m▀[0m[38;2;215;205;136m[48;2;214;204;139m▀[0m[38;2;216;205;136m[48;2;65;64;64m▀[0m[38;2;216;205;136m[48;2;65;64;64m▀[0m[38;2;216;205;136m[48;2;214;204;139m▀[0m[38;2;216;205;136m[48;2;214;204;139m▀[0m[38;2;216;205;136m[48;2;215;205;136m▀[0m[38;2;216;205;136m[48;2;215;205;136m▀[0m[38;2;215;205;136m[48;2;160;148;79m▀[0m[38;2;215;205;136m[48;2;160;148;79m▀[0m[38;2;148;140;86m[48;2;162;155;78m▀[0m[38;2;3;4;0m[48;2;162;155;78m▀[0m[38;2;0;0;0m▄[38;2;0;0;0m▄[38;2;0;0;0m▄           
    [38;2;0;0;0m▄[38;2;0;0;0m[48;2;160;148;79m▀[0m[38;2;160;148;79m[48;2;160;148;79m▀[0m[38;2;65;64;64m[48;2;65;64;64m▀[0m[38;2;214;204;139m[48;2;214;204;139m▀[0m[38;2;215;205;136m[48;2;216;205;136m▀[0m[38;2;215;205;136m[48;2;216;205;136m▀[0m[38;2;214;204;139m[48;2;65;56;58m▀[0m[38;2;65;64;64m[48;2;107;105;92m▀[0m[38;2;96;97;93m[48;2;107;105;92m▀[0m[38;2;96;97;93m[48;2;214;204;139m▀[0m[38;2;65;64;64m[48;2;214;204;139m▀[0m[38;2;214;204;139m[48;2;214;204;139m▀[0m[38;2;215;205;136m[48;2;160;148;79m▀[0m[38;2;160;148;79m[48;2;215;205;136m▀[0m[38;2;215;205;136m[48;2;216;205;136m▀[0m[38;2;215;205;136m[48;2;216;205;136m▀[0m[38;2;65;64;64m[48;2;228;213;125m▀[0m[38;2;162;155;78m[48;2;69;75;54m▀[0m[38;2;160;148;79m[48;2;162;155;78m▀[0m[38;2;160;148;79m[48;2;65;64;64m▀[0m[38;2;160;148;79m[48;2;0;0;0m▀[0m[38;2;0;0;0m▀          
   [38;2;0;0;0m[48;2;0;0;0m▀[0m[38;2;160;148;79m[48;2;160;148;79m▀[0m[38;2;109;106;77m[48;2;162;155;78m▀[0m[38;2;74;60;73m[48;2;65;64;64m▀[0m[38;2;214;204;139m[48;2;214;204;139m▀[0m[38;2;214;204;139m[48;2;214;204;139m▀[0m[38;2;216;205;136m[48;2;214;204;139m▀[0m[38;2;216;205;136m[48;2;214;204;139m▀[0m[38;2;214;204;139m[48;2;216;205;136m▀[0m[38;2;214;204;139m[48;2;216;205;136m▀[0m[38;2;214;204;139m[48;2;65;56;58m▀[0m[38;2;65;56;58m[48;2;107;105;92m▀[0m[38;2;65;64;64m[48;2;93;95;98m▀[0m[38;2;214;204;139m[48;2;214;204;139m▀[0m[38;2;160;148;79m[48;2;214;204;139m▀[0m[38;2;215;205;136m[48;2;214;204;139m▀[0m[38;2;216;205;136m[48;2;215;205;136m▀[0m[38;2;216;205;136m[48;2;160;148;79m▀[0m[38;2;151;144;89m[48;2;215;205;136m▀[0m[38;2;151;144;89m[48;2;215;205;136m▀[0m[38;2;65;64;64m[48;2;75;71;49m▀[0m[38;2;162;155;78m[48;2;75;71;49m▀[0m[38;2;160;148;79m[48;2;0;0;0m▀[0m[38;2;0;0;0m▀          
 [38;2;0;0;0m▄[38;2;0;0;0m[48;2;222;222;222m▀[0m[38;2;160;148;79m[48;2;124;123;100m▀[0m[38;2;160;148;79m[48;2;124;123;100m▀[0m[38;2;65;64;64m[48;2;69;75;54m▀[0m[38;2;162;155;78m[48;2;228;213;125m▀[0m[38;2;214;204;139m[48;2;65;64;64m▀[0m[38;2;65;64;64m[48;2;194;148;214m▀[0m[38;2;65;64;64m[48;2;198;147;218m▀[0m[38;2;214;204;139m[48;2;65;60;61m▀[0m[38;2;216;205;136m[48;2;214;204;139m▀[0m[38;2;216;205;136m[48;2;214;204;139m▀[0m[38;2;214;204;139m[48;2;216;205;136m▀[0m[38;2;214;204;139m[48;2;216;205;136m▀[0m[38;2;214;204;139m[48;2;216;205;136m▀[0m[38;2;214;204;139m[48;2;216;205;136m▀[0m[38;2;65;64;64m[48;2;214;204;139m▀[0m[38;2;214;204;139m[48;2;65;64;64m▀[0m[38;2;160;148;79m[48;2;220;208;128m▀[0m[38;2;215;205;136m[48;2;146;138;91m▀[0m[38;2;160;148;79m[48;2;216;205;136m▀[0m[38;2;160;148;79m[48;2;216;205;136m▀[0m[38;2;154;148;89m[48;2;225;212;127m▀[0m[38;2;8;0;2m[48;2;0;0;8m▀[0m      [38;2;0;0;0m▄     
  [38;2;0;0;0m▀[38;2;223;228;210m[48;2;0;0;0m▀[0m[38;2;71;67;45m[48;2;65;64;64m▀[0m[38;2;151;144;89m[48;2;154;148;89m▀[0m[38;2;151;144;89m[48;2;75;71;49m▀[0m[38;2;65;64;64m[48;2;162;155;78m▀[0m[38;2;156;116;170m[48;2;65;64;64m▀[0m[38;2;161;115;173m[48;2;201;156;217m▀[0m[38;2;161;115;173m[48;2;201;156;217m▀[0m[38;2;65;64;64m[48;2;198;147;218m▀[0m[38;2;214;204;139m[48;2;65;60;61m▀[0m[38;2;216;205;136m[48;2;74;60;73m▀[0m[38;2;216;205;136m[48;2;216;205;136m▀[0m[38;2;216;205;136m[48;2;216;205;136m▀[0m[38;2;216;205;136m[48;2;216;205;136m▀[0m[38;2;214;204;139m[48;2;225;212;127m▀[0m[38;2;214;204;139m[48;2;67;68;64m▀[0m[38;2;71;72;54m[48;2;69;67;56m▀[0m[38;2;220;208;128m[48;2;255;254;246m▀[0m[38;2;216;205;136m[48;2;143;138;103m▀[0m[38;2;216;205;136m[48;2;143;138;103m▀[0m[38;2;150;141;87m[48;2;255;254;246m▀[0m[38;2;74;70;48m[48;2;70;73;63m▀[0m[38;2;0;0;0m[48;2;162;155;78m▀[0m[38;2;0;0;0m[48;2;162;155;78m▀[0m[38;2;0;0;0m▄[38;2;0;0;0m▄[38;2;0;0;0m▄[38;2;0;0;0m[48;2;214;204;139m▀[0m[38;2;214;204;139m[48;2;228;213;125m▀[0m[38;2;0;0;0m[48;2;69;75;54m▀[0m[38;2;0;0;0m[48;2;161;154;84m▀[0m[38;2;0;0;0m[48;2;161;154;84m▀[0m[38;2;0;0;0m▄ 
    [38;2;0;0;0m▄[38;2;8;0;2m[48;2;162;154;78m▀[0m[38;2;75;71;49m[48;2;162;154;78m▀[0m[38;2;162;155;78m[48;2;65;64;64m▀[0m[38;2;65;64;64m[48;2;162;155;78m▀[0m[38;2;164;107;170m[48;2;79;75;53m▀[0m[38;2;164;107;170m[48;2;193;163;214m▀[0m[38;2;161;115;173m[48;2;201;156;217m▀[0m[38;2;161;115;173m[48;2;201;156;217m▀[0m[38;2;159;131;157m[48;2;171;110;172m▀[0m[38;2;74;60;73m[48;2;171;110;172m▀[0m[38;2;216;205;136m[48;2;65;64;64m▀[0m[38;2;216;205;136m[48;2;65;64;64m▀[0m[38;2;67;68;64m[48;2;162;155;78m▀[0m[38;2;147;140;96m[48;2;162;155;78m▀[0m[38;2;131;130;119m[48;2;65;64;64m▀[0m[38;2;69;67;56m[48;2;214;204;139m▀[0m[38;2;253;255;246m[48;2;65;64;64m▀[0m[38;2;87;79;33m[48;2;214;204;139m▀[0m[38;2;70;73;63m[48;2;209;200;140m▀[0m[38;2;164;163;155m[48;2;65;60;61m▀[0m[38;2;65;64;64m[48;2;71;62;71m▀[0m[38;2;162;155;78m[48;2;154;148;89m▀[0m[38;2;150;141;85m[48;2;162;154;78m▀[0m[38;2;225;212;127m[48;2;162;154;78m▀[0m[38;2;214;204;139m[48;2;162;154;78m▀[0m[38;2;214;204;139m[48;2;162;154;78m▀[0m[38;2;151;144;89m[48;2;162;154;78m▀[0m[38;2;151;144;89m[48;2;162;154;78m▀[0m[38;2;77;79;47m[48;2;160;148;79m▀[0m[38;2;0;0;8m[48;2;160;148;79m▀[0m[38;2;0;0;0m▄ 
   [38;2;0;0;0m[48;2;0;0;0m▀[0m[38;2;160;148;79m[48;2;160;148;79m▀[0m[38;2;162;154;78m[48;2;65;64;64m▀[0m[38;2;162;154;78m[48;2;65;64;64m▀[0m[38;2;162;155;78m[48;2;162;155;78m▀[0m[38;2;65;64;64m[48;2;162;155;78m▀[0m[38;2;101;109;109m[48;2;65;64;64m▀[0m[38;2;79;75;53m[48;2;162;155;78m▀[0m[38;2;164;107;170m[48;2;78;58;82m▀[0m[38;2;164;107;170m[48;2;164;113;162m▀[0m[38;2;171;110;172m[48;2;103;112;68m▀[0m[38;2;110;111;68m[48;2;164;156;78m▀[0m[38;2;162;155;78m[48;2;162;154;78m▀[0m[38;2;162;155;78m[48;2;162;154;78m▀[0m[38;2;162;155;78m[48;2;162;155;78m▀[0m[38;2;65;64;64m[48;2;65;64;64m▀[0m[38;2;214;204;139m[48;2;215;205;136m▀[0m[38;2;214;204;139m[48;2;215;205;136m▀[0m[38;2;214;204;139m[48;2;216;205;136m▀[0m[38;2;214;204;139m[48;2;216;205;136m▀[0m[38;2;65;60;61m[48;2;216;205;136m▀[0m[38;2;108;106;92m[48;2;216;205;136m▀[0m[38;2;106;105;80m[48;2;214;204;139m▀[0m[38;2;71;62;71m[48;2;65;64;64m▀[0m[38;2;162;154;78m[48;2;160;148;79m▀[0m[38;2;162;154;78m[48;2;160;148;79m▀[0m[38;2;162;154;78m[48;2;160;148;79m▀[0m[38;2;162;154;78m[48;2;0;0;0m▀[0m[38;2;162;154;78m[48;2;0;0;0m▀[0m[38;2;162;154;78m[48;2;0;0;0m▀[0m[38;2;0;0;0m▀[38;2;0;0;0m▀  
    [38;2;0;0;0m[48;2;0;0;0m▀[0m[38;2;162;155;78m[48;2;159;154;88m▀[0m[38;2;162;155;78m[48;2;159;154;88m▀[0m[38;2;65;64;64m[48;2;160;148;79m▀[0m[38;2;162;155;78m[48;2;74;60;73m▀[0m[38;2;162;155;78m[48;2;65;64;64m▀[0m[38;2;65;64;64m[48;2;65;64;64m▀[0m[38;2;78;58;82m[48;2;0;0;0m▀[0m[38;2;3;4;0m▀[38;2;164;156;78m[48;2;0;0;0m▀[0m[38;2;164;156;78m[48;2;0;0;0m▀[0m[38;2;162;154;78m[48;2;0;0;0m▀[0m[38;2;162;154;78m[48;2;0;0;0m▀[0m[38;2;65;64;64m[48;2;0;0;0m▀[0m[38;2;162;155;78m[48;2;160;148;79m▀[0m[38;2;160;148;79m[48;2;162;155;78m▀[0m[38;2;215;205;136m[48;2;65;64;64m▀[0m[38;2;216;205;136m[48;2;65;64;64m▀[0m[38;2;216;205;136m[48;2;65;64;64m▀[0m[38;2;216;205;136m[48;2;67;68;64m▀[0m[38;2;216;205;136m[48;2;225;212;127m▀[0m[38;2;65;64;64m[48;2;214;204;139m▀[0m[38;2;65;64;64m[48;2;0;0;0m▀[0m[38;2;0;0;0m▀[38;2;0;0;0m▀[38;2;0;0;0m▀       
    [38;2;0;0;0m▄[38;2;8;0;2m[48;2;217;219;212m▀[0m[38;2;105;101;62m[48;2;108;109;105m▀[0m[38;2;109;106;77m[48;2;217;219;212m▀[0m[38;2;160;148;79m[48;2;108;109;105m▀[0m[38;2;162;155;78m[48;2;0;0;0m▀[0m[38;2;162;155;78m[48;2;0;0;0m▀[0m[38;2;0;0;0m▀     [38;2;0;0;0m▀[38;2;160;148;79m[48;2;0;0;0m▀[0m[38;2;65;64;64m[48;2;0;0;0m▀[0m[38;2;162;155;78m[48;2;225;212;127m▀[0m[38;2;162;155;78m[48;2;160;148;79m▀[0m[38;2;162;155;78m[48;2;160;148;79m▀[0m[38;2;147;140;96m[48;2;160;148;79m▀[0m[38;2;67;68;64m[48;2;215;205;136m▀[0m[38;2;214;204;139m[48;2;0;0;0m▀[0m[38;2;0;0;0m▀          
     [38;2;0;0;0m▀[38;2;0;0;0m▀[38;2;0;0;0m▀[38;2;0;0;0m▀          [38;2;0;0;0m[48;2;0;0;0m▀[0m[38;2;150;141;85m[48;2;255;255;255m▀[0m[38;2;215;205;136m[48;2;99;103;88m▀[0m[38;2;215;205;136m[48;2;99;103;88m▀[0m[38;2;215;205;136m[48;2;86;87;83m▀[0m[38;2;160;148;79m[48;2;255;255;255m▀[0m[38;2;0;0;0m[48;2;0;0;0m▀[0m           
                    [38;2;0;0;0m▀[38;2;21;27;5m▀[38;2;255;255;255m[48;2;0;0;0m▀[0m[38;2;3;4;0m▀[38;2;3;4;0m▀            
                                     [0m                                     