      [38;2;0;4;0m▄[38;2;0;4;0m[48;2;210;103;228m▀[0m[38;2;0;4;0m[48;2;210;103;228m▀[0m[38;2;0;4;0m[48;2;210;103;228m▀[0m[38;2;0;4;0m▄                     
    [38;2;0;4;0m▄[38;2;0;4;0m[48;2;210;103;228m▀[0m[38;2;210;103;228m[48;2;0;4;0m▀[0m[38;2;0;4;0m▀[38;2;0;4;0m▀[38;2;110;62;131m[48;2;8;0;8m▀[0m[38;2;182;93;255m[48;2;110;62;131m▀[0m[38;2;0;4;0m[48;2;66;64;66m▀[0m[38;2;0;4;0m▄[38;2;0;4;0m[48;2;210;103;228m▀[0m[38;2;0;4;0m[48;2;210;103;228m▀[0m[38;2;0;4;0m[48;2;210;103;228m▀[0m[38;2;0;4;0m[48;2;210;103;228m▀[0m[38;2;0;4;0m▄[38;2;0;4;0m▄             
   [38;2;0;4;0m▄[38;2;0;4;0m[48;2;105;54;147m▀[0m[38;2;210;103;228m[48;2;0;4;0m▀[0m[38;2;0;4;0m▀  [38;2;0;4;0m▄[38;2;0;4;0m[48;2;210;103;228m▀[0m[38;2;217;104;228m[48;2;217;104;228m▀[0m[38;2;217;104;228m[48;2;217;104;228m▀[0m[38;2;210;103;228m[48;2;0;4;0m▀[0m[38;2;0;4;0m▀[38;2;0;4;0m▀[38;2;0;4;0m▀[38;2;206;100;255m[48;2;8;0;8m▀[0m[38;2;206;100;255m[48;2;118;66;131m▀[0m[38;2;0;4;0m[48;2;210;103;228m▀[0m[38;2;0;4;0m▄        [38;2;0;4;0m▄[38;2;0;4;0m▄ 
   [38;2;0;4;0m[48;2;0;4;0m▀[0m[38;2;105;54;147m[48;2;105;54;147m▀[0m[38;2;0;4;0m[48;2;66;64;66m▀[0m[38;2;0;4;0m▄[38;2;0;8;0m[48;2;61;39;59m▀[0m[38;2;0;8;0m[48;2;215;106;228m▀[0m[38;2;217;104;228m[48;2;217;104;228m▀[0m[38;2;217;104;228m[48;2;217;104;228m▀[0m[38;2;210;103;228m[48;2;210;103;228m▀[0m[38;2;66;65;66m[48;2;210;103;228m▀[0m[38;2;60;41;61m[48;2;215;106;228m▀[0m[38;2;0;12;8m[48;2;215;106;228m▀[0m[38;2;0;4;0m▄[38;2;0;4;0m▄ [38;2;0;4;0m[48;2;0;4;0m▀[0m[38;2;206;100;255m[48;2;118;66;131m▀[0m[38;2;8;0;8m[48;2;206;100;255m▀[0m[38;2;0;4;0m▄    [38;2;0;4;0m▄[38;2;0;4;0m[48;2;120;87;65m▀[0m[38;2;0;4;0m[48;2;120;87;65m▀[0m[38;2;120;87;65m[48;2;120;87;65m▀[0m[38;2;0;4;0m[48;2;0;4;0m▀[0m 
   [38;2;0;4;0m▀[38;2;105;54;147m[48;2;0;4;0m▀[0m[38;2;105;54;144m[48;2;105;54;144m▀[0m[38;2;66;65;66m[48;2;66;65;66m▀[0m[38;2;66;65;66m[48;2;210;103;228m▀[0m[38;2;210;103;228m[48;2;210;103;228m▀[0m[38;2;210;103;228m[48;2;201;194;189m▀[0m[38;2;201;194;189m[48;2;201;194;189m▀[0m[38;2;198;195;189m[48;2;198;195;189m▀[0m[38;2;198;195;189m[48;2;93;97;95m▀[0m[38;2;217;104;228m[48;2;217;104;228m▀[0m[38;2;217;104;228m[48;2;217;104;228m▀[0m[38;2;210;103;228m[48;2;210;103;228m▀[0m[38;2;210;103;228m[48;2;0;4;0m▀[0m[38;2;0;4;0m▀ [38;2;0;4;0m[48;2;0;4;0m▀[0m[38;2;210;103;228m[48;2;210;103;228m▀[0m[38;2;0;4;0m[48;2;0;4;0m▀[0m  [38;2;0;4;0m▄[38;2;0;4;0m[48;2;120;87;65m▀[0m[38;2;120;87;65m[48;2;120;87;65m▀[0m[38;2;199;198;167m[48;2;120;87;65m▀[0m[38;2;199;198;167m[48;2;120;87;65m▀[0m[38;2;120;87;65m[48;2;0;4;0m▀[0m[38;2;0;4;0m▀ 
   [38;2;0;4;0m▄[38;2;0;4;0m[48;2;255;216;66m▀[0m[38;2;255;216;66m[48;2;255;216;66m▀[0m[38;2;193;143;66m[48;2;255;216;66m▀[0m[38;2;210;103;228m[48;2;192;141;65m▀[0m[38;2;210;103;228m[48;2;210;103;228m▀[0m[38;2;231;198;123m[48;2;231;198;123m▀[0m[38;2;8;0;0m[48;2;119;98;61m▀[0m[38;2;95;95;95m[48;2;255;255;255m▀[0m[38;2;255;255;255m[48;2;255;255;255m▀[0m[38;2;210;103;228m[48;2;210;103;228m▀[0m[38;2;210;103;228m[48;2;0;4;0m▀[0m[38;2;0;4;0m▀  [38;2;0;4;0m▄[38;2;0;4;0m[48;2;105;54;147m▀[0m[38;2;105;54;147m[48;2;105;54;147m▀[0m[38;2;0;4;0m[48;2;0;4;0m▀[0m [38;2;0;4;0m▄[38;2;0;4;0m[48;2;120;87;65m▀[0m[38;2;120;87;65m[48;2;120;87;65m▀[0m[38;2;199;198;167m[48;2;120;87;65m▀[0m[38;2;201;200;169m[48;2;116;83;60m▀[0m[38;2;116;83;60m[48;2;8;8;8m▀[0m[38;2;0;4;0m▀  
  [38;2;0;4;0m[48;2;0;4;0m▀[0m[38;2;255;216;66m[48;2;255;216;66m▀[0m[38;2;255;216;66m[48;2;95;95;93m▀[0m[38;2;255;216;66m[48;2;74;60;82m▀[0m[38;2;134;119;76m[48;2;194;164;71m▀[0m[38;2;134;124;93m[48;2;198;169;90m▀[0m[38;2;71;66;96m[48;2;134;124;93m▀[0m[38;2;210;103;228m[48;2;66;65;66m▀[0m[38;2;210;103;228m[48;2;66;65;66m▀[0m[38;2;200;106;212m[48;2;57;69;66m▀[0m[38;2;57;69;66m[48;2;117;93;99m▀[0m[38;2;0;4;0m[48;2;0;4;0m▀[0m   [38;2;0;4;0m▄[38;2;0;4;0m[48;2;105;54;147m▀[0m[38;2;105;54;147m[48;2;105;54;147m▀[0m[38;2;0;4;0m[48;2;0;4;0m▀[0m [38;2;0;4;0m[48;2;0;4;0m▀[0m[38;2;120;87;65m[48;2;120;87;65m▀[0m[38;2;199;198;167m[48;2;120;87;65m▀[0m[38;2;199;198;167m[48;2;120;87;65m▀[0m[38;2;199;198;167m[48;2;120;87;65m▀[0m[38;2;120;87;65m[48;2;0;4;0m▀[0m[38;2;0;4;0m▀   
   [38;2;0;8;0m[48;2;0;8;0m▀[0m[38;2;57;33;67m[48;2;110;60;139m▀[0m[38;2;105;54;147m[48;2;0;4;0m▀[0m[38;2;0;4;0m▀[38;2;123;125;115m[48;2;8;12;0m▀[0m[38;2;206;205;176m[48;2;206;205;176m▀[0m[38;2;199;198;167m[48;2;199;198;167m▀[0m[38;2;120;87;65m[48;2;120;87;65m▀[0m[38;2;120;87;65m[48;2;120;87;65m▀[0m[38;2;0;4;0m[48;2;0;4;0m▀[0m   [38;2;0;4;0m[48;2;0;4;0m▀[0m[38;2;118;66;131m[48;2;206;100;255m▀[0m[38;2;206;100;255m[48;2;8;0;8m▀[0m[38;2;0;4;0m▀ [38;2;0;8;0m[48;2;0;8;0m▀[0m[38;2;114;81;58m[48;2;201;200;169m▀[0m[38;2;199;198;167m[48;2;120;87;65m▀[0m[38;2;199;198;167m[48;2;199;198;167m▀[0m[38;2;201;200;169m[48;2;116;83;60m▀[0m[38;2;116;83;60m[48;2;8;8;8m▀[0m[38;2;0;4;0m▀    
 [38;2;0;4;0m▄[38;2;0;4;0m[48;2;105;54;147m▀[0m[38;2;105;54;147m[48;2;0;4;0m▀[0m[38;2;0;4;0m▀  [38;2;0;8;0m[48;2;0;8;0m▀[0m[38;2;201;200;169m[48;2;114;81;58m▀[0m[38;2;120;87;65m[48;2;120;87;65m▀[0m[38;2;120;87;65m[48;2;120;87;65m▀[0m[38;2;120;87;65m[48;2;120;87;65m▀[0m[38;2;120;87;65m[48;2;120;87;65m▀[0m[38;2;0;4;0m[48;2;120;87;65m▀[0m[38;2;0;4;0m▄[38;2;0;12;8m[48;2;215;106;228m▀[0m[38;2;215;106;228m[48;2;68;61;51m▀[0m[38;2;68;61;51m[48;2;199;198;167m▀[0m[38;2;8;8;0m[48;2;199;198;167m▀[0m[38;2;0;4;0m▄[38;2;0;4;0m[48;2;89;56;31m▀[0m[38;2;116;83;60m[48;2;95;62;38m▀[0m[38;2;116;83;60m[48;2;76;138;119m▀[0m[38;2;120;87;65m[48;2;120;87;65m▀[0m[38;2;120;87;65m[48;2;0;4;0m▀[0m[38;2;0;4;0m▀      
 [38;2;0;4;0m[48;2;0;4;0m▀[0m[38;2;105;54;147m[48;2;105;54;147m▀[0m[38;2;0;4;0m[48;2;0;4;0m▀[0m  [38;2;0;4;0m[48;2;0;4;0m▀[0m[38;2;120;87;65m[48;2;120;87;65m▀[0m[38;2;120;87;65m[48;2;120;87;65m▀[0m[38;2;120;87;65m[48;2;89;56;31m▀[0m[38;2;120;87;65m[48;2;120;87;65m▀[0m[38;2;119;86;64m[48;2;80;184;154m▀[0m[38;2;119;86;64m[48;2;119;86;64m▀[0m[38;2;71;63;58m[48;2;71;63;58m▀[0m[38;2;210;103;228m[48;2;210;103;228m▀[0m[38;2;71;63;58m[48;2;71;63;58m▀[0m[38;2;198;197;165m[48;2;198;197;165m▀[0m[38;2;198;197;165m[48;2;198;197;165m▀[0m[38;2;198;197;165m[48;2;198;197;165m▀[0m[38;2;199;198;167m[48;2;120;87;65m▀[0m[38;2;120;87;65m[48;2;120;87;65m▀[0m[38;2;89;56;31m[48;2;198;197;165m▀[0m[38;2;89;56;31m[48;2;89;56;31m▀[0m[38;2;120;87;65m[48;2;89;56;31m▀[0m[38;2;89;56;31m[48;2;120;87;65m▀[0m[38;2;0;4;0m[48;2;120;87;65m▀[0m[38;2;0;4;0m[48;2;0;4;0m▀[0m     
  [38;2;0;4;0m▀   [38;2;0;4;0m▀[38;2;78;117;112m[48;2;0;0;0m▀[0m[38;2;51;77;74m[48;2;78;117;112m▀[0m[38;2;80;184;154m[48;2;119;86;64m▀[0m[38;2;119;86;64m[48;2;119;86;64m▀[0m[38;2;72;108;98m[48;2;77;130;115m▀[0m[38;2;71;63;58m[48;2;71;63;58m▀[0m[38;2;210;103;228m[48;2;210;103;228m▀[0m[38;2;71;63;58m[48;2;71;63;58m▀[0m[38;2;198;197;165m[48;2;198;197;165m▀[0m[38;2;198;197;165m[48;2;198;197;165m▀[0m[38;2;199;198;167m[48;2;199;198;167m▀[0m[38;2;199;198;167m[48;2;120;87;65m▀[0m[38;2;120;87;65m[48;2;120;87;65m▀[0m[38;2;120;87;65m[48;2;199;198;167m▀[0m[38;2;198;197;165m[48;2;198;197;165m▀[0m[38;2;198;197;165m[48;2;198;197;165m▀[0m[38;2;120;87;65m[48;2;120;87;65m▀[0m[38;2;120;87;65m[48;2;120;87;65m▀[0m[38;2;0;4;0m[48;2;0;4;0m▀[0m      
       [38;2;0;4;0m▀[38;2;80;184;154m[48;2;0;4;0m▀[0m[38;2;60;139;122m[48;2;76;185;155m▀[0m[38;2;60;139;122m[48;2;76;185;155m▀[0m[38;2;76;185;155m[48;2;76;185;155m▀[0m[38;2;76;185;155m[48;2;60;139;122m▀[0m[38;2;71;63;58m[48;2;62;141;123m▀[0m[38;2;62;141;123m[48;2;62;141;123m▀[0m[38;2;89;56;31m[48;2;77;130;115m▀[0m[38;2;72;108;98m[48;2;89;56;31m▀[0m[38;2;123;90;68m[48;2;86;53;28m▀[0m[38;2;123;90;68m[48;2;196;195;163m▀[0m[38;2;120;87;65m[48;2;199;198;167m▀[0m[38;2;199;198;167m[48;2;199;198;167m▀[0m[38;2;201;200;169m[48;2;116;83;60m▀[0m[38;2;116;83;60m[48;2;8;8;8m▀[0m[38;2;120;87;65m[48;2;0;4;0m▀[0m[38;2;0;4;0m▀       
         [38;2;0;4;0m▀[38;2;0;4;0m▀[38;2;68;131;119m[48;2;8;0;0m▀[0m[38;2;68;131;119m[48;2;48;87;78m▀[0m[38;2;78;121;112m[48;2;54;80;73m▀[0m[38;2;54;80;73m[48;2;8;0;0m▀[0m[38;2;63;141;121m[48;2;0;4;0m▀[0m[38;2;63;141;121m[48;2;63;141;121m▀[0m[38;2;62;141;123m[48;2;62;141;123m▀[0m[38;2;89;56;31m[48;2;62;141;123m▀[0m[38;2;89;56;31m[48;2;0;4;0m▀[0m[38;2;0;4;0m▀[38;2;0;4;0m▀          
          [38;2;0;4;0m▄[38;2;0;4;0m[48;2;141;140;101m▀[0m[38;2;141;140;101m[48;2;141;140;101m▀[0m[38;2;0;4;0m[48;2;0;4;0m▀[0m  [38;2;0;4;0m[48;2;0;4;0m▀[0m[38;2;83;50;24m[48;2;199;198;167m▀[0m[38;2;0;4;0m[48;2;0;4;0m▀[0m             
       [38;2;0;4;0m▄[38;2;0;4;0m[48;2;168;167;131m▀[0m[38;2;0;8;8m[48;2;113;80;57m▀[0m[38;2;146;144;105m[48;2;146;144;105m▀[0m[38;2;143;141;103m[48;2;89;56;31m▀[0m[38;2;89;56;31m[48;2;89;56;31m▀[0m[38;2;81;48;22m[48;2;190;189;156m▀[0m[38;2;0;4;0m[48;2;117;116;79m▀[0m[38;2;0;4;0m[48;2;199;198;167m▀[0m[38;2;199;198;167m[48;2;199;198;167m▀[0m[38;2;199;198;167m[48;2;0;4;0m▀[0m[38;2;0;4;0m▀             
       [38;2;0;4;0m▀[38;2;0;4;0m▀[38;2;0;4;0m▀[38;2;0;4;0m▀[38;2;98;65;41m[48;2;0;4;0m▀[0m[38;2;166;165;127m[48;2;0;4;0m▀[0m[38;2;168;167;131m[48;2;0;4;0m▀[0m[38;2;0;4;0m▀[38;2;166;165;127m[48;2;0;4;0m▀[0m[38;2;98;65;41m[48;2;0;4;0m▀[0m[38;2;0;4;0m▀              
                                     [0m                                     