    [38;2;0;0;0m▄[38;2;0;0;0m[48;2;113;172;255m▀[0m[38;2;0;0;0m[48;2;45;111;203m▀[0m[38;2;0;0;0m▄    
    [38;2;0;0;0m[48;2;0;0;0m▀[0m[38;2;67;133;225m[48;2;67;133;225m▀[0m[38;2;20;86;178m[48;2;20;86;178m▀[0m[38;2;0;0;0m[48;2;0;0;0m▀[0m    
  [38;2;0;0;0m▄[38;2;0;0;0m[48;2;67;133;225m▀[0m[38;2;20;86;178m[48;2;67;133;225m▀[0m[38;2;67;133;225m[48;2;20;86;178m▀[0m[38;2;20;86;178m[48;2;20;86;178m▀[0m[38;2;0;0;0m[48;2;113;172;255m▀[0m[38;2;0;0;0m[48;2;67;133;225m▀[0m[38;2;0;0;0m▄  
 [38;2;0;0;0m▄[38;2;0;0;0m[48;2;45;111;203m▀[0m[38;2;45;111;203m[48;2;169;204;255m▀[0m[38;2;169;204;255m[48;2;234;242;255m▀[0m[38;2;234;242;255m[48;2;234;242;255m▀[0m[38;2;169;204;255m[48;2;234;242;255m▀[0m[38;2;20;86;178m[48;2;169;204;255m▀[0m[38;2;113;172;255m[48;2;20;86;178m▀[0m[38;2;0;0;0m[48;2;113;172;255m▀[0m[38;2;0;0;0m▄ 
 [38;2;0;0;0m[48;2;0;0;0m▀[0m[38;2;45;111;203m[48;2;45;111;203m▀[0m[38;2;234;242;255m[48;2;234;242;255m▀[0m[38;2;65;65;65m[48;2;165;165;165m▀[0m[38;2;132;132;132m[48;2;0;0;0m▀[0m[38;2;234;242;255m[48;2;234;242;255m▀[0m[38;2;234;242;255m[48;2;234;242;255m▀[0m[38;2;20;86;178m[48;2;20;86;178m▀[0m[38;2;113;172;255m[48;2;67;133;225m▀[0m[38;2;0;0;0m[48;2;0;0;0m▀[0m 
  [38;2;0;0;0m[48;2;0;0;0m▀[0m[38;2;234;242;255m[48;2;169;204;255m▀[0m[38;2;0;0;0m[48;2;234;242;255m▀[0m[38;2;65;65;65m[48;2;234;242;255m▀[0m[38;2;234;242;255m[48;2;234;242;255m▀[0m[38;2;234;242;255m[48;2;169;204;255m▀[0m[38;2;20;86;178m[48;2;20;86;178m▀[0m[38;2;67;133;225m[48;2;0;0;0m▀[0m[38;2;0;0;0m▀ 
  [38;2;0;0;0m▄[38;2;0;0;0m[48;2;67;133;225m▀[0m[38;2;169;204;255m[48;2;20;86;178m▀[0m[38;2;234;242;255m[48;2;0;0;0m▀[0m[38;2;169;204;255m[48;2;0;0;0m▀[0m[38;2;20;86;178m[48;2;20;86;178m▀[0m[38;2;0;0;0m[48;2;67;133;225m▀[0m[38;2;0;0;0m▄  
  [38;2;0;0;0m[48;2;0;0;0m▀[0m[38;2;67;133;225m[48;2;67;133;225m▀[0m[38;2;0;0;0m[48;2;20;86;178m▀[0m[38;2;0;0;0m▄[38;2;0;0;0m▄[38;2;0;0;0m[48;2;20;86;178m▀[0m[38;2;67;133;225m[48;2;67;133;225m▀[0m[38;2;0;0;0m[48;2;0;0;0m▀[0m  
 [38;2;0;0;0m[48;2;0;0;0m▀[0m[38;2;67;133;225m[48;2;67;133;225m▀[0m[38;2;45;111;203m[48;2;0;0;0m▀[0m[38;2;0;0;0m▀[38;2;45;111;203m[48;2;0;0;0m▀[0m[38;2;45;111;203m[48;2;0;0;0m▀[0m[38;2;0;0;0m▀[38;2;45;111;203m[48;2;0;0;0m▀[0m[38;2;67;133;225m[48;2;67;133;225m▀[0m[38;2;0;0;0m[48;2;0;0;0m▀[0m 
 [38;2;0;0;0m▀[38;2;67;133;225m[48;2;0;0;0m▀[0m[38;2;0;0;0m▀    [38;2;0;0;0m[48;2;0;0;0m▀[0m[38;2;67;133;225m[48;2;67;133;225m▀[0m[38;2;0;0;0m[48;2;0;0;0m▀[0m 
                                   [38;2;0;0;0m▀                             
                                     [0m                                     