           [38;2;7;7;7m▄[38;2;7;7;7m▄  [38;2;7;7;7m▄[38;2;7;7;7m[48;2;162;80;72m▀[0m[38;2;7;7;7m[48;2;162;80;72m▀[0m[38;2;7;7;7m[48;2;7;7;7m▀[0m  [38;2;7;7;7m▄[38;2;7;7;7m▄[38;2;7;7;7m▄            
         [38;2;7;7;7m▄[38;2;7;7;7m[48;2;162;80;72m▀[0m[38;2;162;80;72m[48;2;162;80;72m▀[0m[38;2;7;7;7m[48;2;7;7;7m▀[0m[38;2;7;7;7m▄[38;2;7;7;7m▄[38;2;7;7;7m[48;2;162;80;72m▀[0m[38;2;162;80;72m[48;2;162;80;72m▀[0m[38;2;162;80;72m[48;2;66;66;66m▀[0m[38;2;7;7;7m[48;2;7;7;7m▀[0m [38;2;7;7;7m[48;2;7;7;7m▀[0m[38;2;162;80;72m[48;2;162;80;72m▀[0m[38;2;162;80;72m[48;2;162;80;72m▀[0m[38;2;7;7;7m[48;2;7;7;7m▀[0m [38;2;7;7;7m▄[38;2;7;7;7m▄[38;2;7;7;7m▄        
       [38;2;7;7;7m▄[38;2;7;7;7m▄[38;2;7;7;7m▀[38;2;162;80;72m[48;2;7;7;7m▀[0m[38;2;162;80;72m[48;2;162;80;72m▀[0m[38;2;66;66;66m[48;2;66;66;66m▀[0m[38;2;189;171;162m[48;2;189;171;162m▀[0m[38;2;66;66;66m[48;2;189;171;162m▀[0m[38;2;162;80;72m[48;2;66;66;66m▀[0m[38;2;162;80;72m[48;2;66;66;66m▀[0m[38;2;66;66;66m[48;2;189;171;162m▀[0m[38;2;189;171;162m[48;2;189;171;162m▀[0m[38;2;7;7;7m[48;2;66;66;66m▀[0m[38;2;162;80;72m[48;2;162;80;72m▀[0m[38;2;162;80;72m[48;2;162;80;72m▀[0m[38;2;7;7;7m[48;2;66;66;66m▀[0m[38;2;7;7;7m▄[38;2;7;7;7m[48;2;66;66;66m▀[0m[38;2;162;80;72m[48;2;162;80;72m▀[0m[38;2;162;80;72m[48;2;162;80;72m▀[0m[38;2;7;7;7m[48;2;7;7;7m▀[0m        
      [38;2;7;7;7m[48;2;7;7;7m▀[0m[38;2;162;80;72m[48;2;162;80;72m▀[0m[38;2;7;7;7m[48;2;66;66;66m▀[0m[38;2;7;7;7m[48;2;189;171;162m▀[0m[38;2;66;66;66m[48;2;189;171;162m▀[0m[38;2;66;66;66m[48;2;189;171;162m▀[0m[38;2;189;171;162m[48;2;189;171;162m▀[0m[38;2;189;171;162m[48;2;189;171;162m▀[0m[38;2;189;171;162m[48;2;189;171;162m▀[0m[38;2;189;171;162m[48;2;189;171;162m▀[0m[38;2;189;171;162m[48;2;189;171;162m▀[0m[38;2;189;171;162m[48;2;189;171;162m▀[0m[38;2;189;171;162m[48;2;189;171;162m▀[0m[38;2;189;171;162m[48;2;189;171;162m▀[0m[38;2;66;66;66m[48;2;189;171;162m▀[0m[38;2;66;66;66m[48;2;189;171;162m▀[0m[38;2;189;171;162m[48;2;189;171;162m▀[0m[38;2;66;66;66m[48;2;66;66;66m▀[0m[38;2;162;80;72m[48;2;162;80;72m▀[0m[38;2;162;80;72m[48;2;162;80;72m▀[0m[38;2;7;7;7m[48;2;66;66;66m▀[0m[38;2;7;7;7m▄[38;2;7;7;7m▄[38;2;7;7;7m▄      
  [38;2;7;7;7m▄[38;2;7;7;7m▄  [38;2;7;7;7m▀[38;2;66;66;66m[48;2;7;7;7m▀[0m[38;2;189;171;162m[48;2;189;171;162m▀[0m[38;2;189;171;162m[48;2;189;171;162m▀[0m[38;2;189;171;162m[48;2;189;171;162m▀[0m[38;2;189;171;162m[48;2;189;171;162m▀[0m[38;2;189;171;162m[48;2;189;171;162m▀[0m[38;2;189;171;162m[48;2;189;171;162m▀[0m[38;2;189;171;162m[48;2;189;171;162m▀[0m[38;2;189;171;162m[48;2;189;171;162m▀[0m[38;2;189;171;162m[48;2;189;171;162m▀[0m[38;2;189;171;162m[48;2;189;171;162m▀[0m[38;2;189;171;162m[48;2;189;171;162m▀[0m[38;2;189;171;162m[48;2;189;171;162m▀[0m[38;2;189;171;162m[48;2;189;171;162m▀[0m[38;2;189;171;162m[48;2;189;171;162m▀[0m[38;2;189;171;162m[48;2;189;171;162m▀[0m[38;2;66;66;66m[48;2;189;171;162m▀[0m[38;2;66;66;66m[48;2;189;171;162m▀[0m[38;2;66;66;66m[48;2;66;66;66m▀[0m[38;2;66;66;66m[48;2;162;80;72m▀[0m[38;2;162;80;72m[48;2;162;80;72m▀[0m[38;2;162;80;72m[48;2;162;80;72m▀[0m[38;2;7;7;7m[48;2;66;66;66m▀[0m[38;2;7;7;7m▄[38;2;7;7;7m▄    
 [38;2;7;7;7m[48;2;7;7;7m▀[0m[38;2;162;80;72m[48;2;229;195;133m▀[0m[38;2;162;80;72m[48;2;229;195;133m▀[0m[38;2;7;7;7m[48;2;66;66;66m▀[0m[38;2;7;7;7m[48;2;133;66;58m▀[0m[38;2;7;7;7m[48;2;162;80;72m▀[0m[38;2;189;171;162m[48;2;66;66;66m▀[0m[38;2;189;171;162m[48;2;66;66;66m▀[0m[38;2;189;171;162m[48;2;66;66;66m▀[0m[38;2;66;66;66m[48;2;162;80;72m▀[0m[38;2;66;66;66m[48;2;162;80;72m▀[0m[38;2;66;66;66m[48;2;162;80;72m▀[0m[38;2;189;171;162m[48;2;66;66;66m▀[0m[38;2;189;171;162m[48;2;189;171;162m▀[0m[38;2;189;171;162m[48;2;189;171;162m▀[0m[38;2;189;171;162m[48;2;189;171;162m▀[0m[38;2;189;171;162m[48;2;189;171;162m▀[0m[38;2;189;171;162m[48;2;189;171;162m▀[0m[38;2;189;171;162m[48;2;189;171;162m▀[0m[38;2;189;171;162m[48;2;189;171;162m▀[0m[38;2;189;171;162m[48;2;189;171;162m▀[0m[38;2;189;171;162m[48;2;189;171;162m▀[0m[38;2;189;171;162m[48;2;189;171;162m▀[0m[38;2;189;171;162m[48;2;189;171;162m▀[0m[38;2;66;66;66m[48;2;66;66;66m▀[0m[38;2;162;80;72m[48;2;66;66;66m▀[0m[38;2;162;80;72m[48;2;66;66;66m▀[0m[38;2;66;66;66m[48;2;162;80;72m▀[0m[38;2;66;66;66m[48;2;162;80;72m▀[0m[38;2;162;80;72m[48;2;66;66;66m▀[0m[38;2;162;80;72m[48;2;162;80;72m▀[0m[38;2;7;7;7m[48;2;162;80;72m▀[0m[38;2;7;7;7m[48;2;7;7;7m▀[0m  
 [38;2;7;7;7m▀[38;2;229;195;133m[48;2;7;7;7m▀[0m[38;2;66;66;66m[48;2;189;171;162m▀[0m[38;2;246;216;152m[48;2;246;216;152m▀[0m[38;2;162;80;72m[48;2;246;216;152m▀[0m[38;2;162;80;72m[48;2;162;80;72m▀[0m[38;2;162;80;72m[48;2;162;80;72m▀[0m[38;2;162;80;72m[48;2;162;80;72m▀[0m[38;2;66;66;66m[48;2;162;80;72m▀[0m[38;2;229;195;133m[48;2;66;66;66m▀[0m[38;2;229;195;133m[48;2;229;195;133m▀[0m[38;2;162;80;72m[48;2;162;80;72m▀[0m[38;2;66;66;66m[48;2;66;66;66m▀[0m[38;2;189;171;162m[48;2;66;66;66m▀[0m[38;2;189;171;162m[48;2;66;66;66m▀[0m[38;2;189;171;162m[48;2;189;171;162m▀[0m[38;2;189;171;162m[48;2;189;171;162m▀[0m[38;2;189;171;162m[48;2;189;171;162m▀[0m[38;2;189;171;162m[48;2;189;171;162m▀[0m[38;2;189;171;162m[48;2;189;171;162m▀[0m[38;2;189;171;162m[48;2;189;171;162m▀[0m[38;2;189;171;162m[48;2;189;171;162m▀[0m[38;2;189;171;162m[48;2;189;171;162m▀[0m[38;2;189;171;162m[48;2;169;154;144m▀[0m[38;2;169;154;144m[48;2;169;154;144m▀[0m[38;2;66;66;66m[48;2;66;66;66m▀[0m[38;2;162;80;72m[48;2;162;80;72m▀[0m[38;2;162;80;72m[48;2;162;80;72m▀[0m[38;2;162;80;72m[48;2;66;66;66m▀[0m[38;2;66;66;66m[48;2;66;66;66m▀[0m[38;2;162;80;72m[48;2;66;66;66m▀[0m[38;2;162;80;72m[48;2;162;80;72m▀[0m[38;2;162;80;72m[48;2;133;66;58m▀[0m[38;2;7;7;7m[48;2;7;7;7m▀[0m 
  [38;2;7;7;7m[48;2;7;7;7m▀[0m[38;2;162;80;72m[48;2;162;80;72m▀[0m[38;2;246;216;152m[48;2;162;80;72m▀[0m[38;2;189;171;162m[48;2;162;80;72m▀[0m[38;2;189;171;162m[48;2;66;66;66m▀[0m[38;2;162;80;72m[48;2;133;66;58m▀[0m[38;2;162;80;72m[48;2;133;66;58m▀[0m[38;2;162;80;72m[48;2;162;80;72m▀[0m[38;2;162;80;72m[48;2;162;80;72m▀[0m[38;2;162;80;72m[48;2;162;80;72m▀[0m[38;2;66;66;66m[48;2;162;80;72m▀[0m[38;2;162;80;72m[48;2;162;80;72m▀[0m[38;2;133;66;58m[48;2;66;66;66m▀[0m[38;2;66;66;66m[48;2;66;66;66m▀[0m[38;2;189;171;162m[48;2;66;66;66m▀[0m[38;2;189;171;162m[48;2;189;171;162m▀[0m[38;2;189;171;162m[48;2;189;171;162m▀[0m[38;2;189;171;162m[48;2;189;171;162m▀[0m[38;2;189;171;162m[48;2;189;171;162m▀[0m[38;2;189;171;162m[48;2;169;154;144m▀[0m[38;2;189;171;162m[48;2;169;154;144m▀[0m[38;2;169;154;144m[48;2;169;154;144m▀[0m[38;2;169;154;144m[48;2;169;154;144m▀[0m[38;2;169;154;144m[48;2;169;154;144m▀[0m[38;2;66;66;66m[48;2;169;154;144m▀[0m[38;2;66;66;66m[48;2;169;154;144m▀[0m[38;2;66;66;66m[48;2;66;66;66m▀[0m[38;2;162;80;72m[48;2;162;80;72m▀[0m[38;2;162;80;72m[48;2;162;80;72m▀[0m[38;2;66;66;66m[48;2;66;66;66m▀[0m[38;2;133;66;58m[48;2;133;66;58m▀[0m[38;2;133;66;58m[48;2;7;7;7m▀[0m[38;2;7;7;7m▀ 
  [38;2;7;7;7m[48;2;7;7;7m▀[0m[38;2;66;66;66m[48;2;66;66;66m▀[0m[38;2;162;80;72m[48;2;189;171;162m▀[0m[38;2;133;66;58m[48;2;66;66;66m▀[0m[38;2;248;248;248m[48;2;248;248;248m▀[0m[38;2;7;7;7m[48;2;24;74;123m▀[0m[38;2;248;248;248m[48;2;248;248;248m▀[0m[38;2;162;80;72m[48;2;162;80;72m▀[0m[38;2;162;80;72m[48;2;162;80;72m▀[0m[38;2;162;80;72m[48;2;133;66;58m▀[0m[38;2;162;80;72m[48;2;133;66;58m▀[0m[38;2;133;66;58m[48;2;133;66;58m▀[0m[38;2;133;66;58m[48;2;66;66;66m▀[0m[38;2;133;66;58m[48;2;66;66;66m▀[0m[38;2;66;66;66m[48;2;169;154;144m▀[0m[38;2;189;171;162m[48;2;169;154;144m▀[0m[38;2;189;171;162m[48;2;169;154;144m▀[0m[38;2;169;154;144m[48;2;169;154;144m▀[0m[38;2;169;154;144m[48;2;169;154;144m▀[0m[38;2;169;154;144m[48;2;169;154;144m▀[0m[38;2;169;154;144m[48;2;169;154;144m▀[0m[38;2;169;154;144m[48;2;169;154;144m▀[0m[38;2;169;154;144m[48;2;169;154;144m▀[0m[38;2;169;154;144m[48;2;169;154;144m▀[0m[38;2;169;154;144m[48;2;169;154;144m▀[0m[38;2;66;66;66m[48;2;66;66;66m▀[0m[38;2;162;80;72m[48;2;162;80;72m▀[0m[38;2;162;80;72m[48;2;162;80;72m▀[0m[38;2;162;80;72m[48;2;162;80;72m▀[0m[38;2;162;80;72m[48;2;162;80;72m▀[0m[38;2;66;66;66m[48;2;7;7;7m▀[0m[38;2;7;7;7m▀  
 [38;2;7;7;7m[48;2;7;7;7m▀[0m[38;2;138;119;110m[48;2;169;154;144m▀[0m[38;2;189;171;162m[48;2;66;66;66m▀[0m[38;2;189;171;162m[48;2;66;66;66m▀[0m[38;2;189;171;162m[48;2;246;216;152m▀[0m[38;2;189;171;162m[48;2;246;216;152m▀[0m[38;2;246;216;152m[48;2;246;216;152m▀[0m[38;2;133;66;58m[48;2;246;216;152m▀[0m[38;2;133;66;58m[48;2;133;66;58m▀[0m[38;2;133;66;58m[48;2;133;66;58m▀[0m[38;2;133;66;58m[48;2;133;66;58m▀[0m[38;2;133;66;58m[48;2;133;66;58m▀[0m[38;2;133;66;58m[48;2;66;66;66m▀[0m[38;2;133;66;58m[48;2;133;66;58m▀[0m[38;2;133;66;58m[48;2;66;66;66m▀[0m[38;2;66;66;66m[48;2;66;66;66m▀[0m[38;2;169;154;144m[48;2;169;154;144m▀[0m[38;2;169;154;144m[48;2;169;154;144m▀[0m[38;2;169;154;144m[48;2;169;154;144m▀[0m[38;2;169;154;144m[48;2;169;154;144m▀[0m[38;2;169;154;144m[48;2;169;154;144m▀[0m[38;2;169;154;144m[48;2;66;66;66m▀[0m[38;2;169;154;144m[48;2;66;66;66m▀[0m[38;2;169;154;144m[48;2;169;154;144m▀[0m[38;2;169;154;144m[48;2;66;66;66m▀[0m[38;2;66;66;66m[48;2;162;80;72m▀[0m[38;2;162;80;72m[48;2;162;80;72m▀[0m[38;2;162;80;72m[48;2;162;80;72m▀[0m[38;2;162;80;72m[48;2;162;80;72m▀[0m[38;2;162;80;72m[48;2;133;66;58m▀[0m[38;2;133;66;58m[48;2;162;80;72m▀[0m[38;2;162;80;72m[48;2;66;66;66m▀[0m[38;2;7;7;7m[48;2;7;7;7m▀[0m  
 [38;2;7;7;7m▀[38;2;184;150;89m[48;2;7;7;7m▀[0m[38;2;66;66;66m[48;2;229;195;133m▀[0m[38;2;184;150;89m[48;2;229;195;133m▀[0m[38;2;246;216;152m[48;2;184;150;89m▀[0m[38;2;229;195;133m[48;2;184;150;89m▀[0m[38;2;229;195;133m[48;2;184;150;89m▀[0m[38;2;229;195;133m[48;2;229;195;133m▀[0m[38;2;133;66;58m[48;2;229;195;133m▀[0m[38;2;133;66;58m[48;2;133;66;58m▀[0m[38;2;133;66;58m[48;2;133;66;58m▀[0m[38;2;133;66;58m[48;2;66;66;66m▀[0m[38;2;133;66;58m[48;2;66;66;66m▀[0m[38;2;66;66;66m[48;2;66;66;66m▀[0m[38;2;169;154;144m[48;2;169;154;144m▀[0m[38;2;169;154;144m[48;2;169;154;144m▀[0m[38;2;169;154;144m[48;2;169;154;144m▀[0m[38;2;169;154;144m[48;2;66;66;66m▀[0m[38;2;169;154;144m[48;2;66;66;66m▀[0m[38;2;66;66;66m[48;2;133;66;58m▀[0m[38;2;66;66;66m[48;2;162;80;72m▀[0m[38;2;162;80;72m[48;2;113;55;49m▀[0m[38;2;133;66;58m[48;2;162;80;72m▀[0m[38;2;66;66;66m[48;2;66;66;66m▀[0m[38;2;162;80;72m[48;2;162;80;72m▀[0m[38;2;162;80;72m[48;2;133;66;58m▀[0m[38;2;162;80;72m[48;2;133;66;58m▀[0m[38;2;113;55;49m[48;2;113;55;49m▀[0m[38;2;133;66;58m[48;2;66;66;66m▀[0m[38;2;66;66;66m[48;2;138;119;110m▀[0m[38;2;66;66;66m[48;2;138;119;110m▀[0m[38;2;7;7;7m[48;2;7;7;7m▀[0m   
   [38;2;7;7;7m▀[38;2;229;195;133m[48;2;7;7;7m▀[0m[38;2;229;195;133m[48;2;7;7;7m▀[0m[38;2;229;195;133m[48;2;66;66;66m▀[0m[38;2;229;195;133m[48;2;66;66;66m▀[0m[38;2;66;66;66m[48;2;113;55;49m▀[0m[38;2;66;66;66m[48;2;66;66;66m▀[0m[38;2;66;66;66m[48;2;133;66;58m▀[0m[38;2;66;66;66m[48;2;133;66;58m▀[0m[38;2;169;154;144m[48;2;66;66;66m▀[0m[38;2;169;154;144m[48;2;66;66;66m▀[0m[38;2;169;154;144m[48;2;66;66;66m▀[0m[38;2;169;154;144m[48;2;66;66;66m▀[0m[38;2;169;154;144m[48;2;66;66;66m▀[0m[38;2;66;66;66m[48;2;133;66;58m▀[0m[38;2;162;80;72m[48;2;66;66;66m▀[0m[38;2;133;66;58m[48;2;133;66;58m▀[0m[38;2;162;80;72m[48;2;162;80;72m▀[0m[38;2;113;55;49m[48;2;113;55;49m▀[0m[38;2;162;80;72m[48;2;162;80;72m▀[0m[38;2;113;55;49m[48;2;113;55;49m▀[0m[38;2;162;80;72m[48;2;66;66;66m▀[0m[38;2;66;66;66m[48;2;66;66;66m▀[0m[38;2;133;66;58m[48;2;133;66;58m▀[0m[38;2;133;66;58m[48;2;66;66;66m▀[0m[38;2;66;66;66m[48;2;138;119;110m▀[0m[38;2;138;119;110m[48;2;138;119;110m▀[0m[38;2;138;119;110m[48;2;138;119;110m▀[0m[38;2;138;119;110m[48;2;138;119;110m▀[0m[38;2;138;119;110m[48;2;138;119;110m▀[0m[38;2;7;7;7m[48;2;7;7;7m▀[0m  
     [38;2;7;7;7m▄[38;2;7;7;7m[48;2;198;198;190m▀[0m[38;2;138;119;110m[48;2;113;55;49m▀[0m[38;2;138;119;110m[48;2;113;55;49m▀[0m[38;2;66;66;66m[48;2;113;55;49m▀[0m[38;2;133;66;58m[48;2;66;66;66m▀[0m[38;2;66;66;66m[48;2;66;66;66m▀[0m[38;2;133;66;58m[48;2;133;66;58m▀[0m[38;2;133;66;58m[48;2;7;7;7m▀[0m[38;2;66;66;66m[48;2;7;7;7m▀[0m[38;2;133;66;58m[48;2;133;66;58m▀[0m[38;2;133;66;58m[48;2;133;66;58m▀[0m[38;2;66;66;66m[48;2;66;66;66m▀[0m[38;2;133;66;58m[48;2;7;7;7m▀[0m[38;2;66;66;66m[48;2;66;66;66m▀[0m[38;2;133;66;58m[48;2;66;66;66m▀[0m[38;2;66;66;66m[48;2;169;154;144m▀[0m[38;2;66;66;66m[48;2;169;154;144m▀[0m[38;2;66;66;66m[48;2;169;154;144m▀[0m[38;2;169;154;144m[48;2;169;154;144m▀[0m[38;2;113;55;49m[48;2;66;66;66m▀[0m[38;2;66;66;66m[48;2;7;7;7m▀[0m[38;2;138;119;110m[48;2;7;7;7m▀[0m[38;2;138;119;110m[48;2;198;198;190m▀[0m[38;2;138;119;110m[48;2;138;119;110m▀[0m[38;2;138;119;110m[48;2;198;198;190m▀[0m[38;2;138;119;110m[48;2;66;66;66m▀[0m[38;2;7;7;7m[48;2;7;7;7m▀[0m   
      [38;2;7;7;7m▀[38;2;198;198;190m[48;2;7;7;7m▀[0m[38;2;66;66;66m[48;2;7;7;7m▀[0m[38;2;198;198;190m[48;2;7;7;7m▀[0m[38;2;113;55;49m[48;2;7;7;7m▀[0m[38;2;248;248;248m[48;2;7;7;7m▀[0m[38;2;7;7;7m▀  [38;2;7;7;7m▀[38;2;7;7;7m▀[38;2;7;7;7m▀[38;2;7;7;7m▄[38;2;7;7;7m[48;2;248;248;248m▀[0m[38;2;169;154;144m[48;2;66;66;66m▀[0m[38;2;169;154;144m[48;2;66;66;66m▀[0m[38;2;169;154;144m[48;2;66;66;66m▀[0m[38;2;169;154;144m[48;2;169;154;144m▀[0m[38;2;169;154;144m[48;2;66;66;66m▀[0m[38;2;7;7;7m[48;2;7;7;7m▀[0m  [38;2;7;7;7m▀[38;2;7;7;7m▀[38;2;7;7;7m▀[38;2;7;7;7m▀    
                   [38;2;7;7;7m▀[38;2;248;248;248m[48;2;7;7;7m▀[0m[38;2;169;154;144m[48;2;7;7;7m▀[0m[38;2;248;248;248m[48;2;7;7;7m▀[0m[38;2;169;154;144m[48;2;7;7;7m▀[0m[38;2;248;248;248m[48;2;7;7;7m▀[0m[38;2;7;7;7m▀          
                                     [0m                                     