    [38;2;0;0;0m▄[38;2;0;0;0m[48;2;78;89;106m▀[0m[38;2;0;0;0m▄   [38;2;0;0;0m▄[38;2;0;0;0m[48;2;78;89;106m▀[0m[38;2;0;0;0m▄[38;2;0;0;0m▄[38;2;0;0;0m[48;2;98;105;111m▀[0m[38;2;0;0;0m[48;2;98;105;109m▀[0m[38;2;0;0;0m[48;2;98;105;109m▀[0m[38;2;0;0;0m[48;2;98;105;111m▀[0m[38;2;0;0;0m▄                
    [38;2;0;0;0m[48;2;0;0;0m▀[0m[38;2;82;93;106m[48;2;82;93;106m▀[0m[38;2;0;0;0m[48;2;54;62;71m▀[0m[38;2;0;0;0m▄[38;2;0;0;0m[48;2;131;133;139m▀[0m[38;2;0;0;0m[48;2;131;134;137m▀[0m[38;2;65;67;68m[48;2;65;67;68m▀[0m[38;2;79;90;104m[48;2;79;90;104m▀[0m[38;2;65;64;65m[48;2;65;64;65m▀[0m[38;2;98;105;111m[48;2;131;133;139m▀[0m[38;2;98;105;111m[48;2;131;133;139m▀[0m[38;2;98;105;109m[48;2;65;64;65m▀[0m[38;2;98;105;109m[48;2;65;64;65m▀[0m[38;2;0;0;0m[48;2;98;105;111m▀[0m[38;2;0;0;0m▄                
    [38;2;0;0;0m[48;2;0;0;0m▀[0m[38;2;74;72;82m[48;2;74;72;82m▀[0m[38;2;74;72;82m[48;2;255;255;255m▀[0m[38;2;128;128;128m[48;2;65;64;65m▀[0m[38;2;65;64;65m[48;2;255;255;255m▀[0m[38;2;131;133;139m[48;2;65;64;65m▀[0m[38;2;65;64;65m[48;2;87;87;90m▀[0m[38;2;79;90;104m[48;2;79;90;104m▀[0m[38;2;65;64;65m[48;2;79;90;104m▀[0m[38;2;131;135;139m[48;2;65;64;65m▀[0m[38;2;65;64;65m[48;2;131;135;139m▀[0m[38;2;131;133;139m[48;2;131;133;139m▀[0m[38;2;131;133;139m[48;2;98;105;111m▀[0m[38;2;0;0;0m[48;2;0;0;0m▀[0m                 
    [38;2;0;0;0m▀[38;2;82;82;82m[48;2;0;0;0m▀[0m[38;2;246;246;246m[48;2;82;82;82m▀[0m[38;2;65;64;65m[48;2;255;255;255m▀[0m[38;2;255;255;255m[48;2;65;64;65m▀[0m[38;2;65;64;65m[48;2;65;64;65m▀[0m[38;2;79;90;104m[48;2;79;90;104m▀[0m[38;2;79;90;104m[48;2;79;90;104m▀[0m[38;2;79;90;104m[48;2;65;64;65m▀[0m[38;2;65;64;65m[48;2;65;64;65m▀[0m[38;2;131;137;142m[48;2;98;101;104m▀[0m[38;2;98;105;109m[48;2;98;105;109m▀[0m[38;2;65;64;65m[48;2;65;64;65m▀[0m[38;2;98;101;106m[48;2;65;67;71m▀[0m[38;2;0;0;0m[48;2;0;0;0m▀[0m                
  [38;2;0;0;0m▄[38;2;0;0;0m[48;2;180;182;189m▀[0m[38;2;0;0;0m[48;2;180;182;189m▀[0m[38;2;186;183;191m[48;2;65;64;65m▀[0m[38;2;65;64;65m[48;2;65;64;65m▀[0m[38;2;65;64;65m[48;2;79;90;104m▀[0m[38;2;65;64;65m[48;2;79;90;104m▀[0m[38;2;74;72;82m[48;2;74;72;82m▀[0m[38;2;74;72;82m[48;2;255;255;255m▀[0m[38;2;0;0;0m[48;2;84;83;84m▀[0m[38;2;255;250;255m[48;2;255;250;255m▀[0m[38;2;57;60;57m[48;2;57;60;57m▀[0m[38;2;120;124;120m[48;2;246;250;246m▀[0m[38;2;49;60;65m[48;2;255;255;255m▀[0m[38;2;255;255;255m[48;2;117;125;128m▀[0m[38;2;255;250;255m[48;2;191;188;191m▀[0m[38;2;65;64;65m[48;2;255;250;255m▀[0m[38;2;0;0;0m[48;2;255;255;255m▀[0m[38;2;0;0;0m▄[38;2;0;0;0m▄    [38;2;0;0;0m▄[38;2;0;0;0m▄[38;2;0;0;0m[48;2;255;255;255m▀[0m[38;2;0;0;0m[48;2;255;255;255m▀[0m[38;2;0;0;0m[48;2;255;255;255m▀[0m[38;2;0;0;0m▄[38;2;0;0;0m▄[38;2;0;0;0m▄ 
   [38;2;0;0;0m▀[38;2;0;0;0m▀[38;2;74;53;42m[48;2;0;0;24m▀[0m[38;2;222;136;85m[48;2;222;136;85m▀[0m[38;2;65;64;65m[48;2;143;99;72m▀[0m[38;2;222;133;78m[48;2;143;99;72m▀[0m[38;2;224;138;83m[48;2;224;138;83m▀[0m[38;2;224;138;83m[48;2;224;138;83m▀[0m[38;2;222;136;78m[48;2;222;136;78m▀[0m[38;2;98;105;106m[48;2;222;136;78m▀[0m[38;2;131;137;139m[48;2;98;102;104m▀[0m[38;2;65;67;68m[48;2;131;137;139m▀[0m[38;2;255;255;255m[48;2;65;64;65m▀[0m[38;2;255;255;255m[48;2;65;64;65m▀[0m[38;2;65;64;65m[48;2;93;99;109m▀[0m[38;2;106;117;131m[48;2;65;64;65m▀[0m[38;2;98;115;127m[48;2;65;64;65m▀[0m[38;2;65;64;65m[48;2;65;64;65m▀[0m[38;2;180;182;189m[48;2;0;0;0m▀[0m[38;2;0;0;0m[48;2;180;182;189m▀[0m[38;2;0;0;0m[48;2;189;190;197m▀[0m[38;2;0;0;0m[48;2;126;126;131m▀[0m[38;2;0;0;0m[48;2;255;255;255m▀[0m[38;2;255;255;255m[48;2;255;255;255m▀[0m[38;2;255;255;255m[48;2;255;255;255m▀[0m[38;2;255;255;255m[48;2;255;255;255m▀[0m[38;2;255;255;255m[48;2;65;64;65m▀[0m[38;2;255;255;255m[48;2;65;64;65m▀[0m[38;2;255;255;255m[48;2;127;129;131m▀[0m[38;2;255;255;255m[48;2;0;4;8m▀[0m[38;2;0;0;0m▀ 
     [38;2;0;0;0m▀[38;2;148;97;72m[48;2;0;0;0m▀[0m[38;2;224;138;83m[48;2;224;138;83m▀[0m[38;2;224;138;83m[48;2;224;138;83m▀[0m[38;2;145;96;69m[48;2;222;136;78m▀[0m[38;2;222;136;78m[48;2;145;96;69m▀[0m[38;2;145;96;69m[48;2;222;136;78m▀[0m[38;2;145;96;69m[48;2;222;136;78m▀[0m[38;2;123;125;131m[48;2;222;136;78m▀[0m[38;2;123;125;131m[48;2;123;125;131m▀[0m[38;2;131;137;139m[48;2;65;67;68m▀[0m[38;2;98;102;104m[48;2;98;102;104m▀[0m[38;2;98;105;109m[48;2;98;105;109m▀[0m[38;2;65;64;65m[48;2;65;64;65m▀[0m[38;2;255;255;255m[48;2;255;255;255m▀[0m[38;2;0;0;0m[48;2;255;255;255m▀[0m[38;2;0;0;0m▄[38;2;0;0;0m▀[38;2;0;0;0m▀[38;2;255;255;255m[48;2;0;0;0m▀[0m[38;2;255;255;255m[48;2;0;0;0m▀[0m[38;2;255;255;255m[48;2;0;0;0m▀[0m[38;2;0;0;0m▀[38;2;65;64;65m[48;2;0;0;0m▀[0m[38;2;131;133;139m[48;2;0;0;0m▀[0m[38;2;0;0;0m▀[38;2;0;0;0m▀   
     [38;2;0;0;0m▄[38;2;0;0;0m[48;2;180;182;189m▀[0m[38;2;68;62;52m[48;2;255;225;200m▀[0m[38;2;148;97;72m[48;2;68;62;52m▀[0m[38;2;222;136;78m[48;2;65;64;65m▀[0m[38;2;222;136;78m[48;2;65;64;65m▀[0m[38;2;222;141;92m[48;2;57;60;74m▀[0m[38;2;57;60;74m[48;2;112;92;78m▀[0m[38;2;65;64;65m[48;2;98;105;109m▀[0m[38;2;65;64;65m[48;2;98;105;109m▀[0m[38;2;98;105;109m[48;2;98;105;109m▀[0m[38;2;98;105;109m[48;2;65;64;65m▀[0m[38;2;65;64;65m[48;2;255;255;255m▀[0m[38;2;255;255;255m[48;2;255;255;255m▀[0m[38;2;255;255;255m[48;2;82;89;106m▀[0m[38;2;82;89;106m[48;2;82;89;106m▀[0m[38;2;84;87;90m[48;2;255;255;255m▀[0m[38;2;0;4;8m[48;2;255;255;255m▀[0m[38;2;0;0;0m▄           
    [38;2;0;0;0m[48;2;0;0;0m▀[0m[38;2;128;130;134m[48;2;255;255;255m▀[0m[38;2;255;255;255m[48;2;65;68;74m▀[0m[38;2;255;255;255m[48;2;90;101;115m▀[0m[38;2;90;101;115m[48;2;255;255;255m▀[0m[38;2;65;64;65m[48;2;87;91;98m▀[0m[38;2;98;105;115m[48;2;65;64;65m▀[0m[38;2;98;105;109m[48;2;98;105;109m▀[0m[38;2;98;105;109m[48;2;65;64;65m▀[0m[38;2;74;72;82m[48;2;74;72;82m▀[0m[38;2;74;72;82m[48;2;255;255;255m▀[0m[38;2;65;64;65m[48;2;255;255;255m▀[0m[38;2;255;255;255m[48;2;255;255;255m▀[0m[38;2;255;255;255m[48;2;74;76;82m▀[0m[38;2;255;255;255m[48;2;74;76;82m▀[0m[38;2;255;255;255m[48;2;74;76;82m▀[0m[38;2;255;255;255m[48;2;74;76;82m▀[0m[38;2;255;255;255m[48;2;255;255;255m▀[0m[38;2;255;255;255m[48;2;131;135;139m▀[0m[38;2;255;255;255m[48;2;255;255;255m▀[0m[38;2;0;0;0m[48;2;0;0;0m▀[0m          
   [38;2;0;0;0m▄[38;2;0;0;0m[48;2;65;64;65m▀[0m[38;2;65;64;65m[48;2;98;105;109m▀[0m[38;2;98;105;109m[48;2;98;105;109m▀[0m[38;2;74;72;82m[48;2;74;72;82m▀[0m[38;2;74;72;82m[48;2;255;255;255m▀[0m[38;2;255;255;255m[48;2;255;255;255m▀[0m[38;2;82;89;106m[48;2;255;255;255m▀[0m[38;2;74;80;90m[48;2;74;80;90m▀[0m[38;2;74;80;90m[48;2;255;255;255m▀[0m[38;2;255;255;255m[48;2;255;255;255m▀[0m[38;2;255;255;255m[48;2;255;255;255m▀[0m[38;2;74;80;90m[48;2;255;255;255m▀[0m[38;2;74;80;90m[48;2;74;80;90m▀[0m[38;2;65;64;65m[48;2;98;105;109m▀[0m[38;2;98;105;109m[48;2;98;105;109m▀[0m[38;2;131;135;139m[48;2;65;64;65m▀[0m[38;2;65;64;65m[48;2;131;135;139m▀[0m[38;2;74;76;82m[48;2;134;136;139m▀[0m[38;2;255;255;255m[48;2;74;76;82m▀[0m[38;2;90;94;101m[48;2;49;51;54m▀[0m[38;2;8;8;8m[48;2;131;137;148m▀[0m[38;2;0;0;0m▄         
  [38;2;0;0;0m▄[38;2;0;4;8m[48;2;131;137;148m▀[0m[38;2;131;137;148m[48;2;87;93;101m▀[0m[38;2;98;105;109m[48;2;98;105;109m▀[0m[38;2;98;105;109m[48;2;98;105;109m▀[0m[38;2;65;64;65m[48;2;98;105;115m▀[0m[38;2;87;91;98m[48;2;65;64;65m▀[0m[38;2;255;255;255m[48;2;82;89;106m▀[0m[38;2;82;89;106m[48;2;255;255;255m▀[0m[38;2;82;89;106m[48;2;82;89;106m▀[0m[38;2;82;89;106m[48;2;255;255;255m▀[0m[38;2;255;255;255m[48;2;255;255;255m▀[0m[38;2;255;255;255m[48;2;82;89;106m▀[0m[38;2;79;90;104m[48;2;79;90;104m▀[0m[38;2;65;64;65m[48;2;65;64;65m▀[0m[38;2;98;105;109m[48;2;65;64;65m▀[0m[38;2;98;105;109m[48;2;98;105;109m▀[0m[38;2;65;64;65m[48;2;98;101;104m▀[0m[38;2;131;137;142m[48;2;65;64;65m▀[0m[38;2;131;134;139m[48;2;131;134;139m▀[0m[38;2;131;134;139m[48;2;131;134;139m▀[0m[38;2;131;134;139m[48;2;131;134;139m▀[0m[38;2;131;134;139m[48;2;131;134;139m▀[0m[38;2;0;0;0m[48;2;0;0;0m▀[0m         
 [38;2;0;0;16m[48;2;0;0;16m▀[0m[38;2;111;78;60m[48;2;222;148;106m▀[0m[38;2;98;105;109m[48;2;65;64;65m▀[0m[38;2;98;105;109m[48;2;98;105;109m▀[0m[38;2;98;101;104m[48;2;65;64;65m▀[0m[38;2;65;64;65m[48;2;131;137;142m▀[0m[38;2;131;135;139m[48;2;131;135;139m▀[0m[38;2;65;64;65m[48;2;131;135;139m▀[0m[38;2;74;80;90m[48;2;74;80;90m▀[0m[38;2;74;80;90m[48;2;255;255;255m▀[0m[38;2;82;89;106m[48;2;82;89;106m▀[0m[38;2;82;89;106m[48;2;255;255;255m▀[0m[38;2;79;90;104m[48;2;79;90;104m▀[0m[38;2;79;90;104m[48;2;65;64;65m▀[0m[38;2;65;64;65m[48;2;131;135;139m▀[0m[38;2;131;135;139m[48;2;131;135;139m▀[0m[38;2;131;134;139m[48;2;131;134;139m▀[0m[38;2;131;134;139m[48;2;131;134;139m▀[0m[38;2;65;64;65m[48;2;131;135;139m▀[0m[38;2;65;64;65m[48;2;65;64;65m▀[0m[38;2;131;134;139m[48;2;131;134;139m▀[0m[38;2;131;134;139m[48;2;131;134;139m▀[0m[38;2;131;133;139m[48;2;78;89;106m▀[0m[38;2;78;89;106m[48;2;78;89;106m▀[0m[38;2;131;133;139m[48;2;131;133;139m▀[0m[38;2;0;0;0m[48;2;0;0;0m▀[0m        
 [38;2;0;0;0m[48;2;0;0;0m▀[0m[38;2;222;136;85m[48;2;148;91;57m▀[0m[38;2;143;99;72m[48;2;222;133;78m▀[0m[38;2;65;64;65m[48;2;65;64;65m▀[0m[38;2;65;67;68m[48;2;131;137;139m▀[0m[38;2;131;137;139m[48;2;98;102;104m▀[0m[38;2;131;135;139m[48;2;131;135;139m▀[0m[38;2;131;135;139m[48;2;65;64;65m▀[0m[38;2;74;72;82m[48;2;74;72;82m▀[0m[38;2;255;255;255m[48;2;74;72;82m▀[0m[38;2;255;255;255m[48;2;255;255;255m▀[0m[38;2;255;255;255m[48;2;82;89;106m▀[0m[38;2;79;90;104m[48;2;79;90;104m▀[0m[38;2;65;64;65m[48;2;65;64;65m▀[0m[38;2;131;133;139m[48;2;131;133;139m▀[0m[38;2;131;133;139m[48;2;98;105;111m▀[0m[38;2;131;135;139m[48;2;131;135;139m▀[0m[38;2;131;135;139m[48;2;65;64;65m▀[0m[38;2;65;68;106m[48;2;222;148;99m▀[0m[38;2;117;107;99m[48;2;117;107;99m▀[0m[38;2;131;135;139m[48;2;65;64;65m▀[0m[38;2;131;135;139m[48;2;65;64;65m▀[0m[38;2;74;72;82m[48;2;255;255;255m▀[0m[38;2;74;72;82m[48;2;74;72;82m▀[0m[38;2;131;133;139m[48;2;0;0;0m▀[0m[38;2;0;0;0m▀        
  [38;2;0;0;0m▀[38;2;0;0;0m▀[38;2;148;97;72m[48;2;0;0;0m▀[0m[38;2;65;64;65m[48;2;65;64;65m▀[0m[38;2;131;135;139m[48;2;65;64;65m▀[0m[38;2;65;64;65m[48;2;98;105;109m▀[0m[38;2;98;105;109m[48;2;98;105;109m▀[0m[38;2;65;64;65m[48;2;98;105;115m▀[0m[38;2;87;91;98m[48;2;65;64;65m▀[0m[38;2;79;90;104m[48;2;79;90;104m▀[0m[38;2;79;90;104m[48;2;79;90;104m▀[0m[38;2;79;90;104m[48;2;79;90;104m▀[0m[38;2;65;64;65m[48;2;65;64;65m▀[0m[38;2;65;64;65m[48;2;98;105;109m▀[0m[38;2;65;64;65m[48;2;98;105;109m▀[0m[38;2;131;135;139m[48;2;65;64;65m▀[0m[38;2;65;64;65m[48;2;65;64;65m▀[0m[38;2;222;133;78m[48;2;65;64;65m▀[0m[38;2;143;99;72m[48;2;222;133;78m▀[0m[38;2;255;255;255m[48;2;148;97;72m▀[0m[38;2;255;255;255m[48;2;255;255;255m▀[0m[38;2;255;255;255m[48;2;255;255;255m▀[0m[38;2;255;255;255m[48;2;148;97;72m▀[0m[38;2;0;0;0m[48;2;0;0;0m▀[0m         
     [38;2;0;0;0m[48;2;0;0;0m▀[0m[38;2;63;60;65m[48;2;189;182;197m▀[0m[38;2;98;99;106m[48;2;57;60;65m▀[0m[38;2;57;60;65m[48;2;180;178;189m▀[0m[38;2;98;105;109m[48;2;65;64;65m▀[0m[38;2;65;64;65m[48;2;65;64;65m▀[0m[38;2;79;90;104m[48;2;79;90;104m▀[0m[38;2;79;90;104m[48;2;65;64;65m▀[0m[38;2;79;90;104m[48;2;79;90;104m▀[0m[38;2;65;64;65m[48;2;65;64;65m▀[0m[38;2;65;64;65m[48;2;65;64;65m▀[0m[38;2;98;105;109m[48;2;65;64;65m▀[0m[38;2;98;105;106m[48;2;79;90;104m▀[0m[38;2;98;105;106m[48;2;79;90;104m▀[0m[38;2;98;105;109m[48;2;65;64;65m▀[0m[38;2;65;64;65m[48;2;65;64;65m▀[0m[38;2;148;96;75m[48;2;74;52;44m▀[0m[38;2;148;96;75m[48;2;0;0;16m▀[0m[38;2;148;97;72m[48;2;0;0;0m▀[0m[38;2;0;0;0m▀          
    [38;2;0;0;0m▀[38;2;189;134;94m[48;2;0;0;8m▀[0m[38;2;63;47;36m[48;2;0;0;8m▀[0m[38;2;197;130;87m[48;2;0;0;0m▀[0m[38;2;131;87;58m[48;2;0;0;0m▀[0m[38;2;0;0;0m▀[38;2;0;0;0m▀[38;2;78;89;106m[48;2;0;0;0m▀[0m[38;2;0;0;0m▀[38;2;78;89;106m[48;2;0;0;0m▀[0m[38;2;0;0;0m▀[38;2;65;64;65m[48;2;0;0;0m▀[0m[38;2;0;0;0m▀[38;2;74;56;48m[48;2;0;0;32m▀[0m[38;2;74;56;48m[48;2;222;141;92m▀[0m[38;2;255;251;248m[48;2;178;143;121m▀[0m[38;2;139;89;58m[48;2;178;143;121m▀[0m[38;2;255;232;214m[48;2;106;84;74m▀[0m[38;2;32;10;5m[48;2;180;158;144m▀[0m[38;2;0;0;0m▄           
                  [38;2;0;0;0m▀[38;2;0;0;0m▀[38;2;0;0;0m▀[38;2;0;0;0m▀[38;2;0;0;0m▀            
                                     [0m                                     