            [38;2;0;0;0m▄[38;2;0;0;0m[48;2;248;245;252m▀[0m[38;2;0;0;0m[48;2;248;245;252m▀[0m[38;2;0;0;0m[48;2;184;169;207m▀[0m[38;2;0;0;0m[48;2;184;169;207m▀[0m[38;2;0;0;0m▄    [38;2;0;0;0m▄[38;2;0;0;0m▄[38;2;0;0;0m▄        
           [38;2;0;0;0m[48;2;0;0;0m▀[0m[38;2;248;245;252m[48;2;184;169;207m▀[0m[38;2;248;245;252m[48;2;248;245;252m▀[0m[38;2;248;245;252m[48;2;248;245;252m▀[0m[38;2;248;245;252m[48;2;0;0;0m▀[0m[38;2;0;0;0m▀    [38;2;0;0;0m[48;2;0;0;0m▀[0m[38;2;248;245;252m[48;2;184;169;207m▀[0m[38;2;248;245;252m[48;2;184;169;207m▀[0m[38;2;248;245;252m[48;2;0;0;0m▀[0m[38;2;0;0;0m▀       
         [38;2;0;0;0m▄[38;2;0;0;0m[48;2;184;169;207m▀[0m[38;2;248;245;252m[48;2;248;245;252m▀[0m[38;2;248;245;252m[48;2;248;245;252m▀[0m[38;2;248;245;252m[48;2;248;245;252m▀[0m[38;2;248;245;252m[48;2;248;245;252m▀[0m[38;2;248;245;252m[48;2;248;245;252m▀[0m[38;2;0;0;0m[48;2;0;0;0m▀[0m  [38;2;0;0;0m▄[38;2;0;0;0m[48;2;248;245;252m▀[0m[38;2;248;245;252m[48;2;248;245;252m▀[0m[38;2;248;245;252m[48;2;248;245;252m▀[0m[38;2;248;245;252m[48;2;248;245;252m▀[0m[38;2;184;169;207m[48;2;248;245;252m▀[0m[38;2;0;0;0m[48;2;0;0;0m▀[0m [38;2;0;0;8m▄[38;2;0;0;0m[48;2;101;89;165m▀[0m[38;2;0;0;0m[48;2;154;141;245m▀[0m[38;2;0;0;0m[48;2;110;96;158m▀[0m[38;2;0;0;0m▄ 
       [38;2;0;0;0m▄[38;2;0;0;0m[48;2;240;234;252m▀[0m[38;2;248;245;252m[48;2;248;245;252m▀[0m[38;2;248;245;252m[48;2;248;245;252m▀[0m[38;2;187;172;210m[48;2;248;245;252m▀[0m[38;2;187;172;210m[48;2;248;245;252m▀[0m[38;2;248;245;252m[48;2;248;245;252m▀[0m[38;2;248;245;252m[48;2;248;245;252m▀[0m[38;2;184;169;207m[48;2;248;245;252m▀[0m[38;2;248;245;252m[48;2;248;245;252m▀[0m[38;2;0;0;0m[48;2;248;245;252m▀[0m[38;2;8;4;8m▄[38;2;0;0;0m[48;2;248;245;252m▀[0m[38;2;248;245;252m[48;2;187;172;210m▀[0m[38;2;248;245;252m[48;2;187;172;210m▀[0m[38;2;248;245;252m[48;2;248;245;252m▀[0m[38;2;248;245;252m[48;2;248;245;252m▀[0m[38;2;248;245;252m[48;2;248;245;252m▀[0m[38;2;248;245;252m[48;2;108;92;200m▀[0m[38;2;0;0;0m[48;2;157;149;246m▀[0m[38;2;101;89;165m[48;2;108;92;200m▀[0m[38;2;148;133;244m[48;2;108;92;200m▀[0m[38;2;66;51;72m[48;2;148;133;244m▀[0m[38;2;154;141;245m[48;2;101;89;165m▀[0m[38;2;0;0;0m[48;2;0;0;0m▀[0m 
     [38;2;0;0;0m▄[38;2;0;0;0m[48;2;222;243;231m▀[0m[38;2;239;247;239m[48;2;162;132;192m▀[0m[38;2;178;163;201m[48;2;222;243;231m▀[0m[38;2;248;245;252m[48;2;165;150;188m▀[0m[38;2;167;152;190m[48;2;172;178;170m▀[0m[38;2;167;152;190m[48;2;222;243;231m▀[0m[38;2;167;152;190m[48;2;178;170;197m▀[0m[38;2;248;245;252m[48;2;167;152;190m▀[0m[38;2;248;245;252m[48;2;248;245;252m▀[0m[38;2;248;245;252m[48;2;248;245;252m▀[0m[38;2;248;245;252m[48;2;95;95;95m▀[0m[38;2;90;87;90m[48;2;248;245;252m▀[0m[38;2;248;245;252m[48;2;248;245;252m▀[0m[38;2;248;245;252m[48;2;248;245;252m▀[0m[38;2;248;245;252m[48;2;248;245;252m▀[0m[38;2;248;245;252m[48;2;248;245;252m▀[0m[38;2;248;245;252m[48;2;248;245;252m▀[0m[38;2;248;245;252m[48;2;248;245;252m▀[0m[38;2;104;91;196m[48;2;113;67;178m▀[0m[38;2;157;149;246m[48;2;157;149;246m▀[0m[38;2;108;92;200m[48;2;157;149;246m▀[0m[38;2;157;149;246m[48;2;104;91;196m▀[0m[38;2;108;92;200m[48;2;0;0;0m▀[0m[38;2;101;89;165m[48;2;0;0;0m▀[0m[38;2;0;0;8m▀  
     [38;2;0;0;0m[48;2;0;4;0m▀[0m[38;2;222;243;231m[48;2;239;251;247m▀[0m[38;2;162;132;192m[48;2;156;140;165m▀[0m[38;2;222;243;231m[48;2;222;243;231m▀[0m[38;2;165;150;188m[48;2;165;150;188m▀[0m[38;2;222;243;231m[48;2;222;243;231m▀[0m[38;2;156;134;181m[48;2;162;132;192m▀[0m[38;2;222;243;231m[48;2;222;243;231m▀[0m[38;2;167;152;190m[48;2;165;150;188m▀[0m[38;2;248;245;252m[48;2;144;137;209m▀[0m[38;2;248;245;252m[48;2;126;111;149m▀[0m[38;2;95;95;95m[48;2;168;153;191m▀[0m[38;2;248;245;252m[48;2;167;152;190m▀[0m[38;2;248;245;252m[48;2;248;245;252m▀[0m[38;2;248;245;252m[48;2;248;245;252m▀[0m[38;2;248;245;252m[48;2;248;245;252m▀[0m[38;2;248;245;252m[48;2;248;245;252m▀[0m[38;2;248;245;252m[48;2;248;245;252m▀[0m[38;2;248;245;252m[48;2;248;245;252m▀[0m[38;2;248;245;252m[48;2;248;245;252m▀[0m[38;2;111;67;178m[48;2;248;245;252m▀[0m[38;2;111;67;178m[48;2;248;245;252m▀[0m[38;2;0;0;0m[48;2;0;0;0m▀[0m     
  [38;2;0;0;0m▄[38;2;0;0;24m▄[38;2;0;0;0m[48;2;198;194;250m▀[0m[38;2;243;237;252m[48;2;248;245;252m▀[0m[38;2;180;165;203m[48;2;160;133;193m▀[0m[38;2;222;243;231m[48;2;160;133;193m▀[0m[38;2;156;140;165m[48;2;248;245;252m▀[0m[38;2;188;173;211m[48;2;248;245;252m▀[0m[38;2;222;243;231m[48;2;164;147;185m▀[0m[38;2;162;132;192m[48;2;222;243;231m▀[0m[38;2;222;243;231m[48;2;156;137;175m▀[0m[38;2;165;150;188m[48;2;248;245;252m▀[0m[38;2;145;133;244m[48;2;124;109;147m▀[0m[38;2;126;111;149m[48;2;248;245;252m▀[0m[38;2;248;245;252m[48;2;248;245;252m▀[0m[38;2;248;245;252m[48;2;248;245;252m▀[0m[38;2;167;152;190m[48;2;248;245;252m▀[0m[38;2;248;245;252m[48;2;248;245;252m▀[0m[38;2;248;245;252m[48;2;167;152;190m▀[0m[38;2;167;152;190m[48;2;248;245;252m▀[0m[38;2;167;152;190m[48;2;248;245;252m▀[0m[38;2;248;245;252m[48;2;126;126;161m▀[0m[38;2;145;121;218m[48;2;187;187;208m▀[0m[38;2;156;148;246m[48;2;145;121;218m▀[0m[38;2;248;245;252m[48;2;248;245;252m▀[0m[38;2;0;0;0m[48;2;248;245;252m▀[0m[38;2;0;0;0m▄    
 [38;2;0;0;0m▀[38;2;157;149;246m[48;2;0;0;0m▀[0m[38;2;198;194;250m[48;2;198;194;250m▀[0m[38;2;108;97;135m[48;2;108;97;135m▀[0m[38;2;248;245;252m[48;2;248;245;252m▀[0m[38;2;160;133;193m[48;2;248;245;252m▀[0m[38;2;160;133;193m[48;2;160;133;193m▀[0m[38;2;160;133;193m[48;2;160;133;193m▀[0m[38;2;164;147;185m[48;2;160;133;193m▀[0m[38;2;164;147;185m[48;2;160;133;193m▀[0m[38;2;156;137;175m[48;2;160;133;193m▀[0m[38;2;156;137;175m[48;2;248;245;252m▀[0m[38;2;248;245;252m[48;2;248;245;252m▀[0m[38;2;248;245;252m[48;2;248;245;252m▀[0m[38;2;248;245;252m[48;2;248;245;252m▀[0m[38;2;160;133;193m[48;2;160;133;193m▀[0m[38;2;160;133;193m[48;2;159;133;192m▀[0m[38;2;248;245;252m[48;2;159;133;192m▀[0m[38;2;248;245;252m[48;2;159;133;192m▀[0m[38;2;248;245;252m[48;2;159;133;192m▀[0m[38;2;248;245;252m[48;2;159;133;192m▀[0m[38;2;248;245;252m[48;2;159;133;192m▀[0m[38;2;246;243;252m[48;2;160;133;193m▀[0m[38;2;246;243;252m[48;2;248;245;252m▀[0m[38;2;248;245;252m[48;2;248;245;252m▀[0m[38;2;248;245;252m[48;2;248;245;252m▀[0m[38;2;248;245;252m[48;2;248;245;252m▀[0m[38;2;0;0;0m[48;2;248;245;252m▀[0m[38;2;0;4;0m▄[38;2;0;4;0m▄  
   [38;2;0;0;24m[48;2;0;0;0m▀[0m[38;2;198;194;250m[48;2;248;245;252m▀[0m[38;2;248;245;252m[48;2;248;245;252m▀[0m[38;2;248;245;252m[48;2;248;245;252m▀[0m[38;2;248;245;252m[48;2;248;245;252m▀[0m[38;2;248;245;252m[48;2;248;245;252m▀[0m[38;2;248;245;252m[48;2;248;245;252m▀[0m[38;2;160;133;193m[48;2;248;245;252m▀[0m[38;2;248;245;252m[48;2;248;245;252m▀[0m[38;2;248;245;252m[48;2;132;110;228m▀[0m[38;2;248;245;252m[48;2;173;158;236m▀[0m[38;2;248;245;252m[48;2;248;245;252m▀[0m[38;2;248;245;252m[48;2;157;149;246m▀[0m[38;2;248;245;252m[48;2;143;120;217m▀[0m[38;2;159;133;192m[48;2;248;245;252m▀[0m[38;2;159;133;192m[48;2;248;245;252m▀[0m[38;2;159;133;192m[48;2;248;245;252m▀[0m[38;2;159;133;192m[48;2;248;245;252m▀[0m[38;2;159;133;192m[48;2;248;245;252m▀[0m[38;2;159;133;192m[48;2;248;245;252m▀[0m[38;2;248;245;252m[48;2;143;120;217m▀[0m[38;2;248;245;252m[48;2;157;149;246m▀[0m[38;2;248;245;252m[48;2;109;67;178m▀[0m[38;2;113;67;178m[48;2;111;94;201m▀[0m[38;2;104;91;196m[48;2;157;149;246m▀[0m[38;2;104;91;196m[48;2;157;149;246m▀[0m[38;2;248;245;252m[48;2;113;67;178m▀[0m[38;2;127;129;127m[48;2;248;245;252m▀[0m[38;2;0;0;0m[48;2;0;0;0m▀[0m 
    [38;2;0;0;0m▀[38;2;248;245;252m[48;2;0;0;0m▀[0m[38;2;226;211;249m[48;2;104;91;196m▀[0m[38;2;104;91;196m[48;2;143;120;217m▀[0m[38;2;248;245;252m[48;2;104;91;196m▀[0m[38;2;248;245;252m[48;2;212;197;235m▀[0m[38;2;248;245;252m[48;2;247;244;252m▀[0m[38;2;248;245;252m[48;2;224;209;247m▀[0m[38;2;173;158;236m[48;2;116;85;203m▀[0m[38;2;132;110;228m[48;2;247;244;252m▀[0m[38;2;248;245;252m[48;2;247;244;252m▀[0m[38;2;143;120;217m[48;2;248;245;252m▀[0m[38;2;157;149;246m[48;2;248;245;252m▀[0m[38;2;248;245;252m[48;2;247;244;252m▀[0m[38;2;248;245;252m[48;2;247;244;252m▀[0m[38;2;248;245;252m[48;2;94;84;195m▀[0m[38;2;248;245;252m[48;2;246;243;252m▀[0m[38;2;248;245;252m[48;2;248;245;252m▀[0m[38;2;248;245;252m[48;2;248;245;252m▀[0m[38;2;157;149;246m[48;2;247;244;252m▀[0m[38;2;143;120;217m[48;2;247;244;252m▀[0m[38;2;109;67;178m[48;2;246;243;252m▀[0m[38;2;157;149;246m[48;2;95;52;177m▀[0m[38;2;157;149;246m[48;2;113;67;178m▀[0m[38;2;108;92;200m[48;2;113;67;178m▀[0m[38;2;113;67;178m[48;2;248;245;252m▀[0m[38;2;248;245;252m[48;2;127;129;127m▀[0m[38;2;0;0;0m[48;2;0;0;0m▀[0m 
      [38;2;0;0;0m▀[38;2;143;120;217m[48;2;0;0;0m▀[0m[38;2;143;120;217m[48;2;0;0;0m▀[0m[38;2;104;91;196m[48;2;135;108;212m▀[0m[38;2;104;91;196m[48;2;135;108;212m▀[0m[38;2;116;85;203m[48;2;141;119;216m▀[0m[38;2;146;127;208m[48;2;141;119;216m▀[0m[38;2;114;99;197m[48;2;143;120;217m▀[0m[38;2;214;199;237m[48;2;104;91;196m▀[0m[38;2;248;245;252m[48;2;104;91;196m▀[0m[38;2;248;245;252m[48;2;104;91;196m▀[0m[38;2;214;199;237m[48;2;104;91;196m▀[0m[38;2;114;99;197m[48;2;143;120;217m▀[0m[38;2;155;138;215m[48;2;141;119;216m▀[0m[38;2;94;84;195m[48;2;141;119;216m▀[0m[38;2;226;211;249m[48;2;104;91;196m▀[0m[38;2;248;245;252m[48;2;104;91;196m▀[0m[38;2;214;199;237m[48;2;104;91;196m▀[0m[38;2;114;99;197m[48;2;143;120;217m▀[0m[38;2;146;117;203m[48;2;143;120;217m▀[0m[38;2;246;243;252m[48;2;104;91;196m▀[0m[38;2;248;245;252m[48;2;104;91;196m▀[0m[38;2;248;245;252m[48;2;0;0;0m▀[0m[38;2;0;4;0m▀[38;2;0;4;0m▀  
         [38;2;0;0;0m[48;2;0;0;0m▀[0m[38;2;135;108;212m[48;2;157;149;246m▀[0m[38;2;141;119;216m[48;2;124;114;187m▀[0m[38;2;141;119;216m[48;2;151;141;245m▀[0m[38;2;143;120;217m[48;2;104;91;196m▀[0m[38;2;104;91;196m[48;2;130;110;212m▀[0m[38;2;143;120;217m[48;2;104;91;196m▀[0m[38;2;143;120;217m[48;2;143;120;217m▀[0m[38;2;104;91;196m[48;2;143;120;217m▀[0m[38;2;143;120;217m[48;2;104;91;196m▀[0m[38;2;141;119;216m[48;2;137;116;213m▀[0m[38;2;141;119;216m[48;2;66;65;66m▀[0m[38;2;104;91;196m[48;2;143;120;217m▀[0m[38;2;143;120;217m[48;2;143;120;217m▀[0m[38;2;143;120;217m[48;2;142;123;213m▀[0m[38;2;143;120;217m[48;2;142;123;213m▀[0m[38;2;104;91;196m[48;2;0;0;0m▀[0m[38;2;143;120;217m[48;2;0;0;0m▀[0m[38;2;0;0;0m▀     
          [38;2;0;0;0m[48;2;0;0;0m▀[0m[38;2;151;141;245m[48;2;157;149;246m▀[0m[38;2;67;58;72m[48;2;0;0;0m▀[0m[38;2;104;91;196m[48;2;157;149;246m▀[0m[38;2;157;149;246m[48;2;157;149;246m▀[0m[38;2;104;91;196m[48;2;157;149;246m▀[0m[38;2;143;120;217m[48;2;108;92;200m▀[0m[38;2;143;120;217m[48;2;157;149;246m▀[0m[38;2;143;120;217m[48;2;157;149;246m▀[0m[38;2;66;65;66m[48;2;0;0;0m▀[0m[38;2;137;116;213m[48;2;157;149;246m▀[0m[38;2;104;91;196m[48;2;106;99;166m▀[0m[38;2;143;120;217m[48;2;157;149;246m▀[0m[38;2;49;63;74m[48;2;0;0;0m▀[0m[38;2;16;4;0m▀        
           [38;2;0;0;0m▀ [38;2;0;0;0m[48;2;0;0;0m▀[0m[38;2;157;149;246m[48;2;104;91;196m▀[0m[38;2;108;92;200m[48;2;157;149;246m▀[0m[38;2;157;149;246m[48;2;157;149;246m▀[0m[38;2;157;149;246m[48;2;0;0;0m▀[0m[38;2;0;0;0m▀ [38;2;0;0;0m▀[38;2;157;149;246m[48;2;0;0;0m▀[0m[38;2;0;0;8m▀          
              [38;2;0;0;0m[48;2;0;0;0m▀[0m[38;2;108;92;200m[48;2;157;149;246m▀[0m[38;2;157;149;246m[48;2;0;0;0m▀[0m[38;2;0;0;0m▀               
                               [38;2;0;0;0m▀                                 
                                     [0m                                     