        [38;2;0;0;0m▄[38;2;0;0;0m[48;2;255;255;255m▀[0m[38;2;0;0;0m[48;2;255;255;255m▀[0m[38;2;0;0;0m[48;2;255;255;255m▀[0m[38;2;0;0;0m▄    
      [38;2;0;0;0m▄[38;2;0;0;0m[48;2;255;255;255m▀[0m[38;2;0;0;0m[48;2;255;255;255m▀[0m[38;2;255;255;255m[48;2;255;255;255m▀[0m[38;2;255;255;255m[48;2;217;225;255m▀[0m[38;2;0;0;0m[48;2;0;0;0m▀[0m     
    [38;2;0;0;0m▄[38;2;0;0;0m[48;2;255;255;255m▀[0m[38;2;65;65;65m[48;2;255;255;255m▀[0m[38;2;255;255;255m[48;2;181;206;239m▀[0m[38;2;255;255;255m[48;2;255;255;255m▀[0m[38;2;255;255;255m[48;2;255;255;255m▀[0m[38;2;255;255;255m[48;2;255;255;255m▀[0m[38;2;255;255;255m[48;2;217;225;255m▀[0m[38;2;0;0;0m[48;2;0;0;0m▀[0m    
 [38;2;0;0;0m[48;2;0;0;0m▀[0m[38;2;0;0;0m[48;2;184;178;255m▀[0m[38;2;0;0;0m[48;2;65;65;65m▀[0m[38;2;184;178;255m[48;2;255;255;255m▀[0m[38;2;255;255;255m[48;2;184;178;255m▀[0m[38;2;184;178;255m[48;2;107;132;222m▀[0m[38;2;255;255;255m[48;2;255;255;255m▀[0m[38;2;255;255;255m[48;2;184;178;255m▀[0m[38;2;255;255;255m[48;2;255;255;255m▀[0m[38;2;217;225;255m[48;2;255;255;255m▀[0m[38;2;181;206;239m[48;2;255;255;255m▀[0m[38;2;255;255;255m[48;2;255;255;255m▀[0m[38;2;0;0;0m[48;2;255;255;255m▀[0m[38;2;0;0;0m▄  
 [38;2;0;0;0m▀[38;2;180;141;232m[48;2;0;0;0m▀[0m[38;2;181;206;239m[48;2;255;255;255m▀[0m[38;2;255;255;255m[48;2;132;156;239m▀[0m[38;2;184;178;255m[48;2;255;255;255m▀[0m[38;2;107;132;222m[48;2;184;178;255m▀[0m[38;2;255;255;255m[48;2;255;255;255m▀[0m[38;2;107;132;222m[48;2;107;132;222m▀[0m[38;2;184;178;255m[48;2;184;178;255m▀[0m[38;2;255;255;255m[48;2;255;255;255m▀[0m[38;2;184;178;255m[48;2;255;255;255m▀[0m[38;2;255;255;255m[48;2;255;255;255m▀[0m[38;2;255;255;255m[48;2;180;141;232m▀[0m[38;2;0;0;0m[48;2;0;0;0m▀[0m[38;2;0;0;0m▄ 
 [38;2;0;0;0m[48;2;0;0;0m▀[0m[38;2;255;255;255m[48;2;217;225;255m▀[0m[38;2;255;255;255m[48;2;255;255;255m▀[0m[38;2;132;156;239m[48;2;255;255;255m▀[0m[38;2;107;132;222m[48;2;184;178;255m▀[0m[38;2;255;255;255m[48;2;132;156;239m▀[0m[38;2;255;255;255m[48;2;107;132;222m▀[0m[38;2;184;178;255m[48;2;107;132;222m▀[0m[38;2;255;255;255m[48;2;132;156;239m▀[0m[38;2;132;156;239m[48;2;255;255;255m▀[0m[38;2;255;255;255m[48;2;255;255;255m▀[0m[38;2;180;141;232m[48;2;184;178;255m▀[0m[38;2;184;178;255m[48;2;180;141;232m▀[0m[38;2;184;178;255m[48;2;0;0;0m▀[0m[38;2;0;0;0m▀ 
  [38;2;0;0;0m[48;2;0;0;0m▀[0m[38;2;217;225;255m[48;2;180;141;232m▀[0m[38;2;255;255;255m[48;2;217;225;255m▀[0m[38;2;180;141;232m[48;2;217;225;255m▀[0m[38;2;132;156;239m[48;2;255;255;255m▀[0m[38;2;184;178;255m[48;2;180;141;232m▀[0m[38;2;132;156;239m[48;2;132;156;239m▀[0m[38;2;255;255;255m[48;2;217;225;255m▀[0m[38;2;255;255;255m[48;2;184;178;255m▀[0m[38;2;255;255;255m[48;2;255;255;255m▀[0m[38;2;255;255;255m[48;2;255;255;255m▀[0m[38;2;255;255;255m[48;2;217;225;255m▀[0m[38;2;255;255;255m[48;2;184;178;255m▀[0m[38;2;0;0;0m[48;2;0;0;0m▀[0m 
   [38;2;0;0;0m▀[38;2;180;141;232m[48;2;0;0;0m▀[0m[38;2;180;141;232m[48;2;184;178;255m▀[0m[38;2;217;225;255m[48;2;180;141;232m▀[0m[38;2;217;225;255m[48;2;180;141;232m▀[0m[38;2;217;225;255m[48;2;180;141;232m▀[0m[38;2;180;141;232m[48;2;184;178;255m▀[0m[38;2;180;141;232m[48;2;184;178;255m▀[0m[38;2;217;225;255m[48;2;180;141;232m▀[0m[38;2;217;225;255m[48;2;180;141;232m▀[0m[38;2;180;141;232m[48;2;0;0;0m▀[0m[38;2;0;0;0m▀  
     [38;2;0;0;0m▀[38;2;0;0;0m[48;2;0;0;0m▀[0m[38;2;184;178;255m[48;2;180;141;232m▀[0m[38;2;184;178;255m[48;2;180;141;232m▀[0m[38;2;180;141;232m[48;2;180;141;232m▀[0m[38;2;65;65;65m[48;2;0;0;0m▀[0m[38;2;0;0;0m▀[38;2;0;0;0m▀    
       [38;2;0;0;0m[48;2;0;0;0m▀[0m[38;2;180;141;232m[48;2;180;141;232m▀[0m[38;2;0;0;0m[48;2;0;0;0m▀[0m       
                                [38;2;0;0;0m▀                                
                                     [0m                                     