       [38;2;0;0;0m▄[38;2;0;0;0m[48;2;255;255;255m▀[0m[38;2;0;0;0m▄         
      [38;2;0;0;0m[48;2;0;0;0m▀[0m[38;2;255;255;255m[48;2;255;255;255m▀[0m[38;2;255;255;255m[48;2;0;0;0m▀[0m[38;2;0;0;0m▀  [38;2;0;0;0m▄[38;2;0;0;0m[48;2;255;255;255m▀[0m[38;2;0;0;0m▄    
     [38;2;0;0;0m[48;2;0;0;0m▀[0m[38;2;255;255;255m[48;2;255;255;255m▀[0m[38;2;0;0;0m[48;2;0;0;0m▀[0m[38;2;0;0;0m▄  [38;2;0;0;0m[48;2;0;0;0m▀[0m[38;2;255;255;255m[48;2;255;255;255m▀[0m[38;2;255;255;255m[48;2;0;0;0m▀[0m[38;2;0;0;0m▀    
    [38;2;0;0;0m▄[38;2;0;0;0m[48;2;255;255;255m▀[0m[38;2;255;255;255m[48;2;65;65;65m▀[0m[38;2;65;65;65m[48;2;111;102;187m▀[0m[38;2;150;140;233m[48;2;150;140;233m▀[0m[38;2;0;0;0m[48;2;65;65;65m▀[0m[38;2;0;0;0m[48;2;255;255;255m▀[0m[38;2;255;255;255m[48;2;65;65;65m▀[0m[38;2;65;65;65m[48;2;111;102;187m▀[0m[38;2;0;0;0m[48;2;150;140;233m▀[0m[38;2;0;0;0m[48;2;0;0;0m▀[0m    
    [38;2;0;0;0m[48;2;0;0;0m▀[0m[38;2;255;255;255m[48;2;255;255;255m▀[0m[38;2;65;65;65m[48;2;65;65;65m▀[0m[38;2;150;140;233m[48;2;150;140;233m▀[0m[38;2;150;140;233m[48;2;255;255;255m▀[0m[38;2;255;255;255m[48;2;65;65;65m▀[0m[38;2;65;65;65m[48;2;150;140;233m▀[0m[38;2;150;140;233m[48;2;150;140;233m▀[0m[38;2;150;140;233m[48;2;111;102;187m▀[0m[38;2;0;0;0m[48;2;0;0;0m▀[0m     
   [38;2;0;0;0m▄[38;2;0;0;0m[48;2;33;138;255m▀[0m[38;2;255;255;255m[48;2;255;255;255m▀[0m[38;2;65;65;65m[48;2;65;65;65m▀[0m[38;2;150;140;233m[48;2;255;255;255m▀[0m[38;2;255;255;255m[48;2;65;65;65m▀[0m[38;2;65;65;65m[48;2;150;140;233m▀[0m[38;2;150;140;233m[48;2;150;140;233m▀[0m[38;2;150;140;233m[48;2;111;102;187m▀[0m[38;2;111;102;187m[48;2;150;140;233m▀[0m[38;2;150;140;233m[48;2;150;140;233m▀[0m[38;2;0;0;0m[48;2;150;140;233m▀[0m[38;2;0;0;0m▄   
  [38;2;0;0;0m[48;2;0;0;0m▀[0m[38;2;33;138;255m[48;2;115;195;255m▀[0m[38;2;115;194;255m[48;2;111;102;187m▀[0m[38;2;111;102;187m[48;2;150;140;233m▀[0m[38;2;150;140;233m[48;2;150;140;233m▀[0m[38;2;255;255;255m[48;2;150;140;233m▀[0m[38;2;65;65;65m[48;2;111;102;187m▀[0m[38;2;150;140;233m[48;2;111;102;187m▀[0m[38;2;150;140;233m[48;2;150;140;233m▀[0m[38;2;150;140;233m[48;2;150;140;233m▀[0m[38;2;150;140;233m[48;2;150;140;233m▀[0m[38;2;150;140;233m[48;2;150;140;233m▀[0m[38;2;150;140;233m[48;2;150;140;233m▀[0m[38;2;0;0;0m[48;2;150;140;233m▀[0m[38;2;0;0;0m▄  
 [38;2;0;0;0m[48;2;0;0;0m▀[0m[38;2;111;102;187m[48;2;111;102;187m▀[0m[38;2;33;138;255m[48;2;65;65;65m▀[0m[38;2;111;102;187m[48;2;148;205;255m▀[0m[38;2;111;102;187m[48;2;33;138;255m▀[0m[38;2;150;140;233m[48;2;74;65;140m▀[0m[38;2;111;102;187m[48;2;115;195;255m▀[0m[38;2;115;195;255m[48;2;33;138;255m▀[0m[38;2;33;138;255m[48;2;115;195;255m▀[0m[38;2;74;65;140m[48;2;33;138;255m▀[0m[38;2;150;140;233m[48;2;74;65;140m▀[0m[38;2;150;140;233m[48;2;150;140;233m▀[0m[38;2;150;140;233m[48;2;150;140;233m▀[0m[38;2;150;140;233m[48;2;150;140;233m▀[0m[38;2;150;140;233m[48;2;150;140;233m▀[0m[38;2;150;140;233m[48;2;0;0;0m▀[0m[38;2;0;0;0m▀ 
 [38;2;0;0;0m▀[38;2;111;102;187m[48;2;0;0;0m▀[0m[38;2;255;255;255m[48;2;111;102;187m▀[0m[38;2;115;195;255m[48;2;74;65;140m▀[0m[38;2;148;205;255m[48;2;255;255;255m▀[0m[38;2;74;65;140m[48;2;65;65;65m▀[0m[38;2;33;138;255m[48;2;33;138;255m▀[0m[38;2;115;195;255m[48;2;25;98;213m▀[0m[38;2;25;98;213m[48;2;33;138;255m▀[0m[38;2;33;138;255m[48;2;25;98;213m▀[0m[38;2;74;65;140m[48;2;74;65;140m▀[0m[38;2;150;140;233m[48;2;150;140;233m▀[0m[38;2;150;140;233m[48;2;150;140;233m▀[0m[38;2;150;140;233m[48;2;111;102;187m▀[0m[38;2;150;140;233m[48;2;150;140;233m▀[0m[38;2;0;0;0m[48;2;111;102;187m▀[0m[38;2;0;0;0m▄ 
  [38;2;0;0;0m▀[38;2;189;165;90m[48;2;0;0;0m▀[0m[38;2;111;102;187m[48;2;111;102;187m▀[0m[38;2;65;65;65m[48;2;111;102;187m▀[0m[38;2;65;65;65m[48;2;111;102;187m▀[0m[38;2;74;65;140m[48;2;111;102;187m▀[0m[38;2;33;138;255m[48;2;74;65;140m▀[0m[38;2;33;138;255m[48;2;74;65;140m▀[0m[38;2;65;65;65m[48;2;111;102;187m▀[0m[38;2;111;102;187m[48;2;111;102;187m▀[0m[38;2;111;102;187m[48;2;111;102;187m▀[0m[38;2;150;140;233m[48;2;111;102;187m▀[0m[38;2;111;102;187m[48;2;111;102;187m▀[0m[38;2;111;102;187m[48;2;111;102;187m▀[0m[38;2;111;102;187m[48;2;0;0;0m▀[0m[38;2;0;0;0m▀ 
   [38;2;0;0;0m▀[38;2;65;65;65m[48;2;0;0;0m▀[0m[38;2;111;102;187m[48;2;65;65;65m▀[0m[38;2;74;65;140m[48;2;111;102;187m▀[0m[38;2;230;222;148m[48;2;74;65;140m▀[0m[38;2;189;165;90m[48;2;230;222;148m▀[0m[38;2;74;65;140m[48;2;230;222;148m▀[0m[38;2;111;102;187m[48;2;111;102;187m▀[0m[38;2;111;102;187m[48;2;74;65;140m▀[0m[38;2;111;102;187m[48;2;111;102;187m▀[0m[38;2;111;102;187m[48;2;111;102;187m▀[0m[38;2;74;65;140m[48;2;74;65;140m▀[0m[38;2;111;102;187m[48;2;0;0;0m▀[0m[38;2;0;0;0m▀  
   [38;2;0;0;0m▀[38;2;189;165;90m[48;2;0;0;0m▀[0m[38;2;189;165;90m[48;2;0;0;0m▀[0m[38;2;65;65;65m[48;2;0;0;0m▀[0m[38;2;111;102;187m[48;2;0;0;0m▀[0m[38;2;111;102;187m[48;2;111;102;187m▀[0m[38;2;111;102;187m[48;2;111;102;187m▀[0m[38;2;111;102;187m[48;2;74;65;140m▀[0m[38;2;74;65;140m[48;2;189;165;90m▀[0m[38;2;111;102;187m[48;2;0;0;0m▀[0m[38;2;0;0;0m▀[38;2;0;0;0m▀    
        [38;2;0;0;0m▀[38;2;230;222;148m[48;2;0;0;0m▀[0m[38;2;189;165;90m[48;2;0;0;0m▀[0m[38;2;230;222;148m[48;2;0;0;0m▀[0m[38;2;0;0;0m▀      
                                     [0m                                     