  [38;2;0;0;0m▄[38;2;0;0;0m[48;2;53;99;137m▀[0m[38;2;0;0;0m[48;2;149;195;233m▀[0m[38;2;0;0;0m[48;2;149;195;233m▀[0m[38;2;0;0;0m▄       [38;2;0;0;0m▄                     
  [38;2;0;0;0m[48;2;0;0;0m▀[0m[38;2;149;195;233m[48;2;149;195;233m▀[0m[38;2;110;156;194m[48;2;110;156;194m▀[0m[38;2;149;195;233m[48;2;149;195;233m▀[0m[38;2;149;195;233m[48;2;149;195;233m▀[0m[38;2;0;0;0m[48;2;0;0;0m▀[0m    [38;2;0;0;0m▄[38;2;0;0;0m[48;2;168;205;255m▀[0m[38;2;168;205;255m[48;2;168;205;255m▀[0m[38;2;0;0;0m[48;2;0;0;0m▀[0m                    
  [38;2;0;0;0m▀[38;2;149;195;233m[48;2;0;0;0m▀[0m[38;2;110;156;194m[48;2;149;195;233m▀[0m[38;2;149;195;233m[48;2;110;156;194m▀[0m[38;2;149;195;233m[48;2;149;195;233m▀[0m[38;2;149;195;233m[48;2;149;195;233m▀[0m[38;2;0;0;0m[48;2;0;0;0m▀[0m [38;2;0;0;0m▄[38;2;0;0;0m[48;2;168;205;255m▀[0m[38;2;168;205;255m[48;2;168;205;255m▀[0m[38;2;168;205;255m[48;2;168;205;255m▀[0m[38;2;0;0;0m[48;2;0;0;0m▀[0m                     
   [38;2;0;0;0m[48;2;0;0;0m▀[0m[38;2;149;195;233m[48;2;149;195;233m▀[0m[38;2;110;156;194m[48;2;110;156;194m▀[0m[38;2;149;195;233m[48;2;65;65;65m▀[0m[38;2;149;195;233m[48;2;149;195;233m▀[0m[38;2;0;0;0m[48;2;149;195;233m▀[0m[38;2;0;0;0m▄[38;2;0;0;0m[48;2;168;205;255m▀[0m[38;2;168;205;255m[48;2;168;205;255m▀[0m[38;2;168;205;255m[48;2;168;205;255m▀[0m[38;2;0;0;0m[48;2;0;0;0m▀[0m              [38;2;0;0;0m▄[38;2;0;0;0m▄[38;2;0;0;0m▄[38;2;0;0;0m▄[38;2;0;0;0m▄   
   [38;2;0;0;0m[48;2;0;0;0m▀[0m[38;2;149;195;233m[48;2;149;195;233m▀[0m[38;2;65;65;65m[48;2;65;65;65m▀[0m[38;2;122;168;229m[48;2;122;168;229m▀[0m[38;2;65;65;65m[48;2;65;65;65m▀[0m[38;2;149;195;233m[48;2;65;65;65m▀[0m[38;2;65;65;65m[48;2;168;205;255m▀[0m[38;2;168;205;255m[48;2;168;205;255m▀[0m[38;2;168;205;255m[48;2;168;205;255m▀[0m[38;2;0;0;0m[48;2;0;0;0m▀[0m         [38;2;0;0;0m▄[38;2;0;0;0m▄[38;2;0;0;0m▄[38;2;0;0;0m[48;2;193;227;255m▀[0m[38;2;0;0;0m[48;2;193;227;255m▀[0m[38;2;0;0;0m[48;2;149;195;233m▀[0m[38;2;193;227;255m[48;2;149;195;233m▀[0m[38;2;193;227;255m[48;2;149;195;233m▀[0m[38;2;193;227;255m[48;2;149;195;233m▀[0m[38;2;193;227;255m[48;2;149;195;233m▀[0m[38;2;193;227;255m[48;2;149;195;233m▀[0m[38;2;0;0;0m[48;2;193;227;255m▀[0m[38;2;0;0;0m▄ 
    [38;2;0;0;0m[48;2;0;0;0m▀[0m[38;2;65;65;65m[48;2;122;168;229m▀[0m[38;2;122;168;229m[48;2;122;168;229m▀[0m[38;2;122;168;229m[48;2;74;120;181m▀[0m[38;2;74;120;181m[48;2;168;205;255m▀[0m[38;2;168;205;255m[48;2;168;205;255m▀[0m[38;2;168;205;255m[48;2;168;205;255m▀[0m[38;2;168;205;255m[48;2;0;0;0m▀[0m[38;2;0;0;0m▀ [38;2;0;0;0m▄[38;2;0;0;0m▄[38;2;0;0;0m[48;2;168;205;255m▀[0m[38;2;0;0;0m[48;2;168;205;255m▀[0m[38;2;0;0;0m▄[38;2;0;0;0m▄[38;2;0;0;0m[48;2;193;227;255m▀[0m[38;2;0;0;0m[48;2;149;195;233m▀[0m[38;2;193;227;255m[48;2;149;195;233m▀[0m[38;2;193;227;255m[48;2;149;195;233m▀[0m[38;2;149;195;233m[48;2;193;227;255m▀[0m[38;2;149;195;233m[48;2;193;227;255m▀[0m[38;2;149;195;233m[48;2;193;227;255m▀[0m[38;2;193;227;255m[48;2;193;227;255m▀[0m[38;2;193;227;255m[48;2;193;227;255m▀[0m[38;2;193;227;255m[48;2;193;227;255m▀[0m[38;2;193;227;255m[48;2;193;227;255m▀[0m[38;2;193;227;255m[48;2;193;227;255m▀[0m[38;2;193;227;255m[48;2;193;227;255m▀[0m[38;2;149;195;233m[48;2;193;227;255m▀[0m[38;2;0;0;0m[48;2;0;0;0m▀[0m 
    [38;2;0;0;0m[48;2;0;0;0m▀[0m[38;2;122;168;229m[48;2;122;168;229m▀[0m[38;2;122;168;229m[48;2;74;120;181m▀[0m[38;2;74;120;181m[48;2;168;205;255m▀[0m[38;2;168;205;255m[48;2;168;205;255m▀[0m[38;2;168;205;255m[48;2;168;205;255m▀[0m[38;2;168;205;255m[48;2;168;205;255m▀[0m[38;2;0;0;0m[48;2;0;0;0m▀[0m[38;2;0;0;0m▄[38;2;0;0;0m[48;2;168;205;255m▀[0m[38;2;168;205;255m[48;2;168;205;255m▀[0m[38;2;168;205;255m[48;2;122;168;229m▀[0m[38;2;168;205;255m[48;2;65;65;65m▀[0m[38;2;65;65;65m[48;2;74;120;181m▀[0m[38;2;74;120;181m[48;2;193;227;255m▀[0m[38;2;193;227;255m[48;2;149;195;233m▀[0m[38;2;149;195;233m[48;2;193;227;255m▀[0m[38;2;193;227;255m[48;2;193;227;255m▀[0m[38;2;193;227;255m[48;2;193;227;255m▀[0m[38;2;193;227;255m[48;2;193;227;255m▀[0m[38;2;193;227;255m[48;2;193;227;255m▀[0m[38;2;193;227;255m[48;2;193;227;255m▀[0m[38;2;193;227;255m[48;2;193;227;255m▀[0m[38;2;193;227;255m[48;2;149;195;233m▀[0m[38;2;193;227;255m[48;2;149;195;233m▀[0m[38;2;193;227;255m[48;2;149;195;233m▀[0m[38;2;193;227;255m[48;2;149;195;233m▀[0m[38;2;193;227;255m[48;2;149;195;233m▀[0m[38;2;193;227;255m[48;2;149;195;233m▀[0m[38;2;193;227;255m[48;2;0;0;0m▀[0m[38;2;0;0;0m▀ 
   [38;2;0;0;0m[48;2;0;0;0m▀[0m[38;2;122;168;229m[48;2;122;168;229m▀[0m[38;2;74;120;181m[48;2;168;205;255m▀[0m[38;2;168;205;255m[48;2;168;205;255m▀[0m[38;2;168;205;255m[48;2;168;205;255m▀[0m[38;2;168;205;255m[48;2;74;120;181m▀[0m[38;2;168;205;255m[48;2;74;120;181m▀[0m[38;2;65;65;65m[48;2;168;205;255m▀[0m[38;2;168;205;255m[48;2;168;205;255m▀[0m[38;2;168;205;255m[48;2;168;205;255m▀[0m[38;2;168;205;255m[48;2;65;65;65m▀[0m[38;2;65;65;65m[48;2;65;65;65m▀[0m[38;2;65;65;65m[48;2;74;120;181m▀[0m[38;2;74;120;181m[48;2;149;195;233m▀[0m[38;2;193;227;255m[48;2;110;156;194m▀[0m[38;2;149;195;233m[48;2;193;227;255m▀[0m[38;2;193;227;255m[48;2;193;227;255m▀[0m[38;2;193;227;255m[48;2;193;227;255m▀[0m[38;2;193;227;255m[48;2;149;195;233m▀[0m[38;2;193;227;255m[48;2;149;195;233m▀[0m[38;2;149;195;233m[48;2;149;195;233m▀[0m[38;2;149;195;233m[48;2;149;195;233m▀[0m[38;2;149;195;233m[48;2;193;227;255m▀[0m[38;2;149;195;233m[48;2;193;227;255m▀[0m[38;2;193;227;255m[48;2;193;227;255m▀[0m[38;2;193;227;255m[48;2;193;227;255m▀[0m[38;2;193;227;255m[48;2;193;227;255m▀[0m[38;2;193;227;255m[48;2;193;227;255m▀[0m[38;2;193;227;255m[48;2;0;0;0m▀[0m[38;2;0;0;0m▀   
 [38;2;0;0;0m▄[38;2;0;0;0m[48;2;189;205;205m▀[0m[38;2;255;255;255m[48;2;65;65;65m▀[0m[38;2;168;205;255m[48;2;168;205;255m▀[0m[38;2;168;205;255m[48;2;168;205;255m▀[0m[38;2;168;205;255m[48;2;168;205;255m▀[0m[38;2;168;205;255m[48;2;168;205;255m▀[0m[38;2;168;205;255m[48;2;168;205;255m▀[0m[38;2;168;205;255m[48;2;65;65;65m▀[0m[38;2;168;205;255m[48;2;65;65;65m▀[0m[38;2;168;205;255m[48;2;65;65;65m▀[0m[38;2;65;65;65m[48;2;74;120;181m▀[0m[38;2;74;120;181m[48;2;74;120;181m▀[0m[38;2;74;120;181m[48;2;149;195;233m▀[0m[38;2;149;195;233m[48;2;110;156;194m▀[0m[38;2;110;156;194m[48;2;149;195;233m▀[0m[38;2;193;227;255m[48;2;149;195;233m▀[0m[38;2;193;227;255m[48;2;110;156;194m▀[0m[38;2;149;195;233m[48;2;193;227;255m▀[0m[38;2;149;195;233m[48;2;193;227;255m▀[0m[38;2;193;227;255m[48;2;193;227;255m▀[0m[38;2;193;227;255m[48;2;193;227;255m▀[0m[38;2;193;227;255m[48;2;193;227;255m▀[0m[38;2;193;227;255m[48;2;193;227;255m▀[0m[38;2;149;195;233m[48;2;193;227;255m▀[0m[38;2;149;195;233m[48;2;193;227;255m▀[0m[38;2;149;195;233m[48;2;193;227;255m▀[0m[38;2;149;195;233m[48;2;0;0;0m▀[0m[38;2;193;227;255m[48;2;0;0;0m▀[0m[38;2;0;0;0m▀     
 [38;2;0;0;0m▀[38;2;213;246;255m[48;2;0;0;0m▀[0m[38;2;65;65;65m[48;2;213;246;255m▀[0m[38;2;168;205;255m[48;2;168;205;255m▀[0m[38;2;168;205;255m[48;2;168;205;255m▀[0m[38;2;168;205;255m[48;2;122;168;229m▀[0m[38;2;168;205;255m[48;2;65;65;65m▀[0m[38;2;65;65;65m[48;2;189;205;205m▀[0m[38;2;255;255;255m[48;2;255;255;255m▀[0m[38;2;255;255;255m[48;2;255;255;255m▀[0m[38;2;189;205;205m[48;2;74;120;181m▀[0m[38;2;65;65;65m[48;2;189;205;205m▀[0m[38;2;149;195;233m[48;2;65;65;65m▀[0m[38;2;110;156;194m[48;2;65;65;65m▀[0m[38;2;149;195;233m[48;2;149;195;233m▀[0m[38;2;149;195;233m[48;2;110;156;194m▀[0m[38;2;110;156;194m[48;2;149;195;233m▀[0m[38;2;193;227;255m[48;2;193;227;255m▀[0m[38;2;193;227;255m[48;2;149;195;233m▀[0m[38;2;193;227;255m[48;2;149;195;233m▀[0m[38;2;149;195;233m[48;2;193;227;255m▀[0m[38;2;149;195;233m[48;2;193;227;255m▀[0m[38;2;149;195;233m[48;2;193;227;255m▀[0m[38;2;149;195;233m[48;2;193;227;255m▀[0m[38;2;149;195;233m[48;2;193;227;255m▀[0m[38;2;193;227;255m[48;2;0;0;0m▀[0m[38;2;0;0;0m▀        
  [38;2;0;0;0m▄[38;2;0;0;0m[48;2;213;213;213m▀[0m[38;2;122;168;229m[48;2;122;168;229m▀[0m[38;2;122;168;229m[48;2;122;168;229m▀[0m[38;2;122;168;229m[48;2;74;120;181m▀[0m[38;2;65;65;65m[48;2;65;65;65m▀[0m[38;2;189;205;205m[48;2;213;246;255m▀[0m[38;2;65;65;65m[48;2;74;120;181m▀[0m[38;2;65;65;65m[48;2;65;65;65m▀[0m[38;2;65;65;65m[48;2;74;120;181m▀[0m[38;2;213;246;255m[48;2;213;246;255m▀[0m[38;2;65;65;65m[48;2;65;65;65m▀[0m[38;2;168;205;255m[48;2;168;205;255m▀[0m[38;2;65;65;65m[48;2;168;205;255m▀[0m[38;2;149;195;233m[48;2;149;195;233m▀[0m[38;2;149;195;233m[48;2;110;156;194m▀[0m[38;2;110;156;194m[48;2;193;227;255m▀[0m[38;2;193;227;255m[48;2;193;227;255m▀[0m[38;2;193;227;255m[48;2;193;227;255m▀[0m[38;2;149;195;233m[48;2;193;227;255m▀[0m[38;2;149;195;233m[48;2;193;227;255m▀[0m[38;2;149;195;233m[48;2;193;227;255m▀[0m[38;2;149;195;233m[48;2;193;227;255m▀[0m[38;2;193;227;255m[48;2;0;0;0m▀[0m[38;2;0;0;0m▀         
  [38;2;0;0;0m▀[38;2;213;213;213m[48;2;0;0;0m▀[0m[38;2;122;168;229m[48;2;65;65;65m▀[0m[38;2;74;120;181m[48;2;65;65;65m▀[0m[38;2;255;255;255m[48;2;255;255;255m▀[0m[38;2;74;120;181m[48;2;65;65;65m▀[0m[38;2;65;65;65m[48;2;168;205;255m▀[0m[38;2;213;246;255m[48;2;65;65;65m▀[0m[38;2;213;246;255m[48;2;65;65;65m▀[0m[38;2;213;246;255m[48;2;65;65;65m▀[0m[38;2;65;65;65m[48;2;168;205;255m▀[0m[38;2;168;205;255m[48;2;65;65;65m▀[0m[38;2;168;205;255m[48;2;65;65;65m▀[0m[38;2;122;168;229m[48;2;122;168;229m▀[0m[38;2;65;65;65m[48;2;65;65;65m▀[0m[38;2;193;227;255m[48;2;53;99;137m▀[0m[38;2;193;227;255m[48;2;53;99;137m▀[0m[38;2;53;99;137m[48;2;149;195;233m▀[0m[38;2;53;99;137m[48;2;149;195;233m▀[0m[38;2;53;99;137m[48;2;149;195;233m▀[0m[38;2;53;99;137m[48;2;149;195;233m▀[0m[38;2;193;227;255m[48;2;53;99;137m▀[0m[38;2;193;227;255m[48;2;0;0;0m▀[0m[38;2;0;0;0m▀          
    [38;2;0;0;0m[48;2;0;0;0m▀[0m[38;2;173;168;154m[48;2;173;168;154m▀[0m[38;2;65;65;65m[48;2;74;120;181m▀[0m[38;2;168;205;255m[48;2;122;168;229m▀[0m[38;2;168;205;255m[48;2;168;205;255m▀[0m[38;2;168;205;255m[48;2;168;205;255m▀[0m[38;2;168;205;255m[48;2;65;65;65m▀[0m[38;2;122;168;229m[48;2;65;65;65m▀[0m[38;2;65;65;65m[48;2;217;212;202m▀[0m[38;2;217;212;202m[48;2;217;212;202m▀[0m[38;2;217;212;202m[48;2;74;120;181m▀[0m[38;2;74;120;181m[48;2;173;168;154m▀[0m[38;2;65;65;65m[48;2;74;120;181m▀[0m[38;2;110;156;194m[48;2;65;65;65m▀[0m[38;2;110;156;194m[48;2;110;156;194m▀[0m[38;2;110;156;194m[48;2;149;195;233m▀[0m[38;2;110;156;194m[48;2;149;195;233m▀[0m[38;2;149;195;233m[48;2;110;156;194m▀[0m[38;2;149;195;233m[48;2;110;156;194m▀[0m[38;2;193;227;255m[48;2;193;227;255m▀[0m[38;2;193;227;255m[48;2;193;227;255m▀[0m[38;2;0;0;0m[48;2;193;227;255m▀[0m[38;2;0;0;0m▄         
     [38;2;0;0;0m▀[38;2;65;65;65m[48;2;0;0;0m▀[0m[38;2;74;120;181m[48;2;173;168;154m▀[0m[38;2;122;168;229m[48;2;74;120;181m▀[0m[38;2;65;65;65m[48;2;122;168;229m▀[0m[38;2;217;212;202m[48;2;65;65;65m▀[0m[38;2;217;212;202m[48;2;74;120;181m▀[0m[38;2;217;212;202m[48;2;74;120;181m▀[0m[38;2;74;120;181m[48;2;173;168;154m▀[0m[38;2;173;168;154m[48;2;74;120;181m▀[0m[38;2;74;120;181m[48;2;173;168;154m▀[0m[38;2;173;168;154m[48;2;65;65;65m▀[0m[38;2;65;65;65m[48;2;173;168;154m▀[0m[38;2;149;195;233m[48;2;65;65;65m▀[0m[38;2;110;156;194m[48;2;0;0;0m▀[0m[38;2;110;156;194m[48;2;193;227;255m▀[0m[38;2;193;227;255m[48;2;149;195;233m▀[0m[38;2;193;227;255m[48;2;149;195;233m▀[0m[38;2;149;195;233m[48;2;193;227;255m▀[0m[38;2;149;195;233m[48;2;193;227;255m▀[0m[38;2;193;227;255m[48;2;0;0;0m▀[0m[38;2;0;0;0m▀         
       [38;2;0;0;0m▀[38;2;0;0;0m▀[38;2;65;65;65m[48;2;0;0;0m▀[0m[38;2;65;65;65m[48;2;217;212;202m▀[0m[38;2;173;168;154m[48;2;65;65;65m▀[0m[38;2;173;168;154m[48;2;65;65;65m▀[0m[38;2;74;120;181m[48;2;65;65;65m▀[0m[38;2;65;65;65m[48;2;173;168;154m▀[0m[38;2;65;65;65m[48;2;217;212;202m▀[0m[38;2;173;168;154m[48;2;217;212;202m▀[0m[38;2;173;168;154m[48;2;173;168;154m▀[0m[38;2;0;0;0m[48;2;123;113;98m▀[0m[38;2;0;0;0m▄[38;2;0;0;0m▀[38;2;193;227;255m[48;2;0;0;0m▀[0m[38;2;193;227;255m[48;2;0;0;0m▀[0m[38;2;149;195;233m[48;2;0;0;0m▀[0m[38;2;193;227;255m[48;2;0;0;0m▀[0m[38;2;193;227;255m[48;2;193;227;255m▀[0m[38;2;0;0;0m[48;2;193;227;255m▀[0m[38;2;0;0;0m[48;2;193;227;255m▀[0m[38;2;0;0;0m▄       
         [38;2;0;0;0m▀[38;2;123;113;98m[48;2;0;0;0m▀[0m[38;2;217;212;202m[48;2;123;113;98m▀[0m[38;2;217;212;202m[48;2;217;212;202m▀[0m[38;2;217;212;202m[48;2;123;113;98m▀[0m[38;2;217;212;202m[48;2;217;212;202m▀[0m[38;2;217;212;202m[48;2;123;113;98m▀[0m[38;2;123;113;98m[48;2;123;113;98m▀[0m[38;2;123;113;98m[48;2;173;168;154m▀[0m[38;2;173;168;154m[48;2;123;113;98m▀[0m[38;2;0;0;0m[48;2;0;0;0m▀[0m     [38;2;0;0;0m▀[38;2;193;227;255m[48;2;0;0;0m▀[0m[38;2;193;227;255m[48;2;0;0;0m▀[0m[38;2;0;0;0m▀       
          [38;2;0;0;0m▀[38;2;173;168;154m[48;2;0;0;0m▀[0m[38;2;123;113;98m[48;2;173;168;154m▀[0m[38;2;173;168;154m[48;2;173;168;154m▀[0m[38;2;123;113;98m[48;2;173;168;154m▀[0m[38;2;173;168;154m[48;2;173;168;154m▀[0m[38;2;173;168;154m[48;2;123;113;98m▀[0m[38;2;173;168;154m[48;2;123;113;98m▀[0m[38;2;0;0;0m[48;2;0;0;0m▀[0m                 
            [38;2;0;0;0m▀[38;2;0;0;0m▀[38;2;123;113;98m[48;2;0;0;0m▀[0m[38;2;123;113;98m[48;2;0;0;0m▀[0m[38;2;173;168;154m[48;2;0;0;0m▀[0m[38;2;0;0;0m▀                  
                                     [0m                                     