               [38;2;0;0;0m▄[38;2;0;0;0m▄[38;2;0;0;0m▄[38;2;0;0;0m▄[38;2;0;0;0m[48;2;180;156;90m▀[0m[38;2;0;0;0m[48;2;180;156;90m▀[0m[38;2;0;0;0m[48;2;82;90;82m▀[0m[38;2;0;0;0m▄[38;2;0;0;0m▄[38;2;0;0;0m▄                
          [38;2;0;0;0m▄[38;2;0;0;0m▄[38;2;0;0;0m[48;2;142;121;95m▀[0m[38;2;0;0;0m[48;2;142;121;95m▀[0m[38;2;0;0;0m[48;2;196;175;149m▀[0m[38;2;142;121;95m[48;2;196;175;149m▀[0m[38;2;196;175;149m[48;2;196;175;149m▀[0m[38;2;196;175;149m[48;2;142;121;95m▀[0m[38;2;82;90;82m[48;2;196;175;149m▀[0m[38;2;82;90;82m[48;2;196;175;149m▀[0m[38;2;82;90;82m[48;2;196;175;149m▀[0m[38;2;196;175;149m[48;2;196;175;149m▀[0m[38;2;65;65;65m[48;2;196;175;149m▀[0m[38;2;180;156;90m[48;2;65;65;65m▀[0m[38;2;180;156;90m[48;2;65;65;65m▀[0m[38;2;0;0;0m[48;2;180;156;90m▀[0m[38;2;0;0;0m[48;2;180;156;90m▀[0m[38;2;0;0;0m▄             
        [38;2;0;0;0m▄[38;2;0;0;0m[48;2;142;121;95m▀[0m[38;2;142;121;95m[48;2;142;121;95m▀[0m[38;2;142;121;95m[48;2;65;65;65m▀[0m[38;2;142;121;95m[48;2;65;65;65m▀[0m[38;2;65;65;65m[48;2;196;175;149m▀[0m[38;2;196;175;149m[48;2;196;175;149m▀[0m[38;2;196;175;149m[48;2;142;121;95m▀[0m[38;2;142;121;95m[48;2;196;175;149m▀[0m[38;2;196;175;149m[48;2;196;175;149m▀[0m[38;2;196;175;149m[48;2;196;175;149m▀[0m[38;2;196;175;149m[48;2;196;175;149m▀[0m[38;2;196;175;149m[48;2;196;175;149m▀[0m[38;2;196;175;149m[48;2;196;175;149m▀[0m[38;2;196;175;149m[48;2;196;175;149m▀[0m[38;2;196;175;149m[48;2;196;175;149m▀[0m[38;2;65;65;65m[48;2;196;175;149m▀[0m[38;2;0;0;0m[48;2;0;0;0m▀[0m[38;2;0;0;0m▀[38;2;180;156;90m[48;2;0;0;0m▀[0m[38;2;0;0;0m[48;2;131;115;90m▀[0m[38;2;0;0;0m▄           
        [38;2;0;0;0m▀[38;2;0;0;0m▀[38;2;0;0;0m▀[38;2;65;65;65m[48;2;0;0;0m▀[0m[38;2;196;175;149m[48;2;196;175;149m▀[0m[38;2;196;175;149m[48;2;196;175;149m▀[0m[38;2;196;175;149m[48;2;142;121;95m▀[0m[38;2;142;121;95m[48;2;196;175;149m▀[0m[38;2;196;175;149m[48;2;196;175;149m▀[0m[38;2;196;175;149m[48;2;196;175;149m▀[0m[38;2;196;175;149m[48;2;196;175;149m▀[0m[38;2;196;175;149m[48;2;196;175;149m▀[0m[38;2;196;175;149m[48;2;196;175;149m▀[0m[38;2;196;175;149m[48;2;196;175;149m▀[0m[38;2;142;121;95m[48;2;65;65;65m▀[0m[38;2;196;175;149m[48;2;142;121;95m▀[0m[38;2;196;175;149m[48;2;196;175;149m▀[0m[38;2;0;0;0m[48;2;196;175;149m▀[0m[38;2;0;0;0m▄ [38;2;0;0;0m▀[38;2;131;115;90m[48;2;0;0;0m▀[0m[38;2;0;0;0m[48;2;131;115;90m▀[0m[38;2;0;0;0m▄         
          [38;2;0;0;0m▄[38;2;0;0;0m[48;2;65;65;65m▀[0m[38;2;196;175;149m[48;2;196;175;149m▀[0m[38;2;196;175;149m[48;2;196;175;149m▀[0m[38;2;142;121;95m[48;2;196;175;149m▀[0m[38;2;196;175;149m[48;2;196;175;149m▀[0m[38;2;196;175;149m[48;2;196;175;149m▀[0m[38;2;196;175;149m[48;2;196;175;149m▀[0m[38;2;196;175;149m[48;2;196;175;149m▀[0m[38;2;196;175;149m[48;2;196;175;149m▀[0m[38;2;196;175;149m[48;2;196;175;149m▀[0m[38;2;65;65;65m[48;2;65;65;65m▀[0m[38;2;65;65;65m[48;2;121;158;232m▀[0m[38;2;65;65;65m[48;2;65;65;65m▀[0m[38;2;196;175;149m[48;2;65;65;65m▀[0m[38;2;196;175;149m[48;2;196;175;149m▀[0m[38;2;0;0;0m[48;2;0;0;0m▀[0m  [38;2;0;0;0m▀[38;2;131;115;90m[48;2;0;0;0m▀[0m[38;2;0;0;0m[48;2;131;115;90m▀[0m[38;2;0;0;0m▄        
         [38;2;0;0;0m▄[38;2;0;0;0m[48;2;178;206;255m▀[0m[38;2;121;158;232m[48;2;178;206;255m▀[0m[38;2;65;65;65m[48;2;65;65;65m▀[0m[38;2;196;175;149m[48;2;196;175;149m▀[0m[38;2;196;175;149m[48;2;196;175;149m▀[0m[38;2;196;175;149m[48;2;196;175;149m▀[0m[38;2;196;175;149m[48;2;196;175;149m▀[0m[38;2;196;175;149m[48;2;65;65;65m▀[0m[38;2;196;175;149m[48;2;65;65;65m▀[0m[38;2;196;175;149m[48;2;65;65;65m▀[0m[38;2;65;65;65m[48;2;65;65;65m▀[0m[38;2;121;158;232m[48;2;65;65;65m▀[0m[38;2;121;158;232m[48;2;121;158;232m▀[0m[38;2;121;158;232m[48;2;121;158;232m▀[0m[38;2;65;65;65m[48;2;65;65;65m▀[0m[38;2;196;175;149m[48;2;0;0;0m▀[0m[38;2;0;0;0m▀   [38;2;0;0;0m[48;2;0;0;0m▀[0m[38;2;131;115;90m[48;2;131;115;90m▀[0m[38;2;0;0;0m[48;2;0;0;0m▀[0m        
        [38;2;0;0;0m[48;2;0;0;0m▀[0m[38;2;178;206;255m[48;2;178;206;255m▀[0m[38;2;178;206;255m[48;2;178;206;255m▀[0m[38;2;65;65;65m[48;2;65;65;65m▀[0m[38;2;65;65;65m[48;2;255;255;255m▀[0m[38;2;196;175;149m[48;2;65;65;65m▀[0m[38;2;65;65;65m[48;2;65;65;65m▀[0m[38;2;65;65;65m[48;2;65;65;65m▀[0m[38;2;65;65;65m[48;2;65;65;65m▀[0m[38;2;65;65;65m[48;2;65;65;65m▀[0m[38;2;65;65;65m[48;2;65;65;65m▀[0m[38;2;65;65;65m[48;2;65;65;65m▀[0m[38;2;65;65;65m[48;2;65;65;65m▀[0m[38;2;65;65;65m[48;2;65;65;65m▀[0m[38;2;178;206;255m[48;2;178;206;255m▀[0m[38;2;121;158;232m[48;2;178;206;255m▀[0m[38;2;0;0;0m[48;2;0;0;0m▀[0m      [38;2;0;0;0m[48;2;0;0;0m▀[0m[38;2;65;65;65m[48;2;65;65;65m▀[0m[38;2;0;0;0m[48;2;0;0;0m▀[0m       
   [38;2;0;0;0m▄[38;2;0;0;0m▄[38;2;0;0;0m[48;2;164;143;117m▀[0m[38;2;0;0;0m[48;2;164;143;117m▀[0m[38;2;0;0;0m[48;2;164;143;117m▀[0m[38;2;0;0;0m▄[38;2;0;0;0m[48;2;65;65;65m▀[0m[38;2;178;206;255m[48;2;178;206;255m▀[0m[38;2;121;158;232m[48;2;178;206;255m▀[0m[38;2;255;255;255m[48;2;121;158;232m▀[0m[38;2;65;65;65m[48;2;65;65;65m▀[0m[38;2;65;65;65m[48;2;65;65;65m▀[0m[38;2;65;65;65m[48;2;65;65;65m▀[0m[38;2;65;65;65m[48;2;65;65;65m▀[0m[38;2;65;65;65m[48;2;255;255;255m▀[0m[38;2;255;255;255m[48;2;255;255;255m▀[0m[38;2;65;65;65m[48;2;121;158;232m▀[0m[38;2;65;65;65m[48;2;178;206;255m▀[0m[38;2;178;206;255m[48;2;178;206;255m▀[0m[38;2;178;206;255m[48;2;178;206;255m▀[0m[38;2;0;0;0m[48;2;0;0;0m▀[0m       [38;2;0;0;0m[48;2;0;0;0m▀[0m[38;2;65;65;65m[48;2;65;65;65m▀[0m[38;2;0;0;0m[48;2;0;0;0m▀[0m       
  [38;2;0;0;0m[48;2;0;0;0m▀[0m[38;2;164;143;117m[48;2;164;143;117m▀[0m[38;2;164;143;117m[48;2;164;143;117m▀[0m[38;2;164;143;117m[48;2;164;143;117m▀[0m[38;2;164;143;117m[48;2;142;121;95m▀[0m[38;2;142;121;95m[48;2;142;121;95m▀[0m[38;2;142;121;95m[48;2;107;86;60m▀[0m[38;2;142;121;95m[48;2;142;121;95m▀[0m[38;2;65;65;65m[48;2;142;121;95m▀[0m[38;2;178;206;255m[48;2;65;65;65m▀[0m[38;2;178;206;255m[48;2;65;65;65m▀[0m[38;2;178;206;255m[48;2;178;206;255m▀[0m[38;2;178;206;255m[48;2;178;206;255m▀[0m[38;2;178;206;255m[48;2;178;206;255m▀[0m[38;2;178;206;255m[48;2;178;206;255m▀[0m[38;2;121;158;232m[48;2;178;206;255m▀[0m[38;2;121;158;232m[48;2;178;206;255m▀[0m[38;2;178;206;255m[48;2;178;206;255m▀[0m[38;2;178;206;255m[48;2;65;65;65m▀[0m[38;2;178;206;255m[48;2;65;65;65m▀[0m[38;2;65;65;65m[48;2;158;206;85m▀[0m[38;2;0;0;0m[48;2;0;0;0m▀[0m      [38;2;0;0;0m[48;2;0;0;0m▀[0m[38;2;65;65;65m[48;2;65;65;65m▀[0m[38;2;0;0;0m[48;2;0;0;0m▀[0m        
 [38;2;0;0;0m[48;2;0;0;0m▀[0m[38;2;164;143;117m[48;2;164;143;117m▀[0m[38;2;164;143;117m[48;2;0;0;0m▀[0m[38;2;164;143;117m[48;2;0;0;0m▀[0m[38;2;142;121;95m[48;2;142;121;95m▀[0m[38;2;142;121;95m[48;2;142;121;95m▀[0m[38;2;142;121;95m[48;2;142;121;95m▀[0m[38;2;142;121;95m[48;2;142;121;95m▀[0m[38;2;107;86;60m[48;2;142;121;95m▀[0m[38;2;142;121;95m[48;2;107;86;60m▀[0m[38;2;142;121;95m[48;2;142;121;95m▀[0m[38;2;65;65;65m[48;2;65;65;65m▀[0m[38;2;65;65;65m[48;2;213;213;213m▀[0m[38;2;65;65;65m[48;2;156;131;74m▀[0m[38;2;65;65;65m[48;2;156;131;74m▀[0m[38;2;65;65;65m[48;2;255;255;255m▀[0m[38;2;65;65;65m[48;2;255;255;255m▀[0m[38;2;65;65;65m[48;2;0;0;0m▀[0m[38;2;65;65;65m[48;2;255;255;255m▀[0m[38;2;255;255;255m[48;2;255;255;255m▀[0m[38;2;156;131;74m[48;2;158;206;85m▀[0m[38;2;158;206;85m[48;2;158;206;85m▀[0m[38;2;158;206;85m[48;2;158;206;85m▀[0m[38;2;0;0;0m[48;2;0;0;0m▀[0m  [38;2;0;0;0m▄[38;2;0;0;0m▄[38;2;0;0;0m[48;2;196;175;149m▀[0m[38;2;65;65;65m[48;2;196;175;149m▀[0m[38;2;0;0;0m[48;2;196;175;149m▀[0m[38;2;0;0;0m[48;2;196;175;149m▀[0m[38;2;0;0;0m[48;2;164;143;117m▀[0m[38;2;0;0;0m▄[38;2;0;0;0m▄     
 [38;2;0;0;0m▀[38;2;0;0;0m▀  [38;2;0;0;0m▀[38;2;142;121;95m[48;2;0;0;0m▀[0m[38;2;142;121;95m[48;2;142;121;95m▀[0m[38;2;142;121;95m[48;2;142;121;95m▀[0m[38;2;142;121;95m[48;2;142;121;95m▀[0m[38;2;142;121;95m[48;2;142;121;95m▀[0m[38;2;107;86;60m[48;2;107;86;60m▀[0m[38;2;142;121;95m[48;2;142;121;95m▀[0m[38;2;65;65;65m[48;2;65;65;65m▀[0m[38;2;158;206;85m[48;2;188;255;93m▀[0m[38;2;158;206;85m[48;2;188;255;93m▀[0m[38;2;180;156;90m[48;2;188;255;93m▀[0m[38;2;255;255;255m[48;2;188;255;93m▀[0m[38;2;255;255;255m[48;2;188;255;93m▀[0m[38;2;255;255;255m[48;2;188;255;93m▀[0m[38;2;158;206;85m[48;2;188;255;93m▀[0m[38;2;188;255;93m[48;2;188;255;93m▀[0m[38;2;158;206;85m[48;2;158;206;85m▀[0m[38;2;158;206;85m[48;2;158;206;85m▀[0m[38;2;158;206;85m[48;2;65;65;65m▀[0m[38;2;0;0;0m[48;2;164;143;117m▀[0m[38;2;0;0;0m[48;2;164;143;117m▀[0m[38;2;164;143;117m[48;2;142;121;95m▀[0m[38;2;196;175;149m[48;2;142;121;95m▀[0m[38;2;196;175;149m[48;2;142;121;95m▀[0m[38;2;196;175;149m[48;2;142;121;95m▀[0m[38;2;196;175;149m[48;2;164;143;117m▀[0m[38;2;196;175;149m[48;2;164;143;117m▀[0m[38;2;196;175;149m[48;2;196;175;149m▀[0m[38;2;164;143;117m[48;2;196;175;149m▀[0m[38;2;164;143;117m[48;2;164;143;117m▀[0m[38;2;0;0;0m[48;2;164;143;117m▀[0m[38;2;0;0;0m[48;2;164;143;117m▀[0m[38;2;0;0;0m▄  
       [38;2;0;0;0m[48;2;0;0;0m▀[0m[38;2;142;121;95m[48;2;142;121;95m▀[0m[38;2;142;121;95m[48;2;142;121;95m▀[0m[38;2;142;121;95m[48;2;142;121;95m▀[0m[38;2;142;121;95m[48;2;142;121;95m▀[0m[38;2;107;86;60m[48;2;65;65;65m▀[0m[38;2;65;65;65m[48;2;188;255;93m▀[0m[38;2;188;255;93m[48;2;188;255;93m▀[0m[38;2;188;255;93m[48;2;188;255;93m▀[0m[38;2;188;255;93m[48;2;188;255;93m▀[0m[38;2;188;255;93m[48;2;188;255;93m▀[0m[38;2;188;255;93m[48;2;188;255;93m▀[0m[38;2;188;255;93m[48;2;188;255;93m▀[0m[38;2;188;255;93m[48;2;188;255;93m▀[0m[38;2;188;255;93m[48;2;158;206;85m▀[0m[38;2;158;206;85m[48;2;158;206;85m▀[0m[38;2;65;65;65m[48;2;65;65;65m▀[0m[38;2;164;143;117m[48;2;142;121;95m▀[0m[38;2;142;121;95m[48;2;164;143;117m▀[0m[38;2;142;121;95m[48;2;196;175;149m▀[0m[38;2;196;175;149m[48;2;196;175;149m▀[0m[38;2;196;175;149m[48;2;196;175;149m▀[0m[38;2;196;175;149m[48;2;196;175;149m▀[0m[38;2;196;175;149m[48;2;196;175;149m▀[0m[38;2;196;175;149m[48;2;196;175;149m▀[0m[38;2;196;175;149m[48;2;196;175;149m▀[0m[38;2;196;175;149m[48;2;196;175;149m▀[0m[38;2;196;175;149m[48;2;164;143;117m▀[0m[38;2;164;143;117m[48;2;0;0;0m▀[0m[38;2;164;143;117m[48;2;0;0;0m▀[0m[38;2;164;143;117m[48;2;0;0;0m▀[0m[38;2;164;143;117m[48;2;0;0;0m▀[0m[38;2;0;0;0m▀ 
        [38;2;0;0;0m▀[38;2;142;121;95m[48;2;0;0;0m▀[0m[38;2;142;121;95m[48;2;0;0;0m▀[0m[38;2;142;121;95m[48;2;0;0;0m▀[0m[38;2;65;65;65m[48;2;188;255;93m▀[0m[38;2;188;255;93m[48;2;188;255;93m▀[0m[38;2;215;194;168m[48;2;188;255;93m▀[0m[38;2;188;255;93m[48;2;188;255;93m▀[0m[38;2;188;255;93m[48;2;188;255;93m▀[0m[38;2;188;255;93m[48;2;188;255;93m▀[0m[38;2;188;255;93m[48;2;215;194;168m▀[0m[38;2;215;194;168m[48;2;215;194;168m▀[0m[38;2;215;194;168m[48;2;188;255;93m▀[0m[38;2;158;206;85m[48;2;158;206;85m▀[0m[38;2;65;65;65m[48;2;65;65;65m▀[0m[38;2;142;121;95m[48;2;164;143;117m▀[0m[38;2;164;143;117m[48;2;164;143;117m▀[0m[38;2;164;143;117m[48;2;164;143;117m▀[0m[38;2;196;175;149m[48;2;196;175;149m▀[0m[38;2;196;175;149m[48;2;196;175;149m▀[0m[38;2;196;175;149m[48;2;196;175;149m▀[0m[38;2;196;175;149m[48;2;196;175;149m▀[0m[38;2;196;175;149m[48;2;196;175;149m▀[0m[38;2;196;175;149m[48;2;196;175;149m▀[0m[38;2;196;175;149m[48;2;0;0;0m▀[0m[38;2;0;0;0m▀[38;2;0;0;0m▀      
  [38;2;0;0;0m▄[38;2;0;0;0m[48;2;188;255;93m▀[0m[38;2;0;0;0m[48;2;188;255;93m▀[0m[38;2;0;0;0m[48;2;188;255;93m▀[0m[38;2;0;0;0m[48;2;188;255;93m▀[0m[38;2;0;0;0m▄   [38;2;0;0;0m[48;2;0;0;0m▀[0m[38;2;188;255;93m[48;2;188;255;93m▀[0m[38;2;188;255;93m[48;2;188;255;93m▀[0m[38;2;188;255;93m[48;2;188;255;93m▀[0m[38;2;188;255;93m[48;2;188;255;93m▀[0m[38;2;188;255;93m[48;2;215;194;168m▀[0m[38;2;188;255;93m[48;2;188;255;93m▀[0m[38;2;188;255;93m[48;2;188;255;93m▀[0m[38;2;188;255;93m[48;2;158;206;85m▀[0m[38;2;158;206;85m[48;2;158;206;85m▀[0m[38;2;158;206;85m[48;2;158;206;85m▀[0m[38;2;65;65;65m[48;2;158;206;85m▀[0m[38;2;164;143;117m[48;2;65;65;65m▀[0m[38;2;164;143;117m[48;2;164;143;117m▀[0m[38;2;164;143;117m[48;2;164;143;117m▀[0m[38;2;164;143;117m[48;2;164;143;117m▀[0m[38;2;196;175;149m[48;2;164;143;117m▀[0m[38;2;196;175;149m[48;2;164;143;117m▀[0m[38;2;196;175;149m[48;2;0;0;0m▀[0m[38;2;164;143;117m[48;2;0;0;0m▀[0m[38;2;0;0;0m▀         
   [38;2;0;0;0m▀[38;2;188;255;93m[48;2;0;0;0m▀[0m[38;2;188;255;93m[48;2;158;206;85m▀[0m[38;2;158;206;85m[48;2;158;206;85m▀[0m[38;2;158;206;85m[48;2;158;206;85m▀[0m[38;2;0;0;0m[48;2;65;65;65m▀[0m[38;2;0;0;0m▄[38;2;0;0;0m▄[38;2;0;0;0m[48;2;131;115;90m▀[0m[38;2;65;65;65m[48;2;131;115;90m▀[0m[38;2;188;255;93m[48;2;0;0;0m▀[0m[38;2;188;255;93m[48;2;158;206;85m▀[0m[38;2;188;255;93m[48;2;158;206;85m▀[0m[38;2;188;255;93m[48;2;158;206;85m▀[0m[38;2;158;206;85m[48;2;158;206;85m▀[0m[38;2;158;206;85m[48;2;158;206;85m▀[0m[38;2;158;206;85m[48;2;168;147;121m▀[0m[38;2;168;147;121m[48;2;168;147;121m▀[0m[38;2;168;147;121m[48;2;158;206;85m▀[0m[38;2;158;206;85m[48;2;158;206;85m▀[0m[38;2;158;206;85m[48;2;0;0;0m▀[0m[38;2;0;0;0m▀[38;2;0;0;0m▀[38;2;0;0;0m▀[38;2;0;0;0m▀[38;2;0;0;0m▀            
     [38;2;0;0;0m▀[38;2;0;0;0m▀[38;2;0;0;0m▀[38;2;131;115;90m[48;2;0;0;0m▀[0m[38;2;131;115;90m[48;2;0;0;0m▀[0m[38;2;131;115;90m[48;2;0;0;0m▀[0m[38;2;0;0;0m▀[38;2;0;0;0m▀ [38;2;0;0;0m▀[38;2;0;0;0m▀[38;2;158;206;85m[48;2;0;0;0m▀[0m[38;2;158;206;85m[48;2;0;0;0m▀[0m[38;2;158;206;85m[48;2;0;0;0m▀[0m[38;2;158;206;85m[48;2;0;0;0m▀[0m[38;2;158;206;85m[48;2;0;0;0m▀[0m[38;2;0;0;0m▀[38;2;0;0;0m▀                  
                                     [0m                                     