          [38;2;0;0;0m▄[38;2;0;0;0m[48;2;255;145;91m▀[0m[38;2;0;0;0m[48;2;0;0;0m▀[0m[38;2;0;0;0m▄               
        [38;2;0;0;0m▄[38;2;0;0;0m[48;2;255;145;91m▀[0m[38;2;255;145;91m[48;2;255;145;91m▀[0m[38;2;65;65;65m[48;2;255;145;91m▀[0m[38;2;255;145;91m[48;2;255;145;91m▀[0m[38;2;0;0;0m[48;2;65;65;65m▀[0m[38;2;0;0;0m[48;2;255;255;236m▀[0m[38;2;0;0;0m[48;2;255;255;236m▀[0m[38;2;0;0;0m▄            
       [38;2;0;0;0m▄[38;2;0;0;0m[48;2;141;116;75m▀[0m[38;2;255;145;91m[48;2;255;145;91m▀[0m[38;2;255;145;91m[48;2;255;145;91m▀[0m[38;2;255;145;91m[48;2;211;86;43m▀[0m[38;2;65;65;65m[48;2;65;65;65m▀[0m[38;2;239;215;122m[48;2;255;255;236m▀[0m[38;2;255;255;236m[48;2;255;255;236m▀[0m[38;2;255;255;236m[48;2;255;255;236m▀[0m[38;2;241;217;124m[48;2;132;132;132m▀[0m[38;2;0;0;0m[48;2;255;255;236m▀[0m[38;2;0;0;0m[48;2;0;0;0m▀[0m          
    [38;2;0;0;0m▄[38;2;0;0;0m▄[38;2;0;0;0m▄[38;2;0;0;0m[48;2;141;116;75m▀[0m[38;2;241;217;124m[48;2;0;0;0m▀[0m[38;2;211;86;43m[48;2;132;132;132m▀[0m[38;2;211;86;43m[48;2;132;132;132m▀[0m[38;2;65;65;65m[48;2;141;116;75m▀[0m[38;2;141;116;75m[48;2;255;255;255m▀[0m[38;2;141;116;75m[48;2;255;255;255m▀[0m[38;2;255;255;236m[48;2;141;116;75m▀[0m[38;2;255;255;236m[48;2;255;255;236m▀[0m[38;2;239;215;122m[48;2;255;255;236m▀[0m[38;2;255;255;236m[48;2;255;255;236m▀[0m[38;2;132;132;132m[48;2;241;217;124m▀[0m[38;2;0;0;0m[48;2;0;0;0m▀[0m         
 [38;2;0;0;0m▄[38;2;0;0;0m[48;2;239;215;122m▀[0m[38;2;0;0;0m[48;2;241;217;124m▀[0m[38;2;241;217;124m[48;2;241;217;124m▀[0m[38;2;241;217;124m[48;2;241;217;124m▀[0m[38;2;65;65;65m[48;2;239;215;122m▀[0m[38;2;241;217;124m[48;2;0;0;0m▀[0m[38;2;255;145;91m[48;2;211;86;43m▀[0m[38;2;211;86;43m[48;2;211;86;43m▀[0m[38;2;241;217;124m[48;2;132;132;132m▀[0m[38;2;177;150;108m[48;2;255;255;236m▀[0m[38;2;0;0;0m[48;2;177;150;108m▀[0m[38;2;255;255;255m[48;2;177;150;108m▀[0m[38;2;177;150;108m[48;2;255;255;236m▀[0m[38;2;255;255;236m[48;2;255;255;236m▀[0m[38;2;255;255;236m[48;2;132;132;132m▀[0m[38;2;239;215;122m[48;2;255;255;236m▀[0m[38;2;255;255;236m[48;2;255;255;236m▀[0m[38;2;0;0;0m[48;2;239;215;122m▀[0m[38;2;0;0;0m▄[38;2;0;0;0m▄       
 [38;2;0;0;0m[48;2;0;0;0m▀[0m[38;2;65;65;65m[48;2;132;132;132m▀[0m[38;2;239;215;122m[48;2;65;65;65m▀[0m[38;2;241;217;124m[48;2;0;0;0m▀[0m[38;2;0;0;0m▀[38;2;0;0;0m▀ [38;2;0;0;0m[48;2;0;0;0m▀[0m[38;2;163;51;53m[48;2;177;150;108m▀[0m[38;2;163;51;53m[48;2;163;51;53m▀[0m[38;2;163;51;53m[48;2;163;51;53m▀[0m[38;2;255;255;236m[48;2;163;51;53m▀[0m[38;2;255;255;236m[48;2;163;51;53m▀[0m[38;2;163;51;53m[48;2;141;116;75m▀[0m[38;2;255;255;236m[48;2;255;255;236m▀[0m[38;2;255;255;236m[48;2;132;132;132m▀[0m[38;2;132;132;132m[48;2;239;215;122m▀[0m[38;2;255;255;236m[48;2;255;255;236m▀[0m[38;2;255;255;236m[48;2;255;255;236m▀[0m[38;2;255;255;236m[48;2;255;255;236m▀[0m[38;2;255;255;236m[48;2;255;255;236m▀[0m[38;2;0;0;0m[48;2;255;255;236m▀[0m[38;2;0;0;0m[48;2;255;255;236m▀[0m[38;2;0;0;0m▄    
 [38;2;0;0;0m▀[38;2;132;132;132m[48;2;0;0;0m▀[0m[38;2;0;0;0m[48;2;0;0;0m▀[0m[38;2;0;0;0m▀    [38;2;0;0;0m▀[38;2;177;150;108m[48;2;0;0;0m▀[0m[38;2;177;150;108m[48;2;65;65;65m▀[0m[38;2;177;150;108m[48;2;132;132;132m▀[0m[38;2;141;116;75m[48;2;239;215;122m▀[0m[38;2;239;215;122m[48;2;239;215;122m▀[0m[38;2;132;132;132m[48;2;239;215;122m▀[0m[38;2;132;132;132m[48;2;239;215;122m▀[0m[38;2;255;255;236m[48;2;255;255;236m▀[0m[38;2;239;215;122m[48;2;255;255;236m▀[0m[38;2;255;255;236m[48;2;0;0;0m▀[0m[38;2;255;255;236m[48;2;0;0;0m▀[0m[38;2;255;255;236m[48;2;239;215;122m▀[0m[38;2;255;255;236m[48;2;255;255;236m▀[0m[38;2;255;255;236m[48;2;255;255;236m▀[0m[38;2;255;255;236m[48;2;255;255;236m▀[0m[38;2;0;0;0m[48;2;255;255;236m▀[0m[38;2;0;0;0m▄  
        [38;2;0;0;0m▄[38;2;0;0;0m[48;2;241;217;124m▀[0m[38;2;65;65;65m[48;2;132;132;132m▀[0m[38;2;241;217;124m[48;2;132;132;132m▀[0m[38;2;239;215;122m[48;2;241;217;124m▀[0m[38;2;239;215;122m[48;2;132;132;132m▀[0m[38;2;239;215;122m[48;2;241;217;124m▀[0m[38;2;239;215;122m[48;2;255;255;236m▀[0m[38;2;255;255;236m[48;2;255;255;236m▀[0m[38;2;255;255;236m[48;2;255;255;236m▀[0m[38;2;255;255;236m[48;2;239;215;122m▀[0m[38;2;0;0;0m[48;2;239;215;122m▀[0m[38;2;0;0;0m▄[38;2;0;0;0m▀[38;2;0;0;0m▀[38;2;255;255;236m[48;2;0;0;0m▀[0m[38;2;255;255;236m[48;2;255;255;236m▀[0m[38;2;255;255;236m[48;2;255;255;236m▀[0m[38;2;239;215;122m[48;2;132;132;132m▀[0m[38;2;0;0;0m[48;2;0;0;0m▀[0m 
       [38;2;0;0;0m▄[38;2;0;0;0m[48;2;132;132;132m▀[0m[38;2;241;217;124m[48;2;65;65;65m▀[0m[38;2;241;217;124m[48;2;241;217;124m▀[0m[38;2;132;132;132m[48;2;241;217;124m▀[0m[38;2;132;132;132m[48;2;239;215;122m▀[0m[38;2;239;215;122m[48;2;0;0;0m▀[0m[38;2;239;215;122m[48;2;0;0;0m▀[0m[38;2;255;255;236m[48;2;0;0;0m▀[0m[38;2;255;255;236m[48;2;255;255;236m▀[0m[38;2;239;215;122m[48;2;255;255;236m▀[0m[38;2;239;215;122m[48;2;255;255;236m▀[0m[38;2;255;255;236m[48;2;255;255;236m▀[0m[38;2;255;255;236m[48;2;255;255;236m▀[0m[38;2;0;0;0m[48;2;239;215;122m▀[0m[38;2;0;0;0m▄ [38;2;0;0;0m[48;2;0;0;0m▀[0m[38;2;132;132;132m[48;2;132;132;132m▀[0m[38;2;65;65;65m[48;2;0;0;0m▀[0m[38;2;0;0;0m▀ 
       [38;2;0;0;0m▀[38;2;0;0;0m[48;2;0;0;0m▀[0m[38;2;132;132;132m[48;2;0;0;0m▀[0m[38;2;65;65;65m[48;2;0;0;0m▀[0m[38;2;239;215;122m[48;2;0;0;0m▀[0m[38;2;0;0;0m▀   [38;2;0;0;0m▀[38;2;239;215;122m[48;2;0;0;0m▀[0m[38;2;255;255;236m[48;2;0;0;0m▀[0m[38;2;255;255;236m[48;2;239;215;122m▀[0m[38;2;239;215;122m[48;2;239;215;122m▀[0m[38;2;239;215;122m[48;2;65;65;65m▀[0m[38;2;0;0;0m[48;2;132;132;132m▀[0m[38;2;0;0;0m▄[38;2;0;0;0m▀[38;2;0;0;0m▀   
                  [38;2;0;0;0m▀[38;2;239;215;122m[48;2;0;0;0m▀[0m[38;2;65;65;65m[48;2;0;0;0m▀[0m[38;2;132;132;132m[48;2;0;0;0m▀[0m[38;2;0;0;0m[48;2;0;0;0m▀[0m[38;2;0;0;0m▀     
                                     [0m                                     