         [38;2;0;0;0m▄[38;2;0;0;0m▄[38;2;0;0;0m▄[38;2;0;0;0m[48;2;249;204;186m▀[0m[38;2;0;0;0m[48;2;255;230;222m▀[0m[38;2;0;0;0m[48;2;249;204;186m▀[0m[38;2;0;0;0m[48;2;255;162;112m▀[0m[38;2;0;0;0m[48;2;255;162;112m▀[0m[38;2;0;0;0m[48;2;65;65;65m▀[0m[38;2;0;0;0m[48;2;65;65;65m▀[0m[38;2;0;0;0m▄[38;2;0;0;0m▄[38;2;0;0;0m▄                  
     [38;2;0;0;0m▄[38;2;0;0;0m▄[38;2;0;0;0m▄[38;2;0;0;0m[48;2;65;65;65m▀[0m[38;2;243;136;74m[48;2;65;65;65m▀[0m[38;2;255;162;112m[48;2;243;136;74m▀[0m[38;2;255;162;112m[48;2;243;136;74m▀[0m[38;2;255;162;112m[48;2;243;136;74m▀[0m[38;2;255;162;112m[48;2;243;136;74m▀[0m[38;2;255;162;112m[48;2;65;65;65m▀[0m[38;2;65;65;65m[48;2;197;148;65m▀[0m[38;2;65;65;65m[48;2;255;164;82m▀[0m[38;2;255;164;82m[48;2;213;106;65m▀[0m[38;2;255;164;82m[48;2;213;106;65m▀[0m[38;2;255;164;82m[48;2;213;106;65m▀[0m[38;2;255;164;82m[48;2;213;106;65m▀[0m[38;2;255;164;82m[48;2;213;106;65m▀[0m[38;2;0;0;0m[48;2;255;164;82m▀[0m[38;2;0;0;0m[48;2;197;148;65m▀[0m[38;2;0;0;0m▄[38;2;0;0;0m▄[38;2;0;0;0m▄[38;2;0;0;0m[48;2;249;204;186m▀[0m[38;2;0;0;0m[48;2;255;230;222m▀[0m[38;2;0;0;0m[48;2;255;230;222m▀[0m[38;2;0;0;0m[48;2;249;204;186m▀[0m[38;2;0;0;0m[48;2;255;162;112m▀[0m[38;2;0;0;0m[48;2;243;136;74m▀[0m[38;2;0;0;0m[48;2;243;136;74m▀[0m[38;2;0;0;0m▄[38;2;0;0;0m▄    
  [38;2;0;0;0m▄[38;2;0;0;0m[48;2;243;136;74m▀[0m[38;2;0;0;0m[48;2;255;162;112m▀[0m[38;2;255;162;112m[48;2;249;204;186m▀[0m[38;2;255;162;112m[48;2;255;230;222m▀[0m[38;2;255;162;112m[48;2;249;204;186m▀[0m[38;2;255;162;112m[48;2;255;162;112m▀[0m[38;2;255;162;112m[48;2;255;162;112m▀[0m[38;2;65;65;65m[48;2;249;204;186m▀[0m[38;2;65;65;65m[48;2;249;204;186m▀[0m[38;2;65;65;65m[48;2;255;162;112m▀[0m[38;2;65;65;65m[48;2;65;65;65m▀[0m[38;2;65;65;65m[48;2;197;148;65m▀[0m[38;2;255;164;82m[48;2;197;148;65m▀[0m[38;2;255;164;82m[48;2;197;148;65m▀[0m[38;2;255;164;82m[48;2;255;164;82m▀[0m[38;2;255;164;82m[48;2;255;164;82m▀[0m[38;2;255;164;82m[48;2;255;164;82m▀[0m[38;2;255;164;82m[48;2;255;164;82m▀[0m[38;2;255;164;82m[48;2;255;164;82m▀[0m[38;2;255;164;82m[48;2;197;148;65m▀[0m[38;2;255;164;82m[48;2;197;148;65m▀[0m[38;2;65;65;65m[48;2;197;148;65m▀[0m[38;2;255;162;112m[48;2;65;65;65m▀[0m[38;2;255;162;112m[48;2;255;162;112m▀[0m[38;2;255;162;112m[48;2;255;162;112m▀[0m[38;2;255;162;112m[48;2;255;162;112m▀[0m[38;2;255;162;112m[48;2;255;162;112m▀[0m[38;2;255;162;112m[48;2;255;162;112m▀[0m[38;2;255;162;112m[48;2;249;204;186m▀[0m[38;2;255;162;112m[48;2;255;230;222m▀[0m[38;2;243;136;74m[48;2;255;230;222m▀[0m[38;2;243;136;74m[48;2;249;204;186m▀[0m[38;2;243;136;74m[48;2;243;136;74m▀[0m[38;2;0;0;0m[48;2;243;136;74m▀[0m[38;2;0;0;0m▄  
 [38;2;0;0;0m[48;2;0;0;0m▀[0m[38;2;243;136;74m[48;2;243;136;74m▀[0m[38;2;243;136;74m[48;2;243;136;74m▀[0m[38;2;243;136;74m[48;2;243;136;74m▀[0m[38;2;255;162;112m[48;2;243;136;74m▀[0m[38;2;255;162;112m[48;2;243;136;74m▀[0m[38;2;255;162;112m[48;2;243;136;74m▀[0m[38;2;255;162;112m[48;2;65;65;65m▀[0m[38;2;255;162;112m[48;2;65;65;65m▀[0m[38;2;255;162;112m[48;2;65;65;65m▀[0m[38;2;255;162;112m[48;2;65;65;65m▀[0m[38;2;65;65;65m[48;2;255;162;112m▀[0m[38;2;65;65;65m[48;2;255;162;112m▀[0m[38;2;65;65;65m[48;2;255;162;112m▀[0m[38;2;65;65;65m[48;2;255;162;112m▀[0m[38;2;197;148;65m[48;2;65;65;65m▀[0m[38;2;197;148;65m[48;2;65;65;65m▀[0m[38;2;197;148;65m[48;2;65;65;65m▀[0m[38;2;197;148;65m[48;2;197;148;65m▀[0m[38;2;197;148;65m[48;2;197;148;65m▀[0m[38;2;197;148;65m[48;2;197;148;65m▀[0m[38;2;197;148;65m[48;2;65;65;65m▀[0m[38;2;197;148;65m[48;2;65;65;65m▀[0m[38;2;65;65;65m[48;2;255;230;222m▀[0m[38;2;65;65;65m[48;2;249;204;186m▀[0m[38;2;65;65;65m[48;2;255;162;112m▀[0m[38;2;65;65;65m[48;2;255;162;112m▀[0m[38;2;65;65;65m[48;2;255;162;112m▀[0m[38;2;65;65;65m[48;2;255;162;112m▀[0m[38;2;65;65;65m[48;2;255;162;112m▀[0m[38;2;65;65;65m[48;2;255;162;112m▀[0m[38;2;243;136;74m[48;2;65;65;65m▀[0m[38;2;243;136;74m[48;2;65;65;65m▀[0m[38;2;243;136;74m[48;2;65;65;65m▀[0m[38;2;243;136;74m[48;2;243;136;74m▀[0m[38;2;243;136;74m[48;2;202;81;41m▀[0m[38;2;0;0;0m[48;2;0;0;0m▀[0m  
 [38;2;0;0;0m▀[38;2;243;136;74m[48;2;0;0;0m▀[0m[38;2;243;136;74m[48;2;65;65;65m▀[0m[38;2;243;136;74m[48;2;65;65;65m▀[0m[38;2;65;65;65m[48;2;243;136;74m▀[0m[38;2;65;65;65m[48;2;243;136;74m▀[0m[38;2;65;65;65m[48;2;255;162;112m▀[0m[38;2;255;162;112m[48;2;255;162;112m▀[0m[38;2;255;162;112m[48;2;255;162;112m▀[0m[38;2;249;204;186m[48;2;255;162;112m▀[0m[38;2;255;230;222m[48;2;255;162;112m▀[0m[38;2;255;230;222m[48;2;255;162;112m▀[0m[38;2;249;204;186m[48;2;255;162;112m▀[0m[38;2;255;162;112m[48;2;255;162;112m▀[0m[38;2;255;162;112m[48;2;255;162;112m▀[0m[38;2;255;162;112m[48;2;255;162;112m▀[0m[38;2;255;162;112m[48;2;255;162;112m▀[0m[38;2;255;162;112m[48;2;255;162;112m▀[0m[38;2;65;65;65m[48;2;255;162;112m▀[0m[38;2;65;65;65m[48;2;255;162;112m▀[0m[38;2;65;65;65m[48;2;65;65;65m▀[0m[38;2;255;162;112m[48;2;255;162;112m▀[0m[38;2;255;162;112m[48;2;255;162;112m▀[0m[38;2;255;162;112m[48;2;255;162;112m▀[0m[38;2;255;162;112m[48;2;255;162;112m▀[0m[38;2;255;162;112m[48;2;255;162;112m▀[0m[38;2;255;162;112m[48;2;255;162;112m▀[0m[38;2;255;162;112m[48;2;255;162;112m▀[0m[38;2;249;204;186m[48;2;255;162;112m▀[0m[38;2;255;230;222m[48;2;255;162;112m▀[0m[38;2;255;230;222m[48;2;255;162;112m▀[0m[38;2;249;204;186m[48;2;255;162;112m▀[0m[38;2;255;162;112m[48;2;255;162;112m▀[0m[38;2;243;136;74m[48;2;255;162;112m▀[0m[38;2;65;65;65m[48;2;243;136;74m▀[0m[38;2;0;0;0m[48;2;243;136;74m▀[0m[38;2;0;0;0m▄  
 [38;2;0;0;0m▄[38;2;0;0;0m[48;2;243;136;74m▀[0m[38;2;243;136;74m[48;2;243;136;74m▀[0m[38;2;243;136;74m[48;2;243;136;74m▀[0m[38;2;243;136;74m[48;2;243;136;74m▀[0m[38;2;255;162;112m[48;2;243;136;74m▀[0m[38;2;255;230;222m[48;2;255;162;112m▀[0m[38;2;249;204;186m[48;2;255;230;222m▀[0m[38;2;255;162;112m[48;2;255;230;222m▀[0m[38;2;255;162;112m[48;2;255;162;112m▀[0m[38;2;255;162;112m[48;2;255;162;112m▀[0m[38;2;255;162;112m[48;2;255;162;112m▀[0m[38;2;255;162;112m[48;2;249;204;186m▀[0m[38;2;255;162;112m[48;2;255;230;222m▀[0m[38;2;249;204;186m[48;2;255;230;222m▀[0m[38;2;255;230;222m[48;2;255;230;222m▀[0m[38;2;255;230;222m[48;2;249;204;186m▀[0m[38;2;249;204;186m[48;2;255;162;112m▀[0m[38;2;255;162;112m[48;2;255;162;112m▀[0m[38;2;255;162;112m[48;2;255;162;112m▀[0m[38;2;255;162;112m[48;2;255;162;112m▀[0m[38;2;65;65;65m[48;2;243;136;74m▀[0m[38;2;255;162;112m[48;2;65;65;65m▀[0m[38;2;255;162;112m[48;2;255;162;112m▀[0m[38;2;249;204;186m[48;2;255;162;112m▀[0m[38;2;255;230;222m[48;2;255;230;222m▀[0m[38;2;255;230;222m[48;2;255;230;222m▀[0m[38;2;255;162;112m[48;2;249;204;186m▀[0m[38;2;255;162;112m[48;2;255;162;112m▀[0m[38;2;255;162;112m[48;2;255;162;112m▀[0m[38;2;255;162;112m[48;2;255;162;112m▀[0m[38;2;249;204;186m[48;2;243;136;74m▀[0m[38;2;255;230;222m[48;2;243;136;74m▀[0m[38;2;249;204;186m[48;2;243;136;74m▀[0m[38;2;243;136;74m[48;2;243;136;74m▀[0m[38;2;243;136;74m[48;2;243;136;74m▀[0m[38;2;243;136;74m[48;2;243;136;74m▀[0m[38;2;0;0;0m[48;2;0;0;0m▀[0m 
 [38;2;0;0;0m[48;2;0;0;0m▀[0m[38;2;243;136;74m[48;2;202;81;41m▀[0m[38;2;243;136;74m[48;2;243;136;74m▀[0m[38;2;243;136;74m[48;2;243;136;74m▀[0m[38;2;243;136;74m[48;2;243;136;74m▀[0m[38;2;243;136;74m[48;2;243;136;74m▀[0m[38;2;243;136;74m[48;2;243;136;74m▀[0m[38;2;243;136;74m[48;2;243;136;74m▀[0m[38;2;243;136;74m[48;2;243;136;74m▀[0m[38;2;255;162;112m[48;2;243;136;74m▀[0m[38;2;255;162;112m[48;2;243;136;74m▀[0m[38;2;255;162;112m[48;2;243;136;74m▀[0m[38;2;255;162;112m[48;2;255;162;112m▀[0m[38;2;255;162;112m[48;2;255;162;112m▀[0m[38;2;255;162;112m[48;2;249;204;186m▀[0m[38;2;255;162;112m[48;2;255;230;222m▀[0m[38;2;255;162;112m[48;2;255;230;222m▀[0m[38;2;255;162;112m[48;2;249;204;186m▀[0m[38;2;255;162;112m[48;2;255;162;112m▀[0m[38;2;255;162;112m[48;2;243;136;74m▀[0m[38;2;243;136;74m[48;2;243;136;74m▀[0m[38;2;243;136;74m[48;2;243;136;74m▀[0m[38;2;65;65;65m[48;2;202;81;41m▀[0m[38;2;202;81;41m[48;2;65;65;65m▀[0m[38;2;255;162;112m[48;2;202;81;41m▀[0m[38;2;255;162;112m[48;2;243;136;74m▀[0m[38;2;255;162;112m[48;2;243;136;74m▀[0m[38;2;255;162;112m[48;2;243;136;74m▀[0m[38;2;243;136;74m[48;2;243;136;74m▀[0m[38;2;243;136;74m[48;2;243;136;74m▀[0m[38;2;243;136;74m[48;2;243;136;74m▀[0m[38;2;243;136;74m[48;2;243;136;74m▀[0m[38;2;243;136;74m[48;2;243;136;74m▀[0m[38;2;243;136;74m[48;2;243;136;74m▀[0m[38;2;243;136;74m[48;2;243;136;74m▀[0m[38;2;243;136;74m[48;2;202;81;41m▀[0m[38;2;202;81;41m[48;2;0;0;0m▀[0m[38;2;0;0;0m▀ 
  [38;2;0;0;0m▀[38;2;202;81;41m[48;2;0;0;0m▀[0m[38;2;243;136;74m[48;2;202;81;41m▀[0m[38;2;243;136;74m[48;2;243;136;74m▀[0m[38;2;243;136;74m[48;2;243;136;74m▀[0m[38;2;243;136;74m[48;2;243;136;74m▀[0m[38;2;243;136;74m[48;2;243;136;74m▀[0m[38;2;243;136;74m[48;2;243;136;74m▀[0m[38;2;243;136;74m[48;2;243;136;74m▀[0m[38;2;243;136;74m[48;2;243;136;74m▀[0m[38;2;243;136;74m[48;2;243;136;74m▀[0m[38;2;243;136;74m[48;2;243;136;74m▀[0m[38;2;243;136;74m[48;2;243;136;74m▀[0m[38;2;243;136;74m[48;2;243;136;74m▀[0m[38;2;243;136;74m[48;2;243;136;74m▀[0m[38;2;243;136;74m[48;2;243;136;74m▀[0m[38;2;243;136;74m[48;2;243;136;74m▀[0m[38;2;243;136;74m[48;2;243;136;74m▀[0m[38;2;243;136;74m[48;2;243;136;74m▀[0m[38;2;243;136;74m[48;2;202;81;41m▀[0m[38;2;202;81;41m[48;2;202;81;41m▀[0m[38;2;202;81;41m[48;2;202;81;41m▀[0m[38;2;65;65;65m[48;2;65;65;65m▀[0m[38;2;202;81;41m[48;2;65;65;65m▀[0m[38;2;202;81;41m[48;2;202;81;41m▀[0m[38;2;243;136;74m[48;2;202;81;41m▀[0m[38;2;243;136;74m[48;2;202;81;41m▀[0m[38;2;243;136;74m[48;2;202;81;41m▀[0m[38;2;243;136;74m[48;2;202;81;41m▀[0m[38;2;243;136;74m[48;2;202;81;41m▀[0m[38;2;243;136;74m[48;2;0;0;0m▀[0m[38;2;243;136;74m[48;2;0;0;0m▀[0m[38;2;202;81;41m[48;2;0;0;0m▀[0m[38;2;0;0;0m▀[38;2;0;0;0m▀   
    [38;2;0;0;0m▀[38;2;0;0;0m▀[38;2;202;81;41m[48;2;0;0;0m▀[0m[38;2;243;136;74m[48;2;0;0;0m▀[0m[38;2;243;136;74m[48;2;0;0;0m▀[0m[38;2;243;136;74m[48;2;0;0;0m▀[0m[38;2;243;136;74m[48;2;243;136;74m▀[0m[38;2;243;136;74m[48;2;243;136;74m▀[0m[38;2;243;136;74m[48;2;243;136;74m▀[0m[38;2;243;136;74m[48;2;243;136;74m▀[0m[38;2;243;136;74m[48;2;243;136;74m▀[0m[38;2;243;136;74m[48;2;202;81;41m▀[0m[38;2;243;136;74m[48;2;202;81;41m▀[0m[38;2;243;136;74m[48;2;202;81;41m▀[0m[38;2;243;136;74m[48;2;202;81;41m▀[0m[38;2;202;81;41m[48;2;202;81;41m▀[0m[38;2;202;81;41m[48;2;65;65;65m▀[0m[38;2;202;81;41m[48;2;65;65;65m▀[0m[38;2;202;81;41m[48;2;65;65;65m▀[0m[38;2;65;65;65m[48;2;0;154;47m▀[0m[38;2;0;154;47m[48;2;0;154;47m▀[0m[38;2;0;154;47m[48;2;0;154;47m▀[0m[38;2;65;65;65m[48;2;0;154;47m▀[0m[38;2;65;65;65m[48;2;0;0;0m▀[0m[38;2;0;0;0m▀[38;2;0;0;0m▀[38;2;0;0;0m▀[38;2;0;0;0m▀        
       [38;2;0;0;0m▄[38;2;0;0;0m▄[38;2;0;0;0m▄[38;2;0;0;0m[48;2;0;154;47m▀[0m[38;2;65;65;65m[48;2;65;65;65m▀[0m[38;2;65;65;65m[48;2;75;201;99m▀[0m[38;2;65;65;65m[48;2;225;104;64m▀[0m[38;2;65;65;65m[48;2;75;201;99m▀[0m[38;2;65;65;65m[48;2;75;201;99m▀[0m[38;2;65;65;65m[48;2;75;201;99m▀[0m[38;2;65;65;65m[48;2;75;201;99m▀[0m[38;2;65;65;65m[48;2;75;201;99m▀[0m[38;2;65;65;65m[48;2;75;201;99m▀[0m[38;2;0;154;47m[48;2;75;201;99m▀[0m[38;2;0;154;47m[48;2;75;201;99m▀[0m[38;2;0;154;47m[48;2;0;154;47m▀[0m[38;2;0;154;47m[48;2;75;201;99m▀[0m[38;2;75;201;99m[48;2;0;154;47m▀[0m[38;2;0;154;47m[48;2;75;201;99m▀[0m[38;2;0;154;47m[48;2;0;154;47m▀[0m[38;2;0;0;0m[48;2;0;0;0m▀[0m            
      [38;2;0;0;0m[48;2;0;0;0m▀[0m[38;2;0;154;47m[48;2;0;154;47m▀[0m[38;2;0;154;47m[48;2;0;154;47m▀[0m[38;2;0;154;47m[48;2;0;154;47m▀[0m[38;2;0;154;47m[48;2;0;0;0m▀[0m[38;2;65;65;65m[48;2;0;0;0m▀[0m[38;2;75;201;99m[48;2;75;201;99m▀[0m[38;2;75;201;99m[48;2;75;201;99m▀[0m[38;2;75;201;99m[48;2;65;65;65m▀[0m[38;2;75;201;99m[48;2;75;201;99m▀[0m[38;2;75;201;99m[48;2;75;201;99m▀[0m[38;2;75;201;99m[48;2;75;201;99m▀[0m[38;2;75;201;99m[48;2;65;65;65m▀[0m[38;2;225;104;64m[48;2;75;201;99m▀[0m[38;2;75;201;99m[48;2;75;201;99m▀[0m[38;2;75;201;99m[48;2;75;201;99m▀[0m[38;2;75;201;99m[48;2;75;201;99m▀[0m[38;2;0;154;47m[48;2;0;154;47m▀[0m[38;2;75;201;99m[48;2;0;154;47m▀[0m[38;2;0;154;47m[48;2;0;154;47m▀[0m[38;2;0;154;47m[48;2;0;154;47m▀[0m[38;2;0;154;47m[48;2;0;154;47m▀[0m[38;2;0;0;0m[48;2;75;201;99m▀[0m[38;2;0;0;0m[48;2;75;201;99m▀[0m[38;2;0;0;0m▄[38;2;0;0;0m▄[38;2;0;0;0m▄       
       [38;2;0;0;0m▀[38;2;0;0;0m▀[38;2;0;0;0m▀  [38;2;0;0;0m[48;2;0;0;0m▀[0m[38;2;75;201;99m[48;2;0;154;47m▀[0m[38;2;75;201;99m[48;2;75;201;99m▀[0m[38;2;65;65;65m[48;2;75;201;99m▀[0m[38;2;65;65;65m[48;2;75;201;99m▀[0m[38;2;65;65;65m[48;2;75;201;99m▀[0m[38;2;75;201;99m[48;2;75;201;99m▀[0m[38;2;75;201;99m[48;2;75;201;99m▀[0m[38;2;75;201;99m[48;2;75;201;99m▀[0m[38;2;75;201;99m[48;2;75;201;99m▀[0m[38;2;75;201;99m[48;2;0;154;47m▀[0m[38;2;0;154;47m[48;2;0;154;47m▀[0m[38;2;0;154;47m[48;2;0;154;47m▀[0m[38;2;0;154;47m[48;2;0;154;47m▀[0m[38;2;0;154;47m[48;2;0;0;0m▀[0m[38;2;0;0;0m▀[38;2;75;201;99m[48;2;0;0;0m▀[0m[38;2;75;201;99m[48;2;0;154;47m▀[0m[38;2;75;201;99m[48;2;75;201;99m▀[0m[38;2;75;201;99m[48;2;75;201;99m▀[0m[38;2;0;154;47m[48;2;75;201;99m▀[0m[38;2;0;0;0m[48;2;0;0;0m▀[0m      
             [38;2;0;0;0m▀[38;2;0;154;47m[48;2;0;0;0m▀[0m[38;2;75;201;99m[48;2;65;65;65m▀[0m[38;2;75;201;99m[48;2;0;154;47m▀[0m[38;2;75;201;99m[48;2;0;154;47m▀[0m[38;2;75;201;99m[48;2;0;154;47m▀[0m[38;2;75;201;99m[48;2;0;154;47m▀[0m[38;2;0;154;47m[48;2;0;154;47m▀[0m[38;2;0;154;47m[48;2;0;154;47m▀[0m[38;2;0;154;47m[48;2;0;154;47m▀[0m[38;2;0;154;47m[48;2;65;65;65m▀[0m[38;2;0;154;47m[48;2;0;0;0m▀[0m[38;2;0;0;0m▀   [38;2;0;0;0m▀[38;2;0;0;0m▀[38;2;0;0;0m▀[38;2;0;0;0m▀       
           [38;2;0;0;0m▄[38;2;0;0;0m[48;2;0;154;47m▀[0m[38;2;0;0;0m[48;2;0;154;47m▀[0m[38;2;0;154;47m[48;2;0;154;47m▀[0m[38;2;0;154;47m[48;2;0;154;47m▀[0m[38;2;65;65;65m[48;2;0;154;47m▀[0m[38;2;65;65;65m[48;2;0;0;0m▀[0m[38;2;0;0;0m▀[38;2;0;0;0m▀[38;2;0;0;0m▀[38;2;0;0;0m▀[38;2;65;65;65m[48;2;0;0;0m▀[0m[38;2;0;154;47m[48;2;0;154;47m▀[0m[38;2;0;0;0m[48;2;0;154;47m▀[0m[38;2;0;0;0m▄              
           [38;2;0;0;0m▀[38;2;65;65;65m[48;2;0;0;0m▀[0m[38;2;0;154;47m[48;2;0;0;0m▀[0m[38;2;0;154;47m[48;2;0;0;0m▀[0m[38;2;0;0;0m▀[38;2;0;0;0m▀    [38;2;0;0;0m[48;2;0;0;0m▀[0m[38;2;0;154;47m[48;2;75;201;99m▀[0m[38;2;75;201;99m[48;2;75;201;99m▀[0m[38;2;75;201;99m[48;2;75;201;99m▀[0m[38;2;0;154;47m[48;2;75;201;99m▀[0m[38;2;0;0;0m[48;2;0;0;0m▀[0m             
                      [38;2;0;0;0m▀[38;2;75;201;99m[48;2;0;0;0m▀[0m[38;2;75;201;99m[48;2;0;0;0m▀[0m[38;2;65;65;65m[48;2;0;0;0m▀[0m[38;2;0;0;0m▀             
                                     [0m                                     