   [38;2;0;0;0m▄[38;2;0;0;0m[48;2;164;82;86m▀[0m[38;2;0;0;0m[48;2;164;82;86m▀[0m[38;2;0;0;0m▄                      
   [38;2;0;0;0m[48;2;0;0;0m▀[0m[38;2;110;62;62m[48;2;166;90;91m▀[0m[38;2;166;90;91m[48;2;0;0;8m▀[0m[38;2;0;0;0m▀                      
   [38;2;0;0;0m[48;2;0;0;0m▀[0m[38;2;165;82;86m[48;2;165;82;86m▀[0m[38;2;165;82;86m[48;2;165;82;86m▀[0m[38;2;0;0;0m[48;2;166;82;85m▀[0m[38;2;0;0;0m▄[38;2;0;0;0m▄[38;2;0;0;0m▄[38;2;0;0;0m▄          [38;2;0;0;0m▄[38;2;0;0;0m▄[38;2;0;0;0m▄     
  [38;2;0;0;0m[48;2;0;0;0m▀[0m[38;2;164;82;86m[48;2;164;82;86m▀[0m[38;2;162;90;94m[48;2;74;83;146m▀[0m[38;2;74;83;146m[48;2;111;120;178m▀[0m[38;2;73;82;145m[48;2;104;113;173m▀[0m[38;2;73;82;145m[48;2;104;113;173m▀[0m[38;2;104;113;173m[48;2;104;113;173m▀[0m[38;2;104;113;173m[48;2;71;80;143m▀[0m[38;2;71;77;57m[48;2;71;77;57m▀[0m[38;2;8;4;24m[48;2;223;123;126m▀[0m[38;2;0;0;0m[48;2;226;110;113m▀[0m[38;2;0;0;0m[48;2;226;110;113m▀[0m[38;2;0;0;0m[48;2;226;110;113m▀[0m[38;2;0;0;0m▄[38;2;0;0;0m▄[38;2;0;0;0m▄[38;2;0;0;0m▄[38;2;0;0;0m▄[38;2;0;0;0m[48;2;226;110;113m▀[0m[38;2;226;110;113m[48;2;226;110;113m▀[0m[38;2;219;99;99m[48;2;113;65;65m▀[0m[38;2;166;82;82m[48;2;166;82;82m▀[0m[38;2;0;0;0m[48;2;166;82;85m▀[0m[38;2;0;0;0m▄   
  [38;2;0;0;8m[48;2;0;0;8m▀[0m[38;2;158;90;97m[48;2;79;49;52m▀[0m[38;2;71;80;143m[48;2;104;113;173m▀[0m[38;2;104;113;173m[48;2;104;113;173m▀[0m[38;2;104;113;173m[48;2;104;113;173m▀[0m[38;2;104;113;173m[48;2;71;80;143m▀[0m[38;2;73;82;145m[48;2;226;110;113m▀[0m[38;2;226;110;113m[48;2;226;110;113m▀[0m[38;2;224;109;112m[48;2;224;109;112m▀[0m[38;2;224;109;112m[48;2;224;109;112m▀[0m[38;2;224;109;112m[48;2;224;109;112m▀[0m[38;2;224;109;112m[48;2;224;109;112m▀[0m[38;2;224;109;112m[48;2;224;109;112m▀[0m[38;2;224;109;112m[48;2;224;109;112m▀[0m[38;2;224;109;112m[48;2;224;109;112m▀[0m[38;2;224;109;112m[48;2;224;109;112m▀[0m[38;2;226;110;113m[48;2;166;82;85m▀[0m[38;2;226;110;113m[48;2;166;82;85m▀[0m[38;2;113;64;62m[48;2;170;92;90m▀[0m[38;2;113;64;62m[48;2;0;0;8m▀[0m[38;2;164;82;86m[48;2;0;0;0m▀[0m[38;2;164;82;86m[48;2;0;0;0m▀[0m[38;2;0;0;0m▀    
  [38;2;0;0;0m[48;2;0;0;0m▀[0m[38;2;104;113;173m[48;2;104;113;173m▀[0m[38;2;104;113;173m[48;2;104;113;173m▀[0m[38;2;104;113;173m[48;2;71;80;143m▀[0m[38;2;73;82;145m[48;2;226;110;113m▀[0m[38;2;226;110;113m[48;2;226;110;113m▀[0m[38;2;226;110;113m[48;2;170;96;93m▀[0m[38;2;226;110;113m[48;2;66;65;66m▀[0m[38;2;226;110;113m[48;2;66;65;66m▀[0m[38;2;226;110;113m[48;2;117;79;79m▀[0m[38;2;115;81;74m[48;2;165;82;86m▀[0m[38;2;115;81;74m[48;2;165;82;86m▀[0m[38;2;115;81;74m[48;2;165;82;86m▀[0m[38;2;165;82;86m[48;2;165;82;86m▀[0m[38;2;164;82;86m[48;2;164;82;86m▀[0m[38;2;164;82;86m[48;2;0;0;0m▀[0m[38;2;166;82;85m[48;2;0;0;0m▀[0m[38;2;0;0;0m▀[38;2;0;0;0m▀        
 [38;2;0;0;0m[48;2;0;0;0m▀[0m[38;2;104;113;173m[48;2;104;113;173m▀[0m[38;2;104;113;173m[48;2;71;80;143m▀[0m[38;2;73;82;145m[48;2;167;88;89m▀[0m[38;2;219;99;99m[48;2;167;88;89m▀[0m[38;2;172;159;132m[48;2;255;239;198m▀[0m[38;2;8;0;0m[48;2;172;159;132m▀[0m[38;2;222;109;90m[48;2;233;157;145m▀[0m[38;2;255;255;255m[48;2;255;255;255m▀[0m[38;2;66;69;66m[48;2;178;187;152m▀[0m[38;2;236;244;200m[48;2;236;244;200m▀[0m[38;2;115;81;74m[48;2;115;81;74m▀[0m[38;2;165;82;86m[48;2;165;82;86m▀[0m[38;2;166;82;85m[48;2;0;0;0m▀[0m[38;2;0;0;0m▀[38;2;0;0;0m▀            
  [38;2;0;0;0m▀[38;2;239;239;204m[48;2;0;0;0m▀[0m[38;2;190;190;150m[48;2;239;239;204m▀[0m[38;2;239;239;204m[48;2;239;239;204m▀[0m[38;2;239;239;204m[48;2;239;239;204m▀[0m[38;2;239;239;204m[48;2;113;78;74m▀[0m[38;2;239;239;204m[48;2;239;239;204m▀[0m[38;2;239;239;204m[48;2;239;239;204m▀[0m[38;2;236;244;181m[48;2;117;71;66m▀[0m[38;2;117;71;66m[48;2;159;118;115m▀[0m[38;2;164;84;88m[48;2;164;84;88m▀[0m[38;2;0;0;8m[48;2;82;46;47m▀[0m[38;2;0;0;0m▄[38;2;0;0;0m[48;2;171;193;86m▀[0m[38;2;0;0;0m[48;2;0;0;0m▀[0m            
    [38;2;0;0;0m▀[38;2;0;0;0m▀[38;2;0;0;0m▀[38;2;189;191;151m[48;2;0;0;0m▀[0m[38;2;199;148;151m[48;2;0;4;0m▀[0m[38;2;134;98;99m[48;2;134;98;99m▀[0m[38;2;166;82;85m[48;2;166;82;85m▀[0m[38;2;166;82;85m[48;2;226;110;113m▀[0m[38;2;57;69;57m[48;2;109;108;76m▀[0m[38;2;214;186;115m[48;2;214;186;115m▀[0m[38;2;171;193;86m[48;2;171;193;86m▀[0m[38;2;0;0;0m[48;2;0;0;0m▀[0m   [38;2;0;0;0m▄[38;2;0;0;0m[48;2;166;82;85m▀[0m[38;2;0;0;0m▄ [38;2;0;0;0m▄     
         [38;2;0;0;0m[48;2;0;0;0m▀[0m[38;2;224;109;112m[48;2;224;109;112m▀[0m[38;2;224;109;112m[48;2;224;109;112m▀[0m[38;2;166;82;85m[48;2;226;110;113m▀[0m[38;2;226;110;113m[48;2;166;82;85m▀[0m[38;2;0;0;0m[48;2;226;110;113m▀[0m[38;2;0;0;0m▄[38;2;0;0;0m▄[38;2;0;0;0m▄[38;2;0;0;0m[48;2;164;82;86m▀[0m[38;2;164;82;86m[48;2;164;82;86m▀[0m[38;2;168;94;90m[48;2;113;78;74m▀[0m[38;2;113;78;74m[48;2;226;110;113m▀[0m[38;2;0;0;0m[48;2;226;110;113m▀[0m[38;2;226;110;113m[48;2;0;0;0m▀[0m[38;2;0;0;0m▀    
        [38;2;0;0;0m[48;2;0;0;0m▀[0m[38;2;226;110;113m[48;2;226;110;113m▀[0m[38;2;224;109;112m[48;2;224;109;112m▀[0m[38;2;224;109;112m[48;2;224;109;112m▀[0m[38;2;224;109;112m[48;2;224;109;112m▀[0m[38;2;224;109;112m[48;2;224;109;112m▀[0m[38;2;226;110;113m[48;2;226;110;113m▀[0m[38;2;226;110;113m[48;2;115;81;74m▀[0m[38;2;226;110;113m[48;2;66;65;66m▀[0m[38;2;226;110;113m[48;2;66;65;66m▀[0m[38;2;224;109;112m[48;2;224;109;112m▀[0m[38;2;224;109;112m[48;2;224;109;112m▀[0m[38;2;224;109;112m[48;2;224;109;112m▀[0m[38;2;224;109;112m[48;2;224;109;112m▀[0m[38;2;115;81;74m[48;2;226;110;113m▀[0m[38;2;115;81;74m[48;2;226;110;113m▀[0m[38;2;0;0;0m[48;2;226;110;113m▀[0m[38;2;0;0;0m▄   
       [38;2;0;0;0m[48;2;0;0;0m▀[0m[38;2;226;110;113m[48;2;115;81;74m▀[0m[38;2;226;110;113m[48;2;226;110;113m▀[0m[38;2;226;110;113m[48;2;115;81;74m▀[0m[38;2;226;110;113m[48;2;226;110;113m▀[0m[38;2;226;110;113m[48;2;226;110;113m▀[0m[38;2;226;110;113m[48;2;115;81;74m▀[0m[38;2;115;81;74m[48;2;226;110;113m▀[0m[38;2;226;110;113m[48;2;226;110;113m▀[0m[38;2;255;166;165m[48;2;194;131;129m▀[0m[38;2;255;166;165m[48;2;66;73;57m▀[0m[38;2;66;65;66m[48;2;66;65;66m▀[0m[38;2;226;110;113m[48;2;226;110;113m▀[0m[38;2;244;129;132m[48;2;66;69;57m▀[0m[38;2;66;69;57m[48;2;226;255;115m▀[0m[38;2;66;65;66m[48;2;239;239;204m▀[0m[38;2;66;65;66m[48;2;239;239;204m▀[0m[38;2;164;84;88m[48;2;82;46;47m▀[0m[38;2;164;84;88m[48;2;0;0;8m▀[0m[38;2;0;0;0m[48;2;166;82;85m▀[0m[38;2;0;0;0m▄ 
       [38;2;0;0;0m[48;2;0;0;0m▀[0m[38;2;239;239;204m[48;2;189;200;139m▀[0m[38;2;113;78;74m[48;2;239;239;204m▀[0m[38;2;239;239;204m[48;2;239;239;204m▀[0m[38;2;113;78;74m[48;2;113;78;74m▀[0m[38;2;224;109;112m[48;2;224;109;112m▀[0m[38;2;224;109;112m[48;2;224;109;112m▀[0m[38;2;226;110;113m[48;2;226;110;113m▀[0m[38;2;115;81;74m[48;2;226;110;113m▀[0m[38;2;115;81;74m[48;2;226;110;113m▀[0m[38;2;226;110;113m[48;2;226;110;113m▀[0m[38;2;255;190;192m[48;2;66;65;74m▀[0m[38;2;66;65;74m[48;2;174;195;81m▀[0m[38;2;239;239;204m[48;2;239;239;204m▀[0m[38;2;239;239;204m[48;2;239;239;204m▀[0m[38;2;239;239;204m[48;2;239;239;204m▀[0m[38;2;239;239;204m[48;2;0;0;0m▀[0m[38;2;0;0;0m▀ [38;2;0;0;0m▀[38;2;0;0;0m▀ 
        [38;2;0;0;0m▀[38;2;189;191;151m[48;2;0;0;0m▀[0m[38;2;189;191;151m[48;2;66;65;66m▀[0m[38;2;189;191;151m[48;2;66;65;66m▀[0m[38;2;115;81;74m[48;2;115;81;74m▀[0m[38;2;226;110;113m[48;2;226;110;113m▀[0m[38;2;224;109;112m[48;2;224;109;112m▀[0m[38;2;224;109;112m[48;2;224;109;112m▀[0m[38;2;128;86;84m[48;2;191;120;120m▀[0m[38;2;57;65;49m[48;2;231;255;156m▀[0m[38;2;149;149;129m[48;2;66;65;66m▀[0m[38;2;66;65;66m[48;2;149;149;129m▀[0m[38;2;188;186;150m[48;2;66;69;66m▀[0m[38;2;250;242;197m[48;2;188;186;150m▀[0m[38;2;189;191;151m[48;2;189;191;151m▀[0m[38;2;66;65;66m[48;2;66;65;66m▀[0m[38;2;0;0;0m[48;2;171;193;86m▀[0m[38;2;0;0;0m▄   
         [38;2;0;0;0m▀[38;2;154;133;88m[48;2;0;20;0m▀[0m[38;2;231;190;132m[48;2;154;133;88m▀[0m[38;2;66;65;66m[48;2;66;65;66m▀[0m[38;2;219;99;99m[48;2;167;88;89m▀[0m[38;2;192;159;112m[48;2;183;205;98m▀[0m[38;2;99;138;74m[48;2;183;205;98m▀[0m[38;2;66;67;66m[48;2;0;0;0m▀[0m[38;2;0;0;0m▀[38;2;0;0;0m▀[38;2;171;193;86m[48;2;0;0;0m▀[0m[38;2;66;69;57m[48;2;155;117;120m▀[0m[38;2;199;148;151m[48;2;66;69;57m▀[0m[38;2;66;89;57m[48;2;175;197;90m▀[0m[38;2;175;197;90m[48;2;152;123;94m▀[0m[38;2;166;82;85m[48;2;0;0;0m▀[0m[38;2;0;0;0m▀   
          [38;2;0;0;0m▀[38;2;166;82;85m[48;2;0;0;0m▀[0m[38;2;66;65;66m[48;2;206;199;115m▀[0m[38;2;206;199;115m[48;2;206;199;115m▀[0m[38;2;226;110;113m[48;2;226;110;113m▀[0m[38;2;0;0;0m[48;2;0;0;0m▀[0m   [38;2;0;0;0m▀[38;2;104;113;173m[48;2;0;0;0m▀[0m[38;2;0;0;0m▀[38;2;162;90;94m[48;2;0;0;8m▀[0m[38;2;162;90;94m[48;2;108;62;64m▀[0m[38;2;0;0;0m[48;2;0;0;0m▀[0m    
          [38;2;0;0;0m▄[38;2;0;0;0m[48;2;104;113;173m▀[0m[38;2;106;115;174m[48;2;106;115;174m▀[0m[38;2;227;105;99m[48;2;159;96;93m▀[0m[38;2;0;0;0m[48;2;0;0;0m▀[0m       [38;2;0;0;0m[48;2;0;0;0m▀[0m[38;2;104;113;173m[48;2;0;0;0m▀[0m[38;2;0;0;0m▀    
                [38;2;0;0;0m▀[38;2;0;0;0m▀[38;2;0;0;0m▀                    
                                     [0m                                     