 [38;2;0;0;0m▄[38;2;0;0;0m[48;2;247;214;58m▀[0m[38;2;0;0;0m[48;2;247;214;58m▀[0m[38;2;0;0;0m[48;2;189;165;66m▀[0m[38;2;0;0;0m▄      [38;2;0;0;0m▄         
  [38;2;0;0;0m[48;2;0;0;0m▀[0m[38;2;189;165;66m[48;2;247;214;58m▀[0m[38;2;247;214;58m[48;2;0;0;0m▀[0m[38;2;189;165;66m[48;2;247;214;58m▀[0m[38;2;0;0;0m[48;2;0;0;0m▀[0m[38;2;0;0;0m▄[38;2;0;0;0m▄[38;2;0;0;0m▄[38;2;65;65;65m▄[38;2;0;0;0m[48;2;189;165;66m▀[0m[38;2;247;214;58m[48;2;247;214;58m▀[0m[38;2;0;0;0m[48;2;0;0;0m▀[0m        
  [38;2;0;0;0m▀[38;2;189;165;66m[48;2;0;0;0m▀[0m[38;2;247;214;58m[48;2;65;65;65m▀[0m[38;2;189;165;66m[48;2;65;65;65m▀[0m[38;2;189;165;66m[48;2;247;214;58m▀[0m[38;2;53;123;223m[48;2;53;123;223m▀[0m[38;2;88;159;249m[48;2;88;159;249m▀[0m[38;2;53;123;223m[48;2;53;123;223m▀[0m[38;2;247;214;58m[48;2;189;165;66m▀[0m[38;2;0;0;0m[48;2;247;214;58m▀[0m[38;2;247;214;58m[48;2;189;165;66m▀[0m[38;2;65;65;65m[48;2;65;65;65m▀[0m[38;2;0;0;0m[48;2;88;159;249m▀[0m[38;2;0;0;0m▄      
  [38;2;0;0;0m▄[38;2;0;0;0m[48;2;53;123;223m▀[0m[38;2;53;123;223m[48;2;230;165;255m▀[0m[38;2;230;165;255m[48;2;230;165;255m▀[0m[38;2;247;214;58m[48;2;230;165;255m▀[0m[38;2;198;133;223m[48;2;230;165;255m▀[0m[38;2;230;165;255m[48;2;230;165;255m▀[0m[38;2;230;165;255m[48;2;247;214;58m▀[0m[38;2;247;214;58m[48;2;65;65;65m▀[0m[38;2;65;65;65m[48;2;198;133;223m▀[0m[38;2;65;65;65m[48;2;65;65;65m▀[0m[38;2;88;159;249m[48;2;88;159;249m▀[0m[38;2;88;159;249m[48;2;88;159;249m▀[0m[38;2;88;159;249m[48;2;88;159;249m▀[0m[38;2;0;0;0m[48;2;0;0;0m▀[0m     
  [38;2;0;0;0m[48;2;0;0;0m▀[0m[38;2;255;255;255m[48;2;247;214;58m▀[0m[38;2;189;165;66m[48;2;0;0;0m▀[0m[38;2;230;165;255m[48;2;230;165;255m▀[0m[38;2;230;165;255m[48;2;230;165;255m▀[0m[38;2;230;165;255m[48;2;230;165;255m▀[0m[38;2;230;165;255m[48;2;198;133;223m▀[0m[38;2;230;165;255m[48;2;198;133;223m▀[0m[38;2;198;133;223m[48;2;198;133;223m▀[0m[38;2;198;133;223m[48;2;198;133;223m▀[0m[38;2;198;133;223m[48;2;198;133;223m▀[0m[38;2;65;65;65m[48;2;65;65;65m▀[0m[38;2;88;159;249m[48;2;88;159;249m▀[0m[38;2;88;159;249m[48;2;88;159;249m▀[0m[38;2;53;123;223m[48;2;53;123;223m▀[0m[38;2;0;0;0m[48;2;0;0;0m▀[0m    
   [38;2;0;0;0m▀[38;2;198;133;223m[48;2;0;0;0m▀[0m[38;2;65;65;65m[48;2;198;133;223m▀[0m[38;2;65;65;65m[48;2;198;133;223m▀[0m[38;2;198;133;223m[48;2;198;133;223m▀[0m[38;2;189;165;66m[48;2;0;0;0m▀[0m[38;2;255;255;255m[48;2;247;214;58m▀[0m[38;2;198;133;223m[48;2;198;133;223m▀[0m[38;2;198;133;223m[48;2;65;65;65m▀[0m[38;2;65;65;65m[48;2;88;159;249m▀[0m[38;2;88;159;249m[48;2;88;159;249m▀[0m[38;2;88;159;249m[48;2;53;123;223m▀[0m[38;2;53;123;223m[48;2;53;123;223m▀[0m[38;2;53;123;223m[48;2;65;65;65m▀[0m[38;2;0;0;0m[48;2;0;0;0m▀[0m[38;2;0;0;0m▄   
   [38;2;0;0;0m▀[38;2;65;65;65m[48;2;0;0;0m▀[0m[38;2;65;65;65m[48;2;0;0;0m▀[0m[38;2;65;65;65m[48;2;65;65;65m▀[0m[38;2;198;133;223m[48;2;65;65;65m▀[0m[38;2;198;133;223m[48;2;65;65;65m▀[0m[38;2;198;133;223m[48;2;65;65;65m▀[0m[38;2;65;65;65m[48;2;123;123;115m▀[0m[38;2;65;65;65m[48;2;123;123;115m▀[0m[38;2;65;65;65m[48;2;88;159;249m▀[0m[38;2;53;123;223m[48;2;65;65;65m▀[0m[38;2;53;123;223m[48;2;65;65;65m▀[0m[38;2;65;65;65m[48;2;189;189;189m▀[0m[38;2;65;65;65m[48;2;189;189;189m▀[0m[38;2;255;255;255m[48;2;255;255;255m▀[0m[38;2;255;255;255m[48;2;255;255;255m▀[0m[38;2;0;0;0m[48;2;255;255;255m▀[0m[38;2;0;0;0m▄ 
      [38;2;0;0;0m▀[38;2;247;214;58m[48;2;0;0;0m▀[0m[38;2;247;214;58m[48;2;230;165;255m▀[0m[38;2;230;165;255m[48;2;247;214;58m▀[0m[38;2;65;65;65m[48;2;247;214;58m▀[0m[38;2;65;65;65m[48;2;189;165;66m▀[0m[38;2;65;65;65m[48;2;65;65;65m▀[0m[38;2;53;123;223m[48;2;65;65;65m▀[0m[38;2;65;65;65m[48;2;65;65;65m▀[0m[38;2;65;65;65m[48;2;65;65;65m▀[0m[38;2;189;189;189m[48;2;0;0;0m▀[0m[38;2;189;189;189m[48;2;0;0;0m▀[0m[38;2;0;0;0m▀[38;2;0;0;0m▀  
      [38;2;0;0;0m[48;2;0;0;0m▀[0m[38;2;65;65;65m[48;2;65;65;65m▀[0m[38;2;53;123;223m[48;2;65;65;65m▀[0m[38;2;198;133;223m[48;2;0;0;0m▀[0m[38;2;198;133;223m[48;2;189;165;66m▀[0m[38;2;198;133;223m[48;2;189;165;66m▀[0m[38;2;53;123;223m[48;2;65;65;65m▀[0m[38;2;53;123;223m[48;2;65;65;65m▀[0m[38;2;65;65;65m[48;2;53;123;223m▀[0m[38;2;0;0;0m[48;2;0;0;0m▀[0m      
       [38;2;0;0;0m▀[38;2;0;0;0m▀ [38;2;0;0;0m▀[38;2;0;0;0m▀[38;2;65;65;65m[48;2;0;0;0m▀[0m[38;2;65;65;65m[48;2;0;0;0m▀[0m[38;2;65;65;65m▀       
                                     [0m                                     