    [38;2;0;0;0m▄[38;2;0;0;0m[48;2;246;191;34m▀[0m[38;2;0;0;0m[48;2;246;191;34m▀[0m[38;2;0;0;0m[48;2;246;191;34m▀[0m[38;2;0;0;0m▄[38;2;0;0;0m▄                           
     [38;2;0;0;0m[48;2;0;0;0m▀[0m[38;2;246;191;34m[48;2;246;191;34m▀[0m[38;2;246;191;34m[48;2;246;191;34m▀[0m[38;2;246;191;34m[48;2;95;95;95m▀[0m[38;2;246;191;34m[48;2;245;192;33m▀[0m[38;2;0;0;0m[48;2;245;192;33m▀[0m[38;2;0;0;0m[48;2;246;191;34m▀[0m[38;2;0;0;0m▄             [38;2;0;0;0m▄[38;2;0;0;0m▄[38;2;0;0;0m▄[38;2;0;0;0m▄[38;2;0;0;0m▄      
      [38;2;0;0;0m[48;2;0;0;0m▀[0m[38;2;246;191;34m[48;2;245;192;33m▀[0m[38;2;246;191;34m[48;2;245;192;33m▀[0m[38;2;245;192;33m[48;2;244;186;42m▀[0m[38;2;245;192;33m[48;2;244;186;42m▀[0m[38;2;246;191;34m[48;2;65;64;65m▀[0m[38;2;246;191;34m[48;2;254;194;33m▀[0m[38;2;0;0;0m[48;2;0;0;0m▀[0m     [38;2;0;8;8m▄[38;2;0;8;8m▄ [38;2;0;0;0m▄[38;2;0;0;0m▄[38;2;0;0;0m[48;2;246;191;34m▀[0m[38;2;0;0;0m[48;2;245;192;33m▀[0m[38;2;246;191;34m[48;2;245;192;33m▀[0m[38;2;246;191;34m[48;2;246;191;34m▀[0m[38;2;246;191;34m[48;2;246;191;34m▀[0m[38;2;246;191;34m[48;2;245;192;33m▀[0m[38;2;246;191;34m[48;2;245;192;33m▀[0m[38;2;0;0;0m[48;2;246;191;34m▀[0m[38;2;0;0;0m[48;2;246;191;34m▀[0m[38;2;0;0;0m▄   
     [38;2;0;0;0m[48;2;0;0;0m▀[0m[38;2;246;191;34m[48;2;255;219;48m▀[0m[38;2;245;192;33m[48;2;246;191;34m▀[0m[38;2;245;192;33m[48;2;255;223;57m▀[0m[38;2;244;186;42m[48;2;245;196;27m▀[0m[38;2;65;64;65m[48;2;65;64;65m▀[0m[38;2;198;156;48m[48;2;207;151;54m▀[0m[38;2;65;64;65m[48;2;65;64;65m▀[0m[38;2;246;191;34m[48;2;245;194;33m▀[0m[38;2;0;0;0m[48;2;0;16;24m▀[0m  [38;2;0;0;0m▄[38;2;0;0;0m[48;2;243;189;69m▀[0m[38;2;242;188;78m[48;2;244;186;60m▀[0m[38;2;79;64;31m[48;2;65;65;55m▀[0m[38;2;0;0;0m[48;2;245;192;33m▀[0m[38;2;246;191;34m[48;2;245;192;33m▀[0m[38;2;246;191;34m[48;2;245;195;31m▀[0m[38;2;246;191;34m[48;2;245;195;31m▀[0m[38;2;245;192;33m[48;2;165;134;38m▀[0m[38;2;245;192;33m[48;2;94;97;94m▀[0m[38;2;246;191;34m[48;2;245;192;33m▀[0m[38;2;95;95;95m[48;2;245;192;33m▀[0m[38;2;245;192;33m[48;2;245;192;33m▀[0m[38;2;245;192;33m[48;2;245;192;33m▀[0m[38;2;246;191;34m[48;2;0;0;0m▀[0m[38;2;0;0;0m▀    
    [38;2;0;0;0m[48;2;0;0;0m▀[0m[38;2;255;219;48m[48;2;255;222;54m▀[0m[38;2;255;219;48m[48;2;255;222;54m▀[0m[38;2;255;223;57m[48;2;255;222;48m▀[0m[38;2;246;191;34m[48;2;65;64;65m▀[0m[38;2;65;64;65m[48;2;204;152;52m▀[0m[38;2;160;134;47m[48;2;204;152;52m▀[0m[38;2;207;151;54m[48;2;142;131;77m▀[0m[38;2;65;64;65m[48;2;65;64;65m▀[0m[38;2;245;194;33m[48;2;65;64;65m▀[0m[38;2;82;67;31m[48;2;117;117;142m▀[0m[38;2;0;0;0m[48;2;117;117;142m▀[0m[38;2;0;0;0m[48;2;117;117;142m▀[0m[38;2;162;127;45m[48;2;65;65;55m▀[0m[38;2;243;189;69m[48;2;155;127;57m▀[0m[38;2;155;127;57m[48;2;241;182;70m▀[0m[38;2;65;65;55m[48;2;241;182;70m▀[0m[38;2;245;192;33m[48;2;65;64;65m▀[0m[38;2;245;192;33m[48;2;255;222;48m▀[0m[38;2;255;222;51m[48;2;246;191;34m▀[0m[38;2;245;195;31m[48;2;255;223;57m▀[0m[38;2;94;97;94m[48;2;245;195;31m▀[0m[38;2;165;134;38m[48;2;245;195;31m▀[0m[38;2;245;192;33m[48;2;245;195;31m▀[0m[38;2;245;192;33m[48;2;245;195;31m▀[0m[38;2;245;192;33m[48;2;246;191;34m▀[0m[38;2;245;192;33m[48;2;0;0;0m▀[0m[38;2;0;0;0m▀     
    [38;2;0;0;0m▀[38;2;255;222;54m[48;2;0;0;0m▀[0m[38;2;255;222;54m[48;2;255;222;48m▀[0m[38;2;255;222;48m[48;2;65;64;65m▀[0m[38;2;65;64;65m[48;2;161;127;51m▀[0m[38;2;204;152;52m[48;2;161;127;51m▀[0m[38;2;204;152;52m[48;2;209;160;43m▀[0m[38;2;65;64;65m[48;2;65;64;65m▀[0m[38;2;117;117;142m[48;2;117;117;142m▀[0m[38;2;117;117;142m[48;2;117;117;142m▀[0m[38;2;117;117;142m[48;2;117;117;142m▀[0m[38;2;117;117;142m[48;2;117;117;142m▀[0m[38;2;117;117;142m[48;2;117;117;142m▀[0m[38;2;65;65;55m[48;2;117;117;142m▀[0m[38;2;244;186;60m[48;2;65;64;65m▀[0m[38;2;241;182;70m[48;2;165;134;38m▀[0m[38;2;165;134;38m[48;2;241;182;70m▀[0m[38;2;65;64;65m[48;2;244;186;60m▀[0m[38;2;255;222;48m[48;2;65;65;55m▀[0m[38;2;255;223;57m[48;2;255;231;97m▀[0m[38;2;255;223;57m[48;2;255;222;54m▀[0m[38;2;255;222;51m[48;2;255;222;48m▀[0m[38;2;245;195;31m[48;2;165;134;38m▀[0m[38;2;255;222;51m[48;2;245;195;31m▀[0m[38;2;245;195;31m[48;2;245;195;31m▀[0m[38;2;246;191;34m[48;2;0;0;0m▀[0m[38;2;0;0;0m▀      
     [38;2;0;0;0m[48;2;0;0;0m▀[0m[38;2;255;222;48m[48;2;174;151;32m▀[0m[38;2;65;64;65m[48;2;65;60;65m▀[0m[38;2;209;160;43m[48;2;164;146;52m▀[0m[38;2;209;160;43m[48;2;209;160;43m▀[0m[38;2;65;64;65m[48;2;65;64;65m▀[0m[38;2;117;117;142m[48;2;117;117;142m▀[0m[38;2;117;117;142m[48;2;117;117;142m▀[0m[38;2;117;117;142m[48;2;117;117;142m▀[0m[38;2;117;117;142m[48;2;117;117;142m▀[0m[38;2;117;117;142m[48;2;57;60;65m▀[0m[38;2;65;64;65m[48;2;47;199;77m▀[0m[38;2;117;117;142m[48;2;65;64;65m▀[0m[38;2;65;64;65m[48;2;65;64;65m▀[0m[38;2;241;182;70m[48;2;165;134;38m▀[0m[38;2;241;182;70m[48;2;165;134;38m▀[0m[38;2;155;127;57m[48;2;139;126;64m▀[0m[38;2;65;65;55m[48;2;74;63;54m▀[0m[38;2;255;231;97m[48;2;255;231;99m▀[0m[38;2;255;222;54m[48;2;255;231;99m▀[0m[38;2;255;222;48m[48;2;255;222;54m▀[0m[38;2;255;222;48m[48;2;255;222;54m▀[0m[38;2;255;222;51m[48;2;255;225;65m▀[0m[38;2;245;195;31m[48;2;0;8;32m▀[0m[38;2;0;0;0m▀       
  [38;2;0;0;0m▄[38;2;0;0;0m[48;2;255;222;48m▀[0m[38;2;0;0;0m[48;2;255;222;48m▀[0m[38;2;255;222;55m[48;2;255;222;54m▀[0m[38;2;255;222;55m[48;2;255;231;97m▀[0m[38;2;255;221;48m[48;2;255;229;90m▀[0m[38;2;65;60;65m[48;2;65;64;65m▀[0m[38;2;161;127;51m[48;2;207;151;54m▀[0m[38;2;65;64;65m[48;2;207;151;54m▀[0m[38;2;117;117;142m[48;2;65;64;65m▀[0m[38;2;117;117;142m[48;2;117;117;142m▀[0m[38;2;117;117;142m[48;2;117;117;142m▀[0m[38;2;65;64;65m[48;2;65;64;65m▀[0m[38;2;21;173;51m[48;2;62;214;92m▀[0m[38;2;21;173;51m[48;2;126;100;71m▀[0m[38;2;65;64;65m[48;2;161;133;52m▀[0m[38;2;241;182;70m[48;2;161;133;52m▀[0m[38;2;241;182;70m[48;2;244;186;60m▀[0m[38;2;241;182;70m[48;2;155;127;57m▀[0m[38;2;74;63;54m[48;2;65;64;65m▀[0m[38;2;255;230;97m[48;2;65;64;65m▀[0m[38;2;255;231;99m[48;2;255;229;82m▀[0m[38;2;255;231;99m[48;2;255;229;82m▀[0m[38;2;255;222;54m[48;2;65;64;65m▀[0m[38;2;255;222;54m[48;2;65;64;65m▀[0m[38;2;85;78;42m[48;2;255;222;54m▀[0m[38;2;85;78;42m[48;2;255;222;54m▀[0m[38;2;0;0;0m[48;2;255;222;48m▀[0m[38;2;0;0;0m▄      
 [38;2;0;0;0m▀[38;2;246;191;34m[48;2;0;0;0m▀[0m[38;2;255;222;48m[48;2;255;222;48m▀[0m[38;2;93;95;95m[48;2;255;222;48m▀[0m[38;2;255;222;54m[48;2;255;231;97m▀[0m[38;2;255;231;97m[48;2;245;202;27m▀[0m[38;2;255;229;90m[48;2;255;231;97m▀[0m[38;2;255;229;90m[48;2;65;64;65m▀[0m[38;2;65;64;65m[48;2;65;64;65m▀[0m[38;2;207;151;54m[48;2;65;64;65m▀[0m[38;2;65;64;65m[48;2;255;255;255m▀[0m[38;2;93;91;93m[48;2;65;64;65m▀[0m[38;2;117;117;142m[48;2;65;64;65m▀[0m[38;2;65;64;65m[48;2;255;255;255m▀[0m[38;2;126;100;71m[48;2;91;71;54m▀[0m[38;2;126;100;71m[48;2;146;133;118m▀[0m[38;2;245;193;48m[48;2;65;64;65m▀[0m[38;2;75;68;55m[48;2;255;255;255m▀[0m[38;2;65;65;55m[48;2;255;255;255m▀[0m[38;2;65;65;55m[48;2;200;199;188m▀[0m[38;2;197;196;187m[48;2;200;199;188m▀[0m[38;2;197;196;187m[48;2;200;199;188m▀[0m[38;2;65;64;65m[48;2;65;64;65m▀[0m[38;2;65;64;65m[48;2;237;221;140m▀[0m[38;2;255;222;48m[48;2;255;231;97m▀[0m[38;2;255;222;48m[48;2;255;222;54m▀[0m[38;2;255;222;54m[48;2;255;226;73m▀[0m[38;2;255;222;54m[48;2;156;141;66m▀[0m[38;2;255;222;48m[48;2;255;222;54m▀[0m[38;2;255;222;48m[48;2;255;222;54m▀[0m[38;2;0;0;0m[48;2;255;222;54m▀[0m[38;2;0;0;0m[48;2;255;222;54m▀[0m[38;2;0;0;0m▄[38;2;0;0;0m▄  
   [38;2;0;0;0m▀[38;2;255;222;48m[48;2;0;0;0m▀[0m[38;2;255;222;65m[48;2;0;0;0m▀[0m[38;2;255;231;97m[48;2;255;222;48m▀[0m[38;2;255;231;97m[48;2;65;64;65m▀[0m[38;2;65;64;65m[48;2;65;64;65m▀[0m[38;2;117;117;117m[48;2;65;60;65m▀[0m[38;2;65;64;65m[48;2;255;250;255m▀[0m[38;2;255;255;255m[48;2;255;255;255m▀[0m[38;2;255;255;255m[48;2;255;255;255m▀[0m[38;2;255;255;255m[48;2;255;255;255m▀[0m[38;2;255;255;255m[48;2;255;255;255m▀[0m[38;2;255;250;245m[48;2;65;64;65m▀[0m[38;2;91;71;54m[48;2;117;117;117m▀[0m[38;2;65;64;65m[48;2;128;124;128m▀[0m[38;2;255;255;255m[48;2;65;60;65m▀[0m[38;2;255;255;255m[48;2;255;255;255m▀[0m[38;2;200;199;188m[48;2;255;255;255m▀[0m[38;2;200;199;188m[48;2;197;196;187m▀[0m[38;2;200;199;188m[48;2;115;118;117m▀[0m[38;2;237;221;140m[48;2;197;196;187m▀[0m[38;2;65;64;65m[48;2;197;196;187m▀[0m[38;2;255;231;97m[48;2;65;64;65m▀[0m[38;2;255;231;97m[48;2;255;231;97m▀[0m[38;2;255;226;73m[48;2;255;231;97m▀[0m[38;2;100;89;72m[48;2;236;208;66m▀[0m[38;2;255;222;54m[48;2;255;222;54m▀[0m[38;2;255;222;54m[48;2;255;222;54m▀[0m[38;2;255;222;54m[48;2;255;222;48m▀[0m[38;2;255;222;54m[48;2;255;222;48m▀[0m[38;2;255;222;48m[48;2;0;0;0m▀[0m[38;2;255;222;48m[48;2;0;0;0m▀[0m[38;2;0;0;0m▀ 
     [38;2;0;0;0m▄[38;2;0;0;0m[48;2;255;222;48m▀[0m[38;2;65;64;65m[48;2;255;227;80m▀[0m[38;2;117;117;117m[48;2;57;76;90m▀[0m[38;2;128;124;128m[48;2;65;64;65m▀[0m[38;2;65;60;65m[48;2;255;255;255m▀[0m[38;2;255;255;255m[48;2;255;255;255m▀[0m[38;2;255;255;255m[48;2;255;255;255m▀[0m[38;2;255;255;255m[48;2;255;255;255m▀[0m[38;2;255;255;255m[48;2;65;64;65m▀[0m[38;2;65;64;65m[48;2;117;117;117m▀[0m[38;2;65;64;65m[48;2;117;117;117m▀[0m[38;2;65;60;65m[48;2;57;60;57m▀[0m[38;2;255;250;255m[48;2;255;255;255m▀[0m[38;2;255;255;255m[48;2;255;255;255m▀[0m[38;2;117;117;117m[48;2;255;255;255m▀[0m[38;2;197;196;187m[48;2;112;112;105m▀[0m[38;2;197;196;187m[48;2;206;203;187m▀[0m[38;2;109;110;112m[48;2;237;221;140m▀[0m[38;2;65;68;74m[48;2;65;64;65m▀[0m[38;2;255;231;97m[48;2;65;64;65m▀[0m[38;2;255;231;97m[48;2;255;222;48m▀[0m[38;2;175;148;30m[48;2;255;226;73m▀[0m[38;2;255;231;97m[48;2;255;226;73m▀[0m[38;2;255;222;54m[48;2;255;222;48m▀[0m[38;2;255;222;54m[48;2;0;0;0m▀[0m[38;2;255;222;48m[48;2;0;0;0m▀[0m[38;2;0;0;0m▀    
    [38;2;0;0;0m[48;2;0;0;0m▀[0m[38;2;255;222;48m[48;2;255;219;48m▀[0m[38;2;255;222;48m[48;2;255;219;48m▀[0m[38;2;57;76;90m[48;2;65;64;65m▀[0m[38;2;123;117;87m[48;2;185;177;242m▀[0m[38;2;255;255;255m[48;2;74;71;63m▀[0m[38;2;255;255;255m[48;2;98;111;128m▀[0m[38;2;117;117;117m[48;2;65;60;65m▀[0m[38;2;255;255;255m[48;2;255;250;255m▀[0m[38;2;255;255;255m[48;2;57;60;57m▀[0m[38;2;255;255;255m[48;2;255;255;255m▀[0m[38;2;65;64;65m[48;2;255;255;255m▀[0m[38;2;65;64;65m[48;2;255;255;255m▀[0m[38;2;255;255;255m[48;2;246;255;255m▀[0m[38;2;123;125;123m[48;2;57;68;74m▀[0m[38;2;255;255;255m[48;2;65;68;74m▀[0m[38;2;65;64;65m[48;2;125;117;182m▀[0m[38;2;65;68;65m[48;2;113;105;170m▀[0m[38;2;65;68;65m[48;2;57;72;90m▀[0m[38;2;65;64;65m[48;2;255;226;73m▀[0m[38;2;237;221;140m[48;2;255;226;73m▀[0m[38;2;255;222;48m[48;2;255;231;97m▀[0m[38;2;65;64;65m[48;2;255;222;54m▀[0m[38;2;255;226;73m[48;2;0;0;0m▀[0m[38;2;0;0;0m▀[38;2;0;0;0m▀       
   [38;2;0;0;0m▄[38;2;0;0;0m[48;2;246;191;34m▀[0m[38;2;98;97;94m[48;2;246;191;34m▀[0m[38;2;255;219;48m[48;2;246;191;34m▀[0m[38;2;65;64;65m[48;2;246;191;34m▀[0m[38;2;185;177;242m[48;2;0;0;0m▀[0m[38;2;187;179;244m[48;2;181;173;238m▀[0m[38;2;74;71;63m[48;2;74;71;55m▀[0m[38;2;123;123;148m[48;2;93;93;118m▀[0m[38;2;65;60;65m[48;2;114;114;139m▀[0m[38;2;121;121;146m[48;2;117;117;142m▀[0m[38;2;255;255;255m[48;2;91;91;116m▀[0m[38;2;82;80;82m[48;2;65;68;74m▀[0m[38;2;82;80;82m[48;2;185;177;242m▀[0m[38;2;57;68;74m[48;2;185;177;242m▀[0m[38;2;125;117;182m[48;2;185;177;242m▀[0m[38;2;185;177;242m[48;2;143;135;200m▀[0m[38;2;185;177;242m[48;2;83;74;54m▀[0m[38;2;57;72;90m[48;2;255;223;57m▀[0m[38;2;255;235;114m[48;2;255;223;57m▀[0m[38;2;255;226;73m[48;2;255;223;57m▀[0m[38;2;95;97;95m[48;2;255;223;57m▀[0m[38;2;255;222;54m[48;2;255;222;51m▀[0m[38;2;255;222;54m[48;2;245;195;31m▀[0m[38;2;0;0;0m[48;2;0;0;0m▀[0m         
    [38;2;0;0;0m▀[38;2;0;0;0m▀[38;2;0;0;0m▀[38;2;0;0;0m▀[38;2;0;0;0m▀[38;2;143;135;200m[48;2;0;0;0m▀[0m[38;2;104;104;129m[48;2;115;115;140m▀[0m[38;2;114;114;139m[48;2;115;115;140m▀[0m[38;2;93;93;118m[48;2;0;0;0m▀[0m[38;2;91;91;116m[48;2;54;66;82m▀[0m[38;2;65;68;65m[48;2;186;178;243m▀[0m[38;2;185;177;242m[48;2;0;0;0m▀[0m[38;2;125;117;182m[48;2;0;0;0m▀[0m[38;2;185;177;242m[48;2;0;0;0m▀[0m[38;2;0;0;0m▀[38;2;0;4;0m▀[38;2;167;141;112m[48;2;0;0;0m▀[0m[38;2;246;191;34m[48;2;246;191;34m▀[0m[38;2;255;223;57m[48;2;246;191;34m▀[0m[38;2;255;223;57m[48;2;245;192;33m▀[0m[38;2;246;191;34m[48;2;245;192;33m▀[0m[38;2;245;195;31m[48;2;95;95;95m▀[0m[38;2;245;195;31m[48;2;246;191;34m▀[0m[38;2;246;191;34m[48;2;246;191;34m▀[0m[38;2;0;0;0m[48;2;246;191;34m▀[0m[38;2;0;0;0m▄       
         [38;2;0;0;0m▀[38;2;115;115;140m[48;2;0;0;0m▀[0m[38;2;0;0;0m▀ [38;2;8;3;0m▀[38;2;8;3;0m▀      [38;2;0;0;0m▀[38;2;0;0;0m▀[38;2;245;192;33m[48;2;0;0;0m▀[0m[38;2;245;192;33m[48;2;0;0;0m▀[0m[38;2;246;191;34m[48;2;0;0;0m▀[0m[38;2;246;191;34m[48;2;0;0;0m▀[0m[38;2;0;0;0m▀[38;2;0;0;0m▀        
                                     [0m                                     