          [38;2;0;0;0m▄[38;2;0;0;0m▄[38;2;0;0;0m[48;2;173;112;40m▀[0m[38;2;0;0;0m[48;2;255;189;50m▀[0m[38;2;0;0;0m[48;2;173;112;40m▀[0m[38;2;0;0;0m[48;2;255;189;50m▀[0m[38;2;0;0;0m[48;2;255;189;50m▀[0m[38;2;0;0;0m▄[38;2;0;0;0m▄   
      [38;2;0;0;0m▄[38;2;0;0;0m▄[38;2;0;0;0m▄[38;2;0;0;0m[48;2;0;0;0m▀[0m[38;2;65;65;65m[48;2;215;134;56m▀[0m[38;2;173;112;40m[48;2;173;112;40m▀[0m[38;2;255;189;50m[48;2;255;189;50m▀[0m[38;2;173;112;40m[48;2;173;112;40m▀[0m[38;2;255;189;50m[48;2;255;189;50m▀[0m[38;2;255;189;50m[48;2;173;112;40m▀[0m[38;2;173;112;40m[48;2;255;189;50m▀[0m[38;2;255;189;50m[48;2;255;189;50m▀[0m[38;2;255;189;50m[48;2;173;112;40m▀[0m[38;2;0;0;0m[48;2;173;112;40m▀[0m[38;2;0;0;0m▄ 
 [38;2;0;0;0m▄[38;2;0;0;0m▄[38;2;0;0;0m▄[38;2;0;0;0m[48;2;255;189;50m▀[0m[38;2;0;0;0m[48;2;173;112;40m▀[0m[38;2;173;112;40m[48;2;255;189;50m▀[0m[38;2;255;189;50m[48;2;173;112;40m▀[0m[38;2;173;112;40m[48;2;255;189;50m▀[0m[38;2;0;0;0m[48;2;255;189;50m▀[0m[38;2;215;134;56m[48;2;65;65;65m▀[0m[38;2;173;112;40m[48;2;215;134;56m▀[0m[38;2;215;134;56m[48;2;128;89;44m▀[0m[38;2;128;89;44m[48;2;215;134;56m▀[0m[38;2;215;134;56m[48;2;128;89;44m▀[0m[38;2;173;112;40m[48;2;215;134;56m▀[0m[38;2;255;189;50m[48;2;173;112;40m▀[0m[38;2;173;112;40m[48;2;255;189;50m▀[0m[38;2;255;189;50m[48;2;173;112;40m▀[0m[38;2;255;189;50m[48;2;173;112;40m▀[0m[38;2;0;0;0m[48;2;0;0;0m▀[0m 
 [38;2;0;0;0m[48;2;0;0;0m▀[0m[38;2;231;195;26m[48;2;231;195;26m▀[0m[38;2;65;65;65m[48;2;231;195;26m▀[0m[38;2;215;134;56m[48;2;65;65;65m▀[0m[38;2;173;112;40m[48;2;255;189;50m▀[0m[38;2;215;134;56m[48;2;215;134;56m▀[0m[38;2;173;112;40m[48;2;255;189;50m▀[0m[38;2;215;134;56m[48;2;65;65;65m▀[0m[38;2;255;189;50m[48;2;65;65;65m▀[0m[38;2;65;65;65m[48;2;255;228;38m▀[0m[38;2;65;65;65m[48;2;255;228;38m▀[0m[38;2;128;89;44m[48;2;65;65;65m▀[0m[38;2;215;134;56m[48;2;128;89;44m▀[0m[38;2;128;89;44m[48;2;215;134;56m▀[0m[38;2;215;134;56m[48;2;128;89;44m▀[0m[38;2;128;89;44m[48;2;215;134;56m▀[0m[38;2;215;134;56m[48;2;0;0;0m▀[0m[38;2;255;189;50m[48;2;0;0;0m▀[0m[38;2;0;0;0m▀  
  [38;2;0;0;0m[48;2;0;0;0m▀[0m[38;2;231;195;26m[48;2;231;195;26m▀[0m[38;2;255;189;50m[48;2;65;65;65m▀[0m[38;2;255;189;50m[48;2;255;189;50m▀[0m[38;2;255;189;50m[48;2;65;65;65m▀[0m[38;2;65;65;65m[48;2;255;228;38m▀[0m[38;2;231;195;26m[48;2;255;228;38m▀[0m[38;2;255;228;38m[48;2;255;228;38m▀[0m[38;2;255;228;38m[48;2;150;125;11m▀[0m[38;2;150;125;11m[48;2;198;153;10m▀[0m[38;2;65;65;65m[48;2;65;65;65m▀[0m[38;2;65;65;65m[48;2;255;228;38m▀[0m[38;2;65;65;65m[48;2;255;228;38m▀[0m[38;2;65;65;65m[48;2;255;228;38m▀[0m[38;2;215;134;56m[48;2;0;0;0m▀[0m[38;2;0;0;0m▀    
   [38;2;0;0;0m[48;2;0;0;0m▀[0m[38;2;255;228;38m[48;2;255;228;38m▀[0m[38;2;65;65;65m[48;2;255;228;38m▀[0m[38;2;65;65;65m[48;2;255;228;38m▀[0m[38;2;255;228;38m[48;2;231;195;26m▀[0m[38;2;150;125;11m[48;2;255;255;255m▀[0m[38;2;150;125;11m[48;2;0;0;0m▀[0m[38;2;231;195;26m[48;2;231;195;26m▀[0m[38;2;150;125;11m[48;2;65;65;65m▀[0m[38;2;255;228;38m[48;2;255;228;38m▀[0m[38;2;255;228;38m[48;2;255;228;38m▀[0m[38;2;255;228;38m[48;2;255;228;38m▀[0m[38;2;255;228;38m[48;2;231;195;26m▀[0m[38;2;231;195;26m[48;2;231;195;26m▀[0m[38;2;0;0;0m[48;2;231;195;26m▀[0m[38;2;0;0;0m▄   
  [38;2;0;0;0m[48;2;0;0;0m▀[0m[38;2;231;195;26m[48;2;255;228;38m▀[0m[38;2;255;228;38m[48;2;150;125;11m▀[0m[38;2;255;228;38m[48;2;255;228;38m▀[0m[38;2;255;228;38m[48;2;231;195;26m▀[0m[38;2;0;0;0m[48;2;231;195;26m▀[0m[38;2;0;0;0m[48;2;231;195;26m▀[0m[38;2;150;125;11m[48;2;231;195;26m▀[0m[38;2;231;195;26m[48;2;231;195;26m▀[0m[38;2;231;195;26m[48;2;231;195;26m▀[0m[38;2;231;195;26m[48;2;231;195;26m▀[0m[38;2;231;195;26m[48;2;65;65;65m▀[0m[38;2;231;195;26m[48;2;231;195;26m▀[0m[38;2;231;195;26m[48;2;231;195;26m▀[0m[38;2;231;195;26m[48;2;231;195;26m▀[0m[38;2;231;195;26m[48;2;65;65;65m▀[0m[38;2;0;0;0m[48;2;0;0;0m▀[0m   
   [38;2;0;0;0m▀[38;2;231;195;26m[48;2;0;0;0m▀[0m[38;2;231;195;26m[48;2;0;0;0m▀[0m[38;2;231;195;26m[48;2;65;65;65m▀[0m[38;2;231;195;26m[48;2;65;65;65m▀[0m[38;2;231;195;26m[48;2;150;125;11m▀[0m[38;2;65;65;65m[48;2;231;195;26m▀[0m[38;2;231;195;26m[48;2;231;195;26m▀[0m[38;2;231;195;26m[48;2;231;195;26m▀[0m[38;2;231;195;26m[48;2;0;0;0m▀[0m[38;2;0;0;0m▀[38;2;0;0;0m[48;2;0;0;0m▀[0m[38;2;198;153;10m[48;2;198;153;10m▀[0m[38;2;198;153;10m[48;2;198;153;10m▀[0m[38;2;0;0;0m[48;2;0;0;0m▀[0m    
      [38;2;0;0;0m▀[38;2;198;153;10m[48;2;0;0;0m▀[0m[38;2;198;153;10m[48;2;150;125;11m▀[0m[38;2;65;65;65m[48;2;65;65;65m▀[0m[38;2;231;195;26m[48;2;150;125;11m▀[0m[38;2;198;153;10m[48;2;0;0;0m▀[0m[38;2;0;0;0m▀  [38;2;0;0;0m▀[38;2;0;0;0m▀     
       [38;2;0;0;0m▀[38;2;65;65;65m[48;2;0;0;0m▀[0m[38;2;198;153;10m[48;2;0;0;0m▀[0m[38;2;198;153;10m[48;2;0;0;0m▀[0m[38;2;0;0;0m▀          
                                     [0m                                     