            [38;2;0;0;0m▄[38;2;0;0;0m▄[38;2;0;0;0m▄[38;2;0;0;0m[48;2;237;113;242m▀[0m[38;2;0;0;0m[48;2;237;113;242m▀[0m[38;2;0;0;0m[48;2;237;113;242m▀[0m[38;2;0;0;0m[48;2;237;113;242m▀[0m[38;2;0;0;0m[48;2;237;113;242m▀[0m[38;2;0;0;0m▄[38;2;0;0;0m▄             
      [38;2;0;0;0m▄[38;2;0;0;0m▄[38;2;0;0;0m▄[38;2;0;0;0m▄[38;2;0;0;0m[48;2;237;113;242m▀[0m[38;2;0;0;0m[48;2;230;124;237m▀[0m[38;2;230;124;237m[48;2;230;124;237m▀[0m[38;2;239;161;238m[48;2;239;161;238m▀[0m[38;2;239;161;238m[48;2;239;161;238m▀[0m[38;2;239;161;238m[48;2;239;161;238m▀[0m[38;2;239;161;238m[48;2;239;161;238m▀[0m[38;2;239;161;238m[48;2;239;161;238m▀[0m[38;2;234;109;240m[48;2;239;161;238m▀[0m[38;2;234;109;240m[48;2;234;109;240m▀[0m[38;2;234;109;240m[48;2;234;109;240m▀[0m[38;2;237;113;242m[48;2;237;113;242m▀[0m[38;2;0;0;0m[48;2;237;113;242m▀[0m[38;2;0;0;0m[48;2;237;113;242m▀[0m[38;2;0;0;0m▄          
  [38;2;0;0;0m▄[38;2;0;0;0m▄[38;2;0;0;0m[48;2;233;102;230m▀[0m[38;2;0;0;0m[48;2;233;102;230m▀[0m[38;2;233;102;230m[48;2;233;102;230m▀[0m[38;2;225;101;227m[48;2;225;101;227m▀[0m[38;2;159;78;156m[48;2;243;113;245m▀[0m[38;2;234;109;240m[48;2;234;109;240m▀[0m[38;2;234;109;240m[48;2;234;109;240m▀[0m[38;2;239;161;238m[48;2;239;161;238m▀[0m[38;2;239;161;238m[48;2;239;161;238m▀[0m[38;2;240;163;238m[48;2;215;78;211m▀[0m[38;2;240;163;238m[48;2;240;163;238m▀[0m[38;2;239;161;238m[48;2;239;161;238m▀[0m[38;2;239;161;238m[48;2;239;161;238m▀[0m[38;2;239;161;238m[48;2;239;161;238m▀[0m[38;2;239;161;238m[48;2;239;161;238m▀[0m[38;2;239;161;238m[48;2;239;161;238m▀[0m[38;2;234;109;240m[48;2;234;109;240m▀[0m[38;2;234;109;240m[48;2;234;109;240m▀[0m[38;2;234;109;240m[48;2;234;109;240m▀[0m[38;2;234;109;240m[48;2;234;109;240m▀[0m[38;2;234;109;240m[48;2;234;109;240m▀[0m[38;2;0;0;0m[48;2;237;113;242m▀[0m[38;2;0;0;0m▄        
 [38;2;0;0;0m[48;2;0;0;0m▀[0m[38;2;233;102;230m[48;2;233;102;230m▀[0m[38;2;234;109;230m[48;2;234;109;230m▀[0m[38;2;234;109;230m[48;2;234;109;230m▀[0m[38;2;234;105;230m[48;2;234;105;230m▀[0m[38;2;234;105;230m[48;2;66;65;66m▀[0m[38;2;234;109;240m[48;2;234;109;240m▀[0m[38;2;234;109;240m[48;2;234;109;240m▀[0m[38;2;234;109;240m[48;2;234;109;240m▀[0m[38;2;234;109;240m[48;2;234;109;240m▀[0m[38;2;234;109;240m[48;2;234;109;240m▀[0m[38;2;239;161;238m[48;2;234;109;240m▀[0m[38;2;239;161;238m[48;2;239;161;238m▀[0m[38;2;239;161;238m[48;2;239;161;238m▀[0m[38;2;215;78;211m[48;2;240;163;238m▀[0m[38;2;240;163;238m[48;2;240;163;238m▀[0m[38;2;239;161;238m[48;2;239;161;238m▀[0m[38;2;239;161;238m[48;2;234;109;240m▀[0m[38;2;234;109;240m[48;2;234;109;240m▀[0m[38;2;234;109;240m[48;2;234;109;240m▀[0m[38;2;234;109;240m[48;2;234;109;240m▀[0m[38;2;234;109;240m[48;2;234;109;240m▀[0m[38;2;234;109;240m[48;2;234;109;240m▀[0m[38;2;234;109;240m[48;2;234;109;240m▀[0m[38;2;234;109;240m[48;2;234;109;240m▀[0m[38;2;234;109;240m[48;2;234;109;240m▀[0m[38;2;0;0;0m[48;2;0;0;0m▀[0m       
 [38;2;0;0;0m▀[38;2;233;102;230m[48;2;0;0;0m▀[0m[38;2;233;102;230m[48;2;0;0;0m▀[0m[38;2;233;102;230m[48;2;0;0;0m▀[0m[38;2;66;65;66m[48;2;66;65;66m▀[0m[38;2;237;113;242m[48;2;237;113;242m▀[0m[38;2;234;109;240m[48;2;234;109;240m▀[0m[38;2;198;247;255m[48;2;0;0;8m▀[0m[38;2;234;109;240m[48;2;234;109;240m▀[0m[38;2;234;109;240m[48;2;234;109;240m▀[0m[38;2;234;109;240m[48;2;234;109;240m▀[0m[38;2;234;109;240m[48;2;234;109;240m▀[0m[38;2;234;109;240m[48;2;234;109;240m▀[0m[38;2;234;109;240m[48;2;234;109;240m▀[0m[38;2;234;109;240m[48;2;234;109;240m▀[0m[38;2;234;109;240m[48;2;234;109;240m▀[0m[38;2;234;109;240m[48;2;234;109;240m▀[0m[38;2;234;109;240m[48;2;234;109;240m▀[0m[38;2;234;109;240m[48;2;234;109;240m▀[0m[38;2;234;109;240m[48;2;234;109;240m▀[0m[38;2;234;109;240m[48;2;234;109;240m▀[0m[38;2;234;109;240m[48;2;234;109;240m▀[0m[38;2;234;109;240m[48;2;234;109;240m▀[0m[38;2;234;109;240m[48;2;234;109;240m▀[0m[38;2;234;109;240m[48;2;234;109;240m▀[0m[38;2;234;109;240m[48;2;234;109;240m▀[0m[38;2;237;113;242m[48;2;237;113;242m▀[0m[38;2;0;0;0m[48;2;237;113;242m▀[0m[38;2;0;0;0m▄     
    [38;2;0;0;0m▀[38;2;237;113;242m[48;2;0;0;0m▀[0m[38;2;237;113;242m[48;2;237;113;242m▀[0m[38;2;234;109;240m[48;2;234;109;240m▀[0m[38;2;234;109;240m[48;2;234;109;240m▀[0m[38;2;234;109;240m[48;2;234;109;240m▀[0m[38;2;234;109;240m[48;2;234;109;240m▀[0m[38;2;234;109;240m[48;2;234;109;240m▀[0m[38;2;234;109;240m[48;2;234;109;240m▀[0m[38;2;234;109;240m[48;2;234;109;240m▀[0m[38;2;234;109;240m[48;2;234;109;240m▀[0m[38;2;234;109;240m[48;2;234;109;240m▀[0m[38;2;234;109;240m[48;2;234;109;240m▀[0m[38;2;237;113;242m[48;2;255;255;255m▀[0m[38;2;237;113;242m[48;2;237;113;242m▀[0m[38;2;234;109;240m[48;2;234;109;240m▀[0m[38;2;234;109;240m[48;2;234;109;240m▀[0m[38;2;234;109;240m[48;2;234;109;240m▀[0m[38;2;234;109;240m[48;2;234;109;240m▀[0m[38;2;234;109;240m[48;2;234;109;240m▀[0m[38;2;234;109;240m[48;2;234;109;240m▀[0m[38;2;234;109;240m[48;2;234;109;240m▀[0m[38;2;234;109;240m[48;2;234;109;240m▀[0m[38;2;234;109;240m[48;2;234;109;240m▀[0m[38;2;234;109;240m[48;2;234;109;240m▀[0m[38;2;83;48;86m[48;2;237;113;242m▀[0m[38;2;16;8;0m[48;2;237;113;242m▀[0m[38;2;0;0;0m▄   
    [38;2;0;0;0m[48;2;0;0;0m▀[0m[38;2;255;239;181m[48;2;255;239;181m▀[0m[38;2;66;65;66m[48;2;255;239;181m▀[0m[38;2;237;113;242m[48;2;66;65;66m▀[0m[38;2;237;113;242m[48;2;66;65;66m▀[0m[38;2;234;109;240m[48;2;234;109;240m▀[0m[38;2;234;109;240m[48;2;234;109;240m▀[0m[38;2;234;109;240m[48;2;234;109;240m▀[0m[38;2;234;109;240m[48;2;234;109;240m▀[0m[38;2;234;109;240m[48;2;234;109;240m▀[0m[38;2;234;109;240m[48;2;234;109;240m▀[0m[38;2;234;109;240m[48;2;234;109;240m▀[0m[38;2;234;109;240m[48;2;234;109;240m▀[0m[38;2;0;0;0m[48;2;237;113;242m▀[0m[38;2;237;113;242m[48;2;237;113;242m▀[0m[38;2;234;109;240m[48;2;234;109;240m▀[0m[38;2;234;109;240m[48;2;234;109;240m▀[0m[38;2;227;94;233m[48;2;57;60;66m▀[0m[38;2;227;94;233m[48;2;189;86;194m▀[0m[38;2;234;109;240m[48;2;234;109;240m▀[0m[38;2;234;109;240m[48;2;234;109;240m▀[0m[38;2;234;109;240m[48;2;234;109;240m▀[0m[38;2;234;109;240m[48;2;234;109;240m▀[0m[38;2;234;109;240m[48;2;234;109;240m▀[0m[38;2;234;109;240m[48;2;234;109;240m▀[0m[38;2;215;78;211m[48;2;234;109;240m▀[0m[38;2;234;109;240m[48;2;215;78;211m▀[0m[38;2;237;113;242m[48;2;237;113;242m▀[0m[38;2;0;0;0m[48;2;237;113;242m▀[0m[38;2;0;0;0m▄ 
    [38;2;0;0;0m▀[38;2;255;239;181m[48;2;0;0;0m▀[0m[38;2;255;239;181m[48;2;255;239;181m▀[0m[38;2;140;121;90m[48;2;216;210;194m▀[0m[38;2;255;255;247m[48;2;140;121;90m▀[0m[38;2;66;69;66m[48;2;255;255;255m▀[0m[38;2;66;69;66m[48;2;160;162;160m▀[0m[38;2;49;65;74m[48;2;222;251;255m▀[0m[38;2;237;113;242m[48;2;49;65;74m▀[0m[38;2;237;113;242m[48;2;66;65;66m▀[0m[38;2;237;113;242m[48;2;66;65;66m▀[0m[38;2;237;113;242m[48;2;66;65;66m▀[0m[38;2;237;113;242m[48;2;66;65;66m▀[0m[38;2;237;113;242m[48;2;66;65;66m▀[0m[38;2;66;65;66m[48;2;115;162;192m▀[0m[38;2;66;69;66m[48;2;255;255;255m▀[0m[38;2;66;69;66m[48;2;160;162;160m▀[0m[38;2;129;135;126m[48;2;129;135;126m▀[0m[38;2;66;89;115m[48;2;255;227;148m▀[0m[38;2;93;104;109m[48;2;165;174;165m▀[0m[38;2;57;69;82m[48;2;57;69;82m▀[0m[38;2;234;109;240m[48;2;234;109;240m▀[0m[38;2;234;109;240m[48;2;234;109;240m▀[0m[38;2;215;78;211m[48;2;234;109;240m▀[0m[38;2;234;109;240m[48;2;215;78;211m▀[0m[38;2;234;109;240m[48;2;234;109;240m▀[0m[38;2;234;109;240m[48;2;234;109;240m▀[0m[38;2;198;75;200m[48;2;198;75;200m▀[0m[38;2;246;113;248m[48;2;0;0;8m▀[0m[38;2;0;0;0m▀ 
     [38;2;0;0;0m▀[38;2;255;239;181m[48;2;0;0;0m▀[0m[38;2;175;171;148m[48;2;175;171;148m▀[0m[38;2;255;239;181m[48;2;255;239;181m▀[0m[38;2;135;119;90m[48;2;255;239;181m▀[0m[38;2;135;119;90m[48;2;255;239;181m▀[0m[38;2;247;255;255m[48;2;132;121;99m▀[0m[38;2;170;165;151m[48;2;132;121;99m▀[0m[38;2;255;255;255m[48;2;255;255;255m▀[0m[38;2;152;172;181m[48;2;152;172;181m▀[0m[38;2;255;255;255m[48;2;255;255;255m▀[0m[38;2;167;165;156m[48;2;123;121;107m▀[0m[38;2;247;255;255m[48;2;132;121;99m▀[0m[38;2;170;165;151m[48;2;132;121;99m▀[0m[38;2;135;119;90m[48;2;255;239;181m▀[0m[38;2;135;119;90m[48;2;255;239;181m▀[0m[38;2;255;239;181m[48;2;255;239;181m▀[0m[38;2;175;171;148m[48;2;175;171;148m▀[0m[38;2;176;172;145m[48;2;176;172;145m▀[0m[38;2;176;172;145m[48;2;176;172;145m▀[0m[38;2;66;65;66m[48;2;176;172;145m▀[0m[38;2;234;109;240m[48;2;66;65;66m▀[0m[38;2;234;109;240m[48;2;234;109;240m▀[0m[38;2;234;109;240m[48;2;234;109;240m▀[0m[38;2;215;78;211m[48;2;215;78;211m▀[0m[38;2;234;109;240m[48;2;234;109;240m▀[0m[38;2;237;113;242m[48;2;0;0;0m▀[0m[38;2;0;0;0m▀  
      [38;2;0;0;0m▀[38;2;255;239;181m[48;2;0;0;0m▀[0m[38;2;255;239;181m[48;2;255;239;181m▀[0m[38;2;255;239;178m[48;2;255;239;178m▀[0m[38;2;255;239;178m[48;2;255;239;178m▀[0m[38;2;255;239;181m[48;2;177;172;148m▀[0m[38;2;255;239;181m[48;2;255;239;181m▀[0m[38;2;135;119;90m[48;2;255;239;181m▀[0m[38;2;135;119;90m[48;2;255;239;181m▀[0m[38;2;135;119;90m[48;2;255;239;181m▀[0m[38;2;255;239;181m[48;2;255;239;181m▀[0m[38;2;255;239;178m[48;2;255;239;178m▀[0m[38;2;255;239;178m[48;2;255;239;178m▀[0m[38;2;255;239;181m[48;2;255;239;181m▀[0m[38;2;255;239;181m[48;2;177;172;148m▀[0m[38;2;176;172;145m[48;2;176;172;145m▀[0m[38;2;176;172;145m[48;2;176;172;145m▀[0m[38;2;176;172;145m[48;2;176;172;145m▀[0m[38;2;176;172;145m[48;2;176;172;145m▀[0m[38;2;173;170;148m[48;2;173;170;148m▀[0m[38;2;173;170;148m[48;2;0;0;0m▀[0m[38;2;0;0;0m▀[38;2;0;0;0m▀[38;2;0;0;0m▀[38;2;0;0;0m▀    
        [38;2;0;0;0m▀[38;2;255;239;181m[48;2;0;0;0m▀[0m[38;2;255;239;181m[48;2;0;0;0m▀[0m[38;2;175;171;148m[48;2;255;239;181m▀[0m[38;2;255;239;181m[48;2;175;171;148m▀[0m[38;2;255;239;178m[48;2;255;239;178m▀[0m[38;2;255;239;178m[48;2;255;239;178m▀[0m[38;2;255;239;181m[48;2;255;239;181m▀[0m[38;2;255;239;181m[48;2;177;172;148m▀[0m[38;2;186;175;137m[48;2;126;115;93m▀[0m[38;2;247;235;181m[48;2;186;175;137m▀[0m[38;2;176;172;145m[48;2;176;172;145m▀[0m[38;2;176;172;145m[48;2;176;172;145m▀[0m[38;2;176;172;145m[48;2;176;172;145m▀[0m[38;2;176;172;145m[48;2;176;172;145m▀[0m[38;2;173;170;148m[48;2;173;170;148m▀[0m[38;2;173;170;148m[48;2;0;0;0m▀[0m[38;2;0;0;0m▀         
           [38;2;0;0;0m▀[38;2;0;0;0m▀[38;2;0;0;0m▀[38;2;173;170;148m[48;2;0;0;0m▀[0m[38;2;173;170;148m[48;2;0;0;0m▀[0m[38;2;173;170;148m[48;2;0;0;0m▀[0m[38;2;181;174;140m[48;2;0;0;0m▀[0m[38;2;120;116;93m[48;2;0;0;0m▀[0m[38;2;173;170;148m[48;2;0;0;0m▀[0m[38;2;173;170;148m[48;2;0;0;0m▀[0m[38;2;173;170;148m[48;2;0;0;0m▀[0m[38;2;0;0;0m▀[38;2;0;0;0m▀           
                                     [0m                                     