   [38;2;0;0;0m▄[38;2;0;0;0m[48;2;197;224;210m▀[0m[38;2;0;0;0m▄                    
  [38;2;0;0;0m▄[38;2;0;0;0m[48;2;158;196;174m▀[0m[38;2;197;224;210m[48;2;140;124;214m▀[0m[38;2;0;0;0m[48;2;197;224;210m▀[0m[38;2;0;0;0m▄     [38;2;0;0;0m▄[38;2;0;0;0m▄[38;2;0;0;0m[48;2;197;224;210m▀[0m[38;2;0;0;0m[48;2;0;0;0m▀[0m          
  [38;2;0;0;0m[48;2;0;0;0m▀[0m[38;2;158;196;174m[48;2;158;196;174m▀[0m[38;2;140;124;214m[48;2;158;196;174m▀[0m[38;2;197;224;210m[48;2;65;65;65m▀[0m[38;2;0;0;0m[48;2;0;0;0m▀[0m[38;2;0;0;0m▄[38;2;0;0;0m▄ [38;2;0;0;0m▄[38;2;0;0;0m[48;2;197;224;210m▀[0m[38;2;197;224;210m[48;2;197;224;210m▀[0m[38;2;197;224;210m[48;2;183;164;249m▀[0m[38;2;158;196;174m[48;2;0;0;0m▀[0m[38;2;0;0;0m▀   [38;2;0;0;0m▄[38;2;0;0;0m[48;2;197;224;210m▀[0m[38;2;0;0;0m[48;2;197;224;210m▀[0m[38;2;0;0;0m[48;2;197;224;210m▀[0m[38;2;0;0;0m▄  
  [38;2;0;0;0m▄[38;2;0;0;0m[48;2;140;124;214m▀[0m[38;2;65;65;65m[48;2;183;164;249m▀[0m[38;2;183;164;249m[48;2;183;164;249m▀[0m[38;2;183;164;249m[48;2;183;164;249m▀[0m[38;2;183;164;249m[48;2;183;164;249m▀[0m[38;2;140;124;214m[48;2;183;164;249m▀[0m[38;2;0;0;0m[48;2;65;65;65m▀[0m[38;2;65;65;65m[48;2;197;224;210m▀[0m[38;2;197;224;210m[48;2;140;124;214m▀[0m[38;2;140;124;214m[48;2;158;196;174m▀[0m[38;2;158;196;174m[48;2;65;65;65m▀[0m[38;2;0;0;0m[48;2;0;0;0m▀[0m   [38;2;0;0;0m[48;2;0;0;0m▀[0m[38;2;197;224;210m[48;2;197;224;210m▀[0m[38;2;197;224;210m[48;2;197;224;210m▀[0m[38;2;197;224;210m[48;2;65;65;65m▀[0m[38;2;197;224;210m[48;2;197;224;210m▀[0m[38;2;197;224;210m[48;2;158;196;174m▀[0m[38;2;0;0;0m[48;2;0;0;0m▀[0m 
 [38;2;0;0;0m▄[38;2;0;0;0m[48;2;183;164;249m▀[0m[38;2;183;164;249m[48;2;183;164;249m▀[0m[38;2;183;164;249m[48;2;183;164;249m▀[0m[38;2;183;164;249m[48;2;183;164;249m▀[0m[38;2;183;164;249m[48;2;183;164;249m▀[0m[38;2;183;164;249m[48;2;183;164;249m▀[0m[38;2;183;164;249m[48;2;0;0;0m▀[0m[38;2;65;65;65m[48;2;103;94;169m▀[0m[38;2;197;224;210m[48;2;65;65;65m▀[0m[38;2;140;124;214m[48;2;158;196;174m▀[0m[38;2;158;196;174m[48;2;158;196;174m▀[0m[38;2;158;196;174m[48;2;65;65;65m▀[0m[38;2;0;0;0m[48;2;96;181;74m▀[0m[38;2;0;0;0m▄ [38;2;0;0;0m[48;2;0;0;0m▀[0m[38;2;197;224;210m[48;2;197;224;210m▀[0m[38;2;197;224;210m[48;2;197;224;210m▀[0m[38;2;197;224;210m[48;2;65;65;65m▀[0m[38;2;158;196;174m[48;2;65;65;65m▀[0m[38;2;65;65;65m[48;2;158;196;174m▀[0m[38;2;65;65;65m[48;2;0;0;0m▀[0m[38;2;0;0;0m▀ 
 [38;2;0;0;0m▀[38;2;183;164;249m[48;2;0;0;0m▀[0m[38;2;183;164;249m[48;2;183;164;249m▀[0m[38;2;183;164;249m[48;2;183;164;249m▀[0m[38;2;140;124;214m[48;2;140;124;214m▀[0m[38;2;183;164;249m[48;2;103;94;169m▀[0m[38;2;0;0;0m[48;2;0;0;0m▀[0m[38;2;181;181;181m[48;2;255;255;255m▀[0m[38;2;103;94;169m[48;2;255;255;255m▀[0m[38;2;140;124;214m[48;2;140;124;214m▀[0m[38;2;65;65;65m[48;2;65;65;65m▀[0m[38;2;65;65;65m[48;2;255;255;255m▀[0m[38;2;57;107;41m[48;2;255;255;255m▀[0m[38;2;96;181;74m[48;2;57;107;41m▀[0m[38;2;78;140;58m[48;2;96;181;74m▀[0m[38;2;0;0;0m[48;2;65;65;65m▀[0m[38;2;158;196;174m[48;2;158;196;174m▀[0m[38;2;158;196;174m[48;2;158;196;174m▀[0m[38;2;65;65;65m[48;2;65;65;65m▀[0m[38;2;197;224;210m[48;2;197;224;210m▀[0m[38;2;197;224;210m[48;2;197;224;210m▀[0m[38;2;0;0;0m[48;2;0;0;0m▀[0m   
 [38;2;0;0;0m▄[38;2;0;0;0m[48;2;140;124;214m▀[0m[38;2;140;124;214m[48;2;0;0;0m▀[0m[38;2;183;164;249m[48;2;140;124;214m▀[0m[38;2;183;164;249m[48;2;103;94;169m▀[0m[38;2;183;164;249m[48;2;140;124;214m▀[0m[38;2;78;140;58m[48;2;140;124;214m▀[0m[38;2;255;255;255m[48;2;140;124;214m▀[0m[38;2;103;94;169m[48;2;65;65;65m▀[0m[38;2;103;94;169m[48;2;65;65;65m▀[0m[38;2;65;65;65m[48;2;183;164;249m▀[0m[38;2;65;65;65m[48;2;183;164;249m▀[0m[38;2;255;255;255m[48;2;65;65;65m▀[0m[38;2;57;107;41m[48;2;255;255;255m▀[0m[38;2;96;181;74m[48;2;57;107;41m▀[0m[38;2;78;140;58m[48;2;57;107;41m▀[0m[38;2;65;65;65m[48;2;65;65;65m▀[0m[38;2;158;196;174m[48;2;158;196;174m▀[0m[38;2;158;196;174m[48;2;158;196;174m▀[0m[38;2;158;196;174m[48;2;158;196;174m▀[0m[38;2;0;0;0m[48;2;0;0;0m▀[0m    
 [38;2;0;0;0m▀[38;2;181;181;181m[48;2;0;0;0m▀[0m[38;2;140;124;214m[48;2;0;0;0m▀[0m[38;2;0;0;0m▀[38;2;65;65;65m[48;2;0;0;0m▀[0m[38;2;65;65;65m[48;2;236;152;93m▀[0m[38;2;65;65;65m[48;2;236;152;93m▀[0m[38;2;65;65;65m[48;2;236;152;93m▀[0m[38;2;202;103;54m[48;2;65;65;65m▀[0m[38;2;65;65;65m[48;2;255;255;255m▀[0m[38;2;183;164;249m[48;2;183;164;249m▀[0m[38;2;183;164;249m[48;2;183;164;249m▀[0m[38;2;140;124;214m[48;2;65;65;65m▀[0m[38;2;255;255;255m[48;2;255;255;255m▀[0m[38;2;57;107;41m[48;2;57;107;41m▀[0m[38;2;78;140;58m[48;2;78;140;58m▀[0m[38;2;65;65;65m[48;2;65;65;65m▀[0m[38;2;158;196;174m[48;2;0;0;0m▀[0m[38;2;158;196;174m[48;2;0;0;0m▀[0m[38;2;0;0;0m▀     
     [38;2;0;0;0m▄[38;2;0;0;0m[48;2;103;94;169m▀[0m[38;2;202;103;54m[48;2;65;65;65m▀[0m[38;2;202;103;54m[48;2;65;65;65m▀[0m[38;2;65;65;65m[48;2;236;152;93m▀[0m[38;2;140;124;214m[48;2;65;65;65m▀[0m[38;2;181;181;181m[48;2;65;65;65m▀[0m[38;2;65;65;65m[48;2;236;152;93m▀[0m[38;2;65;65;65m[48;2;65;65;65m▀[0m[38;2;181;181;181m[48;2;65;65;65m▀[0m[38;2;57;107;41m[48;2;181;181;181m▀[0m[38;2;57;107;41m[48;2;0;0;0m▀[0m[38;2;0;0;0m▀        
     [38;2;0;0;0m▀[38;2;103;94;169m[48;2;0;0;0m▀[0m[38;2;103;94;169m[48;2;0;0;0m▀[0m[38;2;65;65;65m[48;2;0;0;0m▀[0m[38;2;0;0;0m▀[38;2;202;103;54m[48;2;0;0;0m▀[0m[38;2;202;103;54m[48;2;65;65;65m▀[0m[38;2;65;65;65m[48;2;183;164;249m▀[0m[38;2;183;164;249m[48;2;183;164;249m▀[0m[38;2;65;65;65m[48;2;140;124;214m▀[0m[38;2;181;181;181m[48;2;0;0;0m▀[0m[38;2;0;0;0m▀         
           [38;2;0;0;0m▀[38;2;140;124;214m[48;2;0;0;0m▀[0m[38;2;103;94;169m[48;2;0;0;0m▀[0m[38;2;140;124;214m[48;2;0;0;0m▀[0m[38;2;0;0;0m▀          
                                     [0m                                     