     [38;2;0;0;0m▄[38;2;0;0;0m[48;2;166;72;109m▀[0m[38;2;0;0;0m[48;2;65;65;65m▀[0m[38;2;0;0;0m▄[38;2;0;0;0m▄            
   [38;2;0;0;0m▄[38;2;0;0;0m[48;2;126;45;78m▀[0m[38;2;65;65;65m[48;2;166;72;109m▀[0m[38;2;126;45;78m[48;2;166;72;109m▀[0m[38;2;166;72;109m[48;2;166;72;109m▀[0m[38;2;166;72;109m[48;2;166;72;109m▀[0m[38;2;166;72;109m[48;2;166;72;109m▀[0m[38;2;0;0;0m[48;2;166;72;109m▀[0m[38;2;0;0;0m[48;2;126;45;78m▀[0m[38;2;0;0;0m▄[38;2;0;0;0m▄  [38;2;0;0;0m▄ [38;2;0;0;0m▄   
 [38;2;0;0;0m▄[38;2;0;0;0m[48;2;237;213;139m▀[0m[38;2;114;255;171m[48;2;238;111;50m▀[0m[38;2;166;72;109m[48;2;166;72;109m▀[0m[38;2;166;72;109m[48;2;166;72;109m▀[0m[38;2;166;72;109m[48;2;166;72;109m▀[0m[38;2;166;72;109m[48;2;126;45;78m▀[0m[38;2;126;45;78m[48;2;238;111;50m▀[0m[38;2;65;65;65m[48;2;123;123;123m▀[0m[38;2;166;72;109m[48;2;65;65;65m▀[0m[38;2;166;72;109m[48;2;166;72;109m▀[0m[38;2;166;72;109m[48;2;0;0;0m▀[0m[38;2;0;0;0m▀ [38;2;0;0;0m[48;2;0;0;0m▀[0m[38;2;255;255;255m[48;2;255;255;255m▀[0m[38;2;65;65;65m[48;2;255;255;255m▀[0m[38;2;255;255;255m[48;2;255;255;255m▀[0m[38;2;0;0;0m[48;2;0;0;0m▀[0m  
 [38;2;0;0;0m[48;2;0;0;0m▀[0m[38;2;237;213;139m[48;2;237;213;139m▀[0m[38;2;0;0;0m[48;2;237;213;139m▀[0m[38;2;65;65;65m[48;2;123;123;123m▀[0m[38;2;166;72;109m[48;2;237;213;139m▀[0m[38;2;126;45;78m[48;2;238;111;50m▀[0m[38;2;255;155;107m[48;2;0;0;0m▀[0m[38;2;114;255;171m[48;2;114;255;171m▀[0m[38;2;238;111;50m[48;2;238;111;50m▀[0m[38;2;123;123;123m[48;2;123;123;123m▀[0m[38;2;65;65;65m[48;2;65;65;65m▀[0m[38;2;0;0;0m[48;2;166;72;109m▀[0m[38;2;0;0;0m▄[38;2;0;0;0m▀[38;2;255;255;255m[48;2;0;0;0m▀[0m[38;2;189;189;181m[48;2;189;189;181m▀[0m[38;2;255;255;255m[48;2;189;189;181m▀[0m[38;2;189;189;181m[48;2;189;189;181m▀[0m[38;2;255;255;255m[48;2;0;0;0m▀[0m[38;2;0;0;0m▀ 
  [38;2;0;0;0m▀[38;2;186;162;88m[48;2;0;0;0m▀[0m[38;2;186;162;88m[48;2;255;255;255m▀[0m[38;2;237;213;139m[48;2;186;162;88m▀[0m[38;2;237;213;139m[48;2;237;213;139m▀[0m[38;2;123;123;123m[48;2;237;213;139m▀[0m[38;2;114;255;171m[48;2;237;213;139m▀[0m[38;2;238;111;50m[48;2;237;213;139m▀[0m[38;2;237;213;139m[48;2;237;213;139m▀[0m[38;2;166;72;109m[48;2;126;45;78m▀[0m[38;2;126;45;78m[48;2;126;45;78m▀[0m[38;2;0;0;0m[48;2;0;0;0m▀[0m  [38;2;0;0;0m[48;2;0;0;0m▀[0m[38;2;189;189;181m[48;2;166;72;109m▀[0m[38;2;0;0;0m[48;2;0;0;0m▀[0m   
   [38;2;0;0;0m▄[38;2;0;0;0m[48;2;166;72;109m▀[0m[38;2;65;65;65m[48;2;126;45;78m▀[0m[38;2;186;162;88m[48;2;65;65;65m▀[0m[38;2;237;213;139m[48;2;65;65;65m▀[0m[38;2;237;213;139m[48;2;65;65;65m▀[0m[38;2;186;162;88m[48;2;65;65;65m▀[0m[38;2;126;45;78m[48;2;114;255;171m▀[0m[38;2;114;255;171m[48;2;166;72;109m▀[0m[38;2;0;0;0m[48;2;0;0;0m▀[0m   [38;2;0;0;0m[48;2;0;0;0m▀[0m[38;2;114;255;171m[48;2;166;72;109m▀[0m[38;2;0;0;0m[48;2;0;0;0m▀[0m   
   [38;2;0;0;0m▀[38;2;166;72;109m[48;2;0;0;0m▀[0m[38;2;65;65;65m[48;2;126;45;78m▀[0m[38;2;166;72;109m[48;2;65;65;65m▀[0m[38;2;189;189;181m[48;2;166;72;109m▀[0m[38;2;255;255;255m[48;2;166;72;109m▀[0m[38;2;126;45;78m[48;2;166;72;109m▀[0m[38;2;126;45;78m[48;2;65;65;65m▀[0m[38;2;166;72;109m[48;2;166;72;109m▀[0m[38;2;0;0;0m[48;2;114;255;171m▀[0m[38;2;0;0;0m▄ [38;2;0;0;0m▄[38;2;0;0;0m[48;2;166;72;109m▀[0m[38;2;114;255;171m[48;2;126;45;78m▀[0m[38;2;0;0;0m[48;2;0;0;0m▀[0m   
   [38;2;0;0;0m[48;2;0;0;0m▀[0m[38;2;114;255;171m[48;2;166;72;109m▀[0m[38;2;166;72;109m[48;2;114;255;171m▀[0m[38;2;166;72;109m[48;2;114;255;171m▀[0m[38;2;65;65;65m[48;2;114;255;171m▀[0m[38;2;65;65;65m[48;2;166;72;109m▀[0m[38;2;65;65;65m[48;2;166;72;109m▀[0m[38;2;114;255;171m[48;2;166;72;109m▀[0m[38;2;114;255;171m[48;2;166;72;109m▀[0m[38;2;166;72;109m[48;2;114;255;171m▀[0m[38;2;0;0;0m[48;2;126;45;78m▀[0m[38;2;0;0;0m▄[38;2;0;0;0m[48;2;166;72;109m▀[0m[38;2;166;72;109m[48;2;126;45;78m▀[0m[38;2;0;0;0m[48;2;0;0;0m▀[0m    
   [38;2;0;0;0m▄[38;2;0;0;0m[48;2;255;255;255m▀[0m[38;2;166;72;109m[48;2;189;189;181m▀[0m[38;2;166;72;109m[48;2;0;0;0m▀[0m[38;2;166;72;109m[48;2;0;0;0m▀[0m[38;2;114;255;171m[48;2;126;45;78m▀[0m[38;2;114;255;171m[48;2;166;72;109m▀[0m[38;2;114;255;171m[48;2;166;72;109m▀[0m[38;2;114;255;171m[48;2;166;72;109m▀[0m[38;2;166;72;109m[48;2;166;72;109m▀[0m[38;2;126;45;78m[48;2;126;45;78m▀[0m[38;2;65;65;65m[48;2;0;0;0m▀[0m[38;2;126;45;78m[48;2;0;0;0m▀[0m[38;2;0;0;0m▀     
   [38;2;0;0;0m▀[38;2;0;0;0m▀[38;2;0;0;0m▀  [38;2;0;0;0m▀[38;2;126;45;78m[48;2;0;0;0m▀[0m[38;2;166;72;109m[48;2;189;189;181m▀[0m[38;2;166;72;109m[48;2;189;189;181m▀[0m[38;2;126;45;78m[48;2;0;0;0m▀[0m[38;2;0;0;0m▀        
          [38;2;0;0;0m[48;2;0;0;0m▀[0m[38;2;255;255;255m[48;2;0;0;0m▀[0m[38;2;0;0;0m▀         
                                     [0m                                     