         [38;2;0;4;0m▄[38;2;0;4;0m▄[38;2;0;4;0m[48;2;255;227;43m▀[0m[38;2;0;4;0m[48;2;255;227;43m▀[0m[38;2;0;4;0m[48;2;255;227;43m▀[0m[38;2;0;4;0m[48;2;255;227;43m▀[0m[38;2;0;4;0m[48;2;255;227;43m▀[0m[38;2;0;4;0m[48;2;255;227;43m▀[0m[38;2;0;4;0m▄[38;2;0;4;0m▄[38;2;0;4;0m▄         
      [38;2;0;4;0m▄[38;2;0;4;0m[48;2;255;227;43m▀[0m[38;2;0;4;0m[48;2;177;146;1m▀[0m[38;2;255;226;42m[48;2;255;226;42m▀[0m[38;2;255;226;42m[48;2;255;226;42m▀[0m[38;2;255;226;42m[48;2;255;226;42m▀[0m[38;2;255;226;42m[48;2;255;226;42m▀[0m[38;2;255;226;42m[48;2;255;226;42m▀[0m[38;2;255;226;42m[48;2;255;226;42m▀[0m[38;2;255;226;42m[48;2;255;226;42m▀[0m[38;2;255;226;42m[48;2;255;226;42m▀[0m[38;2;176;143;1m[48;2;176;143;1m▀[0m[38;2;255;227;43m[48;2;255;227;43m▀[0m[38;2;255;227;43m[48;2;255;227;43m▀[0m[38;2;0;4;0m[48;2;255;227;43m▀[0m[38;2;0;4;0m[48;2;255;227;43m▀[0m[38;2;0;4;0m▄      
    [38;2;0;4;0m▄[38;2;0;4;0m[48;2;255;227;43m▀[0m[38;2;255;227;43m[48;2;255;227;43m▀[0m[38;2;255;227;43m[48;2;255;227;43m▀[0m[38;2;176;143;1m[48;2;176;143;1m▀[0m[38;2;255;226;42m[48;2;255;226;42m▀[0m[38;2;255;226;42m[48;2;255;226;42m▀[0m[38;2;255;226;42m[48;2;255;226;42m▀[0m[38;2;255;226;42m[48;2;255;226;42m▀[0m[38;2;255;226;42m[48;2;255;226;42m▀[0m[38;2;255;226;42m[48;2;255;226;42m▀[0m[38;2;255;227;43m[48;2;255;227;43m▀[0m[38;2;176;143;1m[48;2;176;143;1m▀[0m[38;2;255;226;42m[48;2;255;226;42m▀[0m[38;2;255;226;42m[48;2;255;226;42m▀[0m[38;2;255;226;42m[48;2;255;226;42m▀[0m[38;2;255;226;42m[48;2;255;226;42m▀[0m[38;2;255;226;42m[48;2;255;226;42m▀[0m[38;2;255;226;42m[48;2;255;226;42m▀[0m[38;2;0;4;0m[48;2;255;227;43m▀[0m[38;2;0;4;0m▄    
   [38;2;0;4;0m▄[38;2;0;4;0m[48;2;231;190;6m▀[0m[38;2;176;143;1m[48;2;176;143;1m▀[0m[38;2;255;227;43m[48;2;255;227;43m▀[0m[38;2;255;226;42m[48;2;255;226;42m▀[0m[38;2;255;226;42m[48;2;255;226;42m▀[0m[38;2;176;143;1m[48;2;176;143;1m▀[0m[38;2;255;227;43m[48;2;255;227;43m▀[0m[38;2;255;255;75m[48;2;57;73;74m▀[0m[38;2;57;73;74m[48;2;194;60;108m▀[0m[38;2;255;227;43m[48;2;66;65;65m▀[0m[38;2;255;227;43m[48;2;255;227;43m▀[0m[38;2;255;227;43m[48;2;176;143;1m▀[0m[38;2;176;143;1m[48;2;255;227;43m▀[0m[38;2;255;227;43m[48;2;231;190;6m▀[0m[38;2;255;227;43m[48;2;255;227;43m▀[0m[38;2;255;227;43m[48;2;231;190;6m▀[0m[38;2;255;227;43m[48;2;255;227;43m▀[0m[38;2;255;227;43m[48;2;231;190;6m▀[0m[38;2;255;227;43m[48;2;255;227;43m▀[0m[38;2;255;229;45m[48;2;142;115;1m▀[0m[38;2;24;8;8m[48;2;225;184;0m▀[0m[38;2;0;4;0m▄   
   [38;2;0;4;0m▀[38;2;231;190;6m[48;2;0;4;0m▀[0m[38;2;231;190;6m[48;2;231;190;6m▀[0m[38;2;174;142;1m[48;2;174;142;1m▀[0m[38;2;57;73;74m[48;2;194;60;108m▀[0m[38;2;255;255;75m[48;2;57;73;74m▀[0m[38;2;204;167;1m[48;2;220;180;1m▀[0m[38;2;66;60;62m[48;2;66;60;62m▀[0m[38;2;179;45;93m[48;2;215;81;129m▀[0m[38;2;215;81;129m[48;2;215;81;129m▀[0m[38;2;75;58;64m[48;2;208;74;122m▀[0m[38;2;255;229;45m[48;2;75;58;64m▀[0m[38;2;174;142;1m[48;2;231;190;6m▀[0m[38;2;231;190;6m[48;2;231;190;6m▀[0m[38;2;255;218;34m[48;2;66;65;66m▀[0m[38;2;247;206;22m[48;2;66;65;66m▀[0m[38;2;255;227;43m[48;2;231;190;6m▀[0m[38;2;231;190;6m[48;2;231;190;6m▀[0m[38;2;255;227;43m[48;2;174;142;1m▀[0m[38;2;174;142;1m[48;2;231;190;6m▀[0m[38;2;232;191;7m[48;2;232;191;7m▀[0m[38;2;232;191;7m[48;2;232;191;7m▀[0m[38;2;0;4;0m[48;2;231;190;6m▀[0m[38;2;0;4;0m▄  
     [38;2;0;4;0m▀[38;2;66;64;66m[48;2;0;4;0m▀[0m[38;2;214;80;128m[48;2;214;80;128m▀[0m[38;2;214;80;128m[48;2;214;80;128m▀[0m[38;2;66;60;62m[48;2;212;78;126m▀[0m[38;2;212;78;126m[48;2;186;52;100m▀[0m[38;2;214;80;128m[48;2;214;80;128m▀[0m[38;2;214;80;128m[48;2;214;80;128m▀[0m[38;2;212;78;126m[48;2;212;78;126m▀[0m[38;2;66;60;62m[48;2;186;52;100m▀[0m[38;2;66;65;66m[48;2;215;81;129m▀[0m[38;2;66;65;66m[48;2;215;81;129m▀[0m[38;2;215;81;129m[48;2;215;81;129m▀[0m[38;2;66;65;66m[48;2;66;65;66m▀[0m[38;2;231;190;6m[48;2;174;142;1m▀[0m[38;2;174;142;1m[48;2;231;190;6m▀[0m[38;2;232;191;7m[48;2;232;191;7m▀[0m[38;2;232;191;7m[48;2;232;191;7m▀[0m[38;2;231;190;6m[48;2;231;190;6m▀[0m[38;2;231;190;6m[48;2;0;4;0m▀[0m[38;2;231;190;6m[48;2;0;4;0m▀[0m[38;2;0;4;0m▀  
    [38;2;0;4;0m▄[38;2;8;12;8m[48;2;220;86;134m▀[0m[38;2;131;1;47m[48;2;175;41;89m▀[0m[38;2;215;81;129m[48;2;215;81;129m▀[0m[38;2;179;45;93m[48;2;215;81;129m▀[0m[38;2;214;80;128m[48;2;150;16;64m▀[0m[38;2;180;46;94m[48;2;150;16;64m▀[0m[38;2;215;81;129m[48;2;179;45;93m▀[0m[38;2;179;45;93m[48;2;215;81;129m▀[0m[38;2;214;80;128m[48;2;214;80;128m▀[0m[38;2;214;80;128m[48;2;214;80;128m▀[0m[38;2;214;80;128m[48;2;214;80;128m▀[0m[38;2;214;80;128m[48;2;214;80;128m▀[0m[38;2;180;46;94m[48;2;214;80;128m▀[0m[38;2;114;57;77m[48;2;214;80;128m▀[0m[38;2;66;65;66m[48;2;215;81;129m▀[0m[38;2;66;65;66m[48;2;215;81;129m▀[0m[38;2;231;190;6m[48;2;0;4;0m▀[0m[38;2;0;4;0m▀[38;2;0;4;0m▀     
  [38;2;0;4;0m▄[38;2;0;4;0m▄[38;2;0;4;0m[48;2;231;190;6m▀[0m[38;2;66;65;66m[48;2;66;65;66m▀[0m[38;2;215;81;129m[48;2;66;65;66m▀[0m[38;2;215;81;129m[48;2;215;81;129m▀[0m[38;2;150;16;64m[48;2;150;16;64m▀[0m[38;2;231;190;66m[48;2;231;190;66m▀[0m[38;2;255;255;255m[48;2;231;190;66m▀[0m[38;2;150;16;64m[48;2;150;16;64m▀[0m[38;2;215;81;129m[48;2;215;81;129m▀[0m[38;2;214;80;128m[48;2;214;80;128m▀[0m[38;2;214;80;128m[48;2;214;80;128m▀[0m[38;2;215;81;129m[48;2;215;81;129m▀[0m[38;2;215;81;129m[48;2;66;65;66m▀[0m[38;2;215;81;129m[48;2;66;65;66m▀[0m[38;2;215;81;129m[48;2;66;65;66m▀[0m[38;2;179;45;93m[48;2;179;45;93m▀[0m[38;2;0;4;0m[48;2;179;45;93m▀[0m[38;2;0;4;0m▄[38;2;0;4;0m▄[38;2;0;4;0m▄     
 [38;2;0;4;0m▀[38;2;231;190;6m[48;2;0;4;0m▀[0m[38;2;174;142;1m[48;2;231;190;6m▀[0m[38;2;174;142;1m[48;2;231;190;6m▀[0m[38;2;66;65;66m[48;2;66;65;66m▀[0m[38;2;231;235;239m[48;2;231;235;239m▀[0m[38;2;116;1;42m[48;2;11;8;1m▀[0m[38;2;166;32;80m[48;2;208;74;122m▀[0m[38;2;255;203;49m[48;2;150;16;64m▀[0m[38;2;192;159;73m[48;2;150;16;64m▀[0m[38;2;150;16;64m[48;2;215;81;129m▀[0m[38;2;215;81;129m[48;2;215;81;129m▀[0m[38;2;220;86;134m[48;2;54;59;60m▀[0m[38;2;54;59;60m[48;2;8;16;0m▀[0m[38;2;107;44;49m[48;2;202;138;1m▀[0m[38;2;255;251;247m[48;2;255;251;247m▀[0m[38;2;70;59;63m[48;2;70;59;63m▀[0m[38;2;176;42;90m[48;2;157;23;71m▀[0m[38;2;163;29;77m[48;2;60;71;76m▀[0m[38;2;60;71;76m[48;2;255;214;30m▀[0m[38;2;66;44;49m[48;2;198;162;1m▀[0m[38;2;255;215;31m[48;2;198;162;1m▀[0m[38;2;255;227;43m[48;2;177;146;1m▀[0m[38;2;0;4;0m[48;2;255;227;43m▀[0m[38;2;0;4;0m[48;2;255;227;43m▀[0m[38;2;0;4;0m[48;2;255;227;43m▀[0m[38;2;0;4;0m▄ 
   [38;2;0;4;0m▀[38;2;0;4;0m▀[38;2;0;4;0m▀[38;2;66;64;66m[48;2;0;4;0m▀[0m[38;2;202;138;1m[48;2;191;57;105m▀[0m[38;2;191;57;105m[48;2;191;57;105m▀[0m[38;2;215;81;129m[48;2;66;65;66m▀[0m[38;2;215;81;129m[48;2;215;81;129m▀[0m[38;2;215;81;129m[48;2;215;81;129m▀[0m[38;2;66;65;66m[48;2;215;81;129m▀[0m[38;2;247;247;247m[48;2;82;82;82m▀[0m[38;2;0;0;0m[48;2;82;82;82m▀[0m[38;2;208;143;1m[48;2;66;73;82m▀[0m[38;2;66;73;82m[48;2;115;79;87m▀[0m[38;2;179;45;93m[48;2;179;45;93m▀[0m[38;2;179;45;93m[48;2;0;4;0m▀[0m[38;2;0;4;0m▀[38;2;0;4;0m▀[38;2;231;190;6m[48;2;0;4;0m▀[0m[38;2;231;190;6m[48;2;0;4;0m▀[0m[38;2;231;190;6m[48;2;0;4;0m▀[0m[38;2;231;190;6m[48;2;0;4;0m▀[0m[38;2;0;4;0m▀[38;2;0;4;0m▀  
       [38;2;0;4;0m▀[38;2;179;45;93m[48;2;0;4;0m▀[0m[38;2;179;45;93m[48;2;140;6;54m▀[0m[38;2;179;45;93m[48;2;179;45;93m▀[0m[38;2;179;45;93m[48;2;95;44;62m▀[0m[38;2;179;45;93m[48;2;95;44;62m▀[0m[38;2;169;35;83m[48;2;255;255;255m▀[0m[38;2;169;35;83m[48;2;169;35;83m▀[0m[38;2;179;45;93m[48;2;66;65;66m▀[0m[38;2;179;45;93m[48;2;66;65;66m▀[0m[38;2;66;65;66m[48;2;232;191;7m▀[0m[38;2;232;191;7m[48;2;232;191;7m▀[0m[38;2;0;4;0m[48;2;0;4;0m▀[0m         
       [38;2;0;4;0m▄[38;2;0;4;0m[48;2;179;45;93m▀[0m[38;2;247;206;22m[48;2;66;65;66m▀[0m[38;2;140;6;54m[48;2;255;218;34m▀[0m[38;2;139;5;53m[48;2;221;182;1m▀[0m[38;2;139;5;53m[48;2;255;221;37m▀[0m[38;2;139;5;53m[48;2;255;221;37m▀[0m[38;2;139;5;53m[48;2;221;182;1m▀[0m[38;2;255;226;42m[48;2;255;226;42m▀[0m[38;2;255;226;42m[48;2;255;226;42m▀[0m[38;2;225;184;0m[48;2;255;233;49m▀[0m[38;2;225;184;0m[48;2;8;0;8m▀[0m[38;2;128;1;46m[48;2;215;81;129m▀[0m[38;2;8;12;0m[48;2;215;81;129m▀[0m[38;2;0;4;0m▄       
     [38;2;0;4;0m▄[38;2;0;4;0m[48;2;189;190;189m▀[0m[38;2;179;45;93m[48;2;179;45;93m▀[0m[38;2;179;45;93m[48;2;0;0;0m▀[0m[38;2;0;0;0m▀[38;2;0;0;0m▀[38;2;255;231;47m[48;2;0;16;16m▀[0m[38;2;255;231;47m[48;2;125;1;45m▀[0m[38;2;255;227;43m[48;2;140;6;54m▀[0m[38;2;255;227;43m[48;2;140;6;54m▀[0m[38;2;144;10;58m[48;2;144;10;58m▀[0m[38;2;144;10;58m[48;2;215;81;129m▀[0m[38;2;0;0;0m[48;2;0;0;0m▀[0m [38;2;0;0;0m[48;2;0;0;0m▀[0m[38;2;215;81;129m[48;2;215;81;129m▀[0m[38;2;243;123;160m[48;2;79;81;95m▀[0m[38;2;0;0;16m[48;2;239;243;255m▀[0m[38;2;0;4;0m▄[38;2;0;4;0m▄    
   [38;2;0;4;0m▄[38;2;0;4;0m[48;2;189;190;189m▀[0m[38;2;189;190;189m[48;2;66;65;66m▀[0m[38;2;189;190;189m[48;2;189;190;189m▀[0m[38;2;0;0;0m[48;2;0;0;0m▀[0m  [38;2;0;0;0m▄[38;2;0;0;0m[48;2;215;81;129m▀[0m[38;2;215;81;129m[48;2;215;81;129m▀[0m[38;2;214;80;128m[48;2;214;80;128m▀[0m[38;2;214;80;128m[48;2;214;80;128m▀[0m[38;2;214;80;128m[48;2;214;80;128m▀[0m[38;2;214;80;128m[48;2;214;80;128m▀[0m[38;2;0;0;0m[48;2;215;81;129m▀[0m[38;2;0;0;0m▄ [38;2;0;4;0m[48;2;0;4;0m▀[0m[38;2;191;171;178m[48;2;255;255;255m▀[0m[38;2;255;255;255m[48;2;255;255;255m▀[0m[38;2;255;255;255m[48;2;129;139;161m▀[0m[38;2;129;139;161m[48;2;255;255;255m▀[0m[38;2;0;4;0m[48;2;0;4;0m▀[0m   
   [38;2;0;0;0m▀[38;2;189;190;189m[48;2;0;0;0m▀[0m[38;2;63;63;63m[48;2;189;190;189m▀[0m[38;2;0;0;0m[48;2;0;0;0m▀[0m  [38;2;0;0;0m[48;2;0;0;0m▀[0m[38;2;215;81;129m[48;2;215;81;129m▀[0m[38;2;220;86;134m[48;2;128;1;46m▀[0m[38;2;174;40;88m[48;2;8;8;8m▀[0m[38;2;0;0;0m▀[38;2;0;0;0m▀[38;2;215;81;129m[48;2;0;0;0m▀[0m[38;2;215;81;129m[48;2;215;81;129m▀[0m[38;2;215;81;129m[48;2;215;81;129m▀[0m[38;2;0;0;0m[48;2;0;0;0m▀[0m [38;2;0;4;0m▀[38;2;255;255;255m[48;2;0;12;8m▀[0m[38;2;127;133;131m[48;2;255;255;255m▀[0m[38;2;255;255;255m[48;2;135;145;148m▀[0m[38;2;135;145;148m[48;2;135;145;148m▀[0m[38;2;255;255;255m[48;2;255;255;255m▀[0m[38;2;0;4;0m[48;2;0;4;0m▀[0m  
     [38;2;0;0;0m▀[38;2;0;0;0m▀ [38;2;0;0;0m▄[38;2;0;0;0m[48;2;179;45;93m▀[0m[38;2;179;45;93m[48;2;179;45;93m▀[0m[38;2;179;45;93m[48;2;179;45;93m▀[0m[38;2;0;0;0m[48;2;179;45;93m▀[0m[38;2;0;0;0m▄  [38;2;0;0;0m[48;2;0;0;0m▀[0m[38;2;179;45;93m[48;2;179;45;93m▀[0m[38;2;66;65;66m[48;2;179;45;93m▀[0m[38;2;0;0;0m[48;2;0;0;0m▀[0m [38;2;0;4;0m▀[38;2;255;255;255m[48;2;0;4;0m▀[0m[38;2;127;133;131m[48;2;0;12;8m▀[0m[38;2;255;255;255m[48;2;255;255;255m▀[0m[38;2;140;146;148m[48;2;0;4;0m▀[0m[38;2;0;4;0m▀  
       [38;2;0;0;0m▀[38;2;189;190;189m[48;2;0;0;0m▀[0m[38;2;63;63;63m[48;2;0;0;0m▀[0m[38;2;189;190;189m[48;2;0;0;0m▀[0m[38;2;0;0;0m▀[38;2;0;0;0m▀ [38;2;0;0;0m▄[38;2;0;0;0m[48;2;239;243;255m▀[0m[38;2;159;162;170m[48;2;79;81;85m▀[0m[38;2;159;105;127m[48;2;123;123;127m▀[0m[38;2;148;95;116m[48;2;66;60;66m▀[0m[38;2;123;123;127m[48;2;247;247;255m▀[0m[38;2;0;0;0m[48;2;0;0;0m▀[0m   [38;2;0;4;0m▀    
               [38;2;0;0;0m▀[38;2;0;0;0m▀[38;2;255;255;255m[48;2;0;0;0m▀[0m[38;2;0;0;0m▀[38;2;0;0;0m▀         
                                     [0m                                     