                   [38;2;177;122;176m▄[38;2;177;122;176m[48;2;177;122;176m▀[0m[38;2;177;122;176m[48;2;255;195;240m▀[0m[38;2;177;122;176m[48;2;255;195;240m▀[0m[38;2;177;122;176m▄[38;2;177;122;176m▄                        
                  [38;2;177;122;176m▄[38;2;177;122;176m[48;2;255;195;240m▀[0m[38;2;255;195;240m[48;2;255;195;240m▀[0m[38;2;255;195;240m[48;2;255;195;240m▀[0m[38;2;255;195;240m[48;2;255;195;240m▀[0m[38;2;255;195;240m[48;2;255;195;240m▀[0m[38;2;255;195;240m[48;2;255;195;240m▀[0m[38;2;177;122;176m[48;2;255;195;240m▀[0m[38;2;177;122;176m▄                      
                  [38;2;177;122;176m▀[38;2;255;195;240m[48;2;177;122;176m▀[0m[38;2;255;195;240m[48;2;255;195;240m▀[0m[38;2;255;195;240m[48;2;255;195;240m▀[0m[38;2;255;195;240m[48;2;255;195;240m▀[0m[38;2;255;195;240m[48;2;255;195;240m▀[0m[38;2;255;195;240m[48;2;255;195;240m▀[0m[38;2;255;195;240m[48;2;177;122;176m▀[0m[38;2;177;122;176m▀      [38;2;177;122;176m▄[38;2;177;122;176m[48;2;216;158;208m▀[0m[38;2;177;122;176m[48;2;216;158;208m▀[0m[38;2;177;122;176m▄[38;2;177;122;176m▄           
  [38;2;177;122;176m▄[38;2;177;122;176m▄[38;2;177;122;176m▄[38;2;177;122;176m[48;2;255;195;240m▀[0m[38;2;177;122;176m[48;2;255;195;240m▀[0m[38;2;177;122;176m▄            [38;2;177;122;176m▀[38;2;177;122;176m▀[38;2;255;195;240m[48;2;177;122;176m▀[0m[38;2;177;122;176m▀[38;2;177;122;176m▀       [38;2;177;122;176m[48;2;177;122;176m▀[0m[38;2;216;158;208m[48;2;216;158;208m▀[0m[38;2;216;158;208m[48;2;216;158;208m▀[0m[38;2;216;158;208m[48;2;216;158;208m▀[0m[38;2;216;158;208m[48;2;216;158;208m▀[0m[38;2;216;158;208m[48;2;216;158;208m▀[0m[38;2;177;122;176m[48;2;177;122;176m▀[0m          
 [38;2;177;122;176m[48;2;177;122;176m▀[0m[38;2;177;122;176m[48;2;255;195;240m▀[0m[38;2;255;195;240m[48;2;255;195;240m▀[0m[38;2;255;195;240m[48;2;255;195;240m▀[0m[38;2;255;195;240m[48;2;255;195;240m▀[0m[38;2;255;195;240m[48;2;255;195;240m▀[0m[38;2;255;195;240m[48;2;255;195;240m▀[0m[38;2;177;122;176m[48;2;177;122;176m▀[0m       [38;2;0;0;0m▄[38;2;0;4;0m▄               [38;2;177;122;176m[48;2;177;122;176m▀[0m[38;2;216;158;208m[48;2;216;158;208m▀[0m[38;2;216;158;208m[48;2;177;122;176m▀[0m[38;2;216;158;208m[48;2;177;122;176m▀[0m[38;2;216;158;208m[48;2;177;122;176m▀[0m[38;2;177;122;176m▀          
 [38;2;177;122;176m[48;2;177;122;176m▀[0m[38;2;255;195;240m[48;2;255;195;240m▀[0m[38;2;255;195;240m[48;2;255;195;240m▀[0m[38;2;255;195;240m[48;2;255;195;240m▀[0m[38;2;255;195;240m[48;2;255;195;240m▀[0m[38;2;255;195;240m[48;2;255;195;240m▀[0m[38;2;177;122;176m[48;2;255;195;240m▀[0m[38;2;177;122;176m[48;2;255;195;240m▀[0m[38;2;177;122;176m▄    [38;2;0;4;0m[48;2;0;4;0m▀[0m[38;2;59;100;90m[48;2;117;228;196m▀[0m[38;2;119;207;187m[48;2;84;136;123m▀[0m[38;2;117;228;196m[48;2;84;136;123m▀[0m[38;2;0;4;0m[48;2;84;136;123m▀[0m[38;2;0;4;0m▄[38;2;0;4;0m▄ [38;2;0;4;0m▄[38;2;0;4;0m▄    [38;2;0;4;0m▄[38;2;0;4;0m[48;2;95;186;173m▀[0m[38;2;0;4;0m[48;2;95;186;173m▀[0m[38;2;0;4;0m[48;2;43;71;69m▀[0m[38;2;8;8;0m▄[38;2;0;4;0m▄[38;2;177;122;176m▀ [38;2;0;4;0m▄[38;2;0;4;0m▄           
  [38;2;177;122;176m▀[38;2;255;195;240m[48;2;177;122;176m▀[0m[38;2;255;195;240m[48;2;177;122;176m▀[0m[38;2;177;122;176m▀[38;2;177;122;176m▀[38;2;255;195;240m[48;2;177;122;176m▀[0m[38;2;255;195;240m[48;2;177;122;176m▀[0m[38;2;177;122;176m▀  [38;2;0;4;0m▄[38;2;0;4;0m▄[38;2;0;4;0m[48;2;117;228;196m▀[0m[38;2;84;136;123m[48;2;116;232;203m▀[0m[38;2;117;228;196m[48;2;116;232;203m▀[0m[38;2;117;228;196m[48;2;116;232;203m▀[0m[38;2;117;228;196m[48;2;116;232;203m▀[0m[38;2;117;228;196m[48;2;116;232;203m▀[0m[38;2;117;228;196m[48;2;116;232;203m▀[0m[38;2;0;4;0m[48;2;116;232;203m▀[0m[38;2;117;228;196m[48;2;116;232;203m▀[0m[38;2;117;228;196m[48;2;113;229;200m▀[0m[38;2;0;4;0m[48;2;90;167;152m▀[0m[38;2;0;4;0m▄ [38;2;0;4;0m▄[38;2;0;4;0m[48;2;117;228;196m▀[0m[38;2;78;137;128m[48;2;116;232;203m▀[0m[38;2;110;244;224m[48;2;116;232;203m▀[0m[38;2;117;228;210m[48;2;116;232;203m▀[0m[38;2;117;228;210m[48;2;116;232;203m▀[0m[38;2;117;228;196m[48;2;116;232;203m▀[0m[38;2;0;4;0m[48;2;116;232;203m▀[0m[38;2;0;4;0m[48;2;116;229;203m▀[0m[38;2;117;228;196m[48;2;79;161;175m▀[0m[38;2;56;57;58m[48;2;117;228;196m▀[0m[38;2;0;4;0m[48;2;0;4;0m▀[0m          
          [38;2;0;4;0m▄[38;2;0;4;0m[48;2;117;228;196m▀[0m[38;2;117;228;196m[48;2;117;228;196m▀[0m[38;2;117;228;196m[48;2;79;161;175m▀[0m[38;2;117;228;196m[48;2;116;229;203m▀[0m[38;2;116;232;203m[48;2;117;228;196m▀[0m[38;2;116;232;203m[48;2;117;228;196m▀[0m[38;2;116;232;203m[48;2;79;161;175m▀[0m[38;2;116;232;203m[48;2;116;229;203m▀[0m[38;2;116;232;203m[48;2;116;232;203m▀[0m[38;2;116;232;203m[48;2;116;232;203m▀[0m[38;2;116;232;203m[48;2;116;232;203m▀[0m[38;2;116;232;203m[48;2;116;232;203m▀[0m[38;2;78;137;128m[48;2;116;232;203m▀[0m[38;2;78;137;128m[48;2;116;232;203m▀[0m[38;2;117;228;196m[48;2;117;228;196m▀[0m[38;2;0;4;0m[48;2;66;65;66m▀[0m[38;2;117;228;196m[48;2;116;232;203m▀[0m[38;2;117;228;196m[48;2;116;232;203m▀[0m[38;2;116;232;203m[48;2;117;228;196m▀[0m[38;2;116;232;203m[48;2;117;228;196m▀[0m[38;2;116;232;203m[48;2;117;228;196m▀[0m[38;2;116;232;203m[48;2;117;228;196m▀[0m[38;2;116;232;203m[48;2;110;244;224m▀[0m[38;2;116;232;203m[48;2;92;167;149m▀[0m[38;2;116;229;203m[48;2;116;232;203m▀[0m[38;2;116;229;203m[48;2;116;232;203m▀[0m[38;2;0;4;0m[48;2;0;4;0m▀[0m           
          [38;2;0;4;0m▀[38;2;79;168;174m[48;2;0;0;8m▀[0m[38;2;79;168;174m[48;2;239;235;255m▀[0m[38;2;116;229;203m[48;2;116;232;203m▀[0m[38;2;116;229;203m[48;2;116;232;203m▀[0m[38;2;117;228;196m[48;2;116;229;203m▀[0m[38;2;65;121;122m[48;2;116;229;203m▀[0m[38;2;116;229;203m[48;2;57;134;122m▀[0m[38;2;116;229;203m[48;2;143;184;174m▀[0m[38;2;116;232;203m[48;2;117;228;196m▀[0m[38;2;116;232;203m[48;2;117;228;196m▀[0m[38;2;116;232;203m[48;2;116;232;203m▀[0m[38;2;116;232;203m[48;2;116;232;203m▀[0m[38;2;116;232;203m[48;2;116;232;203m▀[0m[38;2;116;232;203m[48;2;116;232;203m▀[0m[38;2;66;65;66m[48;2;66;65;66m▀[0m[38;2;117;228;196m[48;2;117;228;196m▀[0m[38;2;116;232;203m[48;2;116;232;203m▀[0m[38;2;116;232;203m[48;2;116;232;203m▀[0m[38;2;62;103;77m[48;2;42;137;126m▀[0m[38;2;62;103;77m[48;2;239;235;255m▀[0m[38;2;62;103;77m[48;2;255;255;255m▀[0m[38;2;62;103;77m[48;2;255;255;255m▀[0m[38;2;65;103;81m[48;2;0;0;16m▀[0m[38;2;65;103;81m[48;2;255;251;255m▀[0m[38;2;116;232;203m[48;2;116;232;203m▀[0m[38;2;116;232;203m[48;2;116;232;203m▀[0m[38;2;117;228;196m[48;2;85;87;90m▀[0m[38;2;0;4;0m[48;2;0;4;8m▀[0m          
          [38;2;0;4;0m[48;2;0;4;0m▀[0m[38;2;159;156;172m[48;2;117;228;196m▀[0m[38;2;159;156;172m[48;2;117;228;196m▀[0m[38;2;116;232;203m[48;2;116;232;203m▀[0m[38;2;116;232;203m[48;2;116;232;203m▀[0m[38;2;116;229;203m[48;2;116;229;203m▀[0m[38;2;79;161;175m[48;2;79;161;175m▀[0m[38;2;247;251;255m[48;2;255;255;255m▀[0m[38;2;57;134;122m[48;2;255;255;255m▀[0m[38;2;65;121;122m[48;2;0;4;0m▀[0m[38;2;65;121;122m[48;2;255;255;255m▀[0m[38;2;116;232;203m[48;2;65;120;122m▀[0m[38;2;116;232;203m[48;2;65;120;122m▀[0m[38;2;116;232;203m[48;2;117;228;196m▀[0m[38;2;116;232;203m[48;2;117;228;196m▀[0m[38;2;66;65;66m[48;2;66;65;66m▀[0m[38;2;117;228;196m[48;2;82;141;132m▀[0m[38;2;116;232;203m[48;2;117;228;196m▀[0m[38;2;116;232;203m[48;2;117;228;196m▀[0m[38;2;152;209;202m[48;2;117;228;196m▀[0m[38;2;98;171;162m[48;2;117;228;196m▀[0m[38;2;255;255;255m[48;2;117;228;196m▀[0m[38;2;255;255;255m[48;2;117;228;196m▀[0m[38;2;255;251;255m[48;2;113;229;200m▀[0m[38;2;170;167;175m[48;2;63;96;69m▀[0m[38;2;116;232;203m[48;2;66;99;79m▀[0m[38;2;116;232;203m[48;2;66;99;79m▀[0m[38;2;255;255;255m[48;2;79;161;175m▀[0m[38;2;0;4;8m[48;2;0;4;0m▀[0m   [38;2;177;122;176m▄[38;2;177;122;176m▄[38;2;177;122;176m▄    
         [38;2;0;4;0m[48;2;0;4;0m▀[0m[38;2;255;255;255m[48;2;198;195;206m▀[0m[38;2;62;103;77m[48;2;62;103;74m▀[0m[38;2;117;228;196m[48;2;62;103;74m▀[0m[38;2;116;232;203m[48;2;62;103;74m▀[0m[38;2;116;232;203m[48;2;62;103;74m▀[0m[38;2;116;229;203m[48;2;117;228;196m▀[0m[38;2;116;229;203m[48;2;117;228;196m▀[0m[38;2;79;167;175m[48;2;117;228;196m▀[0m[38;2;255;255;255m[48;2;117;228;196m▀[0m[38;2;255;255;255m[48;2;79;168;174m▀[0m[38;2;255;255;255m[48;2;79;168;174m▀[0m[38;2;255;255;255m[48;2;88;170;163m▀[0m[38;2;255;255;255m[48;2;105;245;229m▀[0m[38;2;88;140;127m[48;2;108;230;206m▀[0m[38;2;66;65;66m[48;2;57;65;57m▀[0m[38;2;108;230;206m[48;2;72;114;101m▀[0m[38;2;108;230;206m[48;2;103;232;212m▀[0m[38;2;84;136;123m[48;2;76;135;124m▀[0m[38;2;117;228;196m[48;2;83;174;161m▀[0m[38;2;117;228;196m[48;2;47;116;102m▀[0m[38;2;62;103;77m[48;2;255;243;255m▀[0m[38;2;62;103;77m[48;2;80;173;178m▀[0m[38;2;62;103;77m[48;2;80;173;178m▀[0m[38;2;63;96;69m[48;2;78;177;181m▀[0m[38;2;113;229;200m[48;2;78;177;181m▀[0m[38;2;78;165;178m[48;2;100;146;147m▀[0m[38;2;78;165;178m[48;2;100;146;147m▀[0m[38;2;0;4;0m[48;2;0;4;0m▀[0m  [38;2;177;122;176m▄[38;2;177;122;176m[48;2;255;195;240m▀[0m[38;2;255;195;240m[48;2;255;195;240m▀[0m[38;2;255;195;240m[48;2;255;195;240m▀[0m[38;2;255;195;240m[48;2;255;195;240m▀[0m[38;2;177;122;176m[48;2;255;195;240m▀[0m[38;2;177;122;176m[48;2;255;195;240m▀[0m[38;2;177;122;176m▄ 
      [38;2;177;122;176m▄[38;2;177;122;176m▄ [38;2;0;4;0m▀[38;2;66;67;63m[48;2;0;4;0m▀[0m[38;2;62;103;74m[48;2;108;230;206m▀[0m[38;2;189;60;90m[48;2;65;103;81m▀[0m[38;2;189;60;90m[48;2;198;85;99m▀[0m[38;2;189;60;90m[48;2;198;85;99m▀[0m[38;2;62;103;77m[48;2;170;125;123m▀[0m[38;2;62;103;77m[48;2;231;178;165m▀[0m[38;2;62;103;77m[48;2;231;178;165m▀[0m[38;2;117;228;196m[48;2;109;72;82m▀[0m[38;2;117;228;196m[48;2;62;104;74m▀[0m[38;2;117;228;196m[48;2;62;104;74m▀[0m[38;2;105;245;229m[48;2;68;92;75m▀[0m[38;2;65;106;86m[48;2;255;255;247m▀[0m[38;2;73;106;92m[48;2;189;60;90m▀[0m[38;2;108;230;206m[48;2;62;103;74m▀[0m[38;2;57;65;66m[48;2;80;173;178m▀[0m[38;2;57;65;66m[48;2;80;173;178m▀[0m[38;2;66;69;66m[48;2;81;167;171m▀[0m[38;2;83;174;161m[48;2;44;83;77m▀[0m[38;2;104;156;151m[48;2;0;4;0m▀[0m[38;2;104;156;151m[48;2;79;161;175m▀[0m[38;2;80;173;178m[48;2;107;126;130m▀[0m[38;2;80;173;178m[48;2;198;186;206m▀[0m[38;2;198;195;206m[48;2;89;193;187m▀[0m[38;2;198;195;206m[48;2;0;4;0m▀[0m[38;2;161;203;207m[48;2;0;4;0m▀[0m[38;2;39;90;88m[48;2;84;136;123m▀[0m[38;2;84;136;123m[48;2;56;57;58m▀[0m[38;2;0;4;0m[48;2;0;4;0m▀[0m [38;2;177;122;176m[48;2;177;122;176m▀[0m[38;2;177;122;176m[48;2;255;195;240m▀[0m[38;2;255;195;240m[48;2;255;195;240m▀[0m[38;2;255;195;240m[48;2;255;195;240m▀[0m[38;2;255;195;240m[48;2;255;195;240m▀[0m[38;2;255;195;240m[48;2;177;122;176m▀[0m[38;2;255;195;240m[48;2;255;195;240m▀[0m[38;2;177;122;176m[48;2;177;122;176m▀[0m 
    [38;2;177;122;176m▄[38;2;177;122;176m[48;2;216;158;208m▀[0m[38;2;216;158;208m[48;2;216;158;208m▀[0m[38;2;216;158;208m[48;2;216;158;208m▀[0m[38;2;177;122;176m[48;2;177;122;176m▀[0m [38;2;0;4;0m▀[38;2;108;230;206m[48;2;0;4;0m▀[0m[38;2;108;230;206m[48;2;91;182;169m▀[0m[38;2;60;101;68m[48;2;117;228;196m▀[0m[38;2;60;101;68m[48;2;117;228;196m▀[0m[38;2;109;72;82m[48;2;117;228;196m▀[0m[38;2;170;125;123m[48;2;62;103;77m▀[0m[38;2;170;125;123m[48;2;62;103;77m▀[0m[38;2;170;125;123m[48;2;62;103;77m▀[0m[38;2;206;109;107m[48;2;65;103;81m▀[0m[38;2;62;104;74m[48;2;65;103;81m▀[0m[38;2;197;199;197m[48;2;66;99;79m▀[0m[38;2;255;255;247m[48;2;66;99;79m▀[0m[38;2;62;103;74m[48;2;66;99;79m▀[0m[38;2;62;103;74m[48;2;78;165;178m▀[0m[38;2;80;173;178m[48;2;80;173;178m▀[0m[38;2;80;173;178m[48;2;80;173;178m▀[0m[38;2;81;167;171m[48;2;51;72;72m▀[0m[38;2;0;8;0m[48;2;0;8;0m▀[0m [38;2;0;4;0m▀[38;2;51;68;69m[48;2;0;4;0m▀[0m[38;2;51;68;69m[48;2;65;121;122m▀[0m[38;2;0;4;0m[48;2;0;4;0m▀[0m  [38;2;0;4;0m▀[38;2;0;4;0m▀ [38;2;177;122;176m[48;2;177;122;176m▀[0m[38;2;255;195;240m[48;2;255;195;240m▀[0m[38;2;255;195;240m[48;2;255;195;240m▀[0m[38;2;255;195;240m[48;2;255;195;240m▀[0m[38;2;255;195;240m[48;2;255;195;240m▀[0m[38;2;255;195;240m[48;2;255;195;240m▀[0m[38;2;255;195;240m[48;2;255;195;240m▀[0m[38;2;177;122;176m[48;2;177;122;176m▀[0m  
    [38;2;177;122;176m▀[38;2;216;158;208m[48;2;177;122;176m▀[0m[38;2;216;158;208m[48;2;177;122;176m▀[0m[38;2;177;122;176m▀  [38;2;0;4;0m▄[38;2;0;4;0m[48;2;65;121;122m▀[0m[38;2;47;88;80m[48;2;58;58;58m▀[0m[38;2;89;193;179m[48;2;198;195;206m▀[0m[38;2;89;193;179m[48;2;198;195;206m▀[0m[38;2;117;228;196m[48;2;198;195;206m▀[0m[38;2;117;228;196m[48;2;78;177;181m▀[0m[38;2;117;228;196m[48;2;81;168;174m▀[0m[38;2;117;228;196m[48;2;81;168;174m▀[0m[38;2;110;244;224m[48;2;78;177;181m▀[0m[38;2;92;167;149m[48;2;78;177;181m▀[0m[38;2;78;165;178m[48;2;78;177;181m▀[0m[38;2;78;165;178m[48;2;78;177;181m▀[0m[38;2;78;165;178m[48;2;80;173;178m▀[0m[38;2;78;165;178m[48;2;80;173;178m▀[0m[38;2;80;173;178m[48;2;79;161;175m▀[0m[38;2;80;173;178m[48;2;0;4;0m▀[0m[38;2;51;72;72m[48;2;0;4;0m▀[0m[38;2;71;108;110m[48;2;65;121;122m▀[0m[38;2;0;4;0m[48;2;58;58;58m▀[0m[38;2;0;4;0m[48;2;65;121;122m▀[0m[38;2;65;121;122m[48;2;65;120;122m▀[0m[38;2;65;121;122m[48;2;65;120;122m▀[0m[38;2;56;57;58m[48;2;65;121;122m▀[0m[38;2;0;4;0m[48;2;0;4;0m▀[0m     [38;2;177;122;176m▀[38;2;255;195;240m[48;2;177;122;176m▀[0m[38;2;255;195;240m[48;2;177;122;176m▀[0m[38;2;255;195;240m[48;2;177;122;176m▀[0m[38;2;255;195;240m[48;2;177;122;176m▀[0m[38;2;177;122;176m▀   
     [38;2;177;122;176m▄[38;2;177;122;176m▄ [38;2;177;122;176m▄[38;2;177;122;176m▄[38;2;0;4;0m▀[38;2;58;58;58m[48;2;0;4;0m▀[0m[38;2;65;121;122m[48;2;0;4;0m▀[0m[38;2;0;4;16m▀[38;2;132;131;142m[48;2;0;4;0m▀[0m[38;2;198;195;206m[48;2;0;4;0m▀[0m[38;2;198;195;206m[48;2;89;193;187m▀[0m[38;2;108;230;206m[48;2;198;186;206m▀[0m[38;2;81;168;174m[48;2;107;126;130m▀[0m[38;2;78;177;181m[48;2;198;182;198m▀[0m[38;2;198;195;206m[48;2;114;145;142m▀[0m[38;2;198;195;206m[48;2;86;182;184m▀[0m[38;2;78;177;181m[48;2;60;101;68m▀[0m[38;2;80;173;178m[48;2;56;57;58m▀[0m[38;2;80;173;178m[48;2;0;4;0m▀[0m[38;2;0;4;0m▀  [38;2;0;4;0m▀[38;2;58;58;58m[48;2;0;4;0m▀[0m[38;2;65;121;122m[48;2;56;57;58m▀[0m[38;2;65;120;122m[48;2;65;121;122m▀[0m[38;2;65;120;122m[48;2;65;121;122m▀[0m[38;2;65;121;122m[48;2;0;4;0m▀[0m[38;2;0;4;0m▀              
  [38;2;177;122;176m▄[38;2;177;122;176m[48;2;255;195;240m▀[0m[38;2;177;122;176m[48;2;255;195;240m▀[0m[38;2;255;195;240m[48;2;255;195;240m▀[0m[38;2;255;195;240m[48;2;255;195;240m▀[0m[38;2;177;122;176m[48;2;255;195;240m▀[0m[38;2;255;195;240m[48;2;177;122;176m▀[0m[38;2;177;122;176m▀      [38;2;0;4;0m▀[38;2;0;0;8m▀[38;2;51;68;69m[48;2;0;4;0m▀[0m[38;2;58;109;81m[48;2;46;79;77m▀[0m[38;2;58;109;81m[48;2;85;161;165m▀[0m[38;2;60;101;68m[48;2;88;173;163m▀[0m[38;2;86;182;184m[48;2;61;113;105m▀[0m[38;2;0;4;0m[48;2;0;4;0m▀[0m      [38;2;0;4;0m▀[38;2;0;4;0m▀[38;2;0;4;0m▀ [38;2;177;122;176m▄[38;2;177;122;176m[48;2;216;158;208m▀[0m[38;2;177;122;176m▄[38;2;177;122;176m▄           
 [38;2;177;122;176m[48;2;177;122;176m▀[0m[38;2;255;195;240m[48;2;255;195;240m▀[0m[38;2;255;195;240m[48;2;255;195;240m▀[0m[38;2;255;195;240m[48;2;255;195;240m▀[0m[38;2;255;195;240m[48;2;255;195;240m▀[0m[38;2;255;195;240m[48;2;255;195;240m▀[0m[38;2;255;195;240m[48;2;255;195;240m▀[0m[38;2;255;195;240m[48;2;255;195;240m▀[0m[38;2;177;122;176m[48;2;177;122;176m▀[0m         [38;2;0;8;0m▀[38;2;0;8;0m▀[38;2;0;8;0m▀[38;2;0;8;0m▀          [38;2;177;122;176m▄[38;2;177;122;176m[48;2;216;158;208m▀[0m[38;2;216;158;208m[48;2;216;158;208m▀[0m[38;2;216;158;208m[48;2;216;158;208m▀[0m[38;2;216;158;208m[48;2;216;158;208m▀[0m[38;2;177;122;176m[48;2;177;122;176m▀[0m          
 [38;2;177;122;176m▀[38;2;255;195;240m[48;2;177;122;176m▀[0m[38;2;255;195;240m[48;2;255;195;240m▀[0m[38;2;255;195;240m[48;2;255;195;240m▀[0m[38;2;255;195;240m[48;2;255;195;240m▀[0m[38;2;255;195;240m[48;2;255;195;240m▀[0m[38;2;255;195;240m[48;2;255;195;240m▀[0m[38;2;255;195;240m[48;2;177;122;176m▀[0m[38;2;177;122;176m▀            [38;2;177;122;176m▄[38;2;177;122;176m[48;2;255;195;240m▀[0m[38;2;177;122;176m▄[38;2;177;122;176m[48;2;255;195;240m▀[0m[38;2;177;122;176m[48;2;255;195;240m▀[0m[38;2;177;122;176m[48;2;255;195;240m▀[0m[38;2;177;122;176m▄    [38;2;177;122;176m▀[38;2;216;158;208m[48;2;177;122;176m▀[0m[38;2;216;158;208m[48;2;177;122;176m▀[0m[38;2;216;158;208m[48;2;177;122;176m▀[0m[38;2;177;122;176m▀           
   [38;2;177;122;176m▀[38;2;255;195;240m[48;2;177;122;176m▀[0m[38;2;255;195;240m[48;2;177;122;176m▀[0m[38;2;255;195;240m[48;2;177;122;176m▀[0m[38;2;177;122;176m▀           [38;2;177;122;176m▄[38;2;177;122;176m[48;2;255;195;240m▀[0m[38;2;177;122;176m[48;2;255;195;240m▀[0m[38;2;255;195;240m[48;2;255;195;240m▀[0m[38;2;255;195;240m[48;2;255;195;240m▀[0m[38;2;255;195;240m[48;2;255;195;240m▀[0m[38;2;255;195;240m[48;2;255;195;240m▀[0m[38;2;255;195;240m[48;2;255;195;240m▀[0m[38;2;255;195;240m[48;2;255;195;240m▀[0m[38;2;255;195;240m[48;2;255;195;240m▀[0m[38;2;177;122;176m[48;2;177;122;176m▀[0m                   
                  [38;2;177;122;176m[48;2;177;122;176m▀[0m[38;2;255;195;240m[48;2;255;195;240m▀[0m[38;2;255;195;240m[48;2;255;195;240m▀[0m[38;2;255;195;240m[48;2;255;195;240m▀[0m[38;2;255;195;240m[48;2;255;195;240m▀[0m[38;2;255;195;240m[48;2;255;195;240m▀[0m[38;2;255;195;240m[48;2;255;195;240m▀[0m[38;2;255;195;240m[48;2;177;122;176m▀[0m[38;2;255;195;240m[48;2;255;195;240m▀[0m[38;2;255;195;240m[48;2;255;195;240m▀[0m[38;2;177;122;176m[48;2;177;122;176m▀[0m                    
                   [38;2;177;122;176m▀[38;2;255;195;240m[48;2;177;122;176m▀[0m[38;2;255;195;240m[48;2;255;195;240m▀[0m[38;2;255;195;240m[48;2;255;195;240m▀[0m[38;2;255;195;240m[48;2;255;195;240m▀[0m[38;2;255;195;240m[48;2;177;122;176m▀[0m[38;2;177;122;176m▀[38;2;177;122;176m▀[38;2;177;122;176m▀                     
                     [38;2;177;122;176m▀[38;2;177;122;176m▀[38;2;177;122;176m▀                         
                                     [0m                                     