           [38;2;0;4;0m▄[38;2;0;4;0m▄[38;2;0;4;0m▄[38;2;0;4;0m▄   [38;2;0;4;0m▄[38;2;0;4;0m[48;2;246;245;237m▀[0m[38;2;0;4;0m[48;2;246;245;237m▀[0m[38;2;0;4;0m▄               
        [38;2;0;4;0m▄[38;2;0;4;0m[48;2;246;245;237m▀[0m[38;2;0;4;0m[48;2;246;245;237m▀[0m[38;2;246;245;237m[48;2;246;245;237m▀[0m[38;2;246;245;237m[48;2;246;245;237m▀[0m[38;2;246;245;237m[48;2;246;245;237m▀[0m[38;2;246;245;237m[48;2;246;245;237m▀[0m[38;2;0;4;0m[48;2;246;245;237m▀[0m[38;2;0;4;0m[48;2;246;245;237m▀[0m[38;2;0;4;0m[48;2;100;99;91m▀[0m[38;2;246;245;237m[48;2;246;245;237m▀[0m[38;2;246;245;237m[48;2;246;245;237m▀[0m[38;2;246;245;237m[48;2;246;245;237m▀[0m[38;2;0;4;0m[48;2;89;88;80m▀[0m[38;2;16;8;0m▄[38;2;0;4;0m[48;2;246;245;237m▀[0m[38;2;0;4;0m[48;2;246;245;237m▀[0m[38;2;0;4;0m[48;2;246;245;237m▀[0m[38;2;0;4;0m[48;2;246;245;237m▀[0m[38;2;0;4;0m[48;2;246;245;237m▀[0m[38;2;0;4;0m▄[38;2;0;4;0m▄       
      [38;2;0;4;0m▄[38;2;0;4;0m[48;2;246;245;237m▀[0m[38;2;246;245;237m[48;2;246;245;237m▀[0m[38;2;246;245;237m[48;2;246;245;237m▀[0m[38;2;246;245;237m[48;2;246;245;237m▀[0m[38;2;246;245;237m[48;2;246;245;237m▀[0m[38;2;246;245;237m[48;2;246;245;237m▀[0m[38;2;246;245;237m[48;2;246;245;237m▀[0m[38;2;246;245;237m[48;2;246;245;237m▀[0m[38;2;246;245;237m[48;2;246;245;237m▀[0m[38;2;246;245;237m[48;2;246;245;237m▀[0m[38;2;100;99;91m[48;2;246;245;237m▀[0m[38;2;246;245;237m[48;2;185;184;176m▀[0m[38;2;246;245;237m[48;2;246;245;237m▀[0m[38;2;100;99;91m[48;2;246;245;237m▀[0m[38;2;245;244;236m[48;2;246;245;237m▀[0m[38;2;245;244;236m[48;2;246;245;237m▀[0m[38;2;246;245;237m[48;2;246;245;237m▀[0m[38;2;246;245;237m[48;2;246;245;237m▀[0m[38;2;246;245;237m[48;2;246;245;237m▀[0m[38;2;246;245;237m[48;2;246;245;237m▀[0m[38;2;246;245;237m[48;2;246;245;237m▀[0m[38;2;246;245;237m[48;2;246;245;237m▀[0m[38;2;246;245;237m[48;2;246;245;237m▀[0m[38;2;0;4;0m[48;2;246;245;237m▀[0m[38;2;0;4;0m▄     
   [38;2;0;4;0m▄[38;2;0;4;0m▄[38;2;16;8;0m▄[38;2;0;4;0m[48;2;245;244;236m▀[0m[38;2;246;245;237m[48;2;246;245;237m▀[0m[38;2;246;245;237m[48;2;246;245;237m▀[0m[38;2;246;245;237m[48;2;77;76;68m▀[0m[38;2;100;99;91m[48;2;246;245;237m▀[0m[38;2;100;99;91m[48;2;246;245;237m▀[0m[38;2;246;245;237m[48;2;100;99;91m▀[0m[38;2;246;245;237m[48;2;246;245;237m▀[0m[38;2;246;245;237m[48;2;246;245;237m▀[0m[38;2;246;245;237m[48;2;246;245;237m▀[0m[38;2;246;245;237m[48;2;246;245;237m▀[0m[38;2;246;245;237m[48;2;246;245;237m▀[0m[38;2;246;245;237m[48;2;246;245;237m▀[0m[38;2;246;245;237m[48;2;246;245;237m▀[0m[38;2;246;245;237m[48;2;246;245;237m▀[0m[38;2;246;245;237m[48;2;246;245;237m▀[0m[38;2;246;245;237m[48;2;100;99;91m▀[0m[38;2;246;245;237m[48;2;100;99;91m▀[0m[38;2;246;245;237m[48;2;246;245;237m▀[0m[38;2;246;245;237m[48;2;246;245;237m▀[0m[38;2;246;245;237m[48;2;246;245;237m▀[0m[38;2;246;245;237m[48;2;246;245;237m▀[0m[38;2;246;245;237m[48;2;246;245;237m▀[0m[38;2;246;245;237m[48;2;246;245;237m▀[0m[38;2;246;245;237m[48;2;246;245;237m▀[0m[38;2;246;245;237m[48;2;246;245;237m▀[0m[38;2;0;4;0m[48;2;0;4;0m▀[0m    
  [38;2;0;4;0m[48;2;0;4;0m▀[0m[38;2;246;245;237m[48;2;246;245;237m▀[0m[38;2;246;245;237m[48;2;246;245;237m▀[0m[38;2;245;244;236m[48;2;246;245;237m▀[0m[38;2;89;88;80m[48;2;246;245;237m▀[0m[38;2;246;245;237m[48;2;245;244;236m▀[0m[38;2;246;245;237m[48;2;66;65;66m▀[0m[38;2;77;76;68m[48;2;248;247;239m▀[0m[38;2;77;76;68m[48;2;248;247;239m▀[0m[38;2;246;245;237m[48;2;100;99;91m▀[0m[38;2;246;245;237m[48;2;246;245;237m▀[0m[38;2;246;245;237m[48;2;246;245;237m▀[0m[38;2;246;245;237m[48;2;246;245;237m▀[0m[38;2;246;245;237m[48;2;246;245;237m▀[0m[38;2;246;245;237m[48;2;246;245;237m▀[0m[38;2;246;245;237m[48;2;246;245;237m▀[0m[38;2;246;245;237m[48;2;246;245;237m▀[0m[38;2;246;245;237m[48;2;246;245;237m▀[0m[38;2;246;245;237m[48;2;246;245;237m▀[0m[38;2;100;99;91m[48;2;246;245;237m▀[0m[38;2;246;245;237m[48;2;246;245;237m▀[0m[38;2;246;245;237m[48;2;82;81;73m▀[0m[38;2;100;99;91m[48;2;82;81;73m▀[0m[38;2;246;245;237m[48;2;66;65;66m▀[0m[38;2;246;245;237m[48;2;245;244;236m▀[0m[38;2;246;245;237m[48;2;246;245;237m▀[0m[38;2;246;245;237m[48;2;246;245;237m▀[0m[38;2;246;245;237m[48;2;246;245;237m▀[0m[38;2;246;245;237m[48;2;246;245;237m▀[0m[38;2;246;245;237m[48;2;246;245;237m▀[0m[38;2;246;245;237m[48;2;100;99;91m▀[0m[38;2;0;4;0m[48;2;246;245;237m▀[0m[38;2;0;4;0m[48;2;246;245;237m▀[0m[38;2;0;4;0m▄ 
   [38;2;0;4;0m▀[38;2;246;245;237m[48;2;0;4;0m▀[0m[38;2;246;245;237m[48;2;100;99;91m▀[0m[38;2;246;245;237m[48;2;246;245;237m▀[0m[38;2;66;65;66m[48;2;66;65;66m▀[0m[38;2;186;185;177m[48;2;186;185;177m▀[0m[38;2;188;187;179m[48;2;66;65;66m▀[0m[38;2;69;68;60m[48;2;185;184;176m▀[0m[38;2;246;245;237m[48;2;185;184;176m▀[0m[38;2;246;245;237m[48;2;104;103;95m▀[0m[38;2;246;245;237m[48;2;246;245;237m▀[0m[38;2;246;245;237m[48;2;246;245;237m▀[0m[38;2;246;245;237m[48;2;246;245;237m▀[0m[38;2;246;245;237m[48;2;246;245;237m▀[0m[38;2;246;245;237m[48;2;245;244;236m▀[0m[38;2;246;245;237m[48;2;185;184;176m▀[0m[38;2;246;245;237m[48;2;246;245;237m▀[0m[38;2;246;245;237m[48;2;246;245;237m▀[0m[38;2;246;245;237m[48;2;82;81;73m▀[0m[38;2;246;245;237m[48;2;242;241;233m▀[0m[38;2;242;241;233m[48;2;185;184;176m▀[0m[38;2;188;187;179m[48;2;185;184;176m▀[0m[38;2;186;185;177m[48;2;186;185;177m▀[0m[38;2;66;65;66m[48;2;66;65;66m▀[0m[38;2;246;245;237m[48;2;246;245;237m▀[0m[38;2;246;245;237m[48;2;246;245;237m▀[0m[38;2;246;245;237m[48;2;185;184;176m▀[0m[38;2;246;245;237m[48;2;185;184;176m▀[0m[38;2;246;245;237m[48;2;246;245;237m▀[0m[38;2;246;245;237m[48;2;246;245;237m▀[0m[38;2;246;245;237m[48;2;246;245;237m▀[0m[38;2;246;245;237m[48;2;0;4;0m▀[0m[38;2;0;4;0m▀ 
  [38;2;0;4;0m▄[38;2;0;4;0m[48;2;246;245;237m▀[0m[38;2;246;245;237m[48;2;246;245;237m▀[0m[38;2;246;245;237m[48;2;246;245;237m▀[0m[38;2;246;245;237m[48;2;246;245;237m▀[0m[38;2;245;244;236m[48;2;66;65;66m▀[0m[38;2;66;65;66m[48;2;63;181;236m▀[0m[38;2;66;65;66m[48;2;63;181;236m▀[0m[38;2;185;184;176m[48;2;66;65;66m▀[0m[38;2;63;62;54m[48;2;66;65;57m▀[0m[38;2;185;184;176m[48;2;183;182;174m▀[0m[38;2;185;184;176m[48;2;185;184;176m▀[0m[38;2;246;245;237m[48;2;185;184;176m▀[0m[38;2;246;245;237m[48;2;185;184;176m▀[0m[38;2;246;245;237m[48;2;185;184;176m▀[0m[38;2;185;184;176m[48;2;183;182;174m▀[0m[38;2;69;68;60m[48;2;66;65;57m▀[0m[38;2;185;184;176m[48;2;66;65;66m▀[0m[38;2;185;184;176m[48;2;185;184;176m▀[0m[38;2;188;187;179m[48;2;66;65;66m▀[0m[38;2;82;81;73m[48;2;66;65;66m▀[0m[38;2;185;184;176m[48;2;66;65;66m▀[0m[38;2;185;184;176m[48;2;66;65;66m▀[0m[38;2;66;65;66m[48;2;63;181;236m▀[0m[38;2;245;244;236m[48;2;66;65;66m▀[0m[38;2;246;245;237m[48;2;246;245;237m▀[0m[38;2;185;184;176m[48;2;246;245;237m▀[0m[38;2;246;245;237m[48;2;246;245;237m▀[0m[38;2;246;245;237m[48;2;246;245;237m▀[0m[38;2;246;245;237m[48;2;246;245;237m▀[0m[38;2;100;99;91m[48;2;246;245;237m▀[0m[38;2;0;4;0m[48;2;246;245;237m▀[0m[38;2;247;247;222m[48;2;0;4;0m▀[0m  
 [38;2;0;4;0m▄[38;2;0;4;0m[48;2;246;245;237m▀[0m[38;2;246;245;237m[48;2;246;245;237m▀[0m[38;2;246;245;237m[48;2;246;245;237m▀[0m[38;2;246;245;237m[48;2;246;245;237m▀[0m[38;2;66;65;66m[48;2;66;65;66m▀[0m[38;2;63;181;236m[48;2;63;181;236m▀[0m[38;2;63;181;236m[48;2;66;65;66m▀[0m[38;2;66;65;66m[48;2;160;237;255m▀[0m[38;2;66;65;66m[48;2;160;237;255m▀[0m[38;2;124;123;115m[48;2;74;65;57m▀[0m[38;2;71;63;54m[48;2;255;250;209m▀[0m[38;2;185;184;176m[48;2;66;69;74m▀[0m[38;2;185;184;176m[48;2;66;69;74m▀[0m[38;2;185;184;176m[48;2;66;65;66m▀[0m[38;2;185;184;176m[48;2;66;65;66m▀[0m[38;2;71;63;54m[48;2;108;81;68m▀[0m[38;2;124;123;115m[48;2;108;81;68m▀[0m[38;2;66;65;66m[48;2;130;102;87m▀[0m[38;2;66;65;66m[48;2;130;102;87m▀[0m[38;2;66;65;66m[48;2;66;65;66m▀[0m[38;2;129;100;86m[48;2;66;65;66m▀[0m[38;2;66;65;66m[48;2;66;69;66m▀[0m[38;2;63;181;236m[48;2;66;185;241m▀[0m[38;2;63;181;236m[48;2;63;181;236m▀[0m[38;2;63;181;236m[48;2;63;181;236m▀[0m[38;2;66;65;66m[48;2;66;65;66m▀[0m[38;2;246;245;237m[48;2;246;245;237m▀[0m[38;2;246;245;237m[48;2;246;245;237m▀[0m[38;2;246;245;237m[48;2;246;245;237m▀[0m[38;2;246;245;237m[48;2;246;245;237m▀[0m[38;2;246;245;237m[48;2;246;245;237m▀[0m[38;2;246;245;237m[48;2;246;245;237m▀[0m[38;2;246;245;237m[48;2;246;245;237m▀[0m[38;2;0;4;0m[48;2;0;4;0m▀[0m 
 [38;2;0;4;0m[48;2;0;4;0m▀[0m[38;2;246;245;237m[48;2;185;184;176m▀[0m[38;2;246;245;237m[48;2;246;245;237m▀[0m[38;2;246;245;237m[48;2;246;245;237m▀[0m[38;2;246;245;237m[48;2;246;245;237m▀[0m[38;2;66;65;66m[48;2;246;245;237m▀[0m[38;2;63;181;236m[48;2;66;65;66m▀[0m[38;2;63;181;236m[48;2;66;184;239m▀[0m[38;2;160;237;255m[48;2;63;181;236m▀[0m[38;2;160;237;255m[48;2;63;181;236m▀[0m[38;2;74;65;57m[48;2;66;73;82m▀[0m[38;2;224;202;1m[48;2;88;64;52m▀[0m[38;2;86;62;50m[48;2;167;140;124m▀[0m[38;2;132;103;88m[48;2;167;140;124m▀[0m[38;2;129;100;86m[48;2;167;140;124m▀[0m[38;2;129;100;86m[48;2;167;140;124m▀[0m[38;2;108;81;68m[48;2;95;70;58m▀[0m[38;2;255;255;255m[48;2;223;201;1m▀[0m[38;2;88;64;52m[48;2;86;62;50m▀[0m[38;2;66;73;82m[48;2;66;69;74m▀[0m[38;2;66;65;66m[48;2;160;237;255m▀[0m[38;2;163;238;255m[48;2;160;237;255m▀[0m[38;2;158;237;255m[48;2;160;237;255m▀[0m[38;2;66;69;66m[48;2;160;237;255m▀[0m[38;2;63;181;236m[48;2;63;181;236m▀[0m[38;2;63;181;236m[48;2;63;181;236m▀[0m[38;2;66;65;66m[48;2;66;184;239m▀[0m[38;2;66;65;66m[48;2;66;65;66m▀[0m[38;2;246;245;237m[48;2;246;245;237m▀[0m[38;2;246;245;237m[48;2;246;245;237m▀[0m[38;2;246;245;237m[48;2;246;245;237m▀[0m[38;2;246;245;237m[48;2;246;245;237m▀[0m[38;2;246;245;237m[48;2;246;245;237m▀[0m[38;2;246;245;237m[48;2;246;245;237m▀[0m[38;2;0;4;0m[48;2;0;4;0m▀[0m 
  [38;2;0;4;0m▀[38;2;185;184;176m[48;2;0;4;0m▀[0m[38;2;185;184;176m[48;2;185;184;176m▀[0m[38;2;185;184;176m[48;2;185;184;176m▀[0m[38;2;185;184;176m[48;2;185;184;176m▀[0m[38;2;187;186;178m[48;2;185;184;176m▀[0m[38;2;66;65;66m[48;2;185;184;176m▀[0m[38;2;66;65;66m[48;2;185;184;176m▀[0m[38;2;66;65;66m[48;2;185;184;176m▀[0m[38;2;130;102;87m[48;2;66;65;66m▀[0m[38;2;130;102;87m[48;2;66;65;66m▀[0m[38;2;66;65;66m[48;2;192;191;183m▀[0m[38;2;66;65;66m[48;2;96;95;87m▀[0m[38;2;66;65;66m[48;2;246;245;237m▀[0m[38;2;66;65;66m[48;2;185;184;176m▀[0m[38;2;134;105;91m[48;2;57;56;57m▀[0m[38;2;95;70;58m[48;2;57;56;57m▀[0m[38;2;132;103;88m[48;2;65;64;56m▀[0m[38;2;66;69;74m[48;2;133;104;89m▀[0m[38;2;64;182;237m[48;2;66;65;66m▀[0m[38;2;160;237;255m[48;2;39;158;214m▀[0m[38;2;160;237;255m[48;2;63;181;236m▀[0m[38;2;64;182;237m[48;2;63;181;236m▀[0m[38;2;63;181;236m[48;2;66;65;66m▀[0m[38;2;63;181;236m[48;2;66;65;66m▀[0m[38;2;66;65;66m[48;2;185;184;176m▀[0m[38;2;187;186;178m[48;2;185;184;176m▀[0m[38;2;246;245;237m[48;2;185;184;176m▀[0m[38;2;246;245;237m[48;2;246;245;237m▀[0m[38;2;246;245;237m[48;2;246;245;237m▀[0m[38;2;246;245;237m[48;2;246;245;237m▀[0m[38;2;246;245;237m[48;2;253;252;244m▀[0m[38;2;246;245;237m[48;2;8;8;0m▀[0m[38;2;0;4;0m▀ 
   [38;2;0;4;0m▄[38;2;0;4;0m[48;2;185;184;176m▀[0m[38;2;100;99;91m[48;2;185;184;176m▀[0m[38;2;185;184;176m[48;2;185;184;176m▀[0m[38;2;185;184;176m[48;2;185;184;176m▀[0m[38;2;185;184;176m[48;2;185;184;176m▀[0m[38;2;185;184;176m[48;2;185;184;176m▀[0m[38;2;185;184;176m[48;2;185;184;176m▀[0m[38;2;105;104;96m[48;2;102;101;93m▀[0m[38;2;183;182;174m[48;2;183;182;174m▀[0m[38;2;96;95;87m[48;2;105;104;96m▀[0m[38;2;240;239;231m[48;2;246;245;237m▀[0m[38;2;246;245;237m[48;2;246;245;237m▀[0m[38;2;246;245;237m[48;2;185;184;176m▀[0m[38;2;118;117;109m[48;2;185;184;176m▀[0m[38;2;238;237;229m[48;2;245;244;236m▀[0m[38;2;245;244;236m[48;2;245;244;236m▀[0m[38;2;65;64;56m[48;2;185;184;176m▀[0m[38;2;140;110;95m[48;2;66;65;66m▀[0m[38;2;66;65;66m[48;2;129;100;86m▀[0m[38;2;66;65;66m[48;2;124;123;115m▀[0m[38;2;66;65;66m[48;2;66;65;57m▀[0m[38;2;185;184;176m[48;2;185;184;176m▀[0m[38;2;185;184;176m[48;2;185;184;176m▀[0m[38;2;185;184;176m[48;2;185;184;176m▀[0m[38;2;185;184;176m[48;2;185;184;176m▀[0m[38;2;185;184;176m[48;2;185;184;176m▀[0m[38;2;185;184;176m[48;2;185;184;176m▀[0m[38;2;185;184;176m[48;2;185;184;176m▀[0m[38;2;185;184;176m[48;2;96;95;87m▀[0m[38;2;171;170;162m[48;2;0;4;0m▀[0m[38;2;8;8;0m▀  
   [38;2;0;4;0m▀[38;2;185;184;176m[48;2;0;4;0m▀[0m[38;2;185;184;176m[48;2;0;4;0m▀[0m[38;2;100;99;91m[48;2;185;184;176m▀[0m[38;2;185;184;176m[48;2;185;184;176m▀[0m[38;2;185;184;176m[48;2;185;184;176m▀[0m[38;2;185;184;176m[48;2;185;184;176m▀[0m[38;2;185;184;176m[48;2;185;184;176m▀[0m[38;2;183;182;174m[48;2;185;184;176m▀[0m[38;2;57;60;66m[48;2;185;184;176m▀[0m[38;2;105;104;96m[48;2;66;65;66m▀[0m[38;2;105;104;96m[48;2;66;65;66m▀[0m[38;2;185;184;176m[48;2;66;65;66m▀[0m[38;2;185;184;176m[48;2;66;65;66m▀[0m[38;2;69;68;60m[48;2;134;105;91m▀[0m[38;2;185;184;176m[48;2;66;65;66m▀[0m[38;2;185;184;176m[48;2;66;65;66m▀[0m[38;2;69;68;60m[48;2;129;100;86m▀[0m[38;2;129;100;86m[48;2;66;65;66m▀[0m[38;2;129;100;86m[48;2;66;65;66m▀[0m[38;2;66;65;57m[48;2;185;184;176m▀[0m[38;2;183;182;174m[48;2;185;184;176m▀[0m[38;2;185;184;176m[48;2;185;184;176m▀[0m[38;2;185;184;176m[48;2;185;184;176m▀[0m[38;2;185;184;176m[48;2;185;184;176m▀[0m[38;2;185;184;176m[48;2;185;184;176m▀[0m[38;2;185;184;176m[48;2;185;184;176m▀[0m[38;2;185;184;176m[48;2;185;184;176m▀[0m[38;2;96;95;87m[48;2;185;184;176m▀[0m[38;2;8;4;0m[48;2;100;99;91m▀[0m[38;2;0;4;0m▄   
      [38;2;0;4;0m[48;2;0;4;0m▀[0m[38;2;185;184;176m[48;2;185;184;176m▀[0m[38;2;185;184;176m[48;2;185;184;176m▀[0m[38;2;185;184;176m[48;2;185;184;176m▀[0m[38;2;185;184;176m[48;2;185;184;176m▀[0m[38;2;185;184;176m[48;2;185;184;176m▀[0m[38;2;185;184;176m[48;2;66;65;66m▀[0m[38;2;66;65;66m[48;2;129;100;86m▀[0m[38;2;167;140;124m[48;2;129;100;86m▀[0m[38;2;167;140;124m[48;2;167;140;124m▀[0m[38;2;167;140;124m[48;2;167;140;124m▀[0m[38;2;170;143;128m[48;2;167;140;124m▀[0m[38;2;170;143;128m[48;2;132;103;88m▀[0m[38;2;129;100;86m[48;2;129;100;86m▀[0m[38;2;129;100;86m[48;2;129;100;86m▀[0m[38;2;66;65;66m[48;2;66;65;66m▀[0m[38;2;185;184;176m[48;2;185;184;176m▀[0m[38;2;185;184;176m[48;2;185;184;176m▀[0m[38;2;185;184;176m[48;2;185;184;176m▀[0m[38;2;185;184;176m[48;2;185;184;176m▀[0m[38;2;185;184;176m[48;2;246;245;237m▀[0m[38;2;185;184;176m[48;2;185;184;176m▀[0m[38;2;185;184;176m[48;2;185;184;176m▀[0m[38;2;100;99;91m[48;2;185;184;176m▀[0m[38;2;185;184;176m[48;2;96;95;87m▀[0m[38;2;185;184;176m[48;2;0;4;0m▀[0m[38;2;185;184;176m[48;2;0;4;0m▀[0m[38;2;0;4;0m▀   
       [38;2;0;4;0m▀[38;2;185;184;176m[48;2;0;4;0m▀[0m[38;2;185;184;176m[48;2;185;184;176m▀[0m[38;2;185;184;176m[48;2;185;184;176m▀[0m[38;2;185;184;176m[48;2;185;184;176m▀[0m[38;2;66;65;66m[48;2;185;184;176m▀[0m[38;2;129;100;86m[48;2;66;65;66m▀[0m[38;2;66;65;66m[48;2;185;184;176m▀[0m[38;2;66;65;66m[48;2;185;184;176m▀[0m[38;2;66;65;66m[48;2;185;184;176m▀[0m[38;2;66;65;66m[48;2;187;186;178m▀[0m[38;2;66;65;66m[48;2;68;63;54m▀[0m[38;2;129;100;86m[48;2;132;103;88m▀[0m[38;2;66;65;66m[48;2;71;63;54m▀[0m[38;2;185;184;176m[48;2;185;184;176m▀[0m[38;2;185;184;176m[48;2;185;184;176m▀[0m[38;2;185;184;176m[48;2;185;184;176m▀[0m[38;2;185;184;176m[48;2;246;245;237m▀[0m[38;2;246;245;237m[48;2;185;184;176m▀[0m[38;2;185;184;176m[48;2;246;245;237m▀[0m[38;2;246;245;237m[48;2;185;184;176m▀[0m[38;2;185;184;176m[48;2;185;184;176m▀[0m[38;2;185;184;176m[48;2;0;4;0m▀[0m[38;2;8;4;0m▀      
         [38;2;0;4;0m▀[38;2;0;4;0m▀[38;2;185;184;176m[48;2;0;4;0m▀[0m[38;2;185;184;176m[48;2;0;4;0m▀[0m[38;2;185;184;176m[48;2;0;4;0m▀[0m[38;2;185;184;176m[48;2;0;4;0m▀[0m[38;2;185;184;176m[48;2;0;4;0m▀[0m[38;2;0;4;0m▀[38;2;0;4;8m▀[38;2;187;186;178m[48;2;0;4;0m▀[0m[38;2;71;63;54m[48;2;0;4;0m▀[0m[38;2;183;182;174m[48;2;185;184;176m▀[0m[38;2;185;184;176m[48;2;185;184;176m▀[0m[38;2;185;184;176m[48;2;185;184;176m▀[0m[38;2;185;184;176m[48;2;185;184;176m▀[0m[38;2;185;184;176m[48;2;0;4;0m▀[0m[38;2;185;184;176m[48;2;0;4;0m▀[0m[38;2;185;184;176m[48;2;0;4;0m▀[0m[38;2;0;4;0m▀[38;2;0;4;0m▀        
                    [38;2;0;4;0m▀[38;2;0;4;0m▀[38;2;0;4;0m▀[38;2;0;4;0m▀             
                                     [0m                                     