          [38;2;0;0;0m▄[38;2;0;0;0m[48;2;255;138;236m▀[0m[38;2;0;0;0m[48;2;255;138;236m▀[0m[38;2;0;0;0m[48;2;214;89;208m▀[0m[38;2;0;0;0m▄[38;2;0;0;0m▄           
         [38;2;0;0;0m[48;2;0;0;0m▀[0m[38;2;255;138;236m[48;2;214;89;208m▀[0m[38;2;255;138;236m[48;2;255;138;236m▀[0m[38;2;255;138;236m[48;2;255;138;236m▀[0m[38;2;255;138;236m[48;2;214;89;208m▀[0m[38;2;214;89;208m[48;2;214;89;208m▀[0m[38;2;175;62;184m[48;2;214;89;208m▀[0m[38;2;0;0;0m[48;2;175;62;184m▀[0m[38;2;0;0;0m▄         
          [38;2;0;0;0m▀[38;2;214;89;208m[48;2;0;0;0m▀[0m[38;2;214;89;208m[48;2;65;65;65m▀[0m[38;2;214;89;208m[48;2;214;89;208m▀[0m[38;2;214;89;208m[48;2;214;89;208m▀[0m[38;2;214;89;208m[48;2;214;89;208m▀[0m[38;2;214;89;208m[48;2;214;89;208m▀[0m[38;2;0;0;0m[48;2;255;138;236m▀[0m[38;2;0;0;0m▄        
        [38;2;0;0;0m▄[38;2;0;0;0m[48;2;65;65;65m▀[0m[38;2;0;0;0m[48;2;255;138;236m▀[0m[38;2;255;138;236m[48;2;255;138;236m▀[0m[38;2;255;138;236m[48;2;255;138;236m▀[0m[38;2;65;65;65m[48;2;255;138;236m▀[0m[38;2;65;65;65m[48;2;255;138;236m▀[0m[38;2;175;62;184m[48;2;255;138;236m▀[0m[38;2;255;138;236m[48;2;255;138;236m▀[0m[38;2;255;138;236m[48;2;255;138;236m▀[0m[38;2;255;138;236m[48;2;255;138;236m▀[0m[38;2;0;0;0m[48;2;0;0;0m▀[0m       
      [38;2;0;0;0m▄[38;2;0;0;0m[48;2;255;138;236m▀[0m[38;2;255;138;236m[48;2;65;65;65m▀[0m[38;2;0;0;0m[48;2;255;138;236m▀[0m[38;2;0;0;0m[48;2;0;0;0m▀[0m[38;2;255;138;236m[48;2;255;138;236m▀[0m[38;2;255;138;236m[48;2;255;138;236m▀[0m[38;2;255;138;236m[48;2;255;138;236m▀[0m[38;2;255;138;236m[48;2;65;65;65m▀[0m[38;2;255;138;236m[48;2;0;0;0m▀[0m[38;2;255;138;236m[48;2;255;138;236m▀[0m[38;2;255;138;236m[48;2;175;62;184m▀[0m[38;2;255;138;236m[48;2;255;138;236m▀[0m[38;2;255;138;236m[48;2;255;138;236m▀[0m[38;2;0;0;0m[48;2;0;0;0m▀[0m      
 [38;2;0;0;0m▄[38;2;0;0;0m[48;2;255;138;236m▀[0m[38;2;0;0;0m[48;2;255;138;236m▀[0m[38;2;0;0;0m[48;2;255;138;236m▀[0m[38;2;0;0;0m[48;2;255;138;236m▀[0m[38;2;255;138;236m[48;2;255;138;236m▀[0m[38;2;255;138;236m[48;2;255;138;236m▀[0m[38;2;65;65;65m[48;2;0;0;0m▀[0m[38;2;255;138;236m[48;2;65;65;65m▀[0m[38;2;255;138;236m[48;2;255;138;236m▀[0m[38;2;255;138;236m[48;2;65;65;65m▀[0m[38;2;255;138;236m[48;2;255;138;236m▀[0m[38;2;175;62;184m[48;2;255;138;236m▀[0m[38;2;214;89;208m[48;2;255;138;236m▀[0m[38;2;255;138;236m[48;2;255;138;236m▀[0m[38;2;0;0;0m[48;2;255;138;236m▀[0m[38;2;175;62;184m[48;2;175;62;184m▀[0m[38;2;255;138;236m[48;2;255;138;236m▀[0m[38;2;255;138;236m[48;2;255;138;236m▀[0m[38;2;0;0;0m[48;2;255;138;236m▀[0m[38;2;0;0;0m▄     
  [38;2;0;0;0m▀[38;2;255;138;236m[48;2;0;0;0m▀[0m[38;2;255;138;236m[48;2;0;0;0m▀[0m[38;2;255;138;236m[48;2;0;0;0m▀[0m[38;2;255;138;236m[48;2;0;0;0m▀[0m[38;2;0;0;0m▀ [38;2;0;0;0m[48;2;0;0;0m▀[0m[38;2;65;65;65m[48;2;214;89;208m▀[0m[38;2;214;90;90m[48;2;214;90;90m▀[0m[38;2;65;65;65m[48;2;214;90;90m▀[0m[38;2;255;138;236m[48;2;65;65;65m▀[0m[38;2;65;65;65m[48;2;214;90;90m▀[0m[38;2;255;138;236m[48;2;65;65;65m▀[0m[38;2;65;65;65m[48;2;214;90;90m▀[0m[38;2;214;89;208m[48;2;214;89;208m▀[0m[38;2;65;65;65m[48;2;65;65;65m▀[0m[38;2;255;138;236m[48;2;255;138;236m▀[0m[38;2;255;138;236m[48;2;214;89;208m▀[0m[38;2;0;0;0m[48;2;0;0;0m▀[0m[38;2;0;0;0m▄[38;2;0;0;0m[48;2;65;65;65m▀[0m[38;2;0;0;0m[48;2;65;65;65m▀[0m[38;2;0;0;0m▄ 
          [38;2;0;0;0m▀[38;2;214;89;208m[48;2;0;0;0m▀[0m[38;2;214;90;90m[48;2;65;65;65m▀[0m[38;2;255;148;123m[48;2;255;148;123m▀[0m[38;2;255;148;123m[48;2;255;148;123m▀[0m[38;2;255;148;123m[48;2;65;65;65m▀[0m[38;2;214;89;208m[48;2;0;0;0m▀[0m[38;2;0;0;0m▀[38;2;0;0;0m[48;2;0;0;0m▀[0m[38;2;214;89;208m[48;2;214;89;208m▀[0m[38;2;214;89;208m[48;2;214;89;208m▀[0m[38;2;0;0;0m[48;2;214;89;208m▀[0m[38;2;65;65;65m[48;2;0;0;0m▀[0m[38;2;0;0;0m▀[38;2;0;0;0m▀  
          [38;2;0;0;0m[48;2;0;0;0m▀[0m[38;2;255;138;236m[48;2;65;65;65m▀[0m[38;2;255;138;236m[48;2;255;138;236m▀[0m[38;2;214;89;208m[48;2;255;138;236m▀[0m[38;2;214;89;208m[48;2;255;138;236m▀[0m[38;2;214;89;208m[48;2;255;138;236m▀[0m[38;2;255;138;236m[48;2;255;138;236m▀[0m[38;2;0;0;0m[48;2;255;138;236m▀[0m[38;2;0;0;0m▄[38;2;0;0;0m[48;2;0;0;0m▀[0m[38;2;214;89;208m[48;2;214;89;208m▀[0m[38;2;214;89;208m[48;2;214;89;208m▀[0m[38;2;214;89;208m[48;2;214;89;208m▀[0m[38;2;0;0;0m[48;2;0;0;0m▀[0m   
           [38;2;0;0;0m[48;2;0;0;0m▀[0m[38;2;255;138;236m[48;2;175;62;184m▀[0m[38;2;65;65;65m[48;2;175;62;184m▀[0m[38;2;175;62;184m[48;2;65;65;65m▀[0m[38;2;255;138;236m[48;2;65;65;65m▀[0m[38;2;65;65;65m[48;2;214;89;208m▀[0m[38;2;65;65;65m[48;2;0;0;0m▀[0m[38;2;0;0;0m▀ [38;2;0;0;0m▀[38;2;214;89;208m[48;2;0;0;0m▀[0m[38;2;0;0;0m▀    
            [38;2;0;0;0m▀[38;2;0;0;0m▀[38;2;214;89;208m[48;2;0;0;0m▀[0m[38;2;214;89;208m[48;2;0;0;0m▀[0m[38;2;65;65;65m[48;2;0;0;0m▀[0m[38;2;0;0;0m▀         
                                     [0m                                     