      [38;2;7;7;7m▄[38;2;7;7;7m[48;2;231;165;33m▀[0m[38;2;7;7;7m▄               [38;2;7;7;7m▄[38;2;7;7;7m[48;2;231;165;33m▀[0m[38;2;7;7;7m▄             
 [38;2;7;7;7m▄[38;2;7;7;7m[48;2;231;165;33m▀[0m[38;2;7;7;7m▄  [38;2;7;7;7m▀[38;2;231;165;33m[48;2;7;7;7m▀[0m[38;2;7;7;7m[48;2;231;165;33m▀[0m[38;2;7;7;7m[48;2;7;7;7m▀[0m[38;2;7;7;7m▄           [38;2;7;7;7m▄[38;2;7;7;7m[48;2;7;7;7m▀[0m[38;2;7;7;7m[48;2;231;165;33m▀[0m[38;2;231;165;33m[48;2;7;7;7m▀[0m[38;2;7;7;7m▀  [38;2;7;7;7m▄[38;2;7;7;7m[48;2;231;165;33m▀[0m[38;2;7;7;7m▄        
 [38;2;7;7;7m▀[38;2;231;165;33m[48;2;7;7;7m▀[0m[38;2;7;7;7m[48;2;231;165;33m▀[0m[38;2;7;7;7m▄   [38;2;7;7;7m▀[38;2;255;222;82m[48;2;7;7;7m▀[0m[38;2;255;222;82m[48;2;255;222;82m▀[0m[38;2;7;7;7m[48;2;66;66;66m▀[0m[38;2;7;7;7m▄[38;2;7;7;7m▄     [38;2;7;7;7m▄[38;2;7;7;7m▄[38;2;7;7;7m[48;2;66;66;66m▀[0m[38;2;255;222;82m[48;2;255;222;82m▀[0m[38;2;255;222;82m[48;2;7;7;7m▀[0m[38;2;7;7;7m▀   [38;2;7;7;7m▄[38;2;7;7;7m[48;2;231;165;33m▀[0m[38;2;231;165;33m[48;2;7;7;7m▀[0m[38;2;7;7;7m▀        
   [38;2;7;7;7m[48;2;7;7;7m▀[0m[38;2;255;222;82m[48;2;231;165;33m▀[0m[38;2;7;7;7m[48;2;255;222;82m▀[0m[38;2;7;7;7m▄   [38;2;7;7;7m▀[38;2;7;7;7m[48;2;7;7;7m▀[0m[38;2;255;222;82m[48;2;7;7;7m▀[0m[38;2;231;165;33m[48;2;231;165;33m▀[0m[38;2;7;7;7m[48;2;7;7;7m▀[0m   [38;2;7;7;7m[48;2;7;7;7m▀[0m[38;2;231;165;33m[48;2;231;165;33m▀[0m[38;2;255;222;82m[48;2;7;7;7m▀[0m[38;2;7;7;7m[48;2;7;7;7m▀[0m[38;2;7;7;7m▀   [38;2;7;7;7m▄[38;2;7;7;7m[48;2;255;222;82m▀[0m[38;2;255;222;82m[48;2;231;165;33m▀[0m[38;2;7;7;7m[48;2;7;7;7m▀[0m          
    [38;2;7;7;7m[48;2;7;7;7m▀[0m[38;2;66;66;66m[48;2;231;165;33m▀[0m[38;2;7;7;7m[48;2;255;222;82m▀[0m[38;2;7;7;7m▄  [38;2;66;66;66m▄[38;2;7;7;7m▄[38;2;7;7;7m[48;2;231;165;33m▀[0m[38;2;231;165;33m[48;2;7;7;7m▀[0m[38;2;7;7;7m▀   [38;2;7;7;7m▀[38;2;231;165;33m[48;2;7;7;7m▀[0m[38;2;7;7;7m[48;2;231;165;33m▀[0m[38;2;7;7;7m▄[38;2;66;66;66m▄  [38;2;7;7;7m▄[38;2;7;7;7m[48;2;255;222;82m▀[0m[38;2;66;66;66m[48;2;231;165;33m▀[0m[38;2;7;7;7m[48;2;7;7;7m▀[0m           
     [38;2;7;7;7m[48;2;7;7;7m▀[0m[38;2;231;165;33m[48;2;231;165;33m▀[0m[38;2;7;7;7m[48;2;231;165;33m▀[0m[38;2;7;7;7m[48;2;231;165;33m▀[0m[38;2;66;66;66m[48;2;7;7;7m▀[0m[38;2;7;7;7m[48;2;7;7;7m▀[0m[38;2;231;165;33m[48;2;231;165;33m▀[0m[38;2;231;165;33m[48;2;231;165;33m▀[0m[38;2;7;7;7m[48;2;231;165;33m▀[0m[38;2;7;7;7m▄[38;2;7;7;7m▄[38;2;7;7;7m▄[38;2;7;7;7m▄[38;2;7;7;7m▄[38;2;7;7;7m[48;2;231;165;33m▀[0m[38;2;231;165;33m[48;2;231;165;33m▀[0m[38;2;231;165;33m[48;2;231;165;33m▀[0m[38;2;7;7;7m[48;2;7;7;7m▀[0m[38;2;66;66;66m[48;2;7;7;7m▀[0m[38;2;7;7;7m[48;2;231;165;33m▀[0m[38;2;7;7;7m[48;2;231;165;33m▀[0m[38;2;231;165;33m[48;2;231;165;33m▀[0m[38;2;7;7;7m[48;2;7;7;7m▀[0m            
      [38;2;7;7;7m▀[38;2;7;7;7m▀[38;2;231;165;33m[48;2;7;7;7m▀[0m[38;2;231;165;33m[48;2;7;7;7m▀[0m[38;2;231;165;33m[48;2;66;66;66m▀[0m[38;2;66;66;66m[48;2;174;183;128m▀[0m[38;2;66;66;66m[48;2;66;66;66m▀[0m[38;2;231;165;33m[48;2;174;183;128m▀[0m[38;2;174;183;128m[48;2;215;219;157m▀[0m[38;2;215;219;157m[48;2;215;219;157m▀[0m[38;2;215;219;157m[48;2;215;219;157m▀[0m[38;2;215;219;157m[48;2;215;219;157m▀[0m[38;2;174;183;128m[48;2;215;219;157m▀[0m[38;2;231;165;33m[48;2;126;140;85m▀[0m[38;2;66;66;66m[48;2;215;219;157m▀[0m[38;2;66;66;66m[48;2;174;183;128m▀[0m[38;2;231;165;33m[48;2;66;66;66m▀[0m[38;2;231;165;33m[48;2;7;7;7m▀[0m[38;2;231;165;33m[48;2;7;7;7m▀[0m[38;2;7;7;7m▀[38;2;7;7;7m▀             
       [38;2;7;7;7m▄[38;2;7;7;7m▄[38;2;7;7;7m[48;2;174;183;128m▀[0m[38;2;174;183;128m[48;2;174;183;128m▀[0m[38;2;174;183;128m[48;2;66;66;66m▀[0m[38;2;66;66;66m[48;2;248;248;248m▀[0m[38;2;215;219;157m[48;2;215;219;157m▀[0m[38;2;215;219;157m[48;2;215;219;157m▀[0m[38;2;215;219;157m[48;2;215;219;157m▀[0m[38;2;215;219;157m[48;2;126;140;85m▀[0m[38;2;126;140;85m[48;2;248;248;248m▀[0m[38;2;126;140;85m[48;2;248;248;248m▀[0m[38;2;215;219;157m[48;2;174;183;128m▀[0m[38;2;215;219;157m[48;2;215;219;157m▀[0m[38;2;215;219;157m[48;2;215;219;157m▀[0m[38;2;174;183;128m[48;2;215;219;157m▀[0m[38;2;7;7;7m[48;2;215;219;157m▀[0m[38;2;7;7;7m▄               
      [38;2;7;7;7m▀[38;2;174;183;128m[48;2;7;7;7m▀[0m[38;2;174;183;128m[48;2;7;7;7m▀[0m[38;2;174;183;128m[48;2;7;7;7m▀[0m[38;2;66;66;66m[48;2;7;7;7m▀[0m[38;2;66;66;66m[48;2;238;237;213m▀[0m[38;2;126;140;85m[48;2;215;219;157m▀[0m[38;2;215;219;157m[48;2;215;219;157m▀[0m[38;2;215;219;157m[48;2;215;219;157m▀[0m[38;2;215;219;157m[48;2;215;219;157m▀[0m[38;2;174;183;128m[48;2;7;7;7m▀[0m[38;2;174;183;128m[48;2;248;248;248m▀[0m[38;2;126;140;85m[48;2;248;248;248m▀[0m[38;2;126;140;85m[48;2;174;183;128m▀[0m[38;2;66;66;66m[48;2;126;140;85m▀[0m[38;2;174;183;128m[48;2;66;66;66m▀[0m[38;2;215;219;157m[48;2;7;7;7m▀[0m[38;2;215;219;157m[48;2;174;183;128m▀[0m[38;2;215;219;157m[48;2;215;219;157m▀[0m[38;2;7;7;7m[48;2;215;219;157m▀[0m[38;2;7;7;7m[48;2;215;219;157m▀[0m[38;2;7;7;7m▄            
         [38;2;7;7;7m▄[38;2;7;7;7m[48;2;215;219;157m▀[0m[38;2;7;7;7m[48;2;174;183;128m▀[0m[38;2;215;219;157m[48;2;215;219;157m▀[0m[38;2;215;219;157m[48;2;215;219;157m▀[0m[38;2;215;219;157m[48;2;215;219;157m▀[0m[38;2;174;183;128m[48;2;215;219;157m▀[0m[38;2;7;7;7m[48;2;215;219;157m▀[0m[38;2;7;7;7m[48;2;215;219;157m▀[0m[38;2;248;248;248m[48;2;215;219;157m▀[0m[38;2;174;183;128m[48;2;174;183;128m▀[0m[38;2;174;183;128m[48;2;66;66;66m▀[0m[38;2;7;7;7m[48;2;7;7;7m▀[0m [38;2;7;7;7m▀[38;2;7;7;7m▀[38;2;7;7;7m▀[38;2;7;7;7m▀       [38;2;7;7;7m▄[38;2;7;7;7m▄    
         [38;2;7;7;7m[48;2;7;7;7m▀[0m[38;2;215;219;157m[48;2;174;183;128m▀[0m[38;2;215;219;157m[48;2;156;82;57m▀[0m[38;2;156;82;57m[48;2;156;82;57m▀[0m[38;2;66;66;66m[48;2;156;82;57m▀[0m[38;2;215;219;157m[48;2;66;66;66m▀[0m[38;2;215;219;157m[48;2;215;219;157m▀[0m[38;2;215;219;157m[48;2;215;219;157m▀[0m[38;2;215;219;157m[48;2;174;183;128m▀[0m[38;2;174;183;128m[48;2;174;183;128m▀[0m[38;2;66;66;66m[48;2;66;66;66m▀[0m[38;2;215;219;157m[48;2;215;219;157m▀[0m[38;2;7;7;7m[48;2;215;219;157m▀[0m[38;2;7;7;7m▄       [38;2;7;7;7m▄[38;2;7;7;7m▄[38;2;7;7;7m[48;2;238;237;213m▀[0m[38;2;7;7;7m[48;2;238;237;213m▀[0m[38;2;238;237;213m[48;2;238;237;213m▀[0m[38;2;7;7;7m[48;2;238;237;213m▀[0m[38;2;7;7;7m▄   
        [38;2;7;7;7m[48;2;7;7;7m▀[0m[38;2;238;237;213m[48;2;238;237;213m▀[0m[38;2;66;66;66m[48;2;238;237;213m▀[0m[38;2;156;82;57m[48;2;66;66;66m▀[0m[38;2;156;82;57m[48;2;66;66;66m▀[0m[38;2;156;82;57m[48;2;66;66;66m▀[0m[38;2;66;66;66m[48;2;174;183;128m▀[0m[38;2;174;183;128m[48;2;174;183;128m▀[0m[38;2;174;183;128m[48;2;66;66;66m▀[0m[38;2;174;183;128m[48;2;66;66;66m▀[0m[38;2;66;66;66m[48;2;238;237;213m▀[0m[38;2;215;219;157m[48;2;238;237;213m▀[0m[38;2;215;219;157m[48;2;215;219;157m▀[0m[38;2;215;219;157m[48;2;215;219;157m▀[0m[38;2;7;7;7m[48;2;7;7;7m▀[0m    [38;2;7;7;7m▄[38;2;7;7;7m▄[38;2;7;7;7m[48;2;66;66;66m▀[0m[38;2;215;219;157m[48;2;238;237;213m▀[0m[38;2;238;237;213m[48;2;238;237;213m▀[0m[38;2;238;237;213m[48;2;238;237;213m▀[0m[38;2;238;237;213m[48;2;238;237;213m▀[0m[38;2;238;237;213m[48;2;238;237;213m▀[0m[38;2;238;237;213m[48;2;238;237;213m▀[0m[38;2;215;219;157m[48;2;238;237;213m▀[0m[38;2;7;7;7m[48;2;7;7;7m▀[0m  
        [38;2;7;7;7m[48;2;7;7;7m▀[0m[38;2;238;237;213m[48;2;238;237;213m▀[0m[38;2;238;237;213m[48;2;238;237;213m▀[0m[38;2;238;237;213m[48;2;238;237;213m▀[0m[38;2;238;237;213m[48;2;238;237;213m▀[0m[38;2;66;66;66m[48;2;238;237;213m▀[0m[38;2;66;66;66m[48;2;238;237;213m▀[0m[38;2;66;66;66m[48;2;238;237;213m▀[0m[38;2;238;237;213m[48;2;238;237;213m▀[0m[38;2;238;237;213m[48;2;238;237;213m▀[0m[38;2;238;237;213m[48;2;238;237;213m▀[0m[38;2;238;237;213m[48;2;238;237;213m▀[0m[38;2;215;219;157m[48;2;215;219;157m▀[0m[38;2;215;219;157m[48;2;215;219;157m▀[0m[38;2;7;7;7m[48;2;66;66;66m▀[0m[38;2;7;7;7m▄[38;2;7;7;7m[48;2;174;183;128m▀[0m[38;2;7;7;7m[48;2;215;219;157m▀[0m[38;2;7;7;7m[48;2;215;219;157m▀[0m[38;2;215;219;157m[48;2;215;219;157m▀[0m[38;2;215;219;157m[48;2;215;219;157m▀[0m[38;2;174;183;128m[48;2;215;219;157m▀[0m[38;2;66;66;66m[48;2;215;219;157m▀[0m[38;2;66;66;66m[48;2;215;219;157m▀[0m[38;2;238;237;213m[48;2;66;66;66m▀[0m[38;2;238;237;213m[48;2;238;237;213m▀[0m[38;2;238;237;213m[48;2;238;237;213m▀[0m[38;2;238;237;213m[48;2;215;219;157m▀[0m[38;2;215;219;157m[48;2;215;219;157m▀[0m[38;2;215;219;157m[48;2;215;219;157m▀[0m[38;2;7;7;7m[48;2;7;7;7m▀[0m 
        [38;2;7;7;7m▀[38;2;215;219;157m[48;2;7;7;7m▀[0m[38;2;238;237;213m[48;2;238;237;213m▀[0m[38;2;238;237;213m[48;2;238;237;213m▀[0m[38;2;238;237;213m[48;2;238;237;213m▀[0m[38;2;238;237;213m[48;2;238;237;213m▀[0m[38;2;238;237;213m[48;2;238;237;213m▀[0m[38;2;238;237;213m[48;2;238;237;213m▀[0m[38;2;238;237;213m[48;2;238;237;213m▀[0m[38;2;238;237;213m[48;2;238;237;213m▀[0m[38;2;238;237;213m[48;2;238;237;213m▀[0m[38;2;238;237;213m[48;2;215;219;157m▀[0m[38;2;215;219;157m[48;2;215;219;157m▀[0m[38;2;66;66;66m[48;2;66;66;66m▀[0m[38;2;215;219;157m[48;2;215;219;157m▀[0m[38;2;215;219;157m[48;2;215;219;157m▀[0m[38;2;215;219;157m[48;2;215;219;157m▀[0m[38;2;215;219;157m[48;2;215;219;157m▀[0m[38;2;238;237;213m[48;2;215;219;157m▀[0m[38;2;238;237;213m[48;2;238;237;213m▀[0m[38;2;215;219;157m[48;2;238;237;213m▀[0m[38;2;215;219;157m[48;2;215;219;157m▀[0m[38;2;215;219;157m[48;2;215;219;157m▀[0m[38;2;215;219;157m[48;2;215;219;157m▀[0m[38;2;174;183;128m[48;2;215;219;157m▀[0m[38;2;66;66;66m[48;2;66;66;66m▀[0m[38;2;215;219;157m[48;2;215;219;157m▀[0m[38;2;215;219;157m[48;2;215;219;157m▀[0m[38;2;215;219;157m[48;2;215;219;157m▀[0m[38;2;215;219;157m[48;2;7;7;7m▀[0m[38;2;7;7;7m▀ 
         [38;2;7;7;7m[48;2;7;7;7m▀[0m[38;2;238;237;213m[48;2;215;219;157m▀[0m[38;2;238;237;213m[48;2;238;237;213m▀[0m[38;2;238;237;213m[48;2;238;237;213m▀[0m[38;2;238;237;213m[48;2;238;237;213m▀[0m[38;2;238;237;213m[48;2;238;237;213m▀[0m[38;2;238;237;213m[48;2;238;237;213m▀[0m[38;2;238;237;213m[48;2;238;237;213m▀[0m[38;2;238;237;213m[48;2;238;237;213m▀[0m[38;2;238;237;213m[48;2;215;219;157m▀[0m[38;2;215;219;157m[48;2;66;66;66m▀[0m[38;2;66;66;66m[48;2;215;219;157m▀[0m[38;2;215;219;157m[48;2;215;219;157m▀[0m[38;2;215;219;157m[48;2;215;219;157m▀[0m[38;2;215;219;157m[48;2;215;219;157m▀[0m[38;2;215;219;157m[48;2;215;219;157m▀[0m[38;2;215;219;157m[48;2;215;219;157m▀[0m[38;2;215;219;157m[48;2;215;219;157m▀[0m[38;2;215;219;157m[48;2;215;219;157m▀[0m[38;2;215;219;157m[48;2;215;219;157m▀[0m[38;2;215;219;157m[48;2;215;219;157m▀[0m[38;2;238;237;213m[48;2;215;219;157m▀[0m[38;2;215;219;157m[48;2;215;219;157m▀[0m[38;2;215;219;157m[48;2;215;219;157m▀[0m[38;2;215;219;157m[48;2;215;219;157m▀[0m[38;2;66;66;66m[48;2;66;66;66m▀[0m[38;2;215;219;157m[48;2;7;7;7m▀[0m[38;2;126;140;85m[48;2;7;7;7m▀[0m[38;2;7;7;7m▀  
          [38;2;7;7;7m[48;2;7;7;7m▀[0m[38;2;215;219;157m[48;2;215;219;157m▀[0m[38;2;215;219;157m[48;2;215;219;157m▀[0m[38;2;238;237;213m[48;2;215;219;157m▀[0m[38;2;238;237;213m[48;2;215;219;157m▀[0m[38;2;238;237;213m[48;2;215;219;157m▀[0m[38;2;215;219;157m[48;2;215;219;157m▀[0m[38;2;215;219;157m[48;2;215;219;157m▀[0m[38;2;215;219;157m[48;2;66;66;66m▀[0m[38;2;66;66;66m[48;2;220;212;209m▀[0m[38;2;174;183;128m[48;2;174;183;128m▀[0m[38;2;215;219;157m[48;2;215;219;157m▀[0m[38;2;215;219;157m[48;2;215;219;157m▀[0m[38;2;215;219;157m[48;2;215;219;157m▀[0m[38;2;215;219;157m[48;2;126;140;85m▀[0m[38;2;215;219;157m[48;2;215;219;157m▀[0m[38;2;215;219;157m[48;2;215;219;157m▀[0m[38;2;215;219;157m[48;2;220;212;209m▀[0m[38;2;215;219;157m[48;2;220;212;209m▀[0m[38;2;220;212;209m[48;2;238;237;213m▀[0m[38;2;220;212;209m[48;2;238;237;213m▀[0m[38;2;215;219;157m[48;2;126;140;85m▀[0m[38;2;126;140;85m[48;2;215;219;157m▀[0m[38;2;215;219;157m[48;2;215;219;157m▀[0m[38;2;7;7;7m[48;2;215;219;157m▀[0m[38;2;7;7;7m▄    
         [38;2;7;7;7m[48;2;7;7;7m▀[0m[38;2;215;219;157m[48;2;215;219;157m▀[0m[38;2;66;66;66m[48;2;215;219;157m▀[0m[38;2;215;219;157m[48;2;215;219;157m▀[0m[38;2;215;219;157m[48;2;215;219;157m▀[0m[38;2;215;219;157m[48;2;215;219;157m▀[0m[38;2;215;219;157m[48;2;66;66;66m▀[0m[38;2;215;219;157m[48;2;66;66;66m▀[0m[38;2;66;66;66m[48;2;220;212;209m▀[0m[38;2;220;212;209m[48;2;220;212;209m▀[0m[38;2;220;212;209m[48;2;220;212;209m▀[0m[38;2;7;7;7m[48;2;220;212;209m▀[0m[38;2;174;183;128m[48;2;7;7;7m▀[0m[38;2;215;219;157m[48;2;215;219;157m▀[0m[38;2;215;219;157m[48;2;215;219;157m▀[0m[38;2;174;183;128m[48;2;215;219;157m▀[0m[38;2;126;140;85m[48;2;126;140;85m▀[0m[38;2;220;212;209m[48;2;220;212;209m▀[0m[38;2;238;237;213m[48;2;7;7;7m▀[0m[38;2;238;237;213m[48;2;7;7;7m▀[0m[38;2;7;7;7m▀[38;2;7;7;7m▀[38;2;126;140;85m[48;2;7;7;7m▀[0m[38;2;215;219;157m[48;2;215;219;157m▀[0m[38;2;215;219;157m[48;2;215;219;157m▀[0m[38;2;174;183;128m[48;2;174;183;128m▀[0m[38;2;7;7;7m[48;2;7;7;7m▀[0m    
          [38;2;7;7;7m▀[38;2;215;219;157m[48;2;7;7;7m▀[0m[38;2;215;219;157m[48;2;7;7;7m▀[0m[38;2;7;7;7m▀[38;2;7;7;7m▀[38;2;174;183;128m[48;2;7;7;7m▀[0m[38;2;174;183;128m[48;2;174;183;128m▀[0m[38;2;66;66;66m[48;2;174;183;128m▀[0m[38;2;66;66;66m[48;2;174;183;128m▀[0m[38;2;66;66;66m[48;2;174;183;128m▀[0m[38;2;7;7;7m[48;2;7;7;7m▀[0m[38;2;174;183;128m[48;2;174;183;128m▀[0m[38;2;215;219;157m[48;2;215;219;157m▀[0m[38;2;215;219;157m[48;2;215;219;157m▀[0m[38;2;215;219;157m[48;2;215;219;157m▀[0m[38;2;215;219;157m[48;2;215;219;157m▀[0m[38;2;7;7;7m[48;2;7;7;7m▀[0m    [38;2;7;7;7m▀[38;2;215;219;157m[48;2;7;7;7m▀[0m[38;2;174;183;128m[48;2;215;219;157m▀[0m[38;2;215;219;157m[48;2;215;219;157m▀[0m[38;2;7;7;7m[48;2;238;237;213m▀[0m[38;2;7;7;7m[48;2;238;237;213m▀[0m[38;2;7;7;7m▄  
                [38;2;7;7;7m[48;2;7;7;7m▀[0m[38;2;215;219;157m[48;2;215;219;157m▀[0m[38;2;215;219;157m[48;2;215;219;157m▀[0m[38;2;7;7;7m[48;2;7;7;7m▀[0m[38;2;7;7;7m▀[38;2;174;183;128m[48;2;7;7;7m▀[0m[38;2;174;183;128m[48;2;174;183;128m▀[0m[38;2;215;219;157m[48;2;174;183;128m▀[0m[38;2;215;219;157m[48;2;174;183;128m▀[0m[38;2;174;183;128m[48;2;238;237;213m▀[0m[38;2;7;7;7m[48;2;238;237;213m▀[0m[38;2;7;7;7m▄    [38;2;7;7;7m[48;2;7;7;7m▀[0m[38;2;215;219;157m[48;2;215;219;157m▀[0m[38;2;238;237;213m[48;2;215;219;157m▀[0m[38;2;238;237;213m[48;2;215;219;157m▀[0m[38;2;7;7;7m[48;2;7;7;7m▀[0m   
              [38;2;7;7;7m▄[38;2;7;7;7m[48;2;66;66;66m▀[0m[38;2;66;66;66m[48;2;66;66;66m▀[0m[38;2;215;219;157m[48;2;66;66;66m▀[0m[38;2;7;7;7m[48;2;7;7;7m▀[0m   [38;2;7;7;7m[48;2;7;7;7m▀[0m[38;2;215;219;157m[48;2;215;219;157m▀[0m[38;2;238;237;213m[48;2;215;219;157m▀[0m[38;2;238;237;213m[48;2;215;219;157m▀[0m[38;2;7;7;7m[48;2;7;7;7m▀[0m    [38;2;7;7;7m▄[38;2;7;7;7m[48;2;66;66;66m▀[0m[38;2;66;66;66m[48;2;66;66;66m▀[0m[38;2;215;219;157m[48;2;66;66;66m▀[0m[38;2;7;7;7m[48;2;7;7;7m▀[0m    
               [38;2;7;7;7m▀[38;2;7;7;7m▀[38;2;7;7;7m▀   [38;2;7;7;7m▄[38;2;7;7;7m[48;2;66;66;66m▀[0m[38;2;66;66;66m[48;2;66;66;66m▀[0m[38;2;215;219;157m[48;2;66;66;66m▀[0m[38;2;7;7;7m[48;2;7;7;7m▀[0m      [38;2;7;7;7m▀[38;2;7;7;7m▀[38;2;7;7;7m▀     
                      [38;2;7;7;7m▀[38;2;7;7;7m▀[38;2;7;7;7m▀               
                                     [0m                                     