                  [38;2;0;0;0m▄[38;2;0;0;0m[48;2;255;255;255m▀[0m[38;2;0;0;0m[48;2;255;255;255m▀[0m[38;2;0;0;0m▄[38;2;0;0;0m[48;2;65;98;158m▀[0m[38;2;0;0;0m[48;2;0;0;0m▀[0m [38;2;0;0;0m▄[38;2;0;0;0m▄     
                  [38;2;0;0;0m▀[38;2;189;189;189m[48;2;0;0;0m▀[0m[38;2;255;255;255m[48;2;0;0;0m▀[0m[38;2;255;255;255m[48;2;189;189;189m▀[0m[38;2;65;65;65m[48;2;65;65;65m▀[0m[38;2;65;65;65m[48;2;115;115;115m▀[0m[38;2;0;0;0m[48;2;65;65;65m▀[0m[38;2;65;98;158m[48;2;65;98;158m▀[0m[38;2;0;0;0m[48;2;0;0;0m▀[0m[38;2;0;0;0m▄[38;2;0;0;0m▄[38;2;0;0;0m▄  
    [38;2;0;0;0m▄[38;2;0;0;0m▄[38;2;0;0;0m▄      [38;2;0;0;0m▄       [38;2;0;0;0m[48;2;0;0;0m▀[0m[38;2;115;115;115m[48;2;65;65;65m▀[0m[38;2;115;115;115m[48;2;65;65;65m▀[0m[38;2;65;65;65m[48;2;93;129;188m▀[0m[38;2;115;115;115m[48;2;0;0;0m▀[0m[38;2;189;189;189m[48;2;0;0;0m▀[0m[38;2;255;255;255m[48;2;189;189;189m▀[0m[38;2;255;255;255m[48;2;255;255;255m▀[0m[38;2;189;189;189m[48;2;255;255;255m▀[0m[38;2;0;0;0m[48;2;0;0;0m▀[0m 
 [38;2;0;0;0m▄[38;2;0;0;0m[48;2;255;59;149m▀[0m[38;2;0;0;0m[48;2;255;59;149m▀[0m[38;2;255;59;149m[48;2;65;65;65m▀[0m[38;2;255;59;149m[48;2;65;65;65m▀[0m[38;2;255;59;149m[48;2;255;255;255m▀[0m[38;2;0;0;0m[48;2;65;65;65m▀[0m[38;2;0;0;0m[48;2;115;115;115m▀[0m[38;2;0;0;0m▄ [38;2;0;0;0m▄[38;2;0;0;0m[48;2;115;115;115m▀[0m[38;2;115;115;115m[48;2;115;115;115m▀[0m[38;2;0;0;0m[48;2;0;0;0m▀[0m [38;2;0;0;0m▄[38;2;0;0;0m[48;2;115;115;115m▀[0m[38;2;0;0;0m▄ [38;2;0;0;0m[48;2;0;0;0m▀[0m[38;2;255;59;149m[48;2;65;98;158m▀[0m[38;2;255;59;149m[48;2;65;98;158m▀[0m[38;2;93;129;188m[48;2;93;129;188m▀[0m[38;2;65;98;158m[48;2;0;0;0m▀[0m[38;2;0;0;0m▀ [38;2;0;0;0m▀[38;2;0;0;0m▀[38;2;0;0;0m▀  
 [38;2;0;0;0m▀[38;2;255;59;149m[48;2;0;0;0m▀[0m[38;2;255;59;149m[48;2;0;0;0m▀[0m[38;2;255;128;184m[48;2;255;255;255m▀[0m[38;2;189;189;189m[48;2;65;65;65m▀[0m[38;2;65;65;65m[48;2;65;65;65m▀[0m[38;2;65;65;65m[48;2;115;115;115m▀[0m[38;2;115;115;115m[48;2;115;115;115m▀[0m[38;2;115;115;115m[48;2;65;65;65m▀[0m[38;2;0;0;0m[48;2;65;65;65m▀[0m[38;2;115;115;115m[48;2;65;65;65m▀[0m[38;2;65;65;65m[48;2;65;98;158m▀[0m[38;2;65;65;65m[48;2;65;98;158m▀[0m[38;2;115;115;115m[48;2;65;65;65m▀[0m[38;2;0;0;0m[48;2;0;0;0m▀[0m[38;2;65;65;65m[48;2;65;98;158m▀[0m[38;2;115;115;115m[48;2;65;65;65m▀[0m[38;2;0;0;0m[48;2;65;65;65m▀[0m[38;2;255;59;149m[48;2;65;98;158m▀[0m[38;2;255;59;149m[48;2;65;98;158m▀[0m[38;2;93;129;188m[48;2;65;98;158m▀[0m[38;2;93;129;188m[48;2;93;129;188m▀[0m[38;2;0;0;0m[48;2;0;0;0m▀[0m        
   [38;2;0;0;0m▄[38;2;0;0;0m[48;2;255;59;149m▀[0m[38;2;65;98;158m[48;2;93;129;188m▀[0m[38;2;93;129;188m[48;2;93;129;188m▀[0m[38;2;115;115;115m[48;2;65;65;65m▀[0m[38;2;65;65;65m[48;2;93;129;188m▀[0m[38;2;93;129;188m[48;2;93;129;188m▀[0m[38;2;93;129;188m[48;2;93;129;188m▀[0m[38;2;65;98;158m[48;2;93;129;188m▀[0m[38;2;65;65;65m[48;2;65;98;158m▀[0m[38;2;93;129;188m[48;2;65;65;65m▀[0m[38;2;93;129;188m[48;2;93;129;188m▀[0m[38;2;65;65;65m[48;2;93;129;188m▀[0m[38;2;93;129;188m[48;2;65;98;158m▀[0m[38;2;93;129;188m[48;2;93;129;188m▀[0m[38;2;65;65;65m[48;2;93;129;188m▀[0m[38;2;255;59;149m[48;2;65;65;65m▀[0m[38;2;93;129;188m[48;2;65;65;65m▀[0m[38;2;93;129;188m[48;2;0;0;0m▀[0m[38;2;0;0;0m▀         
   [38;2;0;0;0m[48;2;0;0;0m▀[0m[38;2;65;65;65m[48;2;255;59;149m▀[0m[38;2;93;129;188m[48;2;255;59;149m▀[0m[38;2;93;129;188m[48;2;93;129;188m▀[0m[38;2;93;129;188m[48;2;93;129;188m▀[0m[38;2;93;129;188m[48;2;93;129;188m▀[0m[38;2;93;129;188m[48;2;93;129;188m▀[0m[38;2;93;129;188m[48;2;93;129;188m▀[0m[38;2;93;129;188m[48;2;255;128;184m▀[0m[38;2;65;98;158m[48;2;255;59;149m▀[0m[38;2;255;59;149m[48;2;255;59;149m▀[0m[38;2;93;129;188m[48;2;65;65;65m▀[0m[38;2;65;65;65m[48;2;65;65;65m▀[0m[38;2;65;65;65m[48;2;189;189;189m▀[0m[38;2;65;65;65m[48;2;189;189;189m▀[0m[38;2;65;65;65m[48;2;189;189;189m▀[0m[38;2;189;189;189m[48;2;65;65;65m▀[0m[38;2;189;189;189m[48;2;65;65;65m▀[0m[38;2;65;65;65m[48;2;255;255;255m▀[0m[38;2;0;0;0m[48;2;255;255;255m▀[0m[38;2;0;0;0m[48;2;255;255;255m▀[0m[38;2;0;0;0m▄[38;2;0;0;0m▄      
   [38;2;0;0;0m▄[38;2;0;0;0m[48;2;0;0;0m▀[0m[38;2;65;98;158m[48;2;255;255;255m▀[0m[38;2;65;98;158m[48;2;93;129;188m▀[0m[38;2;65;98;158m[48;2;93;129;188m▀[0m[38;2;255;59;149m[48;2;65;98;158m▀[0m[38;2;255;59;149m[48;2;255;59;149m▀[0m[38;2;65;65;65m[48;2;65;65;65m▀[0m[38;2;255;59;149m[48;2;65;65;65m▀[0m[38;2;255;59;149m[48;2;65;65;65m▀[0m[38;2;65;65;65m[48;2;255;59;149m▀[0m[38;2;65;65;65m[48;2;65;65;65m▀[0m[38;2;65;98;158m[48;2;0;0;0m▀[0m[38;2;65;65;65m[48;2;0;0;0m▀[0m[38;2;189;189;189m[48;2;65;65;65m▀[0m[38;2;189;189;189m[48;2;255;255;255m▀[0m[38;2;255;255;255m[48;2;255;255;255m▀[0m[38;2;255;255;255m[48;2;255;255;255m▀[0m[38;2;65;65;65m[48;2;255;255;255m▀[0m[38;2;65;65;65m[48;2;255;255;255m▀[0m[38;2;255;255;255m[48;2;65;65;65m▀[0m[38;2;255;128;184m[48;2;255;59;149m▀[0m[38;2;255;59;149m[48;2;255;59;149m▀[0m[38;2;0;0;0m[48;2;0;0;0m▀[0m     
   [38;2;0;0;0m[48;2;0;0;0m▀[0m [38;2;0;0;0m▀[38;2;65;98;158m[48;2;0;0;0m▀[0m[38;2;255;255;255m[48;2;0;0;0m▀[0m[38;2;65;98;158m[48;2;255;59;149m▀[0m[38;2;255;59;149m[48;2;65;65;65m▀[0m[38;2;65;65;65m[48;2;255;59;149m▀[0m[38;2;255;59;149m[48;2;0;0;0m▀[0m[38;2;255;59;149m[48;2;0;0;0m▀[0m[38;2;0;0;0m▀[38;2;0;0;0m[48;2;0;0;0m▀[0m [38;2;0;0;0m▀[38;2;0;0;0m[48;2;0;0;0m▀[0m[38;2;65;65;65m▀[38;2;189;189;189m[48;2;65;65;65m▀[0m[38;2;255;255;255m[48;2;65;65;65m▀[0m[38;2;255;128;184m[48;2;255;59;149m▀[0m[38;2;255;128;184m[48;2;255;59;149m▀[0m[38;2;255;59;149m[48;2;255;59;149m▀[0m[38;2;65;65;65m[48;2;0;0;0m▀[0m[38;2;0;0;0m▀      
        [38;2;0;0;0m▀[38;2;0;0;0m▀[38;2;0;0;0m▀  [38;2;0;0;0m▄[38;2;0;0;0m[48;2;0;0;0m▀[0m [38;2;0;0;0m[48;2;0;0;0m▀[0m[38;2;0;0;0m▀   [38;2;65;65;65m▀[38;2;65;65;65m▀[38;2;65;65;65m▀        
                      [38;2;0;0;0m▀[38;2;0;0;0m▀                            
                                     [0m                                     