             [38;2;0;4;0m▄[38;2;0;4;0m▄[38;2;0;4;0m[48;2;202;77;77m▀[0m[38;2;0;4;0m[48;2;0;4;0m▀[0m                      
           [38;2;0;4;0m▄[38;2;0;4;0m[48;2;202;77;77m▀[0m[38;2;202;77;77m[48;2;202;70;75m▀[0m[38;2;202;77;77m[48;2;202;70;75m▀[0m[38;2;0;4;0m[48;2;16;1;0m▀[0m[38;2;16;1;0m▄[38;2;0;4;0m▄[38;2;0;4;0m▄                    
          [38;2;0;4;0m▄[38;2;0;4;0m[48;2;202;73;77m▀[0m[38;2;202;77;77m[48;2;202;73;77m▀[0m[38;2;202;70;75m[48;2;212;149;152m▀[0m[38;2;222;223;222m[48;2;159;97;98m▀[0m[38;2;251;209;213m[48;2;202;73;77m▀[0m[38;2;134;104;104m[48;2;202;73;77m▀[0m[38;2;202;77;77m[48;2;202;70;75m▀[0m[38;2;202;77;77m[48;2;202;70;75m▀[0m[38;2;0;4;0m[48;2;193;78;84m▀[0m[38;2;0;4;0m[48;2;193;78;84m▀[0m[38;2;0;4;0m▄                 
          [38;2;0;4;0m[48;2;0;4;0m▀[0m[38;2;202;73;77m[48;2;142;98;148m▀[0m[38;2;202;73;77m[48;2;71;55;74m▀[0m[38;2;159;97;98m[48;2;66;65;66m▀[0m[38;2;107;47;45m[48;2;198;93;159m▀[0m[38;2;202;73;77m[48;2;66;65;66m▀[0m[38;2;202;73;77m[48;2;199;75;78m▀[0m[38;2;222;223;222m[48;2;202;70;75m▀[0m[38;2;202;70;75m[48;2;222;223;222m▀[0m[38;2;95;43;46m[48;2;0;4;0m▀[0m[38;2;8;8;0m▀[38;2;202;77;77m[48;2;0;4;0m▀[0m[38;2;0;4;0m[48;2;0;4;0m▀[0m                
          [38;2;0;4;0m▄[38;2;0;12;0m[48;2;198;93;159m▀[0m[38;2;142;98;148m[48;2;157;64;67m▀[0m[38;2;198;93;159m[48;2;198;93;159m▀[0m[38;2;198;93;159m[48;2;66;65;66m▀[0m[38;2;66;65;66m[48;2;199;75;78m▀[0m[38;2;199;75;78m[48;2;199;75;78m▀[0m[38;2;202;70;75m[48;2;202;75;78m▀[0m[38;2;222;223;222m[48;2;202;75;78m▀[0m[38;2;135;58;62m[48;2;134;58;63m▀[0m[38;2;0;4;0m[48;2;0;4;0m▀[0m [38;2;0;4;0m▄[38;2;0;4;0m▄   [38;2;0;4;0m▄[38;2;0;4;0m▄          
      [38;2;0;4;0m▄[38;2;0;4;0m[48;2;127;77;114m▀[0m[38;2;0;4;0m[48;2;66;65;66m▀[0m[38;2;0;9;24m▄[38;2;0;4;0m[48;2;181;105;161m▀[0m[38;2;157;64;67m[48;2;178;72;71m▀[0m[38;2;157;64;67m[48;2;178;72;71m▀[0m[38;2;66;65;66m[48;2;75;65;74m▀[0m[38;2;198;93;159m[48;2;198;101;155m▀[0m[38;2;66;65;66m[48;2;132;78;118m▀[0m[38;2;199;75;78m[48;2;72;62;62m▀[0m[38;2;202;75;78m[48;2;134;58;63m▀[0m[38;2;130;58;62m[48;2;134;58;63m▀[0m[38;2;134;58;63m[48;2;66;65;66m▀[0m[38;2;0;4;0m[48;2;127;77;114m▀[0m[38;2;0;4;0m[48;2;127;76;113m▀[0m[38;2;198;93;159m[48;2;198;93;159m▀[0m[38;2;198;93;159m[48;2;198;93;159m▀[0m[38;2;0;4;0m[48;2;66;65;66m▀[0m[38;2;0;4;0m▄ [38;2;0;4;0m[48;2;0;4;0m▀[0m[38;2;198;93;159m[48;2;198;93;159m▀[0m[38;2;0;4;0m[48;2;198;95;155m▀[0m[38;2;0;4;0m[48;2;198;95;155m▀[0m[38;2;0;4;0m▄ [38;2;0;4;0m▄[38;2;0;4;0m▄    
  [38;2;0;4;0m[48;2;0;4;0m▀[0m[38;2;0;4;0m[48;2;127;77;114m▀[0m[38;2;0;4;0m▄[38;2;0;8;0m▄[38;2;0;4;0m[48;2;123;81;112m▀[0m[38;2;66;65;66m[48;2;74;40;65m▀[0m[38;2;127;77;114m[48;2;123;97;116m▀[0m[38;2;90;60;82m[48;2;136;63;66m▀[0m[38;2;90;60;82m[48;2;136;63;66m▀[0m[38;2;178;72;71m[48;2;129;89;123m▀[0m[38;2;198;93;159m[48;2;68;56;75m▀[0m[38;2;75;65;74m[48;2;198;93;159m▀[0m[38;2;110;79;100m[48;2;93;95;95m▀[0m[38;2;198;93;167m[48;2;198;93;159m▀[0m[38;2;72;62;62m[48;2;127;76;113m▀[0m[38;2;66;65;66m[48;2;66;65;66m▀[0m[38;2;66;65;66m[48;2;127;77;114m▀[0m[38;2;127;77;114m[48;2;132;78;118m▀[0m[38;2;66;65;66m[48;2;72;62;62m▀[0m[38;2;127;76;113m[48;2;127;77;114m▀[0m[38;2;127;76;113m[48;2;127;77;114m▀[0m[38;2;198;93;159m[48;2;198;93;159m▀[0m[38;2;66;65;66m[48;2;66;65;66m▀[0m[38;2;198;93;159m[48;2;198;93;159m▀[0m[38;2;0;4;0m[48;2;198;93;159m▀[0m[38;2;198;93;159m[48;2;66;65;66m▀[0m[38;2;198;93;159m[48;2;66;65;66m▀[0m[38;2;198;95;155m[48;2;66;65;66m▀[0m[38;2;198;95;155m[48;2;198;93;159m▀[0m[38;2;198;93;159m[48;2;198;93;159m▀[0m[38;2;0;4;0m[48;2;132;79;116m▀[0m[38;2;127;77;114m[48;2;66;65;66m▀[0m[38;2;127;77;114m[48;2;127;77;114m▀[0m[38;2;0;4;0m[48;2;0;4;0m▀[0m   
  [38;2;0;4;0m[48;2;0;4;0m▀[0m[38;2;127;77;114m[48;2;127;77;114m▀[0m[38;2;127;77;114m[48;2;127;77;114m▀[0m[38;2;82;56;75m[48;2;132;78;118m▀[0m[38;2;123;81;112m[48;2;132;78;118m▀[0m[38;2;123;97;116m[48;2;198;93;159m▀[0m[38;2;222;211;219m[48;2;198;93;159m▀[0m[38;2;198;93;159m[48;2;222;223;222m▀[0m[38;2;136;63;66m[48;2;222;223;222m▀[0m[38;2;165;101;148m[48;2;198;93;159m▀[0m[38;2;68;56;75m[48;2;198;93;159m▀[0m[38;2;198;93;159m[48;2;198;93;159m▀[0m[38;2;93;95;95m[48;2;198;93;159m▀[0m[38;2;198;93;159m[48;2;198;95;155m▀[0m[38;2;127;76;113m[48;2;198;95;155m▀[0m[38;2;66;65;66m[48;2;66;65;66m▀[0m[38;2;127;77;114m[48;2;66;65;66m▀[0m[38;2;72;62;62m[48;2;198;93;159m▀[0m[38;2;198;93;167m[48;2;130;58;62m▀[0m[38;2;66;65;66m[48;2;66;65;66m▀[0m[38;2;127;77;114m[48;2;198;93;159m▀[0m[38;2;198;93;159m[48;2;198;95;155m▀[0m[38;2;198;93;159m[48;2;198;95;155m▀[0m[38;2;66;65;66m[48;2;198;93;159m▀[0m[38;2;198;93;159m[48;2;66;65;66m▀[0m[38;2;198;93;159m[48;2;72;62;62m▀[0m[38;2;198;93;159m[48;2;198;93;167m▀[0m[38;2;198;93;159m[48;2;198;93;159m▀[0m[38;2;198;93;159m[48;2;198;93;159m▀[0m[38;2;75;66;64m[48;2;198;93;159m▀[0m[38;2;198;93;159m[48;2;66;65;66m▀[0m[38;2;127;77;114m[48;2;127;77;114m▀[0m[38;2;127;77;114m[48;2;127;77;114m▀[0m[38;2;127;77;114m[48;2;127;77;114m▀[0m[38;2;0;4;0m[48;2;0;4;0m▀[0m  
   [38;2;0;4;0m[48;2;0;8;0m▀[0m[38;2;127;77;114m[48;2;123;81;112m▀[0m[38;2;77;66;61m[48;2;66;65;66m▀[0m[38;2;198;93;167m[48;2;66;65;66m▀[0m[38;2;198;93;159m[48;2;202;75;75m▀[0m[38;2;202;75;75m[48;2;202;75;75m▀[0m[38;2;222;223;222m[48;2;198;93;159m▀[0m[38;2;66;65;66m[48;2;66;65;66m▀[0m[38;2;222;223;222m[48;2;66;49;55m▀[0m[38;2;198;93;159m[48;2;66;49;55m▀[0m[38;2;132;79;116m[48;2;255;255;255m▀[0m[38;2;75;66;64m[48;2;66;65;66m▀[0m[38;2;198;95;155m[48;2;156;74;108m▀[0m[38;2;198;95;155m[48;2;195;60;75m▀[0m[38;2;198;93;159m[48;2;198;95;155m▀[0m[38;2;198;93;159m[48;2;198;95;155m▀[0m[38;2;198;93;159m[48;2;130;58;62m▀[0m[38;2;130;58;62m[48;2;202;75;78m▀[0m[38;2;66;65;66m[48;2;66;65;66m▀[0m[38;2;66;65;66m[48;2;198;93;159m▀[0m[38;2;198;95;155m[48;2;132;79;116m▀[0m[38;2;198;95;155m[48;2;198;93;159m▀[0m[38;2;198;93;159m[48;2;127;77;114m▀[0m[38;2;198;93;159m[48;2;127;77;114m▀[0m[38;2;132;78;118m[48;2;66;65;66m▀[0m[38;2;72;62;62m[48;2;198;93;159m▀[0m[38;2;198;93;159m[48;2;198;93;159m▀[0m[38;2;66;65;66m[48;2;222;223;222m▀[0m[38;2;198;93;159m[48;2;66;65;66m▀[0m[38;2;198;93;159m[48;2;198;93;159m▀[0m[38;2;66;65;66m[48;2;66;65;66m▀[0m[38;2;127;77;114m[48;2;66;65;66m▀[0m[38;2;127;77;114m[48;2;127;77;114m▀[0m[38;2;0;4;0m[48;2;0;4;0m▀[0m  
  [38;2;0;4;0m▄[38;2;0;8;0m[48;2;112;60;63m▀[0m[38;2;82;56;75m[48;2;132;77;117m▀[0m[38;2;148;150;140m[48;2;66;57;58m▀[0m[38;2;66;65;66m[48;2;198;89;153m▀[0m[38;2;202;75;75m[48;2;159;105;136m▀[0m[38;2;198;93;159m[48;2;115;48;90m▀[0m[38;2;66;65;66m[48;2;66;65;66m▀[0m[38;2;66;65;66m[48;2;66;65;66m▀[0m[38;2;0;24;16m[48;2;255;255;198m▀[0m[38;2;198;105;161m[48;2;194;193;148m▀[0m[38;2;255;255;255m[48;2;66;65;66m▀[0m[38;2;66;65;66m[48;2;66;65;66m▀[0m[38;2;195;60;75m[48;2;66;65;66m▀[0m[38;2;128;85;117m[48;2;198;93;159m▀[0m[38;2;198;95;155m[48;2;198;93;159m▀[0m[38;2;198;95;155m[48;2;112;60;63m▀[0m[38;2;130;58;62m[48;2;129;89;123m▀[0m[38;2;202;75;78m[48;2;68;56;75m▀[0m[38;2;66;65;66m[48;2;198;95;155m▀[0m[38;2;198;93;159m[48;2;198;95;155m▀[0m[38;2;198;93;159m[48;2;198;93;159m▀[0m[38;2;75;66;64m[48;2;198;93;159m▀[0m[38;2;66;65;66m[48;2;132;78;118m▀[0m[38;2;127;77;114m[48;2;72;62;62m▀[0m[38;2;198;93;159m[48;2;198;95;155m▀[0m[38;2;198;93;159m[48;2;198;95;155m▀[0m[38;2;222;223;222m[48;2;198;93;159m▀[0m[38;2;198;93;159m[48;2;198;93;159m▀[0m[38;2;66;65;66m[48;2;239;206;221m▀[0m[38;2;198;93;159m[48;2;74;56;66m▀[0m[38;2;66;65;66m[48;2;165;101;148m▀[0m[38;2;199;75;78m[48;2;68;56;75m▀[0m[38;2;0;4;0m[48;2;202;77;77m▀[0m[38;2;0;4;0m▄  
 [38;2;0;4;0m▀[38;2;135;58;62m[48;2;0;4;0m▀[0m[38;2;112;60;63m[48;2;89;47;52m▀[0m[38;2;112;60;63m[48;2;179;86;90m▀[0m[38;2;154;79;122m[48;2;202;70;75m▀[0m[38;2;198;89;153m[48;2;202;70;75m▀[0m[38;2;159;105;136m[48;2;222;224;219m▀[0m[38;2;247;214;225m[48;2;222;224;219m▀[0m[38;2;222;223;222m[48;2;222;223;222m▀[0m[38;2;66;65;66m[48;2;222;223;222m▀[0m[38;2;74;69;49m[48;2;66;65;66m▀[0m[38;2;74;69;49m[48;2;198;93;159m▀[0m[38;2;198;93;159m[48;2;135;57;63m▀[0m[38;2;198;93;159m[48;2;135;57;63m▀[0m[38;2;198;93;159m[48;2;198;93;159m▀[0m[38;2;198;93;159m[48;2;157;64;67m▀[0m[38;2;112;60;63m[48;2;199;75;78m▀[0m[38;2;112;60;63m[48;2;199;75;78m▀[0m[38;2;68;56;75m[48;2;192;105;86m▀[0m[38;2;165;101;148m[48;2;73;60;62m▀[0m[38;2;198;95;155m[48;2;127;77;114m▀[0m[38;2;198;95;155m[48;2;127;77;114m▀[0m[38;2;127;76;113m[48;2;132;78;118m▀[0m[38;2;127;76;113m[48;2;72;62;62m▀[0m[38;2;72;62;62m[48;2;184;110;152m▀[0m[38;2;198;93;167m[48;2;222;218;214m▀[0m[38;2;198;95;155m[48;2;165;56;120m▀[0m[38;2;198;95;155m[48;2;184;110;152m▀[0m[38;2;198;93;159m[48;2;198;93;159m▀[0m[38;2;222;223;222m[48;2;198;93;159m▀[0m[38;2;156;131;143m[48;2;198;93;159m▀[0m[38;2;74;56;66m[48;2;66;65;66m▀[0m[38;2;68;56;75m[48;2;135;57;63m▀[0m[38;2;129;89;123m[48;2;202;77;77m▀[0m[38;2;202;77;77m[48;2;202;77;77m▀[0m[38;2;0;4;0m[48;2;202;77;77m▀[0m[38;2;0;4;0m▄ 
  [38;2;0;4;0m▄[38;2;8;12;0m[48;2;134;58;63m▀[0m[38;2;89;47;52m[48;2;134;58;63m▀[0m[38;2;202;70;75m[48;2;66;65;66m▀[0m[38;2;222;223;222m[48;2;66;65;66m▀[0m[38;2;222;224;219m[48;2;214;219;214m▀[0m[38;2;222;224;219m[48;2;109;113;109m▀[0m[38;2;222;223;222m[48;2;66;65;66m▀[0m[38;2;66;65;66m[48;2;66;65;66m▀[0m[38;2;66;65;66m[48;2;198;95;155m▀[0m[38;2;198;93;159m[48;2;198;95;155m▀[0m[38;2;135;57;63m[48;2;198;93;159m▀[0m[38;2;202;77;77m[48;2;157;64;67m▀[0m[38;2;157;64;67m[48;2;199;75;78m▀[0m[38;2;157;64;67m[48;2;199;75;78m▀[0m[38;2;66;65;66m[48;2;199;75;78m▀[0m[38;2;66;65;66m[48;2;199;75;78m▀[0m[38;2;73;60;62m[48;2;66;65;66m▀[0m[38;2;125;91;75m[48;2;127;77;114m▀[0m[38;2;127;77;114m[48;2;66;65;66m▀[0m[38;2;66;65;66m[48;2;198;93;159m▀[0m[38;2;72;62;62m[48;2;184;110;152m▀[0m[38;2;198;93;167m[48;2;165;56;120m▀[0m[38;2;165;56;120m[48;2;222;224;219m▀[0m[38;2;165;56;120m[48;2;222;224;219m▀[0m[38;2;222;218;214m[48;2;222;223;222m▀[0m[38;2;165;56;120m[48;2;156;65;119m▀[0m[38;2;198;93;159m[48;2;198;93;159m▀[0m[38;2;66;65;66m[48;2;66;65;66m▀[0m[38;2;198;93;159m[48;2;198;93;159m▀[0m[38;2;66;65;66m[48;2;66;65;66m▀[0m[38;2;135;57;63m[48;2;134;58;63m▀[0m[38;2;135;57;63m[48;2;0;4;0m▀[0m[38;2;0;4;0m▀[38;2;202;77;77m[48;2;0;4;0m▀[0m[38;2;0;4;0m[48;2;0;4;0m▀[0m 
   [38;2;0;4;0m▀[38;2;134;58;63m[48;2;0;4;0m▀[0m[38;2;66;65;66m[48;2;0;4;0m▀[0m[38;2;134;58;63m[48;2;135;58;62m▀[0m[38;2;57;60;57m[48;2;127;77;114m▀[0m[38;2;57;60;57m[48;2;127;77;114m▀[0m[38;2;127;77;114m[48;2;130;58;62m▀[0m[38;2;127;77;114m[48;2;198;93;159m▀[0m[38;2;198;95;155m[48;2;198;93;159m▀[0m[38;2;198;95;155m[48;2;157;64;67m▀[0m[38;2;157;64;67m[48;2;199;75;78m▀[0m[38;2;157;64;67m[48;2;199;75;78m▀[0m[38;2;66;65;66m[48;2;66;65;66m▀[0m[38;2;199;75;78m[48;2;66;65;66m▀[0m[38;2;199;75;78m[48;2;66;65;66m▀[0m[38;2;66;65;66m[48;2;127;77;114m▀[0m[38;2;127;77;114m[48;2;118;109;116m▀[0m[38;2;127;77;114m[48;2;66;56;66m▀[0m[38;2;198;93;159m[48;2;197;95;158m▀[0m[38;2;198;93;159m[48;2;197;95;158m▀[0m[38;2;165;56;120m[48;2;148;150;140m▀[0m[38;2;222;218;214m[48;2;148;150;140m▀[0m[38;2;222;224;219m[48;2;148;150;140m▀[0m[38;2;222;224;219m[48;2;0;4;0m▀[0m[38;2;222;223;222m[48;2;148;150;142m▀[0m[38;2;156;65;119m[48;2;222;223;214m▀[0m[38;2;198;93;159m[48;2;156;65;119m▀[0m[38;2;66;65;66m[48;2;222;223;222m▀[0m[38;2;198;93;159m[48;2;66;65;66m▀[0m[38;2;66;65;66m[48;2;134;58;63m▀[0m[38;2;134;58;63m[48;2;134;58;63m▀[0m[38;2;0;4;0m[48;2;134;58;63m▀[0m[38;2;0;4;0m▄   
      [38;2;0;4;0m[48;2;0;4;0m▀[0m[38;2;130;58;62m[48;2;134;58;63m▀[0m[38;2;127;77;114m[48;2;134;58;63m▀[0m[38;2;130;58;62m[48;2;202;77;77m▀[0m[38;2;198;93;159m[48;2;134;51;54m▀[0m[38;2;157;64;67m[48;2;199;75;78m▀[0m[38;2;157;64;67m[48;2;199;75;78m▀[0m[38;2;199;75;78m[48;2;66;65;66m▀[0m[38;2;66;65;66m[48;2;127;77;114m▀[0m[38;2;127;77;114m[48;2;127;77;114m▀[0m[38;2;127;77;114m[48;2;66;65;66m▀[0m[38;2;127;77;114m[48;2;127;77;114m▀[0m[38;2;127;77;114m[48;2;127;77;114m▀[0m[38;2;66;56;66m[48;2;222;223;222m▀[0m[38;2;222;214;217m[48;2;222;223;222m▀[0m[38;2;156;65;119m[48;2;173;48;128m▀[0m[38;2;197;95;158m[48;2;192;105;158m▀[0m[38;2;148;150;140m[48;2;0;4;0m▀[0m[38;2;0;4;0m▀[38;2;0;4;0m▀ [38;2;0;4;0m[48;2;0;4;0m▀[0m[38;2;222;223;214m[48;2;222;223;222m▀[0m[38;2;222;223;222m[48;2;222;224;219m▀[0m[38;2;222;223;222m[48;2;222;224;219m▀[0m[38;2;66;65;66m[48;2;84;64;66m▀[0m[38;2;134;58;63m[48;2;84;64;66m▀[0m[38;2;134;58;63m[48;2;134;58;63m▀[0m[38;2;134;58;63m[48;2;134;58;63m▀[0m[38;2;0;4;0m[48;2;0;4;0m▀[0m   
       [38;2;0;4;0m▀[38;2;134;58;63m[48;2;0;4;0m▀[0m[38;2;0;8;0m▀[38;2;202;77;77m[48;2;0;4;0m▀[0m[38;2;199;75;78m[48;2;86;48;48m▀[0m[38;2;66;65;66m[48;2;129;67;67m▀[0m[38;2;127;77;114m[48;2;74;70;68m▀[0m[38;2;127;77;114m[48;2;74;70;68m▀[0m[38;2;66;65;66m[48;2;82;56;75m▀[0m[38;2;66;65;66m[48;2;123;81;112m▀[0m[38;2;127;77;114m[48;2;127;77;114m▀[0m[38;2;66;65;66m[48;2;0;4;0m▀[0m[38;2;202;70;75m[48;2;154;97;98m▀[0m[38;2;222;223;222m[48;2;255;206;212m▀[0m[38;2;231;214;217m[48;2;231;214;221m▀[0m[38;2;192;105;158m[48;2;123;107;115m▀[0m[38;2;0;4;0m[48;2;0;4;0m▀[0m    [38;2;0;4;0m▀[38;2;222;224;219m[48;2;0;4;0m▀[0m[38;2;222;224;219m[48;2;222;223;214m▀[0m[38;2;222;223;222m[48;2;222;223;214m▀[0m[38;2;84;64;66m[48;2;74;74;71m▀[0m[38;2;134;58;63m[48;2;0;4;0m▀[0m[38;2;0;4;0m▀    
          [38;2;0;4;0m▄[38;2;8;8;0m[48;2;134;58;63m▀[0m[38;2;129;67;67m[48;2;134;58;63m▀[0m[38;2;148;141;137m[48;2;0;4;0m▀[0m[38;2;0;0;0m▀[38;2;0;8;0m▀[38;2;123;81;112m[48;2;0;4;0m▀[0m[38;2;0;4;0m▀ [38;2;41;3;0m[48;2;0;4;0m▀[0m[38;2;154;97;98m[48;2;202;77;77m▀[0m[38;2;231;214;221m[48;2;222;223;214m▀[0m[38;2;16;0;8m[48;2;0;0;0m▀[0m     [38;2;0;4;0m▄[38;2;0;4;0m[48;2;222;223;222m▀[0m[38;2;148;150;142m[48;2;222;223;222m▀[0m[38;2;222;223;214m[48;2;0;4;0m▀[0m[38;2;0;0;0m▀      
         [38;2;0;4;0m[48;2;0;4;0m▀[0m[38;2;66;64;66m[48;2;66;64;66m▀[0m[38;2;66;65;66m[48;2;66;64;66m▀[0m[38;2;134;58;63m[48;2;66;64;66m▀[0m[38;2;135;58;62m[48;2;0;4;0m▀[0m[38;2;0;4;0m▀  [38;2;0;4;0m[48;2;0;4;0m▀[0m[38;2;0;4;0m[48;2;202;77;77m▀[0m[38;2;202;77;77m[48;2;202;73;77m▀[0m[38;2;202;77;77m[48;2;202;73;77m▀[0m[38;2;222;223;214m[48;2;95;43;46m▀[0m[38;2;74;74;71m[48;2;193;78;84m▀[0m[38;2;0;4;0m[48;2;0;4;0m▀[0m   [38;2;0;4;0m▀[38;2;66;64;66m[48;2;0;4;0m▀[0m[38;2;66;65;66m[48;2;0;4;0m▀[0m[38;2;66;65;66m[48;2;0;4;0m▀[0m[38;2;0;4;0m▀       
          [38;2;0;4;0m▀[38;2;0;4;0m▀[38;2;0;4;0m▀    [38;2;0;4;0m▄[38;2;0;4;0m[48;2;66;64;66m▀[0m[38;2;202;73;77m[48;2;66;65;66m▀[0m[38;2;202;73;77m[48;2;199;75;78m▀[0m[38;2;193;78;84m[48;2;0;4;0m▀[0m[38;2;8;8;0m▀                
                 [38;2;0;4;0m▀[38;2;66;64;66m[48;2;0;4;0m▀[0m[38;2;66;65;66m[48;2;0;4;0m▀[0m[38;2;66;65;66m[48;2;0;4;0m▀[0m[38;2;0;4;0m▀                 
                                     [0m                                     