    [38;2;0;0;0m[48;2;0;0;0m▀[0m[38;2;0;0;0m[48;2;93;97;93m▀[0m[38;2;0;0;0m▄                                         
 [38;2;0;0;0m▄[38;2;0;0;0m▄ [38;2;0;0;0m▀[38;2;93;97;93m[48;2;0;0;0m▀[0m[38;2;93;97;93m[48;2;93;97;93m▀[0m[38;2;0;0;0m[48;2;0;0;0m▀[0m   [38;2;0;0;0m▄                                 [38;2;0;0;0m▄[38;2;0;0;0m▄ 
 [38;2;0;0;0m[48;2;0;0;0m▀[0m[38;2;255;174;49m[48;2;255;174;49m▀[0m[38;2;0;0;0m[48;2;255;174;49m▀[0m[38;2;0;0;0m▄[38;2;0;0;0m▀[38;2;93;97;93m[48;2;0;0;0m▀[0m[38;2;93;97;93m[48;2;93;97;93m▀[0m[38;2;0;0;0m[48;2;93;97;93m▀[0m[38;2;0;0;0m▄[38;2;0;0;0m[48;2;0;0;0m▀[0m[38;2;93;97;93m[48;2;93;97;93m▀[0m[38;2;0;0;0m[48;2;0;0;0m▀[0m                      [38;2;0;0;0m▄[38;2;0;0;0m▄     [38;2;0;0;0m▄[38;2;0;0;0m▄[38;2;0;0;0m[48;2;93;97;93m▀[0m[38;2;93;97;93m[48;2;0;0;0m▀[0m[38;2;0;0;0m▀ 
  [38;2;0;0;0m▀[38;2;255;174;49m[48;2;0;0;0m▀[0m[38;2;255;174;49m[48;2;255;174;49m▀[0m[38;2;0;0;0m[48;2;255;174;49m▀[0m[38;2;65;64;65m[48;2;65;64;65m▀[0m[38;2;93;97;93m[48;2;93;97;93m▀[0m[38;2;65;64;65m[48;2;65;64;65m▀[0m[38;2;65;64;65m[48;2;255;174;49m▀[0m[38;2;0;0;0m[48;2;65;64;65m▀[0m[38;2;98;97;98m[48;2;98;97;98m▀[0m[38;2;93;97;93m[48;2;93;97;93m▀[0m[38;2;0;0;0m[48;2;0;0;0m▀[0m  [38;2;0;0;0m▄                [38;2;0;0;0m▄[38;2;0;0;0m[48;2;93;97;93m▀[0m[38;2;93;97;93m[48;2;0;0;0m▀[0m[38;2;0;0;0m▀  [38;2;0;0;0m▄[38;2;0;0;0m▄[38;2;0;0;0m[48;2;93;97;93m▀[0m[38;2;93;97;93m[48;2;93;97;93m▀[0m[38;2;93;97;93m[48;2;65;64;65m▀[0m[38;2;74;76;74m[48;2;74;76;74m▀[0m[38;2;74;76;74m[48;2;255;206;65m▀[0m[38;2;0;0;0m[48;2;0;0;0m▀[0m 
   [38;2;0;0;0m▀[38;2;255;174;49m[48;2;0;0;0m▀[0m[38;2;255;174;49m[48;2;255;174;49m▀[0m[38;2;255;174;49m[48;2;255;174;49m▀[0m[38;2;65;64;65m[48;2;255;174;49m▀[0m[38;2;65;64;65m[48;2;65;64;65m▀[0m[38;2;255;174;49m[48;2;65;64;65m▀[0m[38;2;255;174;49m[48;2;255;174;49m▀[0m[38;2;65;64;65m[48;2;65;64;65m▀[0m[38;2;93;97;93m[48;2;93;97;93m▀[0m[38;2;0;0;0m[48;2;93;97;93m▀[0m[38;2;0;0;0m▄[38;2;0;0;0m[48;2;65;64;65m▀[0m[38;2;255;206;65m[48;2;255;206;65m▀[0m[38;2;0;0;0m[48;2;0;0;0m▀[0m   [38;2;0;0;0m▄[38;2;0;0;0m[48;2;255;206;65m▀[0m[38;2;0;0;0m[48;2;0;0;0m▀[0m      [38;2;0;0;0m▄[38;2;0;0;0m▄[38;2;0;0;0m[48;2;93;97;93m▀[0m[38;2;93;97;93m[48;2;93;97;93m▀[0m[38;2;74;76;74m[48;2;74;76;74m▀[0m[38;2;74;76;74m[48;2;255;206;65m▀[0m[38;2;0;0;0m[48;2;65;64;65m▀[0m[38;2;0;0;0m▄[38;2;0;0;0m[48;2;93;97;93m▀[0m[38;2;93;97;93m[48;2;93;97;93m▀[0m[38;2;93;97;93m[48;2;65;64;65m▀[0m[38;2;93;97;93m[48;2;65;64;65m▀[0m[38;2;65;64;65m[48;2;255;206;65m▀[0m[38;2;255;206;65m[48;2;255;206;65m▀[0m[38;2;255;206;65m[48;2;0;0;0m▀[0m[38;2;0;0;0m▀  
     [38;2;0;0;0m[48;2;0;0;0m▀[0m[38;2;255;172;48m[48;2;255;172;48m▀[0m[38;2;255;172;48m[48;2;255;172;48m▀[0m[38;2;255;174;49m[48;2;255;174;49m▀[0m[38;2;65;64;65m[48;2;255;174;49m▀[0m[38;2;255;174;49m[48;2;65;64;65m▀[0m[38;2;255;174;49m[48;2;255;174;49m▀[0m[38;2;55;59;75m[48;2;255;167;49m▀[0m[38;2;126;97;61m[48;2;55;59;75m▀[0m[38;2;65;64;65m[48;2;65;64;65m▀[0m[38;2;65;64;65m[48;2;255;206;65m▀[0m[38;2;255;206;65m[48;2;255;206;65m▀[0m[38;2;65;64;65m[48;2;65;64;65m▀[0m[38;2;0;0;0m[48;2;65;64;65m▀[0m[38;2;0;0;0m▄[38;2;0;0;0m[48;2;255;206;65m▀[0m[38;2;255;206;65m[48;2;255;206;65m▀[0m[38;2;0;0;0m[48;2;0;0;0m▀[0m     [38;2;0;0;0m▄[38;2;0;0;0m[48;2;93;97;93m▀[0m[38;2;95;97;95m[48;2;95;97;95m▀[0m[38;2;95;97;95m[48;2;95;97;95m▀[0m[38;2;74;76;74m[48;2;74;76;74m▀[0m[38;2;74;76;74m[48;2;255;206;65m▀[0m[38;2;255;206;65m[48;2;255;206;65m▀[0m[38;2;65;64;65m[48;2;65;64;65m▀[0m[38;2;93;97;93m[48;2;93;97;93m▀[0m[38;2;93;97;93m[48;2;65;64;65m▀[0m[38;2;65;64;65m[48;2;255;206;65m▀[0m[38;2;65;64;65m[48;2;255;206;65m▀[0m[38;2;255;207;62m[48;2;255;207;62m▀[0m[38;2;255;207;62m[48;2;255;207;62m▀[0m[38;2;255;206;65m[48;2;0;0;0m▀[0m[38;2;0;0;0m▀    
  [38;2;0;0;0m[48;2;0;0;0m▀[0m[38;2;0;0;0m[48;2;255;174;49m▀[0m[38;2;0;0;0m[48;2;255;174;49m▀[0m[38;2;0;0;0m▄[38;2;0;0;24m[48;2;83;57;37m▀[0m[38;2;255;174;57m[48;2;83;57;37m▀[0m[38;2;255;172;48m[48;2;255;172;48m▀[0m[38;2;255;172;48m[48;2;255;172;48m▀[0m[38;2;255;174;49m[48;2;255;174;49m▀[0m[38;2;255;174;49m[48;2;65;64;65m▀[0m[38;2;65;64;65m[48;2;255;174;49m▀[0m[38;2;255;174;49m[48;2;65;64;65m▀[0m[38;2;65;64;65m[48;2;65;64;65m▀[0m[38;2;255;206;65m[48;2;255;206;65m▀[0m[38;2;255;206;65m[48;2;255;206;65m▀[0m[38;2;65;64;65m[48;2;65;64;65m▀[0m[38;2;0;0;0m[48;2;255;206;65m▀[0m[38;2;255;206;65m[48;2;255;206;65m▀[0m[38;2;255;206;65m[48;2;255;206;65m▀[0m[38;2;0;0;0m[48;2;0;0;0m▀[0m [38;2;0;0;0m▄[38;2;0;0;0m▄ [38;2;0;0;0m▄[38;2;0;0;0m[48;2;93;97;93m▀[0m[38;2;93;97;93m[48;2;93;97;93m▀[0m[38;2;93;97;93m[48;2;65;64;65m▀[0m[38;2;65;64;65m[48;2;255;206;65m▀[0m[38;2;65;64;65m[48;2;255;206;65m▀[0m[38;2;255;206;65m[48;2;255;206;65m▀[0m[38;2;255;206;65m[48;2;65;64;65m▀[0m[38;2;65;64;65m[48;2;65;64;65m▀[0m[38;2;65;64;65m[48;2;255;206;65m▀[0m[38;2;65;64;65m[48;2;255;206;65m▀[0m[38;2;255;206;65m[48;2;255;206;65m▀[0m[38;2;255;207;62m[48;2;255;207;62m▀[0m[38;2;255;207;62m[48;2;255;207;62m▀[0m[38;2;255;206;65m[48;2;0;0;0m▀[0m[38;2;0;0;0m▀      
   [38;2;0;0;0m▀[38;2;255;174;49m[48;2;0;0;0m▀[0m[38;2;255;174;49m[48;2;255;174;49m▀[0m[38;2;255;174;49m[48;2;255;174;49m▀[0m[38;2;65;64;65m[48;2;255;174;49m▀[0m[38;2;65;64;65m[48;2;255;174;49m▀[0m[38;2;255;174;49m[48;2;255;174;49m▀[0m[38;2;255;174;49m[48;2;65;64;65m▀[0m[38;2;65;64;65m[48;2;255;174;49m▀[0m[38;2;241;189;20m[48;2;65;64;65m▀[0m[38;2;65;64;65m[48;2;255;212;74m▀[0m[38;2;255;207;62m[48;2;255;207;62m▀[0m[38;2;255;207;62m[48;2;255;207;62m▀[0m[38;2;65;64;65m[48;2;255;206;65m▀[0m[38;2;255;206;65m[48;2;255;206;65m▀[0m[38;2;255;207;62m[48;2;255;207;62m▀[0m[38;2;255;207;62m[48;2;255;207;62m▀[0m[38;2;65;64;65m[48;2;255;206;65m▀[0m[38;2;65;64;65m[48;2;255;206;65m▀[0m[38;2;0;0;0m[48;2;255;206;65m▀[0m[38;2;255;206;65m[48;2;255;206;65m▀[0m[38;2;255;209;82m[48;2;96;78;41m▀[0m[38;2;0;0;41m[48;2;96;78;41m▀[0m[38;2;93;97;93m[48;2;93;97;93m▀[0m[38;2;93;97;93m[48;2;65;64;65m▀[0m[38;2;65;64;65m[48;2;255;206;65m▀[0m[38;2;255;206;65m[48;2;255;206;65m▀[0m[38;2;255;207;62m[48;2;255;207;62m▀[0m[38;2;255;207;62m[48;2;255;207;62m▀[0m[38;2;65;64;65m[48;2;255;206;65m▀[0m[38;2;255;206;65m[48;2;255;206;65m▀[0m[38;2;255;207;62m[48;2;255;207;62m▀[0m[38;2;255;207;62m[48;2;255;207;62m▀[0m[38;2;255;207;62m[48;2;255;207;62m▀[0m[38;2;255;207;62m[48;2;255;207;62m▀[0m[38;2;255;206;65m[48;2;0;0;0m▀[0m[38;2;0;0;0m▀[38;2;0;0;0m▄[38;2;0;0;0m▄[38;2;0;0;0m▄[38;2;0;0;0m▄    
     [38;2;0;0;0m▀[38;2;0;0;0m▀[38;2;255;174;49m[48;2;0;0;0m▀[0m[38;2;255;172;48m[48;2;255;172;48m▀[0m[38;2;255;172;48m[48;2;255;172;48m▀[0m[38;2;65;64;65m[48;2;255;174;49m▀[0m[38;2;255;174;49m[48;2;65;64;65m▀[0m[38;2;150;112;54m[48;2;255;202;65m▀[0m[38;2;255;202;65m[48;2;64;53;84m▀[0m[38;2;255;207;62m[48;2;255;207;62m▀[0m[38;2;255;207;62m[48;2;255;207;62m▀[0m[38;2;255;207;62m[48;2;255;207;62m▀[0m[38;2;255;207;62m[48;2;255;207;62m▀[0m[38;2;255;206;65m[48;2;255;206;65m▀[0m[38;2;255;206;65m[48;2;65;64;65m▀[0m[38;2;255;206;65m[48;2;65;64;65m▀[0m[38;2;255;206;65m[48;2;255;206;65m▀[0m[38;2;255;206;65m[48;2;255;206;65m▀[0m[38;2;65;64;65m[48;2;255;206;65m▀[0m[38;2;65;64;65m[48;2;255;206;65m▀[0m[38;2;65;64;65m[48;2;255;206;65m▀[0m[38;2;65;64;65m[48;2;255;206;65m▀[0m[38;2;255;206;65m[48;2;65;64;65m▀[0m[38;2;255;207;62m[48;2;255;207;62m▀[0m[38;2;255;207;62m[48;2;255;207;62m▀[0m[38;2;255;207;62m[48;2;255;207;62m▀[0m[38;2;255;207;62m[48;2;255;207;62m▀[0m[38;2;255;207;62m[48;2;255;207;62m▀[0m[38;2;255;207;62m[48;2;255;207;62m▀[0m[38;2;255;207;62m[48;2;255;207;62m▀[0m[38;2;255;207;62m[48;2;255;207;62m▀[0m[38;2;65;64;65m[48;2;255;206;65m▀[0m[38;2;65;64;65m[48;2;255;206;65m▀[0m[38;2;106;80;10m[48;2;255;206;65m▀[0m[38;2;0;0;16m[48;2;255;206;65m▀[0m[38;2;255;207;62m[48;2;255;207;62m▀[0m[38;2;255;207;62m[48;2;255;207;62m▀[0m[38;2;255;206;65m[48;2;0;0;0m▀[0m[38;2;255;206;65m[48;2;0;0;0m▀[0m[38;2;0;0;0m▀   
        [38;2;0;0;0m▀[38;2;65;64;65m[48;2;0;0;0m▀[0m[38;2;255;174;49m[48;2;65;64;65m▀[0m[38;2;255;174;49m[48;2;255;174;49m▀[0m[38;2;65;64;65m[48;2;255;174;49m▀[0m[38;2;65;64;65m[48;2;65;64;65m▀[0m[38;2;255;206;65m[48;2;65;64;65m▀[0m[38;2;255;206;65m[48;2;255;206;65m▀[0m[38;2;255;202;65m[48;2;244;178;12m▀[0m[38;2;255;202;65m[48;2;65;59;65m▀[0m[38;2;65;64;65m[48;2;255;255;255m▀[0m[38;2;65;64;65m[48;2;65;64;65m▀[0m[38;2;65;64;65m[48;2;65;64;65m▀[0m[38;2;255;206;65m[48;2;255;206;65m▀[0m[38;2;255;206;65m[48;2;255;206;65m▀[0m[38;2;255;206;65m[48;2;65;64;65m▀[0m[38;2;255;212;74m[48;2;65;64;65m▀[0m[38;2;65;64;65m[48;2;241;189;20m▀[0m[38;2;75;65;63m[48;2;248;190;11m▀[0m[38;2;255;210;65m[48;2;255;210;65m▀[0m[38;2;255;207;62m[48;2;255;207;62m▀[0m[38;2;255;207;62m[48;2;255;207;62m▀[0m[38;2;255;207;62m[48;2;255;207;62m▀[0m[38;2;255;207;62m[48;2;255;207;62m▀[0m[38;2;255;207;62m[48;2;255;207;62m▀[0m[38;2;255;207;62m[48;2;255;207;62m▀[0m[38;2;255;207;62m[48;2;255;207;62m▀[0m[38;2;255;207;62m[48;2;255;207;62m▀[0m[38;2;255;207;62m[48;2;255;207;62m▀[0m[38;2;255;207;62m[48;2;255;207;62m▀[0m[38;2;255;206;65m[48;2;0;0;0m▀[0m[38;2;255;206;65m[48;2;0;0;0m▀[0m[38;2;0;0;0m▀[38;2;0;0;0m▀      
      [38;2;0;0;0m▄[38;2;0;0;0m[48;2;255;174;49m▀[0m[38;2;0;0;0m[48;2;255;174;49m▀[0m[38;2;255;174;49m[48;2;255;174;49m▀[0m[38;2;255;172;48m[48;2;255;172;48m▀[0m[38;2;255;172;48m[48;2;255;172;48m▀[0m[38;2;65;64;65m[48;2;65;64;65m▀[0m[38;2;255;133;82m[48;2;255;133;82m▀[0m[38;2;255;133;82m[48;2;134;91;90m▀[0m[38;2;134;91;90m[48;2;255;133;82m▀[0m[38;2;255;249;222m[48;2;109;83;65m▀[0m[38;2;24;4;0m[48;2;190;170;135m▀[0m[38;2;255;242;180m[48;2;226;199;99m▀[0m[38;2;106;70;0m[48;2;226;199;99m▀[0m[38;2;255;207;62m[48;2;255;207;62m▀[0m[38;2;255;207;62m[48;2;255;207;62m▀[0m[38;2;65;64;65m[48;2;255;212;74m▀[0m[38;2;241;189;20m[48;2;65;64;65m▀[0m[38;2;255;174;49m[48;2;255;174;49m▀[0m[38;2;134;91;90m[48;2;255;174;49m▀[0m[38;2;255;172;48m[48;2;255;172;48m▀[0m[38;2;255;172;48m[48;2;255;172;48m▀[0m[38;2;255;207;62m[48;2;255;207;62m▀[0m[38;2;255;207;62m[48;2;255;207;62m▀[0m[38;2;255;207;62m[48;2;255;207;62m▀[0m[38;2;255;207;62m[48;2;255;207;62m▀[0m[38;2;255;207;62m[48;2;255;207;62m▀[0m[38;2;255;207;62m[48;2;255;207;62m▀[0m[38;2;255;206;65m[48;2;65;64;65m▀[0m[38;2;255;206;65m[48;2;65;64;65m▀[0m[38;2;65;64;65m[48;2;0;0;0m▀[0m[38;2;0;0;0m▀          
       [38;2;0;0;0m▀[38;2;0;0;0m▀[38;2;0;0;0m▀[38;2;86;52;45m[48;2;0;4;24m▀[0m[38;2;86;52;45m[48;2;255;140;89m▀[0m[38;2;255;133;82m[48;2;255;133;82m▀[0m[38;2;218;95;121m[48;2;255;133;82m▀[0m[38;2;255;140;90m[48;2;144;66;36m▀[0m[38;2;255;140;90m[48;2;0;4;16m▀[0m[38;2;207;107;75m[48;2;143;89;101m▀[0m[38;2;143;89;101m[48;2;255;144;73m▀[0m[38;2;255;172;48m[48;2;255;172;48m▀[0m[38;2;255;172;48m[48;2;255;172;48m▀[0m[38;2;255;206;65m[48;2;65;64;65m▀[0m[38;2;255;206;65m[48;2;65;64;65m▀[0m[38;2;255;206;65m[48;2;65;64;65m▀[0m[38;2;255;206;65m[48;2;255;206;65m▀[0m[38;2;65;64;65m[48;2;255;212;74m▀[0m[38;2;241;189;20m[48;2;65;64;65m▀[0m[38;2;134;91;90m[48;2;134;91;90m▀[0m[38;2;255;174;49m[48;2;255;174;49m▀[0m[38;2;255;193;57m[48;2;0;0;0m▀[0m[38;2;255;193;57m[48;2;0;0;0m▀[0m[38;2;255;206;65m[48;2;0;0;0m▀[0m[38;2;255;206;65m[48;2;0;0;0m▀[0m[38;2;255;206;65m[48;2;0;0;0m▀[0m[38;2;255;206;65m[48;2;255;206;65m▀[0m[38;2;255;207;62m[48;2;255;207;62m▀[0m[38;2;255;207;62m[48;2;255;207;62m▀[0m[38;2;255;206;65m[48;2;255;206;65m▀[0m[38;2;0;0;0m[48;2;255;206;65m▀[0m[38;2;0;0;0m[48;2;255;206;65m▀[0m[38;2;0;0;0m[48;2;255;206;65m▀[0m[38;2;0;0;0m[48;2;255;206;65m▀[0m[38;2;0;0;0m▄      
        [38;2;0;0;0m▄[38;2;0;0;0m[48;2;255;133;82m▀[0m[38;2;255;133;82m[48;2;255;133;82m▀[0m[38;2;255;133;82m[48;2;0;0;0m▀[0m[38;2;130;92;91m[48;2;0;0;0m▀[0m[38;2;0;0;0m▀[38;2;0;0;0m▀ [38;2;0;0;0m▀[38;2;0;0;0m▀[38;2;255;174;49m[48;2;0;0;0m▀[0m[38;2;255;174;49m[48;2;0;0;0m▀[0m[38;2;65;64;65m[48;2;216;141;34m▀[0m[38;2;255;174;57m[48;2;65;64;65m▀[0m[38;2;255;174;49m[48;2;255;174;49m▀[0m[38;2;65;64;65m[48;2;255;174;49m▀[0m[38;2;65;64;65m[48;2;255;174;49m▀[0m[38;2;255;174;49m[48;2;255;174;49m▀[0m[38;2;255;174;49m[48;2;255;174;49m▀[0m[38;2;0;0;16m[48;2;87;57;24m▀[0m[38;2;0;0;0m▄[38;2;0;0;0m▄[38;2;0;0;0m▄  [38;2;0;0;0m▀[38;2;0;0;0m▀[38;2;0;0;0m▀[38;2;0;0;0m▀[38;2;0;0;0m▀[38;2;0;0;0m▀[38;2;0;0;0m▀[38;2;0;0;0m▀       
      [38;2;0;0;0m▄[38;2;0;0;0m[48;2;255;133;82m▀[0m[38;2;255;127;81m[48;2;0;0;8m▀[0m[38;2;178;81;49m[48;2;0;0;8m▀[0m[38;2;0;0;0m▀        [38;2;0;0;0m▄[38;2;0;0;8m[48;2;176;103;83m▀[0m[38;2;85;54;49m[48;2;176;103;83m▀[0m[38;2;255;174;49m[48;2;65;64;65m▀[0m[38;2;255;174;49m[48;2;255;174;49m▀[0m[38;2;255;174;49m[48;2;255;174;49m▀[0m[38;2;255;174;49m[48;2;134;91;90m▀[0m[38;2;134;91;91m[48;2;179;101;75m▀[0m[38;2;179;101;75m[48;2;179;101;75m▀[0m[38;2;75;63;66m[48;2;179;110;46m▀[0m[38;2;255;162;57m[48;2;75;63;66m▀[0m[38;2;255;174;49m[48;2;255;174;49m▀[0m[38;2;0;0;0m[48;2;255;174;49m▀[0m[38;2;0;0;0m[48;2;255;174;49m▀[0m[38;2;0;0;0m[48;2;255;174;49m▀[0m[38;2;0;0;0m▄             
    [38;2;0;0;0m▄[38;2;0;0;0m[48;2;255;133;82m▀[0m[38;2;255;133;82m[48;2;0;0;0m▀[0m[38;2;0;0;0m▀     [38;2;0;0;0m▄[38;2;0;8;8m[48;2;213;104;129m▀[0m[38;2;0;8;8m[48;2;70;40;47m▀[0m[38;2;0;0;0m▄ [38;2;0;0;0m▄[38;2;0;0;0m[48;2;65;64;65m▀[0m[38;2;134;84;70m[48;2;255;128;81m▀[0m[38;2;208;100;62m[48;2;64;63;75m▀[0m[38;2;179;110;46m[48;2;75;63;66m▀[0m[38;2;75;63;66m[48;2;255;162;57m▀[0m[38;2;65;64;65m[48;2;255;174;49m▀[0m[38;2;65;64;65m[48;2;255;174;49m▀[0m[38;2;179;101;75m[48;2;65;64;65m▀[0m[38;2;179;101;75m[48;2;140;88;72m▀[0m[38;2;137;85;70m[48;2;255;134;90m▀[0m[38;2;64;63;75m[48;2;64;63;75m▀[0m[38;2;255;174;49m[48;2;255;174;49m▀[0m[38;2;65;64;65m[48;2;255;174;49m▀[0m[38;2;65;64;65m[48;2;65;64;65m▀[0m[38;2;0;0;0m[48;2;65;64;65m▀[0m[38;2;0;0;0m▄             
    [38;2;0;0;0m▀[38;2;0;0;0m▀      [38;2;0;0;0m[48;2;0;0;0m▀[0m[38;2;226;223;209m[48;2;75;74;69m▀[0m[38;2;88;83;70m[48;2;255;244;222m▀[0m[38;2;178;168;139m[48;2;0;0;0m▀[0m[38;2;255;133;82m[48;2;0;0;0m▀[0m[38;2;0;0;0m[48;2;255;133;82m▀[0m[38;2;92;47;32m[48;2;255;140;90m▀[0m[38;2;255;140;90m[48;2;0;4;16m▀[0m[38;2;0;0;0m▀[38;2;65;64;65m[48;2;0;0;0m▀[0m[38;2;255;174;49m[48;2;255;174;49m▀[0m[38;2;255;174;49m[48;2;65;64;65m▀[0m[38;2;65;64;65m[48;2;65;64;65m▀[0m[38;2;255;174;49m[48;2;255;174;49m▀[0m[38;2;255;174;49m[48;2;255;174;49m▀[0m[38;2;65;64;65m[48;2;65;64;65m▀[0m[38;2;255;133;82m[48;2;255;133;82m▀[0m[38;2;255;133;82m[48;2;65;64;65m▀[0m[38;2;65;64;65m[48;2;255;148;65m▀[0m[38;2;255;148;65m[48;2;65;64;65m▀[0m[38;2;255;174;49m[48;2;0;0;0m▀[0m[38;2;0;0;0m▀              
             [38;2;0;0;0m▀[38;2;0;0;0m▀  [38;2;0;0;0m[48;2;0;0;0m▀[0m[38;2;245;108;82m[48;2;245;108;82m▀[0m[38;2;0;0;0m[48;2;0;0;0m▀[0m  [38;2;0;0;0m▀[38;2;65;64;65m[48;2;0;0;0m▀[0m[38;2;65;64;65m[48;2;65;64;65m▀[0m[38;2;255;174;49m[48;2;255;174;49m▀[0m[38;2;255;148;65m[48;2;65;64;65m▀[0m[38;2;65;64;65m[48;2;255;148;65m▀[0m[38;2;255;129;98m[48;2;144;80;110m▀[0m[38;2;205;100;93m[48;2;205;100;93m▀[0m[38;2;185;133;117m[48;2;106;38;24m▀[0m[38;2;185;133;117m[48;2;255;236;222m▀[0m[38;2;86;52;45m[48;2;86;52;45m▀[0m[38;2;0;4;24m[48;2;255;140;89m▀[0m[38;2;0;0;0m▄             
                [38;2;0;0;0m[48;2;0;0;0m▀[0m[38;2;222;222;222m[48;2;0;0;0m▀[0m[38;2;65;64;65m[48;2;0;0;0m▀[0m[38;2;0;0;0m▀    [38;2;0;0;0m▀[38;2;255;174;49m[48;2;0;0;0m▀[0m[38;2;0;0;0m▀[38;2;255;255;255m[48;2;0;0;0m▀[0m[38;2;65;64;65m[48;2;65;64;65m▀[0m[38;2;214;96;122m[48;2;214;96;122m▀[0m[38;2;214;96;122m[48;2;0;0;0m▀[0m[38;2;0;0;0m▀[38;2;0;0;0m▀[38;2;255;255;255m[48;2;0;0;0m▀[0m[38;2;0;0;0m▀             
                            [38;2;0;0;0m▀[38;2;65;64;65m[48;2;0;0;0m▀[0m[38;2;222;222;222m[48;2;0;0;0m▀[0m[38;2;0;0;0m▀                
                                     [0m                                     