 [38;2;0;0;0m▄[38;2;0;0;0m▄ [38;2;0;0;0m▄[38;2;0;0;0m[48;2;255;255;255m▀[0m[38;2;0;0;0m▄[38;2;0;0;0m▄[38;2;0;0;0m[48;2;255;255;255m▀[0m[38;2;0;0;0m▄                   
 [38;2;0;0;0m[48;2;0;0;0m▀[0m[38;2;1;178;73m[48;2;51;250;131m▀[0m[38;2;0;0;0m[48;2;65;65;65m▀[0m[38;2;0;0;0m[48;2;255;255;255m▀[0m[38;2;255;255;255m[48;2;255;255;255m▀[0m[38;2;65;65;65m[48;2;65;65;65m▀[0m[38;2;65;65;65m[48;2;255;255;255m▀[0m[38;2;255;255;255m[48;2;255;255;255m▀[0m[38;2;0;0;0m[48;2;0;0;0m▀[0m [38;2;0;0;0m▄[38;2;0;0;0m▄                
  [38;2;0;0;0m[48;2;0;0;0m▀[0m[38;2;255;255;255m[48;2;0;0;0m▀[0m[38;2;255;255;255m[48;2;255;255;255m▀[0m[38;2;65;65;65m[48;2;116;82;132m▀[0m[38;2;255;255;255m[48;2;65;65;65m▀[0m[38;2;255;255;255m[48;2;255;255;255m▀[0m[38;2;255;255;255m[48;2;161;196;223m▀[0m[38;2;255;255;255m[48;2;65;65;65m▀[0m[38;2;0;0;0m[48;2;1;178;73m▀[0m[38;2;1;178;73m[48;2;51;250;131m▀[0m[38;2;0;0;0m[48;2;0;0;0m▀[0m  [38;2;0;0;0m▄ [38;2;0;0;0m▄[38;2;0;0;0m[48;2;255;255;255m▀[0m[38;2;0;0;0m[48;2;0;0;0m▀[0m         
  [38;2;0;0;0m▄[38;2;0;0;0m[48;2;116;82;132m▀[0m[38;2;116;82;132m[48;2;255;255;255m▀[0m[38;2;116;82;132m[48;2;116;82;132m▀[0m[38;2;255;255;255m[48;2;116;82;132m▀[0m[38;2;116;82;132m[48;2;161;196;223m▀[0m[38;2;116;82;132m[48;2;116;82;132m▀[0m[38;2;65;65;65m[48;2;116;82;132m▀[0m[38;2;65;65;65m[48;2;65;65;65m▀[0m[38;2;65;65;65m[48;2;255;255;255m▀[0m[38;2;255;255;255m[48;2;255;255;255m▀[0m[38;2;0;0;0m[48;2;0;0;0m▀[0m[38;2;0;0;0m[48;2;255;255;255m▀[0m[38;2;255;255;255m[48;2;255;255;255m▀[0m[38;2;0;0;0m[48;2;255;255;255m▀[0m[38;2;255;255;255m[48;2;255;255;255m▀[0m[38;2;255;255;255m[48;2;161;196;223m▀[0m[38;2;116;82;132m[48;2;255;255;255m▀[0m[38;2;0;0;0m[48;2;255;255;255m▀[0m[38;2;0;0;0m[48;2;255;255;255m▀[0m[38;2;0;0;0m[48;2;0;0;0m▀[0m      
 [38;2;0;0;0m▄[38;2;0;0;0m[48;2;255;255;255m▀[0m[38;2;255;255;255m[48;2;161;196;223m▀[0m[38;2;116;82;132m[48;2;116;82;132m▀[0m[38;2;116;82;132m[48;2;51;250;131m▀[0m[38;2;1;117;48m[48;2;1;117;48m▀[0m[38;2;221;255;68m[48;2;171;208;1m▀[0m[38;2;161;196;223m[48;2;116;82;132m▀[0m[38;2;116;82;132m[48;2;116;82;132m▀[0m[38;2;161;196;223m[48;2;116;82;132m▀[0m[38;2;65;65;65m[48;2;116;82;132m▀[0m[38;2;161;196;223m[48;2;65;65;65m▀[0m[38;2;255;255;255m[48;2;65;65;65m▀[0m[38;2;161;196;223m[48;2;65;65;65m▀[0m[38;2;65;65;65m[48;2;116;82;132m▀[0m[38;2;65;65;65m[48;2;116;82;132m▀[0m[38;2;65;65;65m[48;2;161;196;223m▀[0m[38;2;65;65;65m[48;2;255;255;255m▀[0m[38;2;161;196;223m[48;2;65;65;65m▀[0m[38;2;255;255;255m[48;2;116;82;132m▀[0m[38;2;0;0;0m[48;2;255;255;255m▀[0m[38;2;0;0;0m▄      
 [38;2;0;0;0m[48;2;0;0;0m▀[0m[38;2;65;65;65m[48;2;65;65;65m▀[0m[38;2;65;65;65m[48;2;65;65;65m▀[0m[38;2;116;82;132m[48;2;116;82;132m▀[0m[38;2;116;82;132m[48;2;65;65;65m▀[0m[38;2;171;208;1m[48;2;65;65;65m▀[0m[38;2;116;82;132m[48;2;65;65;65m▀[0m[38;2;65;65;65m[48;2;116;82;132m▀[0m[38;2;116;82;132m[48;2;255;255;255m▀[0m[38;2;116;82;132m[48;2;116;82;132m▀[0m[38;2;116;82;132m[48;2;116;82;132m▀[0m[38;2;65;65;65m[48;2;116;82;132m▀[0m[38;2;255;255;255m[48;2;255;255;255m▀[0m[38;2;116;82;132m[48;2;161;196;223m▀[0m[38;2;116;82;132m[48;2;116;82;132m▀[0m[38;2;161;196;223m[48;2;116;82;132m▀[0m[38;2;255;255;255m[48;2;116;82;132m▀[0m[38;2;116;82;132m[48;2;116;82;132m▀[0m[38;2;255;255;255m[48;2;255;255;255m▀[0m[38;2;0;0;0m[48;2;0;0;0m▀[0m[38;2;0;0;0m▀[38;2;255;255;255m[48;2;0;0;0m▀[0m[38;2;0;0;0m[48;2;255;255;255m▀[0m[38;2;0;0;0m▄[38;2;0;0;0m[48;2;255;255;255m▀[0m[38;2;0;0;0m▄  
  [38;2;0;0;0m▀[38;2;0;0;0m▀[38;2;0;0;0m[48;2;0;0;0m▀[0m[38;2;161;196;223m[48;2;116;82;132m▀[0m[38;2;116;82;132m[48;2;255;255;255m▀[0m[38;2;116;82;132m[48;2;255;255;255m▀[0m[38;2;255;255;255m[48;2;116;82;132m▀[0m[38;2;116;82;132m[48;2;116;82;132m▀[0m[38;2;116;82;132m[48;2;116;82;132m▀[0m[38;2;116;82;132m[48;2;116;82;132m▀[0m[38;2;116;82;132m[48;2;116;82;132m▀[0m[38;2;116;82;132m[48;2;116;82;132m▀[0m[38;2;255;255;255m[48;2;161;196;223m▀[0m[38;2;116;82;132m[48;2;65;65;65m▀[0m[38;2;116;82;132m[48;2;116;82;132m▀[0m[38;2;116;82;132m[48;2;116;82;132m▀[0m[38;2;255;255;255m[48;2;116;82;132m▀[0m[38;2;161;196;223m[48;2;116;82;132m▀[0m[38;2;0;0;0m[48;2;0;0;0m▀[0m[38;2;0;0;0m▄[38;2;0;0;0m[48;2;255;255;255m▀[0m[38;2;116;82;132m[48;2;255;255;255m▀[0m[38;2;255;255;255m[48;2;255;255;255m▀[0m[38;2;255;255;255m[48;2;255;255;255m▀[0m[38;2;0;0;0m[48;2;255;255;255m▀[0m[38;2;0;0;0m▄ 
    [38;2;0;0;0m[48;2;0;0;0m▀[0m[38;2;161;196;223m[48;2;116;82;132m▀[0m[38;2;116;82;132m[48;2;255;255;255m▀[0m[38;2;116;82;132m[48;2;255;255;255m▀[0m[38;2;116;82;132m[48;2;255;255;255m▀[0m[38;2;255;255;255m[48;2;116;82;132m▀[0m[38;2;116;82;132m[48;2;116;82;132m▀[0m[38;2;161;196;223m[48;2;255;255;255m▀[0m[38;2;255;255;255m[48;2;116;82;132m▀[0m[38;2;116;82;132m[48;2;161;196;223m▀[0m[38;2;116;82;132m[48;2;65;65;65m▀[0m[38;2;65;65;65m[48;2;0;0;0m▀[0m[38;2;116;82;132m[48;2;0;0;0m▀[0m[38;2;116;82;132m[48;2;161;196;223m▀[0m[38;2;255;255;255m[48;2;161;196;223m▀[0m[38;2;0;0;0m[48;2;0;0;0m▀[0m  [38;2;0;0;0m[48;2;0;0;0m▀[0m[38;2;116;82;132m[48;2;255;255;255m▀[0m[38;2;255;255;255m[48;2;0;0;0m▀[0m[38;2;161;196;223m[48;2;255;255;255m▀[0m[38;2;0;0;0m[48;2;0;0;0m▀[0m  
     [38;2;0;0;0m[48;2;0;0;0m▀[0m[38;2;116;82;132m[48;2;116;82;132m▀[0m[38;2;65;65;65m[48;2;65;65;65m▀[0m[38;2;65;65;65m[48;2;0;0;0m▀[0m[38;2;116;82;132m[48;2;116;82;132m▀[0m[38;2;255;255;255m[48;2;161;196;223m▀[0m[38;2;116;82;132m[48;2;116;82;132m▀[0m[38;2;116;82;132m[48;2;116;82;132m▀[0m[38;2;0;0;0m[48;2;0;0;0m▀[0m[38;2;0;0;0m▀  [38;2;0;0;0m[48;2;0;0;0m▀[0m[38;2;116;82;132m[48;2;161;196;223m▀[0m[38;2;0;0;0m[48;2;0;0;0m▀[0m  [38;2;0;0;0m▀[38;2;0;0;0m▀ [38;2;0;0;0m▀   
     [38;2;0;0;0m[48;2;0;0;0m▀[0m[38;2;161;196;223m[48;2;116;82;132m▀[0m[38;2;0;0;0m[48;2;0;0;0m▀[0m [38;2;0;0;0m▀[38;2;116;82;132m[48;2;0;0;0m▀[0m[38;2;161;196;223m[48;2;116;82;132m▀[0m[38;2;0;0;0m[48;2;0;0;0m▀[0m    [38;2;0;0;0m[48;2;0;0;0m▀[0m[38;2;116;82;132m[48;2;0;0;0m▀[0m[38;2;0;0;0m▀         
     [38;2;0;0;0m▀[38;2;0;0;0m▀   [38;2;0;0;0m[48;2;0;0;0m▀[0m[38;2;161;196;223m[48;2;116;82;132m▀[0m[38;2;0;0;0m[48;2;0;0;0m▀[0m                
                     [38;2;0;0;0m▀[38;2;0;0;0m▀                             
                                     [0m                                     