 [38;2;0;0;0m▄[38;2;0;0;0m[48;2;71;95;100m▀[0m[38;2;0;0;0m[48;2;95;118;123m▀[0m[38;2;0;0;0m[48;2;95;118;123m▀[0m[38;2;0;0;0m▄[38;2;0;0;0m▄             [38;2;0;0;0m▄[38;2;8;0;0m[48;2;1;89;22m▀[0m[38;2;8;0;0m[48;2;77;215;110m▀[0m[38;2;0;0;0m[48;2;73;211;106m▀[0m[38;2;0;0;0m▄                  
 [38;2;0;0;0m▀[38;2;0;0;0m▀[38;2;50;50;54m[48;2;8;0;0m▀[0m[38;2;90;93;99m[48;2;50;50;54m▀[0m[38;2;98;119;123m[48;2;73;94;98m▀[0m[38;2;98;119;123m[48;2;98;119;123m▀[0m[38;2;0;0;0m[48;2;106;119;122m▀[0m[38;2;0;0;0m[48;2;57;66;68m▀[0m[38;2;0;0;0m[48;2;95;118;123m▀[0m[38;2;0;0;0m▄      [38;2;0;0;0m▄[38;2;0;0;0m▄[38;2;0;0;0m▄[38;2;0;0;0m[48;2;71;95;100m▀[0m[38;2;82;220;115m[48;2;1;106;26m▀[0m[38;2;1;106;26m[48;2;24;12;0m▀[0m[38;2;0;0;0m▀              [38;2;0;0;0m▄[38;2;0;0;0m▄[38;2;0;0;0m▄  
  [38;2;0;0;0m[48;2;0;0;0m▀[0m[38;2;73;94;98m[48;2;54;53;54m▀[0m[38;2;73;94;98m[48;2;54;53;54m▀[0m[38;2;73;94;98m[48;2;73;94;98m▀[0m[38;2;73;94;98m[48;2;73;94;98m▀[0m[38;2;70;93;98m[48;2;70;93;98m▀[0m[38;2;67;67;56m[48;2;70;93;98m▀[0m[38;2;95;118;123m[48;2;0;0;0m▀[0m[38;2;0;0;0m▀     [38;2;0;0;0m[48;2;0;0;0m▀[0m[38;2;95;119;124m[48;2;95;119;124m▀[0m[38;2;95;119;124m[48;2;95;119;124m▀[0m[38;2;73;94;98m[48;2;73;94;98m▀[0m[38;2;73;94;98m[48;2;73;94;98m▀[0m[38;2;71;95;100m[48;2;0;0;0m▀[0m[38;2;0;0;0m▀        [38;2;0;0;0m▄[38;2;0;0;0m▄[38;2;0;0;0m▄[38;2;0;0;0m▄[38;2;0;0;0m[48;2;95;118;123m▀[0m[38;2;0;0;0m[48;2;95;118;123m▀[0m[38;2;0;0;0m[48;2;95;118;123m▀[0m[38;2;95;118;123m[48;2;95;118;123m▀[0m[38;2;95;119;124m[48;2;95;119;124m▀[0m[38;2;95;119;124m[48;2;95;119;124m▀[0m[38;2;0;0;0m[48;2;0;0;0m▀[0m 
   [38;2;0;0;0m[48;2;0;0;0m▀[0m[38;2;51;65;68m[48;2;76;97;101m▀[0m[38;2;54;53;54m[48;2;73;94;98m▀[0m[38;2;54;53;54m[48;2;73;94;98m▀[0m[38;2;73;94;98m[48;2;73;94;98m▀[0m[38;2;98;119;123m[48;2;73;94;98m▀[0m[38;2;95;118;123m[48;2;95;118;123m▀[0m[38;2;0;0;0m[48;2;95;118;123m▀[0m[38;2;0;0;0m▄[38;2;0;0;0m▄[38;2;0;0;0m[48;2;62;59;56m▀[0m[38;2;0;0;0m[48;2;62;59;56m▀[0m[38;2;0;0;0m[48;2;95;118;123m▀[0m[38;2;95;118;123m[48;2;95;118;123m▀[0m[38;2;98;119;123m[48;2;98;119;123m▀[0m[38;2;73;94;98m[48;2;73;94;98m▀[0m[38;2;71;95;100m[48;2;0;0;0m▀[0m[38;2;71;95;100m[48;2;0;0;0m▀[0m[38;2;0;0;0m▀      [38;2;0;0;0m▄[38;2;0;0;0m[48;2;95;118;123m▀[0m[38;2;0;0;0m[48;2;95;118;123m▀[0m[38;2;95;118;123m[48;2;95;118;123m▀[0m[38;2;54;53;54m[48;2;54;53;54m▀[0m[38;2;95;119;124m[48;2;95;119;124m▀[0m[38;2;95;119;124m[48;2;95;119;124m▀[0m[38;2;95;119;124m[48;2;95;119;124m▀[0m[38;2;95;119;124m[48;2;95;119;124m▀[0m[38;2;91;119;124m[48;2;78;92;95m▀[0m[38;2;91;119;124m[48;2;54;53;54m▀[0m[38;2;71;95;100m[48;2;0;0;0m▀[0m[38;2;0;0;0m▀  
    [38;2;0;0;0m▀[38;2;0;0;0m▀[38;2;0;0;0m▀[38;2;76;97;101m[48;2;0;0;0m▀[0m[38;2;76;97;101m[48;2;51;65;68m▀[0m[38;2;73;94;98m[48;2;73;94;98m▀[0m[38;2;54;53;54m[48;2;54;53;54m▀[0m[38;2;70;66;56m[48;2;70;66;56m▀[0m[38;2;70;66;56m[48;2;54;53;54m▀[0m[38;2;54;53;54m[48;2;95;118;123m▀[0m[38;2;95;118;123m[48;2;95;118;123m▀[0m[38;2;95;119;124m[48;2;95;119;124m▀[0m[38;2;95;119;124m[48;2;95;119;124m▀[0m[38;2;71;95;100m[48;2;71;95;100m▀[0m[38;2;0;0;0m[48;2;0;0;0m▀[0m          [38;2;0;0;0m▀[38;2;95;118;123m[48;2;0;0;0m▀[0m[38;2;73;94;98m[48;2;98;119;123m▀[0m[38;2;98;119;123m[48;2;98;119;123m▀[0m[38;2;95;118;123m[48;2;95;118;123m▀[0m[38;2;95;118;123m[48;2;54;53;54m▀[0m[38;2;73;94;98m[48;2;54;53;54m▀[0m[38;2;54;53;54m[48;2;73;94;98m▀[0m[38;2;54;53;54m[48;2;79;93;96m▀[0m[38;2;54;53;54m[48;2;92;120;126m▀[0m[38;2;0;0;0m[48;2;95;118;123m▀[0m[38;2;0;0;0m▄  
       [38;2;0;0;0m[48;2;0;0;0m▀[0m[38;2;70;67;56m[48;2;70;67;56m▀[0m[38;2;54;53;54m[48;2;54;53;54m▀[0m[38;2;70;66;56m[48;2;70;66;56m▀[0m[38;2;70;66;56m[48;2;70;66;56m▀[0m[38;2;54;53;54m[48;2;54;53;54m▀[0m[38;2;95;118;123m[48;2;95;118;123m▀[0m[38;2;95;118;123m[48;2;54;53;54m▀[0m[38;2;96;116;120m[48;2;54;53;46m▀[0m[38;2;54;53;46m[48;2;66;69;70m▀[0m[38;2;0;0;0m[48;2;0;0;0m▀[0m           [38;2;0;0;0m▄[38;2;0;0;0m[48;2;95;118;123m▀[0m[38;2;95;119;124m[48;2;95;119;124m▀[0m[38;2;95;119;124m[48;2;95;119;124m▀[0m[38;2;95;119;124m[48;2;95;119;124m▀[0m[38;2;95;119;124m[48;2;95;119;124m▀[0m[38;2;98;119;123m[48;2;73;94;98m▀[0m[38;2;98;119;123m[48;2;73;94;98m▀[0m[38;2;95;118;123m[48;2;54;53;54m▀[0m[38;2;95;118;123m[48;2;54;53;54m▀[0m[38;2;95;118;123m[48;2;0;0;0m▀[0m[38;2;0;0;0m▀  
      [38;2;0;0;0m[48;2;0;0;0m▀[0m[38;2;70;67;56m[48;2;70;67;56m▀[0m[38;2;70;67;56m[48;2;70;67;56m▀[0m[38;2;70;66;56m[48;2;70;66;56m▀[0m[38;2;70;66;56m[48;2;54;53;54m▀[0m[38;2;54;53;54m[48;2;54;53;54m▀[0m[38;2;1;23;30m[48;2;1;185;239m▀[0m[38;2;231;249;255m[48;2;1;175;227m▀[0m[38;2;1;175;227m[48;2;1;96;124m▀[0m[38;2;70;67;56m[48;2;70;67;56m▀[0m[38;2;70;67;56m[48;2;93;118;123m▀[0m[38;2;0;0;0m[48;2;71;95;100m▀[0m[38;2;0;0;0m▄          [38;2;0;0;0m[48;2;0;0;0m▀[0m[38;2;99;127;132m[48;2;66;84;88m▀[0m[38;2;95;118;123m[48;2;95;118;123m▀[0m[38;2;54;53;54m[48;2;95;118;123m▀[0m[38;2;54;53;54m[48;2;92;120;126m▀[0m[38;2;54;53;54m[48;2;79;93;96m▀[0m[38;2;54;53;54m[48;2;54;53;54m▀[0m[38;2;54;53;54m[48;2;0;0;0m▀[0m[38;2;0;0;0m▀[38;2;0;0;0m▀    
      [38;2;0;0;0m▀[38;2;70;67;56m[48;2;0;0;0m▀[0m[38;2;70;67;56m[48;2;70;67;56m▀[0m[38;2;54;53;54m[48;2;54;53;54m▀[0m[38;2;95;118;123m[48;2;95;118;123m▀[0m[38;2;95;118;123m[48;2;95;118;123m▀[0m[38;2;95;118;123m[48;2;54;53;54m▀[0m[38;2;95;118;123m[48;2;54;53;54m▀[0m[38;2;95;118;123m[48;2;54;53;54m▀[0m[38;2;91;119;124m[48;2;53;52;59m▀[0m[38;2;76;92;95m[48;2;76;92;95m▀[0m[38;2;71;95;100m[48;2;71;95;100m▀[0m[38;2;0;0;0m[48;2;71;95;100m▀[0m[38;2;0;0;0m▄  [38;2;0;0;0m▄[38;2;0;0;0m▄[38;2;0;0;0m▄ [38;2;0;0;0m▄[38;2;0;0;0m[48;2;71;95;100m▀[0m[38;2;0;0;0m[48;2;71;95;100m▀[0m[38;2;73;94;98m[48;2;73;94;98m▀[0m[38;2;73;94;98m[48;2;73;94;98m▀[0m[38;2;66;84;88m[48;2;0;0;0m▀[0m[38;2;99;127;132m[48;2;0;0;0m▀[0m[38;2;95;118;123m[48;2;0;0;0m▀[0m[38;2;95;118;123m[48;2;0;0;0m▀[0m[38;2;95;118;123m[48;2;0;0;0m▀[0m[38;2;95;118;123m[48;2;0;0;0m▀[0m[38;2;0;0;0m▀     
       [38;2;0;0;0m▀[38;2;70;67;58m[48;2;0;0;0m▀[0m[38;2;101;122;126m[48;2;0;0;0m▀[0m[38;2;53;58;66m[48;2;0;0;0m▀[0m[38;2;54;53;54m[48;2;70;66;56m▀[0m[38;2;70;66;56m[48;2;70;66;56m▀[0m[38;2;70;66;56m[48;2;70;66;56m▀[0m[38;2;70;66;56m[48;2;54;53;54m▀[0m[38;2;70;66;56m[48;2;54;53;54m▀[0m[38;2;54;53;54m[48;2;70;66;56m▀[0m[38;2;73;94;98m[48;2;73;94;98m▀[0m[38;2;73;94;98m[48;2;73;94;98m▀[0m[38;2;65;86;90m[48;2;65;86;90m▀[0m[38;2;0;4;8m[48;2;99;127;132m▀[0m[38;2;0;0;0m[48;2;59;58;54m▀[0m[38;2;59;58;54m[48;2;59;58;54m▀[0m[38;2;70;66;56m[48;2;54;53;54m▀[0m[38;2;70;66;56m[48;2;54;53;54m▀[0m[38;2;8;4;0m[48;2;50;54;59m▀[0m[38;2;86;100;103m[48;2;50;54;59m▀[0m[38;2;71;95;100m[48;2;71;95;100m▀[0m[38;2;71;95;100m[48;2;0;0;0m▀[0m[38;2;71;95;100m[48;2;0;0;0m▀[0m[38;2;0;0;0m▀            
         [38;2;0;0;0m▄[38;2;0;0;0m▄[38;2;0;0;0m[48;2;76;97;101m▀[0m[38;2;51;65;68m[48;2;76;97;101m▀[0m[38;2;54;53;54m[48;2;73;94;98m▀[0m[38;2;73;94;98m[48;2;73;94;98m▀[0m[38;2;54;53;54m[48;2;73;94;98m▀[0m[38;2;73;94;98m[48;2;54;53;54m▀[0m[38;2;54;53;54m[48;2;57;62;63m▀[0m[38;2;80;94;97m[48;2;54;53;54m▀[0m[38;2;95;118;123m[48;2;95;118;123m▀[0m[38;2;54;53;54m[48;2;95;118;123m▀[0m[38;2;70;66;56m[48;2;54;53;54m▀[0m[38;2;70;66;56m[48;2;70;66;56m▀[0m[38;2;70;67;56m[48;2;70;67;56m▀[0m[38;2;70;67;56m[48;2;70;67;56m▀[0m[38;2;54;53;54m[48;2;70;66;56m▀[0m[38;2;54;53;54m[48;2;54;53;54m▀[0m[38;2;0;0;0m[48;2;71;95;100m▀[0m[38;2;0;0;0m▄[38;2;0;0;0m▄[38;2;0;0;0m▄[38;2;0;0;0m▄           
      [38;2;0;0;0m▄[38;2;0;0;0m[48;2;71;95;100m▀[0m[38;2;0;0;0m[48;2;71;95;100m▀[0m[38;2;73;94;98m[48;2;73;94;98m▀[0m[38;2;73;94;98m[48;2;73;94;98m▀[0m[38;2;51;65;68m[48;2;0;0;0m▀[0m[38;2;76;97;101m[48;2;0;0;0m▀[0m[38;2;65;86;90m[48;2;0;4;8m▀[0m[38;2;65;86;90m[48;2;99;127;132m▀[0m[38;2;95;118;123m[48;2;95;118;123m▀[0m[38;2;54;53;54m[48;2;95;118;123m▀[0m[38;2;66;69;70m[48;2;54;53;46m▀[0m[38;2;54;53;46m[48;2;96;116;120m▀[0m[38;2;95;119;124m[48;2;95;119;124m▀[0m[38;2;95;119;124m[48;2;95;119;124m▀[0m[38;2;95;118;123m[48;2;95;118;123m▀[0m[38;2;54;53;54m[48;2;95;118;123m▀[0m[38;2;54;53;54m[48;2;95;118;123m▀[0m[38;2;54;53;54m[48;2;95;118;123m▀[0m[38;2;54;53;54m[48;2;95;118;123m▀[0m[38;2;95;118;123m[48;2;95;118;123m▀[0m[38;2;54;53;54m[48;2;95;118;123m▀[0m[38;2;54;53;54m[48;2;95;118;123m▀[0m[38;2;73;94;98m[48;2;54;53;54m▀[0m[38;2;73;94;98m[48;2;73;94;98m▀[0m[38;2;71;95;100m[48;2;71;95;100m▀[0m[38;2;0;0;0m[48;2;71;95;100m▀[0m[38;2;0;0;0m[48;2;54;53;54m▀[0m[38;2;0;0;0m▄[38;2;0;0;0m▄[38;2;0;0;0m▄[38;2;0;0;0m▄[38;2;0;0;0m[48;2;95;118;123m▀[0m[38;2;0;0;0m[48;2;0;0;0m▀[0m   
    [38;2;0;0;0m▄[38;2;0;0;0m[48;2;71;95;100m▀[0m[38;2;71;95;100m[48;2;71;95;100m▀[0m[38;2;73;94;98m[48;2;54;53;54m▀[0m[38;2;73;94;98m[48;2;54;53;54m▀[0m[38;2;71;95;100m[48;2;0;0;0m▀[0m[38;2;0;0;0m▀   [38;2;0;0;0m▀[38;2;95;118;123m[48;2;0;0;0m▀[0m[38;2;95;118;123m[48;2;95;118;123m▀[0m[38;2;95;118;123m[48;2;95;118;123m▀[0m[38;2;95;118;123m[48;2;54;53;54m▀[0m[38;2;95;119;124m[48;2;95;119;124m▀[0m[38;2;95;119;124m[48;2;95;119;124m▀[0m[38;2;95;119;124m[48;2;95;119;124m▀[0m[38;2;95;119;124m[48;2;95;119;124m▀[0m[38;2;92;120;126m[48;2;54;53;54m▀[0m[38;2;54;53;54m[48;2;79;93;96m▀[0m[38;2;95;118;123m[48;2;54;53;54m▀[0m[38;2;95;118;123m[48;2;95;118;123m▀[0m[38;2;95;119;124m[48;2;95;119;124m▀[0m[38;2;95;119;124m[48;2;95;119;124m▀[0m[38;2;95;118;123m[48;2;95;118;123m▀[0m[38;2;54;53;54m[48;2;95;118;123m▀[0m[38;2;54;53;54m[48;2;92;120;126m▀[0m[38;2;79;93;96m[48;2;54;53;54m▀[0m[38;2;73;94;98m[48;2;54;53;54m▀[0m[38;2;54;53;54m[48;2;73;94;98m▀[0m[38;2;70;66;56m[48;2;54;53;54m▀[0m[38;2;54;53;54m[48;2;70;66;56m▀[0m[38;2;92;120;126m[48;2;54;53;54m▀[0m[38;2;79;93;96m[48;2;54;53;54m▀[0m[38;2;65;62;56m[48;2;65;62;56m▀[0m[38;2;0;0;0m[48;2;65;62;56m▀[0m[38;2;0;0;0m▄ 
   [38;2;0;0;0m▄[38;2;0;0;0m[48;2;71;95;100m▀[0m[38;2;73;94;98m[48;2;54;53;54m▀[0m[38;2;54;53;54m[48;2;73;94;98m▀[0m[38;2;70;67;58m[48;2;0;0;0m▀[0m[38;2;0;0;0m▀      [38;2;0;0;0m▄[38;2;0;0;0m[48;2;95;118;123m▀[0m[38;2;54;53;54m[48;2;54;53;54m▀[0m[38;2;70;66;56m[48;2;70;66;56m▀[0m[38;2;54;53;54m[48;2;54;53;54m▀[0m[38;2;54;53;54m[48;2;95;118;123m▀[0m[38;2;54;53;54m[48;2;95;118;123m▀[0m[38;2;54;53;54m[48;2;95;118;123m▀[0m[38;2;54;53;54m[48;2;54;53;54m▀[0m[38;2;73;94;98m[48;2;54;53;54m▀[0m[38;2;73;94;98m[48;2;73;94;98m▀[0m[38;2;54;53;54m[48;2;73;94;98m▀[0m[38;2;54;53;54m[48;2;54;53;54m▀[0m[38;2;54;53;54m[48;2;95;118;123m▀[0m[38;2;95;119;124m[48;2;95;119;124m▀[0m[38;2;95;119;124m[48;2;95;119;124m▀[0m[38;2;61;60;56m[48;2;61;60;56m▀[0m[38;2;92;117;122m[48;2;61;60;56m▀[0m[38;2;54;53;54m[48;2;73;94;98m▀[0m[38;2;73;94;98m[48;2;73;94;98m▀[0m[38;2;54;53;54m[48;2;80;94;97m▀[0m[38;2;57;62;63m[48;2;54;53;54m▀[0m[38;2;67;67;56m[48;2;67;67;56m▀[0m[38;2;70;93;98m[48;2;70;93;98m▀[0m[38;2;70;67;58m[48;2;0;0;0m▀[0m[38;2;0;0;0m▀  
  [38;2;0;0;0m▄[38;2;0;0;0m[48;2;71;95;100m▀[0m[38;2;71;95;100m[48;2;0;0;0m▀[0m[38;2;0;0;0m▀[38;2;54;53;54m[48;2;0;0;0m▀[0m[38;2;71;95;100m[48;2;0;0;0m▀[0m[38;2;0;0;0m▀   [38;2;0;0;0m▄[38;2;0;0;0m▄[38;2;0;0;0m[48;2;95;118;123m▀[0m[38;2;95;118;123m[48;2;95;118;123m▀[0m[38;2;95;118;123m[48;2;54;53;54m▀[0m[38;2;54;53;46m[48;2;96;116;120m▀[0m[38;2;66;69;70m[48;2;54;53;46m▀[0m[38;2;61;59;56m[48;2;93;118;123m▀[0m[38;2;93;118;123m[48;2;61;59;56m▀[0m[38;2;95;118;123m[48;2;95;118;123m▀[0m[38;2;54;53;54m[48;2;54;53;54m▀[0m[38;2;95;118;123m[48;2;95;118;123m▀[0m[38;2;54;53;54m[48;2;95;118;123m▀[0m[38;2;54;53;54m[48;2;54;53;54m▀[0m[38;2;54;53;54m[48;2;95;118;123m▀[0m[38;2;95;119;124m[48;2;95;119;124m▀[0m[38;2;95;119;124m[48;2;95;119;124m▀[0m[38;2;95;119;124m[48;2;95;119;124m▀[0m[38;2;95;119;124m[48;2;95;119;124m▀[0m[38;2;54;53;54m[48;2;54;53;54m▀[0m[38;2;70;66;56m[48;2;70;66;56m▀[0m[38;2;73;94;98m[48;2;73;94;98m▀[0m[38;2;73;94;98m[48;2;73;94;98m▀[0m[38;2;80;94;97m[48;2;57;62;63m▀[0m[38;2;54;53;54m[48;2;54;53;54m▀[0m[38;2;50;54;59m[48;2;8;4;0m▀[0m[38;2;50;54;59m[48;2;86;100;103m▀[0m[38;2;0;0;0m[48;2;0;0;0m▀[0m   
 [38;2;0;0;0m▄[38;2;0;0;0m[48;2;71;95;100m▀[0m[38;2;71;95;100m[48;2;0;0;0m▀[0m[38;2;0;0;0m▀     [38;2;0;0;0m▄[38;2;8;4;0m[48;2;54;60;63m▀[0m[38;2;98;119;123m[48;2;98;119;123m▀[0m[38;2;95;118;123m[48;2;95;118;123m▀[0m[38;2;95;118;123m[48;2;54;53;54m▀[0m[38;2;92;120;126m[48;2;54;53;54m▀[0m[38;2;54;53;54m[48;2;79;93;96m▀[0m[38;2;92;117;122m[48;2;61;60;56m▀[0m[38;2;61;60;56m[48;2;61;60;56m▀[0m[38;2;87;119;125m[48;2;80;96;99m▀[0m[38;2;62;65;65m[48;2;80;96;99m▀[0m[38;2;54;53;54m[48;2;54;53;54m▀[0m[38;2;95;118;123m[48;2;95;118;123m▀[0m[38;2;95;118;123m[48;2;54;53;54m▀[0m[38;2;54;53;54m[48;2;54;53;54m▀[0m[38;2;93;118;123m[48;2;93;118;123m▀[0m[38;2;93;118;123m[48;2;70;67;56m▀[0m[38;2;70;67;56m[48;2;70;67;56m▀[0m[38;2;70;67;56m[48;2;93;118;123m▀[0m[38;2;93;118;123m[48;2;93;118;123m▀[0m[38;2;93;118;123m[48;2;70;67;56m▀[0m[38;2;95;118;123m[48;2;95;118;123m▀[0m[38;2;54;53;54m[48;2;54;53;54m▀[0m[38;2;67;67;56m[48;2;70;93;98m▀[0m[38;2;67;67;56m[48;2;70;93;98m▀[0m[38;2;71;95;100m[48;2;0;0;0m▀[0m[38;2;0;0;0m▀ [38;2;0;0;0m▀    
 [38;2;0;0;0m▀[38;2;0;0;0m▀       [38;2;0;0;0m[48;2;0;0;0m▀[0m[38;2;70;66;56m[48;2;70;66;56m▀[0m[38;2;54;53;54m[48;2;54;53;54m▀[0m[38;2;54;53;54m[48;2;73;94;98m▀[0m[38;2;73;94;98m[48;2;73;94;98m▀[0m[38;2;71;95;100m[48;2;71;95;100m▀[0m[38;2;71;95;100m[48;2;0;0;0m▀[0m[38;2;0;0;0m▀[38;2;54;53;54m[48;2;0;0;0m▀[0m[38;2;57;62;63m[48;2;54;53;54m▀[0m[38;2;80;94;97m[48;2;54;53;54m▀[0m[38;2;54;53;54m[48;2;54;53;54m▀[0m[38;2;54;53;54m[48;2;95;118;123m▀[0m[38;2;70;66;56m[48;2;54;53;54m▀[0m[38;2;70;66;56m[48;2;70;66;56m▀[0m[38;2;54;53;54m[48;2;70;66;56m▀[0m[38;2;70;66;56m[48;2;54;53;54m▀[0m[38;2;95;118;123m[48;2;54;53;54m▀[0m[38;2;95;118;123m[48;2;95;118;123m▀[0m[38;2;70;66;56m[48;2;70;66;56m▀[0m[38;2;70;66;56m[48;2;54;53;54m▀[0m[38;2;95;118;123m[48;2;95;118;123m▀[0m[38;2;54;53;54m[48;2;54;53;54m▀[0m[38;2;71;95;100m[48;2;71;95;100m▀[0m[38;2;71;95;100m[48;2;0;0;0m▀[0m[38;2;0;0;0m▀       
           [38;2;0;0;0m▀[38;2;71;95;100m[48;2;0;0;0m▀[0m[38;2;73;94;98m[48;2;54;53;54m▀[0m[38;2;73;94;98m[48;2;73;94;98m▀[0m[38;2;0;0;0m[48;2;71;95;100m▀[0m[38;2;0;0;0m▄  [38;2;0;0;0m▀[38;2;0;0;0m▀[38;2;62;59;56m[48;2;0;0;0m▀[0m[38;2;62;59;56m[48;2;0;0;0m▀[0m[38;2;101;122;126m[48;2;8;4;0m▀[0m[38;2;46;49;54m[48;2;46;49;54m▀[0m[38;2;54;53;54m[48;2;95;118;123m▀[0m[38;2;54;53;54m[48;2;95;118;123m▀[0m[38;2;95;118;123m[48;2;95;118;123m▀[0m[38;2;54;53;54m[48;2;95;118;123m▀[0m[38;2;54;53;54m[48;2;54;53;54m▀[0m[38;2;73;94;98m[48;2;73;94;98m▀[0m[38;2;54;53;54m[48;2;0;0;0m▀[0m[38;2;0;0;0m▀[38;2;0;0;0m▀         
          [38;2;0;0;0m▄[38;2;0;0;0m[48;2;95;118;123m▀[0m[38;2;95;118;123m[48;2;95;118;123m▀[0m[38;2;70;66;56m[48;2;54;53;54m▀[0m[38;2;54;53;54m[48;2;70;66;56m▀[0m[38;2;76;97;101m[48;2;51;65;68m▀[0m[38;2;76;97;101m[48;2;0;0;0m▀[0m[38;2;0;0;0m[48;2;0;0;0m▀[0m     [38;2;0;0;0m▄[38;2;0;0;0m[48;2;95;118;123m▀[0m[38;2;70;66;56m[48;2;54;53;54m▀[0m[38;2;70;66;56m[48;2;54;53;54m▀[0m[38;2;70;66;56m[48;2;70;66;56m▀[0m[38;2;70;66;56m[48;2;54;53;54m▀[0m[38;2;70;67;56m[48;2;70;67;56m▀[0m[38;2;0;0;0m[48;2;0;0;0m▀[0m            
           [38;2;0;0;0m▀[38;2;0;0;0m▀[38;2;0;0;0m▀[38;2;0;0;0m▀[38;2;0;0;0m▀      [38;2;0;0;0m[48;2;0;0;0m▀[0m[38;2;95;118;123m[48;2;95;118;123m▀[0m[38;2;54;53;54m[48;2;54;53;54m▀[0m[38;2;54;53;54m[48;2;95;118;123m▀[0m[38;2;95;118;123m[48;2;95;118;123m▀[0m[38;2;54;53;54m[48;2;54;53;54m▀[0m[38;2;95;118;123m[48;2;95;118;123m▀[0m[38;2;54;53;46m[48;2;96;116;120m▀[0m[38;2;66;69;70m[48;2;54;53;46m▀[0m[38;2;0;0;0m[48;2;0;0;0m▀[0m           
                       [38;2;0;0;0m▀[38;2;0;0;0m▀[38;2;95;118;123m[48;2;0;0;0m▀[0m[38;2;95;118;123m[48;2;0;0;0m▀[0m[38;2;0;0;0m▀[38;2;95;118;123m[48;2;0;0;0m▀[0m[38;2;95;118;123m[48;2;0;0;0m▀[0m[38;2;0;0;0m▀            
                                     [0m                                     